chr7_26357619_C_A_b38	1	9.99020e-01	1.525e-01	2.057e-02
chr7_26202049_G_A_b38	2	1.48290e-01	2.067e-01	5.108e-02
chr7_26204363_T_G_b38	2	5.17401e-02	2.067e-01	5.108e-02
chr7_26200030_G_A_b38	2	4.12349e-02	1.933e-01	5.031e-02
chr7_26197158_T_A_b38	2	4.01064e-02	2.019e-01	5.085e-02
chr7_26204439_G_A_b38	2	3.32796e-02	1.980e-01	5.055e-02
chr7_26198546_TAAC_T_b38	2	3.26934e-02	1.968e-01	5.036e-02
chr7_26197618_A_G_b38	2	2.61297e-02	1.933e-01	5.031e-02
chr7_26198017_AAATT_A_b38	2	2.61297e-02	1.933e-01	5.031e-02
chr7_26197069_A_G_b38	2	2.61297e-02	1.933e-01	5.031e-02
chr7_26197989_A_C_b38	2	2.61297e-02	1.933e-01	5.031e-02
chr7_26204874_A_C_b38	2	2.57921e-02	1.933e-01	5.031e-02
chr7_26207494_C_A_b38	2	2.30036e-02	2.018e-01	5.085e-02
chr7_26196017_G_A_b38	2	2.22249e-02	2.018e-01	5.085e-02
chr7_26193007_T_G_b38	2	2.22249e-02	2.018e-01	5.085e-02
chr7_26192776_T_C_b38	2	2.22249e-02	2.018e-01	5.085e-02
chr7_26195482_T_TA_b38	2	2.22249e-02	2.018e-01	5.085e-02
chr7_26209345_C_T_b38	2	1.93379e-02	1.980e-01	5.055e-02
chr7_26209442_A_G_b38	2	1.49869e-02	1.933e-01	5.031e-02
chr7_26210119_A_C_b38	2	1.49869e-02	1.933e-01	5.031e-02
chr7_26194168_G_A_b38	2	1.44796e-02	1.933e-01	5.031e-02
chr7_26195972_A_ATT_b38	2	1.44796e-02	1.933e-01	5.031e-02
chr7_26230874_T_C_b38	2	1.24249e-02	1.974e-01	4.642e-02
chr7_26221523_C_T_b38	2	1.20115e-02	2.018e-01	5.085e-02
chr7_26211442_A_G_b38	2	1.20115e-02	2.018e-01	5.085e-02
chr7_26215827_G_A_b38	2	1.20115e-02	2.018e-01	5.085e-02
chr7_26188067_A_G_b38	2	1.18447e-02	2.018e-01	5.085e-02
chr7_26188460_T_C_b38	2	1.18447e-02	2.018e-01	5.085e-02
chr7_26181683_A_T_b38	2	1.18447e-02	2.018e-01	5.085e-02
chr7_26179654_C_T_b38	2	1.18447e-02	2.018e-01	5.085e-02
chr7_26186517_C_T_b38	2	9.95721e-03	1.980e-01	5.055e-02
chr7_26189109_CT_C_b38	2	9.95721e-03	1.980e-01	5.055e-02
chr7_26189393_TG_T_b38	2	9.95721e-03	1.980e-01	5.055e-02
chr7_26188889_C_T_b38	2	9.95721e-03	1.980e-01	5.055e-02
chr7_26189296_AC_A_b38	2	9.95721e-03	1.980e-01	5.055e-02
chr7_26180157_A_G_b38	2	9.52149e-03	1.980e-01	5.068e-02
chr7_26217157_T_C_b38	2	7.82549e-03	1.933e-01	5.031e-02
chr7_26220553_T_C_b38	2	7.82549e-03	1.933e-01	5.031e-02
chr7_26211320_C_A_b38	2	7.82549e-03	1.933e-01	5.031e-02
chr7_26221518_T_C_b38	2	7.82549e-03	1.933e-01	5.031e-02
chr7_26218458_G_A_b38	2	7.82549e-03	1.933e-01	5.031e-02
chr7_26214897_A_ACTCT_b38	2	7.82549e-03	1.933e-01	5.031e-02
chr7_26182730_G_A_b38	2	7.71685e-03	1.933e-01	5.031e-02
chr7_26179038_C_CTTGA_b38	2	7.71685e-03	1.933e-01	5.031e-02
chr7_26183811_C_T_b38	2	7.71685e-03	1.933e-01	5.031e-02
chr7_26184508_G_A_b38	2	7.71685e-03	1.933e-01	5.031e-02
chr7_26183986_A_G_b38	2	7.71685e-03	1.933e-01	5.031e-02
chr7_26177426_A_G_b38	2	7.71685e-03	1.933e-01	5.031e-02
chr7_26182652_G_A_b38	2	7.71685e-03	1.933e-01	5.031e-02
chr7_26183379_C_G_b38	2	7.71685e-03	1.933e-01	5.031e-02
chr7_26239567_A_T_b38	2	5.61593e-03	2.041e-01	5.043e-02
chr7_26172162_G_T_b38	2	4.55969e-03	2.018e-01	5.085e-02
chr7_26172003_T_C_b38	2	4.55969e-03	2.018e-01	5.085e-02
chr7_26172083_T_A_b38	2	4.55969e-03	2.018e-01	5.085e-02
chr7_26232458_C_G_b38	2	4.30281e-03	2.018e-01	5.085e-02
chr7_26240402_G_A_b38	2	3.63901e-03	1.957e-01	4.992e-02
chr7_26229637_C_G_b38	2	2.80329e-03	1.933e-01	5.031e-02
chr7_26236243_C_T_b38	2	2.40305e-03	1.863e-01	4.909e-02
chr7_26151572_T_G_b38	2	1.47684e-03	1.737e-01	4.791e-02
chr7_26201599_T_A_b38	3	1.12444e-02	3.923e-02	3.733e-02
chr7_26195724_C_A_b38	3	3.13417e-04	2.793e-02	3.781e-02
chr7_26183529_G_C_b38	3	7.61047e-05	-1.939e-02	4.846e-02
chr7_26177172_A_G_b38	3	7.23551e-05	-1.162e-02	4.824e-02
chr7_26188904_T_A_b38	3	6.66483e-05	2.569e-02	3.761e-02
chr7_26174162_C_G_b38	3	1.95670e-05	2.744e-02	3.778e-02
