chr12_125136873_A_G_b38	1	9.96326e-01	4.787e-01	3.581e-02
chr12_125137716_G_A_b38	1	3.47158e-03	4.567e-01	3.547e-02
chr12_125138083_C_T_b38	2	5.82676e-01	7.056e-01	1.066e-01
chr12_125137520_G_A_b38	2	2.28721e-01	7.057e-01	1.065e-01
chr12_125136467_C_T_b38	2	1.05219e-01	7.062e-01	1.062e-01
chr12_125129579_C_T_b38	2	3.81190e-02	7.062e-01	1.062e-01
chr12_125143713_G_A_b38	2	2.06032e-02	7.175e-01	1.096e-01
chr12_125126738_C_T_b38	2	1.01132e-02	7.175e-01	1.095e-01
chr12_125147677_A_G_b38	2	7.20098e-03	7.227e-01	1.137e-01
chr12_125132037_G_A_b38	2	3.94490e-03	7.082e-01	1.121e-01
chr12_125150077_C_T_b38	2	3.16797e-03	8.637e-01	1.232e-01
chr12_125140311_C_T_b38	3	9.99677e-01	-6.542e-01	1.175e-01
chr12_125152361_A_G_b38	4	6.13126e-02	4.012e-01	1.056e-01
chr12_125162758_C_T_b38	4	1.32879e-02	3.583e-01	1.067e-01
chr12_125162696_G_C_b38	4	1.96023e-03	2.578e-01	1.192e-01
chr12_125161507_A_G_b38	4	1.96023e-03	2.578e-01	1.192e-01
chr12_125164123_A_G_b38	4	5.27516e-04	2.579e-01	1.192e-01
chr12_125173456_T_C_b38	4	5.24935e-04	2.382e-01	1.136e-01
chr12_125132351_A_C_b38	5	1.93346e-03	-2.287e-01	7.802e-02
chr12_125135337_C_T_b38	5	6.63269e-04	-1.749e-01	7.394e-02
chr12_125116178_G_A_b38	5	4.01763e-04	-1.830e-01	7.365e-02
chr12_125140125_G_A_b38	5	1.75451e-04	-7.859e-02	6.690e-02
chr12_125100960_G_A_b38	5	7.43897e-05	-1.714e-01	7.683e-02
chr12_125141644_C_T_b38	5	6.91199e-05	-4.929e-02	6.302e-02
chr12_125142641_C_T_b38	5	6.91199e-05	-4.929e-02	6.302e-02
chr12_125101146_C_A_b38	5	4.22910e-05	-1.448e-01	7.040e-02
chr12_125143486_T_C_b38	5	3.97313e-05	-5.390e-02	6.241e-02
chr12_125107840_G_A_b38	5	3.20756e-05	-1.234e-01	6.884e-02
chr12_125151406_C_A_b38	5	2.23264e-05	-6.208e-02	6.812e-02
chr12_125151850_C_T_b38	5	2.21347e-05	-6.333e-02	6.330e-02
