chr17_48892897_T_C_b38	1	8.45769e-01	1.090e-01	2.907e-02
chr17_48893147_G_A_b38	1	8.92627e-02	-1.027e-01	2.285e-02
chr17_48900991_T_C_b38	1	2.87907e-02	1.071e-01	1.934e-02
chr17_48906458_G_A_b38	1	1.65915e-02	-1.069e-01	1.907e-02
chr17_48905018_G_A_b38	1	1.65915e-02	-1.069e-01	1.907e-02
chr17_48892439_G_A_b38	2	8.25837e-01	9.370e-02	2.503e-02
chr17_48892813_C_G_b38	2	5.72212e-02	6.967e-02	7.263e-02
chr17_48892955_G_C_b38	2	3.58654e-02	4.796e-02	6.155e-02
chr17_48879736_C_G_b38	2	7.47146e-03	8.215e-02	2.381e-02
chr17_48892721_G_GA_b38	3	9.69967e-03	3.716e-02	9.574e-02
chr17_48892303_A_T_b38	3	9.47866e-03	-3.819e-02	7.071e-02
chr17_48892013_GCCA_G_b38	3	5.21363e-03	-7.901e-02	9.529e-02
chr17_48892007_G_A_b38	3	3.66608e-03	-3.990e-02	7.190e-02
chr17_48890646_G_C_b38	3	1.83852e-03	-4.225e-02	7.228e-02
chr17_48893778_G_A_b38	3	1.79458e-03	3.842e-02	9.968e-02
chr17_48895117_ATCTC_A_b38	3	1.79458e-03	3.842e-02	9.968e-02
chr17_48890426_T_C_b38	3	1.78955e-03	-3.610e-02	6.287e-02
chr17_48897372_T_C_b38	3	1.15450e-03	3.842e-02	9.968e-02
chr17_48895503_C_T_b38	3	1.15450e-03	3.842e-02	9.968e-02
chr17_48889675_T_A_b38	3	1.05819e-03	-4.997e-02	6.898e-02
chr17_48889762_G_A_b38	3	1.03450e-03	-4.236e-02	7.245e-02
chr17_48889699_C_T_b38	3	1.03450e-03	-4.236e-02	7.245e-02
chr17_48889588_T_C_b38	3	1.02836e-03	-5.156e-02	7.508e-02
chr17_48889676_T_A_b38	3	9.22480e-04	-2.861e-02	4.206e-02
chr17_48899763_G_A_b38	3	6.18799e-04	3.653e-02	1.054e-01
chr17_48897788_AG_A_b38	3	6.18799e-04	3.653e-02	1.054e-01
chr17_48899394_C_G_b38	3	6.18799e-04	3.653e-02	1.054e-01
chr17_48900554_A_G_b38	3	6.18799e-04	3.653e-02	1.054e-01
chr17_48899244_G_A_b38	3	6.18799e-04	3.653e-02	1.054e-01
chr17_48899419_C_T_b38	3	6.18799e-04	3.653e-02	1.054e-01
chr17_48898008_G_A_b38	3	6.18799e-04	3.653e-02	1.054e-01
chr17_48900921_A_G_b38	3	6.18799e-04	3.653e-02	1.054e-01
chr17_48900100_T_G_b38	3	6.07651e-04	2.147e-02	7.171e-02
chr17_48908272_A_G_b38	3	4.33273e-04	1.676e-02	5.895e-02
chr17_48884556_ATGT_A_b38	3	4.01279e-04	1.166e-02	2.120e-02
chr17_48904057_T_C_b38	3	3.95827e-04	-7.076e-03	5.688e-02
chr17_48911792_A_G_b38	3	3.29605e-04	8.416e-03	5.372e-02
chr17_48910303_G_A_b38	3	3.29605e-04	8.416e-03	5.372e-02
chr17_48909254_C_T_b38	3	3.29605e-04	8.416e-03	5.372e-02
chr17_48880625_A_G_b38	3	2.46342e-04	-1.551e-02	2.675e-02
chr17_48906680_T_A_b38	3	2.38311e-04	3.910e-03	3.161e-02
chr17_48907497_A_T_b38	3	2.38311e-04	3.910e-03	3.161e-02
chr17_48905387_G_C_b38	3	2.38311e-04	3.910e-03	3.161e-02
chr17_48906029_G_A_b38	3	2.38311e-04	3.910e-03	3.161e-02
chr17_48907063_C_T_b38	3	2.38311e-04	3.910e-03	3.161e-02
chr17_48904965_T_A_b38	3	2.38311e-04	3.910e-03	3.161e-02
chr17_48905809_G_C_b38	3	2.38311e-04	3.910e-03	3.161e-02
chr17_48902956_C_T_b38	3	2.38311e-04	3.910e-03	3.161e-02
chr17_48909317_A_G_b38	3	2.36160e-04	1.946e-03	3.145e-02
chr17_48911992_A_G_b38	3	2.36160e-04	1.946e-03	3.145e-02
chr17_48914169_T_C_b38	3	2.36160e-04	1.946e-03	3.145e-02
chr17_48917034_C_T_b38	3	2.36160e-04	1.946e-03	3.145e-02
chr17_48911235_C_T_b38	3	2.36160e-04	1.946e-03	3.145e-02
chr17_48913439_C_A_b38	3	2.36160e-04	1.946e-03	3.145e-02
chr17_48911167_A_G_b38	3	2.36160e-04	1.946e-03	3.145e-02
chr17_48914194_A_G_b38	3	2.36160e-04	1.946e-03	3.145e-02
chr17_48914390_G_A_b38	3	2.36160e-04	1.946e-03	3.145e-02
chr17_48917608_G_A_b38	3	2.36160e-04	1.946e-03	3.145e-02
chr17_48908231_A_C_b38	3	2.36160e-04	1.946e-03	3.145e-02
chr17_48917484_G_C_b38	3	2.36160e-04	1.946e-03	3.145e-02
chr17_48916305_T_G_b38	3	2.35270e-04	2.739e-03	3.122e-02
chr17_48916008_G_A_b38	3	2.34630e-04	1.847e-03	3.119e-02
chr17_48880334_G_C_b38	3	2.28744e-04	-1.005e-02	2.686e-02
chr17_48882163_G_A_b38	3	2.28744e-04	-1.005e-02	2.686e-02
chr17_48922889_C_T_b38	3	1.50701e-04	-4.383e-02	4.958e-02
chr17_48920597_C_T_b38	3	1.30249e-04	8.416e-03	5.372e-02
chr17_48937621_ACT_A_b38	3	1.17807e-04	2.334e-02	2.737e-02
chr17_48941685_A_AT_b38	3	1.07949e-04	1.865e-02	3.071e-02
chr17_48942235_T_C_b38	3	9.64068e-05	8.376e-03	3.113e-02
chr17_48940663_A_G_b38	3	9.64068e-05	8.376e-03	3.113e-02
chr17_48939814_T_C_b38	3	9.64068e-05	8.376e-03	3.113e-02
chr17_48939520_C_T_b38	3	9.64068e-05	8.376e-03	3.113e-02
chr17_48942037_A_C_b38	3	9.64068e-05	8.376e-03	3.113e-02
chr17_48940115_T_C_b38	3	9.64068e-05	8.376e-03	3.113e-02
chr17_48942537_C_T_b38	3	9.64068e-05	8.376e-03	3.113e-02
chr17_48928147_T_G_b38	3	9.63206e-05	8.930e-03	3.091e-02
chr17_48923298_A_G_b38	3	9.59375e-05	-1.067e-02	3.101e-02
chr17_48920756_T_C_b38	3	9.59375e-05	-1.067e-02	3.101e-02
chr17_48942310_C_A_b38	3	9.57886e-05	8.220e-03	3.086e-02
chr17_48940517_G_A_b38	3	9.55719e-05	8.935e-03	3.052e-02
chr17_48919221_T_A_b38	3	9.42200e-05	3.216e-03	3.136e-02
chr17_48925077_G_T_b38	3	9.40173e-05	1.946e-03	3.145e-02
chr17_48921540_A_G_b38	3	9.40173e-05	1.946e-03	3.145e-02
chr17_48932672_G_T_b38	3	9.40173e-05	1.946e-03	3.145e-02
chr17_48925859_G_T_b38	3	9.40173e-05	1.946e-03	3.145e-02
chr17_48918373_A_G_b38	3	9.40173e-05	1.946e-03	3.145e-02
chr17_48931395_A_T_b38	3	9.40173e-05	1.946e-03	3.145e-02
chr17_48922748_C_T_b38	3	9.40173e-05	1.946e-03	3.145e-02
chr17_48922575_C_T_b38	3	9.40173e-05	1.946e-03	3.145e-02
chr17_48920636_T_C_b38	3	9.40173e-05	1.946e-03	3.145e-02
chr17_48933433_CAG_C_b38	3	9.40173e-05	1.946e-03	3.145e-02
chr17_48922011_C_G_b38	3	9.40173e-05	1.946e-03	3.145e-02
chr17_48932473_G_A_b38	3	9.40173e-05	1.946e-03	3.145e-02
chr17_48925162_G_A_b38	3	9.40173e-05	1.946e-03	3.145e-02
chr17_48930845_A_G_b38	3	9.39582e-05	2.724e-03	3.133e-02
chr17_48934535_C_T_b38	3	9.39582e-05	2.724e-03	3.133e-02
chr17_48934258_C_G_b38	3	9.39582e-05	2.724e-03	3.133e-02
chr17_48927831_A_G_b38	3	9.39582e-05	2.724e-03	3.133e-02
chr17_48929588_T_C_b38	3	9.39582e-05	2.724e-03	3.133e-02
chr17_48937467_A_AT_b38	3	9.39582e-05	2.724e-03	3.133e-02
chr17_48936765_T_C_b38	3	9.39582e-05	2.724e-03	3.133e-02
chr17_48929131_T_C_b38	3	9.39582e-05	2.724e-03	3.133e-02
chr17_48924439_A_G_b38	3	9.37950e-05	2.888e-03	3.122e-02
chr17_48935142_A_G_b38	3	9.35986e-05	7.729e-04	3.134e-02
chr17_48922311_T_C_b38	3	9.27798e-05	-1.759e-03	3.104e-02
chr17_48925027_G_A_b38	3	9.27629e-05	2.510e-03	3.081e-02
chr17_48928226_C_T_b38	3	8.93163e-05	2.621e-03	2.931e-02
chr17_48978260_G_A_b38	4	3.12848e-04	-5.995e-02	1.841e-02
chr17_48990464_G_A_b38	4	1.12479e-04	-5.459e-02	1.843e-02
chr17_48991814_AG_A_b38	4	7.63818e-05	-5.103e-02	1.783e-02
chr17_48983408_T_A_b38	4	5.03372e-05	-5.231e-02	1.756e-02
chr17_48974960_C_T_b38	4	4.24886e-05	-5.233e-02	1.790e-02
chr17_48993712_C_T_b38	4	1.04977e-05	0.000e+00	0.000e+00
chr17_48994899_C_G_b38	4	5.21120e-06	0.000e+00	0.000e+00
chr17_48982960_C_A_b38	4	3.04556e-09	0.000e+00	0.000e+00
chr17_49013423_C_T_b38	4	2.18763e-09	0.000e+00	0.000e+00
chr17_48996801_A_T_b38	4	1.19809e-09	0.000e+00	0.000e+00
chr17_48978587_C_A_b38	4	1.56442e-12	0.000e+00	0.000e+00
