chr2_48413654_C_T_b38	1	7.25608e-01	1.573e-01	2.361e-02
chr2_48412856_T_A_b38	1	1.86422e-01	1.539e-01	2.303e-02
chr2_48410251_G_T_b38	1	5.04404e-02	1.439e-01	1.978e-02
chr2_48410272_C_T_b38	1	1.43590e-02	1.408e-01	1.908e-02
chr2_48358824_A_C_b38	1	1.30291e-02	1.060e-01	1.960e-02
chr2_48356852_C_T_b38	1	9.01947e-03	1.107e-01	1.767e-02
chr2_48409293_G_A_b38	1	8.86456e-04	1.418e-01	1.949e-02
chr2_48416529_G_A_b38	1	2.36924e-06	0.000e+00	0.000e+00
chr2_48416297_A_C_b38	1	1.83024e-06	0.000e+00	0.000e+00
chr2_48360547_C_G_b38	1	3.16841e-07	0.000e+00	0.000e+00
chr2_48426564_A_G_b38	2	5.90030e-01	-1.343e-01	2.424e-02
chr2_48497603_A_T_b38	2	3.03787e-01	1.314e-01	2.158e-02
chr2_48421745_G_A_b38	2	5.64533e-02	-1.248e-01	2.427e-02
chr2_48427533_A_G_b38	2	1.04715e-02	-1.106e-01	2.127e-02
chr2_48428760_A_T_b38	2	9.45234e-03	-1.042e-01	1.876e-02
chr2_48418444_T_TAC_b38	2	8.10987e-03	-1.056e-01	1.890e-02
chr2_48420732_T_C_b38	2	6.27705e-03	-1.073e-01	1.957e-02
chr2_48345770_A_G_b38	2	5.50746e-03	-8.870e-02	1.569e-02
chr2_48493597_CATAA_C_b38	2	4.74879e-03	1.091e-01	1.879e-02
chr2_48345278_T_C_b38	2	3.26990e-03	-8.778e-02	1.566e-02
chr2_48345683_A_C_b38	2	1.23537e-03	-8.578e-02	1.581e-02
chr2_48489683_G_T_b38	2	1.38219e-04	7.597e-02	1.633e-02
chr2_48496893_G_C_b38	2	6.85901e-05	8.574e-02	1.676e-02
chr2_48347025_T_C_b38	2	6.07980e-05	-7.956e-02	1.575e-02
chr2_48463457_T_G_b38	2	4.18281e-05	7.567e-02	1.665e-02
chr2_48338643_C_T_b38	2	4.10750e-05	-8.450e-02	1.575e-02
chr2_48441151_C_T_b38	3	9.61254e-01	-1.468e-01	3.132e-02
chr2_48454858_G_C_b38	3	1.01565e-02	-1.386e-01	3.193e-02
chr2_48415496_T_C_b38	3	9.20909e-03	-1.422e-01	3.043e-02
chr2_48404238_T_C_b38	3	4.58152e-03	-1.423e-01	3.175e-02
chr2_48457646_C_G_b38	4	5.30783e-01	-8.826e-02	1.961e-02
chr2_48420642_C_T_b38	4	9.69617e-02	-7.892e-02	1.924e-02
chr2_48443851_TC_T_b38	4	9.41481e-02	-6.394e-02	1.624e-02
chr2_48436195_C_G_b38	4	1.90754e-02	-5.562e-02	1.565e-02
chr2_48459556_T_A_b38	4	1.79353e-02	-6.792e-02	1.765e-02
chr2_48440510_G_C_b38	5	1.97190e-02	4.959e-02	2.407e-02
chr2_48440744_T_C_b38	5	1.13887e-02	4.888e-02	2.928e-02
chr2_48440788_G_C_b38	5	7.55789e-03	4.136e-02	3.041e-02
chr2_48460418_G_C_b38	5	2.20751e-03	5.173e-02	1.785e-02
chr2_48446876_G_C_b38	5	1.83234e-03	5.291e-02	2.227e-02
chr2_48461496_A_G_b38	5	1.59372e-03	4.948e-02	1.778e-02
chr2_48431990_T_TAACA_b38	5	1.10454e-03	4.912e-02	2.081e-02
chr2_48444051_C_A_b38	5	9.38808e-04	5.118e-02	2.830e-02
chr2_48436480_A_T_b38	5	9.24258e-04	5.637e-02	2.813e-02
chr2_48435941_T_C_b38	5	8.67439e-04	4.281e-02	2.049e-02
chr2_48442025_A_G_b38	5	6.86934e-04	6.336e-03	3.837e-02
chr2_48435911_C_T_b38	5	6.68104e-04	5.394e-02	2.826e-02
chr2_48443032_G_A_b38	5	6.38811e-04	5.374e-03	3.545e-02
chr2_48443067_T_A_b38	5	6.06004e-04	1.334e-02	3.496e-02
chr2_48452796_C_G_b38	5	4.83146e-04	6.910e-02	2.754e-02
chr2_48439199_G_A_b38	5	4.06567e-04	-1.515e-02	1.751e-02
chr2_48443751_A_G_b38	5	3.59941e-04	3.604e-03	3.730e-02
chr2_48443880_G_T_b38	5	3.56160e-04	9.259e-03	3.875e-02
chr2_48445577_C_G_b38	5	3.56160e-04	9.259e-03	3.875e-02
chr2_48446893_T_C_b38	5	3.43396e-04	5.348e-02	2.720e-02
chr2_48443863_A_G_b38	5	3.39625e-04	5.417e-04	3.427e-02
chr2_48449807_T_C_b38	5	2.99073e-04	5.000e-02	2.683e-02
chr2_48456184_T_C_b38	5	2.85071e-04	5.720e-02	2.458e-02
chr2_48452359_A_C_b38	5	2.77324e-04	6.126e-02	2.763e-02
chr2_48449683_G_C_b38	5	2.63194e-04	4.737e-02	2.672e-02
chr2_48461427_C_T_b38	5	2.39515e-04	5.500e-02	2.475e-02
chr2_48430704_G_A_b38	5	2.32679e-04	3.339e-02	1.973e-02
chr2_48437521_C_A_b38	5	2.18168e-04	2.873e-02	3.338e-02
chr2_48436809_T_G_b38	5	1.94423e-04	1.892e-02	3.122e-02
chr2_48445234_G_C_b38	5	1.93428e-04	2.501e-02	3.276e-02
chr2_48445228_A_G_b38	5	1.92466e-04	2.431e-02	3.274e-02
chr2_48444175_G_A_b38	5	1.90313e-04	2.542e-02	3.151e-02
chr2_48456920_T_C_b38	5	1.66682e-04	5.106e-02	2.511e-02
chr2_48434868_CT_C_b38	5	1.35875e-04	2.353e-02	3.273e-02
chr2_48450031_A_C_b38	5	1.34624e-04	2.499e-02	3.527e-02
chr2_48447352_T_A_b38	5	5.37461e-07	0.000e+00	0.000e+00
chr2_48426773_T_C_b38	5	1.52684e-07	0.000e+00	0.000e+00
chr2_48462338_C_G_b38	5	4.00779e-09	0.000e+00	0.000e+00
chr2_48452676_A_C_b38	5	1.66984e-09	0.000e+00	0.000e+00
chr2_48448582_GAAATAAAATCTAACGTCTTTAGATTTATA_G_b38	5	9.68107e-12	0.000e+00	0.000e+00
chr2_48440605_G_C_b38	6	1.33630e-03	-4.125e-02	2.308e-02
chr2_48495616_T_C_b38	6	1.19122e-04	9.895e-02	2.711e-02
chr2_48419354_T_C_b38	6	6.51963e-05	8.474e-02	3.200e-02
chr2_48461324_A_C_b38	6	3.84714e-05	0.000e+00	0.000e+00
chr2_48486638_C_T_b38	6	3.73616e-05	0.000e+00	0.000e+00
chr2_48439597_A_G_b38	6	2.63978e-05	-1.770e-02	2.081e-02
chr2_48444908_A_T_b38	6	1.89363e-05	0.000e+00	0.000e+00
chr2_48489739_G_C_b38	6	1.62371e-05	0.000e+00	0.000e+00
chr2_48443485_C_G_b38	6	5.01600e-06	0.000e+00	0.000e+00
chr2_48422599_T_C_b38	6	2.75736e-11	0.000e+00	0.000e+00
chr2_48456607_A_C_b38	6	1.33923e-11	0.000e+00	0.000e+00
chr2_48422566_T_C_b38	6	5.68944e-12	0.000e+00	0.000e+00
chr2_48414174_A_G_b38	6	5.38472e-12	0.000e+00	0.000e+00
chr2_48489873_G_A_b38	6	4.65204e-12	0.000e+00	0.000e+00
chr2_48504642_GAAAC_G_b38	6	1.01421e-12	0.000e+00	0.000e+00
chr2_48507634_T_C_b38	6	8.05551e-13	0.000e+00	0.000e+00
chr2_48498471_C_T_b38	6	7.73763e-13	0.000e+00	0.000e+00
