chr15_90884251_G_A_b38	1	8.38640e-01	-8.421e-01	1.433e-01
chr15_90889477_G_T_b38	1	1.57398e-01	-8.425e-01	1.431e-01
chr15_90884382_G_A_b38	2	5.49977e-01	-2.689e-01	5.181e-02
chr15_90884642_G_C_b38	2	1.79688e-01	-2.604e-01	5.276e-02
chr15_90882002_C_T_b38	2	9.25948e-02	-2.630e-01	5.294e-02
chr15_90885966_CCA_C_b38	2	3.45852e-02	-2.531e-01	5.341e-02
chr15_90885946_G_T_b38	2	3.45852e-02	-2.531e-01	5.341e-02
chr15_90885725_C_T_b38	2	3.45852e-02	-2.531e-01	5.341e-02
chr15_90875067_T_A_b38	2	2.99207e-02	-2.527e-01	5.108e-02
chr15_90875164_C_T_b38	2	1.96997e-02	-2.617e-01	5.349e-02
chr15_90885291_CT_C_b38	2	1.22847e-02	-2.392e-01	5.299e-02
chr15_90886057_A_C_b38	2	6.45872e-03	-2.416e-01	5.530e-02
chr15_90883586_G_A_b38	3	5.43547e-02	2.723e-01	1.398e-01
chr15_90886007_T_C_b38	3	7.77459e-03	-2.724e-01	1.397e-01
chr15_90880595_G_T_b38	3	4.76777e-03	3.022e-01	1.568e-01
chr15_90886289_T_C_b38	3	4.17872e-03	-2.722e-01	1.396e-01
chr15_90887206_T_C_b38	3	4.17872e-03	-2.722e-01	1.396e-01
chr15_90886749_A_G_b38	3	4.03214e-03	-2.515e-01	1.289e-01
chr15_90890721_CG_C_b38	3	1.98557e-03	-2.424e-01	1.359e-01
chr15_90875007_T_G_b38	3	1.49567e-03	2.426e-01	1.359e-01
chr15_90883503_G_C_b38	4	3.50835e-03	-1.597e-01	1.009e-01
chr15_90883457_G_C_b38	4	2.55953e-03	-1.417e-01	1.042e-01
chr15_90884958_A_G_b38	4	1.55075e-04	-1.090e-01	9.254e-02
chr15_90874100_C_T_b38	4	1.12680e-04	-1.593e-01	1.004e-01
chr15_90878576_C_T_b38	4	1.12680e-04	-1.593e-01	1.004e-01
chr15_90875314_G_T_b38	4	1.12680e-04	-1.593e-01	1.004e-01
chr15_90875361_A_G_b38	4	1.12680e-04	-1.593e-01	1.004e-01
chr15_90873335_C_T_b38	4	3.38004e-05	-1.588e-01	1.002e-01
chr15_90872403_C_G_b38	4	3.38004e-05	-1.588e-01	1.002e-01
chr15_90871776_G_C_b38	4	3.38004e-05	-1.588e-01	1.002e-01
chr15_90873642_G_T_b38	4	2.47379e-05	-1.419e-01	1.030e-01
chr15_90873375_T_C_b38	4	1.63353e-05	-1.104e-01	8.542e-02
