chr1_37862263_CAG_C_b38	1	1.80726e-01	8.997e-01	5.860e-02
chr1_37878930_G_A_b38	1	1.80726e-01	8.997e-01	5.860e-02
chr1_37887731_C_T_b38	1	1.80726e-01	8.997e-01	5.860e-02
chr1_37853212_CT_C_b38	1	1.02694e-01	8.416e-01	5.960e-02
chr1_37876744_C_T_b38	1	5.35346e-02	8.796e-01	5.865e-02
chr1_37816186_G_A_b38	1	5.09890e-02	8.478e-01	5.855e-02
chr1_37818944_G_C_b38	1	5.09890e-02	8.478e-01	5.855e-02
chr1_37803164_T_C_b38	1	2.60753e-02	9.028e-01	5.786e-02
chr1_37819884_G_A_b38	1	2.60753e-02	9.028e-01	5.786e-02
chr1_37825665_C_T_b38	1	2.60753e-02	9.028e-01	5.786e-02
chr1_37835548_G_A_b38	1	2.60753e-02	9.028e-01	5.786e-02
chr1_37818475_C_A_b38	1	2.60753e-02	9.028e-01	5.786e-02
chr1_37824431_C_T_b38	1	2.60753e-02	9.028e-01	5.786e-02
chr1_37897131_G_A_b38	1	1.47915e-02	8.263e-01	6.027e-02
chr1_37801581_G_A_b38	1	1.35688e-02	8.468e-01	5.954e-02
chr1_37895300_A_G_b38	1	3.56354e-03	8.294e-01	5.955e-02
chr1_37867065_T_G_b38	1	3.56354e-03	8.294e-01	5.955e-02
chr1_37889431_G_T_b38	1	3.56354e-03	8.294e-01	5.955e-02
chr1_37888574_G_A_b38	1	3.56354e-03	8.294e-01	5.955e-02
chr1_37943401_A_G_b38	2	2.68419e-01	-2.175e-01	4.824e-02
chr1_37945678_C_T_b38	2	2.16952e-01	-2.070e-01	4.737e-02
chr1_37943431_G_C_b38	2	1.13881e-01	-2.055e-01	4.716e-02
chr1_37950638_C_T_b38	2	7.82437e-02	-2.001e-01	4.696e-02
chr1_37934144_G_A_b38	2	3.90302e-02	-2.067e-01	4.728e-02
chr1_37943302_T_C_b38	2	3.62674e-02	-1.885e-01	4.601e-02
chr1_37952824_C_T_b38	2	3.28150e-02	-1.934e-01	4.567e-02
chr1_37953546_C_T_b38	2	3.28150e-02	-1.934e-01	4.567e-02
chr1_37987369_G_A_b38	2	2.41580e-02	-2.094e-01	4.578e-02
chr1_37987358_C_T_b38	2	2.12877e-02	-2.083e-01	4.577e-02
chr1_37944649_G_A_b38	2	1.42500e-02	-1.816e-01	4.902e-02
chr1_37942492_G_A_b38	2	6.43479e-03	-1.691e-01	4.695e-02
chr1_37942291_G_A_b38	2	5.81606e-03	-1.660e-01	4.591e-02
chr1_37981314_G_A_b38	2	5.29784e-03	-1.942e-01	4.557e-02
chr1_37983491_C_T_b38	2	5.29784e-03	-1.942e-01	4.557e-02
chr1_37983126_C_G_b38	2	5.29784e-03	-1.942e-01	4.557e-02
chr1_37943174_A_G_b38	2	4.64855e-03	-1.617e-01	4.496e-02
chr1_37943196_C_G_b38	2	4.64855e-03	-1.617e-01	4.496e-02
chr1_37897948_CA_C_b38	2	3.60265e-03	-2.198e-01	5.417e-02
chr1_37983893_T_C_b38	2	3.52915e-03	-1.901e-01	4.472e-02
chr1_37921055_G_A_b38	2	3.31417e-03	-1.949e-01	4.721e-02
chr1_37941474_A_G_b38	2	2.58509e-03	-1.620e-01	4.469e-02
chr1_37939686_A_G_b38	2	2.58509e-03	-1.620e-01	4.469e-02
chr1_37939585_T_C_b38	2	2.58509e-03	-1.620e-01	4.469e-02
chr1_37941342_C_T_b38	2	2.58509e-03	-1.620e-01	4.469e-02
chr1_37934886_C_T_b38	2	1.80805e-03	-1.672e-01	4.491e-02
chr1_37936787_G_A_b38	2	1.32140e-03	-1.620e-01	4.469e-02
chr1_37931669_G_A_b38	2	1.20080e-03	-1.605e-01	4.466e-02
chr1_37931697_C_T_b38	2	1.20080e-03	-1.605e-01	4.466e-02
chr1_37932916_T_C_b38	2	1.20080e-03	-1.605e-01	4.466e-02
chr1_37945979_G_A_b38	3	2.31023e-01	4.135e-01	1.160e-01
chr1_37947123_G_T_b38	4	2.78275e-03	1.040e-01	1.262e-01
chr1_37940954_A_G_b38	4	8.96942e-05	1.481e-01	1.166e-01
chr1_37933381_C_T_b38	4	2.99478e-05	-1.400e-01	1.167e-01
chr1_37925688_TCTAA_T_b38	4	3.69961e-42	0.000e+00	0.000e+00
chr1_37911074_C_T_b38	4	1.44426e-42	0.000e+00	0.000e+00
chr1_37904847_T_A_b38	4	1.44426e-42	0.000e+00	0.000e+00
chr1_37920501_C_G_b38	4	1.44426e-42	0.000e+00	0.000e+00
chr1_37911367_G_A_b38	4	1.44426e-42	0.000e+00	0.000e+00
