chr2_147932486_A_G_b38	1	9.05415e-01	1.525e+00	2.187e-01
chr2_147931948_T_C_b38	1	6.53755e-02	1.537e+00	2.018e-01
chr2_147929377_G_GTT_b38	1	2.91531e-02	1.372e+00	1.965e-01
chr2_148020703_A_G_b38	1	1.23688e-05	2.414e-01	3.329e-02
chr2_148019290_A_C_b38	2	1.72904e-01	-1.293e+00	1.956e-01
chr2_148015826_T_C_b38	2	1.09411e-01	-1.293e+00	1.956e-01
chr2_148024789_T_C_b38	2	1.07998e-01	-1.293e+00	1.956e-01
chr2_148026755_C_T_b38	2	6.25468e-02	-1.294e+00	1.956e-01
chr2_148011304_T_C_b38	2	6.04264e-02	-1.294e+00	1.956e-01
chr2_148012485_C_A_b38	2	5.90775e-02	-1.204e+00	1.855e-01
chr2_148018579_TTATTATAC_T_b38	2	5.18726e-02	-1.189e+00	2.408e-01
chr2_148018869_G_A_b38	2	5.18726e-02	-1.189e+00	2.408e-01
chr2_147999099_A_T_b38	2	3.21731e-02	-1.294e+00	1.956e-01
chr2_147997668_C_T_b38	2	3.21731e-02	-1.294e+00	1.956e-01
chr2_148002087_A_G_b38	2	3.21731e-02	-1.294e+00	1.956e-01
chr2_147999575_A_G_b38	2	3.21731e-02	-1.294e+00	1.956e-01
chr2_147997293_T_G_b38	2	3.21731e-02	-1.294e+00	1.956e-01
chr2_147997256_A_G_b38	2	3.21731e-02	-1.294e+00	1.956e-01
chr2_147995932_A_G_b38	2	3.21731e-02	-1.294e+00	1.956e-01
chr2_147980260_T_A_b38	2	1.22965e-02	-1.294e+00	1.956e-01
chr2_147991824_C_T_b38	2	1.22965e-02	-1.294e+00	1.956e-01
chr2_147999055_G_A_b38	2	5.59604e-03	-1.065e+00	1.785e-01
chr2_148005224_C_T_b38	2	5.59604e-03	-1.065e+00	1.785e-01
chr2_148027743_C_T_b38	2	4.26146e-03	-8.752e-01	1.585e-01
chr2_148026957_T_A_b38	2	4.26146e-03	-8.752e-01	1.585e-01
chr2_148026238_G_A_b38	2	4.26146e-03	-8.752e-01	1.585e-01
chr2_148027415_A_G_b38	2	4.26146e-03	-8.752e-01	1.585e-01
chr2_148026958_C_T_b38	2	4.26146e-03	-8.752e-01	1.585e-01
chr2_147958530_G_T_b38	2	3.97153e-03	-1.294e+00	1.956e-01
chr2_147949463_C_T_b38	2	3.97153e-03	-1.294e+00	1.956e-01
chr2_147953237_A_G_b38	2	3.97153e-03	-1.294e+00	1.956e-01
chr2_147960617_C_CTA_b38	2	3.97153e-03	-1.294e+00	1.956e-01
chr2_147952792_T_C_b38	2	3.97153e-03	-1.294e+00	1.956e-01
chr2_147947363_T_C_b38	2	3.97153e-03	-1.294e+00	1.956e-01
chr2_147961351_T_C_b38	2	3.97153e-03	-1.294e+00	1.956e-01
chr2_147922858_G_C_b38	2	2.52917e-03	-1.175e+00	1.845e-01
chr2_148031817_T_C_b38	2	2.22515e-03	-8.752e-01	1.585e-01
chr2_148032161_G_T_b38	2	2.22515e-03	-8.752e-01	1.585e-01
chr2_148031974_C_T_b38	2	2.22515e-03	-8.752e-01	1.585e-01
chr2_147983018_C_T_b38	2	2.15423e-03	-1.065e+00	1.785e-01
chr2_147979756_C_T_b38	2	1.79371e-03	-6.057e-01	1.132e-01
chr2_148018368_G_A_b38	3	1.63098e-02	1.081e-01	4.164e-02
chr2_148030866_T_C_b38	3	2.72980e-03	1.078e-01	4.159e-02
chr2_148036167_C_A_b38	3	2.72980e-03	1.078e-01	4.159e-02
chr2_148044333_A_G_b38	3	2.72980e-03	1.078e-01	4.159e-02
chr2_148032459_A_G_b38	3	2.72980e-03	1.078e-01	4.159e-02
chr2_148041100_C_G_b38	3	2.72980e-03	1.078e-01	4.159e-02
chr2_147998503_A_G_b38	3	2.69190e-03	1.078e-01	4.159e-02
chr2_147996637_G_A_b38	3	2.69190e-03	1.078e-01	4.159e-02
chr2_148006476_G_A_b38	3	2.69190e-03	1.078e-01	4.159e-02
chr2_148000255_A_G_b38	3	2.69190e-03	1.078e-01	4.159e-02
chr2_148034348_C_T_b38	3	2.56000e-03	1.131e-01	4.395e-02
chr2_147978434_A_G_b38	3	1.25896e-03	1.176e-01	4.341e-02
chr2_147992254_C_T_b38	3	9.29120e-04	1.084e-01	4.154e-02
chr2_147984205_C_T_b38	3	9.29120e-04	1.084e-01	4.154e-02
chr2_147976912_TCTC_T_b38	3	9.29120e-04	1.084e-01	4.154e-02
chr2_147990409_G_A_b38	3	9.29120e-04	1.084e-01	4.154e-02
chr2_147971922_C_G_b38	3	7.24501e-04	1.046e-01	4.168e-02
chr2_148006041_G_A_b38	3	3.62896e-04	8.801e-02	4.906e-02
chr2_147964714_C_T_b38	3	1.76514e-04	1.088e-01	4.157e-02
chr2_147933687_A_G_b38	3	1.76514e-04	1.088e-01	4.157e-02
chr2_147930162_A_C_b38	3	1.76514e-04	1.088e-01	4.157e-02
chr2_147967102_T_C_b38	3	1.76514e-04	1.088e-01	4.157e-02
chr2_148059775_G_A_b38	3	1.18772e-04	9.540e-02	5.051e-02
chr2_148058808_G_T_b38	3	1.18772e-04	9.540e-02	5.051e-02
chr2_148057860_AGTT_A_b38	3	1.18772e-04	9.540e-02	5.051e-02
chr2_148060515_A_G_b38	3	1.18772e-04	9.540e-02	5.051e-02
chr2_147956038_G_T_b38	3	1.17842e-04	1.041e-01	4.157e-02
chr2_147779492_T_A_b38	3	1.13328e-04	1.224e-01	3.865e-02
chr2_147775069_C_T_b38	3	1.10782e-04	1.163e-01	3.690e-02
chr2_147966988_A_G_b38	3	1.06607e-04	1.017e-01	4.146e-02
chr2_148051201_C_T_b38	3	4.13045e-05	8.821e-02	5.025e-02
chr2_147888664_G_GGCT_b38	3	3.75270e-05	1.250e-01	4.133e-02
chr2_147787219_C_T_b38	3	3.07797e-05	1.167e-01	3.947e-02
chr2_147876367_A_C_b38	3	2.73260e-05	1.182e-01	4.057e-02
chr2_148029739_G_A_b38	4	1.13883e-04	-2.049e-01	9.561e-02
chr2_148027001_G_A_b38	4	1.13883e-04	-2.049e-01	9.561e-02
chr2_148012705_G_T_b38	4	3.99795e-05	-1.843e-01	1.036e-01
chr2_148030667_T_C_b38	4	3.12390e-05	0.000e+00	0.000e+00
chr2_148036161_A_T_b38	4	3.02588e-05	0.000e+00	0.000e+00
chr2_148014122_T_G_b38	4	2.79175e-05	0.000e+00	0.000e+00
chr2_148007927_C_T_b38	4	2.67054e-05	0.000e+00	0.000e+00
chr2_148001779_T_C_b38	4	2.67054e-05	0.000e+00	0.000e+00
chr2_148000910_A_G_b38	4	2.67054e-05	0.000e+00	0.000e+00
chr2_148046018_G_T_b38	4	2.17237e-05	0.000e+00	0.000e+00
chr2_148028767_A_G_b38	4	1.36341e-05	0.000e+00	0.000e+00
chr2_148039829_T_TAACCACA_b38	4	4.87760e-06	0.000e+00	0.000e+00
chr2_148007321_C_T_b38	4	4.86560e-06	0.000e+00	0.000e+00
chr2_148003058_C_T_b38	4	4.86560e-06	0.000e+00	0.000e+00
chr2_148004999_G_A_b38	4	4.86560e-06	0.000e+00	0.000e+00
chr2_148000301_A_G_b38	4	4.86560e-06	0.000e+00	0.000e+00
chr2_148008906_C_T_b38	4	4.86560e-06	0.000e+00	0.000e+00
chr2_148003057_C_T_b38	4	4.86560e-06	0.000e+00	0.000e+00
chr2_147974381_C_T_b38	4	3.45685e-06	0.000e+00	0.000e+00
chr2_147994043_C_T_b38	4	3.45685e-06	0.000e+00	0.000e+00
chr2_148039678_ATTC_A_b38	4	3.16224e-07	0.000e+00	0.000e+00
chr2_147969202_A_T_b38	4	9.54851e-08	0.000e+00	0.000e+00
chr2_147984409_T_C_b38	4	5.93081e-08	0.000e+00	0.000e+00
chr2_147975134_A_G_b38	4	5.93081e-08	0.000e+00	0.000e+00
chr2_147973686_T_TA_b38	4	5.93081e-08	0.000e+00	0.000e+00
chr2_147982254_G_C_b38	4	5.93081e-08	0.000e+00	0.000e+00
chr2_147945430_A_G_b38	4	4.76941e-08	0.000e+00	0.000e+00
chr2_147945741_C_T_b38	4	1.97493e-08	0.000e+00	0.000e+00
chr2_147947152_A_C_b38	4	1.97493e-08	0.000e+00	0.000e+00
chr2_147958859_T_C_b38	4	1.97493e-08	0.000e+00	0.000e+00
chr2_147937557_T_G_b38	4	1.97493e-08	0.000e+00	0.000e+00
chr2_147965308_T_C_b38	4	1.97493e-08	0.000e+00	0.000e+00
chr2_147959361_C_CT_b38	4	1.97493e-08	0.000e+00	0.000e+00
chr2_147957469_T_C_b38	4	1.97493e-08	0.000e+00	0.000e+00
chr2_147965557_A_C_b38	4	1.97493e-08	0.000e+00	0.000e+00
chr2_147877039_C_CAT_b38	4	9.12746e-09	0.000e+00	0.000e+00
chr2_147844091_T_C_b38	4	9.12746e-09	0.000e+00	0.000e+00
chr2_147868571_T_C_b38	4	9.12746e-09	0.000e+00	0.000e+00
chr2_147832415_T_C_b38	4	9.12746e-09	0.000e+00	0.000e+00
chr2_147851566_A_G_b38	4	9.12746e-09	0.000e+00	0.000e+00
chr2_147879424_C_T_b38	4	9.12746e-09	0.000e+00	0.000e+00
chr2_147891817_G_A_b38	4	9.12746e-09	0.000e+00	0.000e+00
chr2_147836024_G_A_b38	4	9.12746e-09	0.000e+00	0.000e+00
chr2_147858262_T_G_b38	4	6.03188e-09	0.000e+00	0.000e+00
chr2_147912205_G_C_b38	4	2.97385e-09	0.000e+00	0.000e+00
chr2_147914451_C_T_b38	4	2.97385e-09	0.000e+00	0.000e+00
chr2_147916632_G_A_b38	4	2.97385e-09	0.000e+00	0.000e+00
chr2_148046103_C_G_b38	4	2.14211e-09	0.000e+00	0.000e+00
chr2_147991398_G_A_b38	4	1.09506e-09	0.000e+00	0.000e+00
chr2_147974530_G_C_b38	4	7.13571e-10	0.000e+00	0.000e+00
chr2_147984052_C_T_b38	4	7.13571e-10	0.000e+00	0.000e+00
chr2_147952084_A_G_b38	4	1.95869e-10	0.000e+00	0.000e+00
chr2_147865884_T_G_b38	4	1.87000e-10	0.000e+00	0.000e+00
chr2_147948801_G_T_b38	4	1.22109e-10	0.000e+00	0.000e+00
chr2_148042141_C_A_b38	4	7.34804e-11	0.000e+00	0.000e+00
chr2_148044083_T_C_b38	4	7.34804e-11	0.000e+00	0.000e+00
chr2_148042519_C_G_b38	4	7.34804e-11	0.000e+00	0.000e+00
chr2_147850670_AT_A_b38	4	5.97159e-11	0.000e+00	0.000e+00
chr2_147859723_G_A_b38	4	5.97159e-11	0.000e+00	0.000e+00
chr2_147828890_A_G_b38	4	5.97159e-11	0.000e+00	0.000e+00
chr2_147883361_T_C_b38	4	5.97159e-11	0.000e+00	0.000e+00
chr2_147857961_C_T_b38	4	5.97159e-11	0.000e+00	0.000e+00
chr2_147890490_A_G_b38	4	3.78385e-11	0.000e+00	0.000e+00
chr2_147850239_G_C_b38	4	3.78385e-11	0.000e+00	0.000e+00
chr2_147909192_C_T_b38	4	3.78385e-11	0.000e+00	0.000e+00
chr2_147827374_C_T_b38	4	3.78385e-11	0.000e+00	0.000e+00
chr2_147907988_G_A_b38	4	3.78385e-11	0.000e+00	0.000e+00
chr2_147910940_C_T_b38	4	3.78385e-11	0.000e+00	0.000e+00
chr2_147905999_G_T_b38	4	3.75062e-11	0.000e+00	0.000e+00
chr2_147917228_G_C_b38	4	3.54681e-11	0.000e+00	0.000e+00
chr2_148043161_C_T_b38	4	3.27396e-11	0.000e+00	0.000e+00
chr2_148035096_A_T_b38	4	3.16029e-11	0.000e+00	0.000e+00
chr2_148065286_A_G_b38	4	2.85166e-11	0.000e+00	0.000e+00
chr2_148068211_A_G_b38	4	2.85166e-11	0.000e+00	0.000e+00
chr2_148060868_C_T_b38	4	2.11418e-11	0.000e+00	0.000e+00
chr2_148083765_C_T_b38	4	1.01655e-11	0.000e+00	0.000e+00
chr2_147818303_A_C_b38	4	1.00256e-11	0.000e+00	0.000e+00
chr2_147817913_T_C_b38	4	9.04923e-12	0.000e+00	0.000e+00
chr2_148084810_G_C_b38	4	7.53652e-12	0.000e+00	0.000e+00
chr2_148085803_C_T_b38	4	7.53652e-12	0.000e+00	0.000e+00
chr2_148089118_A_G_b38	4	7.53652e-12	0.000e+00	0.000e+00
chr2_148095531_T_C_b38	4	5.81978e-12	0.000e+00	0.000e+00
chr2_148106042_C_G_b38	4	5.81978e-12	0.000e+00	0.000e+00
chr2_148097048_G_T_b38	4	5.81978e-12	0.000e+00	0.000e+00
chr2_148114668_G_A_b38	4	5.81978e-12	0.000e+00	0.000e+00
chr2_147817242_C_T_b38	4	4.42252e-12	0.000e+00	0.000e+00
chr2_148100911_GGATT_G_b38	4	4.28876e-12	0.000e+00	0.000e+00
chr2_147806836_A_G_b38	4	2.59418e-12	0.000e+00	0.000e+00
chr2_147814591_T_C_b38	4	2.16811e-12	0.000e+00	0.000e+00
chr2_147805922_A_G_b38	4	2.12661e-12	0.000e+00	0.000e+00
chr2_147806102_T_G_b38	4	2.12661e-12	0.000e+00	0.000e+00
chr2_147802352_A_G_b38	4	2.12661e-12	0.000e+00	0.000e+00
chr2_147793663_C_G_b38	4	2.12661e-12	0.000e+00	0.000e+00
chr2_147807877_T_C_b38	4	2.12661e-12	0.000e+00	0.000e+00
chr2_147804462_T_C_b38	4	2.12661e-12	0.000e+00	0.000e+00
chr2_147808752_G_A_b38	4	2.12661e-12	0.000e+00	0.000e+00
chr2_147806307_C_T_b38	4	2.12661e-12	0.000e+00	0.000e+00
chr2_147793783_A_C_b38	4	2.12661e-12	0.000e+00	0.000e+00
chr2_147801624_A_G_b38	4	2.12661e-12	0.000e+00	0.000e+00
chr2_147801942_A_AAGG_b38	4	2.12661e-12	0.000e+00	0.000e+00
chr2_147809350_T_C_b38	4	2.12661e-12	0.000e+00	0.000e+00
chr2_147805340_C_A_b38	4	2.12661e-12	0.000e+00	0.000e+00
chr2_147801279_A_G_b38	4	2.12661e-12	0.000e+00	0.000e+00
chr2_147804637_G_GA_b38	4	2.12661e-12	0.000e+00	0.000e+00
chr2_147806624_T_C_b38	4	2.12661e-12	0.000e+00	0.000e+00
chr2_147803737_A_G_b38	4	2.12661e-12	0.000e+00	0.000e+00
chr2_147794247_A_G_b38	4	2.12661e-12	0.000e+00	0.000e+00
chr2_147802007_T_C_b38	4	2.12661e-12	0.000e+00	0.000e+00
chr2_147801165_G_C_b38	4	2.12661e-12	0.000e+00	0.000e+00
chr2_147808065_A_G_b38	4	2.12661e-12	0.000e+00	0.000e+00
chr2_147800342_A_G_b38	4	2.12661e-12	0.000e+00	0.000e+00
chr2_147795278_T_C_b38	4	2.12661e-12	0.000e+00	0.000e+00
chr2_147804163_TA_T_b38	4	2.12661e-12	0.000e+00	0.000e+00
chr2_147800472_C_T_b38	4	2.12661e-12	0.000e+00	0.000e+00
chr2_147814569_G_A_b38	4	1.75991e-12	0.000e+00	0.000e+00
chr2_147795737_C_T_b38	4	1.72424e-12	0.000e+00	0.000e+00
chr2_147801226_G_A_b38	4	1.72424e-12	0.000e+00	0.000e+00
chr2_147800129_T_C_b38	4	1.72424e-12	0.000e+00	0.000e+00
chr2_147791599_C_CA_b38	4	1.14546e-12	0.000e+00	0.000e+00
chr2_147786399_G_C_b38	4	7.93746e-13	0.000e+00	0.000e+00
chr2_147776805_T_C_b38	4	6.93482e-13	0.000e+00	0.000e+00
chr2_147797740_C_G_b38	4	5.19737e-13	0.000e+00	0.000e+00
chr2_147784512_G_A_b38	4	4.28646e-13	0.000e+00	0.000e+00
chr2_147803814_T_C_b38	4	3.53440e-13	0.000e+00	0.000e+00
chr2_147802020_T_C_b38	4	3.04574e-13	0.000e+00	0.000e+00
chr2_147785940_T_C_b38	4	2.55381e-13	0.000e+00	0.000e+00
chr2_147791114_C_G_b38	4	2.26940e-13	0.000e+00	0.000e+00
chr2_147777249_C_G_b38	4	2.14464e-13	0.000e+00	0.000e+00
chr2_147787747_T_A_b38	4	1.79569e-13	0.000e+00	0.000e+00
chr2_147790296_T_C_b38	4	1.79569e-13	0.000e+00	0.000e+00
chr2_147789808_AC_A_b38	4	1.25194e-13	0.000e+00	0.000e+00
chr2_147781262_A_G_b38	4	9.50965e-14	0.000e+00	0.000e+00
chr2_147780580_C_T_b38	4	9.42301e-14	0.000e+00	0.000e+00
chr2_147783878_T_C_b38	4	9.16058e-14	0.000e+00	0.000e+00
chr2_147776006_C_T_b38	4	9.56322e-17	0.000e+00	0.000e+00
chr2_147775194_C_T_b38	4	7.28829e-17	0.000e+00	0.000e+00
chr2_147775684_A_C_b38	4	7.28829e-17	0.000e+00	0.000e+00
chr2_147773631_A_C_b38	4	7.28829e-17	0.000e+00	0.000e+00
chr2_147773176_C_T_b38	4	7.20407e-17	0.000e+00	0.000e+00
