chr16_15301738_T_C_b38	1	9.99832e-01	-2.537e-01	7.972e-02
chr16_15287858_A_G_b38	1	1.22308e-16	0.000e+00	0.000e+00
chr16_15046354_C_T_b38	2	8.26474e-01	1.032e+00	1.078e-01
chr16_15046800_A_G_b38	2	1.73356e-01	8.925e-01	9.484e-02
chr16_15051395_C_T_b38	2	1.88366e-06	0.000e+00	0.000e+00
chr16_15045160_A_G_b38	2	1.62382e-08	0.000e+00	0.000e+00
chr16_15045194_A_G_b38	2	1.58447e-08	0.000e+00	0.000e+00
chr16_15053100_G_GT_b38	2	1.23040e-08	0.000e+00	0.000e+00
chr16_15044996_T_C_b38	2	1.17915e-08	0.000e+00	0.000e+00
chr16_15054097_A_C_b38	2	1.15681e-08	0.000e+00	0.000e+00
chr16_15044590_T_C_b38	2	8.40045e-09	0.000e+00	0.000e+00
chr16_15047188_T_C_b38	2	5.44682e-09	0.000e+00	0.000e+00
chr16_15048911_A_G_b38	2	4.89269e-09	0.000e+00	0.000e+00
chr16_15053472_CA_C_b38	2	1.17698e-09	0.000e+00	0.000e+00
chr16_15053481_A_T_b38	2	1.15025e-09	0.000e+00	0.000e+00
chr16_15044556_C_T_b38	3	9.99830e-01	-8.555e-01	1.222e-01
chr16_15043625_CAAT_C_b38	3	1.87752e-06	0.000e+00	0.000e+00
chr16_15163408_T_C_b38	4	6.60561e-01	-3.942e-01	8.163e-02
chr16_15169676_T_A_b38	4	3.11819e-01	-3.941e-01	8.154e-02
chr16_15122468_G_GC_b38	4	2.25500e-02	-3.592e-01	7.886e-02
chr16_15124822_T_C_b38	4	4.77361e-03	-3.131e-01	5.815e-02
chr16_15154863_C_A_b38	5	5.97250e-02	-1.516e-01	6.873e-02
chr16_15154846_G_T_b38	5	5.97250e-02	-1.516e-01	6.873e-02
chr16_15154086_G_GC_b38	5	4.37733e-02	-1.650e-01	6.450e-02
chr16_15141783_C_A_b38	5	1.98757e-02	-1.959e-01	6.286e-02
chr16_15154941_A_G_b38	5	1.48886e-02	-1.277e-01	7.024e-02
chr16_15154223_GC_G_b38	5	1.20331e-02	-1.253e-01	7.965e-02
chr16_15153802_G_C_b38	5	6.78896e-03	-1.530e-01	7.901e-02
chr16_15156257_G_A_b38	5	4.43861e-03	-1.138e-01	6.646e-02
chr16_15162196_C_A_b38	5	2.97814e-03	-1.381e-01	6.887e-02
chr16_15149844_C_G_b38	5	1.12460e-03	-1.264e-01	7.995e-02
chr16_15144702_C_A_b38	5	3.20861e-04	-5.527e-02	6.261e-02
chr16_15153891_T_C_b38	6	2.98039e-03	-8.329e-02	4.161e-02
chr16_15132668_C_T_b38	6	2.62088e-04	-8.163e-02	4.088e-02
chr16_15133023_G_A_b38	6	2.62088e-04	-8.163e-02	4.088e-02
chr16_15118859_G_T_b38	6	1.46521e-04	-8.484e-02	3.640e-02
chr16_15123337_C_T_b38	6	5.89798e-05	-8.109e-02	4.154e-02
chr16_15125357_G_C_b38	6	2.89407e-05	-7.442e-02	4.136e-02
chr16_15090400_T_C_b38	6	2.11036e-05	0.000e+00	0.000e+00
chr16_15180577_T_C_b38	6	2.05768e-05	0.000e+00	0.000e+00
chr16_15011809_G_A_b38	6	1.68038e-05	0.000e+00	0.000e+00
chr16_15021598_T_C_b38	6	1.52051e-05	0.000e+00	0.000e+00
chr16_14912220_C_T_b38	6	1.44671e-05	0.000e+00	0.000e+00
chr16_14980650_T_A_b38	6	2.39771e-21	0.000e+00	0.000e+00
chr16_14977557_C_T_b38	6	4.95597e-22	0.000e+00	0.000e+00
chr16_15084457_TAA_T_b38	6	2.61770e-22	0.000e+00	0.000e+00
chr16_15075096_A_T_b38	6	2.61770e-22	0.000e+00	0.000e+00
