chr1_222620290_A_G_b38	1	2.09722e-01	-1.866e-01	3.236e-02
chr1_222620428_T_C_b38	1	2.09722e-01	-1.866e-01	3.236e-02
chr1_222620749_T_C_b38	1	1.35968e-01	-1.866e-01	3.236e-02
chr1_222621901_C_T_b38	1	1.35899e-01	-1.866e-01	3.236e-02
chr1_222622227_C_G_b38	1	8.58853e-02	-1.842e-01	3.233e-02
chr1_222626283_T_G_b38	1	8.03158e-02	-1.857e-01	3.236e-02
chr1_222624272_C_G_b38	1	5.11560e-02	-1.836e-01	3.235e-02
chr1_222629461_T_G_b38	1	3.56170e-02	-1.857e-01	3.236e-02
chr1_222632876_A_G_b38	1	1.81895e-02	-1.820e-01	3.245e-02
chr1_222641100_C_T_b38	1	5.93558e-03	-1.752e-01	3.263e-02
chr1_222640383_T_A_b38	1	5.93558e-03	-1.752e-01	3.263e-02
chr1_222643014_T_A_b38	1	5.50738e-03	-1.750e-01	3.260e-02
chr1_222638065_A_G_b38	1	3.02221e-03	-1.700e-01	3.234e-02
chr1_222661461_T_C_b38	1	2.18203e-03	-1.752e-01	3.263e-02
chr1_222653139_G_A_b38	1	2.18203e-03	-1.752e-01	3.263e-02
chr1_222647297_G_A_b38	1	2.18203e-03	-1.752e-01	3.263e-02
chr1_222655362_C_T_b38	1	2.02462e-03	-1.750e-01	3.260e-02
chr1_222658953_T_C_b38	1	2.02462e-03	-1.750e-01	3.260e-02
chr1_222647448_T_G_b38	1	2.02462e-03	-1.750e-01	3.260e-02
chr1_222651746_C_G_b38	1	2.02462e-03	-1.750e-01	3.260e-02
chr1_222574675_A_G_b38	2	8.96595e-01	3.564e-01	8.198e-02
chr1_222615949_A_G_b38	3	2.58693e-02	1.788e-01	9.025e-02
chr1_222615690_T_C_b38	3	2.58693e-02	1.788e-01	9.025e-02
chr1_222616798_GCTGGAGAGCATTGTAGCCACTCTT_G_b38	3	1.67549e-02	1.662e-01	9.203e-02
chr1_222613271_C_T_b38	3	1.43775e-02	1.788e-01	9.025e-02
chr1_222611300_A_G_b38	3	9.56629e-03	1.788e-01	9.025e-02
chr1_222609544_T_C_b38	3	9.56629e-03	1.788e-01	9.025e-02
chr1_222611141_G_T_b38	3	9.56629e-03	1.788e-01	9.025e-02
chr1_222608517_A_G_b38	3	9.56629e-03	1.788e-01	9.025e-02
chr1_222622427_G_A_b38	3	6.48393e-03	1.411e-01	9.455e-02
chr1_222620890_G_A_b38	3	6.48393e-03	1.411e-01	9.455e-02
chr1_222608681_G_A_b38	3	6.40235e-03	1.662e-01	8.799e-02
chr1_222606705_T_C_b38	3	4.10702e-03	1.788e-01	9.025e-02
chr1_222607250_T_C_b38	3	4.10702e-03	1.788e-01	9.025e-02
chr1_222606241_T_G_b38	3	3.26766e-03	1.395e-01	7.955e-02
chr1_222626353_C_CCTGTTTTGGATT_b38	3	3.09881e-03	1.411e-01	9.455e-02
chr1_222633596_G_A_b38	3	8.90501e-04	-1.411e-01	9.455e-02
chr1_222630862_C_A_b38	3	7.48490e-09	-1.384e-01	9.458e-02
chr1_222664874_C_T_b38	3	2.44375e-09	1.231e-01	9.242e-02
chr1_222646534_A_G_b38	3	2.44375e-09	1.231e-01	9.242e-02
chr1_222652419_G_A_b38	3	2.44375e-09	1.231e-01	9.242e-02
chr1_222652061_G_A_b38	3	2.44375e-09	1.231e-01	9.242e-02
chr1_222663552_G_A_b38	3	2.44375e-09	1.231e-01	9.242e-02
chr1_222658040_A_G_b38	3	2.44375e-09	1.231e-01	9.242e-02
chr1_222652073_G_A_b38	3	2.44375e-09	-1.231e-01	9.242e-02
chr1_222655247_A_C_b38	3	2.44375e-09	1.231e-01	9.242e-02
chr1_222657752_G_C_b38	3	2.44375e-09	1.231e-01	9.242e-02
chr1_222617123_A_G_b38	4	3.77673e-03	4.073e-02	5.094e-02
chr1_222618304_C_T_b38	4	2.77508e-03	5.903e-02	5.256e-02
chr1_222621113_T_A_b38	4	3.66569e-08	9.629e-02	5.100e-02
chr1_222602315_G_C_b38	4	2.80858e-09	-2.101e-02	4.881e-02
chr1_222600932_G_A_b38	4	2.50092e-09	-1.584e-02	4.317e-02
chr1_222588974_C_T_b38	4	1.00425e-09	-2.020e-02	4.292e-02
chr1_222590319_T_A_b38	4	9.73328e-10	-1.584e-02	4.317e-02
