chr15_89090709_G_A_b38	1	4.52820e-01	5.570e-01	3.868e-02
chr15_89091065_G_A_b38	1	4.52820e-01	5.570e-01	3.868e-02
chr15_89087901_C_A_b38	1	9.29940e-02	5.516e-01	3.906e-02
chr15_89072044_G_T_b38	2	9.98633e-01	-5.457e-01	4.410e-02
chr15_89062078_G_A_b38	2	5.11618e-07	-4.989e-01	4.366e-02
chr15_89069996_T_G_b38	2	2.77662e-07	-5.062e-01	4.334e-02
chr15_89069059_A_G_b38	2	2.77662e-07	-5.062e-01	4.334e-02
chr15_89068326_A_G_b38	2	2.77662e-07	-5.062e-01	4.334e-02
chr15_89029645_C_G_b38	3	5.05929e-02	-4.019e-01	7.404e-02
chr15_89022026_A_C_b38	3	5.05929e-02	-4.019e-01	7.404e-02
chr15_89036690_G_C_b38	3	4.80081e-02	-3.728e-01	7.381e-02
chr15_89036232_A_G_b38	3	4.80081e-02	-3.728e-01	7.381e-02
chr15_89037068_C_G_b38	3	3.29315e-02	-3.825e-01	7.352e-02
chr15_89021727_T_C_b38	3	3.26539e-02	-4.025e-01	7.296e-02
chr15_89031253_T_C_b38	3	2.86871e-02	-3.728e-01	7.381e-02
chr15_89035116_G_C_b38	3	2.86871e-02	-3.728e-01	7.381e-02
chr15_89035688_A_T_b38	3	2.86871e-02	-3.728e-01	7.381e-02
chr15_89033730_T_C_b38	3	2.86871e-02	-3.728e-01	7.381e-02
chr15_89033024_A_G_b38	3	2.86871e-02	-3.728e-01	7.381e-02
chr15_89035651_A_G_b38	3	2.86871e-02	-3.728e-01	7.381e-02
chr15_89035106_T_C_b38	3	2.86871e-02	-3.728e-01	7.381e-02
chr15_89035492_T_C_b38	3	2.86871e-02	-3.728e-01	7.381e-02
chr15_89034032_T_C_b38	3	2.86871e-02	-3.728e-01	7.381e-02
chr15_89035631_A_T_b38	3	2.86871e-02	-3.728e-01	7.381e-02
chr15_89031951_T_C_b38	3	2.86871e-02	-3.728e-01	7.381e-02
chr15_89035227_A_T_b38	3	2.86871e-02	-3.728e-01	7.381e-02
chr15_89030987_G_A_b38	3	1.85531e-02	-4.830e-01	8.161e-02
chr15_89031714_T_TG_b38	3	1.49265e-02	-3.583e-01	7.302e-02
chr15_89027435_G_C_b38	3	1.48927e-02	-3.728e-01	7.381e-02
chr15_89031158_A_G_b38	3	1.48927e-02	-3.728e-01	7.381e-02
chr15_89026138_A_C_b38	3	1.48927e-02	-3.728e-01	7.381e-02
chr15_89031187_T_C_b38	3	1.48927e-02	-3.728e-01	7.381e-02
chr15_89022255_C_T_b38	3	1.48927e-02	-3.728e-01	7.381e-02
chr15_89031195_C_G_b38	3	1.48927e-02	-3.728e-01	7.381e-02
chr15_89026237_T_G_b38	3	1.48927e-02	-3.728e-01	7.381e-02
chr15_89030984_A_G_b38	3	1.48927e-02	-3.728e-01	7.381e-02
chr15_89027456_A_G_b38	3	1.48927e-02	-3.728e-01	7.381e-02
chr15_89026272_G_C_b38	3	1.48927e-02	-3.728e-01	7.381e-02
chr15_89024799_T_G_b38	3	1.48927e-02	-3.728e-01	7.381e-02
chr15_89028938_C_T_b38	3	1.48927e-02	-3.728e-01	7.381e-02
chr15_89025698_A_G_b38	3	1.48927e-02	-3.728e-01	7.381e-02
chr15_89022834_C_T_b38	3	1.48927e-02	-3.728e-01	7.381e-02
chr15_89027167_G_C_b38	3	1.48927e-02	-3.728e-01	7.381e-02
chr15_89024874_A_AAAG_b38	3	1.48927e-02	-3.728e-01	7.381e-02
chr15_89026859_A_C_b38	3	1.48927e-02	-3.728e-01	7.381e-02
chr15_89031209_GT_G_b38	3	1.48927e-02	-3.728e-01	7.381e-02
chr15_89022640_T_A_b38	3	1.48927e-02	-3.728e-01	7.381e-02
chr15_89027517_T_C_b38	3	1.48927e-02	-3.728e-01	7.381e-02
chr15_89020231_C_G_b38	3	9.96380e-03	-3.737e-01	7.272e-02
chr15_89020702_T_C_b38	3	9.96380e-03	-3.737e-01	7.272e-02
chr15_89020713_A_G_b38	3	9.96380e-03	-3.737e-01	7.272e-02
chr15_89019583_C_G_b38	3	9.50064e-03	-4.059e-01	7.358e-02
chr15_89031969_T_C_b38	3	6.79338e-03	-3.389e-01	7.365e-02
chr15_89023347_T_C_b38	3	4.65003e-03	-3.681e-01	7.403e-02
chr15_89021271_A_T_b38	3	4.26654e-03	-3.962e-01	7.397e-02
chr15_89029825_A_C_b38	3	3.47820e-03	-4.927e-01	8.421e-02
chr15_89024863_C_A_b38	3	1.65706e-03	-3.550e-01	7.198e-02
chr15_89040595_T_C_b38	4	6.16574e-01	-3.307e-01	5.373e-02
chr15_89046258_T_C_b38	4	8.13943e-02	-4.770e-01	5.787e-02
chr15_89049991_A_G_b38	4	3.02574e-02	-4.694e-01	5.793e-02
chr15_89063858_G_A_b38	4	1.53358e-02	-5.504e-01	6.089e-02
chr15_89041620_C_T_b38	5	1.65720e-01	8.355e-02	1.502e-01
chr15_88961386_G_A_b38	6	1.78588e-02	2.821e-01	1.487e-01
chr15_88955433_C_T_b38	6	1.19958e-03	2.204e-01	1.491e-01
chr15_88955923_G_A_b38	6	5.53394e-46	1.764e-01	1.435e-01
