chr2_85582547_C_T_b38	1	2.18419e-01	3.073e-01	2.694e-02
chr2_85582580_T_G_b38	1	2.04990e-01	3.073e-01	2.693e-02
chr2_85578531_G_A_b38	1	1.81867e-01	3.082e-01	2.700e-02
chr2_85579143_C_T_b38	1	1.49346e-01	3.131e-01	2.720e-02
chr2_85576774_T_C_b38	1	8.24938e-02	3.051e-01	2.712e-02
chr2_85560000_C_T_b38	1	7.96930e-02	3.061e-01	2.685e-02
chr2_85554900_G_A_b38	1	2.75435e-02	3.061e-01	2.685e-02
chr2_85553008_G_A_b38	1	2.75435e-02	3.061e-01	2.685e-02
chr2_85539422_C_T_b38	1	2.75435e-02	3.061e-01	2.685e-02
chr2_85535086_T_C_b38	1	9.77095e-20	3.098e-01	2.690e-02
chr2_85531229_C_T_b38	1	3.09017e-20	3.105e-01	2.698e-02
chr2_85529943_TG_T_b38	1	2.27863e-20	3.105e-01	2.706e-02
chr2_85526724_C_T_b38	1	1.34767e-20	3.086e-01	2.704e-02
chr2_85526683_C_A_b38	1	1.34767e-20	3.086e-01	2.704e-02
chr2_85538318_T_G_b38	1	1.17927e-20	3.040e-01	2.695e-02
chr2_85542852_A_G_b38	1	1.01371e-20	3.032e-01	2.692e-02
chr2_85550147_G_A_b38	1	9.56853e-21	3.031e-01	2.693e-02
chr2_85526430_G_A_b38	1	5.29657e-21	3.092e-01	2.733e-02
chr2_85591674_G_A_b38	2	7.09623e-01	-1.093e-01	3.031e-02
chr2_85591763_C_T_b38	2	2.71703e-01	-1.070e-01	3.035e-02
chr2_85592904_A_G_b38	2	1.80976e-02	-1.039e-01	3.071e-02
chr2_85591150_G_A_b38	2	8.09851e-06	-1.166e-01	2.966e-02
chr2_85599598_G_A_b38	2	2.39543e-06	-9.504e-02	3.177e-02
chr2_85663635_T_C_b38	2	2.13147e-06	-9.450e-02	3.188e-02
chr2_85607518_T_G_b38	2	9.46563e-07	-9.176e-02	3.186e-02
chr2_85655796_G_A_b38	2	5.81981e-07	-9.209e-02	3.164e-02
chr2_85647722_G_A_b38	2	5.75958e-07	-8.806e-02	3.228e-02
chr2_85651914_G_A_b38	2	2.52372e-07	-8.956e-02	3.235e-02
chr2_85651918_G_T_b38	2	2.52372e-07	-8.956e-02	3.235e-02
chr2_85582832_A_G_b38	3	4.52489e-01	2.116e-01	2.746e-02
chr2_85581748_C_T_b38	3	2.95189e-01	2.116e-01	2.746e-02
chr2_85581450_T_C_b38	3	2.45824e-01	2.147e-01	2.765e-02
chr2_85582588_T_C_b38	3	2.59981e-03	2.006e-01	2.836e-02
chr2_85581614_A_G_b38	3	1.64573e-03	2.025e-01	2.799e-02
chr2_85581859_T_C_b38	3	1.64573e-03	2.025e-01	2.799e-02
chr2_85584469_C_T_b38	4	6.89328e-03	1.503e-01	3.638e-02
