chr16_15036083_C_T_b38	1	9.99999e-01	-7.828e-01	5.368e-02
chr16_14900866_C_G_b38	2	5.63664e-01	-5.785e-01	1.350e-01
chr16_14889311_C_G_b38	2	4.36335e-01	-5.706e-01	1.332e-01
chr16_14990533_G_A_b38	3	9.98063e-01	-1.565e-01	1.102e-01
chr16_14992879_G_A_b38	3	1.93600e-03	-1.016e-01	1.104e-01
chr16_14884350_T_C_b38	4	4.87742e-01	-6.994e-01	7.452e-02
chr16_15036476_C_CAT_b38	4	3.27574e-01	-6.799e-01	7.508e-02
chr16_14959478_G_GACAA_b38	4	1.84143e-01	-7.888e-01	8.647e-02
chr16_14964250_A_G_b38	4	8.60829e-05	-7.974e-01	8.794e-02
chr16_14941040_G_A_b38	4	4.28807e-05	-5.599e-01	7.889e-02
chr16_14938413_C_T_b38	4	1.20543e-05	7.290e-01	1.022e-01
chr16_14896461_G_A_b38	4	6.56576e-06	7.057e-01	1.089e-01
chr16_15035235_C_T_b38	4	3.83434e-41	-6.761e-01	7.388e-02
chr16_15036113_A_G_b38	5	2.23137e-01	4.237e-01	6.165e-02
chr16_15033677_T_A_b38	5	1.19487e-01	4.506e-01	6.290e-02
chr16_15033678_C_A_b38	5	1.19487e-01	4.506e-01	6.290e-02
chr16_15037219_G_A_b38	5	9.47560e-02	4.213e-01	6.155e-02
chr16_15038251_A_G_b38	5	4.71619e-02	4.237e-01	6.165e-02
chr16_15038354_A_AAAAGTTG_b38	5	4.71619e-02	4.237e-01	6.165e-02
chr16_15038105_A_G_b38	5	4.71619e-02	4.237e-01	6.165e-02
chr16_15038117_G_T_b38	5	4.71619e-02	4.237e-01	6.165e-02
chr16_15042762_T_A_b38	5	4.34565e-02	4.233e-01	6.194e-02
chr16_15042828_A_G_b38	5	4.34565e-02	4.233e-01	6.194e-02
chr16_15040032_T_G_b38	5	4.13547e-02	4.234e-01	6.169e-02
chr16_15039051_T_C_b38	5	4.13547e-02	4.234e-01	6.169e-02
chr16_15036737_A_G_b38	5	2.21287e-02	4.123e-01	6.130e-02
chr16_15036494_G_C_b38	5	1.88646e-02	4.133e-01	6.176e-02
chr16_15042086_G_A_b38	5	1.74829e-02	4.206e-01	6.184e-02
chr16_15041997_A_G_b38	5	1.69917e-02	4.235e-01	6.166e-02
chr16_15044556_C_T_b38	5	8.24285e-03	4.296e-01	6.220e-02
chr16_15043625_CAAT_C_b38	5	3.18105e-48	4.293e-01	6.221e-02
chr16_15052204_T_C_b38	5	7.56874e-49	4.114e-01	6.183e-02
chr16_15037785_G_C_b38	5	6.15118e-49	4.108e-01	6.208e-02
chr16_14851137_TAGAAG_T_b38	6	5.81009e-02	2.031e-01	1.496e-01
chr16_15049328_C_T_b38	6	7.38505e-03	1.864e-01	1.499e-01
chr16_15132521_C_T_b38	6	1.50411e-03	1.542e-01	1.453e-01
chr16_14815764_C_T_b38	6	4.31920e-04	1.283e-01	1.448e-01
chr16_15038983_T_C_b38	7	3.31422e-05	-6.745e-01	7.483e-02
chr16_14959352_A_T_b38	7	1.37456e-05	6.825e-01	1.008e-01
chr16_14866230_T_C_b38	7	1.08700e-05	-4.576e-01	6.858e-02
chr16_14954318_A_G_b38	7	9.57873e-06	7.052e-01	1.030e-01
chr16_15053868_T_C_b38	7	6.08414e-06	-6.864e-01	7.488e-02
chr16_15034129_T_C_b38	7	3.82922e-06	-6.701e-01	7.517e-02
chr16_15059860_T_C_b38	7	3.81438e-06	-6.921e-01	7.401e-02
chr16_14895215_C_T_b38	7	3.55554e-06	6.877e-01	1.037e-01
chr16_14912068_C_T_b38	7	3.50249e-06	7.125e-01	1.031e-01
chr16_15080833_T_TGA_b38	7	3.15148e-06	-6.781e-01	7.330e-02
chr16_14983113_T_C_b38	7	3.09350e-06	-6.705e-01	1.031e-01
chr16_15064489_C_T_b38	7	2.35235e-06	-6.793e-01	7.262e-02
chr16_14881435_A_G_b38	7	1.48726e-06	-5.117e-01	7.097e-02
chr16_14870074_C_A_b38	7	1.40083e-06	-5.460e-01	6.548e-02
chr16_14968837_C_G_b38	7	1.35623e-06	6.052e-01	1.096e-01
chr16_15130956_G_A_b38	7	6.26744e-42	-6.697e-01	7.350e-02
chr16_15125820_A_G_b38	7	6.12551e-42	-6.755e-01	7.415e-02
chr16_15149844_C_G_b38	7	6.12551e-42	-6.755e-01	7.415e-02
chr16_15128959_A_C_b38	7	6.12551e-42	-6.755e-01	7.415e-02
chr16_15128100_T_C_b38	7	6.12551e-42	-6.755e-01	7.415e-02
chr16_15154223_GC_G_b38	7	6.12551e-42	-6.755e-01	7.415e-02
chr16_15302651_C_T_b38	7	5.63770e-42	-6.986e-01	7.419e-02
chr16_15095984_C_G_b38	7	4.22180e-42	-6.651e-01	7.343e-02
chr16_15309841_T_TC_b38	7	3.81121e-42	-7.002e-01	7.477e-02
chr16_15303029_A_G_b38	7	3.25680e-42	-6.983e-01	7.475e-02
chr16_15153802_G_C_b38	7	2.91541e-42	-6.656e-01	7.390e-02
chr16_15154941_A_G_b38	7	2.50654e-42	-6.361e-01	7.084e-02
chr16_15161394_C_T_b38	7	1.28084e-42	6.531e-01	7.346e-02
chr16_15112127_C_A_b38	7	1.92191e-43	-5.762e-01	6.693e-02
chr16_15112137_G_A_b38	7	1.92191e-43	-5.762e-01	6.693e-02
chr16_15154086_G_GC_b38	7	4.80786e-44	-5.885e-01	6.994e-02
chr16_15143080_A_G_b38	7	4.12303e-44	-6.366e-01	7.576e-02
chr16_14820495_G_A_b38	7	2.29401e-46	-5.289e-01	6.932e-02
chr16_15014155_C_T_b38	7	1.06453e-49	6.547e-01	1.075e-01
chr16_14996657_T_C_b38	7	4.33214e-50	-6.219e-01	1.052e-01
chr16_15083786_A_G_b38	7	4.00644e-50	-3.999e-01	6.525e-02
chr16_14774928_T_C_b38	7	3.57793e-50	-4.626e-01	7.522e-02
