chr1_151790770_G_A_b38	1	5.46564e-01	4.864e-01	7.485e-02 4.820777416229248	1.0
chr1_151791573_A_G_b38	1	8.98839e-02	4.793e-01	7.548e-02 4.8337273597717285	1.0
chr1_151794375_T_A_b38	1	6.45757e-02	4.864e-01	7.485e-02 4.826433181762695	1.0
chr1_151793339_C_G_b38	1	6.45757e-02	4.864e-01	7.485e-02 4.820777416229248	1.0
chr1_151794014_C_T_b38	1	6.45757e-02	4.864e-01	7.485e-02 4.516062736511231	1.0
chr1_151789832_C_G_b38	1	3.74150e-02	4.744e-01	7.699e-02 4.8858184814453125	1.0
chr1_151795572_A_G_b38	1	3.31628e-02	4.807e-01	7.539e-02 4.829319953918457	1.0
chr1_151797662_T_C_b38	1	1.76731e-02	4.793e-01	7.548e-02 4.819386959075928	1.0
chr1_151764873_T_A_b38	1	1.35061e-02	4.876e-01	7.385e-02 4.782649040222168	1.0
chr1_151797274_T_C_b38	1	1.29159e-02	-4.989e-01	7.921e-02 -4.390673637390137	1.0
chr1_151791291_C_T_b38	1	1.15978e-02	-4.865e-01	8.424e-02 -4.097853183746338	1.0
chr1_151794112_A_G_b38	1	9.12821e-03	4.880e-01	7.947e-02 4.183543682098389	1.0
chr1_151788316_A_G_b38	1	6.56967e-03	4.779e-01	7.960e-02 4.2572035789489755	1.0
chr1_151791601_G_T_b38	2	6.25743e-03	1.599e-01	1.590e-01 0.0383366122841835	1.0
