chr17_75900952_A_AC_b38	1	2.40086e-01	-2.430e-01	4.114e-02 -3.714492320037698	1.0
chr17_75910853_G_A_b38	1	9.10474e-02	-2.336e-01	4.018e-02 -4.298445701599121	1.0
chr17_75904607_T_C_b38	1	6.62289e-02	-2.195e-01	4.076e-02 -4.100645065307616	1.0
chr17_75952563_A_G_b38	1	5.97077e-02	-2.440e-01	4.029e-02 -4.055160045623778	1.0
chr17_75946069_A_G_b38	1	4.89052e-02	-2.434e-01	4.045e-02 -4.146904945373535	1.0
chr17_75907401_TG_T_b38	1	4.74282e-02	-2.224e-01	4.055e-02 -3.867395897077297	1.0
chr17_75916441_A_G_b38	1	4.63612e-02	-2.358e-01	4.058e-02 -3.863224744796753	1.0
chr17_75926860_T_C_b38	1	3.83103e-02	-2.352e-01	4.074e-02 -3.895738363265991	1.0
chr17_75952957_C_G_b38	1	3.10744e-02	-2.405e-01	4.057e-02 -3.990983009338379	1.0
chr17_75915634_C_T_b38	1	2.94249e-02	-2.326e-01	4.067e-02 -3.7027204036712646	1.0
chr17_75919072_T_A_b38	1	2.94249e-02	-2.326e-01	4.067e-02 -3.928717851638794	1.0
chr17_75912485_A_C_b38	1	2.36623e-02	-2.250e-01	4.064e-02 -4.1273298263549805	1.0
chr17_75896333_T_G_b38	1	1.76198e-02	-2.228e-01	4.068e-02 -4.288356304168701	1.0
chr17_75954135_G_A_b38	1	1.72672e-02	2.358e-01	4.058e-02 3.568960905075073	1.0
chr17_75953837_G_A_b38	1	1.72672e-02	2.358e-01	4.058e-02 3.5254273414611816	1.0
chr17_75935766_C_G_b38	1	1.72672e-02	-2.358e-01	4.058e-02 -3.8841228485107417	1.0
chr17_75946895_G_A_b38	1	1.42431e-02	-2.352e-01	4.073e-02 -3.984227418899536	1.0
chr17_75942876_C_T_b38	1	1.42431e-02	-2.352e-01	4.073e-02 -3.956361532211304	1.0
chr17_75890807_A_G_b38	1	1.37589e-02	-2.243e-01	4.028e-02 -4.437759876251222	1.0
chr17_75872207_A_G_b38	1	1.22384e-02	-2.361e-01	4.109e-02 -3.941126108169556	1.0
chr17_75953459_G_C_b38	1	1.09394e-02	2.327e-01	4.066e-02 3.4024279117584237	1.0
chr17_75952491_T_A_b38	1	1.09394e-02	-2.327e-01	4.066e-02 -3.896482229232788	1.0
chr17_75882573_A_C_b38	1	8.06139e-03	-2.188e-01	4.012e-02 -4.205070972442627	1.0
chr17_75937209_T_C_b38	1	7.73977e-03	-2.301e-01	4.073e-02 -3.9139459133148193	1.0
chr17_75889080_A_G_b38	1	3.43006e-03	-2.122e-01	4.027e-02 -3.85868239402771	1.0
chr17_75955783_T_C_b38	1	2.53321e-03	2.337e-01	4.122e-02 3.3710951805114746	1.0
chr17_75871432_A_G_b38	1	2.51291e-03	-2.237e-01	4.118e-02 -4.095092296600342	1.0
chr17_75848667_A_G_b38	1	2.43889e-03	-2.348e-01	4.133e-02 -3.825135946273804	1.0
chr17_75888112_A_T_b38	1	2.42099e-03	-2.067e-01	3.968e-02 -4.436814308166504	1.0
chr17_75893943_A_G_b38	2	1.05386e-02	-2.978e-01	1.050e-01 1.5030746459960938	1.0
chr17_75860386_A_G_b38	2	1.49456e-03	-2.260e-01	9.379e-02 1.9930971860885618	1.0
