chr19_17747540_A_G_b38	1	2.18243e-01	-1.423e-01	3.888e-02 4.463053226470947	1.0
chr19_17747755_C_G_b38	1	1.04611e-01	-1.315e-01	3.953e-02 4.259374141693115	1.0
chr19_17747624_G_A_b38	1	1.04604e-01	-1.315e-01	3.953e-02 4.209444046020509	1.0
chr19_17747601_G_A_b38	1	1.04252e-01	-1.308e-01	3.908e-02 4.263777256011963	1.0
chr19_17747551_G_A_b38	1	1.04252e-01	-1.308e-01	3.908e-02 4.270540237426759	1.0
chr19_17748127_C_T_b38	1	1.04252e-01	-1.308e-01	3.908e-02 4.173466205596924	1.0
chr19_17748561_T_C_b38	1	6.91408e-02	-1.392e-01	3.883e-02 4.178064823150635	1.0
chr19_17751322_G_A_b38	1	3.03576e-02	-1.403e-01	3.888e-02 3.4739272594451904	1.0
chr19_17749239_T_C_b38	1	2.31119e-02	-1.340e-01	3.947e-02 4.1851325035095215	1.0
chr19_17751059_G_C_b38	1	2.16949e-02	-1.392e-01	3.880e-02 4.013993263244629	1.0
chr19_17750234_A_G_b38	1	2.16949e-02	-1.392e-01	3.880e-02 4.095092296600342	1.0
chr19_17750400_T_C_b38	2	1.00652e-01	-1.671e-01	5.371e-02 3.782277584075928	1.0
chr19_17749992_C_T_b38	2	7.78657e-02	-1.525e-01	5.343e-02 3.785824060440064	1.0
chr19_17749966_G_A_b38	2	7.78657e-02	-1.525e-01	5.343e-02 3.775635957717896	1.0
chr19_17750857_G_A_b38	2	2.57915e-02	-1.380e-01	5.218e-02 3.5770452022552486	1.0
chr19_17749884_G_A_b38	2	2.33091e-02	-1.290e-01	5.349e-02 3.5436692237854004	1.0
chr19_17750888_A_G_b38	2	7.71067e-03	-1.065e-01	5.090e-02 4.2166123390197745	1.0
chr19_17753394_C_T_b38	2	7.50659e-03	-1.290e-01	5.350e-02 3.3359448909759517	1.0
chr19_17744589_G_A_b38	2	5.86194e-03	-1.103e-01	5.356e-02 3.502912759780884	1.0
chr19_17743453_G_A_b38	2	5.86194e-03	-1.103e-01	5.356e-02 3.4310724735260014	1.0
chr19_17754670_T_G_b38	2	3.01075e-03	-1.003e-01	4.794e-02 3.651512861251831	1.0
chr19_17746673_C_T_b38	2	3.00312e-03	-6.932e-02	5.057e-02 4.2626686096191415	1.0
chr19_17728880_C_T_b38	2	1.93106e-03	-1.103e-01	5.200e-02 3.4761857986450195	1.0
chr19_17726616_C_G_b38	2	1.93106e-03	-1.103e-01	5.200e-02 3.450958251953125	1.0
chr19_17745031_C_T_b38	2	1.85149e-03	-7.238e-02	5.204e-02 4.3301615715026855	1.0
chr19_17744954_C_G_b38	2	1.85149e-03	-7.238e-02	5.204e-02 4.331644058227538	1.0
chr19_17725362_C_T_b38	2	1.48655e-03	-1.049e-01	5.166e-02 3.478621482849121	1.0
chr19_17736035_G_A_b38	2	1.23891e-03	-1.006e-01	5.177e-02 3.551460266113281	1.0
chr19_17735402_G_A_b38	2	1.23891e-03	-1.006e-01	5.177e-02 3.487532377243042	1.0
chr19_17723989_G_T_b38	2	1.23891e-03	-1.006e-01	5.177e-02 3.4414525032043457	1.0
chr19_17761260_C_T_b38	2	1.09710e-03	-9.653e-02	5.032e-02 3.068689346313477	1.0
chr19_17761283_C_T_b38	2	1.09710e-03	-9.653e-02	5.032e-02 3.0753862857818604	1.0
chr19_17759655_G_A_b38	2	1.09710e-03	-9.653e-02	5.032e-02 3.054814100265503	1.0
chr19_17733052_A_G_b38	2	1.05382e-03	-9.499e-02	5.126e-02 3.491175651550293	1.0
chr19_17739496_C_T_b38	2	6.86181e-04	-7.489e-02	4.996e-02 4.2822656631469735	1.0
chr19_17744597_C_G_b38	2	3.47195e-04	-5.867e-02	5.458e-02 4.31034517288208	1.0
chr19_17764661_AGC_A_b38	2	2.81415e-04	-9.451e-02	5.379e-02 3.165685851793715	1.0
chr19_17739380_T_C_b38	2	2.46496e-04	-6.265e-02	5.143e-02 4.26600980758667	1.0
chr19_17739859_C_T_b38	2	2.25871e-04	-5.973e-02	5.270e-02 4.278686046600342	1.0
chr19_17739475_G_A_b38	2	2.25871e-04	-5.973e-02	5.270e-02 4.236530780792236	1.0
chr19_17739723_C_G_b38	2	2.25871e-04	-5.973e-02	5.270e-02 4.2798728942871085	1.0
chr19_17757303_A_G_b38	2	2.24444e-04	-6.268e-02	4.964e-02 3.411316394805908	1.0
chr19_17767755_TG_T_b38	2	1.67126e-04	-7.627e-02	5.328e-02 3.0559853773387093	1.0
chr19_17767197_C_A_b38	2	1.67126e-04	-7.627e-02	5.328e-02 3.0947482585906982	1.0
chr19_17585669_G_A_b38	3	7.29891e-03	-1.898e-01	4.389e-02 0.3747296929359436	1.0
