chr14_75002852_A_G_b38	1	6.06310e-01	-4.671e-01	8.907e-02 -4.681344032287598	1.0
chr14_75004474_TGAGACCAG_T_b38	1	7.33355e-02	4.614e-01	7.878e-02 4.309833534299238	1.0
chr14_74998335_T_C_b38	1	5.22274e-02	-4.658e-01	8.461e-02 -4.45833158493042	1.0
chr14_74992930_C_T_b38	1	4.34435e-02	-4.658e-01	8.461e-02 -4.5768632888793945	1.0
chr14_74997592_C_T_b38	1	4.34435e-02	-4.658e-01	8.461e-02 -4.555746078491211	1.0
chr14_75012336_C_G_b38	1	4.05649e-02	-4.658e-01	8.441e-02 -4.504913330078125	1.0
chr14_75005099_C_T_b38	1	1.99249e-02	4.560e-01	7.493e-02 3.9144780635833736	1.0
chr14_75022929_C_T_b38	1	1.81494e-02	-4.638e-01	8.040e-02 -4.577751636505127	1.0
chr14_74980176_C_G_b38	1	1.57288e-02	4.852e-01	7.508e-02 3.869407892227173	1.0
chr14_75017109_T_C_b38	1	1.31686e-02	4.591e-01	7.391e-02 3.880364656448364	1.0
chr14_75018069_C_T_b38	1	1.31686e-02	4.591e-01	7.391e-02 3.8782744407653813	1.0
chr14_74993858_A_G_b38	1	8.55007e-03	4.559e-01	7.417e-02 4.071058273315431	1.0
chr14_75012879_T_G_b38	1	7.99190e-03	4.559e-01	7.417e-02 3.9176943302154537	1.0
chr14_75009368_G_C_b38	1	7.99190e-03	4.559e-01	7.417e-02 3.987404823303223	1.0
chr14_74982814_G_A_b38	1	7.34732e-03	-4.565e-01	7.623e-02 -4.521510124206543	1.0
chr14_75002247_G_C_b38	2	7.81199e-03	2.220e-01	3.357e-01 -4.370433807373047	1.0
chr14_74994038_G_T_b38	2	4.52715e-03	3.638e-01	2.008e-01 4.010462284088135	1.0
chr14_75017975_GTC_G_b38	2	3.93083e-03	4.234e-01	1.459e-01 4.358063914643242	1.0
chr14_75017978_T_A_b38	2	3.93083e-03	4.234e-01	1.459e-01 4.358063914643242	1.0
chr14_75004130_A_T_b38	2	2.83845e-03	2.257e-01	3.402e-01 -4.248715400695802	1.0
chr14_75005100_G_A_b38	2	1.92364e-03	-4.290e-02	2.603e-01 -4.2508087158203125	1.0
chr14_74989746_A_C_b38	2	1.78564e-03	3.926e-01	1.783e-01 4.0961928367614755	1.0
chr14_75005406_G_A_b38	2	1.75582e-03	6.266e-02	2.488e-01 -4.199927806854248	1.0
chr14_74980075_C_T_b38	2	1.53115e-03	3.814e-01	1.862e-01 4.053764343261719	1.0
chr14_74998386_C_T_b38	2	1.37531e-03	-2.423e-01	1.289e-01 3.5707209110260014	1.0
chr14_75031281_C_T_b38	2	1.29928e-03	4.192e-01	1.452e-01 3.966617107391357	1.0
chr14_75036384_C_A_b38	2	1.29928e-03	4.192e-01	1.452e-01 3.903529405593872	1.0
chr14_75009764_G_GTT_b38	2	1.29919e-03	-2.641e-01	1.303e-01 3.518575502911787	1.0
chr14_75009758_TGAGG_T_b38	2	1.29919e-03	-2.641e-01	1.303e-01 3.518575502911787	1.0
chr14_74969381_T_G_b38	2	1.23326e-03	4.164e-01	1.362e-01 4.14219331741333	1.0
chr14_74996984_T_G_b38	2	1.20184e-03	2.233e-01	3.416e-01 -4.2355432510375985	1.0
chr14_74976400_G_A_b38	2	1.17338e-03	4.145e-01	1.463e-01 3.690061330795288	1.0
chr14_75008572_A_C_b38	2	1.12330e-03	2.233e-01	3.416e-01 -4.181180000305177	1.0
chr14_74969763_G_C_b38	2	9.46560e-04	-3.976e-01	1.416e-01 -3.7759482860565186	1.0
chr14_74975031_G_A_b38	2	7.75170e-04	4.095e-01	1.589e-01 4.2895941734313965	1.0
chr14_75008081_TATAGACAA_T_b38	2	7.42384e-04	2.662e-02	3.153e-01 -4.035650733401281	1.0
chr14_74997145_C_T_b38	2	6.99504e-04	-6.688e-02	2.680e-01 -3.6266698837280273	1.0
chr14_74986336_G_C_b38	2	6.77265e-04	2.922e-01	2.650e-01 3.9535505771636963	1.0
chr14_74969749_G_T_b38	2	5.74420e-04	-3.553e-01	1.607e-01 -3.55778169631958	1.0
chr14_74969492_T_C_b38	2	5.74420e-04	-3.553e-01	1.607e-01 -3.575245141983032	1.0
chr14_74968103_G_A_b38	2	5.40984e-04	-3.640e-01	1.630e-01 -3.71914291381836	1.0
chr14_74970369_G_A_b38	2	5.21236e-04	3.723e-01	1.708e-01 4.2157039642333975	1.0
chr14_74990372_A_C_b38	2	4.36063e-04	3.856e-01	3.312e-01 -4.304981231689453	1.0
chr14_75023964_T_C_b38	2	3.88691e-04	1.916e-01	3.665e-01 -4.2497596740722665	1.0
chr14_75022243_T_G_b38	2	3.88691e-04	1.916e-01	3.665e-01 -4.243561744689941	1.0
chr14_74990535_A_G_b38	2	3.40015e-04	1.315e-01	3.202e-01 4.325050894669476	1.0
chr14_75015740_AG_A_b38	2	3.11723e-04	1.856e-02	3.222e-01 -4.035650733401281	1.0
chr14_75027345_C_T_b38	2	3.11723e-04	1.856e-02	3.222e-01 -4.188342094421387	1.0
chr14_75013191_T_A_b38	2	3.11723e-04	1.856e-02	3.222e-01 -4.224003791809082	1.0
chr14_75013934_T_C_b38	2	3.11723e-04	1.856e-02	3.222e-01 -4.269399642944337	1.0
chr14_75025993_G_A_b38	2	2.81842e-04	-1.001e-01	2.974e-01 3.498433351516724	1.0
chr14_75026029_T_C_b38	2	2.81842e-04	-1.001e-01	2.974e-01 3.547436237335205	1.0
chr14_75016124_C_A_b38	2	2.72910e-04	-7.831e-02	2.718e-01 -3.961757659912109	1.0
chr14_75015205_A_G_b38	2	2.72910e-04	-7.831e-02	2.718e-01 -4.246640205383302	1.0
chr14_75016125_G_T_b38	2	2.72910e-04	-7.831e-02	2.718e-01 -3.957620859146118	1.0
chr14_74969547_C_T_b38	2	2.40138e-04	-2.794e-01	1.868e-01 -3.650922536849976	1.0
chr14_75014665_C_T_b38	2	2.40092e-04	3.680e-02	2.664e-01 -4.221204757690431	1.0
chr14_74979468_A_C_b38	2	2.34880e-04	-8.715e-02	2.638e-01 -4.328688144683838	1.0
chr14_74989107_A_C_b38	2	2.33377e-04	-7.831e-02	2.718e-01 -4.2508087158203125	1.0
chr14_74967480_T_C_b38	2	2.15867e-04	-2.787e-01	1.995e-01 -3.731424570083618	1.0
chr14_74967399_A_G_b38	2	2.15867e-04	-2.787e-01	1.995e-01 -3.6764523983001713	1.0
chr14_75047125_G_A_b38	2	1.73888e-04	-1.826e-01	3.037e-01 -4.2497596740722665	1.0
chr14_75052472_C_T_b38	2	1.62662e-04	-2.272e-01	2.526e-01 -4.230666637420653	1.0
chr14_75039527_A_T_b38	2	1.29433e-04	-2.435e-01	1.251e-01 3.401447534561157	1.0
chr14_74978796_C_G_b38	2	1.21925e-04	6.205e-02	1.181e-01 -4.112144947052002	1.0
chr14_75035537_C_A_b38	2	1.19381e-04	-2.410e-01	1.286e-01 3.4238529205322266	1.0
chr14_75028280_T_C_b38	2	1.10185e-04	1.856e-02	3.222e-01 -4.2335801124572745	1.0
chr14_75028779_T_C_b38	2	9.96227e-05	-1.001e-01	2.974e-01 3.547842741012573	1.0
chr14_75040822_C_T_b38	2	9.67406e-05	6.987e-02	2.733e-01 4.531378746032715	1.0
chr14_75040382_G_A_b38	2	9.67406e-05	6.987e-02	2.733e-01 4.565628528594972	1.0
chr14_75044033_G_A_b38	2	9.67406e-05	6.987e-02	2.733e-01 4.535379409790039	1.0
chr14_75038305_G_C_b38	2	9.67406e-05	6.987e-02	2.733e-01 4.576420307159424	1.0
chr14_75045806_C_T_b38	2	9.67406e-05	6.987e-02	2.733e-01 4.53833532333374	1.0
chr14_75045909_G_A_b38	2	9.67406e-05	6.987e-02	2.733e-01 4.595361232757568	1.0
chr14_75040172_G_A_b38	2	9.64655e-05	-7.831e-02	2.718e-01 -4.230666637420653	1.0
chr14_75044372_C_T_b38	2	9.36215e-05	7.270e-02	2.645e-01 4.4789814949035645	1.0
chr14_75036124_T_C_b38	2	8.28630e-05	2.000e-01	1.607e-01 -4.321460247039795	1.0
chr14_75037751_G_A_b38	2	8.28630e-05	2.000e-01	1.607e-01 -4.311705589294434	1.0
chr14_75031474_A_G_b38	2	8.28630e-05	2.000e-01	1.607e-01 -4.353468894958496	1.0
chr14_74975092_G_A_b38	2	7.70563e-05	-8.996e-02	1.938e-01 -3.5440704822540283	1.0
chr14_75043883_A_G_b38	2	7.42796e-05	1.765e-01	1.316e-01 -3.5978975296020512	1.0
chr14_75044077_G_A_b38	2	7.42796e-05	1.765e-01	1.316e-01 -3.948629140853882	1.0
chr14_74965761_G_A_b38	2	6.82185e-05	1.576e-02	1.245e-01 3.8571858406066895	1.0
chr14_75038783_A_G_b38	2	6.81797e-05	1.543e-01	1.195e-01 -3.485673427581787	1.0
chr14_74964208_TC_T_b38	2	6.51000e-05	3.822e-04	1.248e-01 3.5239245916074413	1.0
chr14_74963143_T_C_b38	2	6.48368e-05	3.304e-02	1.160e-01 3.6434576511383057	1.0
chr14_74961852_A_G_b38	2	6.33994e-05	1.769e-02	1.204e-01 3.739073038101196	1.0
chr14_74965476_G_T_b38	2	5.79768e-05	-8.736e-03	1.235e-01 3.911564826965332	1.0
chr14_74961545_C_T_b38	2	5.58252e-05	-8.396e-02	1.271e-01 3.932405710220337	1.0
chr14_74963330_G_A_b38	2	5.53410e-05	-3.512e-02	1.234e-01 3.8841228485107417	1.0
chr14_74961531_T_C_b38	2	5.41905e-05	-7.718e-02	1.243e-01 3.844903230667114	1.0
chr14_74962890_A_G_b38	2	5.39210e-05	-5.081e-02	1.233e-01 3.865636110305786	1.0
chr14_75052490_T_C_b38	2	5.02016e-05	2.328e-02	1.132e-01 -4.302344799041748	1.0
