chr1_151806207_C_T_b38	1	2.10885e-01	-3.831e-01	7.981e-02 -2.4704477787017822	1.0
chr1_151785111_T_C_b38	1	1.91189e-01	3.802e-01	8.309e-02 3.2548305988311768	1.0
chr1_151789632_C_T_b38	1	1.10591e-01	3.533e-01	8.327e-02 3.3772292137146	1.0
chr1_151789148_G_A_b38	1	1.10591e-01	3.533e-01	8.327e-02 3.3821532726287837	1.0
chr1_151800691_G_A_b38	1	7.34370e-02	3.598e-01	8.197e-02 3.458992481231689	1.0
chr1_151799353_A_G_b38	1	6.66678e-02	3.580e-01	8.208e-02 3.3993346691131587	1.0
chr1_151799999_A_G_b38	1	6.66678e-02	3.580e-01	8.208e-02 3.394237518310547	1.0
chr1_151805175_G_A_b38	1	4.30249e-02	3.637e-01	8.267e-02 3.459091901779175	1.0
chr1_151806423_T_C_b38	1	4.05111e-02	3.596e-01	8.198e-02 3.497352838516236	1.0
chr1_151808852_A_G_b38	1	3.67485e-02	3.579e-01	8.209e-02 3.468588590621948	1.0
chr1_151803929_A_C_b38	1	2.38442e-02	3.478e-01	8.148e-02 3.3386385440826416	1.0
chr1_151769933_A_G_b38	1	4.75303e-03	3.413e-01	8.435e-02 3.067302703857422	1.0
chr1_151775949_C_A_b38	1	4.57789e-03	-3.355e-01	8.209e-02 -2.1117138862609863	1.0
chr1_151791291_C_T_b38	2	2.08108e-01	-4.854e-01	1.181e-01 -4.097853183746338	1.0
chr1_151788316_A_G_b38	2	8.50334e-02	4.850e-01	1.134e-01 4.2572035789489755	1.0
chr1_151781146_T_G_b38	2	7.03312e-02	-5.004e-01	1.118e-01 -4.239518165588379	1.0
chr1_151765927_G_A_b38	2	6.73413e-02	-5.195e-01	1.097e-01 -3.833953380584717	1.0
chr1_151794112_A_G_b38	2	4.99458e-02	4.850e-01	1.134e-01 4.183543682098389	1.0
chr1_151787655_T_C_b38	2	4.72796e-02	4.848e-01	1.134e-01 4.301037788391113	1.0
chr1_151789832_C_G_b38	2	3.56850e-02	4.282e-01	1.126e-01 4.8858184814453125	1.0
chr1_151785322_C_T_b38	2	3.40213e-02	4.846e-01	1.134e-01 4.2202792167663565	1.0
chr1_151797274_T_C_b38	2	3.25563e-02	-4.846e-01	1.134e-01 -4.390673637390137	1.0
chr1_151769857_G_A_b38	2	3.23345e-02	-5.002e-01	1.118e-01 -3.807286500930786	1.0
chr1_151773726_T_A_b38	2	3.23345e-02	-5.002e-01	1.118e-01 -4.181180000305177	1.0
chr1_151771692_T_C_b38	2	3.23345e-02	-5.002e-01	1.118e-01 -4.1074795722961435	1.0
chr1_151773603_A_T_b38	2	3.23345e-02	-5.002e-01	1.118e-01 -4.156613349914552	1.0
chr1_151773069_GTCTC_G_b38	2	3.23345e-02	-5.002e-01	1.118e-01 -4.2330070548226235	1.0
chr1_151770799_T_G_b38	2	3.23345e-02	-5.002e-01	1.118e-01 -4.0199923515319815	1.0
chr1_151786628_C_T_b38	2	2.36701e-02	4.555e-01	1.110e-01 4.331644058227538	1.0
chr1_151786747_T_A_b38	2	2.36701e-02	4.555e-01	1.110e-01 4.318631172180177	1.0
chr1_151791339_C_T_b38	2	1.93092e-02	5.313e-01	1.383e-01 4.844391822814941	1.0
chr1_151784554_T_TCA_b38	2	1.55786e-02	-4.971e-01	1.197e-01 -3.846740548094601	1.0
chr1_151784556_C_CA_b38	2	1.55786e-02	-4.971e-01	1.197e-01 -3.846740548094601	1.0
chr1_151784552_G_GGA_b38	2	1.55786e-02	-4.971e-01	1.197e-01 -3.846740548094601	1.0
chr1_151797411_A_C_b38	2	1.43416e-02	-4.843e-01	1.181e-01 -4.073057174682616	1.0
chr1_151797330_G_A_b38	2	8.72903e-03	-4.649e-01	1.163e-01 -4.183543682098389	1.0
chr1_151782808_C_G_b38	2	7.59301e-03	-4.244e-01	1.073e-01 -4.226836204528809	1.0
chr1_151791573_A_G_b38	2	6.37129e-03	3.909e-01	1.105e-01 4.8337273597717285	1.0
chr1_151780632_C_T_b38	2	4.16394e-03	-4.665e-01	1.150e-01 -3.9968166351318364	1.0
chr1_151808210_T_A_b38	2	3.03469e-03	-4.500e-01	1.132e-01 -3.5727884769439697	1.0
chr1_151808252_A_T_b38	2	3.03469e-03	-4.500e-01	1.132e-01 -3.576970100402832	1.0
chr1_151790770_G_A_b38	2	2.99908e-03	3.330e-01	1.154e-01 4.820777416229248	1.0
chr1_151799943_A_G_b38	3	2.38182e-02	8.342e-01	2.907e-01 0.0	1.0
chr1_151791919_G_GTA_b38	3	1.15617e-02	7.191e-01	3.542e-01 0.0	1.0
chr1_151794009_G_A_b38	3	5.74089e-03	6.937e-01	3.729e-01 0.0	1.0
