chr17_48947467_G_T_b38	1	1.47837e-01	-2.018e-01	3.031e-02 -4.425767421722412	1.0
chr17_48945365_C_G_b38	1	1.05412e-01	-1.952e-01	3.208e-02 -4.480696201324463	1.0
chr17_48948292_C_T_b38	1	1.03106e-01	-2.018e-01	3.029e-02 -4.432839870452881	1.0
chr17_48948197_T_A_b38	1	1.03106e-01	-2.018e-01	3.029e-02 -4.421539783477783	1.0
chr17_48940707_G_A_b38	1	8.22331e-02	-2.018e-01	3.029e-02 -4.497058391571045	1.0
chr17_48951164_C_T_b38	1	5.83249e-02	-2.019e-01	3.024e-02 -4.450928211212158	1.0
chr17_48950401_C_T_b38	1	5.83249e-02	-2.019e-01	3.024e-02 -4.3887577056884775	1.0
chr17_48954611_T_C_b38	1	5.83249e-02	-2.019e-01	3.024e-02 -4.400503635406494	1.0
chr17_48931184_C_T_b38	1	3.41123e-02	-2.010e-01	3.029e-02 -4.404557704925537	1.0
chr17_48958932_G_A_b38	1	3.36982e-02	-2.019e-01	3.000e-02 -4.448927879333496	1.0
chr17_48958234_C_T_b38	1	3.36982e-02	-2.019e-01	3.000e-02 -4.668098449707031	1.0
chr17_48958680_C_A_b38	1	3.36982e-02	-2.019e-01	3.000e-02 -4.564368724822998	1.0
chr17_48930601_C_T_b38	1	2.84818e-02	-2.021e-01	3.013e-02 -4.422866344451903	1.0
chr17_48955839_C_A_b38	1	2.22463e-02	-2.000e-01	2.991e-02 -4.321460247039795	1.0
chr17_48925153_C_T_b38	1	1.77579e-02	-1.982e-01	2.971e-02 -4.406611919403076	1.0
chr17_48925400_G_A_b38	1	1.77579e-02	-1.982e-01	2.971e-02 -4.386857509613037	1.0
chr17_48926728_G_A_b38	1	1.77579e-02	-1.982e-01	2.971e-02 -4.419564723968506	1.0
chr17_48935189_C_G_b38	1	1.00412e-02	1.930e-01	2.851e-02 4.656904220581055	1.0
chr17_48910682_G_A_b38	1	7.18513e-03	-1.984e-01	2.968e-02 -4.410777568817139	1.0
chr17_48937289_CT_C_b38	1	6.48386e-03	-1.971e-01	3.127e-02 -4.56541792451833	1.0
chr17_48898849_C_T_b38	1	4.97584e-03	-1.951e-01	2.964e-02 -4.392605781555177	1.0
chr17_48899974_T_TGGG_b38	1	4.30906e-03	-2.001e-01	3.093e-02 -4.921303318163789	1.0
chr17_48934393_G_A_b38	1	3.32330e-03	-1.971e-01	3.127e-02 -4.553343296051025	1.0
chr17_48932646_G_A_b38	1	3.32330e-03	-1.971e-01	3.127e-02 -4.4150214195251465	1.0
chr17_48965478_G_T_b38	1	1.93330e-03	-2.016e-01	3.274e-02 -4.54020357131958	1.0
chr17_48938326_G_A_b38	2	5.49429e-02	1.169e-01	3.580e-02 0.2126152217388153	1.0
chr17_48938303_C_T_b38	2	5.49429e-02	1.169e-01	3.580e-02 0.0813678726553917	1.0
chr17_48938554_T_C_b38	2	5.49429e-02	1.169e-01	3.580e-02 0.05596096813678742	1.0
chr17_48955998_TTTC_T_b38	2	3.25773e-02	1.185e-01	3.580e-02 0.33605923962127243	1.0
chr17_48929651_G_A_b38	2	2.75931e-02	1.165e-01	3.569e-02 0.15226757526397705	1.0
chr17_48932207_C_T_b38	2	2.75931e-02	1.165e-01	3.569e-02 0.14059247076511386	1.0
chr17_48932641_T_C_b38	2	2.75931e-02	1.165e-01	3.569e-02 0.12822312116622925	1.0
chr17_48929586_C_T_b38	2	8.58384e-03	1.052e-01	3.658e-02 0.21896013617515564	1.0
chr17_48958681_C_G_b38	2	6.74712e-03	1.048e-01	3.777e-02 0.9029990434646606	1.0
chr17_48944067_G_A_b38	3	1.17495e-02	1.094e-01	3.919e-02 1.5231071710586548	1.0
chr17_48952626_G_A_b38	3	2.34976e-03	1.112e-01	3.922e-02 1.5785125494003296	1.0
chr17_48959047_G_C_b38	3	3.09372e-04	1.154e-01	3.896e-02 1.6954393386840818	1.0
chr17_48957990_G_C_b38	3	3.09372e-04	1.154e-01	3.896e-02 2.0563437938690186	1.0
chr17_48927361_G_A_b38	3	3.08729e-04	1.154e-01	3.896e-02 1.7649004459381104	1.0
