chr1_55055640_G_T_b38	1	4.07258e-01	1.771e-01	2.276e-02 3.223283529281616	1.0
chr1_55055436_G_A_b38	1	2.65765e-01	1.759e-01	2.278e-02 3.2037079334259038	1.0
chr1_55055322_C_CG_b38	1	2.36133e-01	1.765e-01	2.291e-02 0.0	1.0
chr1_55052794_A_G_b38	1	7.06792e-02	-1.719e-01	2.279e-02 -3.43147873878479	1.0
chr1_55053501_G_A_b38	1	1.93695e-02	1.714e-01	2.246e-02 2.695472002029419	1.0
chr1_55027911_C_A_b38	2	2.88494e-01	-1.608e-01	3.068e-02 -2.331004858016968	1.0
chr1_55023869_C_T_b38	2	2.74028e-01	-1.633e-01	3.076e-02 -5.256278038024902	1.0
chr1_55021673_C_G_b38	2	2.49473e-01	-1.640e-01	3.085e-02 -4.751412868499756	1.0
chr1_55026029_T_C_b38	2	1.84685e-01	-1.549e-01	3.044e-02 0.0	1.0
chr1_55025188_T_C_b38	2	2.52365e-03	-1.437e-01	3.125e-02 0.0	1.0
chr1_55039995_C_T_b38	3	2.89503e-01	-1.156e-01	3.752e-02 -2.156485080718994	1.0
chr1_55039774_C_T_b38	3	1.83602e-01	-1.091e-01	3.722e-02 -2.24300479888916	1.0
chr1_55040253_C_T_b38	3	7.15101e-02	-1.092e-01	3.721e-02 -2.1889634132385254	1.0
chr1_55040430_C_G_b38	3	7.15101e-02	-1.092e-01	3.721e-02 -2.236743688583374	1.0
chr1_55038913_A_G_b38	3	2.81533e-02	-9.567e-02	3.670e-02 -2.2699124813079834	1.0
chr1_55045298_T_C_b38	3	3.07326e-03	-9.788e-02	3.525e-02 -2.2010667324066158	1.0
chr1_55048509_T_C_b38	3	9.38107e-04	7.128e-02	2.790e-02 1.204274296760559	1.0
chr1_55018318_C_T_b38	4	3.87473e-02	1.603e-01	4.813e-02 -0.15709750354290009	1.0
chr1_55022696_A_G_b38	5	2.48592e-03	-9.138e-02	2.532e-02 -2.6630322933197017	1.0
chr1_55023158_T_A_b38	5	1.74209e-03	-8.972e-02	2.536e-02 -2.608097553253174	1.0
chr1_55028170_CG_C_b38	5	1.06277e-03	-8.703e-02	2.541e-02 0.0	1.0
chr1_55020244_A_G_b38	5	5.59156e-04	-8.470e-02	2.537e-02 -2.376391649246216	1.0
chr1_55021995_A_T_b38	5	3.42057e-04	-8.528e-02	2.517e-02 -2.728557586669922	1.0
chr1_55021961_A_T_b38	5	3.42057e-04	-8.528e-02	2.517e-02 -2.7288687229156494	1.0
chr1_55028117_C_T_b38	5	1.67748e-04	-8.440e-02	2.508e-02 1.2953755855560305	1.0
chr1_55026517_C_T_b38	5	1.58033e-04	-7.967e-02	2.522e-02 0.0	1.0
chr1_55030071_T_C_b38	5	1.53450e-04	-6.746e-02	2.237e-02 -1.972451448440552	1.0
chr1_55020391_G_A_b38	5	1.06026e-04	-8.172e-02	2.500e-02 -2.835989236831665	1.0
chr1_55023409_C_G_b38	5	9.86201e-05	-8.173e-02	2.518e-02 -2.30078125	1.0
chr1_55026411_A_AGT_b38	5	5.05751e-05	-7.659e-02	2.513e-02 0.0	1.0
chr1_55029204_A_G_b38	5	4.56321e-05	-8.052e-02	2.512e-02 1.0109378099441528	1.0
chr1_55029062_T_C_b38	5	4.52222e-05	-8.046e-02	2.512e-02 1.0309456586837769	1.0
chr1_55024683_A_G_b38	5	4.36311e-05	-7.537e-02	2.518e-02 0.0	1.0
chr1_55024645_A_G_b38	5	4.36311e-05	-7.537e-02	2.518e-02 0.0	1.0
chr1_55023316_G_A_b38	5	4.22309e-05	-7.574e-02	2.529e-02 -2.8976917266845703	1.0
chr1_55028366_A_C_b38	5	4.04301e-05	-7.987e-02	2.532e-02 1.166609287261963	1.0
