chr19_41319286_C_T_b38	1	4.39138e-01	2.726e-01	3.068e-02 5.0992512702941895	1.0
chr19_41320115_A_C_b38	1	4.39138e-01	2.726e-01	3.068e-02 5.078213691711426	1.0
chr19_41307470_T_C_b38	1	9.14470e-02	2.600e-01	2.997e-02 5.180746078491211	1.0
chr19_41284181_GTTATGGTA_G_b38	1	3.02526e-02	2.600e-01	2.997e-02 4.869992547813958	1.0
chr19_41353805_C_CG_b38	2	1.03088e-02	-4.012e-02	3.815e-02 -5.3987439260591574e-05	1.0
chr19_41352971_C_G_b38	2	4.31793e-03	-4.012e-02	3.815e-02 -0.1615227460861206	1.0
chr19_41349011_A_G_b38	2	1.31405e-03	-4.172e-02	3.820e-02 -0.10805168002843857	1.0
chr19_41358415_CAG_C_b38	2	1.29708e-03	-4.172e-02	3.820e-02 -5.3987439260591574e-05	1.0
chr19_41358089_A_G_b38	2	1.27395e-03	-4.006e-02	3.431e-02 -0.2459837645292282	1.0
chr19_41363040_T_TTCGAGA_b38	2	5.41527e-04	-2.772e-02	3.686e-02 -5.3987439260591574e-05	1.0
chr19_41359162_G_A_b38	2	5.14841e-04	-2.495e-02	3.720e-02 -0.2503949999809265	1.0
chr19_41359508_C_T_b38	2	5.14841e-04	-2.495e-02	3.720e-02 -0.263264000415802	1.0
chr19_41360658_G_A_b38	2	5.05135e-04	-2.378e-02	3.722e-02 -0.1340673714876175	1.0
chr19_41345281_G_C_b38	2	4.97414e-04	-2.495e-02	3.720e-02 -0.22527916729450226	1.0
chr19_41365223_G_C_b38	2	3.81992e-04	-4.302e-02	3.464e-02 -0.07816450297832489	1.0
chr19_41369414_G_A_b38	2	3.81992e-04	-4.302e-02	3.464e-02 -0.19426052272319794	1.0
chr19_41365874_C_T_b38	2	3.81992e-04	-4.302e-02	3.464e-02 -0.06209472194314002	1.0
chr19_41365886_C_T_b38	2	3.81992e-04	-4.302e-02	3.464e-02 -0.06198836117982864	1.0
chr19_41369668_C_T_b38	2	3.41745e-04	-4.040e-02	3.813e-02 -0.3273375332355499	1.0
chr19_41369585_A_T_b38	2	2.88213e-04	-3.338e-02	3.766e-02 -0.3647520542144776	1.0
chr19_41370014_C_G_b38	2	2.55127e-04	-2.787e-02	3.685e-02 -0.1737765222787857	1.0
chr19_41340295_T_C_b38	2	2.39602e-04	-2.624e-02	3.552e-02 -0.4535934031009674	1.0
chr19_41354391_A_G_b38	3	7.91825e-05	-4.102e-03	2.342e-02 -4.379411697387694	1.0
