chr17_75900952_A_AC_b38	1	7.31518e-01	-2.346e-01	3.602e-02 -3.714492320037698	1.0
chr17_75958321_C_G_b38	1	9.86765e-02	2.450e-01	3.599e-02 4.0907392501831055	1.0
chr17_75910853_G_A_b38	1	3.54206e-02	-2.344e-01	4.176e-02 -4.298445701599121	1.0
chr17_75904607_T_C_b38	1	3.31971e-02	-2.201e-01	6.656e-02 -4.100645065307616	1.0
chr17_75890807_A_G_b38	1	2.19183e-02	-2.330e-01	3.833e-02 -4.437759876251222	1.0
chr17_75946069_A_G_b38	1	1.21312e-02	-2.371e-01	3.791e-02 -4.146904945373535	1.0
chr17_75952957_C_G_b38	1	1.21312e-02	-2.371e-01	3.791e-02 -3.990983009338379	1.0
chr17_75952563_A_G_b38	1	1.21312e-02	-2.371e-01	3.791e-02 -4.055160045623778	1.0
chr17_75905213_G_T_b38	2	8.86679e-03	-6.942e-03	7.246e-02 -3.4251766204833984	1.0
chr17_75907401_TG_T_b38	2	8.77475e-03	-1.394e-01	1.603e-01 -3.867395897077297	1.0
chr17_75905062_G_A_b38	2	8.69374e-03	-7.134e-03	6.847e-02 -3.3556454181671143	1.0
chr17_75896333_T_G_b38	2	6.60760e-03	-1.912e-01	8.282e-02 -4.288356304168701	1.0
chr17_75912485_A_C_b38	2	3.76233e-03	-1.457e-01	1.547e-01 -4.1273298263549805	1.0
chr17_75916441_A_G_b38	2	2.65798e-03	-1.878e-01	8.230e-02 -3.863224744796753	1.0
chr17_75926860_T_C_b38	2	2.65798e-03	-1.878e-01	8.230e-02 -3.895738363265991	1.0
chr17_75915634_C_T_b38	2	2.65798e-03	-1.878e-01	8.230e-02 -3.7027204036712646	1.0
chr17_75919072_T_A_b38	2	2.65798e-03	-1.878e-01	8.230e-02 -3.928717851638794	1.0
chr17_75953459_G_C_b38	2	1.04762e-03	1.878e-01	8.230e-02 3.4024279117584237	1.0
chr17_75954135_G_A_b38	2	1.04762e-03	1.878e-01	8.230e-02 3.568960905075073	1.0
chr17_75942876_C_T_b38	2	1.04762e-03	-1.878e-01	8.230e-02 -3.956361532211304	1.0
chr17_75935766_C_G_b38	2	1.04762e-03	-1.878e-01	8.230e-02 -3.8841228485107417	1.0
chr17_75952491_T_A_b38	2	1.04762e-03	-1.878e-01	8.230e-02 -3.896482229232788	1.0
chr17_75946895_G_A_b38	2	1.04762e-03	-1.878e-01	8.230e-02 -3.984227418899536	1.0
chr17_75953837_G_A_b38	2	1.04762e-03	1.878e-01	8.230e-02 3.5254273414611816	1.0
chr17_75908074_G_A_b38	2	8.93040e-04	2.623e-02	6.416e-02 -2.845046043395996	1.0
chr17_75889080_A_G_b38	2	8.87876e-04	-1.278e-01	1.181e-01 -3.85868239402771	1.0
chr17_75898723_G_A_b38	2	7.21157e-04	-4.629e-02	7.619e-02 -3.540413856506348	1.0
chr17_75913867_C_T_b38	2	6.61182e-04	2.449e-02	6.211e-02 -2.8596041202545166	1.0
chr17_75888112_A_T_b38	2	5.68350e-04	-9.836e-02	1.049e-01 -4.436814308166504	1.0
chr17_75937209_T_C_b38	2	4.89877e-04	-1.547e-01	1.070e-01 -3.9139459133148193	1.0
chr17_75900218_C_T_b38	2	4.69402e-04	2.158e-02	6.202e-02 -2.8913586139678955	1.0
chr17_75930040_C_A_b38	2	2.59420e-04	2.588e-02	6.237e-02 -2.715729236602783	1.0
chr17_75948515_T_G_b38	2	1.04715e-04	-3.887e-03	5.777e-02 -3.293381690979004	1.0
chr17_75940572_G_C_b38	2	1.04715e-04	-3.887e-03	5.777e-02 -3.2041115760803223	1.0
chr17_75947861_G_A_b38	2	1.03280e-04	1.930e-02	6.417e-02 -3.004383087158203	1.0
chr17_75952964_C_T_b38	2	1.00875e-04	2.588e-02	6.237e-02 -2.726768016815185	1.0
chr17_75938049_G_A_b38	2	1.00875e-04	2.588e-02	6.237e-02 -2.93453311920166	1.0
chr17_75935706_G_A_b38	2	1.00875e-04	2.588e-02	6.237e-02 -2.9328463077545166	1.0
chr17_75942275_C_CA_b38	2	1.00875e-04	2.588e-02	6.237e-02 -2.971864791617371	1.0
chr17_75857839_A_AGCGCCTGTAATCCGC_b38	2	7.95834e-05	1.656e-02	5.275e-02 -3.6699647547880296	1.0
chr17_75913526_C_CCTCT_b38	3	2.62196e-04	2.373e-01	9.751e-02 -1.3202840307900228	1.0
chr17_75909713_C_T_b38	3	7.40454e-05	1.697e-01	8.239e-02 -1.0340055227279663	1.0
chr17_75908338_C_T_b38	3	7.40454e-05	1.697e-01	8.239e-02 -1.0250005722045898	1.0
chr17_75913620_CGG_C_b38	3	5.32291e-05	1.697e-01	8.239e-02 -1.3029573475351606	1.0
chr17_75911381_T_C_b38	3	2.41095e-05	1.153e-01	7.627e-02 -0.6389307379722595	1.0
chr17_75912394_C_G_b38	3	2.31116e-05	1.141e-01	7.962e-02 -1.1905744075775146	1.0
