chr14_75127136_T_C_b38	1	2.03279e-01	8.430e-02	2.672e-02 4.521855354309082	1.0
chr14_75127199_C_T_b38	1	1.50705e-01	8.275e-02	2.272e-02 4.5177507400512695	1.0
chr14_75128243_G_C_b38	1	4.22492e-02	8.371e-02	2.135e-02 4.499854564666748	1.0
chr14_75128451_G_A_b38	1	3.23824e-02	8.517e-02	2.455e-02 4.566895961761475	1.0
chr14_75125780_G_C_b38	1	3.11976e-02	8.517e-02	2.455e-02 4.583160400390625	1.0
chr14_75122492_G_C_b38	1	2.56842e-02	8.362e-02	2.124e-02 4.492778301239014	1.0
chr14_75122581_T_C_b38	1	2.48479e-02	-8.151e-02	1.885e-02 -3.4065895080566406	1.0
chr14_75124143_A_T_b38	1	2.48479e-02	-8.151e-02	1.885e-02 -3.4523627758026123	1.0
chr14_75124368_G_A_b38	1	2.48479e-02	-8.151e-02	1.885e-02 -3.4585952758789062	1.0
chr14_75123026_C_T_b38	1	1.75560e-02	-7.952e-02	1.833e-02 -3.40083646774292	1.0
chr14_75136131_A_T_b38	1	1.54468e-02	8.390e-02	2.142e-02 4.510417938232422	1.0
chr14_75133994_C_T_b38	1	1.47413e-02	8.362e-02	2.124e-02 4.526389122009277	1.0
chr14_75135159_A_G_b38	1	1.47413e-02	8.362e-02	2.124e-02 4.5443692207336435	1.0
chr14_75122121_A_G_b38	1	1.42423e-02	8.362e-02	2.124e-02 4.490968704223633	1.0
chr14_75119585_C_A_b38	1	1.42423e-02	8.362e-02	2.124e-02 4.473915576934815	1.0
chr14_75118164_C_T_b38	1	1.42423e-02	8.362e-02	2.124e-02 4.505233287811278	1.0
chr14_75136861_T_C_b38	1	1.41898e-02	-8.135e-02	1.858e-02 -3.5198445320129395	1.0
chr14_75132452_G_A_b38	1	1.41898e-02	-8.135e-02	1.858e-02 -3.482421875	1.0
chr14_75148543_C_G_b38	1	1.14636e-02	-8.485e-02	2.118e-02 -3.3831479549407963	1.0
chr14_75132944_A_G_b38	1	1.13012e-02	8.511e-02	2.448e-02 4.608799934387207	1.0
chr14_75135260_C_T_b38	1	1.00761e-02	-7.952e-02	1.833e-02 -3.483015298843384	1.0
chr14_75124119_G_A_b38	1	8.87801e-03	8.113e-02	2.253e-02 4.599256992340088	1.0
chr14_75102880_C_A_b38	1	7.59037e-03	8.362e-02	2.124e-02 4.43099308013916	1.0
chr14_75107384_C_T_b38	1	7.37220e-03	8.347e-02	2.115e-02 4.588706970214844	1.0
chr14_75104323_G_A_b38	1	7.30644e-03	-8.135e-02	1.858e-02 -3.2782306671142583	1.0
chr14_75102387_G_A_b38	1	7.30644e-03	-8.135e-02	1.858e-02 -4.0603461265563965	1.0
chr14_75139089_A_G_b38	1	5.90100e-03	8.511e-02	2.448e-02 4.644440174102783	1.0
chr14_75112713_C_T_b38	1	5.59372e-03	8.476e-02	2.409e-02 4.550572872161865	1.0
chr14_75162252_A_G_b38	1	5.21655e-03	-9.038e-02	2.800e-02 -4.003167629241943	1.0
chr14_75115363_C_T_b38	1	5.15019e-03	-7.925e-02	1.794e-02 -3.843483924865722	1.0
chr14_75105716_G_T_b38	1	5.15019e-03	-7.925e-02	1.794e-02 -3.4096345901489262	1.0
chr14_75135034_A_G_b38	1	5.09547e-03	8.113e-02	2.253e-02 4.66144323348999	1.0
chr14_75148524_T_C_b38	1	4.66111e-03	8.057e-02	1.982e-02 4.381250858306885	1.0
chr14_75145380_C_A_b38	1	4.66111e-03	8.057e-02	1.982e-02 4.467065334320068	1.0
chr14_75083881_G_T_b38	1	4.26820e-03	8.555e-02	2.196e-02 4.444735527038574	1.0
chr14_75143467_G_C_b38	1	4.24612e-03	7.979e-02	1.947e-02 4.509110450744629	1.0
chr14_75142565_A_T_b38	1	4.24612e-03	7.979e-02	1.947e-02 4.484165191650392	1.0
chr14_75166305_A_G_b38	1	4.16370e-03	-8.544e-02	2.173e-02 -3.859541416168213	1.0
chr14_75203238_G_A_b38	1	3.91664e-03	-9.043e-02	1.872e-02 -4.1645259857177725	1.0
chr14_75149849_A_C_b38	1	3.56080e-03	-7.769e-02	1.797e-02 -3.9445944333890526	1.0
chr14_75149837_GCT_G_b38	1	3.56080e-03	-7.769e-02	1.797e-02 -3.9445944333890526	1.0
chr14_75149845_CTGT_C_b38	1	3.56080e-03	-7.769e-02	1.797e-02 -3.9445944333890526	1.0
chr14_75141980_C_G_b38	1	3.56080e-03	-7.769e-02	1.797e-02 -3.4561748504638667	1.0
chr14_75149840_C_G_b38	1	3.56080e-03	-7.769e-02	1.797e-02 -3.9445944333890526	1.0
chr14_75149842_T_G_b38	1	3.56080e-03	-7.769e-02	1.797e-02 -3.9445944333890526	1.0
chr14_75100475_C_T_b38	1	2.92196e-03	8.362e-02	2.124e-02 4.50173807144165	1.0
chr14_75101435_A_G_b38	1	2.92196e-03	8.362e-02	2.124e-02 4.483002662658691	1.0
chr14_75088933_A_T_b38	1	2.92196e-03	8.362e-02	2.124e-02 4.524284839630127	1.0
chr14_75096197_C_T_b38	1	2.92196e-03	8.362e-02	2.124e-02 4.499854564666748	1.0
chr14_75088921_G_A_b38	1	2.83797e-03	8.347e-02	2.115e-02 4.5368523597717285	1.0
chr14_75095168_A_C_b38	1	2.78777e-03	-8.098e-02	1.799e-02 -3.4657268524169917	1.0
chr14_75160998_T_C_b38	1	2.75734e-03	-8.362e-02	2.124e-02 -4.006596565246582	1.0
chr14_75170264_C_T_b38	1	2.75734e-03	-8.362e-02	2.124e-02 -3.8067586421966553	1.0
chr14_75157760_C_T_b38	1	2.75734e-03	8.362e-02	2.124e-02 4.559809684753418	1.0
chr14_75159339_A_C_b38	1	2.75734e-03	8.362e-02	2.124e-02 4.5561490058898935	1.0
chr14_75163675_G_A_b38	1	2.67809e-03	-8.347e-02	2.115e-02 -3.954483985900879	1.0
chr14_75156784_T_C_b38	1	2.67809e-03	8.347e-02	2.115e-02 4.556957244873047	1.0
chr14_75142025_G_A_b38	1	2.66063e-03	8.113e-02	2.253e-02 4.670136451721191	1.0
chr14_75137246_G_A_b38	1	2.66063e-03	8.113e-02	2.253e-02 3.854429006576538	1.0
chr14_75159428_T_C_b38	1	2.63072e-03	-8.098e-02	1.799e-02 -3.5839784145355225	1.0
chr14_75173651_C_G_b38	1	2.63072e-03	-8.098e-02	1.799e-02 -3.429452657699585	1.0
chr14_75160616_T_A_b38	1	2.63072e-03	-8.098e-02	1.799e-02 -3.556589841842652	1.0
chr14_75157431_C_T_b38	1	2.63072e-03	-8.098e-02	1.799e-02 -3.478568315505981	1.0
chr14_75173151_C_T_b38	1	2.63072e-03	-8.098e-02	1.799e-02 -3.3686401844024663	1.0
chr14_75174838_C_G_b38	1	2.63072e-03	-8.098e-02	1.799e-02 -3.371647596359253	1.0
chr14_75112940_A_G_b38	1	2.62369e-03	8.113e-02	2.253e-02 4.660136222839356	1.0
chr14_75103590_C_T_b38	1	2.62369e-03	8.113e-02	2.253e-02 4.6082868576049805	1.0
chr14_75116565_T_C_b38	1	2.62369e-03	8.113e-02	2.253e-02 4.6166415214538565	1.0
chr14_75190804_G_T_b38	1	2.46175e-03	-8.652e-02	1.831e-02 -3.120507001876831	1.0
chr14_75192092_C_T_b38	1	2.46175e-03	-8.652e-02	1.831e-02 -3.661850452423096	1.0
chr14_75094449_C_T_b38	1	2.24009e-03	8.511e-02	2.448e-02 4.5768632888793945	1.0
chr14_75097956_G_T_b38	1	2.24009e-03	8.511e-02	2.448e-02 4.558582782745361	1.0
chr14_75089722_C_T_b38	1	2.24009e-03	8.511e-02	2.448e-02 4.240522384643556	1.0
chr14_75099506_G_A_b38	1	2.24009e-03	8.511e-02	2.448e-02 4.5368523597717285	1.0
chr14_75193421_A_G_b38	1	2.15413e-03	-8.574e-02	1.826e-02 -3.1008286476135254	1.0
chr14_75173700_G_A_b38	1	2.11389e-03	-8.511e-02	2.448e-02 -3.8879365921020512	1.0
chr14_75157285_T_C_b38	1	2.11389e-03	8.511e-02	2.448e-02 4.511403560638428	1.0
chr14_75093260_T_C_b38	1	2.00060e-03	8.072e-02	1.826e-02 4.465183734893799	1.0
chr14_75126449_C_T_b38	2	1.64151e-02	-8.430e-02	4.334e-02 3.488356351852417	1.0
chr14_75082667_T_C_b38	2	1.97395e-03	5.278e-02	1.448e-01 4.505875110626222	1.0
chr14_75157647_C_T_b38	2	1.97391e-03	-7.687e-02	2.334e-02 -3.9445944333890526	1.0
chr14_75089723_G_A_b38	2	1.94346e-03	-7.648e-02	2.474e-02 -3.8226969242095943	1.0
chr14_75078517_C_A_b38	2	1.92495e-03	-7.650e-02	2.491e-02 -3.483015298843384	1.0
chr14_75082053_T_C_b38	2	1.92042e-03	6.324e-02	9.125e-02 4.535747051239014	1.0
chr14_75152415_T_G_b38	2	1.60336e-03	7.303e-02	3.887e-02 4.467065334320068	1.0
chr14_75080249_G_A_b38	2	1.56469e-03	7.545e-02	3.759e-02 4.480696201324463	1.0
chr14_75077276_T_C_b38	2	1.50751e-03	7.146e-02	4.837e-02 4.725987434387207	1.0
chr14_75079880_C_T_b38	2	1.50751e-03	7.146e-02	4.837e-02 4.590587615966797	1.0
chr14_75081040_T_C_b38	2	1.50751e-03	7.146e-02	4.837e-02 4.6931729316711435	1.0
chr14_75079853_C_T_b38	2	1.50751e-03	7.146e-02	4.837e-02 4.598276615142822	1.0
chr14_75077398_C_T_b38	2	1.50751e-03	7.146e-02	4.837e-02 4.605741024017334	1.0
chr14_75172868_G_A_b38	2	1.39460e-03	-6.606e-02	6.396e-02 -3.920405864715576	1.0
chr14_75123175_C_T_b38	2	1.20549e-03	-7.520e-04	5.406e-02 -4.1074795722961435	1.0
chr14_75123637_G_A_b38	2	1.20549e-03	-7.520e-04	5.406e-02 -4.0451035499572745	1.0
chr14_75123180_C_T_b38	2	1.20549e-03	-7.520e-04	5.406e-02 -4.108057975769043	1.0
chr14_75087658_G_C_b38	2	1.08571e-03	6.854e-02	4.728e-02 4.653719425201416	1.0
chr14_75077486_G_A_b38	2	7.03382e-04	6.441e-02	5.386e-02 4.66877555847168	1.0
chr14_75077767_T_A_b38	2	7.03382e-04	6.441e-02	5.386e-02 4.667423725128174	1.0
chr14_75117804_C_T_b38	2	6.92323e-04	-3.618e-02	4.482e-02 -4.163067817687988	1.0
chr14_75135079_G_C_b38	2	4.95007e-04	-9.432e-03	5.205e-02 -4.133680343627931	1.0
chr14_75139360_TAATC_T_b38	2	3.74166e-04	-3.618e-02	4.482e-02 -4.1043236744968015	1.0
chr14_75140342_G_A_b38	2	3.42524e-04	-2.439e-02	5.121e-02 -4.558582782745361	1.0
chr14_75145322_C_T_b38	2	2.67517e-04	-1.429e-02	5.109e-02 -4.146225929260254	1.0
chr14_75035537_C_A_b38	2	5.99996e-05	-8.789e-02	3.691e-02 3.4238529205322266	1.0
chr14_75070678_C_T_b38	2	5.90676e-05	-8.926e-02	3.762e-02 3.602229118347168	1.0
chr14_75039527_A_T_b38	2	4.62666e-05	-8.286e-02	3.743e-02 3.401447534561157	1.0
