chr14_75066238_T_C_b38	1	7.68988e-02	-3.108e-01	7.520e-02 4.7017035484313965	1.0
chr14_75060806_G_A_b38	1	4.21027e-02	-3.108e-01	7.520e-02 4.648104190826416	1.0
chr14_75060917_G_A_b38	1	3.49331e-02	3.019e-01	7.405e-02 -3.788761854171753	1.0
chr14_75059147_G_A_b38	1	3.04955e-02	-3.108e-01	7.520e-02 4.724220275878906	1.0
chr14_75062916_C_T_b38	1	2.82203e-02	2.793e-01	7.198e-02 -3.519660234451294	1.0
chr14_75061877_G_A_b38	1	2.67727e-02	-2.886e-01	7.462e-02 4.56311559677124	1.0
chr14_75066976_A_G_b38	1	2.00589e-02	2.807e-01	7.267e-02 -3.535308122634888	1.0
chr14_75077767_T_A_b38	1	1.91988e-02	-3.133e-01	7.474e-02 4.667423725128174	1.0
chr14_75079880_C_T_b38	1	1.91988e-02	-3.133e-01	7.474e-02 4.590587615966797	1.0
chr14_75077276_T_C_b38	1	1.91988e-02	-3.133e-01	7.474e-02 4.725987434387207	1.0
chr14_75077486_G_A_b38	1	1.91988e-02	-3.133e-01	7.474e-02 4.66877555847168	1.0
chr14_75087658_G_C_b38	1	1.91988e-02	-3.133e-01	7.474e-02 4.653719425201416	1.0
chr14_75081040_T_C_b38	1	1.91988e-02	-3.133e-01	7.474e-02 4.6931729316711435	1.0
chr14_75077398_C_T_b38	1	1.91988e-02	-3.133e-01	7.474e-02 4.605741024017334	1.0
chr14_75079853_C_T_b38	1	1.91988e-02	-3.133e-01	7.474e-02 4.598276615142822	1.0
chr14_75061002_G_C_b38	1	1.75077e-02	-2.886e-01	7.462e-02 4.6022257804870605	1.0
chr14_75044033_G_A_b38	1	1.74949e-02	-3.136e-01	7.513e-02 4.535379409790039	1.0
chr14_75071514_G_T_b38	1	1.64696e-02	-2.911e-01	7.417e-02 4.56063175201416	1.0
chr14_75056679_T_C_b38	1	1.60194e-02	2.782e-01	7.071e-02 -3.6966071128845215	1.0
chr14_75045909_G_A_b38	1	1.48658e-02	-3.087e-01	7.482e-02 4.595361232757568	1.0
chr14_75053362_T_C_b38	1	1.48658e-02	-3.087e-01	7.482e-02 4.6292457580566415	1.0
chr14_75045806_C_T_b38	1	1.48658e-02	-3.087e-01	7.482e-02 4.53833532333374	1.0
chr14_75040822_C_T_b38	1	1.48658e-02	-3.087e-01	7.482e-02 4.531378746032715	1.0
chr14_75040382_G_A_b38	1	1.48658e-02	-3.087e-01	7.482e-02 4.565628528594972	1.0
chr14_75069666_G_A_b38	1	1.00995e-02	2.697e-01	7.158e-02 -3.518312931060791	1.0
chr14_75078517_C_A_b38	1	8.80689e-03	2.883e-01	7.283e-02 -3.483015298843384	1.0
chr14_75017975_GTC_G_b38	1	8.55446e-03	-3.158e-01	7.454e-02 4.358063914643242	1.0
chr14_75017978_T_A_b38	1	8.55446e-03	-3.158e-01	7.454e-02 4.358063914643242	1.0
chr14_75088921_G_A_b38	1	8.13331e-03	-2.924e-01	7.428e-02 4.5368523597717285	1.0
chr14_75082053_T_C_b38	1	8.13331e-03	-2.924e-01	7.428e-02 4.535747051239014	1.0
chr14_75083881_G_T_b38	1	7.85676e-03	-2.911e-01	7.417e-02 4.444735527038574	1.0
chr14_75088933_A_T_b38	1	7.85676e-03	-2.911e-01	7.417e-02 4.524284839630127	1.0
chr14_75075251_C_A_b38	1	7.85676e-03	-2.911e-01	7.417e-02 4.552151679992676	1.0
chr14_75076761_CTAAG_C_b38	1	7.85676e-03	-2.911e-01	7.417e-02 4.159314824552093	1.0
chr14_75082667_T_C_b38	1	7.85676e-03	-2.911e-01	7.417e-02 4.505875110626222	1.0
chr14_75058746_G_A_b38	1	7.66358e-03	-2.627e-01	7.094e-02 4.379411697387694	1.0
chr14_75112713_C_T_b38	1	7.23401e-03	-3.141e-01	7.479e-02 4.550572872161865	1.0
chr14_75112940_A_G_b38	1	7.04080e-03	-3.133e-01	7.473e-02 4.660136222839356	1.0
chr14_75099506_G_A_b38	1	7.04080e-03	-3.133e-01	7.473e-02 4.5368523597717285	1.0
chr14_75094449_C_T_b38	1	7.04080e-03	-3.133e-01	7.473e-02 4.5768632888793945	1.0
chr14_75097956_G_T_b38	1	7.04080e-03	-3.133e-01	7.473e-02 4.558582782745361	1.0
chr14_75089722_C_T_b38	1	7.04080e-03	-3.133e-01	7.473e-02 4.240522384643556	1.0
chr14_75103590_C_T_b38	1	7.04080e-03	-3.133e-01	7.473e-02 4.6082868576049805	1.0
chr14_75047125_G_A_b38	1	6.42312e-03	2.791e-01	7.213e-02 -4.2497596740722665	1.0
chr14_75074830_C_T_b38	1	6.34661e-03	2.773e-01	7.192e-02 -3.478621482849121	1.0
chr14_75076378_C_G_b38	1	6.34661e-03	2.773e-01	7.192e-02 -3.4722580909729004	1.0
chr14_75044077_G_A_b38	1	6.32386e-03	2.799e-01	7.241e-02 -3.948629140853882	1.0
chr14_75043883_A_G_b38	1	6.32386e-03	2.799e-01	7.241e-02 -3.5978975296020512	1.0
chr14_74980075_C_T_b38	1	6.01169e-03	-3.264e-01	7.297e-02 4.053764343261719	1.0
chr14_74990535_A_G_b38	1	5.88302e-03	-3.367e-01	7.530e-02 4.325050894669476	1.0
chr14_75038305_G_C_b38	1	5.85915e-03	-3.087e-01	7.481e-02 4.576420307159424	1.0
chr14_75044372_C_T_b38	1	5.41649e-03	-2.850e-01	7.462e-02 4.4789814949035645	1.0
chr14_75058136_G_A_b38	1	3.26430e-03	2.453e-01	7.181e-02 -4.308992385864259	1.0
chr14_75104323_G_A_b38	1	3.22302e-03	2.882e-01	7.282e-02 -3.2782306671142583	1.0
chr14_75089723_G_A_b38	1	3.22302e-03	2.882e-01	7.282e-02 -3.8226969242095943	1.0
chr14_75102387_G_A_b38	1	3.22302e-03	2.882e-01	7.282e-02 -4.0603461265563965	1.0
chr14_75095168_A_C_b38	1	3.22302e-03	2.882e-01	7.282e-02 -3.4657268524169917	1.0
chr14_75080249_G_A_b38	1	3.14704e-03	-2.766e-01	7.606e-02 4.480696201324463	1.0
chr14_75069224_G_A_b38	1	2.99779e-03	2.473e-01	7.355e-02 -4.2375221252441415	1.0
chr14_75107384_C_T_b38	1	2.97670e-03	-2.923e-01	7.426e-02 4.588706970214844	1.0
chr14_75031281_C_T_b38	1	2.95413e-03	-2.913e-01	7.429e-02 3.966617107391357	1.0
chr14_75036384_C_A_b38	1	2.95413e-03	-2.913e-01	7.429e-02 3.903529405593872	1.0
chr14_75100475_C_T_b38	1	2.87547e-03	-2.910e-01	7.415e-02 4.50173807144165	1.0
chr14_75096197_C_T_b38	1	2.87547e-03	-2.910e-01	7.415e-02 4.499854564666748	1.0
chr14_75102880_C_A_b38	1	2.87547e-03	-2.910e-01	7.415e-02 4.43099308013916	1.0
chr14_75101435_A_G_b38	1	2.87547e-03	-2.910e-01	7.415e-02 4.483002662658691	1.0
chr14_75093260_T_C_b38	1	2.87547e-03	-2.910e-01	7.415e-02 4.465183734893799	1.0
chr14_75022929_C_T_b38	1	2.78808e-03	2.865e-01	7.343e-02 -4.577751636505127	1.0
chr14_75005099_C_T_b38	1	2.54574e-03	-3.157e-01	7.453e-02 3.9144780635833736	1.0
chr14_75012879_T_G_b38	1	2.54574e-03	-3.157e-01	7.453e-02 3.9176943302154537	1.0
chr14_74993858_A_G_b38	1	2.54574e-03	-3.157e-01	7.453e-02 4.071058273315431	1.0
chr14_75009368_G_C_b38	1	2.54574e-03	-3.157e-01	7.453e-02 3.987404823303223	1.0
chr14_75127199_C_T_b38	1	2.52206e-03	-3.141e-01	7.478e-02 4.5177507400512695	1.0
chr14_75204956_G_A_b38	1	2.50817e-03	3.451e-01	7.319e-02 -4.151017665863037	1.0
chr14_75124119_G_A_b38	1	2.45468e-03	-3.132e-01	7.472e-02 4.599256992340088	1.0
chr14_75128451_G_A_b38	1	2.45468e-03	-3.132e-01	7.472e-02 4.566895961761475	1.0
chr14_75137246_G_A_b38	1	2.45468e-03	-3.132e-01	7.472e-02 3.854429006576538	1.0
chr14_75162252_A_G_b38	1	2.45468e-03	3.132e-01	7.472e-02 -4.003167629241943	1.0
chr14_75139089_A_G_b38	1	2.45468e-03	-3.132e-01	7.472e-02 4.644440174102783	1.0
chr14_75142025_G_A_b38	1	2.45468e-03	-3.132e-01	7.472e-02 4.670136451721191	1.0
chr14_75157285_T_C_b38	1	2.45468e-03	-3.132e-01	7.472e-02 4.511403560638428	1.0
chr14_75125780_G_C_b38	1	2.45468e-03	-3.132e-01	7.472e-02 4.583160400390625	1.0
chr14_75135034_A_G_b38	1	2.45468e-03	-3.132e-01	7.472e-02 4.66144323348999	1.0
chr14_75132944_A_G_b38	1	2.45468e-03	-3.132e-01	7.472e-02 4.608799934387207	1.0
chr14_75116565_T_C_b38	1	2.45468e-03	-3.132e-01	7.472e-02 4.6166415214538565	1.0
chr14_74989746_A_C_b38	1	2.43949e-03	-3.149e-01	7.453e-02 4.0961928367614755	1.0
chr14_75105716_G_T_b38	1	2.32267e-03	2.773e-01	7.191e-02 -3.4096345901489262	1.0
chr14_74994038_G_T_b38	1	1.89646e-03	-3.131e-01	7.539e-02 4.010462284088135	1.0
chr14_75078982_G_A_b38	1	1.77016e-03	2.538e-01	7.380e-02 -4.14086389541626	1.0
chr14_75052472_C_T_b38	1	1.38183e-03	2.472e-01	7.354e-02 -4.230666637420653	1.0
chr14_75031474_A_G_b38	1	1.26866e-03	2.666e-01	7.302e-02 -4.353468894958496	1.0
chr14_75036124_T_C_b38	1	1.26866e-03	2.666e-01	7.302e-02 -4.321460247039795	1.0
chr14_75037751_G_A_b38	1	1.26866e-03	2.666e-01	7.302e-02 -4.311705589294434	1.0
chr14_75018069_C_T_b38	1	1.14242e-03	-2.668e-01	7.375e-02 3.8782744407653813	1.0
chr14_75017109_T_C_b38	1	1.14242e-03	-2.668e-01	7.375e-02 3.880364656448364	1.0
chr14_75070678_C_T_b38	1	1.13428e-03	-2.203e-01	7.349e-02 3.602229118347168	1.0
chr14_75157431_C_T_b38	1	1.12312e-03	2.880e-01	7.278e-02 -3.478568315505981	1.0
chr14_75124143_A_T_b38	1	1.12312e-03	2.880e-01	7.278e-02 -3.4523627758026123	1.0
chr14_75136861_T_C_b38	1	1.12312e-03	2.880e-01	7.278e-02 -3.5198445320129395	1.0
chr14_75122581_T_C_b38	1	1.12312e-03	2.880e-01	7.278e-02 -3.4065895080566406	1.0
chr14_75159428_T_C_b38	1	1.12312e-03	2.880e-01	7.278e-02 -3.5839784145355225	1.0
chr14_75132452_G_A_b38	1	1.12312e-03	2.880e-01	7.278e-02 -3.482421875	1.0
chr14_75124368_G_A_b38	1	1.12312e-03	2.880e-01	7.278e-02 -3.4585952758789062	1.0
chr14_75160616_T_A_b38	1	1.12312e-03	2.880e-01	7.278e-02 -3.556589841842652	1.0
chr14_75204004_G_C_b38	1	1.08817e-03	3.306e-01	7.355e-02 -4.216612339019775	1.0
chr14_75136131_A_T_b38	1	1.04030e-03	-2.918e-01	7.413e-02 4.510417938232422	1.0
chr14_75156784_T_C_b38	1	1.03734e-03	-2.921e-01	7.424e-02 4.556957244873047	1.0
chr14_75163675_G_A_b38	1	1.03734e-03	2.921e-01	7.424e-02 -3.954483985900879	1.0
chr14_75118164_C_T_b38	1	1.00208e-03	-2.909e-01	7.413e-02 4.505233287811278	1.0
chr14_75127136_T_C_b38	1	1.00208e-03	-2.909e-01	7.413e-02 4.521855354309082	1.0
chr14_75159339_A_C_b38	1	1.00208e-03	-2.909e-01	7.413e-02 4.5561490058898935	1.0
chr14_75128243_G_C_b38	1	1.00208e-03	-2.909e-01	7.413e-02 4.499854564666748	1.0
chr14_75133994_C_T_b38	1	1.00208e-03	-2.909e-01	7.413e-02 4.526389122009277	1.0
chr14_75119585_C_A_b38	1	1.00208e-03	-2.909e-01	7.413e-02 4.473915576934815	1.0
chr14_75160998_T_C_b38	1	1.00208e-03	2.909e-01	7.413e-02 -4.006596565246582	1.0
chr14_75122121_A_G_b38	1	1.00208e-03	-2.909e-01	7.413e-02 4.490968704223633	1.0
chr14_75122492_G_C_b38	1	1.00208e-03	-2.909e-01	7.413e-02 4.492778301239014	1.0
chr14_75157760_C_T_b38	1	1.00208e-03	-2.909e-01	7.413e-02 4.559809684753418	1.0
chr14_75135159_A_G_b38	1	1.00208e-03	-2.909e-01	7.413e-02 4.5443692207336435	1.0
chr14_74980176_C_G_b38	1	9.22465e-04	-3.027e-01	7.680e-02 3.869407892227173	1.0
chr14_75195234_T_C_b38	1	9.08641e-04	3.266e-01	7.347e-02 -3.5287673473358154	1.0
chr14_75193177_T_C_b38	1	9.08641e-04	3.266e-01	7.347e-02 -3.531826496124268	1.0
chr14_74992930_C_T_b38	1	8.24724e-04	2.865e-01	7.342e-02 -4.5768632888793945	1.0
chr14_75002852_A_G_b38	1	8.24724e-04	2.865e-01	7.342e-02 -4.681344032287598	1.0
chr14_74998335_T_C_b38	1	8.24724e-04	2.865e-01	7.342e-02 -4.45833158493042	1.0
chr14_74997592_C_T_b38	1	8.24724e-04	2.865e-01	7.342e-02 -4.555746078491211	1.0
chr14_75123026_C_T_b38	1	8.09426e-04	2.771e-01	7.189e-02 -3.40083646774292	1.0
chr14_75157647_C_T_b38	1	8.09426e-04	2.771e-01	7.189e-02 -3.9445944333890526	1.0
chr14_75115363_C_T_b38	1	8.09426e-04	2.771e-01	7.189e-02 -3.843483924865722	1.0
chr14_75135260_C_T_b38	1	8.09426e-04	2.771e-01	7.189e-02 -3.483015298843384	1.0
chr14_75038783_A_G_b38	1	8.03069e-04	2.514e-01	7.190e-02 -3.485673427581787	1.0
chr14_75063363_C_T_b38	2	7.42532e-03	-1.792e-01	2.054e-01 0.3885346651077271	1.0
chr14_75065719_TC_T_b38	2	2.72549e-03	-1.860e-01	2.006e-01 0.4480041528253465	1.0
chr14_75068450_G_A_b38	2	1.12381e-03	-2.995e-02	1.793e-01 0.2517214119434357	1.0
chr14_75073731_C_G_b38	2	1.03923e-03	-1.949e-01	1.933e-01 0.3766369819641113	1.0
chr14_75080106_C_T_b38	2	3.80921e-04	-1.921e-01	1.942e-01 0.34097978472709656	1.0
chr14_75037451_T_TC_b38	2	6.61993e-05	-2.009e-01	1.889e-01 0.4480041528253465	1.0
chr14_75098023_G_A_b38	2	5.75331e-05	-2.009e-01	1.889e-01 0.4263607561588288	1.0
chr14_75099760_C_T_b38	2	2.74504e-05	-5.054e-02	1.669e-01 0.3695458471775055	1.0
