chr12_54102435_A_G_b38	1	5.79614e-01	-1.779e-01	3.456e-02 4.484748363494873	1.0
chr12_54108246_A_C_b38	1	2.17167e-01	-1.576e-01	3.194e-02 2.2450830936431885	1.0
chr12_54102382_G_T_b38	1	3.79352e-02	-1.399e-01	3.080e-02 2.4454214572906494	1.0
chr12_54102222_T_C_b38	1	2.61512e-02	-1.377e-01	3.093e-02 2.4316482543945312	1.0
chr12_54107041_A_G_b38	1	1.29856e-02	-1.302e-01	3.040e-02 1.1286554336547852	1.0
chr12_54037991_G_A_b38	2	1.63551e-02	-6.942e-02	8.343e-02 0.9511932134628296	1.0
chr12_54028345_A_AT_b38	2	8.05808e-04	-6.085e-03	7.442e-02 1.133606087739481	1.0
chr12_54020376_C_T_b38	2	4.37259e-04	-1.895e-02	7.781e-02 0.8107082843780518	1.0
chr12_54021316_G_A_b38	2	4.28142e-04	4.020e-02	6.455e-02 1.1217508316040041	1.0
chr12_54025518_A_G_b38	2	4.19697e-04	-8.164e-03	7.564e-02 0.7774766683578491	1.0
chr12_54017457_G_GTAGCTGGA_b38	2	2.76692e-04	-1.730e-02	6.287e-02 0.9897661474931541	1.0
