chr21_29190107_C_T_b38	1	3.30230e-01	-1.083e+00	2.060e-01 3.855909824371338	1.0
chr21_29341277_A_G_b38	1	9.07037e-02	-1.595e+00	2.367e-01 3.006504774093628	1.0
chr21_29240075_C_A_b38	1	3.55214e-02	-1.069e+00	2.035e-01 4.0740628242492685	1.0
chr21_29179418_G_A_b38	1	2.76809e-02	-1.013e+00	2.069e-01 4.008908748626709	1.0
chr21_29173679_A_G_b38	1	2.16906e-02	-1.110e+00	2.274e-01 3.947110652923584	1.0
chr21_29199348_C_T_b38	1	2.12249e-02	-7.248e-01	1.644e-01 4.400503635406494	1.0
chr21_29215117_G_T_b38	1	1.97927e-02	-9.893e-01	2.087e-01 4.2798728942871085	1.0
chr21_29212619_A_T_b38	1	1.97927e-02	-9.893e-01	2.087e-01 4.281066417694092	1.0
chr21_29236076_C_T_b38	1	1.92091e-02	-8.572e-01	1.729e-01 4.42487096786499	1.0
chr21_29195373_G_C_b38	1	1.75830e-02	-7.113e-01	1.709e-01 4.324324607849121	1.0
chr21_29195488_C_T_b38	1	1.75830e-02	-7.113e-01	1.709e-01 4.3686795234680185	1.0
chr21_29197521_G_T_b38	1	1.26016e-02	-7.113e-01	1.709e-01 4.350221633911134	1.0
chr21_29196085_G_T_b38	1	1.26016e-02	-7.113e-01	1.709e-01 4.302344799041748	1.0
chr21_29231610_C_T_b38	1	9.52447e-03	-8.495e-01	1.790e-01 4.314451217651366	1.0
chr21_29232768_A_G_b38	1	9.52447e-03	-8.495e-01	1.790e-01 4.410777568817139	1.0
chr21_29234247_A_T_b38	1	9.52447e-03	-8.495e-01	1.790e-01 4.4873929023742685	1.0
chr21_29230673_A_T_b38	1	9.52447e-03	-8.495e-01	1.790e-01 4.574657440185547	1.0
chr21_29231454_A_G_b38	1	9.52447e-03	-8.495e-01	1.790e-01 4.477280139923097	1.0
chr21_29232461_C_T_b38	1	8.70260e-03	-8.004e-01	1.705e-01 4.325769901275635	1.0
chr21_29233532_A_C_b38	1	8.70260e-03	-8.004e-01	1.705e-01 4.295882225036621	1.0
chr21_29229214_G_A_b38	1	8.70260e-03	-8.004e-01	1.705e-01 4.26600980758667	1.0
chr21_29148257_A_G_b38	1	7.57015e-03	-1.110e+00	2.274e-01 3.7150046825408936	1.0
chr21_29151864_T_G_b38	1	7.57015e-03	-1.110e+00	2.274e-01 3.6769924163818364	1.0
chr21_29216482_A_G_b38	1	7.22060e-03	-7.251e-01	1.691e-01 4.424423694610597	1.0
chr21_29213260_A_G_b38	1	7.22060e-03	-7.251e-01	1.691e-01 4.41288948059082	1.0
chr21_29216947_G_T_b38	1	7.22060e-03	-7.251e-01	1.691e-01 4.400503635406494	1.0
chr21_29214771_G_A_b38	1	7.22060e-03	-7.251e-01	1.691e-01 4.392605781555177	1.0
chr21_29213027_G_A_b38	1	7.22060e-03	-7.251e-01	1.691e-01 4.404557704925537	1.0
chr21_29212989_A_G_b38	1	7.22060e-03	-7.251e-01	1.691e-01 4.267134189605713	1.0
chr21_29185330_A_G_b38	1	5.34106e-03	-6.779e-01	1.713e-01 4.2076849937438965	1.0
chr21_29184098_TA_T_b38	1	5.34106e-03	-6.779e-01	1.713e-01 4.266713439000683	1.0
chr21_28991969_G_C_b38	1	3.81709e-03	-1.458e+00	2.582e-01 2.2953426837921143	1.0
chr21_29193248_A_G_b38	2	2.43012e-02	-4.276e-01	2.281e-01 2.3354640007019043	1.0
chr21_29191567_T_C_b38	2	2.80419e-03	-4.363e-01	2.258e-01 2.5738563537597656	1.0
chr21_29191878_T_G_b38	2	2.80419e-03	-4.363e-01	2.258e-01 2.57438325881958	1.0
chr21_29192411_T_A_b38	2	2.80419e-03	-4.363e-01	2.258e-01 2.4420382976531982	1.0
chr21_29194757_A_G_b38	2	1.98000e-03	-4.351e-01	2.254e-01 2.3191463947296143	1.0
chr21_29190885_G_A_b38	2	1.87270e-03	-4.351e-01	2.254e-01 2.567976713180542	1.0
chr21_29191777_A_G_b38	2	1.18729e-03	-3.282e-01	2.383e-01 2.452057361602783	1.0
chr21_29202926_T_A_b38	2	1.03375e-03	-4.332e-01	2.256e-01 2.287086009979248	1.0
chr21_29199513_A_T_b38	2	1.03375e-03	-4.332e-01	2.256e-01 2.2846596240997314	1.0
chr21_29188172_G_C_b38	2	6.34825e-04	-3.323e-01	1.997e-01 2.1239490509033203	1.0
chr21_29185892_G_A_b38	2	6.34825e-04	-3.323e-01	1.997e-01 2.0995335578918457	1.0
chr21_29189133_C_T_b38	2	5.04495e-04	-2.301e-01	1.851e-01 2.3292560577392583	1.0
chr21_29202215_C_G_b38	2	4.51235e-04	-3.470e-01	2.360e-01 2.34353256225586	1.0
chr21_29210362_C_T_b38	2	4.43096e-04	-4.494e-01	2.246e-01 1.9426199197769165	1.0
chr21_29215595_G_A_b38	2	4.43096e-04	-4.494e-01	2.246e-01 2.01590895652771	1.0
chr21_29209574_T_C_b38	2	4.43096e-04	-4.494e-01	2.246e-01 2.0752971172332764	1.0
chr21_29217965_A_G_b38	2	4.43096e-04	-4.494e-01	2.246e-01 2.0502350330352783	1.0
chr21_29205586_T_C_b38	2	4.43096e-04	-4.494e-01	2.246e-01 1.4916638135910034	1.0
chr21_29183918_A_G_b38	2	3.37893e-04	-2.546e-01	1.875e-01 2.20264196395874	1.0
chr21_29184732_G_A_b38	2	3.37893e-04	-2.546e-01	1.875e-01 2.2033939361572266	1.0
chr21_29185189_T_C_b38	2	3.37893e-04	-2.546e-01	1.875e-01 2.1650676727294917	1.0
chr21_29184133_A_G_b38	2	3.37893e-04	-2.546e-01	1.875e-01 1.9977506399154663	1.0
chr21_29187133_T_C_b38	2	3.37893e-04	-2.546e-01	1.875e-01 2.1948897838592534	1.0
chr21_29184902_A_G_b38	2	3.37893e-04	-2.546e-01	1.875e-01 2.1542036533355717	1.0
chr21_29169009_T_C_b38	2	2.87314e-04	-3.695e-01	1.973e-01 2.249133586883545	1.0
chr21_29207405_G_GT_b38	2	2.57521e-04	-3.223e-01	2.002e-01 2.1275082150175955	1.0
chr21_29203776_G_A_b38	2	2.57521e-04	-3.223e-01	2.002e-01 2.1056749820709233	1.0
chr21_29208084_G_A_b38	2	2.57521e-04	-3.223e-01	2.002e-01 1.87993597984314	1.0
chr21_29177883_T_G_b38	2	2.34384e-04	-3.412e-01	2.022e-01 2.0760719776153564	1.0
chr21_29171361_A_G_b38	2	2.34384e-04	-3.412e-01	2.022e-01 2.12234115600586	1.0
chr21_29222424_T_C_b38	2	1.63768e-04	-4.494e-01	2.246e-01 2.0494451522827153	1.0
chr21_29230465_T_A_b38	2	1.63768e-04	-4.494e-01	2.246e-01 1.9499708414077759	1.0
chr21_29236564_A_G_b38	2	1.63768e-04	-4.494e-01	2.246e-01 2.086100816726685	1.0
chr21_29182419_C_A_b38	2	1.48990e-04	-2.546e-01	1.875e-01 2.1688194274902344	1.0
chr21_29182313_T_C_b38	2	1.48990e-04	-2.546e-01	1.875e-01 1.9987094402313232	1.0
chr21_29183050_A_AG_b38	2	1.48990e-04	-2.546e-01	1.875e-01 2.2591480084710116	1.0
chr21_29182935_A_G_b38	2	1.48990e-04	-2.546e-01	1.875e-01 2.1624372005462646	1.0
chr21_29177982_C_G_b38	2	1.38910e-04	-2.519e-01	1.886e-01 2.208247900009156	1.0
chr21_29176337_T_C_b38	2	1.38910e-04	-2.519e-01	1.886e-01 2.2145438194274902	1.0
chr21_29179279_A_G_b38	2	1.36923e-04	-2.577e-01	2.117e-01 2.161146879196167	1.0
chr21_29154590_A_G_b38	2	1.33238e-04	-4.541e-01	2.099e-01 2.047088384628296	1.0
chr21_29239169_A_G_b38	2	1.32950e-04	-4.431e-01	2.359e-01 2.068981647491455	1.0
chr21_29152204_C_T_b38	2	1.21691e-04	4.260e-01	2.187e-01 -2.12469220161438	1.0
chr21_29153922_T_C_b38	2	1.21691e-04	-4.260e-01	2.187e-01 2.0067884922027592	1.0
chr21_29193408_A_G_b38	3	1.51748e-03	-3.275e-01	3.989e-01 -2.279006242752075	1.0
chr21_29190984_G_T_b38	3	1.47180e-04	-1.267e-01	3.624e-01 -2.3970980644226074	1.0
chr21_29191436_A_G_b38	3	1.47180e-04	-1.267e-01	3.624e-01 -2.399564266204834	1.0
chr21_29190676_A_T_b38	3	1.02935e-04	-1.391e-01	3.620e-01 -2.0737673926544855	1.0
chr21_29190129_C_T_b38	3	1.01462e-04	-1.267e-01	3.624e-01 -2.3853559494018555	1.0
chr21_29197965_G_A_b38	3	6.81194e-05	-1.267e-01	3.623e-01 -2.47168231010437	1.0
chr21_29202954_A_C_b38	3	5.43321e-05	-1.267e-01	3.624e-01 -2.4791064262390137	1.0
chr21_29185397_G_C_b38	3	5.23025e-05	-1.677e-01	3.252e-01 -2.5303308963775635	1.0
chr21_29212486_G_A_b38	3	2.75665e-05	-7.169e-02	3.096e-01 -2.53278923034668	1.0
chr21_29204256_C_T_b38	3	2.49090e-05	-5.404e-03	3.170e-01 -2.475612163543701	1.0
chr21_29205670_G_A_b38	3	2.49090e-05	-5.404e-03	3.170e-01 -2.476692676544189	1.0
chr21_29171122_G_A_b38	3	2.14781e-05	-7.837e-02	3.025e-01 -2.6182615756988525	1.0
chr21_29181648_A_C_b38	3	2.14781e-05	-7.837e-02	3.025e-01 -2.5931618213653564	1.0
chr21_29177262_GA_G_b38	3	2.14781e-05	-7.837e-02	3.025e-01 -2.3667626880631256	1.0
