chr2_85561052_T_A_b38	1	5.75540e-01	2.643e-01	2.452e-02 6.269589900970459	1.0
chr2_85565261_G_A_b38	1	1.67760e-01	2.763e-01	2.551e-02 5.937160968780518	1.0
chr2_85567174_T_C_b38	1	1.04335e-01	2.763e-01	2.551e-02 6.021320343017577	1.0
chr2_85567292_A_G_b38	1	1.04335e-01	2.763e-01	2.551e-02 5.932696342468263	1.0
chr2_85549367_C_CTTTA_b38	1	2.44464e-02	2.641e-01	2.437e-02 6.115100377140568	1.0
chr2_85556005_T_G_b38	1	2.29929e-02	2.626e-01	2.442e-02 6.201296329498291	1.0
chr2_85517762_A_C_b38	2	5.68782e-01	2.401e-01	3.549e-02 1.776724338531494	1.0
chr2_85584951_C_T_b38	2	3.97210e-01	2.439e-01	3.720e-02 1.8831022977828982	1.0
chr2_85565813_G_T_b38	2	8.35350e-03	2.291e-01	3.787e-02 1.6297729015350342	1.0
chr2_85566439_G_A_b38	2	8.35350e-03	2.291e-01	3.787e-02 1.6164835691452026	1.0
chr2_85565364_A_G_b38	2	8.35350e-03	2.291e-01	3.787e-02 1.607880711555481	1.0
chr2_85564729_A_G_b38	2	8.35350e-03	2.291e-01	3.787e-02 1.3779296875	1.0
chr2_85589211_A_G_b38	3	3.96153e-03	8.844e-02	3.095e-02 2.761906147003174	1.0
chr2_85512861_A_G_b38	3	9.70969e-04	7.116e-02	3.050e-02 2.61135196685791	1.0
chr2_85503518_T_C_b38	3	4.00856e-04	7.058e-02	2.826e-02 1.8308287858963013	1.0
chr2_85632712_T_A_b38	3	7.50495e-05	-4.869e-02	2.807e-02 -1.5423942804336548	1.0
chr2_85613705_TC_T_b38	3	7.07803e-05	-4.785e-02	2.820e-02 -1.2933833572955282	1.0
