chr1_151790770_G_A_b38	1	5.66033e-01	4.891e-01	6.511e-02 4.820777416229248	1.0
chr1_151793339_C_G_b38	1	6.38954e-02	4.905e-01	6.393e-02 4.820777416229248	1.0
chr1_151794375_T_A_b38	1	6.38954e-02	4.905e-01	6.393e-02 4.826433181762695	1.0
chr1_151794014_C_T_b38	1	6.38954e-02	4.905e-01	6.393e-02 4.516062736511231	1.0
chr1_151797274_T_C_b38	1	5.63089e-02	-5.163e-01	7.804e-02 -4.390673637390137	1.0
chr1_151791573_A_G_b38	1	5.01032e-02	4.859e-01	6.609e-02 4.8337273597717285	1.0
chr1_151787655_T_C_b38	1	3.30934e-02	5.019e-01	7.131e-02 4.301037788391113	1.0
chr1_151786747_T_A_b38	1	3.21559e-02	5.034e-01	6.967e-02 4.318631172180177	1.0
chr1_151794112_A_G_b38	1	2.43239e-02	4.999e-01	7.130e-02 4.183543682098389	1.0
chr1_151788316_A_G_b38	1	1.95274e-02	4.923e-01	7.130e-02 4.2572035789489755	1.0
chr1_151797662_T_C_b38	1	9.57824e-03	4.936e-01	6.235e-02 4.819386959075928	1.0
chr1_151786628_C_T_b38	1	6.63393e-03	5.028e-01	6.751e-02 4.331644058227538	1.0
chr1_151775949_C_A_b38	2	4.19834e-02	-1.769e-01	5.219e-02 -2.1117138862609863	1.0
chr1_151780842_T_G_b38	2	1.66836e-02	1.601e-01	5.597e-02 3.1059012413024902	1.0
chr1_151775323_G_A_b38	2	1.39457e-02	-1.620e-01	5.412e-02 -3.210075855255127	1.0
chr1_151789632_C_T_b38	2	1.37784e-02	1.328e-01	5.542e-02 3.3772292137146	1.0
chr1_151789148_G_A_b38	2	1.14130e-02	1.287e-01	5.560e-02 3.3821532726287837	1.0
chr1_151800691_G_A_b38	2	9.62054e-03	1.421e-01	5.552e-02 3.458992481231689	1.0
chr1_151799353_A_G_b38	2	9.36472e-03	1.419e-01	5.572e-02 3.3993346691131587	1.0
chr1_151767944_G_A_b38	2	8.00419e-03	1.559e-01	5.587e-02 3.0192873477935787	1.0
chr1_151799999_A_G_b38	2	7.70143e-03	1.370e-01	5.554e-02 3.394237518310547	1.0
chr1_151806207_C_T_b38	2	7.27377e-03	-1.477e-01	5.158e-02 -2.4704477787017822	1.0
chr1_151803738_A_G_b38	2	7.07969e-03	1.460e-01	4.852e-02 -0.18307675421237946	1.0
chr1_151777957_T_C_b38	2	6.84542e-03	1.529e-01	5.600e-02 3.173814058303833	1.0
chr1_151769943_GC_G_b38	2	5.49443e-03	1.533e-01	5.594e-02 3.0519005722507675	1.0
chr1_151768977_G_A_b38	2	5.49443e-03	1.533e-01	5.594e-02 3.0519005722507675	1.0
chr1_151770322_T_C_b38	2	5.26347e-03	1.522e-01	5.588e-02 3.0905888080596924	1.0
chr1_151769933_A_G_b38	2	4.57095e-03	1.425e-01	5.390e-02 3.067302703857422	1.0
chr1_151803929_A_C_b38	2	2.61744e-03	1.388e-01	5.500e-02 3.3386385440826416	1.0
chr1_151785111_T_C_b38	2	1.58214e-03	1.147e-01	5.385e-02 3.2548305988311768	1.0
chr1_151806423_T_C_b38	2	1.45432e-03	1.265e-01	5.497e-02 3.497352838516236	1.0
chr1_151805175_G_A_b38	2	8.95633e-04	1.154e-01	5.452e-02 3.459091901779175	1.0
chr1_151808852_A_G_b38	2	7.67792e-04	1.111e-01	5.432e-02 3.468588590621948	1.0
chr1_151809931_G_T_b38	2	6.32565e-04	-1.042e-01	5.164e-02 -2.9631986618041988	1.0
chr1_151795572_A_G_b38	3	3.41815e-03	4.754e-01	1.102e-01 4.829319953918457	1.0
chr1_151785322_C_T_b38	3	3.39563e-03	4.839e-01	1.137e-01 4.2202792167663565	1.0
chr1_151789832_C_G_b38	3	2.77051e-03	3.429e-01	2.518e-01 4.8858184814453125	1.0
chr1_151791291_C_T_b38	3	2.02151e-03	1.641e-01	1.941e-01 -4.097853183746338	1.0
chr1_151791339_C_T_b38	3	6.87334e-04	8.999e-02	1.118e-01 4.844391822814941	1.0
chr1_151782808_C_G_b38	3	3.32538e-04	-4.489e-01	1.471e-01 -4.226836204528809	1.0
chr1_151773726_T_A_b38	3	2.79674e-04	-4.597e-01	1.324e-01 -4.181180000305177	1.0
chr1_151773069_GTCTC_G_b38	3	2.79674e-04	-4.597e-01	1.324e-01 -4.2330070548226235	1.0
chr1_151773603_A_T_b38	3	2.79674e-04	-4.597e-01	1.324e-01 -4.156613349914552	1.0
chr1_151771692_T_C_b38	3	1.71235e-04	-4.370e-01	1.536e-01 -4.1074795722961435	1.0
chr1_151769857_G_A_b38	3	1.71235e-04	-4.370e-01	1.536e-01 -3.807286500930786	1.0
chr1_151781146_T_G_b38	3	1.35377e-04	-3.901e-01	1.960e-01 -4.239518165588379	1.0
chr1_151764873_T_A_b38	3	8.79323e-05	4.661e-01	6.095e-02 4.782649040222168	1.0
chr1_151770799_T_G_b38	3	5.56239e-05	-4.802e-01	6.458e-02 -4.0199923515319815	1.0
chr1_151797330_G_A_b38	3	4.80281e-05	-1.754e-01	2.597e-01 -4.183543682098389	1.0
chr1_151797411_A_C_b38	3	3.17399e-05	1.225e-01	1.279e-01 -4.073057174682616	1.0
chr1_151784552_G_GGA_b38	3	2.56438e-05	1.221e-01	1.036e-01 -3.846740548094601	1.0
chr1_151784554_T_TCA_b38	3	2.56438e-05	1.221e-01	1.036e-01 -3.846740548094601	1.0
chr1_151784556_C_CA_b38	3	2.56438e-05	1.221e-01	1.036e-01 -3.846740548094601	1.0
