chr2_202912503_C_T_b38	1	2.49816e-01	-1.861e-01	4.071e-02 6.396479606628418	1.0
chr2_202910025_G_A_b38	1	4.63088e-02	-1.860e-01	4.057e-02 8.528700828552246	1.0
chr2_202910752_G_A_b38	1	4.63088e-02	-1.860e-01	4.057e-02 8.520401954650879	1.0
chr2_202910011_G_C_b38	1	4.63088e-02	-1.860e-01	4.057e-02 8.529485702514647	1.0
chr2_202910989_G_A_b38	1	4.63088e-02	-1.860e-01	4.057e-02 8.521133422851562	1.0
chr2_202913477_A_T_b38	1	4.34248e-02	-1.860e-01	4.057e-02 8.557842254638674	1.0
chr2_202908963_A_G_b38	1	2.76366e-02	-1.860e-01	4.066e-02 8.528700828552246	1.0
chr2_202908514_G_A_b38	1	2.76366e-02	-1.860e-01	4.066e-02 8.527148246765138	1.0
chr2_202908261_C_T_b38	1	2.76366e-02	-1.860e-01	4.066e-02 8.541928291320799	1.0
chr2_202915756_T_C_b38	1	2.75780e-02	-1.860e-01	4.066e-02 8.628429412841799	1.0
chr2_202917018_G_A_b38	1	2.75780e-02	-1.860e-01	4.066e-02 8.591287612915039	1.0
chr2_202915792_A_G_b38	1	2.75780e-02	-1.860e-01	4.066e-02 8.605930328369139	1.0
chr2_202922089_A_G_b38	1	1.50333e-02	-1.859e-01	4.086e-02 8.583037376403809	1.0
chr2_202918286_C_T_b38	1	1.50333e-02	1.859e-01	4.086e-02 -7.0791893005371085	1.0
chr2_202918761_G_A_b38	1	1.50333e-02	-1.859e-01	4.086e-02 8.586318969726562	1.0
chr2_202904389_C_T_b38	1	1.45634e-02	-1.858e-01	4.070e-02 8.528700828552246	1.0
chr2_202905080_C_T_b38	1	1.45634e-02	-1.858e-01	4.070e-02 8.528700828552246	1.0
chr2_202906537_G_A_b38	1	1.45634e-02	-1.858e-01	4.070e-02 8.536791801452638	1.0
chr2_202904063_G_A_b38	1	1.45634e-02	-1.858e-01	4.070e-02 8.528700828552246	1.0
chr2_202906929_C_G_b38	1	1.45634e-02	-1.858e-01	4.070e-02 8.530275344848633	1.0
chr2_202879887_G_A_b38	1	1.02848e-02	-1.956e-01	3.527e-02 8.209560394287111	1.0
chr2_202933595_C_T_b38	1	6.67726e-03	-1.813e-01	3.436e-02 8.579121589660645	1.0
chr2_202922682_A_G_b38	1	6.67726e-03	-1.813e-01	3.436e-02 8.586318969726562	1.0
chr2_202926610_G_A_b38	1	6.67726e-03	-1.813e-01	3.436e-02 8.58143138885498	1.0
chr2_202924956_C_T_b38	1	6.67726e-03	-1.813e-01	3.436e-02 8.582293510437013	1.0
chr2_202933642_TC_T_b38	1	6.67726e-03	-1.813e-01	3.436e-02 8.453813557329951	1.0
chr2_202936503_T_G_b38	1	6.67726e-03	-1.813e-01	3.436e-02 8.571664810180664	1.0
chr2_202931264_T_G_b38	1	6.67726e-03	-1.813e-01	3.436e-02 8.58008861541748	1.0
chr2_202927189_G_A_b38	1	6.67726e-03	-1.813e-01	3.436e-02 8.578043937683105	1.0
chr2_202929716_G_A_b38	1	6.67726e-03	-1.813e-01	3.436e-02 8.579967498779299	1.0
chr2_202931039_G_A_b38	1	6.67726e-03	-1.813e-01	3.436e-02 8.556843757629395	1.0
chr2_202927905_A_G_b38	1	6.67726e-03	-1.813e-01	3.436e-02 8.579121589660645	1.0
chr2_202932091_C_G_b38	1	6.67726e-03	-1.813e-01	3.436e-02 8.557842254638674	1.0
chr2_202924227_T_C_b38	1	6.67726e-03	-1.813e-01	3.436e-02 8.619921684265138	1.0
chr2_202922397_A_G_b38	1	6.67726e-03	-1.813e-01	3.436e-02 8.582789421081543	1.0
chr2_202929539_T_C_b38	1	6.67726e-03	-1.813e-01	3.436e-02 8.561923027038574	1.0
chr2_202926166_T_C_b38	1	6.67726e-03	-1.813e-01	3.436e-02 8.595088958740233	1.0
chr2_202901033_T_C_b38	1	6.66688e-03	-1.813e-01	3.436e-02 8.534305572509767	1.0
chr2_202891954_G_A_b38	1	6.66688e-03	-1.813e-01	3.436e-02 8.57568359375	1.0
chr2_202896954_G_A_b38	1	6.66688e-03	-1.813e-01	3.436e-02 8.597318649291992	1.0
chr2_202888293_G_A_b38	1	6.66688e-03	-1.813e-01	3.436e-02 8.606386184692383	1.0
chr2_202893828_C_T_b38	1	6.66688e-03	-1.813e-01	3.436e-02 8.623214721679688	1.0
chr2_202898353_T_G_b38	1	6.66688e-03	-1.813e-01	3.436e-02 8.53187084197998	1.0
chr2_202887258_A_G_b38	1	6.66688e-03	-1.813e-01	3.436e-02 8.589564323425293	1.0
chr2_202893673_T_C_b38	1	6.66688e-03	-1.813e-01	3.436e-02 8.591689109802246	1.0
chr2_202888349_T_C_b38	1	6.66688e-03	-1.813e-01	3.436e-02 8.606690406799316	1.0
chr2_202900086_T_A_b38	1	6.66688e-03	-1.813e-01	3.436e-02 8.546388626098633	1.0
chr2_202893193_A_G_b38	1	6.66688e-03	-1.813e-01	3.436e-02 8.612154960632324	1.0
chr2_202893798_C_A_b38	1	6.66688e-03	-1.813e-01	3.436e-02 8.618731498718263	1.0
chr2_202901840_T_C_b38	1	6.66688e-03	-1.813e-01	3.436e-02 8.534305572509767	1.0
chr2_202896433_TA_T_b38	1	6.66688e-03	-1.813e-01	3.436e-02 8.436722293834203	1.0
chr2_202967397_A_G_b38	1	1.05753e-03	-1.932e-01	3.594e-02 8.125914573669434	1.0
chr2_202968295_G_A_b38	1	1.05753e-03	-1.932e-01	3.594e-02 7.727128028869629	1.0
chr2_202885549_C_T_b38	1	5.51291e-04	-1.775e-01	3.374e-02 8.606386184692383	1.0
chr2_202884053_T_C_b38	1	5.51291e-04	-1.775e-01	3.374e-02 8.629724502563478	1.0
chr2_202873047_A_G_b38	1	5.51291e-04	-1.775e-01	3.374e-02 8.60074520111084	1.0
chr2_202879722_G_A_b38	1	5.51291e-04	-1.775e-01	3.374e-02 8.622513771057129	1.0
chr2_202864261_C_T_b38	1	5.51291e-04	-1.775e-01	3.374e-02 8.621296882629395	1.0
chr2_202864454_C_G_b38	1	5.51291e-04	-1.775e-01	3.374e-02 8.620264053344728	1.0
chr2_202876639_A_T_b38	1	5.51291e-04	-1.775e-01	3.374e-02 8.603977203369139	1.0
chr2_202877269_G_GGAAAA_b38	1	5.51291e-04	-1.775e-01	3.374e-02 8.436722293834203	1.0
chr2_202884716_T_C_b38	1	5.51291e-04	-1.775e-01	3.374e-02 8.615068435668945	1.0
chr2_202876138_T_C_b38	1	5.51291e-04	-1.775e-01	3.374e-02 8.595227241516112	1.0
chr2_202879731_C_T_b38	1	5.51291e-04	-1.775e-01	3.374e-02 8.50538158416748	1.0
chr2_202880604_T_C_b38	1	5.51291e-04	-1.775e-01	3.374e-02 8.62498664855957	1.0
chr2_202869642_A_T_b38	1	5.51291e-04	-1.775e-01	3.374e-02 8.546388626098633	1.0
chr2_202875547_A_C_b38	1	5.51291e-04	-1.775e-01	3.374e-02 8.599735260009767	1.0
chr2_202871528_C_G_b38	1	5.51291e-04	-1.775e-01	3.374e-02 8.489235877990723	1.0
chr2_202882093_A_G_b38	1	5.51291e-04	-1.775e-01	3.374e-02 8.415566444396973	1.0
chr2_202870143_C_A_b38	1	5.51291e-04	-1.775e-01	3.374e-02 8.606234550476074	1.0
chr2_202875247_T_G_b38	1	5.51291e-04	-1.775e-01	3.374e-02 8.605930328369139	1.0
chr2_202863724_G_A_b38	1	5.51291e-04	-1.775e-01	3.374e-02 8.619409561157228	1.0
chr2_202876215_G_C_b38	1	5.51291e-04	-1.775e-01	3.374e-02 8.602644920349121	1.0
chr2_202882799_A_G_b38	1	5.51291e-04	-1.775e-01	3.374e-02 8.628798484802246	1.0
chr2_202876075_C_T_b38	1	5.51291e-04	-1.775e-01	3.374e-02 8.610882759094237	1.0
chr2_202887209_C_G_b38	1	5.51291e-04	-1.775e-01	3.374e-02 8.606234550476074	1.0
chr2_202869266_G_A_b38	1	5.51291e-04	-1.775e-01	3.374e-02 8.507973670959473	1.0
chr2_202878716_TC_T_b38	1	5.51291e-04	-1.775e-01	3.374e-02 8.436722293834203	1.0
chr2_202875133_C_G_b38	1	5.51291e-04	-1.775e-01	3.374e-02 8.599592208862305	1.0
chr2_202875287_C_T_b38	1	5.51291e-04	-1.775e-01	3.374e-02 8.596059799194336	1.0
chr2_202881162_T_C_b38	1	5.51291e-04	-1.775e-01	3.374e-02 8.57972526550293	1.0
chr2_202865040_G_A_b38	1	5.51291e-04	-1.775e-01	3.374e-02 8.581923484802246	1.0
chr2_202941714_GTTAATTTT_G_b38	1	5.02550e-04	-1.775e-01	3.374e-02 8.436722293834203	1.0
chr2_202954748_A_G_b38	1	5.02550e-04	-1.775e-01	3.374e-02 8.56088924407959	1.0
chr2_202947189_A_C_b38	1	5.02550e-04	-1.775e-01	3.374e-02 8.521867752075195	1.0
chr2_202947179_A_T_b38	1	5.02550e-04	-1.775e-01	3.374e-02 8.521867752075195	1.0
chr2_202939566_C_T_b38	1	5.02550e-04	-1.775e-01	3.374e-02 8.574174880981445	1.0
chr2_202957070_T_C_b38	1	5.02550e-04	-1.775e-01	3.374e-02 8.561923027038574	1.0
chr2_202958677_C_T_b38	1	5.02550e-04	-1.775e-01	3.374e-02 8.55986499786377	1.0
chr2_202942001_C_T_b38	1	5.02550e-04	-1.775e-01	3.374e-02 8.570541381835938	1.0
chr2_202946905_G_A_b38	1	5.02550e-04	-1.775e-01	3.374e-02 8.564019203186035	1.0
chr2_202949971_A_T_b38	1	5.02550e-04	-1.775e-01	3.374e-02 8.564019203186035	1.0
chr2_202940829_G_A_b38	1	5.02550e-04	-1.775e-01	3.374e-02 8.567234039306639	1.0
chr2_202958168_C_G_b38	1	5.02550e-04	-1.775e-01	3.374e-02 8.55986499786377	1.0
chr2_202942360_A_T_b38	1	5.02550e-04	-1.775e-01	3.374e-02 8.570541381835938	1.0
chr2_202961673_G_A_b38	1	5.02550e-04	-1.775e-01	3.374e-02 8.547301292419434	1.0
chr2_202960383_A_G_b38	1	5.02550e-04	-1.775e-01	3.374e-02 8.564019203186035	1.0
chr2_202941206_C_G_b38	1	5.02550e-04	-1.775e-01	3.374e-02 8.570541381835938	1.0
chr2_202944112_G_A_b38	1	5.02550e-04	-1.775e-01	3.374e-02 8.570541381835938	1.0
chr2_202951771_G_A_b38	1	5.02550e-04	-1.775e-01	3.374e-02 8.566152572631836	1.0
chr2_202976091_A_C_b38	2	2.05568e-01	1.178e-01	2.151e-02 -3.5451431274414062	1.0
chr2_202984001_G_A_b38	2	1.38241e-01	1.173e-01	2.162e-02 -4.14219331741333	1.0
chr2_202958984_CTT_C_b38	2	1.03373e-01	1.103e-01	2.157e-02 -4.180007182871344	1.0
chr2_202919479_A_G_b38	2	9.22531e-02	1.029e-01	2.156e-02 -3.990622758865357	1.0
chr2_202998001_T_A_b38	2	7.78016e-02	1.149e-01	2.161e-02 -4.063704490661621	1.0
chr2_202976095_A_C_b38	2	7.78016e-02	1.149e-01	2.161e-02 -3.575245141983032	1.0
chr2_202976099_A_C_b38	2	7.78016e-02	1.149e-01	2.161e-02 -3.5868475437164307	1.0
chr2_202994315_G_A_b38	2	7.10774e-02	1.130e-01	2.147e-02 -4.048713207244873	1.0
chr2_202955552_T_C_b38	2	6.28630e-02	1.079e-01	2.153e-02 -4.026139736175537	1.0
chr2_202959236_T_TAA_b38	2	2.97251e-02	1.088e-01	2.097e-02 1.344963250504252	1.0
chr2_202978410_G_T_b38	2	2.74083e-02	1.103e-01	2.155e-02 -4.1092185974121085	1.0
chr2_203004893_G_C_b38	2	1.09669e-02	1.087e-01	2.166e-02 -3.9946129322052	1.0
chr2_202929020_AC_A_b38	2	9.92328e-03	9.670e-02	2.137e-02 -3.808814693291613	1.0
chr2_203008566_G_A_b38	2	6.54185e-03	1.066e-01	2.142e-02 -3.9236981868743896	1.0
chr2_203003543_C_T_b38	2	1.22307e-03	1.015e-01	2.146e-02 -3.8782744407653813	1.0
chr2_203066289_A_G_b38	2	1.01842e-03	1.102e-01	2.165e-02 -3.977991104125977	1.0
chr2_202901644_T_C_b38	2	7.35555e-04	8.763e-02	2.093e-02 -3.971238374710083	1.0
chr2_203017870_A_C_b38	2	7.05863e-04	1.087e-01	2.168e-02 -3.92759370803833	1.0
chr2_203012200_A_T_b38	2	4.98427e-04	9.784e-02	2.157e-02 -3.882002115249634	1.0
chr2_203002975_G_C_b38	2	4.25664e-04	1.008e-01	2.120e-02 0.9990096688270568	1.0
chr2_202912476_C_CT_b38	3	4.27210e-02	-7.443e-02	3.970e-02 -0.43519822989465423	1.0
chr2_202916348_C_T_b38	3	1.42180e-03	-6.855e-02	3.929e-02 -0.5950116515159607	1.0
chr2_202903616_C_T_b38	3	8.52845e-04	-7.771e-02	4.068e-02 -0.4915930032730103	1.0
chr2_202918486_T_C_b38	3	3.77575e-04	-6.147e-02	3.946e-02 -0.5862601399421692	1.0
chr2_202896851_A_G_b38	3	2.93309e-04	-7.701e-02	4.124e-02 -0.19096973538398745	1.0
chr2_202887306_C_G_b38	3	2.39939e-04	-7.150e-02	4.090e-02 -0.43519822989465423	1.0
chr2_202898078_CA_C_b38	3	2.39939e-04	-7.150e-02	4.090e-02 -0.4199949240077088	1.0
chr2_202887302_G_GCA_b38	3	2.39939e-04	-7.150e-02	4.090e-02 -0.43519822989465423	1.0
chr2_202887305_C_A_b38	3	2.39939e-04	-7.150e-02	4.090e-02 -0.43519822989465423	1.0
chr2_202928093_C_T_b38	3	7.11166e-05	-5.763e-02	4.051e-02 -0.7961698770523071	1.0
chr2_202884669_C_CTTT_b38	3	4.27912e-05	-7.929e-02	4.059e-02 -0.43519822989465423	1.0
chr2_202883871_A_G_b38	3	4.06330e-05	-7.656e-02	3.959e-02 -0.5921533703804016	1.0
chr2_202867547_T_C_b38	3	1.91416e-05	-7.035e-02	4.038e-02 -0.5941242575645447	1.0
chr2_202829755_G_A_b38	4	1.44320e-04	-1.572e-01	4.223e-02 0.013670824468135834	1.0
