chr1_201917641_TA_T_b38	1	4.96817e-01	-2.731e-01	2.952e-02 3.9186043767949017	1.0
chr1_201901093_A_G_b38	1	1.00793e-01	-2.636e-01	2.911e-02 3.904040336608887	1.0
chr1_201900129_G_A_b38	1	4.79034e-02	-2.648e-01	2.973e-02 4.136919021606444	1.0
chr1_201896635_A_G_b38	1	4.68913e-02	2.640e-01	2.968e-02 -3.8879365921020512	1.0
chr1_201903081_A_C_b38	1	4.24293e-02	-2.634e-01	2.960e-02 4.023252010345459	1.0
chr1_201915824_T_C_b38	1	1.76924e-02	-2.555e-01	2.892e-02 3.8065829277038574	1.0
chr1_201915898_C_T_b38	1	1.61628e-02	-2.570e-01	2.911e-02 3.916080951690674	1.0
chr1_201916029_C_T_b38	1	1.61628e-02	-2.570e-01	2.911e-02 3.9309809207916264	1.0
chr1_201903136_C_T_b38	1	1.39650e-02	-2.736e-01	3.092e-02 4.523588180541992	1.0
chr1_201852315_T_C_b38	1	1.25924e-02	-2.639e-01	2.959e-02 4.0437636375427255	1.0
chr1_201863736_G_C_b38	1	1.25924e-02	-2.639e-01	2.959e-02 4.064188003540038	1.0
chr1_201849501_T_C_b38	1	1.25924e-02	-2.639e-01	2.959e-02 4.0972981452941895	1.0
chr1_201846726_A_G_b38	1	1.25924e-02	-2.639e-01	2.959e-02 4.067109107971191	1.0
chr1_201861119_T_C_b38	1	1.25924e-02	-2.639e-01	2.959e-02 4.117502689361571	1.0
chr1_201847511_ATCTTTT_A_b38	1	1.25924e-02	-2.639e-01	2.959e-02 3.9206762859177857	1.0
chr1_201915160_C_G_b38	1	9.78422e-03	-2.553e-01	2.918e-02 3.784690380096436	1.0
chr1_201887128_C_G_b38	1	7.71888e-03	2.592e-01	2.942e-02 -3.4138152599334717	1.0
chr1_201895702_A_G_b38	1	7.58230e-03	2.630e-01	2.977e-02 -3.8812990188598633	1.0
chr1_201831740_G_A_b38	1	7.45301e-03	-2.683e-01	2.937e-02 3.91235613822937	1.0
chr1_201857212_C_T_b38	1	6.70230e-03	-2.617e-01	2.964e-02 4.073057174682616	1.0
chr1_201872348_A_G_b38	1	6.70230e-03	-2.617e-01	2.964e-02 4.129217624664307	1.0
chr1_201857354_C_T_b38	1	6.70230e-03	-2.617e-01	2.964e-02 4.073559761047363	1.0
chr1_201881263_C_CACTT_b38	1	6.70230e-03	2.617e-01	2.964e-02 -3.868427784259613	1.0
chr1_201876447_C_A_b38	1	6.70230e-03	-2.617e-01	2.964e-02 4.131757736206056	1.0
chr1_201868979_G_A_b38	1	6.70230e-03	-2.617e-01	2.964e-02 4.128586769104004	1.0
chr1_201831883_C_G_b38	1	6.25572e-03	-2.690e-01	2.950e-02 3.780362844467163	1.0
chr1_201818812_T_C_b38	1	5.47045e-03	-2.798e-01	2.992e-02 4.351839542388916	1.0
chr1_201831383_T_G_b38	1	5.34765e-03	-2.640e-01	2.907e-02 3.786311388015747	1.0
chr1_201938746_A_G_b38	2	1.83280e-01	-1.615e-01	4.400e-02 -1.0784761905670166	1.0
chr1_201926536_T_C_b38	2	1.95189e-02	1.568e-01	4.797e-02 0.059750813990831375	1.0
chr1_201933632_C_A_b38	2	1.18633e-02	1.516e-01	4.903e-02 0.5729638338088989	1.0
chr1_201902097_G_A_b38	2	3.39034e-03	1.489e-01	4.753e-02 -1.20373272895813	1.0
chr1_201908023_G_T_b38	2	3.39034e-03	1.489e-01	4.753e-02 -1.1950803995132446	1.0
chr1_201898941_C_T_b38	2	3.39034e-03	1.489e-01	4.753e-02 -1.1616164445877075	1.0
chr1_201905355_G_A_b38	2	3.39034e-03	1.489e-01	4.753e-02 -1.1900126934051514	1.0
chr1_201920303_G_A_b38	2	1.31386e-03	1.371e-01	4.954e-02 -0.4802002608776093	1.0
chr1_201857583_G_T_b38	2	1.06751e-03	1.489e-01	4.753e-02 -0.9761674404144288	1.0
chr1_201867583_G_A_b38	2	1.06751e-03	1.489e-01	4.753e-02 -0.8439883589744568	1.0
chr1_201876304_C_T_b38	2	1.06751e-03	1.489e-01	4.753e-02 -0.9844990372657776	1.0
chr1_201867725_C_T_b38	2	1.06751e-03	1.489e-01	4.753e-02 -0.979273796081543	1.0
chr1_201854465_A_G_b38	2	1.06751e-03	1.489e-01	4.753e-02 -0.9440290331840516	1.0
chr1_201878137_G_T_b38	2	1.06751e-03	1.489e-01	4.753e-02 -0.9840341806411744	1.0
chr1_201887834_C_T_b38	2	1.06751e-03	1.489e-01	4.753e-02 -0.9638273119926452	1.0
chr1_201885409_G_A_b38	2	1.06751e-03	1.489e-01	4.753e-02 -0.9792647361755372	1.0
chr1_201858791_C_G_b38	2	1.06751e-03	1.489e-01	4.753e-02 -0.9554703235626221	1.0
chr1_201877418_G_A_b38	2	1.06751e-03	1.489e-01	4.753e-02 -0.9833425283432008	1.0
chr1_201864994_A_G_b38	2	1.06751e-03	1.489e-01	4.753e-02 -0.973623514175415	1.0
chr1_201877556_G_T_b38	2	1.06751e-03	1.489e-01	4.753e-02 -0.9832792878150941	1.0
chr1_201915555_C_G_b38	2	8.05715e-04	1.291e-01	4.987e-02 -0.8083627223968506	1.0
chr1_201946530_A_C_b38	3	7.46543e-03	1.217e-01	7.739e-02 0.0	1.0
chr1_201946590_C_G_b38	3	7.46543e-03	1.217e-01	7.739e-02 0.0	1.0
