chr10_89247603_T_G_b38	1	4.24685e-01	2.162e-01	2.731e-02 6.811777591705322	1.0
chr10_89250722_A_C_b38	1	2.47145e-01	2.085e-01	2.659e-02 6.69613790512085	1.0
chr10_89249116_C_T_b38	1	1.25367e-01	2.082e-01	2.692e-02 6.587930202484131	1.0
chr10_89246195_G_A_b38	1	1.09441e-01	2.080e-01	2.697e-02 6.660444736480713	1.0
chr10_89251924_C_T_b38	1	5.17861e-02	2.049e-01	2.694e-02 6.798110485076903	1.0
chr10_89252465_GTGA_G_b38	1	4.09424e-02	2.043e-01	2.698e-02 0.0	1.0
chr10_89224275_G_A_b38	2	4.88427e-01	2.678e-01	3.430e-02 1.39971661567688	1.0
chr10_89224866_A_G_b38	2	3.08399e-01	2.658e-01	3.433e-02 1.4749011993408203	1.0
chr10_89225310_CGCCCTCTCGCGGA_C_b38	2	2.02539e-01	2.633e-01	3.429e-02 0.0	1.0
chr10_90066066_G_T_b38	3	2.25015e-02	2.682e-01	5.353e-02 0.2188090533018112	1.0
chr10_90059571_A_G_b38	3	1.34338e-02	2.596e-01	5.301e-02 0.1644691824913025	1.0
chr10_90064436_C_A_b38	3	1.34338e-02	2.596e-01	5.301e-02 0.2196703404188156	1.0
chr10_90086473_A_G_b38	3	1.25458e-02	2.581e-01	5.285e-02 0.27405285835266113	1.0
chr10_90085979_T_C_b38	3	1.25458e-02	2.581e-01	5.285e-02 0.29653400182724	1.0
chr10_90086254_T_C_b38	3	1.25458e-02	2.581e-01	5.285e-02 0.28244253993034363	1.0
chr10_90085986_C_G_b38	3	1.25458e-02	2.581e-01	5.285e-02 0.3081296384334564	1.0
chr10_90083671_C_G_b38	3	1.24047e-02	2.596e-01	5.321e-02 0.3003969490528107	1.0
chr10_90082683_TG_T_b38	3	1.24047e-02	2.596e-01	5.321e-02 0.19379309605076767	1.0
chr10_90081711_G_C_b38	3	1.24047e-02	2.596e-01	5.321e-02 0.2567550241947174	1.0
chr10_90083953_A_G_b38	3	1.24047e-02	2.596e-01	5.321e-02 0.30410054326057434	1.0
chr10_90071293_C_T_b38	3	1.23917e-02	2.588e-01	5.302e-02 0.21201235055923465	1.0
chr10_90072716_G_A_b38	3	1.13625e-02	2.579e-01	5.304e-02 0.26767900586128235	1.0
chr10_90076573_C_T_b38	3	7.46653e-03	2.552e-01	5.353e-02 0.3707508742809296	1.0
chr10_90059536_C_T_b38	3	5.23565e-03	2.425e-01	5.174e-02 0.1791895031929016	1.0
chr10_90097819_G_C_b38	3	4.77976e-03	2.448e-01	5.245e-02 0.304165780544281	1.0
chr10_90100415_G_A_b38	3	4.30111e-03	2.437e-01	5.246e-02 0.3523853421211243	1.0
chr10_90101115_C_A_b38	3	4.30111e-03	2.437e-01	5.246e-02 0.40424007177352905	1.0
chr10_90109612_A_T_b38	3	4.30111e-03	2.437e-01	5.246e-02 0.5919565558433533	1.0
chr10_90099874_G_A_b38	3	4.30111e-03	2.437e-01	5.246e-02 0.3422701358795166	1.0
chr10_90110984_C_T_b38	3	4.30111e-03	2.437e-01	5.246e-02 0.597217321395874	1.0
chr10_90126330_G_A_b38	3	2.80715e-03	2.371e-01	5.215e-02 0.6632313728332521	1.0
chr10_90125925_TC_T_b38	3	2.80715e-03	2.371e-01	5.215e-02 0.4476016644544231	1.0
chr10_90138177_CTGAG_C_b38	3	2.69380e-03	2.366e-01	5.215e-02 0.4476016644544231	1.0
chr10_90141266_G_T_b38	3	2.69380e-03	2.366e-01	5.215e-02 0.4602354764938354	1.0
chr10_90139335_T_C_b38	3	2.69380e-03	2.366e-01	5.215e-02 0.713058590888977	1.0
chr10_90138387_G_A_b38	3	2.69380e-03	2.366e-01	5.215e-02 0.7040905356407166	1.0
chr10_90112645_G_A_b38	3	2.69380e-03	2.366e-01	5.215e-02 0.4502326548099518	1.0
chr10_90142510_C_T_b38	3	2.69380e-03	2.366e-01	5.215e-02 0.782120943069458	1.0
chr10_90139483_A_G_b38	3	2.69380e-03	2.366e-01	5.215e-02 0.71635901927948	1.0
chr10_90123214_T_C_b38	3	2.69380e-03	2.366e-01	5.215e-02 0.6532793641090393	1.0
chr10_90112088_G_A_b38	3	2.69380e-03	2.366e-01	5.215e-02 0.6006575226783752	1.0
chr10_90114782_G_C_b38	3	2.69380e-03	2.366e-01	5.215e-02 0.6489933133125305	1.0
chr10_90122718_C_T_b38	3	2.69380e-03	2.366e-01	5.215e-02 0.6528143286705017	1.0
chr10_90138165_C_G_b38	3	2.69380e-03	2.366e-01	5.215e-02 0.8840263485908508	1.0
chr10_90142357_T_G_b38	3	2.69380e-03	2.366e-01	5.215e-02 1.0196843147277832	1.0
chr10_90129361_C_G_b38	3	2.62775e-03	2.363e-01	5.216e-02 0.6660168766975403	1.0
chr10_90103170_C_G_b38	3	1.11580e-03	2.322e-01	5.317e-02 0.4246709048748016	1.0
chr10_90138390_C_T_b38	3	9.61993e-04	2.246e-01	5.185e-02 0.6761388182640076	1.0
chr10_90043352_TA_T_b38	3	4.77753e-04	2.246e-01	5.331e-02 -0.07696618799397413	1.0
chr10_90044297_T_C_b38	3	2.46287e-04	2.181e-01	5.295e-02 0.20476581156253812	1.0
chr10_90054458_A_G_b38	3	1.42408e-04	2.175e-01	5.342e-02 0.20085519552230835	1.0
chr10_90022300_G_T_b38	3	6.39041e-05	2.185e-01	5.495e-02 0.17798583209514618	1.0
chr10_89414349_T_TCAAA_b38	4	1.51312e-03	8.354e-02	5.543e-02 0.0	1.0
chr10_89409881_C_T_b38	4	1.49249e-03	1.494e-01	5.736e-02 0.6864683628082275	1.0
chr10_89411796_G_A_b38	4	1.49249e-03	1.494e-01	5.736e-02 0.6851406097412109	1.0
chr10_89403986_A_G_b38	4	1.06821e-04	1.557e-01	5.693e-02 0.923160433769226	1.0
chr10_89413169_T_C_b38	4	4.08559e-05	1.031e-01	5.206e-02 0.521439254283905	1.0
chr10_89413181_A_G_b38	4	4.08559e-05	1.031e-01	5.206e-02 0.5244306921958923	1.0
