chr1_159921370_TAAC_T_b38	1	4.43703e-01	-1.217e-01	1.892e-02 -4.030830013548528	1.0
chr1_159919896_G_A_b38	1	2.64569e-01	-1.139e-01	1.771e-02 -3.530930757522583	1.0
chr1_159922298_G_A_b38	1	2.33716e-01	-1.203e-01	1.901e-02 -4.711417198181152	1.0
chr1_159921179_G_A_b38	1	2.05986e-02	1.082e-01	1.831e-02 3.951693773269653	1.0
chr1_159932736_T_C_b38	1	1.18055e-02	1.120e-01	1.939e-02 3.369114875793457	1.0
chr1_159921173_G_GCC_b38	1	5.74440e-03	1.053e-01	1.855e-02 3.5440505921003296	1.0
chr1_159937059_A_G_b38	1	5.38646e-03	1.085e-01	1.879e-02 2.505943775177002	1.0
chr1_159925471_G_A_b38	2	6.31845e-02	-9.616e-02	4.692e-02 -0.5967739820480347	1.0
chr1_159925227_TCTATG_T_b38	2	3.00992e-02	-9.346e-02	4.261e-02 -0.2600078955547871	1.0
chr1_159925169_C_A_b38	2	1.65499e-02	-7.951e-02	4.421e-02 0.05855908617377281	1.0
chr1_159927848_T_C_b38	2	6.70798e-03	-7.304e-02	4.334e-02 0.4717535674571991	1.0
chr1_159927964_C_T_b38	2	2.33842e-03	-2.965e-02	3.524e-02 0.0934927612543106	1.0
chr1_159927342_T_C_b38	2	2.26241e-03	-2.808e-02	3.531e-02 0.11361058056354525	1.0
chr1_159927537_C_T_b38	2	1.07070e-03	3.096e-03	2.820e-02 0.15309634804725647	1.0
chr1_159935656_C_T_b38	2	4.67288e-04	-4.114e-02	3.582e-02 0.037263762205839164	1.0
chr1_159940406_C_G_b38	2	3.65382e-04	-5.125e-02	3.361e-02 0.06477279961109161	1.0
chr1_159925320_T_C_b38	3	9.88867e-03	-1.061e-01	4.799e-02 1.0523440837860107	1.0
chr1_159923802_C_T_b38	3	3.37327e-03	-1.182e-01	4.642e-02 0.8810083270072937	1.0
chr1_159927769_G_T_b38	3	1.10608e-03	-8.108e-02	4.235e-02 0.9759807586669922	1.0
chr1_159921485_A_AC_b38	3	2.45000e-04	5.033e-02	3.171e-02 -0.6620321510779111	1.0
chr1_159924356_C_T_b38	3	2.34800e-04	1.628e-02	3.973e-02 -0.5391480326652527	1.0
chr1_159937651_C_T_b38	3	8.56069e-05	-6.246e-02	3.871e-02 1.223290205001831	1.0
chr1_159943109_C_T_b38	3	8.36016e-05	-5.957e-02	4.109e-02 0.05314597487449646	1.0
chr1_159942300_C_T_b38	3	7.50520e-05	-5.941e-02	4.106e-02 0.7321616411209106	1.0
