chr2_203016111_G_A_b38	1	9.79771e-02	1.822e-01	4.944e-02 -7.767738342285156	1.0
chr2_203016269_T_C_b38	1	8.13772e-02	1.788e-01	4.932e-02 -7.754345893859862	1.0
chr2_203012510_C_T_b38	1	8.00342e-02	-1.788e-01	4.932e-02 8.668460845947267	1.0
chr2_203018470_C_G_b38	1	5.59128e-02	-1.822e-01	4.944e-02 8.693319320678711	1.0
chr2_203019585_A_C_b38	1	4.65251e-02	-1.788e-01	4.932e-02 8.680798530578612	1.0
chr2_203039583_G_A_b38	1	2.14825e-02	-1.850e-01	4.951e-02 7.393512725830077	1.0
chr2_203009020_G_A_b38	1	1.97081e-02	-1.753e-01	4.963e-02 8.654057502746582	1.0
chr2_203005124_C_T_b38	1	1.97081e-02	-1.753e-01	4.963e-02 8.647804260253906	1.0
chr2_203033223_A_G_b38	1	1.81802e-02	-1.821e-01	4.943e-02 8.68372917175293	1.0
chr2_203029276_C_A_b38	1	1.51277e-02	-1.788e-01	4.932e-02 8.707008361816406	1.0
chr2_203028044_T_C_b38	1	1.51277e-02	-1.788e-01	4.932e-02 8.677377700805664	1.0
chr2_202990619_C_T_b38	1	1.32208e-02	-1.790e-01	4.980e-02 8.591555595397951	1.0
chr2_203001613_T_C_b38	1	1.09093e-02	-1.753e-01	4.963e-02 8.617552757263184	1.0
chr2_202997187_G_A_b38	1	1.09093e-02	-1.753e-01	4.963e-02 8.565080642700195	1.0
chr2_203002134_A_G_b38	1	1.09093e-02	-1.753e-01	4.963e-02 8.624452590942383	1.0
chr2_202996390_T_G_b38	1	1.09093e-02	-1.753e-01	4.963e-02 8.561923027038574	1.0
chr2_203000792_T_C_b38	1	1.09093e-02	-1.753e-01	4.963e-02 8.611835479736326	1.0
chr2_202997231_T_C_b38	1	1.09093e-02	-1.753e-01	4.963e-02 8.584414482116701	1.0
chr2_203034356_A_G_b38	1	1.07367e-02	-1.752e-01	4.984e-02 8.052778928476418	1.0
chr2_202968295_G_A_b38	1	9.14337e-03	-1.938e-01	5.076e-02 7.727128028869629	1.0
chr2_202967397_A_G_b38	1	9.14337e-03	-1.938e-01	5.076e-02 8.125914573669434	1.0
chr2_203061548_A_G_b38	1	6.21442e-03	-1.821e-01	4.943e-02 8.656845092773438	1.0
chr2_203051764_T_G_b38	1	6.21442e-03	-1.821e-01	4.943e-02 8.636030197143555	1.0
chr2_203060637_G_A_b38	1	6.21442e-03	-1.821e-01	4.943e-02 8.654748916625978	1.0
chr2_202994668_T_C_b38	1	6.20470e-03	-1.652e-01	4.945e-02 8.567234039306639	1.0
chr2_202999013_C_T_b38	1	5.47892e-03	-1.648e-01	4.998e-02 8.592361450195312	1.0
chr2_203062864_T_C_b38	1	5.17086e-03	-1.788e-01	4.932e-02 8.682254791259767	1.0
chr2_202986615_CAGTT_C_b38	1	4.50623e-03	-1.790e-01	4.980e-02 8.453813557329951	1.0
chr2_202982659_G_A_b38	1	3.71829e-03	-1.752e-01	4.962e-02 8.550083160400389	1.0
chr2_202966489_T_A_b38	1	3.71829e-03	-1.752e-01	4.962e-02 8.657316207885742	1.0
chr2_202970454_A_C_b38	1	3.71829e-03	-1.752e-01	4.962e-02 8.569428443908691	1.0
chr2_202982694_A_G_b38	1	3.71829e-03	-1.752e-01	4.962e-02 8.564019203186035	1.0
chr2_202977938_C_T_b38	1	3.71829e-03	-1.752e-01	4.962e-02 8.537631988525389	1.0
chr2_202982094_A_T_b38	1	3.71829e-03	-1.752e-01	4.962e-02 8.562966346740723	1.0
chr2_202985288_C_G_b38	1	3.71829e-03	-1.752e-01	4.962e-02 8.562966346740723	1.0
chr2_202979757_C_T_b38	1	3.71829e-03	-1.752e-01	4.962e-02 8.562966346740723	1.0
chr2_202983679_G_A_b38	1	3.71829e-03	-1.752e-01	4.962e-02 8.564019203186035	1.0
chr2_202966128_A_G_b38	1	3.71829e-03	-1.752e-01	4.962e-02 8.562966346740723	1.0
chr2_202972850_G_T_b38	1	3.71829e-03	-1.752e-01	4.962e-02 8.564019203186035	1.0
chr2_202974905_T_A_b38	1	3.71829e-03	-1.752e-01	4.962e-02 8.407455444335938	1.0
chr2_202975842_C_T_b38	1	3.71829e-03	-1.752e-01	4.962e-02 8.34873104095459	1.0
chr2_202966529_A_T_b38	1	3.71829e-03	-1.752e-01	4.962e-02 8.564019203186035	1.0
chr2_202981105_A_G_b38	1	3.71829e-03	-1.752e-01	4.962e-02 8.569428443908691	1.0
chr2_202974238_T_C_b38	1	3.71829e-03	-1.752e-01	4.962e-02 8.566152572631836	1.0
chr2_202981273_T_C_b38	1	3.71829e-03	-1.752e-01	4.962e-02 8.551025390625	1.0
chr2_202969154_A_G_b38	1	3.71829e-03	-1.752e-01	4.962e-02 8.56088924407959	1.0
chr2_202982602_C_G_b38	1	3.71829e-03	-1.752e-01	4.962e-02 8.561923027038574	1.0
chr2_202965505_T_C_b38	1	3.71829e-03	-1.752e-01	4.962e-02 8.564019203186035	1.0
chr2_203068616_A_G_b38	1	3.36467e-03	-1.938e-01	5.076e-02 8.292385101318361	1.0
chr2_202971784_G_C_b38	1	2.24481e-03	-1.641e-01	4.886e-02 8.570541381835938	1.0
chr2_203078445_A_G_b38	1	2.20497e-03	-1.821e-01	4.943e-02 8.598733901977539	1.0
chr2_203087336_C_G_b38	1	2.20497e-03	-1.821e-01	4.943e-02 8.548221588134767	1.0
chr2_203102474_A_G_b38	1	2.20497e-03	-1.821e-01	4.943e-02 8.557842254638674	1.0
chr2_203104781_G_A_b38	1	2.20497e-03	-1.821e-01	4.943e-02 8.554871559143066	1.0
chr2_203067453_A_G_b38	1	2.20497e-03	-1.821e-01	4.943e-02 8.622164726257324	1.0
chr2_203074917_A_G_b38	1	2.20497e-03	-1.821e-01	4.943e-02 8.599305152893066	1.0
chr2_203066874_C_T_b38	1	1.83470e-03	-1.788e-01	4.932e-02 8.622513771057129	1.0
chr2_203073185_T_A_b38	1	1.83470e-03	-1.788e-01	4.932e-02 8.611516952514647	1.0
chr2_203111235_G_T_b38	1	1.83470e-03	-1.788e-01	4.932e-02 8.551975250244139	1.0
chr2_203087123_T_C_b38	1	1.83470e-03	-1.788e-01	4.932e-02 8.586575508117676	1.0
chr2_203104250_T_C_b38	1	1.81443e-03	-1.962e-01	5.402e-02 8.546388626098633	1.0
chr2_202976250_G_T_b38	1	1.79638e-03	-1.610e-01	4.907e-02 8.586960792541504	1.0
chr2_202932091_C_G_b38	1	1.73794e-03	-1.785e-01	4.926e-02 8.557842254638674	1.0
chr2_202933642_TC_T_b38	1	1.58787e-03	-1.790e-01	4.980e-02 8.453813557329951	1.0
chr2_202929539_T_C_b38	1	1.58787e-03	-1.790e-01	4.980e-02 8.561923027038574	1.0
chr2_202963469_G_A_b38	1	1.58787e-03	-1.790e-01	4.980e-02 8.571664810180664	1.0
chr2_202917018_G_A_b38	1	1.58787e-03	-1.790e-01	4.980e-02 8.591287612915039	1.0
chr2_202922682_A_G_b38	1	1.58787e-03	-1.790e-01	4.980e-02 8.586318969726562	1.0
chr2_202960383_A_G_b38	1	1.31022e-03	-1.752e-01	4.962e-02 8.564019203186035	1.0
chr2_202915792_A_G_b38	1	1.31022e-03	-1.752e-01	4.962e-02 8.605930328369139	1.0
chr2_202957070_T_C_b38	1	1.31022e-03	-1.752e-01	4.962e-02 8.561923027038574	1.0
chr2_202962757_T_C_b38	1	1.31022e-03	-1.752e-01	4.962e-02 8.569428443908691	1.0
chr2_202962967_T_TA_b38	1	1.31022e-03	-1.752e-01	4.962e-02 8.436722293834203	1.0
chr2_202926166_T_C_b38	1	1.31022e-03	-1.752e-01	4.962e-02 8.595088958740233	1.0
chr2_202922089_A_G_b38	1	1.31022e-03	-1.752e-01	4.962e-02 8.583037376403809	1.0
chr2_202954748_A_G_b38	1	1.31022e-03	-1.752e-01	4.962e-02 8.56088924407959	1.0
chr2_202924956_C_T_b38	1	1.31022e-03	-1.752e-01	4.962e-02 8.582293510437013	1.0
chr2_202931039_G_A_b38	1	1.31022e-03	-1.752e-01	4.962e-02 8.556843757629395	1.0
chr2_202940829_G_A_b38	1	1.31022e-03	-1.752e-01	4.962e-02 8.567234039306639	1.0
chr2_202947179_A_T_b38	1	1.31022e-03	-1.752e-01	4.962e-02 8.521867752075195	1.0
chr2_202922397_A_G_b38	1	1.31022e-03	-1.752e-01	4.962e-02 8.582789421081543	1.0
chr2_202942001_C_T_b38	1	1.31022e-03	-1.752e-01	4.962e-02 8.570541381835938	1.0
chr2_202964502_A_C_b38	1	1.31022e-03	-1.752e-01	4.962e-02 8.564019203186035	1.0
chr2_202929716_G_A_b38	1	1.31022e-03	-1.752e-01	4.962e-02 8.579967498779299	1.0
chr2_202949971_A_T_b38	1	1.31022e-03	-1.752e-01	4.962e-02 8.564019203186035	1.0
chr2_202918761_G_A_b38	1	1.31022e-03	-1.752e-01	4.962e-02 8.586318969726562	1.0
chr2_202927189_G_A_b38	1	1.31022e-03	-1.752e-01	4.962e-02 8.578043937683105	1.0
chr2_202926610_G_A_b38	1	1.31022e-03	-1.752e-01	4.962e-02 8.58143138885498	1.0
chr2_202933595_C_T_b38	1	1.31022e-03	-1.752e-01	4.962e-02 8.579121589660645	1.0
chr2_202927905_A_G_b38	1	1.31022e-03	-1.752e-01	4.962e-02 8.579121589660645	1.0
chr2_202936503_T_G_b38	1	1.31022e-03	-1.752e-01	4.962e-02 8.571664810180664	1.0
chr2_202962709_A_G_b38	1	1.31022e-03	-1.752e-01	4.962e-02 8.564019203186035	1.0
chr2_202939566_C_T_b38	1	1.31022e-03	-1.752e-01	4.962e-02 8.574174880981445	1.0
chr2_202962952_C_G_b38	1	1.31022e-03	-1.752e-01	4.962e-02 8.590091705322267	1.0
chr2_202941206_C_G_b38	1	1.31022e-03	-1.752e-01	4.962e-02 8.570541381835938	1.0
chr2_202961673_G_A_b38	1	1.31022e-03	-1.752e-01	4.962e-02 8.547301292419434	1.0
chr2_202958677_C_T_b38	1	1.31022e-03	-1.752e-01	4.962e-02 8.55986499786377	1.0
chr2_202924227_T_C_b38	1	1.31022e-03	-1.752e-01	4.962e-02 8.619921684265138	1.0
chr2_202946905_G_A_b38	1	1.31022e-03	-1.752e-01	4.962e-02 8.564019203186035	1.0
chr2_202941714_GTTAATTTT_G_b38	1	1.31022e-03	-1.752e-01	4.962e-02 8.436722293834203	1.0
chr2_202931264_T_G_b38	1	1.31022e-03	-1.752e-01	4.962e-02 8.58008861541748	1.0
chr2_202947189_A_C_b38	1	1.31022e-03	-1.752e-01	4.962e-02 8.521867752075195	1.0
chr2_202951771_G_A_b38	1	1.31022e-03	-1.752e-01	4.962e-02 8.566152572631836	1.0
chr2_202944112_G_A_b38	1	1.31022e-03	-1.752e-01	4.962e-02 8.570541381835938	1.0
chr2_202958168_C_G_b38	1	1.31022e-03	-1.752e-01	4.962e-02 8.55986499786377	1.0
chr2_202964074_T_TATAA_b38	1	1.31022e-03	-1.752e-01	4.962e-02 8.436722293834203	1.0
chr2_202964561_A_G_b38	1	1.31022e-03	-1.752e-01	4.962e-02 8.570541381835938	1.0
chr2_202915756_T_C_b38	1	1.31022e-03	-1.752e-01	4.962e-02 8.628429412841799	1.0
chr2_202942360_A_T_b38	1	1.31022e-03	-1.752e-01	4.962e-02 8.570541381835938	1.0
chr2_202918286_C_T_b38	1	1.31022e-03	1.752e-01	4.962e-02 -7.0791893005371085	1.0
chr2_203014780_A_G_b38	2	1.33240e-02	4.654e-02	5.865e-02 -0.32490867376327515	1.0
chr2_203013429_C_T_b38	2	1.49255e-03	7.144e-03	5.570e-02 -0.3330315053462982	1.0
chr2_203017975_C_A_b38	2	1.01806e-03	3.760e-02	5.837e-02 -0.1837023049592972	1.0
chr2_202991734_A_G_b38	2	8.36024e-04	8.443e-02	4.763e-02 -0.4131633937358856	1.0
chr2_203028233_A_G_b38	2	2.41690e-04	3.693e-02	5.830e-02 -0.3141360580921173	1.0
chr2_202996143_G_C_b38	2	2.33227e-04	3.693e-02	5.830e-02 -0.5471298694610596	1.0
chr2_203003634_T_A_b38	2	2.33227e-04	3.693e-02	5.830e-02 -0.2478524148464203	1.0
chr2_202995993_G_A_b38	2	2.18198e-04	2.994e-02	5.677e-02 -0.4551325142383576	1.0
chr2_202966073_A_C_b38	2	4.15363e-05	3.726e-02	5.885e-02 -0.4326182901859283	1.0
chr2_203048330_T_C_b38	2	4.08080e-05	2.876e-02	5.957e-02 -0.2555310130119324	1.0
chr2_203046491_C_T_b38	2	4.08080e-05	2.876e-02	5.957e-02 -0.5778456926345825	1.0
chr2_203056547_A_G_b38	2	4.05768e-05	2.931e-02	5.865e-02 -0.4652695953845978	1.0
chr2_202976087_A_C_b38	2	3.97222e-05	3.057e-02	5.963e-02 0.606852650642395	1.0
chr2_203057752_A_AT_b38	2	3.93394e-05	2.993e-02	5.463e-02 -0.6049072395949041	1.0
chr2_202969678_C_G_b38	2	3.90506e-05	2.931e-02	5.865e-02 -0.6195120215415955	1.0
chr2_202967850_T_C_b38	2	3.84987e-05	2.674e-02	5.889e-02 -0.4837732613086701	1.0
chr2_203040452_G_T_b38	2	3.84616e-05	2.301e-02	5.707e-02 -0.28896287083625793	1.0
chr2_202985744_G_C_b38	2	3.70149e-05	2.301e-02	5.707e-02 -0.6409063935279846	1.0
chr2_202980923_T_C_b38	2	3.70149e-05	2.301e-02	5.707e-02 -0.6231889128684998	1.0
chr2_202985785_G_A_b38	2	3.70149e-05	2.301e-02	5.707e-02 -0.6409887671470642	1.0
