chr17_2293470_TC_T_b38	1	6.17189e-02	-1.738e-01	3.678e-02 -4.174680195189376	1.0
chr17_2306594_G_A_b38	1	3.02086e-02	-1.401e-01	3.826e-02 -3.7866368293762207	1.0
chr17_2306577_C_T_b38	1	2.82672e-02	-1.389e-01	3.814e-02 -3.809763193130493	1.0
chr17_2302629_T_C_b38	1	2.74515e-02	-1.578e-01	3.717e-02 -3.983876943588257	1.0
chr17_2288666_A_G_b38	1	1.38741e-02	-1.609e-01	3.691e-02 -3.655681133270264	1.0
chr17_2302370_G_A_b38	1	1.24555e-02	-1.501e-01	3.721e-02 -3.882002115249634	1.0
chr17_2302425_A_C_b38	1	1.24555e-02	-1.501e-01	3.721e-02 -4.001658439636231	1.0
chr17_2293611_A_G_b38	1	1.22335e-02	-1.595e-01	3.686e-02 -3.987404823303223	1.0
chr17_2284107_G_A_b38	1	1.22335e-02	-1.595e-01	3.686e-02 -3.949239015579224	1.0
chr17_2285345_C_T_b38	1	1.22335e-02	-1.595e-01	3.686e-02 -3.981783628463745	1.0
chr17_2288791_C_T_b38	1	1.22335e-02	1.595e-01	3.686e-02 4.89183521270752	1.0
chr17_2287706_G_A_b38	1	1.22335e-02	-1.595e-01	3.686e-02 -3.987049818038941	1.0
chr17_2293532_T_C_b38	1	1.22335e-02	-1.595e-01	3.686e-02 -4.258286476135254	1.0
chr17_2287024_C_T_b38	1	1.22335e-02	-1.595e-01	3.686e-02 -4.094543933868408	1.0
chr17_2292639_GA_G_b38	1	1.22335e-02	-1.595e-01	3.686e-02 -4.173584342620002	1.0
chr17_2282806_C_T_b38	1	1.22335e-02	1.595e-01	3.686e-02 4.818006038665772	1.0
chr17_2284163_C_T_b38	1	1.22335e-02	-1.595e-01	3.686e-02 -3.831431150436402	1.0
chr17_2290734_T_C_b38	1	1.22335e-02	-1.595e-01	3.686e-02 -3.9759461879730233	1.0
chr17_2287473_T_C_b38	1	1.22335e-02	-1.595e-01	3.686e-02 -3.875742673873901	1.0
chr17_2294093_T_C_b38	1	1.22335e-02	-1.595e-01	3.686e-02 -3.99866795539856	1.0
chr17_2296455_C_A_b38	1	1.22335e-02	-1.595e-01	3.686e-02 -4.0376033782958975	1.0
chr17_2292794_C_T_b38	1	1.22335e-02	-1.595e-01	3.686e-02 -3.9888298511505127	1.0
chr17_2287966_G_A_b38	1	1.22335e-02	-1.595e-01	3.686e-02 -3.8406679630279537	1.0
chr17_2296460_G_A_b38	1	1.22335e-02	-1.595e-01	3.686e-02 -4.0307464599609375	1.0
chr17_2294343_C_T_b38	1	1.22335e-02	-1.595e-01	3.686e-02 -4.013598442077637	1.0
chr17_2298650_A_G_b38	1	1.08304e-02	-1.513e-01	3.667e-02 -3.980052709579468	1.0
chr17_2293891_G_A_b38	1	1.06575e-02	-1.582e-01	3.686e-02 -4.002035140991212	1.0
chr17_2301710_T_C_b38	1	1.04333e-02	-1.516e-01	3.684e-02 -3.782437562942505	1.0
chr17_2295506_C_T_b38	1	8.11633e-03	-1.564e-01	3.705e-02 -4.0187811851501465	1.0
chr17_2291580_C_G_b38	1	7.89708e-03	-1.570e-01	3.727e-02 -3.9563615322113037	1.0
chr17_2293365_G_A_b38	1	7.89550e-03	-1.555e-01	3.692e-02 -4.006213188171387	1.0
chr17_2298441_C_T_b38	1	7.56470e-03	-1.493e-01	3.708e-02 -3.9917047023773193	1.0
chr17_2228479_A_G_b38	1	7.38609e-03	1.726e-01	3.664e-02 5.122819900512695	1.0
chr17_2227298_C_A_b38	1	7.38609e-03	-1.726e-01	3.664e-02 -4.284682750701903	1.0
chr17_2229030_T_C_b38	1	7.38609e-03	-1.726e-01	3.664e-02 -4.273996353149413	1.0
chr17_2300159_A_G_b38	1	6.99672e-03	-1.473e-01	3.677e-02 -3.996448040008545	1.0
chr17_2303942_C_G_b38	1	6.71469e-03	-1.462e-01	3.788e-02 -3.447882413864136	1.0
chr17_2288387_A_C_b38	1	6.16548e-03	-1.534e-01	3.698e-02 -3.9942476749420166	1.0
chr17_2283161_A_G_b38	1	6.16548e-03	-1.534e-01	3.698e-02 -4.145549297332764	1.0
chr17_2286030_T_C_b38	1	6.16548e-03	-1.534e-01	3.698e-02 -3.962400197982788	1.0
chr17_2284637_C_A_b38	1	5.66189e-03	1.513e-01	3.667e-02 4.808588027954102	1.0
chr17_2288134_T_C_b38	1	5.66189e-03	-1.513e-01	3.667e-02 -3.890349388122559	1.0
chr17_2294208_G_C_b38	1	5.40808e-03	-1.509e-01	3.670e-02 -3.977991104125977	1.0
chr17_2305605_G_T_b38	1	5.24476e-03	-1.389e-01	3.814e-02 -3.701770782470703	1.0
chr17_2229956_T_C_b38	1	5.22126e-03	1.695e-01	3.663e-02 5.347454071044922	1.0
chr17_2229911_C_T_b38	1	5.22126e-03	1.695e-01	3.663e-02 5.228382110595703	1.0
chr17_2232771_T_G_b38	1	5.18059e-03	1.697e-01	3.670e-02 5.1247076988220215	1.0
chr17_2232686_A_T_b38	1	5.18059e-03	1.697e-01	3.670e-02 5.170875549316406	1.0
chr17_2296552_C_T_b38	1	5.12908e-03	-1.521e-01	3.711e-02 -4.0912795066833505	1.0
chr17_2214651_A_G_b38	1	5.04620e-03	1.678e-01	3.632e-02 4.958334922790527	1.0
chr17_2214358_TCC_T_b38	1	5.04620e-03	1.678e-01	3.632e-02 4.684559644617437	1.0
chr17_2209137_C_T_b38	1	5.04620e-03	1.678e-01	3.632e-02 4.700126647949219	1.0
chr17_2209426_A_G_b38	1	5.04620e-03	1.678e-01	3.632e-02 5.027467250823975	1.0
chr17_2291182_C_T_b38	1	4.89471e-03	-1.507e-01	3.689e-02 -3.93269157409668	1.0
chr17_2230931_G_A_b38	1	4.76332e-03	-1.685e-01	3.659e-02 -4.3301615715026855	1.0
chr17_2234722_A_T_b38	1	4.55478e-03	1.658e-01	3.610e-02 5.170875549316406	1.0
chr17_2270629_A_G_b38	1	4.54503e-03	-1.595e-01	3.686e-02 -3.9384782314300537	1.0
chr17_2273670_A_G_b38	1	4.54503e-03	1.595e-01	3.686e-02 4.795833110809326	1.0
chr17_2265478_C_A_b38	1	4.54503e-03	1.595e-01	3.686e-02 4.755455017089844	1.0
chr17_2265546_T_C_b38	1	4.54503e-03	-1.595e-01	3.686e-02 -3.928436279296875	1.0
chr17_2260916_A_C_b38	1	4.54503e-03	1.595e-01	3.686e-02 4.726876258850098	1.0
chr17_2271480_A_G_b38	1	4.54503e-03	-1.595e-01	3.686e-02 -4.010852336883545	1.0
chr17_2270205_C_T_b38	1	4.54503e-03	1.595e-01	3.686e-02 4.805974006652832	1.0
chr17_2269122_C_G_b38	1	4.54503e-03	-1.595e-01	3.686e-02 -3.903274536132813	1.0
chr17_2273238_A_G_b38	1	4.54503e-03	1.595e-01	3.686e-02 4.511733531951903	1.0
chr17_2281261_A_G_b38	1	4.54503e-03	1.595e-01	3.686e-02 4.74843168258667	1.0
chr17_2265584_T_A_b38	1	4.54503e-03	-1.595e-01	3.686e-02 -3.9295639991760254	1.0
chr17_2277415_G_C_b38	1	4.54503e-03	1.595e-01	3.686e-02 4.855637550354004	1.0
chr17_2273411_A_G_b38	1	4.54503e-03	1.595e-01	3.686e-02 4.852361679077148	1.0
chr17_2274438_T_C_b38	1	4.54503e-03	1.595e-01	3.686e-02 4.792154312133789	1.0
chr17_2277674_A_G_b38	1	4.54503e-03	1.595e-01	3.686e-02 4.827871799468994	1.0
chr17_2273013_GC_G_b38	1	4.54503e-03	1.595e-01	3.686e-02 4.2751637068041015	1.0
chr17_2270203_A_G_b38	1	4.54503e-03	1.595e-01	3.686e-02 4.800841808319092	1.0
chr17_2278297_G_A_b38	1	4.54503e-03	1.595e-01	3.686e-02 4.826433181762695	1.0
chr17_2271531_C_T_b38	1	4.54503e-03	-1.595e-01	3.686e-02 -3.938185930252075	1.0
chr17_2267564_A_G_b38	1	4.54503e-03	1.595e-01	3.686e-02 4.790942192077637	1.0
chr17_2277529_C_T_b38	1	4.54503e-03	1.595e-01	3.686e-02 4.852361679077148	1.0
chr17_2272915_G_C_b38	1	4.54503e-03	1.595e-01	3.686e-02 4.845961570739746	1.0
chr17_2209273_T_C_b38	1	4.38354e-03	1.667e-01	3.637e-02 4.947429180145264	1.0
chr17_2258827_G_A_b38	1	4.37609e-03	1.599e-01	3.703e-02 4.4337687492370605	1.0
chr17_2262046_A_G_b38	1	4.37609e-03	1.599e-01	3.703e-02 4.7369112968444815	1.0
chr17_2258755_G_A_b38	1	4.37609e-03	-1.599e-01	3.703e-02 -3.900737762451172	1.0
chr17_2257560_A_G_b38	1	4.37609e-03	-1.599e-01	3.703e-02 -3.8762011528015137	1.0
chr17_2265215_G_C_b38	1	4.37609e-03	-1.599e-01	3.703e-02 -3.925916910171509	1.0
chr17_2258614_GCAA_G_b38	1	4.37609e-03	1.599e-01	3.703e-02 4.331097871821286	1.0
chr17_2256920_T_C_b38	1	4.37609e-03	-1.599e-01	3.703e-02 -3.893765687942505	1.0
chr17_2258825_A_G_b38	1	4.37609e-03	1.599e-01	3.703e-02 4.790942192077637	1.0
chr17_2218272_A_G_b38	1	4.34571e-03	1.675e-01	3.655e-02 5.078213691711426	1.0
chr17_2219906_A_T_b38	1	4.34571e-03	1.675e-01	3.655e-02 5.070870399475098	1.0
chr17_2218451_A_G_b38	1	4.34571e-03	1.675e-01	3.655e-02 4.957244396209717	1.0
chr17_2212628_C_G_b38	1	4.22415e-03	1.663e-01	3.635e-02 4.965285778045653	1.0
chr17_2291188_G_A_b38	1	3.98108e-03	-1.486e-01	3.689e-02 -3.53582763671875	1.0
chr17_2140524_C_T_b38	1	3.85991e-03	1.845e-01	3.734e-02 4.1109700202941895	1.0
chr17_2139099_A_G_b38	1	3.85991e-03	1.845e-01	3.734e-02 4.423310279846191	1.0
chr17_2134108_T_C_b38	1	3.85991e-03	1.845e-01	3.734e-02 4.5455193519592285	1.0
chr17_2141351_T_C_b38	1	3.85991e-03	1.845e-01	3.734e-02 4.457295894622803	1.0
chr17_2128088_A_C_b38	1	3.85991e-03	1.845e-01	3.734e-02 4.493992805480957	1.0
chr17_2149410_C_T_b38	1	3.85991e-03	1.845e-01	3.734e-02 4.45989465713501	1.0
chr17_2128093_A_G_b38	1	3.85991e-03	1.845e-01	3.734e-02 4.496750354766847	1.0
chr17_2138075_A_G_b38	1	3.85991e-03	1.845e-01	3.734e-02 4.592484474182129	1.0
chr17_2126265_A_G_b38	1	3.85991e-03	1.845e-01	3.734e-02 4.658191204071045	1.0
chr17_2145317_G_A_b38	1	3.85991e-03	1.845e-01	3.734e-02 4.445469856262207	1.0
chr17_2126841_T_C_b38	1	3.85991e-03	1.845e-01	3.734e-02 4.48127031326294	1.0
chr17_2132297_T_C_b38	1	3.85991e-03	1.845e-01	3.734e-02 4.5239362716674805	1.0
chr17_2128213_C_T_b38	1	3.85991e-03	1.845e-01	3.734e-02 4.4865078926086435	1.0
chr17_2216524_A_T_b38	1	3.48163e-03	1.662e-01	3.669e-02 5.046065807342528	1.0
chr17_2192418_C_A_b38	1	3.48159e-03	-1.802e-01	3.666e-02 -4.559809684753418	1.0
chr17_2256788_TAGAC_T_b38	1	3.19196e-03	-1.567e-01	3.700e-02 -4.319484093414815	1.0
chr17_2221678_G_A_b38	1	3.18256e-03	1.655e-01	3.673e-02 5.0574049949646	1.0
chr17_2267903_A_C_b38	1	3.12012e-03	1.566e-01	3.702e-02 4.822176933288574	1.0
chr17_2167404_G_A_b38	1	2.97533e-03	1.823e-01	3.734e-02 4.4323768615722665	1.0
chr17_2165709_C_T_b38	1	2.97533e-03	1.823e-01	3.734e-02 4.3686795234680185	1.0
chr17_2225916_C_A_b38	1	2.97339e-03	1.647e-01	3.669e-02 5.0628662109375	1.0
chr17_2222150_C_A_b38	1	2.90422e-03	1.647e-01	3.674e-02 5.041457176208496	1.0
chr17_2144330_A_G_b38	1	2.84046e-03	1.830e-01	3.756e-02 4.460417747497559	1.0
chr17_2131512_G_C_b38	1	2.84046e-03	1.830e-01	3.756e-02 4.177292346954347	1.0
chr17_2131777_C_T_b38	1	2.84046e-03	1.830e-01	3.756e-02 4.521510124206543	1.0
chr17_2136439_T_C_b38	1	2.84046e-03	1.830e-01	3.756e-02 4.578197479248047	1.0
chr17_2133541_A_G_b38	1	2.84046e-03	1.830e-01	3.756e-02 4.545135021209717	1.0
chr17_2133359_A_G_b38	1	2.84046e-03	1.830e-01	3.756e-02 4.528870105743408	1.0
chr17_2222311_G_A_b38	1	2.71512e-03	1.641e-01	3.674e-02 5.087402820587158	1.0
chr17_2235534_C_G_b38	1	2.67873e-03	1.652e-01	3.700e-02 5.004180908203125	1.0
chr17_2252136_G_A_b38	1	2.53883e-03	-1.636e-01	3.674e-02 -3.9902632236480713	1.0
chr17_2258339_G_A_b38	1	2.43991e-03	1.545e-01	3.709e-02 4.757505416870117	1.0
chr17_2254480_A_G_b38	1	2.35960e-03	-1.659e-01	3.741e-02 -3.808698892593384	1.0
chr17_2230920_T_C_b38	1	2.23095e-03	-1.620e-01	3.666e-02 -4.26600980758667	1.0
chr17_2223210_G_C_b38	1	2.22027e-03	1.634e-01	3.699e-02 5.02364444732666	1.0
chr17_2269890_A_G_b38	1	2.20090e-03	1.537e-01	3.714e-02 4.783813953399658	1.0
chr17_2273234_G_A_b38	1	2.10404e-03	1.513e-01	3.666e-02 4.769155502319336	1.0
chr17_2271916_G_C_b38	1	2.10404e-03	1.513e-01	3.666e-02 4.737847805023193	1.0
chr17_2222709_A_G_b38	1	2.07105e-03	1.612e-01	3.664e-02 5.09540319442749	1.0
chr17_2257287_C_T_b38	1	2.02691e-03	-1.516e-01	3.684e-02 -3.941718101501465	1.0
chr17_2291558_C_T_b38	1	1.88467e-03	-1.421e-01	3.721e-02 -3.9513857364654537	1.0
chr17_2147151_G_C_b38	1	1.85672e-03	1.794e-01	3.759e-02 4.422423362731934	1.0
chr17_2132868_G_A_b38	1	1.72193e-03	1.802e-01	3.788e-02 4.50943660736084	1.0
chr17_2152006_T_C_b38	1	1.65458e-03	1.776e-01	3.741e-02 4.3965206146240225	1.0
chr17_2137669_A_G_b38	1	1.65458e-03	1.776e-01	3.741e-02 4.5963287353515625	1.0
chr17_2126861_T_C_b38	1	1.65458e-03	1.776e-01	3.741e-02 4.489471912384033	1.0
chr17_2151815_C_T_b38	1	1.65458e-03	1.776e-01	3.741e-02 4.421539783477783	1.0
chr17_2242035_A_G_b38	1	1.60680e-03	-1.606e-01	3.703e-02 -3.895738363265991	1.0
chr17_2240166_G_T_b38	1	1.60680e-03	1.606e-01	3.703e-02 4.7295660972595215	1.0
chr17_2241796_G_A_b38	1	1.60680e-03	-1.606e-01	3.703e-02 -3.802921056747437	1.0
chr17_2254631_G_A_b38	1	1.50458e-03	-1.599e-01	3.702e-02 -3.9017493724823	1.0
chr17_2252654_C_T_b38	1	1.50458e-03	-1.599e-01	3.702e-02 -3.878043174743652	1.0
chr17_2253616_C_G_b38	1	1.50458e-03	-1.599e-01	3.702e-02 -3.882707118988037	1.0
chr17_2253623_G_A_b38	1	1.50458e-03	-1.599e-01	3.702e-02 -3.8967304229736333	1.0
chr17_2256688_C_T_b38	1	1.50458e-03	-1.599e-01	3.702e-02 -3.870752334594727	1.0
chr17_2123888_G_C_b38	1	1.44479e-03	1.778e-01	3.771e-02 4.616109848022461	1.0
chr17_2122066_G_T_b38	1	1.44479e-03	1.778e-01	3.771e-02 4.3346381187438965	1.0
chr17_2122250_G_C_b38	1	1.44479e-03	1.778e-01	3.771e-02 4.658191204071045	1.0
chr17_2122164_T_C_b38	1	1.44479e-03	1.778e-01	3.771e-02 4.65058183670044	1.0
chr17_2215807_C_T_b38	1	1.43506e-03	1.596e-01	3.705e-02 4.899460792541504	1.0
chr17_2171009_G_A_b38	1	1.30758e-03	1.756e-01	3.744e-02 4.3634963035583505	1.0
chr17_2167803_G_A_b38	1	1.30758e-03	1.756e-01	3.744e-02 4.404557704925537	1.0
chr17_2169978_G_C_b38	1	1.30758e-03	1.756e-01	3.744e-02 4.375778198242188	1.0
chr17_2143920_C_T_b38	1	1.23711e-03	1.761e-01	3.764e-02 4.483292579650879	1.0
chr17_2142081_A_C_b38	1	1.17495e-03	1.762e-01	3.777e-02 4.386857509613037	1.0
chr17_2243997_T_C_b38	1	1.05201e-03	-1.564e-01	3.701e-02 -3.8158771991729736	1.0
chr17_2308623_C_A_b38	1	1.02323e-03	-1.203e-01	3.905e-02 -3.568230628967285	1.0
chr17_2308122_C_A_b38	1	9.83717e-04	-1.197e-01	3.903e-02 -3.4965591430664062	1.0
chr17_2199159_G_C_b38	1	9.78250e-04	1.678e-01	3.632e-02 4.944601058959961	1.0
chr17_2202005_G_C_b38	1	9.78250e-04	1.678e-01	3.632e-02 4.9410576820373535	1.0
chr17_2200516_A_C_b38	1	9.78250e-04	1.678e-01	3.632e-02 5.078213691711426	1.0
chr17_2128249_A_G_b38	1	9.53120e-04	1.724e-01	3.736e-02 4.864063262939453	1.0
chr17_2156025_C_T_b38	1	9.34146e-04	1.720e-01	3.732e-02 4.763779640197754	1.0
chr17_2197840_G_A_b38	1	8.56602e-04	1.664e-01	3.626e-02 4.812572002410889	1.0
chr17_2245527_G_T_b38	1	8.36966e-04	-1.540e-01	3.698e-02 -3.4928472042083736	1.0
chr17_2308204_C_A_b38	1	8.29619e-04	-1.172e-01	3.902e-02 -3.4905097484588623	1.0
chr17_2157113_A_G_b38	1	8.16754e-04	1.708e-01	3.731e-02 4.730470657348633	1.0
chr17_2121254_A_ACTGT_b38	1	7.75095e-04	1.724e-01	3.776e-02 4.879028323096545	1.0
chr17_2187213_T_G_b38	1	7.52253e-04	1.709e-01	3.751e-02 4.67219352722168	1.0
chr17_2167764_C_T_b38	1	7.43490e-04	1.700e-01	3.734e-02 4.795833110809326	1.0
chr17_2157059_T_C_b38	1	7.43490e-04	1.700e-01	3.734e-02 4.745491981506348	1.0
chr17_2160318_C_T_b38	1	7.43490e-04	1.700e-01	3.734e-02 4.6879167556762695	1.0
chr17_2167235_T_C_b38	1	7.43490e-04	1.700e-01	3.734e-02 4.798322677612305	1.0
chr17_2160420_T_G_b38	1	7.43490e-04	1.700e-01	3.734e-02 4.543225288391113	1.0
chr17_2156275_C_A_b38	1	7.43490e-04	1.700e-01	3.734e-02 4.551755905151367	1.0
chr17_2158040_G_C_b38	1	7.43490e-04	1.700e-01	3.734e-02 4.755455017089844	1.0
chr17_2159297_T_G_b38	1	7.43490e-04	1.700e-01	3.734e-02 4.743555068969727	1.0
chr17_2197218_G_A_b38	1	7.33050e-04	1.629e-01	3.580e-02 4.811235904693604	1.0
chr17_2196637_C_A_b38	1	7.33050e-04	1.629e-01	3.580e-02 4.786162853240967	1.0
chr17_2195123_C_T_b38	1	7.32006e-04	1.635e-01	3.593e-02 4.874652862548828	1.0
chr17_2194978_G_C_b38	1	7.28464e-04	1.644e-01	3.614e-02 4.7933735847473145	1.0
chr17_2116859_TA_T_b38	1	7.19191e-04	1.709e-01	3.758e-02 4.879028323096545	1.0
chr17_2119787_A_G_b38	1	7.19191e-04	1.709e-01	3.758e-02 4.992833137512207	1.0
chr17_2117695_T_C_b38	1	7.19191e-04	1.709e-01	3.758e-02 5.092700004577637	1.0
chr17_2120736_C_T_b38	1	7.19191e-04	1.709e-01	3.758e-02 5.010815143585205	1.0
chr17_2113735_T_C_b38	1	7.19191e-04	1.709e-01	3.758e-02 4.958608150482178	1.0
chr17_2117149_C_T_b38	1	7.19191e-04	1.709e-01	3.758e-02 4.9802565574646	1.0
chr17_2113785_C_A_b38	1	7.19191e-04	1.709e-01	3.758e-02 4.9303083419799805	1.0
chr17_2118196_C_A_b38	1	7.19191e-04	1.709e-01	3.758e-02 4.934637069702148	1.0
chr17_2114267_C_G_b38	1	7.19191e-04	1.709e-01	3.758e-02 4.972485065460205	1.0
chr17_2121306_A_G_b38	1	7.19191e-04	1.709e-01	3.758e-02 5.017676830291748	1.0
chr17_2114492_C_G_b38	1	7.19191e-04	1.709e-01	3.758e-02 4.972485065460205	1.0
chr17_2120531_A_G_b38	1	7.19191e-04	1.709e-01	3.758e-02 5.002471446990967	1.0
chr17_2121353_C_T_b38	1	7.19191e-04	1.709e-01	3.758e-02 5.032549381256104	1.0
chr17_2115743_A_G_b38	1	7.19191e-04	1.709e-01	3.758e-02 4.987075805664063	1.0
chr17_2119795_T_G_b38	1	7.19191e-04	1.709e-01	3.758e-02 4.929595470428467	1.0
chr17_2120671_T_C_b38	1	7.19191e-04	1.709e-01	3.758e-02 5.010815143585205	1.0
chr17_2120923_C_T_b38	1	7.19191e-04	1.709e-01	3.758e-02 4.990574359893799	1.0
chr17_2252049_A_G_b38	1	6.96850e-04	1.516e-01	3.684e-02 4.6384687423706055	1.0
chr17_2181271_G_T_b38	1	6.46385e-04	1.693e-01	3.746e-02 4.732290744781494	1.0
chr17_2181891_G_A_b38	1	6.46385e-04	1.693e-01	3.746e-02 4.696235656738281	1.0
chr17_2174199_G_C_b38	1	6.46385e-04	1.693e-01	3.746e-02 4.7198662757873535	1.0
chr17_2178125_G_A_b38	1	6.46385e-04	1.693e-01	3.746e-02 4.704892158508301	1.0
chr17_2181011_A_G_b38	1	6.46385e-04	1.693e-01	3.746e-02 4.703291893005371	1.0
chr17_2182359_T_C_b38	1	6.46385e-04	1.693e-01	3.746e-02 4.664744853973389	1.0
chr17_2182181_G_T_b38	1	6.46385e-04	1.693e-01	3.746e-02 4.7017035484313965	1.0
chr17_2182304_G_A_b38	1	6.46385e-04	1.693e-01	3.746e-02 4.706504821777344	1.0
chr17_2178353_T_C_b38	1	6.46385e-04	1.693e-01	3.746e-02 4.714756488800049	1.0
chr17_2180714_G_A_b38	1	6.46385e-04	1.693e-01	3.746e-02 4.703291893005371	1.0
chr17_2180587_T_A_b38	1	6.46385e-04	1.693e-01	3.746e-02 4.703291893005371	1.0
chr17_2193147_C_T_b38	1	6.43772e-04	1.616e-01	3.578e-02 4.805974006652832	1.0
chr17_2311037_C_T_b38	1	6.40693e-04	-1.204e-01	3.920e-02 -3.4987754821777344	1.0
chr17_2304653_G_T_b38	2	4.04973e-03	-9.863e-02	9.487e-02 1.6467326879501345	1.0
chr17_2299029_T_C_b38	2	1.17646e-03	-7.309e-02	9.829e-02 1.94327449798584	1.0
chr17_2335381_A_G_b38	2	1.12356e-04	-3.513e-02	1.049e-01 2.556891918182373	1.0
