chr1_37990434_G_A_b38	1	4.69363e-01	8.652e-02	1.397e-02 -4.3887577056884775	1.0
chr1_37979982_T_A_b38	1	2.73991e-01	9.474e-02	1.332e-02 -4.188342094421387	1.0
chr1_37997832_C_T_b38	1	1.42659e-01	8.926e-02	1.399e-02 -4.258286476135254	1.0
chr1_37968634_G_A_b38	1	5.93887e-02	9.143e-02	1.338e-02 -4.336150169372559	1.0
chr1_37986909_A_G_b38	1	3.70878e-02	8.796e-02	1.406e-02 -4.260467052459717	1.0
chr1_37941342_C_T_b38	1	4.01389e-03	-9.504e-02	1.424e-02 4.705697059631348	1.0
chr1_37942291_G_A_b38	1	4.00475e-03	-9.504e-02	1.424e-02 4.565628528594972	1.0
chr1_37941474_A_G_b38	1	4.00475e-03	-9.504e-02	1.424e-02 4.7081298828125	1.0
chr1_37992069_A_T_b38	2	9.04393e-02	6.279e-02	2.050e-02 -4.088591575622559	1.0
chr1_37990356_TGAG_T_b38	2	8.36350e-02	5.791e-02	2.078e-02 -4.2351394807187805	1.0
chr1_37968414_A_G_b38	2	3.06256e-02	6.624e-02	2.016e-02 -4.1442012786865225	1.0
chr1_37932165_T_TACA_b38	2	3.04710e-02	7.280e-02	1.885e-02 -3.899449287887567	1.0
chr1_37932160_AGGGTT_A_b38	2	3.04710e-02	7.280e-02	1.885e-02 -3.899449287887567	1.0
chr1_37932153_GCAC_G_b38	2	3.04710e-02	7.280e-02	1.885e-02 -3.899449287887567	1.0
chr1_37932151_GC_G_b38	2	3.04710e-02	7.280e-02	1.885e-02 -3.899449287887567	1.0
chr1_37977547_C_T_b38	2	1.37875e-02	6.100e-02	2.020e-02 -4.138883590698241	1.0
chr1_37970605_A_C_b38	2	1.28266e-02	5.711e-02	1.906e-02 -4.036736011505127	1.0
chr1_37941795_G_A_b38	2	9.62987e-03	6.638e-02	2.051e-02 -3.91429103915111	1.0
chr1_37946598_T_C_b38	2	6.92758e-03	6.307e-02	2.003e-02 -4.078126907348634	1.0
chr1_37943231_C_T_b38	2	5.48248e-03	6.218e-02	2.033e-02 -3.8573989868164062	1.0
chr1_37936261_A_C_b38	2	4.49575e-03	6.381e-02	1.923e-02 -3.955734014511109	1.0
chr1_37937306_G_A_b38	2	4.49575e-03	6.381e-02	1.923e-02 -3.9231464862823486	1.0
chr1_37957563_C_A_b38	2	3.87318e-03	5.589e-02	1.903e-02 -4.038038730621338	1.0
chr1_37962894_C_T_b38	2	2.42057e-03	5.271e-02	1.910e-02 -3.872782230377197	1.0
chr1_37939632_ACGGGGTTTCACCGTGTTAGCTAGGATGATCT_A_b38	2	1.40981e-03	6.352e-02	2.012e-02 -3.926836004150024	1.0
chr1_37930533_A_G_b38	2	1.40981e-03	6.352e-02	2.012e-02 -3.7573823928833012	1.0
chr1_37930154_T_A_b38	2	1.40981e-03	6.352e-02	2.012e-02 -3.734350919723511	1.0
chr1_37925045_A_C_b38	2	8.02311e-04	5.898e-02	1.993e-02 -3.768092155456543	1.0
chr1_37958570_C_A_b38	3	5.37384e-03	-9.233e-02	2.887e-02 0.5881954431533813	1.0
chr1_37814313_G_A_b38	3	3.28268e-04	-9.238e-02	2.827e-02 0.9645183682441713	1.0
chr1_37863922_C_T_b38	3	2.21088e-04	-9.013e-02	2.862e-02 1.1217803955078125	1.0
chr1_37842234_C_T_b38	3	1.48945e-04	-8.829e-02	2.909e-02 0.8117027878761292	1.0
chr1_37766611_G_T_b38	3	2.72028e-05	-7.322e-02	2.679e-02 0.6773777604103088	1.0
