chr1_222643014_T_A_b38	1	1.52759e-01	-2.002e-01	4.235e-02 7.042367935180664	1.0
chr1_222647448_T_G_b38	1	8.58645e-02	-2.053e-01	4.292e-02 7.041632652282715	1.0
chr1_222640383_T_A_b38	1	8.26563e-02	-1.963e-01	4.275e-02 6.9656028747558585	1.0
chr1_222641100_C_T_b38	1	8.26563e-02	-1.963e-01	4.275e-02 7.007854461669923	1.0
chr1_222638065_A_G_b38	1	6.60929e-02	-1.901e-01	4.156e-02 7.086043834686278	1.0
chr1_222663654_A_G_b38	1	5.80459e-02	-1.994e-01	4.253e-02 6.848362445831299	1.0
chr1_222664597_G_A_b38	1	5.80459e-02	-1.994e-01	4.253e-02 6.794087886810303	1.0
chr1_222651746_C_G_b38	1	5.80459e-02	-1.994e-01	4.253e-02 7.048389911651611	1.0
chr1_222661161_A_T_b38	1	5.63415e-02	-2.005e-01	4.285e-02 7.0149688720703125	1.0
chr1_222647297_G_A_b38	1	3.22747e-02	-1.960e-01	4.282e-02 6.994608879089356	1.0
chr1_222655362_C_T_b38	1	3.18053e-02	-1.949e-01	4.258e-02 7.101959705352782	1.0
chr1_222652375_T_C_b38	1	3.18053e-02	-1.949e-01	4.258e-02 6.957648277282715	1.0
chr1_222658953_T_C_b38	1	3.18053e-02	-1.949e-01	4.258e-02 7.065533638000487	1.0
chr1_222650187_A_C_b38	1	3.18053e-02	-1.949e-01	4.258e-02 6.9552249908447275	1.0
chr1_222649657_A_G_b38	1	3.18053e-02	-1.949e-01	4.258e-02 6.943685531616211	1.0
chr1_222661461_T_C_b38	1	1.79280e-02	-1.914e-01	4.280e-02 6.92894172668457	1.0
chr1_222653139_G_A_b38	1	1.79280e-02	-1.914e-01	4.280e-02 7.016190052032472	1.0
chr1_222656208_G_A_b38	1	1.79280e-02	-1.914e-01	4.280e-02 7.126437664031982	1.0
chr1_222668272_G_A_b38	1	9.46233e-03	-1.937e-01	4.293e-02 6.943849662451662	1.0
chr1_222621901_C_T_b38	1	6.97826e-03	-1.510e-01	3.414e-02 6.694777488708496	1.0
chr1_222620290_A_G_b38	1	5.48874e-03	-1.450e-01	3.336e-02 6.752818584442139	1.0
chr1_222620428_T_C_b38	1	5.48874e-03	-1.450e-01	3.336e-02 6.748870849609375	1.0
chr1_222686156_G_A_b38	1	4.15212e-03	-1.807e-01	4.018e-02 6.654636859893799	1.0
chr1_222686148_G_A_b38	1	4.15212e-03	-1.807e-01	4.018e-02 6.654636859893799	1.0
chr1_222620749_T_C_b38	1	3.04448e-03	-1.395e-01	2.976e-02 6.750831604003906	1.0
chr1_222622227_C_G_b38	1	3.03371e-03	-1.407e-01	3.002e-02 6.651561260223389	1.0
chr1_222632876_A_G_b38	1	2.62444e-03	-1.454e-01	2.940e-02 6.95011043548584	1.0
chr1_222673540_G_A_b38	1	2.41902e-03	-1.820e-01	4.125e-02 6.6609840393066415	1.0
chr1_222626283_T_G_b38	1	2.22321e-03	-1.421e-01	2.976e-02 7.0061302185058585	1.0
chr1_222624272_C_G_b38	1	1.79551e-03	-1.431e-01	3.029e-02 6.8008551597595215	1.0
chr1_222629461_T_G_b38	1	1.26064e-03	-1.421e-01	2.976e-02 6.915565490722656	1.0
chr1_222618304_C_T_b38	2	4.52261e-01	-1.877e-01	5.602e-02 -4.036303520202637	1.0
chr1_222617123_A_G_b38	2	4.96660e-02	-1.533e-01	5.343e-02 -4.041104793548584	1.0
chr1_222602315_G_C_b38	2	4.43040e-03	-1.505e-01	4.667e-02 -4.1851325035095215	1.0
chr1_222406862_G_A_b38	3	6.54151e-03	-1.221e-01	2.956e-02 0.6763179302215576	1.0
chr1_222406224_G_C_b38	3	6.54151e-03	-1.221e-01	2.956e-02 0.6086123585700989	1.0
chr1_222420506_C_A_b38	3	3.32004e-03	-1.197e-01	3.019e-02 0.5529446601867676	1.0
chr1_222429098_C_T_b38	3	1.78421e-03	-1.196e-01	3.124e-02 0.09058141708374023	1.0
chr1_222411676_T_TC_b38	3	1.45821e-03	-1.118e-01	2.945e-02 0.8248139218842152	1.0
chr1_222399396_C_A_b38	3	3.02688e-04	1.166e-01	3.220e-02 -0.9498224258422852	1.0
chr1_222423874_G_A_b38	3	2.89496e-04	1.140e-01	3.161e-02 -0.6396167278289795	1.0
chr1_222421231_C_T_b38	3	2.89496e-04	1.140e-01	3.161e-02 -0.6492998003959656	1.0
chr1_222422201_G_A_b38	3	2.89496e-04	1.140e-01	3.161e-02 -0.6455098986625671	1.0
chr1_222423398_A_G_b38	3	2.89496e-04	1.140e-01	3.161e-02 -0.6501505374908447	1.0
chr1_222421716_A_G_b38	3	2.89496e-04	1.140e-01	3.161e-02 -0.6127285957336426	1.0
chr1_222425511_C_T_b38	3	2.89496e-04	1.140e-01	3.161e-02 -0.6423497796058655	1.0
chr1_222421924_C_T_b38	3	2.89496e-04	1.140e-01	3.161e-02 -0.623361349105835	1.0
chr1_222421520_A_G_b38	3	2.89496e-04	1.140e-01	3.161e-02 -0.5214247703552246	1.0
chr1_222423006_C_T_b38	3	2.89496e-04	1.140e-01	3.161e-02 -0.6507276892662048	1.0
chr1_222422255_C_T_b38	3	2.89496e-04	1.140e-01	3.161e-02 -0.6151285767555237	1.0
chr1_222416216_C_T_b38	3	2.89496e-04	1.140e-01	3.161e-02 -0.6587311625480652	1.0
chr1_222421132_A_C_b38	3	2.89496e-04	1.140e-01	3.161e-02 -0.6395981311798096	1.0
chr1_222423810_A_G_b38	3	2.89496e-04	1.140e-01	3.161e-02 -0.693411111831665	1.0
chr1_222424961_G_A_b38	3	2.89496e-04	1.140e-01	3.161e-02 -0.6387506127357483	1.0
chr1_222425399_C_T_b38	3	2.89496e-04	1.140e-01	3.161e-02 -0.64775550365448	1.0
chr1_222423969_T_C_b38	3	2.89496e-04	1.140e-01	3.161e-02 -0.6503793597221375	1.0
chr1_222422675_C_T_b38	3	2.89496e-04	1.140e-01	3.161e-02 -0.6420508027076721	1.0
chr1_222422219_G_A_b38	3	2.89496e-04	1.140e-01	3.161e-02 -0.6506533026695251	1.0
chr1_222422863_C_T_b38	3	2.89496e-04	1.140e-01	3.161e-02 -0.6242043375968933	1.0
chr1_222422608_T_C_b38	3	2.89496e-04	1.140e-01	3.161e-02 -0.6432350277900696	1.0
chr1_222421498_T_C_b38	3	2.89496e-04	1.140e-01	3.161e-02 -0.6164229512214661	1.0
chr1_222388467_C_G_b38	3	1.33676e-04	1.122e-01	3.235e-02 -1.1082165241241455	1.0
chr1_222401207_C_G_b38	3	1.32944e-04	1.124e-01	3.200e-02 -0.9155671000480652	1.0
chr1_222411163_G_A_b38	3	1.32119e-04	1.089e-01	3.099e-02 -0.6621442437171936	1.0
chr1_222425577_T_G_b38	3	1.30829e-04	1.108e-01	3.159e-02 -0.6069343090057373	1.0
chr1_222395253_G_A_b38	3	1.25910e-04	1.106e-01	3.207e-02 -0.980057179927826	1.0
chr1_222619229_C_T_b38	4	1.02940e-03	-1.054e-01	3.924e-02 0.9956381320953368	1.0
chr1_222660196_C_G_b38	4	1.08771e-04	-1.336e-01	3.865e-02 1.1374280452728271	1.0
chr1_222682073_T_C_b38	4	9.28561e-05	-1.545e-01	3.403e-02 1.1638717651367188	1.0
chr1_222706413_A_G_b38	4	6.00092e-05	-1.521e-01	3.411e-02 1.1085598468780518	1.0
chr1_222631969_A_G_b38	4	4.33038e-05	-1.340e-01	3.583e-02 0.8353337645530701	1.0
chr1_222748826_A_C_b38	4	1.52493e-05	-1.560e-01	3.412e-02 1.1739212274551392	1.0
