chr1_151791291_C_T_b38	1	3.44782e-01	-3.275e-01	7.718e-02 -4.097853183746338	1.0
chr1_151790770_G_A_b38	1	3.14280e-01	2.725e-01	6.474e-02 4.820777416229248	1.0
chr1_151789832_C_G_b38	1	4.23197e-02	2.658e-01	6.744e-02 4.8858184814453125	1.0
chr1_151791573_A_G_b38	1	4.22100e-02	2.582e-01	6.604e-02 4.8337273597717285	1.0
chr1_151793339_C_G_b38	1	3.54084e-02	2.725e-01	6.474e-02 4.820777416229248	1.0
chr1_151794014_C_T_b38	1	3.54084e-02	2.725e-01	6.474e-02 4.516062736511231	1.0
chr1_151794375_T_A_b38	1	3.54084e-02	2.725e-01	6.474e-02 4.826433181762695	1.0
chr1_151797411_A_C_b38	1	2.45951e-02	-3.275e-01	7.718e-02 -4.073057174682616	1.0
chr1_151797330_G_A_b38	1	1.17891e-02	-3.037e-01	7.514e-02 -4.183543682098389	1.0
chr1_151764873_T_A_b38	1	1.06908e-02	2.930e-01	6.584e-02 4.782649040222168	1.0
chr1_151786747_T_A_b38	1	8.67780e-03	2.619e-01	6.848e-02 4.318631172180177	1.0
chr1_151797662_T_C_b38	1	7.50860e-03	2.582e-01	6.604e-02 4.819386959075928	1.0
chr1_151795572_A_G_b38	1	5.88693e-03	2.461e-01	6.639e-02 4.829319953918457	1.0
chr1_151786628_C_T_b38	1	3.96545e-03	2.456e-01	6.843e-02 4.331644058227538	1.0
chr1_151797274_T_C_b38	1	3.80249e-03	-2.626e-01	7.072e-02 -4.390673637390137	1.0
chr1_151788316_A_G_b38	1	3.64335e-03	2.356e-01	6.933e-02 4.2572035789489755	1.0
chr1_151780632_C_T_b38	1	3.52544e-03	-2.971e-01	7.596e-02 -3.9968166351318364	1.0
chr1_151763100_T_C_b38	1	3.44027e-03	-3.087e-01	7.404e-02 -3.6479899883270255	1.0
chr1_151769306_C_CGG_b38	2	1.75612e-02	3.500e-01	1.163e-01 0.6626965591872458	1.0
