chr3_53047596_T_C_b38	1	2.00479e-01	-2.021e-01	3.933e-02 -4.017976760864259	1.0
chr3_53052712_C_G_b38	1	1.05102e-01	-2.042e-01	3.926e-02 -3.9856345653533936	1.0
chr3_53027361_T_C_b38	1	9.47824e-02	-2.092e-01	3.929e-02 -4.122366428375243	1.0
chr3_53070344_G_T_b38	1	6.32333e-02	-2.068e-01	3.934e-02 -3.829890966415405	1.0
chr3_53029854_A_G_b38	1	5.85647e-02	-2.050e-01	3.923e-02 -4.189150810241698	1.0
chr3_53027969_T_C_b38	1	4.96975e-02	-2.037e-01	3.925e-02 -4.145549297332764	1.0
chr3_53064759_A_G_b38	1	4.72030e-02	-2.037e-01	3.919e-02 -3.9053220748901367	1.0
chr3_52998472_A_G_b38	1	4.04808e-02	-1.952e-01	3.634e-02 -4.168954372406007	1.0
chr3_53029908_G_A_b38	1	3.68560e-02	-2.004e-01	3.909e-02 -4.114511489868163	1.0
chr3_53007328_G_T_b38	1	2.43746e-02	-2.055e-01	3.902e-02 -4.206810474395752	1.0
chr3_53086998_G_A_b38	1	2.01285e-02	-2.033e-01	3.881e-02 -3.6628751754760738	1.0
chr3_53093751_T_C_b38	1	2.01285e-02	-2.033e-01	3.881e-02 -3.620970487594605	1.0
chr3_53094335_G_A_b38	1	2.01285e-02	-2.033e-01	3.881e-02 -3.652104377746582	1.0
chr3_53072864_T_C_b38	1	1.80687e-02	2.009e-01	3.851e-02 2.4985287189483643	1.0
chr3_53084188_T_C_b38	1	1.80687e-02	2.009e-01	3.851e-02 2.9049770832061768	1.0
chr3_53034139_T_A_b38	1	1.73730e-02	-1.970e-01	3.951e-02 -4.016375541687012	1.0
chr3_52998333_G_A_b38	1	1.68403e-02	1.832e-01	3.530e-02 3.081125020980835	1.0
chr3_53009621_C_T_b38	1	1.24039e-02	-2.012e-01	3.919e-02 -4.1637959480285645	1.0
chr3_53096450_G_A_b38	1	1.22975e-02	-2.083e-01	3.878e-02 -3.5271871089935303	1.0
chr3_52989619_C_T_b38	1	9.11727e-03	-2.086e-01	3.935e-02 -4.2193570137023935	1.0
chr3_53092656_TTGCCCTGGACAAGGC_T_b38	1	9.07506e-03	-1.977e-01	3.892e-02 -2.6191850200660287	1.0
chr3_53056222_AATG_A_b38	1	8.95078e-03	-1.937e-01	3.982e-02 -3.5115533528092064	1.0
chr3_53012480_G_A_b38	1	6.47021e-03	-1.974e-01	3.946e-02 -4.285901069641113	1.0
chr3_53015087_G_A_b38	1	6.41797e-03	-1.960e-01	3.919e-02 -4.172708511352538	1.0
chr3_53096419_C_T_b38	1	6.17329e-03	-2.033e-01	3.881e-02 -3.4442718029022217	1.0
chr3_52994359_C_T_b38	1	5.74484e-03	-1.898e-01	3.651e-02 -4.134324550628662	1.0
chr3_53080524_C_T_b38	1	5.71307e-03	-1.929e-01	3.875e-02 -3.5829005241394043	1.0
chr3_53012681_C_T_b38	1	5.53058e-03	-1.937e-01	3.898e-02 -4.226836204528809	1.0
chr3_52949886_A_G_b38	1	4.34759e-03	-2.011e-01	3.907e-02 -4.355110168457031	1.0
chr3_52977358_A_G_b38	1	3.73182e-03	-1.999e-01	3.908e-02 -4.331644058227538	1.0
chr3_52971094_T_G_b38	1	3.73182e-03	-1.999e-01	3.908e-02 -4.351839542388916	1.0
chr3_52975027_C_G_b38	1	3.46254e-03	-2.043e-01	4.006e-02 -4.3130741119384775	1.0
chr3_53097932_A_G_b38	1	2.92889e-03	-1.974e-01	3.885e-02 -3.6340563297271733	1.0
chr3_52994045_C_T_b38	1	2.91163e-03	-1.810e-01	3.581e-02 -3.949544668197632	1.0
chr3_53089016_C_T_b38	1	2.70065e-03	1.788e-01	3.716e-02 2.7407774925231934	1.0
chr3_52972039_T_C_b38	1	2.58774e-03	-1.971e-01	3.913e-02 -4.322887897491455	1.0
chr3_52967831_A_G_b38	1	2.54875e-03	-1.976e-01	3.925e-02 -4.3617944717407235	1.0
chr3_52992698_A_C_b38	1	2.11061e-03	-1.906e-01	3.820e-02 -4.095092296600342	1.0
chr3_53066070_C_A_b38	1	2.06588e-03	-1.928e-01	4.257e-02 -4.171952724456787	1.0
chr3_53072031_T_C_b38	1	2.02450e-03	1.776e-01	3.751e-02 1.8574413061141968	1.0
chr3_53062859_T_C_b38	1	1.92356e-03	-1.733e-01	3.842e-02 -3.745827674865722	1.0
chr3_53046121_C_A_b38	2	4.73151e-02	-1.659e-01	9.004e-02 0.5637903809547424	1.0
chr3_53064359_A_G_b38	2	8.48570e-04	-1.408e-01	7.681e-02 0.7051077485084534	1.0
chr3_53044574_C_A_b38	3	3.34591e-03	1.570e-01	5.043e-02 0.4780394732952118	1.0
chr3_53051459_C_G_b38	3	1.31325e-03	1.592e-01	4.992e-02 0.4343990385532379	1.0
chr3_53048921_C_T_b38	3	1.26906e-03	1.515e-01	5.020e-02 0.4799887537956238	1.0
chr3_53012200_C_T_b38	3	8.73308e-04	-1.735e-01	4.712e-02 -0.9022388458251952	1.0
chr3_53067208_C_T_b38	3	6.90183e-04	1.586e-01	4.859e-02 1.3297083377838137	1.0
chr3_53058359_A_G_b38	3	6.76403e-04	1.622e-01	4.979e-02 0.3989216983318329	1.0
chr3_53064859_T_C_b38	3	6.57100e-04	1.592e-01	4.859e-02 0.7161735296249391	1.0
chr3_53064922_C_G_b38	3	6.09473e-04	1.589e-01	4.851e-02 0.7161735296249391	1.0
chr3_53036739_A_G_b38	3	3.64009e-04	1.531e-01	5.262e-02 0.4552529156208038	1.0
chr3_53063092_C_T_b38	3	2.82044e-04	1.537e-01	4.917e-02 0.6028077602386475	1.0
chr3_53062536_G_A_b38	3	2.77324e-04	1.533e-01	4.913e-02 0.559304416179657	1.0
chr3_53062378_A_G_b38	3	2.77324e-04	1.533e-01	4.913e-02 0.5787166357040405	1.0
chr3_53067564_C_T_b38	3	2.54427e-04	1.583e-01	3.967e-02 1.176571488380432	1.0
chr3_53026621_C_T_b38	3	2.45342e-04	-1.514e-01	4.954e-02 -0.06471879035234451	1.0
chr3_53030006_C_A_b38	3	1.52554e-04	1.548e-01	5.217e-02 0.7055820226669312	1.0
chr3_53024944_C_T_b38	3	1.17761e-04	-1.449e-01	4.795e-02 -0.05001629889011383	1.0
chr3_52951303_G_C_b38	3	9.99484e-05	-1.754e-01	4.699e-02 -0.7155277729034424	1.0
chr3_52948143_G_C_b38	3	9.61247e-05	-1.722e-01	4.618e-02 -0.6483481526374817	1.0
chr3_53022183_T_C_b38	3	9.56473e-05	-1.437e-01	4.886e-02 0.1584445685148239	1.0
chr3_52948256_T_TA_b38	3	8.49558e-05	-1.697e-01	4.605e-02 -0.5732486974296069	1.0
chr3_53033817_C_T_b38	3	8.20978e-05	1.505e-01	5.245e-02 0.6166510581970215	1.0
chr3_52986528_A_G_b38	3	5.42657e-05	-1.738e-01	4.217e-02 -0.9007856249809264	1.0
chr3_53062214_C_T_b38	3	5.28796e-05	-1.414e-01	3.999e-02 -0.8734565377235413	1.0
chr3_53062031_A_G_b38	3	4.88107e-05	-1.396e-01	3.974e-02 -0.9727378487586976	1.0
chr3_52951695_A_T_b38	3	4.81328e-05	-1.764e-01	4.315e-02 -0.7071558833122253	1.0
chr3_52951566_G_GCCA_b38	3	3.81256e-05	-1.733e-01	4.305e-02 -0.5732486974296069	1.0
chr3_52951568_T_C_b38	3	3.81256e-05	-1.733e-01	4.305e-02 -0.5732486974296069	1.0
chr3_52953629_T_G_b38	3	3.19564e-05	-1.706e-01	4.289e-02 -0.7538418173789978	1.0
chr3_53008453_A_C_b38	3	2.77528e-05	-1.588e-01	4.376e-02 -0.027089310809969902	1.0
chr3_53006530_A_G_b38	3	2.52600e-05	-1.576e-01	4.376e-02 -0.05924985557794571	1.0
chr3_52938452_C_T_b38	3	1.37231e-05	-1.834e-01	4.328e-02 -0.7163800597190857	1.0
chr3_52988060_C_G_b38	3	1.22680e-05	-1.574e-01	4.249e-02 -0.12976455688476562	1.0
chr3_52992088_T_C_b38	3	1.14870e-05	1.596e-01	4.332e-02 0.5554590821266174	1.0
