chr2_203016269_T_C_b38	1	1.32069e-01	3.241e-01	3.184e-02 -7.754345893859862	1.0
chr2_203016111_G_A_b38	1	1.32069e-01	3.241e-01	3.184e-02 -7.767738342285156	1.0
chr2_203012510_C_T_b38	1	1.27236e-01	-3.241e-01	3.184e-02 8.668460845947267	1.0
chr2_203019585_A_C_b38	1	7.95302e-02	-3.241e-01	3.184e-02 8.680798530578612	1.0
chr2_203018470_C_G_b38	1	7.95302e-02	-3.241e-01	3.184e-02 8.693319320678711	1.0
chr2_203033223_A_G_b38	1	3.48865e-02	-3.256e-01	3.185e-02 8.68372917175293	1.0
chr2_203028044_T_C_b38	1	2.40829e-02	-3.241e-01	3.184e-02 8.677377700805664	1.0
chr2_203029276_C_A_b38	1	2.40829e-02	-3.241e-01	3.184e-02 8.707008361816406	1.0
chr2_203039583_G_A_b38	1	2.06469e-02	-3.243e-01	3.192e-02 7.393512725830077	1.0
chr2_203051764_T_G_b38	1	1.24830e-02	-3.256e-01	3.185e-02 8.636030197143555	1.0
chr2_203060637_G_A_b38	1	1.24830e-02	-3.256e-01	3.185e-02 8.654748916625978	1.0
chr2_203005124_C_T_b38	1	1.20707e-02	-3.212e-01	3.204e-02 8.647804260253906	1.0
chr2_203009020_G_A_b38	1	1.20707e-02	-3.212e-01	3.204e-02 8.654057502746582	1.0
chr2_203034356_A_G_b38	1	1.16105e-02	-3.312e-01	3.280e-02 8.052778928476418	1.0
chr2_203074917_A_G_b38	1	9.78221e-03	-3.281e-01	3.180e-02 8.599305152893066	1.0
chr2_203087123_T_C_b38	1	9.78221e-03	-3.281e-01	3.180e-02 8.586575508117676	1.0
chr2_203087336_C_G_b38	1	9.78221e-03	-3.281e-01	3.180e-02 8.548221588134767	1.0
chr2_203078445_A_G_b38	1	9.78221e-03	-3.281e-01	3.180e-02 8.598733901977539	1.0
chr2_203061548_A_G_b38	1	8.61920e-03	-3.241e-01	3.184e-02 8.656845092773438	1.0
chr2_203062864_T_C_b38	1	8.61920e-03	-3.241e-01	3.184e-02 8.682254791259767	1.0
chr2_203102474_A_G_b38	1	6.82826e-03	-3.267e-01	3.180e-02 8.557842254638674	1.0
chr2_203111235_G_T_b38	1	6.82826e-03	-3.267e-01	3.180e-02 8.551975250244139	1.0
chr2_203104781_G_A_b38	1	6.82826e-03	-3.267e-01	3.180e-02 8.554871559143066	1.0
chr2_202999013_C_T_b38	1	6.52974e-03	-3.186e-01	3.178e-02 8.592361450195312	1.0
chr2_203002134_A_G_b38	1	6.41895e-03	-3.212e-01	3.204e-02 8.624452590942383	1.0
chr2_202997231_T_C_b38	1	6.41895e-03	-3.212e-01	3.204e-02 8.584414482116701	1.0
chr2_203000792_T_C_b38	1	6.41895e-03	-3.212e-01	3.204e-02 8.611835479736326	1.0
chr2_202990619_C_T_b38	1	6.41895e-03	-3.212e-01	3.204e-02 8.591555595397951	1.0
chr2_202997187_G_A_b38	1	6.41895e-03	-3.212e-01	3.204e-02 8.565080642700195	1.0
chr2_202996390_T_G_b38	1	6.41895e-03	-3.212e-01	3.204e-02 8.561923027038574	1.0
chr2_203001613_T_C_b38	1	6.41895e-03	-3.212e-01	3.204e-02 8.617552757263184	1.0
chr2_203175573_G_T_b38	1	3.49095e-03	-3.315e-01	3.193e-02 8.125914573669434	1.0
chr2_202976250_G_T_b38	1	3.30499e-03	-3.197e-01	3.178e-02 8.586960792541504	1.0
chr2_203073185_T_A_b38	1	3.06888e-03	-3.241e-01	3.184e-02 8.611516952514647	1.0
chr2_203067453_A_G_b38	1	3.06888e-03	-3.241e-01	3.184e-02 8.622164726257324	1.0
chr2_203162978_G_A_b38	1	2.85810e-03	-3.303e-01	3.188e-02 8.209560394287111	1.0
chr2_203166414_G_A_b38	1	2.85810e-03	-3.303e-01	3.188e-02 8.209560394287111	1.0
chr2_203216952_C_T_b38	1	2.85810e-03	-3.303e-01	3.188e-02 8.00241756439209	1.0
chr2_203171634_T_G_b38	1	2.85810e-03	-3.303e-01	3.188e-02 8.209560394287111	1.0
chr2_203066874_C_T_b38	1	2.62278e-03	-3.234e-01	3.183e-02 8.622513771057129	1.0
chr2_202970454_A_C_b38	1	2.47101e-03	-3.212e-01	3.204e-02 8.569428443908691	1.0
chr2_202966128_A_G_b38	1	2.47101e-03	-3.212e-01	3.204e-02 8.562966346740723	1.0
chr2_202986615_CAGTT_C_b38	1	2.47101e-03	-3.212e-01	3.204e-02 8.453813557329951	1.0
chr2_202966489_T_A_b38	1	2.47101e-03	-3.212e-01	3.204e-02 8.657316207885742	1.0
chr2_202982094_A_T_b38	1	2.47101e-03	-3.212e-01	3.204e-02 8.562966346740723	1.0
chr2_202974238_T_C_b38	1	2.47101e-03	-3.212e-01	3.204e-02 8.566152572631836	1.0
chr2_202982602_C_G_b38	1	2.47101e-03	-3.212e-01	3.204e-02 8.561923027038574	1.0
chr2_202981273_T_C_b38	1	2.47101e-03	-3.212e-01	3.204e-02 8.551025390625	1.0
chr2_202966529_A_T_b38	1	2.47101e-03	-3.212e-01	3.204e-02 8.564019203186035	1.0
chr2_202983679_G_A_b38	1	2.47101e-03	-3.212e-01	3.204e-02 8.564019203186035	1.0
chr2_202982694_A_G_b38	1	2.47101e-03	-3.212e-01	3.204e-02 8.564019203186035	1.0
chr2_202977938_C_T_b38	1	2.47101e-03	-3.212e-01	3.204e-02 8.537631988525389	1.0
chr2_202969154_A_G_b38	1	2.47101e-03	-3.212e-01	3.204e-02 8.56088924407959	1.0
chr2_202972850_G_T_b38	1	2.47101e-03	-3.212e-01	3.204e-02 8.564019203186035	1.0
chr2_202982659_G_A_b38	1	2.47101e-03	-3.212e-01	3.204e-02 8.550083160400389	1.0
chr2_202965505_T_C_b38	1	2.47101e-03	-3.212e-01	3.204e-02 8.564019203186035	1.0
chr2_202979757_C_T_b38	1	2.47101e-03	-3.212e-01	3.204e-02 8.562966346740723	1.0
chr2_202981105_A_G_b38	1	2.47101e-03	-3.212e-01	3.204e-02 8.569428443908691	1.0
chr2_202985288_C_G_b38	1	2.47101e-03	-3.212e-01	3.204e-02 8.562966346740723	1.0
chr2_202975842_C_T_b38	1	2.47101e-03	-3.212e-01	3.204e-02 8.34873104095459	1.0
chr2_202974905_T_A_b38	1	2.47101e-03	-3.212e-01	3.204e-02 8.407455444335938	1.0
chr2_203123083_C_G_b38	1	1.92350e-03	-3.240e-01	3.142e-02 8.438295364379883	1.0
chr2_202994668_T_C_b38	1	1.90150e-03	-3.131e-01	3.170e-02 8.567234039306639	1.0
chr2_202971784_G_C_b38	1	1.47018e-03	-3.155e-01	3.168e-02 8.570541381835938	1.0
chr2_203128789_G_A_b38	1	1.39523e-03	-3.267e-01	3.180e-02 8.478050231933594	1.0
chr2_203153214_C_T_b38	1	1.39523e-03	-3.267e-01	3.180e-02 8.471621513366701	1.0
chr2_203155039_G_A_b38	1	1.39523e-03	-3.267e-01	3.180e-02 8.470663070678711	1.0
chr2_203119217_C_A_b38	1	1.39523e-03	-3.267e-01	3.180e-02 8.514023780822754	1.0
chr2_203119394_C_T_b38	1	1.39523e-03	-3.267e-01	3.180e-02 8.513335227966309	1.0
chr2_203130682_G_A_b38	1	1.39523e-03	-3.267e-01	3.180e-02 8.483777046203612	1.0
chr2_203140349_A_G_b38	1	1.39523e-03	-3.267e-01	3.180e-02 8.496139526367188	1.0
chr2_203115310_G_A_b38	1	1.39523e-03	-3.267e-01	3.180e-02 8.544584274291992	1.0
chr2_203144334_T_G_b38	1	1.39523e-03	-3.267e-01	3.180e-02 8.479070663452147	1.0
chr2_203014780_A_G_b38	2	6.50010e-03	-2.195e-02	3.900e-02 -0.32490867376327515	1.0
chr2_203013429_C_T_b38	2	9.13985e-04	-1.093e-02	3.707e-02 -0.3330315053462982	1.0
chr2_203017975_C_A_b38	2	6.55710e-04	-2.539e-02	3.881e-02 -0.1837023049592972	1.0
chr2_202995993_G_A_b38	2	1.95878e-04	-3.530e-02	3.836e-02 -0.4551325142383576	1.0
chr2_203028233_A_G_b38	2	1.60713e-04	-2.461e-02	3.873e-02 -0.3141360580921173	1.0
chr2_203003634_T_A_b38	2	1.58482e-04	-2.461e-02	3.873e-02 -0.2478524148464203	1.0
chr2_202996143_G_C_b38	2	1.58482e-04	-2.461e-02	3.873e-02 -0.5471298694610596	1.0
chr2_202991734_A_G_b38	2	1.19734e-04	-1.487e-02	3.434e-02 -0.4131633937358856	1.0
chr2_202967850_T_C_b38	2	7.10038e-05	-3.540e-02	3.846e-02 -0.4837732613086701	1.0
chr2_202985744_G_C_b38	2	7.09851e-05	-3.535e-02	3.836e-02 -0.6409063935279846	1.0
chr2_202985785_G_A_b38	2	7.09851e-05	-3.535e-02	3.836e-02 -0.6409887671470642	1.0
chr2_202969678_C_G_b38	2	7.09851e-05	-3.535e-02	3.836e-02 -0.6195120215415955	1.0
chr2_202980923_T_C_b38	2	7.09851e-05	-3.535e-02	3.836e-02 -0.6231889128684998	1.0
chr2_202976087_A_C_b38	2	6.99940e-05	-3.475e-02	3.844e-02 0.606852650642395	1.0
chr2_202987905_G_C_b38	2	6.74022e-05	-3.329e-02	3.398e-02 0.11012467741966248	1.0
chr2_203046491_C_T_b38	2	6.49722e-05	-3.390e-02	3.939e-02 -0.5778456926345825	1.0
chr2_203048330_T_C_b38	2	6.49722e-05	-3.390e-02	3.939e-02 -0.2555310130119324	1.0
chr2_202976028_G_A_b38	2	6.39807e-05	-3.092e-02	3.763e-02 -0.5488590002059937	1.0
chr2_202966073_A_C_b38	2	4.22907e-05	-2.614e-02	3.946e-02 -0.4326182901859283	1.0
chr2_202987864_A_C_b38	2	3.85353e-05	-2.047e-02	3.898e-02 -0.5278785824775696	1.0
chr2_203040452_G_T_b38	2	3.50962e-05	-1.830e-02	3.851e-02 -0.28896287083625793	1.0
chr2_203056547_A_G_b38	2	3.50962e-05	-1.830e-02	3.851e-02 -0.4652695953845978	1.0
chr2_203057752_A_AT_b38	2	3.31035e-05	-1.636e-02	3.681e-02 -0.6049072395949041	1.0
chr2_202940311_A_G_b38	2	2.99395e-05	-5.510e-02	3.880e-02 -0.4189026355743408	1.0
