chr1_151786628_C_T_b38	1	2.69070e-01	3.562e-01	7.173e-02 4.331644058227538	1.0
chr1_151790770_G_A_b38	1	1.80159e-01	3.159e-01	6.260e-02 4.820777416229248	1.0
chr1_151786747_T_A_b38	1	1.74637e-01	3.537e-01	7.345e-02 4.318631172180177	1.0
chr1_151789832_C_G_b38	1	1.58280e-01	3.276e-01	6.092e-02 4.8858184814453125	1.0
chr1_151782808_C_G_b38	1	3.58415e-02	-3.332e-01	5.898e-02 -4.226836204528809	1.0
chr1_151791573_A_G_b38	1	3.04368e-02	3.055e-01	5.823e-02 4.8337273597717285	1.0
chr1_151788316_A_G_b38	1	2.59739e-02	3.229e-01	6.684e-02 4.2572035789489755	1.0
chr1_151764873_T_A_b38	1	2.29621e-02	3.395e-01	6.583e-02 4.782649040222168	1.0
chr1_151793339_C_G_b38	1	1.87052e-02	3.104e-01	5.787e-02 4.820777416229248	1.0
chr1_151794375_T_A_b38	1	1.87052e-02	3.104e-01	5.787e-02 4.826433181762695	1.0
chr1_151794014_C_T_b38	1	1.87052e-02	3.104e-01	5.787e-02 4.516062736511231	1.0
chr1_151794112_A_G_b38	1	1.32546e-02	3.163e-01	5.893e-02 4.183543682098389	1.0
chr1_151795572_A_G_b38	1	1.20417e-02	3.069e-01	5.778e-02 4.829319953918457	1.0
chr1_151785322_C_T_b38	1	7.55285e-03	3.166e-01	5.898e-02 4.2202792167663565	1.0
chr1_151787655_T_C_b38	1	7.45360e-03	3.125e-01	5.908e-02 4.301037788391113	1.0
chr1_151797662_T_C_b38	1	4.40527e-03	3.027e-01	5.805e-02 4.819386959075928	1.0
chr1_151789632_C_T_b38	2	2.51524e-01	2.289e-01	4.937e-02 3.3772292137146	1.0
chr1_151789148_G_A_b38	2	2.51524e-01	2.289e-01	4.937e-02 3.3821532726287837	1.0
chr1_151799999_A_G_b38	2	1.29988e-01	2.332e-01	4.955e-02 3.394237518310547	1.0
chr1_151799353_A_G_b38	2	4.80963e-02	2.202e-01	4.912e-02 3.3993346691131587	1.0
chr1_151803929_A_C_b38	2	4.10221e-02	2.279e-01	4.952e-02 3.3386385440826416	1.0
chr1_151799191_T_C_b38	2	3.25980e-02	2.105e-01	4.563e-02 0.3751130402088165	1.0
chr1_151800691_G_A_b38	2	2.96429e-02	2.188e-01	4.996e-02 3.458992481231689	1.0
chr1_151780842_T_G_b38	2	2.74137e-02	2.193e-01	4.978e-02 3.1059012413024902	1.0
chr1_151777957_T_C_b38	2	2.50767e-02	2.262e-01	4.993e-02 3.173814058303833	1.0
chr1_151785111_T_C_b38	2	2.42707e-02	2.120e-01	4.903e-02 3.2548305988311768	1.0
chr1_151808852_A_G_b38	2	2.29910e-02	2.228e-01	4.944e-02 3.468588590621948	1.0
chr1_151806207_C_T_b38	2	1.57735e-02	-2.097e-01	4.741e-02 -2.4704477787017822	1.0
chr1_151770322_T_C_b38	2	1.40539e-02	2.199e-01	4.988e-02 3.0905888080596924	1.0
chr1_151769933_A_G_b38	2	1.39288e-02	2.164e-01	4.949e-02 3.067302703857422	1.0
chr1_151768977_G_A_b38	2	1.07676e-02	2.166e-01	4.974e-02 3.0519005722507675	1.0
chr1_151769943_GC_G_b38	2	1.07676e-02	2.166e-01	4.974e-02 3.0519005722507675	1.0
chr1_151803755_C_T_b38	2	7.70350e-03	2.033e-01	4.586e-02 0.7129676342010498	1.0
chr1_151806423_T_C_b38	2	7.35727e-03	2.141e-01	5.020e-02 3.497352838516236	1.0
chr1_151775323_G_A_b38	2	6.58953e-03	-2.083e-01	4.918e-02 -3.210075855255127	1.0
chr1_151775949_C_A_b38	2	6.19846e-03	-2.092e-01	4.803e-02 -2.1117138862609863	1.0
chr1_151775494_A_G_b38	2	5.32703e-03	2.400e-01	5.739e-02 3.2734584808349614	1.0
chr1_151767944_G_A_b38	2	5.21122e-03	2.089e-01	5.001e-02 3.0192873477935787	1.0
chr1_151805175_G_A_b38	2	3.75201e-03	2.069e-01	5.043e-02 3.459091901779175	1.0
chr1_151791601_G_T_b38	3	1.56710e-02	-2.308e-01	1.316e-01 0.0383366122841835	1.0
chr1_151854579_T_A_b38	3	1.56556e-04	-2.512e-01	1.193e-01 -0.31706589460372925	1.0
