chr20_17619469_G_C_b38	1	3.67853e-01	2.851e-01	5.516e-02 3.9722397327423096	1.0
chr20_17616686_C_T_b38	1	2.37208e-01	-2.141e-01	4.221e-02 -2.9918856620788574	1.0
chr20_17618911_C_A_b38	1	6.68074e-02	2.692e-01	5.678e-02 4.024898052215576	1.0
chr20_17619006_T_C_b38	1	6.68074e-02	2.692e-01	5.678e-02 3.919589281082153	1.0
chr20_17618056_GGCT_G_b38	1	6.67432e-02	2.692e-01	5.679e-02 3.9904526140480856	1.0
chr20_17617595_G_A_b38	1	6.67424e-02	2.692e-01	5.679e-02 3.9752681255340576	1.0
chr20_17615510_C_A_b38	1	1.06210e-02	2.493e-01	5.717e-02 4.311705589294434	1.0
chr20_17861674_G_A_b38	2	1.70534e-01	-3.130e-01	5.773e-02 -1.8560867309570312	1.0
chr20_17867091_T_C_b38	2	1.40287e-01	-2.831e-01	5.285e-02 -2.6566002368927	1.0
chr20_17865111_T_C_b38	2	1.03496e-01	-2.880e-01	5.398e-02 -2.4889943599700928	1.0
chr20_17865031_G_A_b38	2	1.03366e-01	-2.880e-01	5.398e-02 -2.4748315811157227	1.0
chr20_17865970_A_G_b38	2	6.18870e-02	-2.781e-01	5.350e-02 -3.027249813079834	1.0
chr20_17865742_T_A_b38	2	6.18870e-02	-2.781e-01	5.350e-02 -2.5767502784729004	1.0
chr20_17865336_A_G_b38	2	6.18870e-02	-2.781e-01	5.350e-02 -2.510591745376587	1.0
chr20_17865636_G_A_b38	2	6.18870e-02	-2.781e-01	5.350e-02 -2.53928279876709	1.0
chr20_17863180_T_C_b38	2	3.57764e-02	-2.708e-01	5.345e-02 -2.1315445899963383	1.0
chr20_17864428_G_C_b38	2	3.33134e-02	-2.796e-01	5.501e-02 -2.58188271522522	1.0
chr20_17865870_A_G_b38	2	2.16706e-02	-2.691e-01	5.438e-02 -2.596149682998657	1.0
chr20_17863994_A_AG_b38	2	1.96695e-02	-2.706e-01	5.480e-02 -2.4857673621938483	1.0
chr20_17870134_T_C_b38	2	8.19768e-03	-2.569e-01	5.400e-02 -2.8281421661376958	1.0
chr20_17861362_A_G_b38	2	7.76230e-04	-2.534e-01	5.815e-02 -1.6431466341018677	1.0
chr20_17682430_A_G_b38	3	3.44935e-02	-1.317e-01	6.640e-02 -1.2690192461013794	1.0
chr20_17691636_G_C_b38	3	4.72955e-03	-1.626e-01	6.634e-02 -0.4864088594913482	1.0
chr20_17675771_G_A_b38	3	1.26333e-05	-1.563e-01	7.960e-02 -0.6875696778297424	1.0
chr20_17682560_A_AG_b38	4	5.40104e-04	5.813e-02	1.123e-01 0.9690302379158466	1.0
