chr9_15302615_A_G_b38	1	3.02537e-01	-4.173e-01	1.157e-01 8.796462340126023	1.0
chr9_15305380_G_C_b38	1	2.02036e-01	-3.479e-01	1.015e-01 9.084999084472656	1.0
chr9_15304784_C_A_b38	1	1.25290e-01	-3.781e-01	1.065e-01 10.779717445373537	1.0
chr9_15303585_G_A_b38	1	5.56944e-02	-3.643e-01	1.065e-01 8.920872358075496	1.0
chr9_15298668_T_C_b38	1	2.46349e-02	-3.689e-01	1.163e-01 6.858371257781982	1.0
chr9_15296847_T_C_b38	1	1.16294e-02	-2.782e-01	7.291e-02 6.721450833057557	1.0
chr9_15297589_C_T_b38	1	6.21152e-03	-3.043e-01	8.851e-02 10.506758689880373	1.0
chr9_15297631_G_A_b38	1	6.21152e-03	-3.043e-01	8.851e-02 10.495851516723633	1.0
chr9_15285672_A_G_b38	1	4.67228e-03	-3.470e-01	9.767e-02 8.674017372466086	1.0
chr9_15293118_G_A_b38	1	4.30056e-03	-3.120e-01	8.883e-02 9.319405013989494	1.0
chr9_15294598_G_A_b38	1	3.73163e-03	-3.062e-01	8.841e-02 8.098983764648438	1.0
chr9_15295485_C_T_b38	1	3.73163e-03	-3.062e-01	8.841e-02 7.994975090026855	1.0
chr9_15296036_C_A_b38	1	3.73163e-03	-3.062e-01	8.841e-02 10.564971923828123	1.0
chr9_15293381_C_G_b38	1	3.71556e-03	-3.096e-01	8.941e-02 9.435482025146484	1.0
chr9_15293240_G_A_b38	1	3.44385e-03	-3.075e-01	8.948e-02 9.286505677542431	1.0
chr9_15293429_G_A_b38	1	3.44385e-03	-3.075e-01	8.948e-02 10.12679386138916	1.0
chr9_15293250_C_G_b38	1	2.74005e-03	-3.091e-01	9.204e-02 9.007265769542297	1.0
chr9_15291241_C_T_b38	1	2.60744e-03	-3.062e-01	9.166e-02 6.024436473846436	1.0
chr9_15292428_T_C_b38	1	1.97212e-03	-2.975e-01	9.190e-02 8.807101360374313	1.0
chr9_15308156_G_A_b38	2	1.31194e-01	2.316e-01	6.771e-02 2.5936975479125977	1.0
chr9_15307465_C_G_b38	2	9.42099e-02	1.952e-01	7.010e-02 1.5627985000610352	1.0
chr9_15356921_C_T_b38	3	5.80150e-03	2.452e-01	6.963e-02 -0.032878747302759165	1.0
chr9_15361862_G_A_b38	3	5.60626e-03	2.704e-01	7.033e-02 -0.8200657953437596	1.0
chr9_15357923_G_A_b38	3	5.48507e-03	2.694e-01	7.012e-02 -1.2510944604873655	1.0
chr9_15350507_T_C_b38	3	3.69381e-03	2.440e-01	7.239e-02 0.3406062722206116	1.0
chr9_15350558_T_C_b38	3	3.69381e-03	2.440e-01	7.239e-02 0.3849155306816101	1.0
chr9_15342048_A_T_b38	3	3.68115e-03	2.421e-01	7.133e-02 -0.13425618410110474	1.0
chr9_15356807_A_G_b38	3	3.42237e-03	2.497e-01	7.429e-02 -0.08695987293151401	1.0
chr9_15361234_C_T_b38	3	2.96641e-03	2.753e-01	7.513e-02 -0.8960657373379356	1.0
chr9_15368185_A_C_b38	3	2.96641e-03	2.753e-01	7.513e-02 -0.960881541239526	1.0
chr9_15364687_A_G_b38	3	2.94783e-03	2.802e-01	7.633e-02 -0.8051492181361364	1.0
chr9_15352973_T_C_b38	3	2.64069e-03	2.274e-01	6.987e-02 0.015477569922731353	1.0
chr9_15342597_G_A_b38	3	2.53333e-03	2.716e-01	8.343e-02 -0.34947942459917564	1.0
chr9_15366793_G_A_b38	3	2.44223e-03	2.618e-01	7.208e-02 -0.9332934423168676	1.0
chr9_15360319_A_T_b38	3	2.38702e-03	2.697e-01	7.503e-02 -0.8894070083347043	1.0
chr9_15366612_T_C_b38	3	2.18378e-03	-2.501e-01	6.938e-02 1.1838270764234382	1.0
chr9_15371771_AG_A_b38	3	2.05289e-03	2.848e-01	7.960e-02 -0.4859700729773318	1.0
chr9_15357860_A_G_b38	3	1.52292e-03	2.639e-01	7.554e-02 -0.8204965388658235	1.0
chr9_15345803_C_T_b38	3	1.41074e-03	2.505e-01	8.041e-02 -0.321212819611503	1.0
chr9_15346919_C_T_b38	3	8.06177e-04	2.304e-01	7.953e-02 -0.1189688965678215	1.0
chr9_15375961_G_A_b38	3	5.11464e-04	2.589e-01	8.217e-02 -0.8556572724466508	1.0
chr9_15347910_C_A_b38	3	4.93361e-04	2.116e-01	7.745e-02 -0.2752814590930939	1.0
chr9_15306294_A_C_b38	4	7.50090e-02	-2.682e-01	6.856e-02 3.793564558029175	1.0
chr9_15300970_C_A_b38	4	4.74110e-03	-2.403e-01	7.218e-02 4.492990016937256	1.0
chr9_15303824_T_C_b38	4	2.11905e-03	-1.697e-01	6.128e-02 3.2974723692995327	1.0
chr9_15300851_T_C_b38	4	4.03091e-04	-1.474e-01	6.359e-02 3.2894784666844488	1.0
chr9_15296854_A_C_b38	4	1.53411e-04	-1.502e-01	7.169e-02 2.9515525643149663	1.0
chr9_15296452_T_A_b38	4	1.53411e-04	-1.502e-01	7.169e-02 3.6282942295074463	1.0
chr9_15296528_C_T_b38	4	1.53411e-04	-1.502e-01	7.169e-02 3.0435559749603267	1.0
chr9_15294333_C_T_b38	4	1.34155e-04	-1.427e-01	7.059e-02 3.390913724899292	1.0
chr9_15293242_G_C_b38	4	1.22707e-04	-1.392e-01	7.070e-02 2.76774556051045	1.0
chr9_15296357_A_G_b38	4	1.19586e-04	-1.400e-01	7.181e-02 3.3301475048065186	1.0
chr9_15294669_G_C_b38	4	1.19586e-04	-1.400e-01	7.181e-02 3.1158750057220463	1.0
chr9_15295075_G_A_b38	4	1.19586e-04	-1.400e-01	7.181e-02 3.359053134918213	1.0
chr9_15288200_G_C_b38	4	1.06174e-04	-1.309e-01	6.940e-02 2.527831363598469	1.0
chr9_15286448_C_T_b38	4	1.06174e-04	-1.309e-01	6.940e-02 3.0403542518615723	1.0
chr9_15286272_G_C_b38	4	1.06174e-04	-1.309e-01	6.940e-02 3.186913013458252	1.0
chr9_15291693_C_A_b38	4	9.98546e-05	-1.301e-01	7.059e-02 2.825343132019043	1.0
chr9_15291836_G_C_b38	4	9.98546e-05	-1.301e-01	7.059e-02 2.9692783355712886	1.0
chr9_15291360_G_A_b38	4	8.09967e-05	-1.208e-01	7.098e-02 3.0256220423785902	1.0
chr9_15285163_G_A_b38	4	6.34251e-05	-1.067e-01	6.957e-02 2.3774663955946678	1.0
chr9_15289943_T_C_b38	4	5.74025e-05	-1.024e-01	7.075e-02 2.366647958755493	1.0
