chr22_21628971_A_G_b38	1	3.02952e-01	-4.558e-01	5.580e-02 -5.1789817810058585	1.0
chr22_21616721_G_A_b38	1	1.38262e-01	-4.599e-01	5.623e-02 -5.873261821735087	1.0
chr22_21627960_T_C_b38	1	8.77390e-02	-4.437e-01	5.564e-02 -5.087873935699463	1.0
chr22_21622645_T_C_b38	1	8.68441e-02	-4.534e-01	5.583e-02 -5.873261821735087	1.0
chr22_21612153_G_A_b38	1	5.93571e-02	-4.559e-01	5.643e-02 -5.429633140563965	1.0
chr22_21615351_T_C_b38	1	5.87583e-02	-4.615e-01	5.787e-02 -5.965571188378543	1.0
chr22_21595122_A_C_b38	1	4.98179e-02	-4.604e-01	5.612e-02 -5.873261821735087	1.0
chr22_21585398_C_A_b38	1	4.98179e-02	-4.604e-01	5.612e-02 -5.873261821735087	1.0
chr22_21585386_G_T_b38	1	4.98179e-02	-4.604e-01	5.612e-02 -5.475653648376465	1.0
chr22_21585900_T_G_b38	1	4.17622e-02	-4.672e-01	5.665e-02 -8.365955352783201	1.0
chr22_21577779_C_T_b38	1	1.32320e-02	-4.635e-01	5.547e-02 -8.670480728149414	1.0
chr22_21598987_A_G_b38	1	1.21609e-02	-4.539e-01	5.538e-02 -5.873261821735087	1.0
chr22_21598999_T_C_b38	1	9.88704e-03	-4.541e-01	5.562e-02 -5.873261821735087	1.0
chr22_21604583_T_G_b38	1	9.26336e-03	-4.498e-01	5.532e-02 -5.873261821735087	1.0
chr22_21568855_A_C_b38	1	6.12110e-03	-4.597e-01	5.584e-02 -5.83496706569247	1.0
chr22_21567397_G_T_b38	1	6.12110e-03	-4.597e-01	5.584e-02 -5.83496706569247	1.0
chr22_21567005_G_A_b38	1	6.12110e-03	-4.597e-01	5.584e-02 -5.83496706569247	1.0
chr22_21604015_A_G_b38	1	4.44639e-03	-4.465e-01	5.552e-02 -5.873261821735087	1.0
chr22_21577975_A_G_b38	1	4.04919e-03	-4.539e-01	5.538e-02 -5.873261821735087	1.0
chr22_21581863_C_G_b38	1	3.26982e-03	-4.542e-01	5.571e-02 -5.854232922804238	1.0
chr22_21562950_C_CA_b38	1	9.18470e-05	-4.828e-01	5.538e-02 -5.7565590330639465	1.0
chr22_21603703_T_C_b38	1	4.32825e-05	-4.681e-01	5.528e-02 -5.873261821735087	1.0
chr22_21632538_T_G_b38	2	7.74761e-01	2.209e-01	5.155e-02 1.2987020585318674	1.0
chr22_21634235_C_T_b38	2	1.06802e-01	2.411e-01	5.891e-02 1.6708565950393677	1.0
chr22_21644753_C_T_b38	2	5.54040e-02	2.611e-01	5.955e-02 1.217251186133252	1.0
chr22_21638778_T_G_b38	2	2.22140e-02	2.486e-01	6.062e-02 1.549340009689331	1.0
chr22_21640742_G_A_b38	2	1.41832e-02	2.307e-01	5.485e-02 1.0291105641629208	1.0
chr22_21634313_C_T_b38	2	4.80855e-03	2.211e-01	5.614e-02 1.219406878210455	1.0
chr22_21634310_G_A_b38	3	2.90424e-02	1.504e-01	5.896e-02 2.056662670146489	1.0
chr22_21628051_C_G_b38	4	4.03728e-04	1.990e-01	7.321e-02 -5.662250995635986	1.0
chr22_21629916_A_G_b38	4	1.19953e-04	2.007e-01	9.039e-02 -2.9615739217091974	1.0
