chr1_39570256_G_T_b38	1	7.93329e-02	-3.452e-01	7.038e-02 -6.804215241133172	1.0
chr1_39575699_G_GA_b38	1	5.61278e-02	-3.122e-01	6.906e-02 -6.984461657456137	1.0
chr1_39579628_A_C_b38	1	4.90358e-02	-3.236e-01	6.940e-02 -6.858132308214768	1.0
chr1_39580421_G_A_b38	1	4.90358e-02	-3.236e-01	6.940e-02 -6.921425951567424	1.0
chr1_39582337_G_A_b38	1	3.48286e-02	-3.237e-01	6.923e-02 -6.881175871152567	1.0
chr1_39586436_C_G_b38	1	3.48286e-02	-3.237e-01	6.923e-02 -6.881175871152567	1.0
chr1_39583512_G_A_b38	1	3.26952e-02	2.889e-01	6.682e-02 3.386584385122554	1.0
chr1_39572899_C_T_b38	1	3.23613e-02	-3.122e-01	6.901e-02 -7.084298157786899	1.0
chr1_39578100_G_A_b38	1	2.88528e-02	-3.048e-01	7.062e-02 -6.9267935624042565	1.0
chr1_39557375_T_A_b38	1	2.61866e-02	-3.099e-01	6.479e-02 -5.9931998534577815	1.0
chr1_39579041_A_C_b38	1	2.35732e-02	2.577e-01	6.157e-02 3.940387725830078	1.0
chr1_39591871_A_G_b38	1	1.71960e-02	-3.240e-01	6.896e-02 -6.914433880240357	1.0
chr1_39599289_G_A_b38	1	1.71960e-02	-3.240e-01	6.896e-02 -8.455455780029299	1.0
chr1_39594801_G_A_b38	1	1.71960e-02	-3.240e-01	6.896e-02 -6.914433880240357	1.0
chr1_39594106_A_G_b38	1	1.62846e-02	-2.990e-01	7.217e-02 -3.82189640050016	1.0
chr1_39535388_A_G_b38	1	1.36239e-02	-3.258e-01	6.622e-02 -5.613411126688655	1.0
chr1_39579796_A_G_b38	1	1.28665e-02	2.580e-01	6.106e-02 4.260225780029973	1.0
chr1_39581225_C_T_b38	1	1.28665e-02	2.580e-01	6.106e-02 4.278379227905504	1.0
chr1_39576027_T_TCGGAGC_b38	1	1.21805e-02	-2.807e-01	7.548e-02 -6.361286921325292	1.0
chr1_39571175_G_C_b38	1	1.16752e-02	-3.051e-01	6.945e-02 -5.781494140625	1.0
chr1_39570014_C_T_b38	1	1.15800e-02	-3.061e-01	6.978e-02 -8.590197563171388	1.0
chr1_39574035_G_A_b38	1	1.07643e-02	-2.615e-01	6.152e-02 -4.3250460624694815	1.0
chr1_39559525_TG_T_b38	1	9.70644e-03	-3.129e-01	6.811e-02 -7.084298157786899	1.0
chr1_39562508_A_G_b38	1	9.70644e-03	-3.129e-01	6.811e-02 -8.716750144958496	1.0
chr1_39556810_C_T_b38	1	9.70644e-03	-3.129e-01	6.811e-02 -7.084298157786899	1.0
chr1_39552837_C_T_b38	1	9.70644e-03	-3.129e-01	6.811e-02 -6.0511674880981445	1.0
chr1_39553919_A_G_b38	1	9.70644e-03	-3.129e-01	6.811e-02 -7.084298157786899	1.0
chr1_39557105_C_G_b38	1	9.70644e-03	-3.129e-01	6.811e-02 -6.159749507904053	1.0
chr1_39573264_G_A_b38	1	9.65545e-03	-2.543e-01	6.022e-02 -4.938621225104215	1.0
chr1_39572230_A_G_b38	1	9.65545e-03	-2.543e-01	6.022e-02 -6.092012405395508	1.0
chr1_39578080_C_G_b38	1	9.63237e-03	-2.924e-01	7.538e-02 -6.21943613526253	1.0
chr1_39599944_G_A_b38	1	9.38776e-03	-3.150e-01	6.931e-02 -6.484719896789551	1.0
chr1_39583839_C_T_b38	1	9.13878e-03	2.582e-01	6.081e-02 3.7671830654144287	1.0
chr1_39584896_A_G_b38	1	9.13878e-03	2.582e-01	6.081e-02 3.9704067707061768	1.0
chr1_39584831_A_T_b38	1	9.13878e-03	2.582e-01	6.081e-02 3.919426202774048	1.0
chr1_39568233_G_A_b38	1	8.79642e-03	-3.214e-01	7.706e-02 -6.293586325223174	1.0
chr1_39594353_G_A_b38	1	8.44207e-03	-3.014e-01	6.665e-02 -6.914433880240357	1.0
chr1_39591028_G_C_b38	1	8.35465e-03	-2.657e-01	6.094e-02 -4.007018566131592	1.0
chr1_39613574_C_T_b38	1	5.74318e-03	-3.172e-01	6.718e-02 -5.279949044968356	1.0
chr1_39587137_T_G_b38	1	4.51909e-03	2.582e-01	6.081e-02 4.331023637934339	1.0
chr1_39587969_G_A_b38	1	4.51909e-03	-2.582e-01	6.081e-02 -4.331023618293152	1.0
chr1_39587326_A_G_b38	1	4.51909e-03	2.582e-01	6.081e-02 4.331023637934339	1.0
chr1_39588827_A_G_b38	1	4.51909e-03	-2.582e-01	6.081e-02 -4.655706761993702	1.0
chr1_39546558_C_T_b38	1	3.32093e-03	-3.129e-01	6.811e-02 -7.084298157786899	1.0
chr1_39546761_C_T_b38	1	3.32093e-03	-3.129e-01	6.811e-02 -7.084298157786899	1.0
chr1_39544563_T_C_b38	1	3.32093e-03	-3.129e-01	6.811e-02 -7.084298157786899	1.0
chr1_39537738_C_T_b38	1	3.32093e-03	-3.129e-01	6.811e-02 -7.084298157786899	1.0
chr1_39620685_G_T_b38	1	3.20421e-03	-3.153e-01	6.904e-02 -6.461786825816415	1.0
chr1_39617969_C_A_b38	1	3.20421e-03	-3.153e-01	6.904e-02 -6.369121949196618	1.0
chr1_39622092_G_A_b38	1	3.20421e-03	-3.153e-01	6.904e-02 -6.369121949196618	1.0
chr1_39611865_G_A_b38	1	3.20421e-03	-3.153e-01	6.904e-02 -6.369121949196618	1.0
chr1_39610222_G_A_b38	1	3.20421e-03	-3.153e-01	6.904e-02 -6.461786825816415	1.0
chr1_39571682_C_G_b38	1	2.67295e-03	-2.881e-01	7.129e-02 -6.4881150972027015	1.0
chr1_39554832_T_C_b38	1	2.00082e-03	2.422e-01	5.953e-02 4.446237741976649	1.0
chr1_39618933_G_T_b38	1	1.93463e-03	-3.165e-01	7.125e-02 -4.766779735687197	1.0
chr1_39587421_A_C_b38	1	1.78771e-03	-2.951e-01	7.185e-02 -6.247159933060442	1.0
chr1_39615791_C_T_b38	1	1.72085e-03	-2.587e-01	5.903e-02 -4.145288459305041	1.0
chr1_39529402_C_T_b38	1	1.23958e-03	-2.974e-01	6.863e-02 -6.89242049265029	1.0
chr1_39566567_T_C_b38	1	1.18768e-03	2.311e-01	5.808e-02 4.100813865661621	1.0
chr1_39609695_A_G_b38	1	9.00997e-04	-2.662e-01	6.331e-02 -3.86651873588562	1.0
chr1_39613442_A_G_b38	1	9.00997e-04	-2.662e-01	6.331e-02 -3.8691844940185542	1.0
chr1_39611108_G_A_b38	1	9.00997e-04	-2.662e-01	6.331e-02 -4.262787463018355	1.0
chr1_39599662_G_A_b38	2	4.63263e-02	-5.212e-01	1.448e-01 -0.5775296409015576	1.0
chr1_39581323_G_A_b38	3	2.52644e-02	2.573e-01	5.809e-02 2.5903051441733016	1.0
chr1_39572925_G_C_b38	3	1.93060e-02	2.511e-01	5.772e-02 2.7170331478118896	1.0
chr1_39585944_T_C_b38	3	1.78733e-02	2.574e-01	5.784e-02 2.5268213748931885	1.0
chr1_39583432_A_G_b38	3	1.78733e-02	2.574e-01	5.784e-02 2.4554712772369385	1.0
chr1_39587294_G_A_b38	3	8.76962e-03	2.576e-01	5.750e-02 2.5663038430808323	1.0
chr1_39587389_C_T_b38	3	8.76962e-03	2.576e-01	5.750e-02 2.602635741759856	1.0
chr1_39567008_C_CTA_b38	3	7.37841e-03	2.453e-01	5.761e-02 2.8974119720509015	1.0
chr1_39598989_G_T_b38	3	2.87476e-03	-2.439e-01	5.806e-02 -2.5824203491210938	1.0
chr1_39527206_T_G_b38	3	2.74262e-03	2.676e-01	5.901e-02 4.4901554336216964	1.0
chr1_39600950_G_A_b38	3	2.07750e-03	-2.419e-01	5.864e-02 -2.5935484326185936	1.0
chr1_39542157_C_A_b38	3	1.93458e-03	2.518e-01	5.679e-02 2.6494622230529785	1.0
chr1_39544157_G_A_b38	3	1.93458e-03	2.518e-01	5.679e-02 2.928096573238003	1.0
chr1_39544875_C_CT_b38	3	1.93458e-03	2.518e-01	5.679e-02 2.8974119720509015	1.0
chr1_39541605_C_A_b38	3	1.93458e-03	2.518e-01	5.679e-02 2.928096573238003	1.0
chr1_39540380_T_C_b38	3	1.93458e-03	2.518e-01	5.679e-02 2.8974119720509015	1.0
chr1_39531044_C_T_b38	3	1.91970e-03	2.596e-01	5.854e-02 2.605028091436172	1.0
chr1_39528873_A_T_b38	3	1.80471e-03	2.588e-01	5.859e-02 2.602775990807645	1.0
chr1_39479625_C_T_b38	3	1.26945e-03	2.822e-01	6.081e-02 5.1973958015441895	1.0
chr1_39478508_A_G_b38	3	1.26945e-03	2.822e-01	6.081e-02 5.9048751516512725	1.0
chr1_39493413_C_T_b38	3	1.26945e-03	2.822e-01	6.081e-02 5.87144205441454	1.0
chr1_39491629_G_A_b38	3	1.26945e-03	2.822e-01	6.081e-02 5.87144205441454	1.0
chr1_39479096_C_T_b38	3	1.26945e-03	2.822e-01	6.081e-02 5.9048751516512725	1.0
chr1_39491497_C_T_b38	3	1.26945e-03	2.822e-01	6.081e-02 5.87144205441454	1.0
chr1_39482552_A_G_b38	3	1.26945e-03	2.822e-01	6.081e-02 5.9048751516512725	1.0
chr1_39620620_T_C_b38	3	7.99664e-04	-2.417e-01	5.811e-02 -2.730491399765014	1.0
chr1_39492408_C_G_b38	3	7.33838e-04	2.764e-01	6.152e-02 5.913310171725227	1.0
chr1_39616330_A_G_b38	3	7.10149e-04	-2.419e-01	5.864e-02 -2.655035734176636	1.0
chr1_39624273_A_G_b38	3	7.10149e-04	-2.419e-01	5.864e-02 -2.502556324005127	1.0
chr1_39605116_T_C_b38	3	7.10149e-04	-2.419e-01	5.864e-02 -2.6453818940616616	1.0
chr1_39613039_A_C_b38	3	7.10149e-04	-2.419e-01	5.864e-02 -2.729760989135684	1.0
chr1_39523655_C_T_b38	3	5.74224e-04	2.588e-01	5.859e-02 2.382832765579224	1.0
chr1_39527136_T_C_b38	3	5.71851e-04	2.410e-01	5.899e-02 3.600504875183105	1.0
chr1_39546512_G_A_b38	3	5.65829e-04	2.381e-01	5.834e-02 2.516018534584981	1.0
chr1_39526058_G_GGAGT_b38	3	5.30571e-04	2.608e-01	5.932e-02 2.6279580419037374	1.0
chr1_39509736_T_C_b38	3	4.34843e-04	2.553e-01	5.883e-02 2.8805228533368776	1.0
chr1_39623923_C_T_b38	3	3.49350e-04	-2.211e-01	5.661e-02 -2.67244815826416	1.0
chr1_39605577_A_G_b38	3	3.15606e-04	-2.220e-01	5.731e-02 -2.637372357652879	1.0
chr1_39607957_A_G_b38	3	3.15606e-04	-2.220e-01	5.731e-02 -2.7097214483833274	1.0
chr1_39527760_T_C_b38	3	2.43360e-04	2.325e-01	6.081e-02 2.2022815966222633	1.0
chr1_39498201_A_G_b38	3	4.25012e-05	2.257e-01	6.220e-02 1.9105260368813648	1.0
chr1_39535604_A_G_b38	3	3.28608e-05	1.903e-01	6.093e-02 1.6657871803961948	1.0
