chr12_123930906_T_C_b38	1	9.84915e-02	5.999e-01	4.621e-02 6.359732345277921	1.0
chr12_123928944_G_A_b38	1	6.91748e-02	6.090e-01	4.789e-02 5.975916862487793	1.0
chr12_123943615_T_A_b38	1	6.17443e-02	6.030e-01	4.651e-02 6.490319394258308	1.0
chr12_123961022_C_G_b38	1	5.74338e-02	-6.122e-01	4.634e-02 -6.107348442077638	1.0
chr12_123975620_G_T_b38	1	5.36471e-02	6.151e-01	4.666e-02 6.149107933044434	1.0
chr12_123939270_T_C_b38	1	5.32725e-02	6.071e-01	4.683e-02 5.68152379989624	1.0
chr12_123959795_G_GAATT_b38	1	3.41848e-02	6.110e-01	4.712e-02 6.366681643882348	1.0
chr12_123964676_C_A_b38	1	3.41848e-02	6.110e-01	4.712e-02 7.5253233909606925	1.0
chr12_123973455_C_A_b38	1	3.12629e-02	6.188e-01	4.822e-02 6.3888098931842805	1.0
chr12_123933925_C_G_b38	1	2.61233e-02	6.056e-01	4.723e-02 6.479954288254218	1.0
chr12_123934515_A_C_b38	1	2.61233e-02	6.056e-01	4.723e-02 6.4728522446191645	1.0
chr12_123952668_A_T_b38	1	2.37963e-02	-6.058e-01	4.641e-02 -6.037830352783202	1.0
chr12_123942189_C_T_b38	1	2.20911e-02	6.086e-01	4.707e-02 6.490319394258308	1.0
chr12_123941294_A_G_b38	1	2.20911e-02	6.086e-01	4.707e-02 6.490319394258308	1.0
chr12_123940531_A_G_b38	1	2.20911e-02	6.086e-01	4.707e-02 6.490319394258308	1.0
chr12_123943214_T_TA_b38	1	2.20911e-02	6.086e-01	4.707e-02 6.490319394258308	1.0
chr12_123935529_C_CAGGA_b38	1	2.11823e-02	6.037e-01	4.775e-02 6.359732345277921	1.0
chr12_123932791_T_C_b38	1	2.11823e-02	6.037e-01	4.775e-02 6.359732345277921	1.0
chr12_123947154_A_G_b38	1	1.95569e-02	6.078e-01	4.769e-02 6.366681643882348	1.0
chr12_123985786_T_C_b38	1	1.79829e-02	6.127e-01	4.715e-02 5.974922180175781	1.0
chr12_123981448_T_C_b38	1	1.79829e-02	6.127e-01	4.715e-02 6.2789915288589295	1.0
chr12_123988024_T_C_b38	1	1.79829e-02	6.127e-01	4.715e-02 6.3334344375804354	1.0
chr12_123919222_C_T_b38	1	1.68812e-02	5.946e-01	4.683e-02 6.45077436117795	1.0
chr12_123961706_T_C_b38	1	1.58397e-02	6.021e-01	4.618e-02 6.313131930981759	1.0
chr12_123962069_G_A_b38	1	1.58397e-02	6.021e-01	4.618e-02 6.313131930981759	1.0
chr12_123958205_T_C_b38	1	1.10900e-02	5.985e-01	4.602e-02 6.313131930981759	1.0
chr12_123943784_T_C_b38	1	9.55131e-03	5.984e-01	4.658e-02 6.041170597076416	1.0
chr12_123957333_C_G_b38	1	7.88963e-03	6.081e-01	4.703e-02 5.935584545135497	1.0
chr12_123954426_G_C_b38	1	7.88963e-03	6.081e-01	4.703e-02 5.954793930053711	1.0
chr12_123951241_T_A_b38	1	7.88963e-03	6.081e-01	4.703e-02 6.038451671600343	1.0
chr12_123929551_C_T_b38	1	6.61894e-03	6.012e-01	4.757e-02 7.431836605072021	1.0
chr12_123962919_A_G_b38	1	5.33956e-03	6.069e-01	4.726e-02 6.479954288254218	1.0
chr12_123962181_A_G_b38	1	5.33956e-03	6.069e-01	4.726e-02 5.143755435943604	1.0
chr12_123971271_C_T_b38	1	5.33956e-03	6.069e-01	4.726e-02 6.479954288254218	1.0
chr12_123962918_T_A_b38	1	5.33956e-03	6.069e-01	4.726e-02 6.479954288254218	1.0
chr12_123990609_A_G_b38	1	4.22755e-03	6.118e-01	4.688e-02 7.203166484832764	1.0
chr12_124002304_A_G_b38	1	4.22755e-03	6.118e-01	4.688e-02 6.436228494101387	1.0
chr12_123982657_C_A_b38	1	4.22755e-03	6.118e-01	4.688e-02 6.391197838257519	1.0
chr12_123996319_G_A_b38	1	4.22755e-03	6.118e-01	4.688e-02 6.445813024280852	1.0
chr12_123985191_A_G_b38	1	4.22755e-03	6.118e-01	4.688e-02 5.973933696746826	1.0
chr12_123992159_C_G_b38	1	4.22755e-03	6.118e-01	4.688e-02 6.005621910095215	1.0
chr12_123989885_T_TTCTAATGACCAAATCCTA_b38	1	4.22755e-03	6.118e-01	4.688e-02 6.391197838257519	1.0
chr12_123922856_C_T_b38	1	3.97248e-03	5.922e-01	4.766e-02 5.925842761993407	1.0
chr12_123923129_T_C_b38	1	3.97248e-03	5.922e-01	4.766e-02 5.8485755920410165	1.0
chr12_123923444_A_G_b38	1	3.97248e-03	5.922e-01	4.766e-02 5.951805591583253	1.0
chr12_123932792_G_A_b38	1	3.46045e-03	6.005e-01	4.750e-02 6.4728522446191645	1.0
chr12_123934127_C_T_b38	1	3.46045e-03	6.005e-01	4.750e-02 5.903393268585205	1.0
chr12_123956196_G_T_b38	1	3.23674e-03	5.975e-01	4.647e-02 6.05364990234375	1.0
chr12_123953813_A_G_b38	1	3.23674e-03	5.975e-01	4.647e-02 6.313131930981759	1.0
chr12_124004615_A_G_b38	1	2.99787e-03	6.098e-01	4.689e-02 6.3443736919149645	1.0
chr12_123924955_G_A_b38	1	2.98410e-03	5.965e-01	4.829e-02 7.353834629058838	1.0
chr12_123994019_A_T_b38	1	2.41453e-03	6.087e-01	4.690e-02 5.954291820526122	1.0
chr12_123997709_T_C_b38	1	2.41453e-03	6.087e-01	4.690e-02 6.373048682239733	1.0
chr12_123985512_C_T_b38	1	2.41453e-03	6.087e-01	4.690e-02 5.9120869636535645	1.0
chr12_124002131_A_G_b38	1	2.41453e-03	6.087e-01	4.690e-02 6.145007133483888	1.0
chr12_123980289_G_T_b38	1	2.41453e-03	6.087e-01	4.690e-02 7.3109803199768075	1.0
chr12_123982176_C_T_b38	1	2.41453e-03	6.087e-01	4.690e-02 6.391197838257519	1.0
chr12_123997143_A_G_b38	1	2.41453e-03	6.087e-01	4.690e-02 7.169849872589111	1.0
chr12_123992014_C_T_b38	1	2.41453e-03	6.087e-01	4.690e-02 6.391197838257519	1.0
chr12_123992052_T_A_b38	1	2.41453e-03	6.087e-01	4.690e-02 5.975418567657473	1.0
chr12_123994784_C_T_b38	1	2.41453e-03	6.087e-01	4.690e-02 5.9955482482910165	1.0
chr12_123920171_T_C_b38	1	2.32649e-03	5.901e-01	4.747e-02 7.467746257781982	1.0
chr12_123992326_C_T_b38	1	2.02179e-03	6.007e-01	4.752e-02 6.2789915288589295	1.0
chr12_123995826_G_C_b38	1	2.02179e-03	6.007e-01	4.752e-02 6.296480266461332	1.0
chr12_124008063_T_G_b38	1	2.02179e-03	6.007e-01	4.752e-02 5.878420352935791	1.0
chr12_124007766_A_ATTTTATTCATCCAT_b38	1	2.02179e-03	6.007e-01	4.752e-02 6.378565247185152	1.0
chr12_123940837_TGG_T_b38	1	1.92267e-03	6.021e-01	4.754e-02 6.490319394258308	1.0
chr12_123939053_G_C_b38	1	1.92267e-03	6.021e-01	4.754e-02 6.064943790435791	1.0
chr12_123935181_C_T_b38	1	1.49640e-03	5.999e-01	4.779e-02 7.492274761199951	1.0
chr12_123926228_A_C_b38	2	4.19533e-02	-7.451e-02	3.275e-01 0.0	1.0
chr12_123926470_C_T_b38	2	4.19533e-02	-7.451e-02	3.275e-01 0.0	1.0
chr12_123926086_G_C_b38	2	4.19533e-02	-7.451e-02	3.275e-01 0.0	1.0
chr12_123925456_C_T_b38	2	1.57856e-02	-8.250e-02	3.273e-01 0.0	1.0
chr12_123925398_G_A_b38	2	1.57856e-02	-8.250e-02	3.273e-01 0.0	1.0
chr12_123925378_T_C_b38	2	1.57856e-02	-8.250e-02	3.273e-01 0.0	1.0
chr12_123915516_CT_C_b38	2	7.17634e-03	-3.895e-01	1.285e-01 -0.8668153086160886	1.0
chr12_123924778_A_G_b38	2	6.87325e-03	-8.580e-02	3.274e-01 0.0	1.0
chr12_123923708_A_G_b38	2	6.87325e-03	-8.580e-02	3.274e-01 0.0	1.0
chr12_123924669_CCCAT_C_b38	2	6.87325e-03	-8.580e-02	3.274e-01 0.0	1.0
chr12_123924895_G_T_b38	2	6.87325e-03	-8.580e-02	3.274e-01 0.0	1.0
chr12_123924640_G_GTCCATCCATCCA_b38	2	6.87325e-03	-8.580e-02	3.274e-01 0.0	1.0
chr12_123925083_G_T_b38	2	6.87325e-03	-8.580e-02	3.274e-01 0.0	1.0
chr12_123924708_A_G_b38	2	6.87325e-03	-8.580e-02	3.274e-01 0.0	1.0
chr12_123923697_A_G_b38	2	6.87325e-03	-8.580e-02	3.274e-01 0.0	1.0
chr12_123925023_A_C_b38	2	6.87325e-03	-8.580e-02	3.274e-01 0.0	1.0
chr12_123924763_C_T_b38	2	6.87325e-03	-8.580e-02	3.274e-01 0.0	1.0
chr12_123928139_A_C_b38	2	6.56996e-03	-8.580e-02	3.274e-01 0.0	1.0
chr12_123927105_C_T_b38	2	6.56996e-03	-8.580e-02	3.274e-01 0.0	1.0
chr12_123921935_G_A_b38	2	4.39932e-03	-2.565e-01	2.657e-01 0.0	1.0
chr12_123929017_T_C_b38	2	4.17422e-03	-1.027e-01	3.241e-01 0.0	1.0
chr12_123923072_G_C_b38	2	3.25628e-03	-1.003e-01	3.266e-01 0.0	1.0
chr12_123922264_TGGG_T_b38	2	3.25628e-03	-1.003e-01	3.266e-01 0.0	1.0
chr12_123922465_T_G_b38	2	3.25628e-03	-1.003e-01	3.266e-01 0.0	1.0
chr12_123922468_G_A_b38	2	3.25628e-03	-1.003e-01	3.266e-01 0.0	1.0
chr12_123922085_A_C_b38	2	3.25628e-03	-1.003e-01	3.266e-01 0.0	1.0
chr12_123923527_T_C_b38	2	3.25628e-03	-1.003e-01	3.266e-01 0.0	1.0
chr12_123921142_T_C_b38	2	3.25628e-03	-1.003e-01	3.266e-01 0.0	1.0
chr12_123923076_A_C_b38	2	3.25628e-03	-1.003e-01	3.266e-01 0.0	1.0
chr12_123923109_C_A_b38	2	3.25628e-03	-1.003e-01	3.266e-01 0.0	1.0
chr12_123933144_C_A_b38	2	2.31582e-03	-1.003e-01	3.266e-01 0.0	1.0
chr12_123916570_C_T_b38	2	2.21781e-03	-1.002e-01	3.266e-01 0.0	1.0
chr12_123920974_T_C_b38	2	2.21781e-03	-1.002e-01	3.266e-01 0.0	1.0
chr12_123916625_G_A_b38	2	2.21781e-03	-1.002e-01	3.266e-01 0.0	1.0
chr12_123919734_A_G_b38	2	2.21781e-03	-1.002e-01	3.266e-01 0.0	1.0
chr12_123915404_A_G_b38	2	7.19152e-04	-1.708e-01	3.025e-01 0.0	1.0
chr12_123915952_A_AT_b38	2	7.19152e-04	-1.708e-01	3.025e-01 0.0	1.0
chr12_123915529_G_A_b38	2	6.89522e-04	-1.673e-01	2.564e-01 0.0	1.0
chr12_123915479_T_A_b38	2	6.11754e-04	1.731e-01	3.005e-01 0.0	1.0
chr12_124520797_C_T_b38	3	1.78460e-03	-2.720e-01	5.255e-02 1.6429175138473509	1.0
chr12_124520964_G_A_b38	3	1.70264e-03	-2.716e-01	5.258e-02 1.3946825557487827	1.0
