chr7_1044291_G_T_b38	1	1.38305e-01	4.550e-01	6.988e-02 3.5140033345609014	1.0
chr7_1044141_A_G_b38	1	1.38305e-01	4.550e-01	6.988e-02 5.175747871398926	1.0
chr7_1040546_C_G_b38	1	8.91003e-02	4.608e-01	6.355e-02 3.4640672634568177	1.0
chr7_1040928_G_A_b38	1	6.01276e-02	4.640e-01	6.416e-02 3.4640672634568177	1.0
chr7_1035609_G_A_b38	1	3.91961e-02	4.643e-01	6.342e-02 3.4640672634568177	1.0
chr7_1049822_T_C_b38	1	3.72835e-02	4.521e-01	6.294e-02 3.5140033345609014	1.0
chr7_1045070_C_T_b38	1	3.08531e-02	4.199e-01	7.600e-02 3.5115092226738778	1.0
chr7_1046715_AG_A_b38	1	2.71704e-02	4.588e-01	6.420e-02 3.5140033345609014	1.0
chr7_1042385_C_T_b38	1	2.61691e-02	4.588e-01	6.420e-02 3.5140033345609014	1.0
chr7_1032075_T_C_b38	1	1.98254e-02	4.634e-01	6.322e-02 3.4640672634568177	1.0
chr7_1030171_A_G_b38	1	1.98254e-02	4.634e-01	6.322e-02 3.4640672634568177	1.0
chr7_1031276_G_C_b38	1	1.98254e-02	4.634e-01	6.322e-02 3.4640672634568177	1.0
chr7_1030903_C_T_b38	1	1.98254e-02	4.634e-01	6.322e-02 3.4640672634568177	1.0
chr7_1033254_C_T_b38	1	1.98254e-02	4.634e-01	6.322e-02 3.4640672634568177	1.0
chr7_1034128_A_G_b38	1	1.98254e-02	4.634e-01	6.322e-02 3.4640672634568177	1.0
chr7_1032998_G_A_b38	1	1.98254e-02	4.634e-01	6.322e-02 3.4640672634568177	1.0
chr7_1030642_A_T_b38	1	1.98254e-02	4.634e-01	6.322e-02 3.4640672634568177	1.0
chr7_1032804_G_A_b38	1	1.98254e-02	4.634e-01	6.322e-02 3.4640672634568177	1.0
chr7_1032187_C_T_b38	1	1.98254e-02	4.634e-01	6.322e-02 3.4640672634568177	1.0
chr7_1027767_G_A_b38	1	1.98254e-02	4.634e-01	6.322e-02 3.453976875147724	1.0
chr7_1033840_A_G_b38	1	1.98254e-02	4.634e-01	6.322e-02 3.4640672634568177	1.0
chr7_1029714_GC_G_b38	1	1.98254e-02	4.634e-01	6.322e-02 3.4640672634568177	1.0
chr7_1044758_G_A_b38	1	1.43019e-02	4.177e-01	6.920e-02 3.523475278227341	1.0
chr7_1049451_C_A_b38	1	1.36696e-02	4.571e-01	6.257e-02 3.5140033345609014	1.0
chr7_1048994_A_C_b38	1	1.36696e-02	4.571e-01	6.257e-02 3.5140033345609014	1.0
chr7_1049202_G_A_b38	1	1.36696e-02	4.571e-01	6.257e-02 3.5140033345609014	1.0
chr7_1048858_T_C_b38	1	1.36696e-02	4.571e-01	6.257e-02 3.5140033345609014	1.0
chr7_1047080_G_A_b38	1	1.36696e-02	4.571e-01	6.257e-02 3.5140033345609014	1.0
chr7_1049523_G_A_b38	1	1.36696e-02	4.571e-01	6.257e-02 3.5140033345609014	1.0
chr7_1045872_G_A_b38	1	1.23097e-02	4.376e-01	6.073e-02 3.5140033345609014	1.0
chr7_1030995_G_T_b38	1	1.18799e-02	4.481e-01	5.974e-02 3.449140133875425	1.0
chr7_1028596_C_A_b38	1	8.92070e-03	4.519e-01	5.844e-02 3.4640672634568177	1.0
chr7_1050804_G_T_b38	1	8.35568e-03	4.532e-01	5.884e-02 3.5140033345609014	1.0
chr7_1040605_T_C_b38	1	7.08727e-03	4.375e-01	5.701e-02 3.4607116875613766	1.0
chr7_1051989_A_G_b38	1	4.06165e-03	4.024e-01	7.043e-02 3.3828799724578857	1.0
chr7_1050473_G_A_b38	1	1.91904e-03	3.876e-01	7.258e-02 3.5140033345609014	1.0
chr7_1063038_C_T_b38	2	6.99459e-02	1.605e-01	4.868e-02 3.4766069592065216	1.0
chr7_1092820_C_T_b38	2	4.45265e-02	-1.309e-01	3.245e-02 2.7371401317198454	1.0
chr7_1080935_G_A_b38	2	3.36362e-02	-1.201e-01	3.044e-02 2.3834388013384205	1.0
chr7_1092869_G_A_b38	2	1.74845e-02	-1.237e-01	3.290e-02 2.7200091411005918	1.0
chr7_1112979_C_T_b38	2	1.07334e-02	-1.201e-01	3.043e-02 2.670709256256788	1.0
chr7_1082802_A_G_b38	2	8.88966e-03	-1.155e-01	3.246e-02 2.6681788641447763	1.0
chr7_1112021_A_G_b38	2	7.33219e-03	-1.188e-01	3.093e-02 2.6947885641851275	1.0
chr7_1099085_T_G_b38	2	6.64380e-03	-1.180e-01	3.090e-02 2.6387008471760227	1.0
chr7_1065861_T_C_b38	2	6.32014e-03	7.860e-02	2.823e-02 1.3641922188733577	1.0
chr7_1113021_G_A_b38	2	5.67800e-03	-1.169e-01	3.095e-02 2.6947885641851275	1.0
chr7_1112250_G_T_b38	2	5.67800e-03	-1.169e-01	3.095e-02 2.6947885641851275	1.0
chr7_1085733_C_T_b38	2	5.65781e-03	-1.112e-01	3.249e-02 2.6681788641447763	1.0
chr7_1091775_C_T_b38	2	5.51895e-03	-1.111e-01	3.253e-02 2.653823986258255	1.0
chr7_1100059_G_A_b38	2	4.41456e-03	-1.149e-01	3.103e-02 2.6387008471760227	1.0
chr7_1107128_G_A_b38	2	4.41456e-03	-1.149e-01	3.103e-02 2.6387008471760227	1.0
chr7_1105340_G_A_b38	2	4.41456e-03	-1.149e-01	3.103e-02 2.6387008471760227	1.0
chr7_1100662_C_T_b38	2	4.41456e-03	-1.149e-01	3.103e-02 2.6387008471760227	1.0
chr7_1102102_C_T_b38	2	4.41456e-03	-1.149e-01	3.103e-02 2.2171916961669917	1.0
chr7_1103226_G_C_b38	2	4.20809e-03	-1.059e-01	2.875e-02 2.6904724457542346	1.0
chr7_1095206_C_T_b38	2	3.60548e-03	-1.142e-01	3.112e-02 2.6387008471760227	1.0
chr7_1051365_C_T_b38	2	3.53116e-03	1.105e-01	4.979e-02 1.9141420921254544	1.0
chr7_1112907_C_T_b38	2	3.26522e-03	-1.175e-01	3.220e-02 2.6947885641851275	1.0
chr7_1098889_G_A_b38	2	3.04159e-03	-1.124e-01	3.096e-02 2.6387008471760227	1.0
chr7_1109745_G_A_b38	2	2.62274e-03	-1.155e-01	3.224e-02 2.6355828664786958	1.0
chr7_1102680_G_A_b38	2	2.56539e-03	-1.156e-01	3.232e-02 2.6387008471760227	1.0
chr7_1102289_C_A_b38	2	1.65701e-03	-1.042e-01	2.927e-02 2.6904724457542346	1.0
chr7_1101834_G_A_b38	2	1.65701e-03	-1.042e-01	2.927e-02 2.6904724457542346	1.0
chr7_1120554_A_G_b38	2	1.47795e-03	-9.447e-02	2.676e-02 2.4789024981189467	1.0
chr7_1068895_G_A_b38	2	1.39491e-03	2.784e-01	1.704e-01 3.2965635509794122	1.0
chr7_1125400_A_G_b38	2	1.37397e-03	-8.471e-02	2.410e-02 2.5400921274359924	1.0
chr7_1041439_G_C_b38	2	1.08297e-03	-1.104e-01	5.617e-02 2.7126326630046482	1.0
chr7_1069318_G_A_b38	2	1.03685e-03	1.934e-01	1.419e-01 3.2965635509794122	1.0
chr7_1068505_A_C_b38	2	7.37088e-04	2.423e-01	1.882e-01 3.2965635509794122	1.0
chr7_1065528_C_G_b38	2	7.37088e-04	2.423e-01	1.882e-01 3.299070948541808	1.0
chr7_1073660_T_C_b38	2	6.33157e-04	7.510e-02	2.890e-02 1.4110933397039302	1.0
chr7_1120028_G_A_b38	2	6.19330e-04	-8.933e-02	2.678e-02 2.4798006952928944	1.0
chr7_1121522_T_C_b38	2	5.88613e-04	-8.259e-02	2.479e-02 2.0355057716369633	1.0
chr7_1054492_T_C_b38	2	5.63752e-04	9.651e-02	1.688e-01 3.2965635509794122	1.0
chr7_1054485_G_A_b38	2	5.63752e-04	9.651e-02	1.688e-01 3.2965635509794122	1.0
chr7_1099080_C_T_b38	2	5.30994e-04	-9.115e-02	2.778e-02 2.6904724457542346	1.0
chr7_957698_C_G_b38	2	4.03326e-04	8.507e-02	2.970e-02 1.8427877426147456	1.0
chr7_1026774_T_C_b38	2	3.62542e-04	7.633e-02	4.717e-02 3.352469069930709	1.0
chr7_1054332_A_C_b38	2	3.32738e-04	7.453e-03	1.133e-01 3.2725974885224507	1.0
chr7_1061797_G_A_b38	2	2.20147e-04	1.068e-01	1.539e-01 3.299883986691348	1.0
chr7_1050547_G_C_b38	2	2.14978e-04	1.496e-02	9.615e-02 3.5140033345609014	1.0
chr7_1062461_T_A_b38	2	2.13481e-04	1.092e-01	1.826e-01 3.2965635509794122	1.0
chr7_1058769_G_A_b38	2	2.13481e-04	1.092e-01	1.826e-01 3.2965635509794122	1.0
chr7_1060660_A_T_b38	2	2.13481e-04	1.092e-01	1.826e-01 3.2965635509794122	1.0
chr7_1054706_A_G_b38	2	2.13481e-04	1.092e-01	1.826e-01 3.2965635509794122	1.0
chr7_1066018_C_T_b38	2	2.13481e-04	1.092e-01	1.826e-01 3.2965635509794122	1.0
chr7_1061443_C_T_b38	2	2.13481e-04	1.092e-01	1.826e-01 3.2965635509794122	1.0
chr7_1054877_A_G_b38	2	2.13481e-04	1.092e-01	1.826e-01 3.2965635509794122	1.0
chr7_1061654_C_A_b38	2	2.13481e-04	1.092e-01	1.826e-01 3.2965635509794122	1.0
chr7_1057547_G_A_b38	2	2.13481e-04	1.092e-01	1.826e-01 3.2965635509794122	1.0
chr7_1056241_A_G_b38	2	2.13481e-04	1.092e-01	1.826e-01 3.2965635509794122	1.0
chr7_1056377_C_T_b38	2	2.13481e-04	1.092e-01	1.826e-01 3.2965635509794122	1.0
chr7_1060671_G_T_b38	2	2.13481e-04	1.092e-01	1.826e-01 3.2965635509794122	1.0
chr7_1055782_C_T_b38	2	2.13481e-04	1.092e-01	1.826e-01 3.2965635509794122	1.0
chr7_1069107_C_T_b38	2	2.13481e-04	1.092e-01	1.826e-01 3.2965635509794122	1.0
chr7_1056731_G_A_b38	2	2.13481e-04	1.092e-01	1.826e-01 3.2965635509794122	1.0
chr7_1057210_G_A_b38	2	2.13481e-04	1.092e-01	1.826e-01 3.2965635509794122	1.0
chr7_1061225_T_A_b38	2	2.13481e-04	1.092e-01	1.826e-01 3.2965635509794122	1.0
chr7_1058259_A_G_b38	2	2.13481e-04	1.092e-01	1.826e-01 3.2965635509794122	1.0
chr7_1069149_T_C_b38	2	2.13481e-04	1.092e-01	1.826e-01 3.2965635509794122	1.0
chr7_1058778_T_G_b38	2	2.13481e-04	1.092e-01	1.826e-01 3.2965635509794122	1.0
chr7_1057758_T_C_b38	2	2.13481e-04	1.092e-01	1.826e-01 3.2965635509794122	1.0
chr7_1057157_T_C_b38	2	2.13481e-04	1.092e-01	1.826e-01 3.2965635509794122	1.0
chr7_1056503_A_G_b38	2	2.13481e-04	1.092e-01	1.826e-01 3.2965635509794122	1.0
chr7_1056230_A_G_b38	2	2.13481e-04	1.092e-01	1.826e-01 3.2965635509794122	1.0
chr7_1061058_G_A_b38	2	2.13481e-04	1.092e-01	1.826e-01 3.2965635509794122	1.0
chr7_1057387_G_C_b38	2	2.13481e-04	1.092e-01	1.826e-01 3.2965635509794122	1.0
chr7_1046885_C_G_b38	2	2.00240e-04	-2.738e-02	2.315e-02 1.1457921293250977	1.0
chr7_1028126_GC_G_b38	2	1.94674e-04	6.857e-02	4.842e-02 3.3496727401846247	1.0
chr7_1064322_G_A_b38	2	1.90347e-04	8.622e-02	1.603e-01 3.255859072377699	1.0
chr7_1059526_C_CGGGTCTTAGTGAGGT_b38	2	1.90273e-04	7.899e-02	7.219e-02 3.07106532633219	1.0
chr7_1067106_G_A_b38	2	1.80548e-04	7.356e-02	8.353e-02 3.2965635509794122	1.0
chr7_1065736_A_G_b38	2	1.68465e-04	6.058e-02	1.708e-01 3.3063905970098237	1.0
chr7_1052883_C_G_b38	2	1.56892e-04	-7.730e-02	5.459e-02 3.06963112976702	1.0
chr7_1041705_G_A_b38	2	1.54380e-04	1.924e-02	4.671e-02 2.8019116206982666	1.0
chr7_1052438_C_T_b38	2	1.52107e-04	-7.635e-02	8.575e-02 3.2982772394303246	1.0
chr7_1066257_G_GACGATC_b38	2	1.42013e-04	1.174e-02	1.170e-01 3.286301136009413	1.0
chr7_1042336_C_A_b38	2	1.38989e-04	-1.814e-02	2.289e-02 0.8788179159164429	1.0
chr7_980726_T_C_b38	3	4.79744e-03	-1.361e-01	3.259e-02 -0.21656263996856	1.0
chr7_1093112_G_A_b38	3	3.84580e-03	-1.294e-01	3.391e-02 -0.06990897179811388	1.0
chr7_1028142_G_A_b38	3	8.26391e-04	-1.499e-01	4.713e-02 -0.5275344880803057	1.0
chr7_1069060_C_A_b38	3	4.20304e-04	-1.165e-01	3.785e-02 -0.09648591301889728	1.0
chr7_1060872_C_T_b38	3	4.20304e-04	-1.165e-01	3.785e-02 -0.1636584848165512	1.0
chr7_1061348_C_T_b38	3	4.06426e-04	-1.187e-01	3.875e-02 -0.09648591301889728	1.0
chr7_1040451_C_T_b38	3	3.99129e-04	-1.003e-01	3.813e-02 -0.32226562909144657	1.0
chr7_1055183_G_A_b38	3	2.83083e-04	-1.136e-01	3.756e-02 -0.09648591301889728	1.0
chr7_1069495_G_C_b38	3	2.63413e-04	-1.141e-01	3.815e-02 -0.0031392455646693717	1.0
chr7_1058736_G_A_b38	3	2.56617e-04	-1.126e-01	3.772e-02 -0.09648591301889728	1.0
chr7_1058316_C_T_b38	3	1.48685e-04	-1.111e-01	3.858e-02 -0.0	1.0
chr7_1064716_A_G_b38	3	1.48685e-04	-1.111e-01	3.858e-02 -0.09648591301889728	1.0
chr7_1065143_C_T_b38	3	1.29270e-04	-1.096e-01	3.881e-02 -0.09648591301889728	1.0
chr7_1068024_G_A_b38	3	1.29270e-04	-1.096e-01	3.881e-02 -0.09648591301889728	1.0
chr7_1064766_G_A_b38	3	1.29270e-04	-1.096e-01	3.881e-02 -0.09648591301889728	1.0
