chr1_109278889_T_G_b38	1	2.37655e-01	-1.803e-01	3.870e-02 -7.578526973724365	1.0
chr1_109278685_G_T_b38	1	1.61177e-01	-1.790e-01	3.926e-02 -4.9185447692871085	1.0
chr1_109279521_G_A_b38	1	1.49552e-01	-1.777e-01	3.908e-02 -5.313397407531738	1.0
chr1_109279544_G_A_b38	1	1.49552e-01	-1.777e-01	3.908e-02 -7.413402080535889	1.0
chr1_109275216_T_C_b38	1	1.99848e-02	-1.610e-01	3.915e-02 -7.681856155395508	1.0
chr1_109275536_C_CT_b38	1	1.73539e-02	-1.596e-01	3.922e-02 -6.813164003737434	1.0
chr1_109275908_C_T_b38	1	1.37597e-02	-1.588e-01	3.967e-02 -7.903031826019287	1.0
chr1_109275684_G_T_b38	1	1.37597e-02	-1.588e-01	3.967e-02 -7.168038368225098	1.0
chr1_109274968_G_T_b38	1	6.32251e-03	1.528e-01	4.055e-02 7.9624247550964355	1.0
chr1_109655596_A_T_b38	2	2.03212e-02	-1.688e-01	3.402e-02 0.0071413143743265855	1.0
chr1_109652373_C_T_b38	2	2.69031e-03	-1.549e-01	3.439e-02 0.10915299425910213	1.0
chr1_109652606_G_A_b38	2	2.69031e-03	-1.549e-01	3.439e-02 -0.5544074773788452	1.0
chr1_109652492_G_C_b38	2	2.69031e-03	-1.549e-01	3.439e-02 0.4507080316543579	1.0
chr1_109653807_G_A_b38	2	2.68171e-03	-1.549e-01	3.439e-02 0.13513739892008725	1.0
chr1_109653322_C_A_b38	2	2.68171e-03	-1.549e-01	3.439e-02 -0.5792803764343262	1.0
chr1_109654513_T_C_b38	2	2.68171e-03	-1.549e-01	3.439e-02 0.13513739892008725	1.0
chr1_109653242_A_C_b38	2	2.68171e-03	-1.549e-01	3.439e-02 -0.6994033455848694	1.0
chr1_109654825_G_A_b38	2	2.68171e-03	-1.549e-01	3.439e-02 0.13513739892008725	1.0
chr1_109653683_A_T_b38	2	2.53925e-03	-1.546e-01	3.444e-02 0.14508075847880406	1.0
chr1_109558291_T_C_b38	2	1.89072e-03	1.493e-01	3.404e-02 -0.2738970113216454	1.0
chr1_109651633_A_G_b38	2	1.76838e-03	1.526e-01	3.474e-02 -0.07580267551262063	1.0
chr1_109650144_A_G_b38	2	1.76838e-03	1.526e-01	3.474e-02 -1.0213260650634766	1.0
chr1_109652287_C_T_b38	2	1.76838e-03	-1.526e-01	3.474e-02 0.5042296648025513	1.0
chr1_109650086_AT_A_b38	2	1.76838e-03	1.526e-01	3.474e-02 -0.10175147565886188	1.0
chr1_109650768_A_G_b38	2	1.19619e-03	1.469e-01	3.421e-02 0.7187418341636658	1.0
chr1_109643941_C_T_b38	2	4.60628e-04	1.341e-01	3.310e-02 -2.3469066619873047	1.0
chr1_109632269_A_G_b38	2	8.94649e-05	1.324e-01	3.434e-02 -1.3173594551412466	1.0
chr1_109627335_A_G_b38	2	8.91337e-05	1.315e-01	3.417e-02 -0.9316837191581726	1.0
chr1_109629724_T_TG_b38	2	8.91337e-05	1.315e-01	3.417e-02 -1.4765652425675966	1.0
chr1_109629083_A_C_b38	2	8.18108e-05	1.306e-01	3.410e-02 -2.076367139816284	1.0
chr1_109628274_T_C_b38	2	7.64765e-05	1.304e-01	3.420e-02 -1.4441063083387111	1.0
chr1_109632870_T_C_b38	2	7.46091e-05	1.319e-01	3.481e-02 -0.7265527248382568	1.0
chr1_109634225_T_C_b38	2	7.46091e-05	1.319e-01	3.481e-02 -1.296964322544073	1.0
chr1_109626266_C_G_b38	2	7.14609e-05	1.282e-01	3.382e-02 -1.3958155685045042	1.0
chr1_109281628_G_A_b38	3	4.34020e-02	2.503e-01	6.330e-02 2.697415590286255	1.0
chr1_109270863_C_T_b38	3	4.05595e-02	3.091e-01	6.729e-02 2.1832146644592285	1.0
chr1_109292541_C_T_b38	3	1.75450e-02	2.538e-01	6.215e-02 2.2076311111450195	1.0
chr1_109288603_G_A_b38	3	1.74647e-02	2.497e-01	6.097e-02 2.617255449295044	1.0
chr1_109288371_C_T_b38	3	1.74647e-02	2.497e-01	6.097e-02 2.3835038567083933	1.0
chr1_109296770_A_G_b38	3	1.51993e-02	-2.234e-01	5.323e-02 -2.5088489055486094	1.0
chr1_109290565_G_A_b38	3	8.19052e-03	2.370e-01	6.191e-02 1.5713559389114382	1.0
chr1_109292316_C_T_b38	3	8.19052e-03	2.370e-01	6.191e-02 1.635233998298645	1.0
chr1_109241460_G_A_b38	3	6.11201e-03	2.729e-01	6.354e-02 3.0075747776563566	1.0
chr1_109217933_T_C_b38	3	3.58460e-03	2.871e-01	6.372e-02 2.3792054653167725	1.0
chr1_109214673_G_A_b38	3	3.58460e-03	2.871e-01	6.372e-02 2.7432196140289307	1.0
chr1_109296778_C_T_b38	3	1.16257e-03	2.144e-01	6.569e-02 1.9920365517937741	1.0
chr1_109301124_G_C_b38	3	6.23915e-04	2.102e-01	6.703e-02 -0.27487948807427764	1.0
chr1_109318458_C_G_b38	3	1.99609e-04	2.121e-01	6.568e-02 -0.012909494340419771	1.0
chr1_109329495_C_T_b38	3	1.99609e-04	2.121e-01	6.568e-02 -0.27487948807427764	1.0
chr1_109352159_T_G_b38	3	7.09611e-05	2.121e-01	6.568e-02 0.26488247513771057	1.0
chr1_109379694_T_C_b38	3	7.09611e-05	2.121e-01	6.568e-02 -0.27487948807427764	1.0
chr1_109354478_T_C_b38	3	7.09611e-05	2.121e-01	6.568e-02 0.2409420907497406	1.0
chr1_109363156_G_A_b38	3	7.09611e-05	2.121e-01	6.568e-02 -0.27487948807427764	1.0
chr1_109372968_T_C_b38	3	7.09611e-05	2.121e-01	6.568e-02 -0.3616220185411305	1.0
chr1_109376903_G_A_b38	3	7.09611e-05	2.121e-01	6.568e-02 -1.2138631343841553	1.0
chr1_109382296_T_A_b38	3	7.09611e-05	2.121e-01	6.568e-02 -0.27487948807427764	1.0
chr1_109378599_C_T_b38	3	7.09611e-05	2.121e-01	6.568e-02 0.1952464729547501	1.0
chr1_109341191_T_C_b38	3	7.09611e-05	2.121e-01	6.568e-02 0.2514062821865082	1.0
chr1_109379361_G_A_b38	3	7.09611e-05	2.121e-01	6.568e-02 -0.27487948807427764	1.0
chr1_109376517_G_GGATAAAGAAAATATGGTCTATA_b38	3	7.09611e-05	2.121e-01	6.568e-02 -0.27487948807427764	1.0
