chr19_8363686_C_T_b38	1	2.17479e-01	2.644e-01	6.400e-02 6.789786517230621	1.0
chr19_8368312_C_A_b38	1	7.59156e-02	2.858e-01	5.527e-02 5.623894214630127	1.0
chr19_8370135_A_G_b38	1	5.38136e-02	2.815e-01	5.760e-02 6.728238892836827	1.0
chr19_8382280_T_C_b38	1	3.71659e-02	2.868e-01	5.453e-02 6.739550250722308	1.0
chr19_8381172_G_A_b38	1	3.71659e-02	2.868e-01	5.453e-02 6.739550250722308	1.0
chr19_8382482_A_G_b38	1	3.71659e-02	2.868e-01	5.453e-02 6.739550250722308	1.0
chr19_8381251_G_A_b38	1	3.71659e-02	2.868e-01	5.453e-02 6.739550250722308	1.0
chr19_8386546_G_A_b38	1	3.71611e-02	2.868e-01	5.453e-02 6.6777138756251695	1.0
chr19_8385970_A_T_b38	1	3.71611e-02	2.868e-01	5.453e-02 6.716334363676119	1.0
chr19_8383150_T_C_b38	1	3.71611e-02	2.868e-01	5.453e-02 6.716334363676119	1.0
chr19_8387729_T_G_b38	1	3.45332e-02	2.858e-01	5.524e-02 6.766008549054325	1.0
chr19_8387366_TG_T_b38	1	3.45332e-02	2.858e-01	5.524e-02 6.766008549054325	1.0
chr19_8387995_T_C_b38	1	3.45332e-02	2.858e-01	5.524e-02 6.766008549054325	1.0
chr19_8387858_A_G_b38	1	3.45332e-02	2.858e-01	5.524e-02 6.766008549054325	1.0
chr19_8387161_C_A_b38	1	3.45332e-02	2.858e-01	5.524e-02 6.766008549054325	1.0
chr19_8387218_G_A_b38	1	3.45332e-02	2.858e-01	5.524e-02 6.766008549054325	1.0
chr19_8376739_A_G_b38	1	2.43144e-02	2.820e-01	5.740e-02 6.728238892836827	1.0
chr19_8386787_G_C_b38	1	2.05599e-02	2.846e-01	5.620e-02 6.6808323839035175	1.0
chr19_8374818_T_C_b38	1	1.25009e-02	2.745e-01	5.863e-02 6.7168533338274266	1.0
chr19_8392270_C_T_b38	1	1.13505e-02	2.802e-01	5.430e-02 6.686182413761483	1.0
chr19_8366697_G_A_b38	1	1.08262e-02	2.558e-01	6.734e-02 8.704669952392576	1.0
chr19_8388938_T_C_b38	1	1.06476e-02	2.866e-01	5.481e-02 8.620538711547853	1.0
chr19_8391496_A_G_b38	1	1.06476e-02	2.866e-01	5.481e-02 6.686182413761483	1.0
chr19_8389639_A_G_b38	1	1.06476e-02	2.866e-01	5.481e-02 6.73008765566898	1.0
chr19_8391350_T_G_b38	1	1.06476e-02	2.866e-01	5.481e-02 6.686182413761483	1.0
chr19_8388798_C_T_b38	1	1.06476e-02	2.866e-01	5.481e-02 6.766008549054325	1.0
chr19_8383293_T_C_b38	1	6.96455e-03	2.676e-01	6.131e-02 6.716334363676119	1.0
chr19_8385374_CT_C_b38	1	5.86185e-03	2.694e-01	6.759e-02 6.033648047019184	1.0
chr19_8387053_G_A_b38	1	5.86185e-03	2.694e-01	6.759e-02 6.033648047019184	1.0
chr19_8376895_C_T_b38	1	3.51991e-03	2.558e-01	6.734e-02 5.480010509490967	1.0
chr19_8381026_A_G_b38	2	6.45875e-02	2.542e-01	8.402e-02 5.115899264707831	1.0
chr19_8375840_A_G_b38	2	6.45875e-02	2.542e-01	8.402e-02 5.115899264707831	1.0
chr19_8376973_A_G_b38	2	6.34713e-03	1.804e-01	7.164e-02 4.825860500335693	1.0
chr19_8403601_C_T_b38	2	5.55797e-03	-2.228e-01	7.379e-02 -5.421847157521817	1.0
chr19_8404854_C_T_b38	2	3.58959e-04	-1.752e-01	7.466e-02 -6.572311878204347	1.0
chr19_7778127_G_A_b38	3	4.07107e-03	-3.074e-01	5.749e-02 -1.9361689919263756	1.0
chr19_7783793_C_T_b38	3	6.64706e-05	-2.850e-01	6.176e-02 -1.737040638923645	1.0
chr19_7782850_G_A_b38	3	6.64706e-05	-2.850e-01	6.176e-02 -1.829867668763556	1.0
chr19_7786694_C_T_b38	3	6.64706e-05	-2.850e-01	6.176e-02 -1.8478607168721741	1.0
chr19_7788389_G_A_b38	3	6.64706e-05	-2.850e-01	6.176e-02 -1.821596437897838	1.0
chr19_7780973_C_A_b38	3	6.64706e-05	-2.850e-01	6.176e-02 -1.829867668763556	1.0
