chr16_67938354_T_C_b38	1	1.43635e-01	2.154e-01	5.246e-02 11.2315184177202	1.0
chr16_67939268_C_T_b38	1	1.21205e-01	2.132e-01	5.252e-02 11.200784354199078	1.0
chr16_67936027_A_G_b38	1	9.70986e-02	2.035e-01	5.271e-02 13.434212684631348	1.0
chr16_67933975_A_C_b38	1	7.73127e-02	1.924e-01	5.233e-02 13.564434051513672	1.0
chr16_67930300_T_C_b38	1	4.26203e-02	1.831e-01	5.291e-02 12.019137382507324	1.0
chr16_67921338_G_A_b38	1	3.88798e-02	2.325e-01	5.865e-02 12.670898637729753	1.0
chr16_67921651_G_A_b38	1	3.88798e-02	2.325e-01	5.865e-02 9.806563377380373	1.0
chr16_67920495_G_C_b38	1	3.58545e-02	2.308e-01	5.857e-02 12.670898637729753	1.0
chr16_67908417_G_A_b38	1	3.58545e-02	2.308e-01	5.857e-02 12.670898637729753	1.0
chr16_67951803_C_T_b38	1	1.72450e-02	2.186e-01	5.861e-02 15.204507827758787	1.0
chr16_67955620_T_C_b38	1	1.62282e-02	1.944e-01	5.241e-02 12.024652870554723	1.0
chr16_67943479_T_C_b38	1	1.52703e-02	1.929e-01	5.226e-02 13.690884590148926	1.0
chr16_67913255_T_C_b38	1	1.48398e-02	2.135e-01	5.800e-02 13.282333998341553	1.0
chr16_67956073_C_A_b38	1	1.32168e-02	1.935e-01	5.305e-02 12.014553541452322	1.0
chr16_67893221_C_T_b38	1	1.03165e-02	2.016e-01	5.227e-02 13.53610610961914	1.0
chr16_67979568_T_C_b38	1	1.00074e-02	1.994e-01	5.186e-02 12.226031303405762	1.0
chr16_67888439_G_A_b38	1	8.98553e-03	2.014e-01	5.275e-02 13.124167442321776	1.0
chr16_67965312_C_CA_b38	1	8.65621e-03	1.941e-01	5.105e-02 10.77896249212309	1.0
chr16_67895698_T_C_b38	1	7.46096e-03	1.984e-01	5.274e-02 8.552932739257812	1.0
chr16_67959740_T_C_b38	1	6.54638e-03	1.933e-01	5.196e-02 13.195576667785645	1.0
chr16_67906447_A_G_b38	1	5.65261e-03	2.135e-01	5.800e-02 13.282333998341553	1.0
chr16_67897923_T_C_b38	1	5.15240e-03	2.118e-01	5.798e-02 13.086986463846404	1.0
chr16_67894139_G_A_b38	1	5.15240e-03	2.118e-01	5.798e-02 15.44399356842041	1.0
chr16_67964017_T_C_b38	1	4.23822e-03	2.087e-01	5.816e-02 15.079123497009276	1.0
chr16_67891532_G_A_b38	1	3.48759e-03	2.062e-01	5.841e-02 8.644144058227539	1.0
chr16_67886146_G_A_b38	1	3.48759e-03	2.062e-01	5.841e-02 9.932540893554688	1.0
chr16_67868423_A_T_b38	1	3.11971e-03	2.027e-01	5.275e-02 13.178040504455565	1.0
chr16_67867440_A_G_b38	1	3.11971e-03	2.027e-01	5.275e-02 8.430089950561522	1.0
chr16_67877614_T_C_b38	1	2.56443e-03	1.992e-01	5.264e-02 13.341815948486328	1.0
chr16_67840361_T_C_b38	1	2.16142e-03	1.957e-01	5.240e-02 8.369404792785645	1.0
chr16_67871504_A_G_b38	1	2.16142e-03	1.957e-01	5.240e-02 11.677658081054688	1.0
chr16_67863584_C_T_b38	1	1.66613e-03	2.143e-01	5.858e-02 15.393027305603027	1.0
chr16_67896636_G_A_b38	2	5.35713e-03	2.636e-01	8.790e-02 -1.90592665025526	1.0
chr16_67857755_C_G_b38	2	4.98839e-03	2.238e-01	6.603e-02 -2.3329646587371826	1.0
chr16_67891760_G_A_b38	2	6.84495e-04	1.971e-01	9.684e-02 -1.9632699756864207	1.0
chr16_68050342_C_T_b38	2	3.65045e-04	2.699e-01	8.681e-02 -2.2665668043551097	1.0
