chr22_21567397_G_T_b38	1	4.31312e-01	1.159e-01	2.233e-02 -5.83496706569247	1.0
chr22_21567005_G_A_b38	1	1.80660e-01	1.158e-01	2.195e-02 -5.83496706569247	1.0
chr22_21562950_C_CA_b38	1	1.31323e-01	1.188e-01	2.168e-02 -5.7565590330639465	1.0
chr22_21568855_A_C_b38	1	8.93497e-02	1.158e-01	2.164e-02 -5.83496706569247	1.0
chr22_21577975_A_G_b38	1	2.75333e-02	1.174e-01	2.093e-02 -5.873261821735087	1.0
chr22_21563337_C_G_b38	1	2.57603e-02	1.144e-01	2.122e-02 -5.7565590330639465	1.0
chr22_21585900_T_G_b38	1	1.13774e-02	1.158e-01	2.118e-02 -8.365955352783201	1.0
chr22_21585386_G_T_b38	1	1.07040e-02	1.139e-01	2.089e-02 -5.475653648376465	1.0
chr22_21577779_C_T_b38	1	1.07040e-02	1.139e-01	2.089e-02 -8.670480728149414	1.0
chr22_21585398_C_A_b38	1	1.07040e-02	1.139e-01	2.089e-02 -5.873261821735087	1.0
chr22_21598987_A_G_b38	1	9.85594e-03	1.173e-01	2.079e-02 -5.873261821735087	1.0
chr22_21581863_C_G_b38	1	9.58071e-03	1.134e-01	2.089e-02 -5.854232922804238	1.0
chr22_21603703_T_C_b38	1	8.57628e-03	1.163e-01	2.071e-02 -5.873261821735087	1.0
chr22_21598999_T_C_b38	1	8.23992e-03	1.170e-01	2.087e-02 -5.873261821735087	1.0
chr22_21627960_T_C_b38	1	4.75763e-03	1.177e-01	2.066e-02 -5.087873935699463	1.0
chr22_21567984_T_C_b38	2	2.66459e-02	5.691e-02	6.228e-02 0.0	1.0
chr22_21563669_C_T_b38	2	2.77821e-03	6.182e-02	5.608e-02 0.0	1.0
chr22_21562464_C_T_b38	2	2.15761e-03	8.041e-02	5.261e-02 0.0	1.0
chr22_21574955_ACT_A_b38	2	1.55933e-03	6.359e-02	5.287e-02 0.0	1.0
chr22_21576531_C_T_b38	2	1.55933e-03	6.359e-02	5.287e-02 0.0	1.0
chr22_21576492_G_T_b38	2	1.55933e-03	6.359e-02	5.287e-02 0.0	1.0
chr22_21562217_C_T_b38	2	7.22801e-04	-4.575e-03	5.391e-02 0.0	1.0
chr22_21578648_G_A_b38	2	7.20641e-04	6.417e-02	5.222e-02 0.0	1.0
chr22_21578549_A_G_b38	2	7.20641e-04	6.417e-02	5.222e-02 0.0	1.0
chr22_21579115_C_T_b38	2	7.20641e-04	6.417e-02	5.222e-02 0.0	1.0
chr22_21587415_G_A_b38	2	7.20641e-04	6.417e-02	5.222e-02 0.0	1.0
chr22_21584844_C_G_b38	2	4.03134e-04	3.880e-02	5.218e-02 0.0	1.0
chr22_21600170_G_A_b38	2	1.50681e-04	6.454e-02	5.223e-02 0.0	1.0
chr22_21601126_G_A_b38	2	1.50681e-04	6.454e-02	5.223e-02 0.0	1.0
chr22_21606773_C_T_b38	2	1.50681e-04	6.454e-02	5.223e-02 0.0	1.0
chr22_21615982_T_C_b38	2	1.50681e-04	6.454e-02	5.223e-02 0.0	1.0
chr22_21594393_G_A_b38	2	1.50681e-04	6.454e-02	5.223e-02 0.0	1.0
chr22_21607718_C_T_b38	2	1.50681e-04	6.454e-02	5.223e-02 0.0	1.0
chr22_21615746_G_A_b38	2	1.50681e-04	6.454e-02	5.223e-02 0.0	1.0
chr22_21612902_G_A_b38	2	1.50681e-04	6.454e-02	5.223e-02 0.0	1.0
chr22_21600944_T_C_b38	2	1.50681e-04	6.454e-02	5.223e-02 0.0	1.0
chr22_21600080_G_A_b38	2	1.50681e-04	6.454e-02	5.223e-02 0.0	1.0
chr22_21615927_G_A_b38	2	1.50681e-04	6.454e-02	5.223e-02 0.0	1.0
chr22_21611894_T_A_b38	2	1.50681e-04	6.454e-02	5.223e-02 0.0	1.0
chr22_21617082_C_T_b38	2	1.50681e-04	6.454e-02	5.223e-02 0.0	1.0
chr22_21595122_A_C_b38	3	3.73162e-03	1.141e-01	2.082e-02 -5.873261821735087	1.0
chr22_21616721_G_A_b38	3	3.73162e-03	1.141e-01	2.082e-02 -5.873261821735087	1.0
chr22_21622645_T_C_b38	3	3.34567e-03	1.167e-01	2.061e-02 -5.873261821735087	1.0
chr22_21604015_A_G_b38	3	3.26277e-03	1.131e-01	2.073e-02 -5.873261821735087	1.0
chr22_21604583_T_G_b38	3	3.20015e-03	1.123e-01	2.061e-02 -5.873261821735087	1.0
chr22_21560614_C_G_b38	3	2.77813e-03	1.174e-01	2.464e-02 -5.25565222544281	1.0
chr22_21560617_G_A_b38	3	2.77813e-03	1.174e-01	2.464e-02 -5.193509598870162	1.0
chr22_21612153_G_A_b38	3	1.53915e-03	1.107e-01	2.089e-02 -5.429633140563965	1.0
chr22_21566614_A_G_b38	3	7.44871e-04	3.499e-02	1.173e-01 -5.693968234185253	1.0
chr22_21568075_T_C_b38	3	5.36362e-04	-1.383e-02	1.582e-01 -5.693968234185253	1.0
chr22_21568167_C_G_b38	3	4.42108e-04	-9.923e-02	9.844e-02 -5.396697132372031	1.0
chr22_21630090_G_A_b38	3	4.40064e-04	1.057e-01	2.012e-02 -5.052234296958829	1.0
chr22_21563161_G_A_b38	3	4.29513e-04	9.118e-02	4.551e-02 -5.661390408214816	1.0
chr22_21615351_T_C_b38	3	3.98804e-04	1.068e-01	2.131e-02 -5.965571188378543	1.0
chr22_21566114_G_A_b38	3	3.47226e-04	4.271e-02	1.116e-01 -5.693968234185253	1.0
chr22_21565382_A_G_b38	3	2.99308e-04	2.203e-02	1.292e-01 -5.665092361963729	1.0
chr22_21570728_A_G_b38	3	2.39269e-04	-1.540e-01	5.896e-02 -5.32519560721896	1.0
chr22_21568615_G_T_b38	3	1.98540e-04	-6.525e-02	1.108e-01 -5.392717361450195	1.0
chr22_21566528_G_C_b38	3	1.91276e-04	-6.525e-02	1.108e-01 -5.425574552761684	1.0
chr22_21563190_C_T_b38	3	1.70308e-04	8.784e-02	4.631e-02 -4.892700827081446	1.0
chr22_21570300_TATTA_T_b38	3	1.32883e-04	-9.135e-02	1.514e-01 -5.596282463026912	1.0
chr22_21574352_G_A_b38	3	9.27588e-05	4.620e-02	1.075e-01 -5.411382675170898	1.0
chr22_21572942_C_T_b38	3	9.27588e-05	4.620e-02	1.075e-01 -5.36862325668335	1.0
chr22_21574627_T_G_b38	3	9.27588e-05	4.620e-02	1.075e-01 -8.583063125610353	1.0
chr22_21572775_G_A_b38	3	7.75475e-05	5.765e-03	1.466e-01 -5.300952434539795	1.0
chr22_21576488_C_T_b38	3	6.25794e-05	-7.315e-02	1.095e-01 -5.464609261197438	1.0
chr22_21574308_C_G_b38	3	6.25794e-05	-7.315e-02	1.095e-01 -5.362715721130371	1.0
chr22_21575804_C_T_b38	3	6.25794e-05	-7.315e-02	1.095e-01 -5.464609261197438	1.0
chr22_21558871_T_C_b38	3	5.54141e-05	7.611e-02	5.683e-02 -4.844078908118034	1.0
chr22_21562072_G_A_b38	3	4.96337e-05	4.831e-02	8.087e-02 -5.298129394155817	1.0
chr22_21561877_T_C_b38	3	4.80290e-05	1.973e-02	9.527e-02 -5.497094631195068	1.0
chr22_21589375_C_G_b38	3	4.46682e-05	9.398e-02	2.242e-02 -5.732336779830838	1.0
chr22_21579491_C_T_b38	3	4.46682e-05	9.398e-02	2.242e-02 -5.732336779830838	1.0
chr22_21584301_C_T_b38	3	4.46682e-05	9.398e-02	2.242e-02 -5.732336779830838	1.0
chr22_21591884_A_G_b38	3	4.46682e-05	9.398e-02	2.242e-02 -5.732336779830838	1.0
chr22_21584574_G_C_b38	3	4.46682e-05	9.398e-02	2.242e-02 -5.732336779830838	1.0
chr22_21589649_T_C_b38	3	4.46682e-05	9.398e-02	2.242e-02 -5.570643424987793	1.0
chr22_21591562_G_A_b38	3	3.87771e-05	9.423e-02	2.274e-02 -5.380038261413574	1.0
chr22_21587692_A_G_b38	3	3.87771e-05	9.423e-02	2.274e-02 -5.522873401641847	1.0
chr22_21591689_G_A_b38	3	2.33859e-05	-1.465e-01	6.837e-02 -5.451880712170687	1.0
chr22_21579139_C_T_b38	3	2.33364e-05	-1.439e-01	6.611e-02 -5.464609261197438	1.0
chr22_21587626_C_T_b38	3	2.17056e-05	-1.293e-01	6.269e-02 -5.549431324005127	1.0
chr22_21587718_G_A_b38	3	2.17056e-05	-1.293e-01	6.269e-02 -5.475897312164307	1.0
chr22_21590807_T_A_b38	3	2.17056e-05	-1.293e-01	6.269e-02 -5.551147937774658	1.0
chr22_21588689_A_T_b38	3	2.17056e-05	-1.293e-01	6.269e-02 -5.464609261197438	1.0
chr22_21586021_A_G_b38	3	2.17056e-05	-1.293e-01	6.269e-02 -5.464609261197438	1.0
chr22_21612515_C_T_b38	3	1.43389e-05	-1.636e-01	5.853e-02 -5.562268312506377	1.0
chr22_21617343_T_G_b38	3	1.27977e-05	9.398e-02	2.242e-02 -5.732336779830838	1.0
chr22_21604749_G_C_b38	3	1.23425e-05	9.359e-02	2.238e-02 -5.5154948234558105	1.0
chr22_21557044_A_T_b38	3	1.09617e-05	9.590e-02	2.475e-02 -4.658141381641832	1.0
chr22_21556931_G_A_b38	3	1.09617e-05	9.590e-02	2.475e-02 -4.658141381641832	1.0
