chr11_122655361_C_T_b38	1	2.30574e-01	2.019e-01	4.217e-02 4.816717590479582	1.0
chr11_122650323_C_G_b38	1	6.57170e-02	2.120e-01	4.166e-02 5.0310040079965095	1.0
chr11_122654600_T_G_b38	1	4.48508e-02	2.019e-01	4.217e-02 4.496134281158447	1.0
chr11_122654243_G_A_b38	1	4.48508e-02	2.019e-01	4.217e-02 4.7862109156689066	1.0
chr11_122652542_G_A_b38	1	4.10632e-02	2.039e-01	4.167e-02 4.840196417852313	1.0
chr11_122652060_ATTTG_A_b38	1	4.10632e-02	2.039e-01	4.167e-02 4.840196417852313	1.0
chr11_122652200_GT_G_b38	1	4.10632e-02	2.039e-01	4.167e-02 4.840196417852313	1.0
chr11_122652538_A_G_b38	1	4.10632e-02	2.039e-01	4.167e-02 4.840196417852313	1.0
chr11_122649035_G_A_b38	1	3.69281e-02	2.070e-01	4.179e-02 5.0310040079965095	1.0
chr11_122655893_C_T_b38	1	3.09177e-02	1.694e-01	4.100e-02 5.551758005167248	1.0
chr11_122650200_G_A_b38	1	2.88556e-02	2.039e-01	4.167e-02 4.840196417852313	1.0
chr11_122652959_C_T_b38	1	2.67034e-02	2.019e-01	4.217e-02 4.7862109156689066	1.0
chr11_122646455_T_C_b38	1	2.02873e-02	1.921e-01	4.127e-02 5.2732100552999315	1.0
chr11_122648580_C_T_b38	1	1.77137e-02	1.978e-01	4.147e-02 5.089572831464476	1.0
chr11_122664700_T_C_b38	1	1.32763e-02	1.853e-01	4.082e-02 5.0445876121521	1.0
chr11_122663796_T_C_b38	1	1.30641e-02	1.869e-01	4.210e-02 7.7322044372558585	1.0
chr11_122655793_A_C_b38	1	1.12089e-02	1.570e-01	4.040e-02 5.093938827514648	1.0
chr11_122656412_G_A_b38	1	1.02556e-02	1.688e-01	4.074e-02 5.551758005167248	1.0
chr11_122633677_C_T_b38	1	8.90500e-03	2.020e-01	4.204e-02 4.808325290679932	1.0
chr11_122632685_C_T_b38	1	8.90500e-03	2.020e-01	4.204e-02 4.935801037540487	1.0
chr11_122650313_T_C_b38	1	8.80692e-03	1.818e-01	4.096e-02 5.697008908095974	1.0
chr11_122651359_T_C_b38	1	8.28434e-03	1.762e-01	4.062e-02 5.712361685278469	1.0
chr11_122651667_T_C_b38	1	8.28434e-03	1.762e-01	4.062e-02 7.724833011627197	1.0
chr11_122659883_C_G_b38	1	7.89002e-03	1.739e-01	4.033e-02 5.168642997741699	1.0
chr11_122649998_C_G_b38	1	6.33344e-03	1.804e-01	4.162e-02 5.545164810297688	1.0
chr11_122658162_C_T_b38	1	5.65504e-03	1.684e-01	4.051e-02 5.551758005167248	1.0
chr11_122658155_T_A_b38	1	5.65504e-03	1.684e-01	4.051e-02 5.551758005167248	1.0
chr11_122657485_T_C_b38	1	5.65504e-03	1.684e-01	4.051e-02 5.551758005167248	1.0
chr11_122657315_G_A_b38	1	5.65504e-03	1.684e-01	4.051e-02 5.551758005167248	1.0
chr11_122647095_A_G_b38	1	5.63474e-03	1.750e-01	4.001e-02 5.518035816778686	1.0
chr11_122637455_C_T_b38	1	5.35145e-03	1.808e-01	3.993e-02 4.991442680358887	1.0
chr11_122663200_T_C_b38	1	5.26364e-03	1.733e-01	3.993e-02 5.752246078771206	1.0
chr11_122660866_A_G_b38	1	5.26364e-03	1.733e-01	3.993e-02 5.752246078771206	1.0
chr11_122664102_A_G_b38	1	5.26364e-03	1.733e-01	3.993e-02 5.752246078771206	1.0
chr11_122662371_T_C_b38	1	5.26364e-03	1.733e-01	3.993e-02 5.752246078771206	1.0
chr11_122664096_T_A_b38	1	5.26364e-03	1.733e-01	3.993e-02 5.752246078771206	1.0
chr11_122662585_T_C_b38	1	5.26364e-03	1.733e-01	3.993e-02 5.752246078771206	1.0
chr11_122663158_A_G_b38	1	5.26364e-03	1.733e-01	3.993e-02 5.752246078771206	1.0
chr11_122633543_G_T_b38	1	5.24913e-03	1.916e-01	4.102e-02 5.761641025543213	1.0
chr11_122633638_A_G_b38	1	5.24913e-03	1.916e-01	4.102e-02 4.692641258239746	1.0
chr11_122648314_T_G_b38	1	5.01087e-03	1.722e-01	3.974e-02 5.5790719120110905	1.0
chr11_122647901_A_G_b38	1	5.01087e-03	1.722e-01	3.974e-02 5.518035816778686	1.0
chr11_122635300_G_T_b38	1	4.49799e-03	1.772e-01	3.961e-02 4.869997024536133	1.0
chr11_122634873_G_A_b38	1	4.19564e-03	1.897e-01	4.112e-02 4.9289644460537065	1.0
chr11_122641252_G_A_b38	1	4.19564e-03	1.897e-01	4.112e-02 4.9289644460537065	1.0
chr11_122652888_G_A_b38	1	4.07880e-03	1.699e-01	4.024e-02 5.672544771813184	1.0
chr11_122626063_TAGAC_T_b38	1	3.77179e-03	2.019e-01	4.203e-02 4.941593851715732	1.0
chr11_122647817_A_G_b38	1	3.66709e-03	1.698e-01	3.995e-02 5.003735065460205	1.0
chr11_122664625_G_C_b38	1	3.51457e-03	1.726e-01	4.060e-02 5.105053901672363	1.0
chr11_122664438_A_G_b38	1	3.51457e-03	1.726e-01	4.060e-02 5.4980483244992655	1.0
chr11_122664422_G_GAAGAATGAGAT_b38	1	3.51457e-03	1.726e-01	4.060e-02 5.4980483244992655	1.0
chr11_122625911_C_T_b38	1	3.23116e-03	1.958e-01	4.110e-02 5.167969978307207	1.0
chr11_122642847_A_T_b38	1	3.20437e-03	1.781e-01	4.010e-02 5.03290605545044	1.0
chr11_122634636_G_T_b38	1	3.03662e-03	1.740e-01	3.908e-02 7.509265422821045	1.0
chr11_122634708_G_A_b38	1	3.03662e-03	1.740e-01	3.908e-02 5.045473098754883	1.0
chr11_122649545_T_C_b38	1	2.97600e-03	1.686e-01	3.998e-02 5.5790719120110905	1.0
chr11_122638783_G_A_b38	1	2.96295e-03	1.746e-01	3.926e-02 5.033979892730713	1.0
chr11_122633992_A_G_b38	1	2.91657e-03	1.730e-01	3.867e-02 5.3977245247921966	1.0
chr11_122664903_G_A_b38	1	2.60910e-03	1.691e-01	4.032e-02 5.028434753417969	1.0
chr11_122663482_C_T_b38	1	2.60771e-03	1.677e-01	4.017e-02 5.551758005167248	1.0
chr11_122632424_G_A_b38	1	2.38223e-03	1.707e-01	3.871e-02 4.940187815273113	1.0
chr11_122653873_C_T_b38	1	2.30151e-03	1.967e-01	4.912e-02 4.187295406321123	1.0
chr11_122656504_G_C_b38	2	6.82179e-03	-7.570e-02	1.116e-01 1.6684526072560697	1.0
chr11_122653960_A_G_b38	2	4.06518e-03	-6.903e-02	1.184e-01 1.684829389527454	1.0
chr11_122654033_G_A_b38	2	3.91658e-03	-6.957e-02	1.205e-01 1.678669625388174	1.0
chr11_122654259_A_G_b38	2	3.53220e-03	-9.294e-03	1.163e-01 1.951528351860236	1.0
chr11_122650397_C_T_b38	2	1.66680e-03	-6.927e-02	1.186e-01 1.684829389527454	1.0
chr11_122649820_G_C_b38	2	1.65928e-03	-6.860e-02	1.169e-01 1.4838661750592306	1.0
chr11_122649850_A_G_b38	2	1.65928e-03	-6.860e-02	1.169e-01 1.4838661750592306	1.0
chr11_122650415_C_T_b38	2	1.49031e-03	-4.558e-02	1.205e-01 1.7695306112609914	1.0
chr11_122649352_AC_A_b38	2	1.46391e-03	-3.666e-02	1.185e-01 1.4838661750592306	1.0
chr11_122649271_C_A_b38	2	1.46391e-03	-3.666e-02	1.185e-01 1.4838661750592306	1.0
chr11_122648644_G_A_b38	2	1.29175e-03	-3.648e-03	1.151e-01 1.2795831125052428	1.0
chr11_122648573_T_G_b38	2	1.27300e-03	2.522e-02	1.063e-01 1.3777590512343254	1.0
chr11_122632456_G_A_b38	2	4.93601e-04	7.849e-02	6.863e-02 1.0009851923376178	1.0
chr11_122635421_C_G_b38	2	4.41877e-04	2.442e-02	1.000e-01 0.9549558758735656	1.0
chr11_122632262_G_A_b38	2	3.96277e-04	3.163e-02	9.392e-02 1.1737380027770996	1.0
chr11_122632154_T_C_b38	2	3.96277e-04	3.163e-02	9.392e-02 0.972957067464412	1.0
chr11_122632643_G_C_b38	2	3.90465e-04	4.025e-02	8.673e-02 0.972957067464412	1.0
chr11_122632827_T_G_b38	2	3.90465e-04	4.025e-02	8.673e-02 0.972957067464412	1.0
chr11_122632730_C_T_b38	2	3.90465e-04	4.025e-02	8.673e-02 0.972957067464412	1.0
chr11_122632839_A_C_b38	2	3.90465e-04	4.025e-02	8.673e-02 0.972957067464412	1.0
chr11_122632615_A_G_b38	2	3.90465e-04	4.025e-02	8.673e-02 1.1188596487045288	1.0
chr11_122633012_A_AAAG_b38	2	3.90465e-04	4.025e-02	8.673e-02 0.972957067464412	1.0
chr11_122632875_G_A_b38	2	3.90316e-04	4.067e-02	8.658e-02 0.967092037156286	1.0
chr11_122632134_A_G_b38	2	3.51820e-04	3.688e-02	7.943e-02 0.9472723603248596	1.0
chr11_122626076_A_C_b38	2	3.41425e-04	-1.410e-01	8.858e-02 0.9760500365447052	1.0
chr11_122626252_T_A_b38	2	3.41425e-04	-1.410e-01	8.858e-02 0.9760500365447052	1.0
chr11_122627461_T_C_b38	2	3.41425e-04	-1.410e-01	8.858e-02 0.9760500365447052	1.0
chr11_122627329_A_G_b38	2	3.41425e-04	-1.410e-01	8.858e-02 0.9760500365447052	1.0
chr11_122626322_T_G_b38	2	3.41425e-04	-1.410e-01	8.858e-02 0.9760500365447052	1.0
chr11_122626160_G_T_b38	2	3.41425e-04	-1.410e-01	8.858e-02 0.9760500365447052	1.0
chr11_122627128_A_T_b38	2	3.41425e-04	-1.410e-01	8.858e-02 0.9760500365447052	1.0
chr11_122627015_A_G_b38	2	3.41425e-04	-1.410e-01	8.858e-02 0.9760500365447052	1.0
chr11_122626173_G_C_b38	2	2.45239e-04	-1.186e-01	9.632e-02 0.9760500365447052	1.0
chr11_122629187_A_G_b38	2	1.91248e-04	-1.113e-01	1.032e-01 0.8260071873664856	1.0
chr11_122628659_T_C_b38	2	1.91248e-04	-1.113e-01	1.032e-01 0.7272056341171265	1.0
chr11_122628050_C_T_b38	2	1.35608e-04	-9.654e-02	1.039e-01 0.9554992685211976	1.0
chr11_122627104_G_A_b38	2	1.35608e-04	-9.654e-02	1.039e-01 0.9554992685211976	1.0
chr11_122627975_G_A_b38	2	1.35608e-04	-9.654e-02	1.039e-01 0.9554992685211976	1.0
chr11_122628424_G_GAC_b38	2	1.35608e-04	-9.654e-02	1.039e-01 0.9554992685211976	1.0
chr11_122627784_C_G_b38	2	1.35608e-04	-9.654e-02	1.039e-01 0.9554992685211976	1.0
chr11_122628067_A_T_b38	2	1.35608e-04	-9.654e-02	1.039e-01 0.9554992685211976	1.0
chr11_122627901_G_A_b38	2	1.35608e-04	-9.654e-02	1.039e-01 0.7945075631141663	1.0
chr11_122628044_T_A_b38	2	1.04098e-04	-5.434e-02	1.174e-01 0.9295587175743126	1.0
chr11_122627789_A_G_b38	2	9.14818e-05	-4.025e-02	1.154e-01 0.971753098705025	1.0
chr11_122629727_C_T_b38	2	8.67987e-05	-1.336e-02	1.066e-01 0.9793782092737768	1.0
chr11_122625327_C_T_b38	2	8.39207e-05	6.273e-02	5.904e-02 0.8465789488440181	1.0
chr11_122630454_T_G_b38	2	7.67981e-05	-1.226e-02	1.055e-01 0.7383529543876648	1.0
chr11_122625388_T_C_b38	2	6.56657e-05	2.424e-03	8.702e-02 1.0061366103289449	1.0
chr11_122625541_C_A_b38	2	6.47159e-05	5.030e-04	8.700e-02 1.1380490064620972	1.0
chr11_122625371_A_C_b38	2	5.72574e-05	1.954e-02	7.988e-02 1.0061366103289449	1.0
chr11_122657644_A_C_b38	3	6.53018e-05	1.173e-01	4.804e-02 3.2215055057426034	1.0
