chr11_61790354_T_C_b38	1	1.13297e-01	-9.554e-02	2.399e-02 -8.929762912424623	1.0
chr11_61800281_C_A_b38	1	6.32944e-02	-1.015e-01	2.478e-02 -7.4840044160612225	1.0
chr11_61801834_C_G_b38	1	6.09608e-02	-9.819e-02	2.402e-02 -9.518084526062012	1.0
chr11_61802358_C_T_b38	1	6.09608e-02	-9.819e-02	2.402e-02 -10.92982292175293	1.0
chr11_61792609_G_A_b38	1	5.12668e-02	-8.053e-02	2.466e-02 -9.114587783813477	1.0
chr11_61796827_G_T_b38	1	4.04927e-02	-9.187e-02	2.400e-02 -9.401169776916504	1.0
chr11_61803910_G_A_b38	1	3.74398e-02	-1.017e-01	2.462e-02 -9.895759582519533	1.0
chr11_61785208_G_T_b38	1	3.69430e-02	-9.568e-02	2.415e-02 -10.780233383178713	1.0
chr11_61813163_C_T_b38	1	3.30495e-02	-1.015e-01	2.478e-02 -9.815591812133787	1.0
chr11_61812288_T_C_b38	1	3.30495e-02	-1.015e-01	2.478e-02 -9.843351364135742	1.0
chr11_61815236_T_C_b38	1	3.30495e-02	-1.015e-01	2.478e-02 -4.7897372245788565	1.0
chr11_61807686_A_G_b38	1	3.18311e-02	-9.819e-02	2.402e-02 -5.886776924133301	1.0
chr11_61811991_A_G_b38	1	3.18311e-02	-9.819e-02	2.402e-02 -8.791619908514825	1.0
chr11_61803311_T_C_b38	1	3.18311e-02	-9.819e-02	2.402e-02 -10.785168647766113	1.0
chr11_61804006_T_C_b38	1	3.18311e-02	-9.819e-02	2.402e-02 -10.88526725769043	1.0
chr11_61817672_A_G_b38	1	3.18311e-02	-9.819e-02	2.402e-02 -5.9172844886779785	1.0
chr11_61798436_T_C_b38	1	2.66618e-02	-9.220e-02	2.387e-02 -9.340235710144043	1.0
chr11_61813896_A_G_b38	1	2.65065e-02	-1.001e-01	2.479e-02 -7.590457089745071	1.0
chr11_61781553_G_A_b38	1	2.13668e-02	-9.615e-02	2.413e-02 -8.985351450410517	1.0
chr11_61784455_A_C_b38	1	2.05072e-02	-9.247e-02	2.435e-02 -9.521133422851562	1.0
chr11_61818856_C_CT_b38	1	1.14027e-02	-9.819e-02	2.402e-02 -8.791619908514825	1.0
chr11_61827448_CT_C_b38	1	1.05351e-02	-9.776e-02	2.404e-02 -8.487607703503434	1.0
chr11_61826344_C_T_b38	1	1.05351e-02	-9.776e-02	2.404e-02 -5.7046241760253915	1.0
chr11_61783884_T_C_b38	1	9.74889e-03	-8.517e-02	2.379e-02 -10.92212200164795	1.0
chr11_61830816_C_T_b38	1	8.02042e-03	-1.076e-01	2.695e-02 -5.864190061124567	1.0
chr11_61830500_A_G_b38	1	4.36606e-03	-9.063e-02	2.369e-02 -10.752943992614746	1.0
chr11_61832855_G_A_b38	1	4.35237e-03	-1.029e-01	2.693e-02 -4.830193996429443	1.0
chr11_61828850_CA_C_b38	1	3.30787e-03	-8.887e-02	2.372e-02 -8.718890662790729	1.0
chr11_61814184_G_A_b38	1	3.20072e-03	-8.756e-02	2.560e-02 -6.3400571529821015	1.0
chr11_61779120_A_G_b38	1	2.25691e-03	-7.718e-02	2.323e-02 -5.4443325996398935	1.0
chr11_61813890_C_CG_b38	1	2.11822e-03	-8.894e-02	2.711e-02 -7.7334591922266736	1.0
chr11_61820833_A_G_b38	1	1.20639e-03	-8.094e-02	2.350e-02 -8.661031833745662	1.0
chr11_61790331_T_C_b38	1	1.18880e-03	-5.719e-02	2.324e-02 -10.95334243774414	1.0
chr11_61792789_C_T_b38	2	9.47822e-03	7.620e-03	3.559e-02 3.769309282302856	1.0
