chr19_8363686_C_T_b38	1	6.76430e-01	1.646e-01	3.086e-02 6.789786517230621	1.0
chr19_8366697_G_A_b38	1	8.33620e-02	1.642e-01	3.074e-02 8.704669952392576	1.0
chr19_8370135_A_G_b38	1	6.79721e-02	1.676e-01	3.092e-02 6.728238892836827	1.0
chr19_8376895_C_T_b38	1	3.98564e-02	1.683e-01	3.086e-02 5.480010509490967	1.0
chr19_8387053_G_A_b38	1	3.75156e-02	1.665e-01	3.026e-02 6.033648047019184	1.0
chr19_8385374_CT_C_b38	1	3.75156e-02	1.665e-01	3.026e-02 6.033648047019184	1.0
chr19_8376739_A_G_b38	1	7.03415e-03	1.553e-01	3.016e-02 6.728238892836827	1.0
chr19_8374818_T_C_b38	1	7.03415e-03	1.553e-01	3.016e-02 6.7168533338274266	1.0
chr19_8364182_C_T_b38	2	6.07278e-02	-1.971e-01	7.264e-02 3.915176063875067	1.0
chr19_8357262_AGGAGTT_A_b38	2	1.87035e-02	-2.148e-01	7.311e-02 3.915176063875067	1.0
chr19_8360674_G_A_b38	2	1.60558e-02	-1.612e-01	6.147e-02 3.865650893206337	1.0
chr19_8359176_A_G_b38	2	1.60558e-02	-1.612e-01	6.147e-02 3.865650893206337	1.0
chr19_8377318_C_A_b38	2	8.00846e-03	-1.954e-01	6.728e-02 3.915176063875067	1.0
chr19_8374654_G_C_b38	2	4.85822e-03	-1.974e-01	7.266e-02 3.915176063875067	1.0
chr19_8360765_G_A_b38	3	1.44073e-03	1.791e-01	7.658e-02 -2.68931598493185	1.0
