chr19_54221658_C_CT_b38	1	1.46912e-01	5.328e-01	8.651e-02 0.20817064562834864	1.0
chr19_54219979_C_G_b38	1	7.27426e-02	4.662e-01	7.840e-02 0.8583295943387951	1.0
chr19_54219624_T_C_b38	1	6.54041e-02	4.796e-01	8.095e-02 0.7703389415965135	1.0
chr19_54219752_C_G_b38	1	6.54041e-02	4.796e-01	8.095e-02 0.8665665135333029	1.0
chr19_54219626_T_C_b38	1	6.54041e-02	4.796e-01	8.095e-02 0.7703389415965135	1.0
chr19_54217916_A_G_b38	1	6.12769e-02	4.540e-01	7.600e-02 0.8911426213412245	1.0
chr19_54217286_GA_G_b38	1	5.48593e-02	4.714e-01	7.899e-02 0.4983985673234091	1.0
chr19_54217946_T_C_b38	1	4.15586e-02	4.521e-01	7.657e-02 0.8329292969580225	1.0
chr19_54224794_T_C_b38	1	3.82006e-02	4.495e-01	7.659e-02 0.7372012138366699	1.0
chr19_54219249_G_C_b38	1	3.53661e-02	4.410e-01	7.636e-02 0.9506021733163752	1.0
chr19_54219441_T_C_b38	1	3.52665e-02	4.623e-01	7.952e-02 0.9506021733163752	1.0
chr19_54217938_T_C_b38	1	3.48673e-02	4.517e-01	7.693e-02 0.698003673076868	1.0
chr19_54217451_C_G_b38	1	2.91044e-02	4.356e-01	7.507e-02 0.8911426213412245	1.0
chr19_54218725_T_C_b38	1	2.89898e-02	4.352e-01	7.501e-02 1.1128014322656294	1.0
chr19_54218726_G_A_b38	1	2.89898e-02	4.352e-01	7.501e-02 1.8539941310882568	1.0
chr19_54229648_G_C_b38	1	2.69148e-02	4.984e-01	8.659e-02 0.9058318562436792	1.0
chr19_54217496_G_T_b38	1	2.63789e-02	4.324e-01	7.495e-02 0.7111078951292287	1.0
chr19_54218170_C_T_b38	1	2.52059e-02	4.276e-01	7.376e-02 0.8911426213412245	1.0
chr19_54219042_T_C_b38	1	2.46944e-02	4.326e-01	7.496e-02 0.9506021733163752	1.0
chr19_54218226_G_A_b38	1	2.29545e-02	4.280e-01	7.410e-02 0.8911426213412245	1.0
chr19_54217263_T_G_b38	1	2.13151e-02	4.227e-01	7.348e-02 0.8749140669395739	1.0
chr19_54218381_T_C_b38	1	1.72096e-02	4.278e-01	7.477e-02 0.8911426213412245	1.0
chr19_54218340_T_C_b38	1	1.72096e-02	4.278e-01	7.477e-02 0.8911426213412245	1.0
chr19_54219897_A_G_b38	1	9.99875e-03	4.523e-01	8.141e-02 0.7980903158326309	1.0
chr19_54214446_A_C_b38	1	9.65266e-04	3.871e-01	7.203e-02 0.4230633240911752	1.0
chr19_54203618_C_T_b38	1	1.84337e-05	4.690e-01	8.271e-02 0.31669281569972146	1.0
chr19_54201715_A_G_b38	1	1.84337e-05	4.690e-01	8.271e-02 0.31669281569972146	1.0
chr19_54288225_T_G_b38	2	3.01995e-01	3.517e-01	6.287e-02 -7.0552425384521475	1.0
chr19_54281081_T_C_b38	2	1.24109e-01	3.412e-01	6.328e-02 -6.979616096793866	1.0
chr19_54295230_G_A_b38	2	5.93182e-02	3.182e-01	6.302e-02 -8.321003681847284	1.0
chr19_54296648_G_A_b38	2	5.86350e-02	3.171e-01	6.288e-02 -7.933124542236327	1.0
chr19_54279666_T_C_b38	2	5.85501e-02	3.313e-01	6.331e-02 -6.979616096793866	1.0
chr19_54289866_A_G_b38	2	5.75506e-02	3.222e-01	6.416e-02 -7.97472411652418	1.0
chr19_54290243_C_G_b38	2	5.74983e-02	3.230e-01	6.424e-02 -8.030160673338786	1.0
chr19_54289975_C_G_b38	2	5.74983e-02	3.230e-01	6.424e-02 -7.4259185791015625	1.0
chr19_54289184_G_A_b38	2	4.08656e-02	3.084e-01	6.230e-02 -7.628678354701141	1.0
chr19_54289194_C_A_b38	2	4.08656e-02	3.084e-01	6.230e-02 -5.215421199798584	1.0
chr19_54292777_A_G_b38	2	3.45086e-02	3.124e-01	6.342e-02 -7.354043006896973	1.0
chr19_54293995_T_C_b38	2	3.45086e-02	3.124e-01	6.342e-02 -11.40396499633789	1.0
chr19_54290350_C_T_b38	2	2.07724e-02	3.003e-01	6.237e-02 -7.802881382809333	1.0
chr19_54280275_C_T_b38	2	2.05165e-02	3.226e-01	6.438e-02 -6.9482293128967285	1.0
chr19_54289650_G_A_b38	2	1.32092e-02	2.971e-01	6.319e-02 -7.47211834055352	1.0
chr19_54288907_C_G_b38	2	6.26266e-03	3.028e-01	6.226e-02 -7.6654166489970175	1.0
chr19_54288915_T_G_b38	2	4.29566e-03	3.022e-01	6.258e-02 -7.9229183197021475	1.0
chr19_54250513_T_A_b38	3	2.88963e-01	-4.387e-01	9.611e-02 -1.5926160978852937	1.0
chr19_54339586_C_T_b38	4	1.46030e-02	-1.426e-01	6.073e-02 -0.24740076487280385	1.0
