chr1_36323945_A_G_b38	1	7.72447e-01	4.999e-01	3.792e-02 -7.086024761199951	1.0
chr1_36322287_G_A_b38	1	2.13805e-01	5.047e-01	3.826e-02 -7.052316665649414	1.0
chr1_36233260_C_T_b38	1	5.47782e-03	5.129e-01	3.609e-02 -6.7682895328258095	1.0
chr1_36246432_C_T_b38	1	4.33166e-03	5.148e-01	3.600e-02 -7.1792869567871085	1.0
chr1_36325025_A_G_b38	2	1.00825e-01	1.554e-01	4.418e-02 0.2998318672180176	1.0
chr1_36321693_G_A_b38	2	8.72063e-02	1.551e-01	4.424e-02 0.2802591323852539	1.0
chr1_36328591_C_T_b38	2	6.93984e-02	1.575e-01	4.445e-02 0.3081533908843994	1.0
chr1_36326477_C_T_b38	2	6.11271e-02	1.551e-01	4.424e-02 0.3026481866836548	1.0
chr1_36327188_A_AT_b38	2	6.11271e-02	1.551e-01	4.424e-02 0.24973626491069398	1.0
chr1_36303151_C_T_b38	2	3.64033e-02	1.729e-01	4.654e-02 0.3292539119720459	1.0
chr1_36301799_C_T_b38	2	2.27064e-02	1.587e-01	4.431e-02 0.3317871391773224	1.0
chr1_36301374_G_C_b38	2	2.27064e-02	1.587e-01	4.431e-02 0.2519431710243225	1.0
chr1_36310057_C_G_b38	2	2.24828e-02	1.521e-01	4.236e-02 0.4209200739860535	1.0
chr1_36315459_C_T_b38	2	2.24552e-02	1.490e-01	4.416e-02 -0.03575428575277328	1.0
chr1_36290034_A_G_b38	2	1.93999e-02	1.636e-01	4.253e-02 0.19128945469856265	1.0
chr1_36300537_C_T_b38	2	1.71622e-02	1.556e-01	4.452e-02 0.2561391294002533	1.0
chr1_36311120_G_A_b38	2	1.71622e-02	1.556e-01	4.452e-02 0.3363344967365265	1.0
chr1_36310144_C_T_b38	2	1.71622e-02	1.556e-01	4.452e-02 0.3401235342025757	1.0
chr1_36283547_A_G_b38	2	7.96501e-03	1.587e-01	4.431e-02 0.305166095495224	1.0
chr1_36333290_C_T_b38	2	7.73107e-03	-1.453e-01	4.842e-02 0.17837263643741608	1.0
chr1_36367655_T_A_b38	2	7.40258e-03	-1.545e-01	4.335e-02 0.017989644780755043	1.0
chr1_36367479_A_G_b38	2	7.40258e-03	-1.545e-01	4.335e-02 0.03243919461965561	1.0
chr1_36370203_A_C_b38	2	6.46121e-03	-1.506e-01	4.269e-02 0.20287017524242398	1.0
chr1_36286832_C_T_b38	2	6.02020e-03	1.556e-01	4.452e-02 0.28169041872024536	1.0
chr1_36243509_T_C_b38	2	5.93086e-03	1.624e-01	4.259e-02 0.02701437392742595	1.0
chr1_36275231_A_T_b38	2	5.17291e-03	1.532e-01	4.442e-02 0.30369383096694946	1.0
chr1_36325757_G_T_b38	2	4.95219e-03	-1.237e-01	5.127e-02 -0.2953568696975708	1.0
chr1_36328358_G_A_b38	2	4.57967e-03	-1.302e-01	5.072e-02 -0.30633097887039185	1.0
chr1_36328537_G_A_b38	2	4.14090e-03	-1.284e-01	5.082e-02 -0.34178754687309265	1.0
chr1_36364980_T_C_b38	2	2.41132e-03	-1.441e-01	4.373e-02 0.002853017766028643	1.0
chr1_36225269_C_A_b38	2	2.38470e-03	-1.612e-01	4.451e-02 -0.26758819818496704	1.0
chr1_36364099_T_C_b38	2	2.17752e-03	-1.408e-01	4.308e-02 0.1523064374923706	1.0
chr1_36268095_A_G_b38	2	2.13814e-03	1.590e-01	4.431e-02 0.2995532751083374	1.0
chr1_36268128_C_T_b38	2	2.13814e-03	1.590e-01	4.431e-02 0.3022053837776184	1.0
chr1_36246042_A_G_b38	2	2.13814e-03	1.590e-01	4.431e-02 0.3009443283081055	1.0
chr1_36267256_G_A_b38	2	2.13814e-03	1.590e-01	4.431e-02 0.34866976737976074	1.0
chr1_36261413_G_C_b38	2	2.13814e-03	1.590e-01	4.431e-02 0.3063332736492157	1.0
chr1_36234580_G_A_b38	2	2.13814e-03	1.590e-01	4.431e-02 0.29215413331985474	1.0
chr1_36227569_T_C_b38	2	2.12238e-03	-1.598e-01	4.457e-02 -0.29537132382392883	1.0
chr1_36227873_C_T_b38	2	2.12238e-03	-1.598e-01	4.457e-02 -0.29596665501594543	1.0
chr1_36227847_G_A_b38	2	2.12238e-03	-1.598e-01	4.457e-02 -0.29594579339027405	1.0
chr1_36230311_T_C_b38	2	2.12238e-03	1.598e-01	4.457e-02 0.3032699525356293	1.0
chr1_36251219_A_G_b38	2	1.90585e-03	1.577e-01	4.437e-02 0.3089473247528076	1.0
chr1_36335460_C_G_b38	2	1.71817e-03	-1.300e-01	4.639e-02 -0.3447416424751282	1.0
chr1_36236253_CTG_C_b38	2	1.61927e-03	1.560e-01	4.452e-02 0.14727357200210245	1.0
chr1_36370750_G_C_b38	2	1.53269e-03	-1.353e-01	4.288e-02 0.20434162020683289	1.0
chr1_36317534_A_C_b38	2	1.30254e-03	-1.216e-01	5.077e-02 0.054663922637701035	1.0
chr1_36371019_C_G_b38	2	1.23366e-03	-1.374e-01	4.469e-02 0.2287643402814865	1.0
chr1_36373014_A_C_b38	2	1.23366e-03	-1.374e-01	4.469e-02 0.23221349716186526	1.0
chr1_36312005_C_T_b38	2	1.14361e-03	-1.333e-01	5.090e-02 -0.3530893325805664	1.0
chr1_36313414_A_G_b38	2	9.43244e-04	-1.291e-01	5.081e-02 -0.3363836705684662	1.0
chr1_36299336_G_A_b38	2	8.76800e-04	-1.287e-01	5.133e-02 -0.0506087951362133	1.0
chr1_36299302_G_C_b38	2	8.76800e-04	-1.287e-01	5.133e-02 -0.08819469809532167	1.0
chr1_36299303_G_T_b38	2	8.76800e-04	-1.287e-01	5.133e-02 -0.09836654365062714	1.0
chr1_36307473_CTT_C_b38	2	8.76800e-04	-1.287e-01	5.133e-02 -0.23112095404463676	1.0
chr1_36243835_A_C_b38	2	8.24482e-04	1.461e-01	4.438e-02 0.13269493055955048	1.0
chr1_36323755_G_C_b38	3	8.06605e-03	6.259e-02	6.292e-02 -3.001410007476806	1.0
