chr17_1762130_G_A_b38	1	3.92938e-01	-2.225e-01	3.007e-02 8.284887313842772	1.0
chr17_1769982_C_T_b38	1	3.43520e-01	2.263e-01	2.890e-02 -8.159924507141112	1.0
chr17_1767515_G_A_b38	1	1.07682e-01	-2.268e-01	2.849e-02 8.59935474395752	1.0
chr17_1762959_C_T_b38	1	1.03974e-01	-2.220e-01	2.975e-02 8.28239917755127	1.0
chr17_1764380_C_T_b38	1	3.15567e-02	-2.191e-01	2.967e-02 8.595376968383789	1.0
chr17_1764954_C_T_b38	1	2.00478e-02	-2.202e-01	2.951e-02 8.586737632751465	1.0
chr17_1761607_G_A_b38	2	9.61942e-02	7.238e-02	3.012e-02 -5.841049671173097	1.0
chr17_1761175_T_C_b38	2	3.82679e-02	7.239e-02	3.011e-02 -5.9223289489746085	1.0
chr17_1762309_G_A_b38	2	2.70373e-02	-5.299e-02	2.986e-02 5.523233413696289	1.0
chr17_1762412_C_T_b38	2	2.70373e-02	-5.299e-02	2.986e-02 5.505556106567383	1.0
chr17_1770499_G_A_b38	2	1.03002e-02	7.358e-02	2.873e-02 -6.151182651519775	1.0
chr17_1765354_T_C_b38	2	7.15821e-03	6.359e-02	2.836e-02 -6.24767541885376	1.0
chr17_1766461_C_T_b38	2	7.15821e-03	6.359e-02	2.836e-02 -6.32968807220459	1.0
chr17_1765393_C_T_b38	2	7.15821e-03	6.359e-02	2.836e-02 -6.252394676208496	1.0
chr17_1766529_C_G_b38	2	7.15821e-03	6.359e-02	2.836e-02 -6.333174228668213	1.0
chr17_1764500_A_G_b38	2	6.99202e-03	6.335e-02	2.841e-02 -6.2149314880371085	1.0
chr17_1783306_G_A_b38	2	6.64941e-03	7.722e-02	2.858e-02 -5.481037139892578	1.0
chr17_1781659_G_A_b38	2	6.64941e-03	7.722e-02	2.858e-02 -5.476174354553223	1.0
chr17_1762803_A_G_b38	2	5.65880e-03	-4.315e-02	2.844e-02 5.6275057792663565	1.0
chr17_1769810_G_A_b38	2	3.52022e-03	6.176e-02	2.832e-02 -6.3915348052978525	1.0
chr17_1785813_C_T_b38	2	2.68113e-03	6.712e-02	2.802e-02 -5.585587024688722	1.0
chr17_1788659_C_T_b38	2	2.27819e-03	7.758e-02	2.832e-02 -5.3248629570007315	1.0
chr17_1750153_G_A_b38	3	3.34164e-02	-1.545e-01	4.194e-02 0.17499583959579468	1.0
chr17_1733656_C_A_b38	3	1.80074e-03	-1.362e-01	4.398e-02 -0.3372717499732971	1.0
chr17_1762914_G_A_b38	4	5.76235e-04	-1.014e-01	5.462e-02 -1.9764655828475952	1.0
chr17_1767205_A_C_b38	4	1.55055e-04	-1.128e-01	5.500e-02 -1.970945954322815	1.0
