chr12_56314792_G_A_b38	1	7.79591e-02	1.977e-01	3.161e-02 7.874088764190674	1.0
chr12_56313138_A_C_b38	1	4.66126e-02	1.977e-01	3.161e-02 7.883313655853271	1.0
chr12_56312637_T_C_b38	1	4.66126e-02	1.977e-01	3.161e-02 7.883313655853271	1.0
chr12_56293675_T_C_b38	1	3.92594e-02	2.015e-01	3.133e-02 7.882353782653809	1.0
chr12_56325666_G_A_b38	1	2.97934e-02	1.977e-01	3.161e-02 7.873198509216309	1.0
chr12_56324021_G_A_b38	1	2.97934e-02	1.977e-01	3.161e-02 7.874088764190674	1.0
chr12_56321800_G_A_b38	1	2.97934e-02	1.977e-01	3.161e-02 7.874088764190674	1.0
chr12_56307595_G_C_b38	1	2.65625e-02	1.977e-01	3.161e-02 7.893523216247559	1.0
chr12_56308228_C_A_b38	1	2.65625e-02	1.977e-01	3.161e-02 7.9011168479919425	1.0
chr12_56295751_G_A_b38	1	1.86472e-02	1.989e-01	3.156e-02 7.946853760655182	1.0
chr12_56324638_T_C_b38	1	1.53251e-02	1.940e-01	3.163e-02 8.002925872802733	1.0
chr12_56304419_T_TC_b38	1	1.44434e-02	1.977e-01	3.161e-02 7.946853760655182	1.0
chr12_56301033_A_G_b38	1	1.44434e-02	1.977e-01	3.161e-02 7.88070011138916	1.0
chr12_56305176_G_A_b38	1	1.44434e-02	1.977e-01	3.161e-02 7.9011168479919425	1.0
chr12_56296878_G_A_b38	1	1.44434e-02	1.977e-01	3.161e-02 7.897541522979736	1.0
chr12_56293213_C_T_b38	1	1.44434e-02	1.977e-01	3.161e-02 7.897599220275879	1.0
chr12_56302958_T_C_b38	1	1.44434e-02	1.977e-01	3.161e-02 7.872616291046143	1.0
chr12_56302272_A_G_b38	1	1.44434e-02	1.977e-01	3.161e-02 7.8946003913879395	1.0
chr12_56299736_C_A_b38	1	1.44434e-02	1.977e-01	3.161e-02 7.909656047821045	1.0
chr12_56293788_G_T_b38	1	1.44434e-02	1.977e-01	3.161e-02 7.897599220275879	1.0
chr12_56302170_C_T_b38	1	1.44434e-02	1.977e-01	3.161e-02 7.893552303314209	1.0
chr12_56306209_A_C_b38	1	1.44434e-02	1.977e-01	3.161e-02 7.893523216247559	1.0
chr12_56301676_G_GT_b38	1	1.44434e-02	1.977e-01	3.161e-02 7.946853760655182	1.0
chr12_56331337_A_G_b38	1	1.37396e-02	1.977e-01	3.161e-02 7.874175548553468	1.0
chr12_56336643_T_TA_b38	1	1.37396e-02	1.977e-01	3.161e-02 7.946853760655182	1.0
chr12_56333921_G_A_b38	1	1.37396e-02	1.977e-01	3.161e-02 7.874175548553468	1.0
chr12_56332565_A_G_b38	1	1.37396e-02	1.977e-01	3.161e-02 7.7857608795166025	1.0
chr12_56334353_T_C_b38	1	1.37396e-02	1.977e-01	3.161e-02 7.874175548553468	1.0
chr12_56335955_A_G_b38	1	1.37396e-02	1.977e-01	3.161e-02 7.874239444732666	1.0
chr12_56339747_G_A_b38	1	1.37396e-02	1.977e-01	3.161e-02 7.874441623687744	1.0
chr12_56332197_GA_G_b38	1	1.37396e-02	1.977e-01	3.161e-02 7.946853760655182	1.0
chr12_56329935_T_C_b38	1	1.37396e-02	1.977e-01	3.161e-02 7.946853760655182	1.0
chr12_56329802_A_G_b38	1	1.37396e-02	1.977e-01	3.161e-02 7.854184627532959	1.0
chr12_56332556_C_T_b38	1	1.37396e-02	1.977e-01	3.161e-02 7.772361755371094	1.0
chr12_56330549_C_T_b38	1	1.37396e-02	1.977e-01	3.161e-02 7.946853760655182	1.0
chr12_56297989_AC_A_b38	1	1.34666e-02	2.014e-01	3.225e-02 7.925878969137432	1.0
chr12_56294453_G_A_b38	1	1.25265e-02	1.983e-01	3.184e-02 7.903117656707764	1.0
chr12_56273820_T_C_b38	1	9.91100e-03	1.995e-01	3.137e-02 7.921870231628418	1.0
chr12_56346898_C_G_b38	1	5.81333e-03	1.977e-01	3.161e-02 7.865411758422852	1.0
chr12_56346229_GAGA_G_b38	1	5.81333e-03	1.977e-01	3.161e-02 7.946853760655182	1.0
chr12_56345032_GC_G_b38	1	5.81333e-03	1.977e-01	3.161e-02 7.946853760655182	1.0
chr12_56342206_G_T_b38	1	5.81333e-03	1.977e-01	3.161e-02 7.879786968231201	1.0
chr12_56346073_GCC_G_b38	1	5.81333e-03	1.977e-01	3.161e-02 7.946853760655182	1.0
chr12_56347444_G_A_b38	1	5.81333e-03	1.977e-01	3.161e-02 7.892501354217528	1.0
chr12_56345773_A_G_b38	1	5.81333e-03	1.977e-01	3.161e-02 7.8816566467285165	1.0
chr12_56290873_CA_C_b38	1	5.52591e-03	1.977e-01	3.161e-02 7.946853760655182	1.0
chr12_56286187_A_G_b38	1	5.52591e-03	1.977e-01	3.161e-02 7.90110445022583	1.0
chr12_56277426_C_G_b38	1	5.52591e-03	1.977e-01	3.161e-02 7.899645805358888	1.0
chr12_56267121_G_T_b38	1	5.52591e-03	1.977e-01	3.161e-02 7.992539405822754	1.0
chr12_56277363_G_A_b38	1	5.52591e-03	1.977e-01	3.161e-02 7.946853760655182	1.0
chr12_56284551_T_C_b38	1	5.52591e-03	1.977e-01	3.161e-02 7.933380603790282	1.0
chr12_56285967_A_G_b38	1	5.52591e-03	1.977e-01	3.161e-02 7.90110445022583	1.0
chr12_56283477_G_A_b38	1	5.52591e-03	1.977e-01	3.161e-02 7.919336795806885	1.0
chr12_56278322_T_A_b38	1	5.52591e-03	1.977e-01	3.161e-02 7.917508125305176	1.0
chr12_56290191_C_T_b38	1	5.52591e-03	1.977e-01	3.161e-02 7.90110445022583	1.0
chr12_56273514_T_C_b38	1	5.52591e-03	1.977e-01	3.161e-02 7.926687717437744	1.0
chr12_56274110_C_T_b38	1	5.52591e-03	1.977e-01	3.161e-02 7.902549743652344	1.0
chr12_56284195_T_A_b38	1	5.52591e-03	1.977e-01	3.161e-02 7.922648906707764	1.0
chr12_56286747_T_C_b38	1	5.52591e-03	1.977e-01	3.161e-02 7.90110445022583	1.0
chr12_56273316_A_G_b38	1	5.52591e-03	1.977e-01	3.161e-02 7.915024280548097	1.0
chr12_56270447_C_T_b38	1	5.52591e-03	1.977e-01	3.161e-02 7.934020042419434	1.0
chr12_56291014_C_T_b38	1	5.52591e-03	1.977e-01	3.161e-02 7.90971565246582	1.0
chr12_56286852_A_G_b38	1	5.52591e-03	1.977e-01	3.161e-02 7.904672145843506	1.0
chr12_56283033_CT_C_b38	1	5.52591e-03	1.977e-01	3.161e-02 7.946853760655182	1.0
chr12_56233835_A_G_b38	1	2.86701e-03	1.937e-01	3.075e-02 7.872350215911865	1.0
chr12_56252429_A_C_b38	1	2.86701e-03	1.937e-01	3.075e-02 7.917416095733643	1.0
chr12_56251102_A_G_b38	1	2.86701e-03	1.937e-01	3.075e-02 7.913115978240968	1.0
chr12_56253459_C_T_b38	1	2.62977e-03	1.974e-01	3.141e-02 7.9157042503356925	1.0
chr12_56254993_C_T_b38	1	2.62977e-03	1.974e-01	3.141e-02 7.9440369606018075	1.0
chr12_56240855_G_C_b38	1	2.62977e-03	1.974e-01	3.141e-02 7.651140689849853	1.0
chr12_56236980_G_A_b38	1	2.62977e-03	1.974e-01	3.141e-02 7.936106204986572	1.0
chr12_56233516_A_G_b38	1	2.62977e-03	1.974e-01	3.141e-02 7.9287781715393075	1.0
chr12_56244293_T_C_b38	1	2.62977e-03	1.974e-01	3.141e-02 7.913796424865723	1.0
chr12_56250467_C_T_b38	1	2.62977e-03	1.974e-01	3.141e-02 7.9223198890686035	1.0
chr12_56236283_C_T_b38	1	2.62977e-03	1.974e-01	3.141e-02 7.962155342102051	1.0
chr12_56246557_G_A_b38	1	2.62977e-03	1.974e-01	3.141e-02 7.886893272399902	1.0
chr12_56249900_C_T_b38	1	2.62977e-03	1.974e-01	3.141e-02 7.912552833557129	1.0
chr12_56244483_T_C_b38	1	2.62977e-03	1.974e-01	3.141e-02 7.897974967956543	1.0
chr12_56243191_C_G_b38	1	2.62977e-03	1.974e-01	3.141e-02 8.058295249938965	1.0
chr12_56233868_A_C_b38	1	2.62977e-03	1.974e-01	3.141e-02 7.925076484680176	1.0
chr12_56241296_G_C_b38	1	2.62977e-03	1.974e-01	3.141e-02 7.934813976287843	1.0
chr12_56359090_A_G_b38	1	2.46324e-03	1.941e-01	3.184e-02 8.013280868530272	1.0
chr12_56356953_C_T_b38	1	2.46324e-03	1.941e-01	3.184e-02 7.995888710021973	1.0
chr12_56360038_C_A_b38	1	2.46324e-03	1.941e-01	3.184e-02 8.020162582397461	1.0
chr12_56350661_T_C_b38	1	2.46324e-03	1.941e-01	3.184e-02 7.95811653137207	1.0
chr12_56352004_T_C_b38	1	2.46324e-03	1.941e-01	3.184e-02 7.951430797576903	1.0
chr12_56357088_G_C_b38	1	2.46324e-03	1.941e-01	3.184e-02 7.991796970367432	1.0
chr12_56350638_G_A_b38	1	2.46324e-03	1.941e-01	3.184e-02 7.958024024963379	1.0
chr12_56352774_C_T_b38	1	2.46324e-03	1.941e-01	3.184e-02 7.959433555603027	1.0
chr12_56356420_C_T_b38	1	2.46324e-03	1.941e-01	3.184e-02 7.994877815246582	1.0
chr12_56358370_C_T_b38	1	2.46324e-03	1.941e-01	3.184e-02 8.100724220275879	1.0
chr12_56265536_C_T_b38	1	2.39092e-03	1.939e-01	3.095e-02 7.981875896453857	1.0
chr12_56263432_A_C_b38	1	2.39092e-03	1.939e-01	3.095e-02 7.953192710876465	1.0
chr12_56260130_G_C_b38	1	2.18939e-03	1.977e-01	3.161e-02 7.974554061889647	1.0
chr12_56259857_T_TGAG_b38	1	2.18939e-03	1.977e-01	3.161e-02 7.946853760655182	1.0
chr12_56259510_G_A_b38	1	2.18939e-03	1.977e-01	3.161e-02 7.97517728805542	1.0
chr12_56259776_A_G_b38	1	2.18939e-03	1.977e-01	3.161e-02 7.967705249786378	1.0
chr12_56264924_C_T_b38	1	2.18939e-03	1.977e-01	3.161e-02 8.031328201293945	1.0
chr12_56264104_A_G_b38	1	2.18939e-03	1.977e-01	3.161e-02 7.968602180480957	1.0
chr12_56262481_G_A_b38	1	2.18939e-03	1.977e-01	3.161e-02 7.9710731506347665	1.0
chr12_56353960_C_T_b38	1	1.61641e-03	1.922e-01	3.193e-02 7.954736097995745	1.0
chr12_56386039_A_C_b38	2	7.31043e-03	1.661e-01	4.982e-02 0.0	1.0
chr12_56387660_C_A_b38	2	6.07984e-03	1.607e-01	4.915e-02 0.0	1.0
chr12_56384391_T_C_b38	2	6.00499e-03	1.659e-01	5.081e-02 0.0	1.0
chr12_56365809_A_C_b38	2	4.99202e-04	9.916e-02	5.692e-02 0.0	1.0
chr12_56365640_T_G_b38	2	4.99202e-04	9.916e-02	5.692e-02 0.0	1.0
chr12_56385431_A_AAACT_b38	2	1.00200e-04	1.116e-01	5.963e-02 0.0	1.0
chr12_56389271_A_G_b38	2	9.47364e-05	7.997e-02	4.034e-02 -0.16646169126033786	1.0
chr12_56369660_C_T_b38	2	7.98778e-05	9.959e-02	5.691e-02 0.0	1.0
chr12_56371413_A_G_b38	2	7.98778e-05	9.959e-02	5.691e-02 0.0	1.0
chr12_56373072_A_C_b38	2	7.98778e-05	9.959e-02	5.691e-02 0.0	1.0
chr12_56382875_A_T_b38	2	7.98778e-05	9.959e-02	5.691e-02 0.0	1.0
chr12_56370535_G_A_b38	2	7.98778e-05	9.959e-02	5.691e-02 0.0	1.0
chr12_56374854_C_T_b38	2	7.98778e-05	9.959e-02	5.691e-02 0.0	1.0
chr12_56371615_T_C_b38	2	7.98778e-05	9.959e-02	5.691e-02 0.0	1.0
chr12_56377792_A_C_b38	2	7.98778e-05	9.959e-02	5.691e-02 0.0	1.0
chr12_56369481_T_C_b38	2	7.98778e-05	9.959e-02	5.691e-02 0.0	1.0
chr12_56380370_C_T_b38	2	7.98778e-05	9.959e-02	5.691e-02 0.0	1.0
chr12_56398232_T_G_b38	2	3.61506e-05	7.015e-02	4.106e-02 0.060764696449041374	1.0
chr12_56397004_CTCTCTGCA_C_b38	2	3.61506e-05	7.015e-02	4.106e-02 0.08874971225909996	1.0
chr12_56396492_T_C_b38	2	2.38495e-05	6.409e-02	4.090e-02 0.07957084476947784	1.0
