chr3_141406344_A_G_b38	1	7.48183e-02	1.209e-01	2.317e-02 34.151721954345696	1.0
chr3_141406863_C_G_b38	1	7.35356e-02	1.216e-01	2.331e-02 34.16115951538086	1.0
chr3_141381438_A_G_b38	1	6.05275e-02	1.198e-01	2.316e-02 34.02774810791016	1.0
chr3_141396377_T_C_b38	1	6.05275e-02	1.198e-01	2.316e-02 34.04640579223633	1.0
chr3_141387221_T_C_b38	1	6.05275e-02	1.198e-01	2.316e-02 34.05936813354492	1.0
chr3_141383991_G_A_b38	1	6.05275e-02	1.198e-01	2.316e-02 34.06964874267578	1.0
chr3_141390506_C_T_b38	1	5.96993e-02	1.205e-01	2.331e-02 34.087818145751946	1.0
chr3_141402972_A_C_b38	1	5.96993e-02	1.205e-01	2.331e-02 34.224159240722656	1.0
chr3_141391232_A_G_b38	1	5.96993e-02	1.205e-01	2.331e-02 34.07839584350586	1.0
chr3_141399186_A_G_b38	1	5.96993e-02	1.205e-01	2.331e-02 34.095409393310554	1.0
chr3_141390479_A_G_b38	1	5.96993e-02	1.205e-01	2.331e-02 34.08764266967773	1.0
chr3_141383119_C_T_b38	1	5.96993e-02	1.205e-01	2.331e-02 34.070999145507805	1.0
chr3_141375927_C_A_b38	1	5.79949e-02	1.194e-01	2.312e-02 34.01806259155273	1.0
chr3_141375367_G_A_b38	1	4.84512e-02	1.193e-01	2.328e-02 33.985767364501946	1.0
chr3_141386728_A_G_b38	1	4.29396e-02	1.182e-01	2.320e-02 34.069141387939446	1.0
chr3_141422126_C_T_b38	1	1.72347e-02	1.136e-01	2.323e-02 33.654541015625	1.0
chr3_141421524_A_T_b38	1	1.72347e-02	1.136e-01	2.323e-02 33.65827178955078	1.0
chr3_141414608_G_A_b38	1	9.77102e-03	1.091e-01	2.295e-02 33.83800506591797	1.0
chr3_141423849_G_A_b38	1	9.09288e-03	1.129e-01	2.382e-02 33.446083068847656	1.0
chr3_141374443_T_C_b38	1	3.85447e-03	1.109e-01	2.443e-02 32.65414810180664	1.0
chr3_141405765_T_C_b38	1	2.53663e-03	1.159e-01	2.613e-02 27.47450256347656	1.0
chr3_141435700_T_C_b38	1	1.68491e-03	1.100e-01	2.328e-02 28.34503555297852	1.0
chr3_141360467_T_G_b38	1	1.38822e-03	9.980e-02	2.524e-02 27.6962947845459	1.0
chr3_141395451_A_G_b38	1	1.05131e-03	1.042e-01	2.483e-02 27.406269073486328	1.0
chr3_141356028_A_ACT_b38	1	8.85151e-04	9.653e-02	2.525e-02 28.0902647798533	1.0
chr3_141406597_T_C_b38	1	7.97563e-04	1.059e-01	2.558e-02 27.515724182128906	1.0
chr3_141411993_C_T_b38	1	7.94026e-04	1.066e-01	2.575e-02 27.48637771606445	1.0
chr3_141409962_G_A_b38	1	7.49433e-04	1.066e-01	2.585e-02 27.49856758117676	1.0
chr3_141411157_G_A_b38	1	7.49433e-04	1.066e-01	2.585e-02 27.508419036865234	1.0
chr3_141323521_C_A_b38	2	5.07440e-03	3.034e-02	3.679e-02 20.018808364868164	1.0
chr3_141323380_C_T_b38	2	3.03203e-03	8.138e-03	2.747e-02 15.812732696533205	1.0
chr3_141328017_G_A_b38	2	1.70615e-03	3.391e-02	3.785e-02 20.04966163635254	1.0
chr3_141321812_G_A_b38	2	1.70152e-03	1.019e-02	3.803e-02 20.192535400390625	1.0
chr3_141322431_ATT_A_b38	2	1.39143e-03	8.124e-03	2.747e-02 15.262931920517314	1.0
chr3_141328246_G_T_b38	2	9.36212e-04	8.708e-03	2.772e-02 15.884271621704102	1.0
chr3_141327075_G_A_b38	2	9.36212e-04	8.708e-03	2.772e-02 15.86967658996582	1.0
chr3_141328230_C_A_b38	2	9.36212e-04	8.708e-03	2.772e-02 15.843729019165039	1.0
chr3_141321462_G_A_b38	2	7.31091e-04	7.015e-03	2.765e-02 15.772260665893555	1.0
chr3_141319246_T_C_b38	2	7.12447e-04	-1.069e-02	2.696e-02 15.977666854858398	1.0
chr3_141330479_G_T_b38	2	6.54362e-04	1.112e-02	3.964e-02 20.230716705322266	1.0
chr3_141331122_C_T_b38	2	5.55116e-04	1.124e-02	2.845e-02 16.007774353027347	1.0
chr3_141331963_A_G_b38	2	5.44524e-04	9.270e-03	2.901e-02 15.95106601715088	1.0
chr3_141316280_C_T_b38	2	5.12614e-04	2.419e-03	3.173e-02 18.30455780029297	1.0
chr3_141345111_C_T_b38	2	4.28406e-04	-2.774e-03	5.258e-02 24.73544692993164	1.0
chr3_141338730_G_A_b38	2	3.21132e-04	1.057e-02	3.972e-02 20.263652801513672	1.0
chr3_141335737_C_T_b38	2	3.13837e-04	5.657e-03	3.976e-02 20.191709518432614	1.0
chr3_141337804_C_G_b38	2	3.07988e-04	4.851e-03	3.938e-02 20.329803466796875	1.0
