chr10_102548436_T_C_b38	1	1.57278e-01	1.795e-01	3.001e-02 13.13631820678711	1.0
chr10_102626552_T_A_b38	1	1.08385e-01	1.651e-01	2.995e-02 12.407037734985352	1.0
chr10_102598717_G_A_b38	1	4.77628e-02	1.669e-01	3.010e-02 13.141387939453125	1.0
chr10_102608537_A_G_b38	1	4.75898e-02	1.668e-01	3.010e-02 13.136354446411133	1.0
chr10_102615977_TGC_T_b38	1	4.55844e-02	1.666e-01	3.010e-02 13.096082339358325	1.0
chr10_102595518_A_G_b38	1	4.55844e-02	1.666e-01	3.010e-02 13.128849029541016	1.0
chr10_102605732_TG_T_b38	1	4.55844e-02	1.666e-01	3.010e-02 13.096082339358325	1.0
chr10_102618002_T_C_b38	1	4.55844e-02	1.666e-01	3.010e-02 13.135826110839846	1.0
chr10_102577229_G_A_b38	1	2.12849e-02	1.684e-01	3.003e-02 13.144490242004395	1.0
chr10_102570320_C_T_b38	1	2.09975e-02	1.691e-01	3.017e-02 13.129616737365724	1.0
chr10_102620929_G_A_b38	1	2.02819e-02	-1.568e-01	3.030e-02 -13.113719940185547	1.0
chr10_102580094_T_C_b38	1	1.96557e-02	1.680e-01	3.003e-02 13.132838249206545	1.0
chr10_102610905_T_C_b38	1	1.83866e-02	1.616e-01	3.017e-02 13.13902759552002	1.0
chr10_102604895_G_A_b38	1	1.45940e-02	-1.668e-01	3.142e-02 -13.112852096557615	1.0
chr10_102618993_G_A_b38	1	1.43128e-02	-1.609e-01	3.033e-02 -13.151748657226562	1.0
chr10_102640355_T_C_b38	1	1.24857e-02	1.501e-01	3.164e-02 12.125776290893555	1.0
chr10_102580947_C_T_b38	1	1.05074e-02	1.662e-01	3.038e-02 13.14504623413086	1.0
chr10_102639493_C_T_b38	1	1.01910e-02	1.493e-01	3.191e-02 12.157584190368652	1.0
chr10_102568108_TC_T_b38	1	9.42290e-03	-1.645e-01	3.018e-02 -13.096082339358325	1.0
chr10_102610266_A_G_b38	1	8.22027e-03	-1.578e-01	3.040e-02 -13.11156177520752	1.0
chr10_102638825_G_A_b38	1	7.96376e-03	1.509e-01	3.188e-02 12.171122550964355	1.0
chr10_102612487_A_G_b38	1	7.63402e-03	-1.568e-01	3.030e-02 -13.118359565734865	1.0
chr10_102612684_C_T_b38	1	7.63402e-03	-1.568e-01	3.030e-02 -13.097500801086426	1.0
chr10_102594667_T_C_b38	1	7.63402e-03	-1.568e-01	3.030e-02 -13.152710914611815	1.0
chr10_102600761_C_T_b38	1	7.63402e-03	-1.568e-01	3.030e-02 -13.129989624023438	1.0
chr10_102618377_A_G_b38	1	7.63402e-03	-1.568e-01	3.030e-02 -13.134297370910645	1.0
chr10_102603362_C_T_b38	1	7.63402e-03	-1.568e-01	3.030e-02 -13.115805625915527	1.0
chr10_102608999_A_C_b38	1	7.63402e-03	-1.568e-01	3.030e-02 -13.109875679016113	1.0
chr10_102605967_G_A_b38	1	7.63402e-03	-1.568e-01	3.030e-02 -13.113885879516602	1.0
chr10_102614001_G_C_b38	1	7.63402e-03	-1.568e-01	3.030e-02 -13.12593936920166	1.0
chr10_102596602_T_C_b38	1	7.63402e-03	-1.568e-01	3.030e-02 -13.1527681350708	1.0
chr10_102595047_T_C_b38	1	7.63402e-03	-1.568e-01	3.030e-02 -13.1527681350708	1.0
chr10_102614147_G_A_b38	1	7.63402e-03	-1.568e-01	3.030e-02 -13.126445770263672	1.0
chr10_102603651_A_C_b38	1	7.63402e-03	-1.568e-01	3.030e-02 -13.11544704437256	1.0
chr10_102598646_T_C_b38	1	7.63402e-03	-1.568e-01	3.030e-02 -13.131550788879395	1.0
chr10_102606596_T_C_b38	1	7.63402e-03	-1.568e-01	3.030e-02 -13.113770484924315	1.0
chr10_102613543_A_G_b38	1	7.63402e-03	-1.568e-01	3.030e-02 -13.12507152557373	1.0
chr10_102598650_C_G_b38	1	7.63402e-03	-1.568e-01	3.030e-02 -13.130575180053713	1.0
chr10_102606285_T_C_b38	1	7.63402e-03	-1.568e-01	3.030e-02 -13.1138277053833	1.0
chr10_102615501_G_A_b38	1	7.48542e-03	-1.568e-01	3.032e-02 -13.13441562652588	1.0
chr10_102572229_A_G_b38	1	7.42068e-03	-1.673e-01	3.096e-02 -12.992470476359403	1.0
chr10_102609282_T_TA_b38	1	7.35694e-03	-1.566e-01	3.030e-02 -13.096082339358325	1.0
chr10_102603536_T_C_b38	1	7.35029e-03	-1.566e-01	3.030e-02 -13.127119064331055	1.0
chr10_102558565_G_T_b38	1	5.56013e-03	-1.611e-01	3.014e-02 -13.137774467468262	1.0
chr10_102618806_G_T_b38	1	5.52879e-03	-1.546e-01	3.026e-02 -13.17117404937744	1.0
chr10_102567407_A_G_b38	1	4.96674e-03	-1.603e-01	3.012e-02 -13.11732292175293	1.0
chr10_102574888_G_A_b38	1	4.93038e-03	-1.604e-01	3.014e-02 -13.12149143218994	1.0
chr10_102567827_A_G_b38	1	4.84343e-03	-1.601e-01	3.012e-02 -13.119515419006348	1.0
chr10_102560272_G_T_b38	1	4.84343e-03	-1.601e-01	3.012e-02 -13.120389938354492	1.0
chr10_102573943_C_T_b38	1	4.84343e-03	-1.601e-01	3.012e-02 -13.132128715515135	1.0
chr10_102559370_TC_T_b38	1	4.74868e-03	-1.602e-01	3.014e-02 -13.088728620294097	1.0
chr10_102557435_T_C_b38	1	4.74550e-03	-1.600e-01	3.011e-02 -13.120576858520508	1.0
chr10_102553638_C_T_b38	1	3.31581e-03	-1.591e-01	3.036e-02 -12.89725112915039	1.0
chr10_102569928_A_G_b38	1	3.25865e-03	-1.583e-01	3.023e-02 -13.129660606384276	1.0
chr10_102557600_G_T_b38	1	3.25865e-03	-1.583e-01	3.023e-02 -13.119446754455565	1.0
chr10_102561964_T_C_b38	1	3.19283e-03	-1.583e-01	3.026e-02 -13.111673355102539	1.0
chr10_102560719_G_A_b38	1	3.01529e-03	-1.578e-01	3.023e-02 -13.120157241821287	1.0
chr10_102569102_G_T_b38	1	2.79058e-03	-1.577e-01	3.031e-02 -13.121796607971193	1.0
chr10_102577237_A_C_b38	1	2.78898e-03	-1.584e-01	3.043e-02 -13.11591339111328	1.0
chr10_102563346_G_A_b38	1	2.74696e-03	-1.573e-01	3.024e-02 -13.110870361328125	1.0
chr10_102563271_G_T_b38	1	2.74696e-03	-1.573e-01	3.024e-02 -13.108229637145994	1.0
chr10_102578632_T_C_b38	1	2.59444e-03	-1.572e-01	3.028e-02 -13.15265655517578	1.0
chr10_102582130_C_T_b38	1	2.57375e-03	-1.573e-01	3.031e-02 -13.1478910446167	1.0
chr10_102585440_C_T_b38	1	2.50538e-03	-1.572e-01	3.033e-02 -13.156003952026367	1.0
chr10_102582218_T_C_b38	1	2.43658e-03	-1.568e-01	3.030e-02 -13.15542984008789	1.0
chr10_102587490_A_G_b38	1	2.43658e-03	-1.568e-01	3.030e-02 -13.156003952026367	1.0
chr10_102589774_A_G_b38	1	2.43658e-03	-1.568e-01	3.030e-02 -13.179028511047365	1.0
chr10_102592367_C_CCATTT_b38	1	2.35184e-03	-1.568e-01	3.034e-02 -13.096082339358325	1.0
chr10_102644578_A_T_b38	2	1.62297e-02	-6.712e-02	8.643e-02 -0.8487976789474487	1.0
chr10_102644402_G_GGGA_b38	2	1.56382e-02	-6.213e-02	8.545e-02 -1.3132948529424366	1.0
chr10_102648035_G_A_b38	2	1.35616e-03	-6.556e-02	8.946e-02 -0.8669022917747498	1.0
chr10_102668634_CA_C_b38	2	8.26080e-04	-1.586e-01	1.023e-01 -2.4101108370297273	1.0
chr10_102668557_G_A_b38	2	8.26080e-04	-1.586e-01	1.023e-01 -2.3111553192138667	1.0
chr10_102660321_C_T_b38	2	4.59194e-04	-1.089e-01	1.021e-01 -2.201559543609619	1.0
chr10_102672267_T_C_b38	2	3.55829e-04	-1.967e-01	9.389e-02 -2.3666765689849854	1.0
chr10_102666479_T_TTTCA_b38	2	3.53196e-04	-7.708e-02	9.766e-02 -2.631741028527433	1.0
chr10_102673048_G_C_b38	2	3.16257e-04	-1.867e-01	9.269e-02 -2.363929748535156	1.0
chr10_102674437_A_G_b38	2	1.88212e-04	-1.561e-01	9.497e-02 -2.292243003845215	1.0
chr10_102604466_A_G_b38	3	1.40284e-04	-1.908e-01	6.116e-02 6.066056251525879	1.0
