chr17_75403656_C_T_b38	1	3.48010e-02	7.136e-02	2.180e-02 8.054689802857434	1.0
chr17_75403517_G_A_b38	1	3.48010e-02	7.136e-02	2.180e-02 8.054689802857434	1.0
chr17_75403835_C_T_b38	1	2.78105e-02	6.927e-02	2.166e-02 8.021259307861326	1.0
chr17_75408585_T_G_b38	1	2.64609e-02	7.118e-02	2.154e-02 7.971262454986572	1.0
chr17_75408587_A_C_b38	1	2.64609e-02	7.118e-02	2.154e-02 7.976531982421875	1.0
chr17_75317196_G_A_b38	1	1.89153e-02	7.868e-02	1.905e-02 5.736781597137451	1.0
chr17_75401904_C_G_b38	1	1.86452e-02	6.986e-02	2.170e-02 7.991302490234375	1.0
chr17_75405692_G_A_b38	1	1.74340e-02	-7.669e-02	3.342e-02 -4.892121315002441	1.0
chr17_75412738_A_G_b38	1	1.68721e-02	6.119e-02	1.829e-02 4.684299945831299	1.0
chr17_75408715_A_T_b38	1	1.60095e-02	6.788e-02	2.167e-02 8.022505760192871	1.0
chr17_75398703_A_G_b38	1	1.56359e-02	7.248e-02	2.182e-02 8.054689802857434	1.0
chr17_75324198_A_AGTTT_b38	1	1.34391e-02	7.814e-02	1.934e-02 5.918006775299445	1.0
chr17_75328499_G_T_b38	1	1.33278e-02	7.906e-02	1.958e-02 5.816326141357423	1.0
chr17_75328877_G_A_b38	1	1.31373e-02	7.742e-02	1.919e-02 5.7958011627197275	1.0
chr17_75324812_C_T_b38	1	1.21012e-02	7.712e-02	1.922e-02 5.803327560424805	1.0
chr17_75325036_T_C_b38	1	1.20498e-02	7.683e-02	1.915e-02 5.7210001945495605	1.0
chr17_75313188_G_A_b38	1	1.18388e-02	7.630e-02	1.904e-02 5.831660747528076	1.0
chr17_75327795_C_G_b38	1	1.17611e-02	7.698e-02	1.922e-02 5.839003562927246	1.0
chr17_75398368_A_C_b38	1	1.05197e-02	6.936e-02	2.174e-02 8.001981735229492	1.0
chr17_75319287_C_T_b38	1	1.04347e-02	7.551e-02	1.901e-02 5.795747756958008	1.0
chr17_75312641_C_T_b38	1	1.02527e-02	7.559e-02	1.905e-02 5.84093189239502	1.0
chr17_75328114_A_C_b38	1	1.02267e-02	7.630e-02	1.924e-02 5.793206214904785	1.0
chr17_75324302_C_T_b38	1	1.00338e-02	7.640e-02	1.929e-02 5.807360649108888	1.0
chr17_75308629_C_A_b38	1	9.31995e-03	7.518e-02	1.907e-02 5.874845504760742	1.0
chr17_75330884_T_C_b38	1	9.29145e-03	7.545e-02	1.915e-02 5.810986042022705	1.0
chr17_75321429_G_C_b38	1	9.28472e-03	7.607e-02	1.931e-02 5.88539981842041	1.0
chr17_75315697_T_TCAC_b38	1	9.15137e-03	7.418e-02	1.884e-02 5.890931155488849	1.0
chr17_75405860_C_G_b38	1	9.09894e-03	-5.837e-02	2.976e-02 -4.691893577575684	1.0
chr17_75401790_A_C_b38	1	8.69569e-03	6.308e-02	2.138e-02 8.002330780029299	1.0
chr17_75322823_ACT_A_b38	1	8.60070e-03	7.531e-02	1.922e-02 5.925010391631532	1.0
chr17_75328582_C_T_b38	1	8.46089e-03	7.622e-02	1.948e-02 5.795413494110107	1.0
chr17_75322317_A_G_b38	1	8.35688e-03	7.534e-02	1.927e-02 5.8954734802246085	1.0
chr17_75328611_C_T_b38	1	7.76498e-03	7.649e-02	1.967e-02 5.801331043243407	1.0
chr17_75390005_C_T_b38	1	7.74574e-03	7.136e-02	2.180e-02 8.046198102295962	1.0
chr17_75393365_A_G_b38	1	7.74574e-03	7.136e-02	2.180e-02 8.050627708435059	1.0
chr17_75330282_G_C_b38	1	6.80612e-03	7.376e-02	1.914e-02 5.823600769042969	1.0
chr17_75392689_A_G_b38	1	6.54314e-03	7.025e-02	2.184e-02 8.040593147277832	1.0
chr17_75313257_A_G_b38	1	6.01690e-03	-7.332e-02	1.920e-02 -5.882993698120117	1.0
chr17_75313274_A_G_b38	1	6.01690e-03	-7.332e-02	1.920e-02 -5.877837181091309	1.0
chr17_75382514_A_T_b38	1	5.94783e-03	6.911e-02	2.171e-02 8.022953033447267	1.0
chr17_75383004_C_T_b38	1	5.79276e-03	6.899e-02	2.173e-02 8.011507034301758	1.0
chr17_75374143_T_C_b38	1	5.79100e-03	7.489e-02	2.144e-02 8.035181045532228	1.0
chr17_75400491_C_T_b38	1	5.75556e-03	6.386e-02	2.145e-02 8.010516166687013	1.0
chr17_75320598_G_C_b38	1	5.68024e-03	7.323e-02	1.926e-02 5.890259742736816	1.0
chr17_75382694_T_A_b38	1	5.28413e-03	6.776e-02	2.156e-02 8.036871910095215	1.0
chr17_75429818_C_T_b38	1	5.27444e-03	5.874e-02	1.845e-02 6.6160383224487305	1.0
chr17_75402969_C_G_b38	1	5.12332e-03	5.887e-02	2.143e-02 8.004447937011719	1.0
chr17_75328795_A_G_b38	1	4.92336e-03	7.199e-02	1.913e-02 5.790890693664551	1.0
chr17_75422781_A_C_b38	1	4.64853e-03	5.922e-02	1.888e-02 6.8428635597229	1.0
chr17_75316090_A_AT_b38	1	4.59903e-03	8.015e-02	2.147e-02 8.023973843837577	1.0
chr17_75316103_G_A_b38	1	4.59903e-03	8.015e-02	2.147e-02 7.713175296783447	1.0
chr17_75329163_C_T_b38	1	4.59002e-03	7.107e-02	1.899e-02 5.786344528198242	1.0
chr17_75395912_G_A_b38	1	4.55095e-03	-8.863e-02	3.103e-02 -4.913164138793945	1.0
chr17_75312265_C_T_b38	1	4.50461e-03	-7.191e-02	1.925e-02 -5.839735984802246	1.0
chr17_75397868_A_T_b38	1	4.42815e-03	6.217e-02	2.160e-02 8.005295753479004	1.0
chr17_75397378_T_A_b38	1	4.22124e-03	6.105e-02	2.133e-02 7.992707252502441	1.0
chr17_75377054_C_G_b38	1	4.20596e-03	6.307e-02	1.850e-02 4.412454605102539	1.0
chr17_75378864_G_A_b38	1	4.17081e-03	6.268e-02	1.840e-02 4.429393291473389	1.0
chr17_75387832_A_T_b38	1	3.92660e-03	6.603e-02	2.174e-02 8.023816108703612	1.0
chr17_75415466_G_A_b38	1	3.75507e-03	-8.978e-02	3.259e-02 -4.683089256286621	1.0
chr17_75399757_T_C_b38	1	3.73673e-03	6.043e-02	2.148e-02 8.002782821655272	1.0
chr17_75325279_C_CAT_b38	1	3.67764e-03	6.982e-02	1.898e-02 5.918006775299445	1.0
chr17_75404439_A_C_b38	1	3.41717e-03	-7.654e-02	3.339e-02 -4.888017177581787	1.0
chr17_75374274_G_A_b38	1	3.35992e-03	-7.621e-02	2.299e-02 -7.048308582072711	1.0
chr17_75376162_G_A_b38	1	3.35358e-03	7.221e-02	2.177e-02 8.021449089050293	1.0
chr17_75381595_C_A_b38	1	3.33680e-03	6.450e-02	2.165e-02 8.036948204040527	1.0
chr17_75378383_A_AAAAC_b38	1	3.33409e-03	-7.555e-02	2.280e-02 -6.918319411187066	1.0
chr17_75388728_G_T_b38	1	2.95206e-03	6.249e-02	2.129e-02 8.023222923278809	1.0
chr17_75317245_G_A_b38	1	2.88671e-03	7.720e-02	2.148e-02 7.685940265655518	1.0
chr17_75325606_T_C_b38	1	2.88193e-03	6.812e-02	1.889e-02 5.7876343727111825	1.0
chr17_75393045_A_G_b38	1	2.78737e-03	6.246e-02	2.143e-02 8.051233291625978	1.0
chr17_75390541_G_C_b38	1	2.78737e-03	6.246e-02	2.143e-02 8.023478507995605	1.0
chr17_75395064_A_G_b38	1	2.78737e-03	6.246e-02	2.143e-02 8.062332153320312	1.0
chr17_75395196_A_G_b38	1	2.78737e-03	6.246e-02	2.143e-02 8.049976348876951	1.0
chr17_75321362_C_A_b38	1	2.77733e-03	6.821e-02	1.898e-02 5.879751205444336	1.0
chr17_75321563_C_T_b38	1	2.77733e-03	6.821e-02	1.898e-02 5.867210865020753	1.0
chr17_75378315_G_T_b38	1	2.72360e-03	7.018e-02	2.161e-02 8.022089958190918	1.0
chr17_75383791_A_G_b38	1	2.65709e-03	6.164e-02	2.128e-02 8.040024757385254	1.0
chr17_75368135_G_A_b38	1	2.63915e-03	6.002e-02	1.842e-02 4.591654777526856	1.0
chr17_75371127_T_C_b38	1	2.49434e-03	6.984e-02	2.170e-02 8.02094554901123	1.0
chr17_75378559_T_A_b38	1	2.49434e-03	6.984e-02	2.170e-02 8.02204704284668	1.0
chr17_75384140_G_A_b38	1	2.42442e-03	6.105e-02	2.133e-02 8.021958351135254	1.0
chr17_75385937_T_A_b38	1	2.42442e-03	6.105e-02	2.133e-02 8.022889137268066	1.0
chr17_75401402_G_A_b38	1	2.27032e-03	5.211e-02	2.175e-02 8.054689802857434	1.0
chr17_75386987_A_AACACAGTGAAACCCCGTCTCT_b38	1	2.22989e-03	6.020e-02	2.127e-02 7.978948003220983	1.0
chr17_75387287_C_T_b38	1	2.16202e-03	6.050e-02	2.149e-02 8.022974967956543	1.0
chr17_75401056_G_A_b38	1	2.15236e-03	-7.649e-02	3.338e-02 -4.892500400543213	1.0
chr17_75382359_G_T_b38	1	2.13805e-03	6.003e-02	2.135e-02 8.022913932800293	1.0
chr17_75316703_T_TCTCA_b38	1	2.05024e-03	7.499e-02	2.150e-02 8.028355495918094	1.0
chr17_75372161_C_G_b38	1	2.00365e-03	6.769e-02	2.155e-02 8.034788131713867	1.0
chr17_75366066_C_T_b38	1	2.00365e-03	6.769e-02	2.155e-02 8.027342796325684	1.0
chr17_75387233_A_G_b38	1	1.88675e-03	5.939e-02	2.151e-02 8.022974967956543	1.0
chr17_75372919_C_T_b38	1	1.86861e-03	6.718e-02	2.155e-02 8.035513877868652	1.0
chr17_75408087_A_G_b38	1	1.64907e-03	4.492e-02	2.311e-02 6.151702404022218	1.0
chr17_75371207_A_G_b38	1	1.64375e-03	6.629e-02	2.158e-02 8.034489631652832	1.0
chr17_75316191_T_C_b38	1	1.61694e-03	7.213e-02	2.114e-02 7.719207763671875	1.0
chr17_75400706_G_A_b38	1	1.59394e-03	-7.975e-02	3.342e-02 -4.888946056365967	1.0
chr17_75353716_C_T_b38	1	1.54753e-03	6.601e-02	1.935e-02 5.696756362915039	1.0
chr17_75366292_T_TA_b38	1	1.48923e-03	-9.195e-02	3.053e-02 -4.896607646323855	1.0
chr17_75324352_G_C_b38	1	1.44203e-03	6.703e-02	1.979e-02 5.798659324645996	1.0
chr17_75367866_CTT_C_b38	1	1.35117e-03	6.519e-02	2.173e-02 8.046198102295962	1.0
chr17_75408456_C_T_b38	1	1.19477e-03	4.640e-02	2.312e-02 6.1515254974365225	1.0
chr17_75346280_G_C_b38	1	1.18512e-03	6.435e-02	1.935e-02 5.688470840454103	1.0
chr17_75408004_C_T_b38	1	1.15164e-03	-4.908e-02	2.999e-02 -4.7355074882507315	1.0
chr17_75339695_C_G_b38	1	1.10642e-03	6.385e-02	1.933e-02 5.688254356384277	1.0
chr17_75376375_A_C_b38	1	1.09913e-03	6.346e-02	2.171e-02 8.046198102295962	1.0
chr17_75347846_A_C_b38	1	1.02383e-03	6.341e-02	1.934e-02 5.680593967437744	1.0
chr17_75340950_G_C_b38	1	1.02383e-03	6.341e-02	1.934e-02 5.682578086853027	1.0
chr17_75340117_T_C_b38	1	1.02383e-03	6.341e-02	1.934e-02 5.698129177093506	1.0
chr17_75347263_G_C_b38	1	1.02383e-03	6.341e-02	1.934e-02 5.693030834197997	1.0
chr17_75336713_T_C_b38	1	1.02383e-03	6.341e-02	1.934e-02 5.697450160980225	1.0
chr17_75340361_A_G_b38	1	1.02383e-03	6.341e-02	1.934e-02 5.692359924316406	1.0
chr17_75343822_G_A_b38	1	1.02383e-03	6.341e-02	1.934e-02 5.703943729400635	1.0
chr17_75420733_G_T_b38	1	9.64753e-04	5.010e-02	1.982e-02 7.6714372634887695	1.0
chr17_75339920_C_T_b38	1	9.60276e-04	6.306e-02	1.936e-02 5.679594260424488	1.0
chr17_75343664_G_A_b38	1	9.53367e-04	6.298e-02	1.935e-02 5.670294761657715	1.0
chr17_75403023_T_C_b38	1	9.43965e-04	4.379e-02	2.253e-02 8.003533363342285	1.0
chr17_75336803_T_C_b38	1	9.33711e-04	6.286e-02	1.936e-02 5.684628486633301	1.0
chr17_75368911_C_T_b38	1	9.21744e-04	6.090e-02	2.131e-02 8.02016544342041	1.0
chr17_75369590_T_C_b38	1	9.21744e-04	6.090e-02	2.131e-02 8.020591735839844	1.0
chr17_75376730_T_C_b38	1	9.21744e-04	6.090e-02	2.131e-02 8.022495269775389	1.0
chr17_75372904_A_G_b38	1	9.21744e-04	6.090e-02	2.131e-02 8.02186393737793	1.0
chr17_75370940_C_T_b38	1	9.21744e-04	6.090e-02	2.131e-02 8.023440361022951	1.0
chr17_75373150_A_G_b38	1	9.21744e-04	6.090e-02	2.131e-02 8.021265983581543	1.0
chr17_75339921_A_G_b38	1	8.44740e-04	6.188e-02	1.925e-02 5.679594260424488	1.0
chr17_75348630_T_C_b38	1	8.00811e-04	6.159e-02	1.927e-02 5.692534923553468	1.0
chr17_75373341_C_T_b38	1	7.98199e-04	5.990e-02	2.133e-02 8.022034645080566	1.0
chr17_75360250_CA_C_b38	1	7.90922e-04	-6.694e-02	2.400e-02 -6.945889391086477	1.0
chr17_75360767_T_C_b38	1	7.81079e-04	-6.637e-02	2.384e-02 -6.899766445159912	1.0
chr17_75346456_A_G_b38	1	7.60690e-04	6.134e-02	1.930e-02 5.688582897186278	1.0
chr17_75408583_T_C_b38	1	7.49154e-04	-4.908e-02	2.999e-02 -4.574049472808838	1.0
chr17_75338051_TCTCGAGTAG_T_b38	1	7.26831e-04	6.135e-02	1.940e-02 5.679594260424488	1.0
chr17_75276470_C_T_b38	1	7.11935e-04	6.783e-02	1.836e-02 4.530278205871582	1.0
chr17_75399682_A_AT_b38	1	6.83474e-04	3.740e-02	1.761e-02 3.986245721792987	1.0
chr17_75344996_C_CCT_b38	1	6.70693e-04	-9.511e-02	3.064e-02 -4.896607646323855	1.0
chr17_75359688_C_T_b38	1	6.68809e-04	5.114e-02	1.848e-02 4.200506687164307	1.0
chr17_75401732_T_C_b38	1	6.50042e-04	-4.880e-02	3.057e-02 -4.682305335998535	1.0
chr17_75363642_C_CAA_b38	1	6.33894e-04	5.973e-02	2.203e-02 7.8721167636889735	1.0
chr17_75272720_C_T_b38	1	6.30945e-04	6.619e-02	1.809e-02 4.188145160675049	1.0
chr17_75273177_G_C_b38	1	6.30945e-04	6.619e-02	1.809e-02 4.188958168029785	1.0
chr17_75272823_C_T_b38	1	6.30945e-04	6.619e-02	1.809e-02 4.1881842613220215	1.0
chr17_75273595_C_T_b38	1	6.30290e-04	6.593e-02	1.802e-02 4.272719860076903	1.0
chr17_75346352_T_C_b38	1	5.75406e-04	5.993e-02	1.945e-02 5.688382625579834	1.0
chr17_75274078_T_C_b38	1	5.50663e-04	6.544e-02	1.808e-02 4.2432518005371085	1.0
chr17_75254230_G_A_b38	1	5.40297e-04	6.484e-02	1.794e-02 4.307832717895509	1.0
chr17_75263002_C_T_b38	1	5.17856e-04	6.490e-02	1.803e-02 4.3885159492492685	1.0
chr17_75256645_C_T_b38	1	5.16190e-04	6.503e-02	1.807e-02 4.288416385650635	1.0
chr17_75253175_G_A_b38	1	5.16190e-04	6.503e-02	1.807e-02 4.335743427276611	1.0
chr17_75376072_G_A_b38	1	5.02306e-04	-8.085e-02	3.146e-02 -4.910759925842285	1.0
chr17_75329481_TA_T_b38	1	5.00361e-04	-9.130e-02	3.049e-02 -4.896607646323855	1.0
chr17_75420690_C_T_b38	1	4.97876e-04	4.343e-02	1.946e-02 7.6427836418151855	1.0
chr17_75361663_C_T_b38	1	4.91142e-04	-6.207e-02	2.394e-02 -6.906211853027344	1.0
chr17_75275957_C_G_b38	1	4.89731e-04	6.525e-02	1.821e-02 4.213458061218262	1.0
chr17_75357877_C_T_b38	1	4.79555e-04	-6.148e-02	2.377e-02 -6.89609956741333	1.0
chr17_75327324_C_G_b38	1	4.70289e-04	-9.072e-02	3.054e-02 -4.81496524810791	1.0
chr17_75347998_A_G_b38	1	4.51191e-04	5.717e-02	1.908e-02 5.676939010620117	1.0
chr17_75416577_C_A_b38	1	4.39762e-04	-6.851e-02	3.372e-02 -4.486313819885254	1.0
chr17_75429967_G_A_b38	1	4.23874e-04	-6.602e-02	3.274e-02 -4.461304664611816	1.0
chr17_75411300_T_G_b38	1	4.22080e-04	-4.880e-02	3.057e-02 -4.765086174011231	1.0
chr17_75412927_G_T_b38	1	4.22080e-04	-4.880e-02	3.057e-02 -4.7543911933898935	1.0
chr17_75271750_G_T_b38	1	4.16092e-04	6.384e-02	1.806e-02 4.210188388824463	1.0
chr17_75345203_T_C_b38	1	4.11836e-04	5.655e-02	1.908e-02 5.679594260424488	1.0
chr17_75343686_A_AT_b38	1	4.10652e-04	5.656e-02	1.909e-02 5.679594260424488	1.0
chr17_75363365_T_C_b38	1	3.97637e-04	5.540e-02	2.198e-02 7.935081958770753	1.0
chr17_75362178_C_T_b38	1	3.97637e-04	5.540e-02	2.198e-02 7.930674076080322	1.0
chr17_75361505_G_A_b38	1	3.97637e-04	5.540e-02	2.198e-02 7.917651176452638	1.0
chr17_75346621_T_C_b38	1	3.82445e-04	5.696e-02	1.941e-02 5.688515186309815	1.0
chr17_75271088_A_C_b38	1	3.74591e-04	6.569e-02	1.878e-02 4.203660488128662	1.0
chr17_75412743_T_G_b38	1	3.51572e-04	3.773e-02	2.399e-02 6.158594608306885	1.0
chr17_75356787_A_T_b38	1	3.49137e-04	5.353e-02	2.171e-02 7.9350223541259775	1.0
chr17_75413612_C_T_b38	1	3.45974e-04	3.723e-02	2.378e-02 6.079487323760986	1.0
chr17_75413999_T_G_b38	1	3.44121e-04	-4.402e-02	3.063e-02 -4.746399879455566	1.0
chr17_75364073_T_C_b38	1	3.44079e-04	5.379e-02	2.189e-02 7.951736927032472	1.0
chr17_75408928_C_T_b38	2	6.04852e-03	-6.699e-02	3.906e-02 1.8995823860168457	1.0
chr17_75386035_T_A_b38	2	2.69935e-03	-7.805e-02	3.441e-02 2.085278987884521	1.0
chr17_75386675_C_T_b38	2	2.52628e-03	-7.752e-02	3.483e-02 2.0764379501342773	1.0
chr17_75390376_T_C_b38	2	2.52628e-03	-7.752e-02	3.483e-02 2.0957705974578857	1.0
chr17_75385939_T_C_b38	2	6.14258e-04	-4.141e-02	2.803e-02 3.3307130336761475	1.0
chr17_75324752_GAA_G_b38	2	6.03080e-04	-9.654e-02	3.684e-02 1.7488708749291924	1.0
chr17_75334232_G_A_b38	2	4.20190e-04	-6.799e-02	2.540e-02 -1.56905996799469	1.0
chr17_75332293_G_A_b38	2	4.20190e-04	-6.799e-02	2.540e-02 -1.5710489749908447	1.0
chr17_75314409_C_T_b38	2	2.93047e-04	-6.185e-02	2.349e-02 -1.5063316822052002	1.0
chr17_75312974_T_C_b38	2	1.91482e-04	-5.600e-02	2.200e-02 -3.1310067176818848	1.0
chr17_75368521_C_A_b38	2	1.84491e-04	-4.274e-02	2.819e-02 3.3134355545043945	1.0
chr17_75328001_A_AT_b38	2	1.66796e-04	-5.558e-02	2.293e-02 -1.6995447673574633	1.0
chr17_75262004_GGC_G_b38	2	1.57471e-04	6.853e-02	2.172e-02 2.379863464471708	1.0
chr17_75312544_C_G_b38	2	1.45273e-04	-7.095e-02	3.530e-02 2.141642093658448	1.0
chr17_75351032_G_C_b38	2	1.45089e-04	-6.860e-02	3.412e-02 2.00122594833374	1.0
chr17_75498119_G_C_b38	2	5.32752e-05	-5.257e-02	4.353e-02 0.3200093507766724	1.0
chr17_75494010_C_A_b38	2	5.32752e-05	-5.257e-02	4.353e-02 0.2747613489627838	1.0
