chr11_17030440_A_T_b38	1	3.51260e-02	-2.233e-01	5.235e-02 7.2463738791874865	1.0
chr11_17026114_C_G_b38	1	2.99109e-02	-2.263e-01	5.392e-02 7.420150279998777	1.0
chr11_17024023_A_AC_b38	1	2.85388e-02	-2.134e-01	5.539e-02 7.192582310160619	1.0
chr11_17021662_C_G_b38	1	2.85388e-02	-2.134e-01	5.539e-02 7.303306579589844	1.0
chr11_17022811_T_A_b38	1	2.85388e-02	-2.134e-01	5.539e-02 7.301620006561277	1.0
chr11_17030983_A_C_b38	1	2.70879e-02	-2.206e-01	5.318e-02 7.302799000216108	1.0
chr11_17034870_C_A_b38	1	2.70879e-02	-2.206e-01	5.318e-02 7.287986755371094	1.0
chr11_17033884_C_T_b38	1	2.70879e-02	-2.206e-01	5.318e-02 7.302799000216108	1.0
chr11_17031629_T_G_b38	1	2.70879e-02	-2.206e-01	5.318e-02 7.302799000216108	1.0
chr11_17033487_C_G_b38	1	2.70879e-02	-2.206e-01	5.318e-02 7.302799000216108	1.0
chr11_17032005_AT_A_b38	1	2.70879e-02	-2.206e-01	5.318e-02 7.302799000216108	1.0
chr11_17029932_T_C_b38	1	2.70879e-02	-2.206e-01	5.318e-02 7.302799000216108	1.0
chr11_17034381_A_C_b38	1	2.70879e-02	-2.206e-01	5.318e-02 7.302799000216108	1.0
chr11_17034171_A_G_b38	1	2.70879e-02	-2.206e-01	5.318e-02 7.307387828826903	1.0
chr11_17028461_A_G_b38	1	2.70879e-02	-2.206e-01	5.318e-02 7.309806823730469	1.0
chr11_17032723_G_A_b38	1	2.70879e-02	-2.206e-01	5.318e-02 7.219009773400178	1.0
chr11_17028343_A_G_b38	1	2.70879e-02	-2.206e-01	5.318e-02 7.310117244720459	1.0
chr11_17034349_G_A_b38	1	2.70879e-02	-2.206e-01	5.318e-02 7.302799000216108	1.0
chr11_17034283_T_C_b38	1	2.70879e-02	-2.206e-01	5.318e-02 7.308913230895996	1.0
chr11_17035979_A_T_b38	1	2.70879e-02	-2.206e-01	5.318e-02 7.315846920013428	1.0
chr11_17034878_G_A_b38	1	2.70879e-02	-2.206e-01	5.318e-02 7.28698205947876	1.0
chr11_17034893_C_G_b38	1	2.70879e-02	-2.206e-01	5.318e-02 7.2892165184021	1.0
chr11_17034544_G_A_b38	1	2.70879e-02	-2.206e-01	5.318e-02 7.307694435119629	1.0
chr11_17033467_T_G_b38	1	2.70879e-02	-2.206e-01	5.318e-02 7.302799000216108	1.0
chr11_17036227_T_C_b38	1	2.70879e-02	-2.206e-01	5.318e-02 7.212880134582519	1.0
chr11_17034139_C_G_b38	1	2.70879e-02	-2.206e-01	5.318e-02 7.3076844215393075	1.0
chr11_17033235_G_A_b38	1	2.70879e-02	-2.206e-01	5.318e-02 7.302799000216108	1.0
chr11_17028633_A_G_b38	1	2.70879e-02	-2.206e-01	5.318e-02 7.286307282382437	1.0
chr11_17033627_T_G_b38	1	2.70879e-02	-2.206e-01	5.318e-02 7.302799000216108	1.0
chr11_17032331_T_C_b38	1	2.70879e-02	-2.206e-01	5.318e-02 7.302799000216108	1.0
chr11_17036497_G_GT_b38	1	2.70879e-02	-2.206e-01	5.318e-02 7.302799000216108	1.0
chr11_17024339_A_G_b38	1	1.41742e-02	-2.191e-01	4.819e-02 7.355680465698242	1.0
chr11_17025701_A_G_b38	1	1.41742e-02	-2.191e-01	4.819e-02 7.3819098472595215	1.0
chr11_17016246_T_G_b38	1	1.34785e-02	-1.821e-01	7.097e-02 7.2776246070861825	1.0
chr11_17043742_T_C_b38	1	1.22883e-02	-2.294e-01	4.813e-02 7.307098865509032	1.0
chr11_17051150_G_C_b38	1	1.22883e-02	-2.294e-01	4.813e-02 7.422078711151316	1.0
chr11_17063645_A_C_b38	1	7.48963e-03	-2.231e-01	4.803e-02 7.427294254302978	1.0
chr11_17017181_A_C_b38	1	6.24643e-03	-1.742e-01	6.961e-02 7.250411033630371	1.0
chr11_17017230_A_G_b38	1	4.74592e-03	-1.938e-01	4.885e-02 7.31090497970581	1.0
chr11_17017141_CA_C_b38	1	4.74592e-03	-1.938e-01	4.885e-02 7.1646155596333285	1.0
chr11_17076319_G_A_b38	1	4.43893e-03	-1.991e-01	4.093e-02 7.0741515159606925	1.0
chr11_17021507_G_T_b38	1	4.36334e-03	-1.969e-01	4.803e-02 7.2828850746154785	1.0
chr11_17021494_G_A_b38	1	4.36334e-03	-1.969e-01	4.803e-02 7.2828850746154785	1.0
chr11_17033373_C_A_b38	1	3.98318e-03	-2.029e-01	4.784e-02 7.302799000216108	1.0
chr11_17017370_A_C_b38	1	3.81566e-03	-1.931e-01	4.900e-02 7.280237674713135	1.0
chr11_17018285_A_G_b38	1	3.48849e-03	-1.922e-01	4.894e-02 7.2316975593566895	1.0
chr11_17018363_G_A_b38	1	3.48849e-03	-1.922e-01	4.894e-02 7.22644567489624	1.0
chr11_17019487_A_G_b38	1	3.35869e-03	-1.996e-01	4.920e-02 7.264426231384277	1.0
chr11_17018871_C_A_b38	1	3.09828e-03	-1.915e-01	4.917e-02 7.2845869064331055	1.0
chr11_17072711_T_C_b38	1	2.34025e-03	-2.248e-01	4.820e-02 7.419773578643799	1.0
chr11_17065566_A_G_b38	1	2.34025e-03	-2.248e-01	4.820e-02 7.425522804260254	1.0
chr11_17024694_AC_A_b38	1	2.17160e-03	-1.996e-01	4.840e-02 7.192582310160619	1.0
chr11_17024249_A_AC_b38	1	1.97220e-03	-1.971e-01	4.801e-02 7.0335601588960674	1.0
chr11_17020897_G_A_b38	1	1.52988e-03	-1.938e-01	5.000e-02 7.300891876220702	1.0
chr11_17042243_G_A_b38	1	5.28723e-04	-2.101e-01	5.045e-02 7.422078711151316	1.0
chr11_17013704_G_T_b38	2	6.89628e-02	-1.170e-01	4.867e-02 3.2300500869750977	1.0
chr11_17013767_C_T_b38	2	6.89628e-02	-1.170e-01	4.867e-02 3.21402645111084	1.0
chr11_17013572_C_G_b38	2	6.89628e-02	-1.170e-01	4.867e-02 3.2398955821990967	1.0
chr11_17014171_A_G_b38	2	4.30604e-02	-1.013e-01	4.065e-02 3.2205579280853267	1.0
chr11_17013328_C_A_b38	2	2.45490e-02	-1.061e-01	4.062e-02 3.2590856552124023	1.0
chr11_17013097_C_G_b38	2	2.45490e-02	-1.061e-01	4.062e-02 3.2511680126190186	1.0
chr11_17013090_T_C_b38	2	2.45490e-02	-1.061e-01	4.062e-02 3.219624757766724	1.0
chr11_17013539_G_A_b38	2	2.45490e-02	-1.061e-01	4.062e-02 3.2407560348510738	1.0
chr11_17009393_G_A_b38	2	2.13900e-02	1.244e-01	4.265e-02 -3.173161029815674	1.0
chr11_17014633_A_C_b38	2	1.69434e-02	-1.029e-01	4.071e-02 3.2191853523254395	1.0
chr11_17014919_C_T_b38	2	1.56687e-02	1.031e-01	4.165e-02 -3.1551437377929688	1.0
chr11_17013517_G_A_b38	2	1.26543e-02	-9.455e-02	4.029e-02 3.229740619659424	1.0
chr11_17013008_CCAGT_C_b38	2	1.17594e-02	-1.061e-01	4.062e-02 3.2040190551026213	1.0
chr11_17012598_T_C_b38	2	1.17594e-02	-1.061e-01	4.062e-02 3.2440471649169917	1.0
chr11_17011964_C_CTT_b38	2	1.17594e-02	-1.061e-01	4.062e-02 3.2040190551026213	1.0
chr11_17007371_G_A_b38	2	1.16799e-02	1.233e-01	4.146e-02 -3.1730058193206787	1.0
chr11_17006490_T_C_b38	2	1.16799e-02	1.233e-01	4.146e-02 -3.1898984909057617	1.0
chr11_17005751_G_A_b38	2	1.16799e-02	1.233e-01	4.146e-02 -3.177141666412353	1.0
chr11_17005621_C_A_b38	2	1.06481e-02	1.256e-01	4.239e-02 -2.8977913856506348	1.0
chr11_17009729_G_A_b38	2	7.43596e-03	-1.061e-01	4.062e-02 3.1678769588470463	1.0
chr11_17009113_T_G_b38	2	7.43596e-03	-1.061e-01	4.062e-02 3.202052593231201	1.0
chr11_17011426_C_T_b38	2	7.43596e-03	-1.061e-01	4.062e-02 3.203309297561645	1.0
chr11_17010936_C_G_b38	2	7.43596e-03	-1.061e-01	4.062e-02 3.1844358444213867	1.0
chr11_17010729_A_G_b38	2	7.43596e-03	-1.061e-01	4.062e-02 3.207909107208252	1.0
chr11_17010103_C_T_b38	2	7.43596e-03	-1.061e-01	4.062e-02 3.1799733638763428	1.0
chr11_17009070_A_G_b38	2	7.43596e-03	-1.061e-01	4.062e-02 3.1592254638671875	1.0
chr11_17010741_T_A_b38	2	7.43596e-03	-1.061e-01	4.062e-02 3.196821928024292	1.0
chr11_17012443_G_A_b38	2	5.98989e-03	-9.452e-02	4.029e-02 3.254044532775879	1.0
chr11_17011571_C_A_b38	2	5.98989e-03	-9.452e-02	4.029e-02 3.2088315486907963	1.0
chr11_17007866_C_G_b38	2	4.77439e-03	-1.089e-01	4.074e-02 3.161394119262696	1.0
chr11_17005326_G_GT_b38	2	4.46813e-03	-1.071e-01	4.038e-02 3.3489210206586364	1.0
chr11_17005092_T_C_b38	2	4.09029e-03	-1.057e-01	4.020e-02 3.1887147426605225	1.0
chr11_17008554_C_A_b38	2	3.98459e-03	-1.059e-01	4.060e-02 3.160286903381348	1.0
chr11_17006523_G_A_b38	2	3.98459e-03	-1.059e-01	4.060e-02 3.1643171310424805	1.0
chr11_17005882_T_C_b38	2	3.98459e-03	-1.059e-01	4.060e-02 3.1951389312744136	1.0
chr11_17006472_CA_C_b38	2	3.98459e-03	-1.059e-01	4.060e-02 3.2040190551026213	1.0
chr11_17008278_T_G_b38	2	3.98459e-03	-1.059e-01	4.060e-02 3.1606698036193848	1.0
chr11_17007605_A_G_b38	2	3.98459e-03	-1.059e-01	4.060e-02 3.2040190551026213	1.0
chr11_17007560_G_T_b38	2	3.98459e-03	-1.059e-01	4.060e-02 3.1608119010925293	1.0
chr11_17009006_G_A_b38	2	3.98459e-03	-1.059e-01	4.060e-02 3.158783435821533	1.0
chr11_17008394_T_C_b38	2	3.98459e-03	-1.059e-01	4.060e-02 3.153963565826416	1.0
chr11_17006258_G_A_b38	2	3.98459e-03	-1.059e-01	4.060e-02 3.1599676609039307	1.0
chr11_17006106_C_T_b38	2	3.98459e-03	-1.059e-01	4.060e-02 3.1655762195587163	1.0
chr11_17006781_C_T_b38	2	3.98459e-03	-1.059e-01	4.060e-02 3.1557893753051762	1.0
chr11_17007715_G_A_b38	2	3.98459e-03	-1.059e-01	4.060e-02 3.160191059112549	1.0
chr11_17007552_C_T_b38	2	3.98459e-03	-1.059e-01	4.060e-02 3.1608119010925293	1.0
chr11_17007198_A_G_b38	2	3.98459e-03	-1.059e-01	4.060e-02 3.157701253890991	1.0
chr11_17005782_G_A_b38	2	3.98459e-03	-1.059e-01	4.060e-02 3.17879056930542	1.0
chr11_17006141_C_A_b38	2	3.98459e-03	-1.059e-01	4.060e-02 3.1655762195587163	1.0
chr11_17006456_A_G_b38	2	3.98459e-03	-1.059e-01	4.060e-02 3.15191912651062	1.0
chr11_17008953_C_T_b38	2	3.98459e-03	-1.059e-01	4.060e-02 3.14471173286438	1.0
chr11_17009228_T_C_b38	2	3.66935e-03	-9.422e-02	4.018e-02 3.1527421474456787	1.0
chr11_17005121_G_A_b38	2	3.38191e-03	-1.030e-01	4.025e-02 3.2206007285710583	1.0
chr11_17005119_CG_C_b38	2	3.38191e-03	-1.030e-01	4.025e-02 3.2206007285710583	1.0
chr11_17005307_A_G_b38	2	2.89617e-03	-1.007e-01	4.027e-02 3.0885684490203857	1.0
chr11_17004526_G_A_b38	2	2.15680e-03	-9.543e-02	4.008e-02 3.164541006088257	1.0
chr11_17004193_G_A_b38	2	2.15680e-03	-9.543e-02	4.008e-02 2.9888014793396	1.0
chr11_17004128_A_G_b38	2	2.15680e-03	-9.543e-02	4.008e-02 2.9875397682189937	1.0
chr11_17008101_A_C_b38	2	1.97196e-03	-9.393e-02	4.011e-02 3.1538295745849614	1.0
chr11_17002333_G_A_b38	2	1.21047e-03	9.722e-02	3.935e-02 -2.324941635131836	1.0
chr11_17003152_G_A_b38	2	1.15528e-03	-9.646e-02	4.016e-02 3.0110538005828857	1.0
chr11_16991127_C_T_b38	2	1.10984e-03	9.320e-02	3.832e-02 -2.6286768913269043	1.0
chr11_16995868_G_A_b38	2	1.10984e-03	9.320e-02	3.832e-02 -2.631314516067505	1.0
chr11_17003300_G_A_b38	2	1.06658e-03	-9.543e-02	4.006e-02 2.9936628341674805	1.0
chr11_17000116_C_A_b38	2	4.35877e-05	-8.079e-02	3.800e-02 2.6132991313934326	1.0
chr11_17000483_T_C_b38	2	4.35877e-05	-8.079e-02	3.800e-02 2.6182258129119877	1.0
chr11_17001347_T_C_b38	2	2.17097e-05	-7.896e-02	3.793e-02 2.621511936187744	1.0
chr11_16994204_T_C_b38	2	2.17097e-05	-7.896e-02	3.793e-02 2.624469041824341	1.0
chr11_16994407_T_C_b38	2	2.17097e-05	-7.896e-02	3.793e-02 2.624053716659546	1.0
chr11_16997330_T_C_b38	2	2.17097e-05	-7.896e-02	3.793e-02 2.6129770278930664	1.0
chr11_17017480_T_C_b38	3	3.23334e-02	-1.626e-01	4.912e-02 6.0187621116638175	1.0
chr11_17045071_C_T_b38	3	7.09884e-05	-1.963e-01	3.827e-02 6.160832405090332	1.0
chr11_17053107_A_G_b38	3	6.35667e-05	-1.956e-01	3.830e-02 6.1597747802734375	1.0
chr11_17052266_TC_T_b38	3	6.35667e-05	-1.956e-01	3.830e-02 6.143169004806308	1.0
chr11_17053264_T_C_b38	3	6.35667e-05	-1.956e-01	3.830e-02 6.143169004806308	1.0
chr11_17058198_A_T_b38	3	6.20365e-05	-1.943e-01	3.808e-02 6.157351970672607	1.0
chr11_17049034_A_G_b38	3	5.19819e-05	-1.944e-01	3.839e-02 6.52937650680542	1.0
chr11_17056681_G_T_b38	3	4.06892e-05	-1.917e-01	3.825e-02 6.154493808746338	1.0
chr11_17055905_A_G_b38	3	4.06892e-05	-1.917e-01	3.825e-02 6.152993202209473	1.0
chr11_17057080_T_A_b38	3	4.06892e-05	-1.917e-01	3.825e-02 6.158749103546143	1.0
chr11_17058786_C_T_b38	3	3.65412e-05	-1.902e-01	3.814e-02 6.165647983551025	1.0
chr11_17058208_C_T_b38	3	3.65412e-05	-1.902e-01	3.814e-02 6.15740966796875	1.0
chr11_17058073_C_A_b38	3	3.65412e-05	-1.902e-01	3.814e-02 6.157918930053711	1.0
chr11_17074512_A_G_b38	3	1.82162e-05	-1.925e-01	3.804e-02 6.170181751251222	1.0
chr11_17074603_T_A_b38	3	1.82162e-05	-1.925e-01	3.804e-02 6.170034885406494	1.0
chr11_17085959_C_CCCTAT_b38	3	1.75441e-05	-1.950e-01	3.859e-02 6.493974457575399	1.0
chr11_17089725_A_G_b38	3	1.59800e-05	-1.935e-01	3.845e-02 6.291073322296143	1.0
chr11_17095578_A_G_b38	3	1.59800e-05	-1.935e-01	3.845e-02 6.294724941253662	1.0
chr11_17087818_C_CTT_b38	3	1.59800e-05	-1.935e-01	3.845e-02 6.493974457575399	1.0
chr11_17110690_G_A_b38	3	1.44025e-05	1.920e-01	3.833e-02 -6.416186332702638	1.0
chr11_17107894_CAG_C_b38	3	1.44025e-05	1.920e-01	3.833e-02 -6.400226822119924	1.0
chr11_17067856_C_T_b38	3	1.30260e-05	-1.902e-01	3.814e-02 6.195767402648926	1.0
chr11_17065380_A_G_b38	3	1.30260e-05	-1.902e-01	3.814e-02 6.204345226287843	1.0
chr11_17066085_T_C_b38	3	1.30260e-05	-1.902e-01	3.814e-02 6.171559810638428	1.0
chr11_17066642_A_ACT_b38	3	1.30260e-05	-1.902e-01	3.814e-02 6.188877302319441	1.0
chr11_17065865_A_G_b38	3	1.30260e-05	-1.902e-01	3.814e-02 6.176474094390869	1.0
chr11_17066271_T_C_b38	3	1.30260e-05	-1.902e-01	3.814e-02 6.171408176422119	1.0
chr11_17035249_G_A_b38	3	1.07645e-05	-1.741e-01	3.893e-02 5.8180694580078125	1.0
chr11_17031288_C_T_b38	3	1.07645e-05	-1.741e-01	3.893e-02 5.752115722120344	1.0
chr11_17032002_C_T_b38	3	1.07645e-05	-1.741e-01	3.893e-02 5.752115722120344	1.0
chr11_17095807_C_T_b38	3	1.01138e-05	-1.899e-01	3.850e-02 6.298882007598878	1.0
chr11_17095775_T_C_b38	3	1.01138e-05	-1.899e-01	3.850e-02 6.30372953414917	1.0
chr11_16985595_G_A_b38	4	1.41215e-03	3.379e-01	8.867e-02 4.810600757598877	1.0
