chr5_181207754_C_T_b38	1	9.65618e-01	5.275e-01	1.091e-01 -5.2817959785461435	1.0
chr5_181207407_TG_T_b38	1	1.69582e-02	7.859e-01	9.235e-02 -5.2613987457471465	1.0
chr5_181207677_A_G_b38	1	1.69532e-02	7.859e-01	9.235e-02 -5.273450374603272	1.0
chr5_181204544_CA_C_b38	2	8.73726e-01	-4.782e-01	8.706e-02 -0.2521264513680585	1.0
chr5_181204894_G_A_b38	2	1.25803e-01	-4.521e-01	8.543e-02 0.02525169774889946	1.0
chr5_181224231_G_A_b38	3	6.40921e-01	2.471e-01	9.707e-02 -0.5365898013114929	1.0
chr5_181218396_G_A_b38	3	3.23713e-01	2.329e-01	1.069e-01 -0.14577998220920566	1.0
chr5_181218207_A_G_b38	3	2.59436e-02	4.128e-01	8.539e-02 -0.4854033887386322	1.0
chr5_181221971_C_A_b38	3	8.94850e-03	3.984e-01	8.832e-02 -0.559912383556366	1.0
chr5_181204817_T_C_b38	4	8.81850e-01	3.394e-01	7.235e-02 -5.29364538192749	1.0
chr5_181201432_A_G_b38	4	1.86034e-02	3.355e-01	7.205e-02 -5.426599025726318	1.0
chr5_181204497_C_G_b38	4	1.11182e-03	1.589e-01	9.802e-02 -5.426856994628906	1.0
chr5_181205744_TC_T_b38	4	8.59755e-04	-1.582e-01	9.456e-02 -5.295692272083382	1.0
chr5_181204387_G_A_b38	4	3.32636e-04	9.150e-02	5.801e-02 -4.787223815917969	1.0
chr5_181202753_CA_C_b38	5	5.72321e-01	-2.948e-01	7.316e-02 -0.02291450256232025	1.0
chr5_181200917_C_T_b38	5	1.77105e-01	-3.523e-01	1.013e-01 -0.15380316972732544	1.0
chr5_181206854_T_G_b38	5	4.92636e-02	-2.941e-01	1.009e-01 -0.04293984919786453	1.0
chr5_181206680_C_G_b38	5	4.40734e-02	-2.834e-01	9.846e-02 -0.10883890837430954	1.0
chr5_181302764_G_A_b38	6	5.29766e-01	3.735e-01	7.234e-02 0.0	1.0
chr5_181213714_G_A_b38	7	7.92787e-04	1.630e-01	1.521e-01 -0.11215856671333313	1.0
chr5_181213003_A_G_b38	7	7.92787e-04	1.630e-01	1.521e-01 -0.15135927498340607	1.0
chr5_181214544_G_C_b38	7	5.58992e-04	-5.697e-02	1.694e-01 -0.06558424234390259	1.0
chr5_181214834_C_A_b38	7	5.26869e-04	5.968e-03	1.630e-01 -0.06400000303983687	1.0
chr5_181215112_G_A_b38	7	5.26869e-04	5.968e-03	1.630e-01 -0.03996772319078445	1.0
chr5_181214214_C_T_b38	7	4.98426e-04	2.981e-02	1.441e-01 -0.07622075080871582	1.0
chr5_181216172_T_C_b38	7	2.96232e-04	1.232e-01	1.220e-01 0.0035586715675890454	1.0
