chr20_44909956_G_T_b38	1	4.65760e-01	-4.556e-01	6.096e-02 6.6469807624816895	1.0
chr20_44908559_T_C_b38	1	1.11233e-01	-4.495e-01	5.922e-02 6.558760276700534	1.0
chr20_44901593_A_C_b38	1	6.27049e-02	-4.529e-01	5.968e-02 6.717750072479247	1.0
chr20_44906262_G_A_b38	1	6.01859e-02	-4.561e-01	6.066e-02 6.679952621459961	1.0
chr20_44903747_A_G_b38	1	4.12477e-02	-4.497e-01	5.909e-02 6.708381652832031	1.0
chr20_44901038_T_C_b38	1	4.12477e-02	-4.497e-01	5.909e-02 6.707691669464111	1.0
chr20_44904645_T_G_b38	1	3.03544e-02	-4.609e-01	6.180e-02 6.5676636695861825	1.0
chr20_44885569_T_C_b38	1	1.96972e-02	-4.506e-01	5.844e-02 6.675859451293945	1.0
chr20_44891649_CAT_C_b38	1	1.96972e-02	-4.506e-01	5.844e-02 6.560404567357309	1.0
chr20_44885696_G_T_b38	1	1.96972e-02	-4.506e-01	5.844e-02 6.707761764526367	1.0
chr20_44885562_C_T_b38	1	1.96972e-02	-4.506e-01	5.844e-02 6.540561199188232	1.0
chr20_44890896_A_G_b38	1	1.96972e-02	-4.506e-01	5.844e-02 6.720776081085205	1.0
chr20_44888560_A_G_b38	1	1.96972e-02	-4.506e-01	5.844e-02 6.716586112976074	1.0
chr20_44899568_T_C_b38	1	1.96972e-02	-4.506e-01	5.844e-02 6.7096824645996085	1.0
chr20_44898696_C_T_b38	1	1.96972e-02	-4.506e-01	5.844e-02 6.708050727844237	1.0
chr20_44895564_C_A_b38	1	1.96972e-02	-4.506e-01	5.844e-02 6.71875	1.0
chr20_44910092_T_C_b38	2	4.17906e-02	-1.130e-01	5.855e-02 5.16201114654541	1.0
chr20_44909511_T_C_b38	2	1.70868e-02	-1.105e-01	5.870e-02 5.089601039886475	1.0
chr20_44908816_G_A_b38	2	5.89762e-03	-1.107e-01	5.864e-02 5.088049411773682	1.0
chr20_44909016_T_A_b38	2	5.89762e-03	-1.107e-01	5.864e-02 5.076823711395264	1.0
chr20_44900820_C_G_b38	2	1.53749e-03	-1.106e-01	5.872e-02 5.1006975173950195	1.0
chr20_44897496_A_G_b38	2	6.07869e-04	-1.108e-01	5.863e-02 5.1427202224731445	1.0
chr20_44893088_G_A_b38	2	6.07869e-04	-1.108e-01	5.863e-02 5.1570096015930185	1.0
chr20_44928012_G_GA_b38	2	3.62178e-04	9.480e-02	5.923e-02 -3.6528510273502417	1.0
chr20_44928955_C_T_b38	2	2.15530e-04	7.367e-02	5.907e-02 -3.3769781589508057	1.0
chr20_44932595_C_T_b38	3	5.19032e-04	-2.737e-01	9.840e-02 -2.5101375579833984	1.0
chr20_44930851_G_C_b38	3	1.55935e-04	-2.453e-01	1.067e-01 -2.3590123653411865	1.0
chr20_44932892_G_A_b38	3	8.68174e-05	-2.189e-01	1.071e-01 -2.5047738552093506	1.0
chr20_44931622_G_A_b38	3	8.68174e-05	-2.189e-01	1.071e-01 -2.5429351329803467	1.0
chr20_44932273_T_C_b38	3	8.68174e-05	-2.189e-01	1.071e-01 -2.5501203536987305	1.0
chr20_44933019_A_G_b38	3	8.68174e-05	-2.189e-01	1.071e-01 -2.642866611480713	1.0
chr20_44933013_C_T_b38	3	8.68174e-05	-2.189e-01	1.071e-01 -2.644280433654785	1.0
chr20_44937877_C_T_b38	3	3.33593e-05	-2.395e-01	1.063e-01 -2.327368259429932	1.0
chr20_44936918_G_C_b38	3	2.74353e-05	-2.395e-01	1.063e-01 -2.388636350631714	1.0
chr20_44935119_C_A_b38	3	1.68251e-05	-2.183e-01	1.070e-01 -2.49442195892334	1.0
chr20_44936394_C_T_b38	3	1.68251e-05	-2.183e-01	1.070e-01 -2.557952880859375	1.0
