chr6_109490935_A_G_b38	1	9.93377e-02	-1.065e-01	2.501e-02 -9.074850082397461	1.0
chr6_109446727_G_T_b38	1	5.90410e-02	-1.114e-01	2.349e-02 -10.004915237426758	1.0
chr6_109477209_G_C_b38	1	4.64055e-02	-1.021e-01	2.368e-02 -10.403454780578613	1.0
chr6_109476101_A_G_b38	1	4.64055e-02	-1.021e-01	2.368e-02 -10.385119438171387	1.0
chr6_109482392_G_A_b38	1	3.82512e-02	-9.598e-02	2.537e-02 -7.8298377990722665	1.0
chr6_109493208_C_T_b38	1	3.25313e-02	1.066e-01	2.539e-02 7.172291278839111	1.0
chr6_109470900_A_G_b38	1	2.65195e-02	-1.023e-01	2.372e-02 -10.439187049865724	1.0
chr6_109464011_C_T_b38	1	2.59841e-02	-1.021e-01	2.371e-02 -10.436079978942873	1.0
chr6_109470427_G_A_b38	1	2.50937e-02	-1.019e-01	2.371e-02 -10.450809478759766	1.0
chr6_109492141_G_A_b38	1	2.29963e-02	1.048e-01	2.547e-02 7.12252950668335	1.0
chr6_109490949_C_T_b38	1	2.23972e-02	1.040e-01	2.533e-02 7.117780208587647	1.0
chr6_109462738_A_G_b38	1	2.17126e-02	-1.008e-01	2.363e-02 -10.437372207641602	1.0
chr6_109465777_T_C_b38	1	1.85089e-02	-1.004e-01	2.376e-02 -10.43850326538086	1.0
chr6_109460098_T_TCA_b38	1	1.71074e-02	-9.958e-02	2.366e-02 -10.62893401396297	1.0
chr6_109480428_G_A_b38	1	1.54378e-02	-9.865e-02	2.556e-02 -7.711502552032472	1.0
chr6_109494237_A_G_b38	1	1.48718e-02	-1.015e-01	2.462e-02 -9.045462608337402	1.0
chr6_109494822_TAA_T_b38	1	1.42999e-02	-1.012e-01	2.461e-02 -9.099127029860604	1.0
chr6_109500997_ACT_A_b38	1	1.26106e-02	-1.002e-01	2.443e-02 -9.099127029860604	1.0
chr6_109499759_C_T_b38	1	1.26106e-02	-1.002e-01	2.443e-02 -9.04893970489502	1.0
chr6_109507271_G_A_b38	1	1.26106e-02	-1.002e-01	2.443e-02 -9.047342300415039	1.0
chr6_109498586_G_C_b38	1	1.26106e-02	-1.002e-01	2.443e-02 -9.0587797164917	1.0
chr6_109496073_T_G_b38	1	1.26106e-02	-1.002e-01	2.443e-02 -9.049890518188477	1.0
chr6_109507364_C_T_b38	1	1.25402e-02	-9.740e-02	2.388e-02 -9.077269554138184	1.0
chr6_109506513_C_T_b38	1	1.12113e-02	-9.617e-02	2.363e-02 -9.103736877441406	1.0
chr6_109501429_A_G_b38	1	9.97511e-03	-9.898e-02	2.441e-02 -9.063157081604004	1.0
chr6_109501402_C_T_b38	1	9.97511e-03	-9.898e-02	2.441e-02 -9.069465637207033	1.0
chr6_109494148_T_C_b38	1	9.74559e-03	-9.551e-02	2.363e-02 -9.072452545166016	1.0
chr6_109496680_A_G_b38	1	9.74559e-03	-9.551e-02	2.363e-02 -9.081757545471193	1.0
chr6_109497253_A_G_b38	1	9.74559e-03	-9.551e-02	2.363e-02 -9.075482368469238	1.0
chr6_109498751_T_A_b38	1	9.74559e-03	-9.551e-02	2.363e-02 -9.07139492034912	1.0
chr6_109497088_A_G_b38	1	9.74559e-03	-9.551e-02	2.363e-02 -9.03445053100586	1.0
chr6_109500687_A_T_b38	1	9.74559e-03	-9.551e-02	2.363e-02 -9.066683769226074	1.0
chr6_109485060_T_A_b38	1	9.53959e-03	-9.103e-02	2.521e-02 -7.792476654052733	1.0
chr6_109507366_T_A_b38	1	9.29820e-03	-9.533e-02	2.365e-02 -9.099127029860604	1.0
chr6_109501793_A_G_b38	1	9.25681e-03	-9.544e-02	2.368e-02 -9.08769416809082	1.0
chr6_109483937_AC_A_b38	1	9.16331e-03	-8.523e-02	2.511e-02 -7.773326535182459	1.0
chr6_109495102_G_A_b38	1	8.50876e-03	-9.486e-02	2.367e-02 -9.085198402404783	1.0
chr6_109491634_T_C_b38	1	8.10827e-03	9.466e-02	2.467e-02 6.7334980964660645	1.0
chr6_109491631_A_G_b38	1	8.10827e-03	9.466e-02	2.467e-02 6.7334980964660645	1.0
chr6_109585126_GCTT_G_b38	1	8.07287e-03	-1.192e-01	2.558e-02 -9.024996571412172	1.0
chr6_109503623_G_A_b38	1	7.74381e-03	-9.721e-02	2.427e-02 -9.056161880493164	1.0
chr6_109424139_A_G_b38	1	7.16192e-03	-1.059e-01	2.408e-02 -9.235211372375488	1.0
chr6_109331614_C_G_b38	1	7.15873e-03	-1.143e-01	2.347e-02 -10.362411499023438	1.0
chr6_109479671_C_T_b38	1	7.10243e-03	-9.293e-02	2.512e-02 -7.70685338973999	1.0
chr6_109479396_G_T_b38	1	6.84518e-03	-9.245e-02	2.506e-02 -7.695773124694824	1.0
chr6_109451315_A_G_b38	1	6.59510e-03	-9.948e-02	2.355e-02 -10.4930419921875	1.0
chr6_109443332_G_T_b38	1	5.81089e-03	-9.869e-02	2.352e-02 -10.531225204467773	1.0
chr6_109440234_A_G_b38	1	5.06270e-03	-9.794e-02	2.354e-02 -10.523966789245604	1.0
chr6_109533040_C_A_b38	1	5.00032e-03	-1.000e-01	2.427e-02 -9.039947509765623	1.0
chr6_109531713_G_A_b38	1	5.00032e-03	-1.000e-01	2.427e-02 -9.040003776550293	1.0
chr6_109523243_AAG_A_b38	1	4.59129e-03	-9.950e-02	2.426e-02 -9.099127029860604	1.0
chr6_109526846_A_G_b38	1	4.51574e-03	-9.940e-02	2.426e-02 -9.03893756866455	1.0
chr6_109447092_G_A_b38	1	3.77905e-03	-9.608e-02	2.350e-02 -10.441410064697266	1.0
chr6_109465229_C_T_b38	1	3.67107e-03	-9.567e-02	2.509e-02 -7.769284248352051	1.0
chr6_109395885_T_G_b38	1	3.58996e-03	-1.027e-01	2.368e-02 -10.56900691986084	1.0
chr6_109518783_A_G_b38	1	3.55481e-03	-9.774e-02	2.413e-02 -9.054290771484377	1.0
chr6_109454233_T_C_b38	1	3.04512e-03	-9.501e-02	2.357e-02 -10.504857063293457	1.0
chr6_109540084_C_G_b38	1	2.96519e-03	-1.027e-01	2.434e-02 -9.024100303649902	1.0
chr6_109540091_C_G_b38	1	2.96519e-03	-1.027e-01	2.434e-02 -9.025522232055664	1.0
chr6_109580903_G_GTTTT_b38	1	2.84657e-03	-1.106e-01	2.642e-02 -8.995920199520006	1.0
chr6_109564443_G_T_b38	1	2.68582e-03	-1.023e-01	2.426e-02 -9.035902976989746	1.0
chr6_109395905_C_G_b38	1	2.55611e-03	-1.001e-01	2.354e-02 -10.572317123413086	1.0
chr6_109424122_T_A_b38	1	2.54350e-03	-9.967e-02	2.345e-02 -10.378643035888672	1.0
chr6_109432968_G_A_b38	1	2.42861e-03	-9.932e-02	2.343e-02 -10.51108455657959	1.0
chr6_109558247_C_T_b38	1	2.27942e-03	-1.010e-01	2.417e-02 -9.041312217712402	1.0
chr6_109469907_T_C_b38	1	2.26192e-03	-9.185e-02	2.501e-02 -7.776396751403809	1.0
chr6_109551060_T_G_b38	1	2.03359e-03	-1.004e-01	2.417e-02 -9.041973114013672	1.0
chr6_109424756_G_C_b38	1	1.93710e-03	-9.748e-02	2.331e-02 -10.51063346862793	1.0
chr6_109392096_A_C_b38	1	1.90593e-03	-9.786e-02	2.343e-02 -10.495777130126953	1.0
chr6_109568962_G_A_b38	1	1.89127e-03	-9.989e-02	2.417e-02 -9.048588752746582	1.0
chr6_109571489_A_T_b38	1	1.89127e-03	-9.989e-02	2.417e-02 -9.042531967163086	1.0
chr6_109570395_T_C_b38	1	1.89127e-03	-9.989e-02	2.417e-02 -9.04469108581543	1.0
chr6_109486036_A_T_b38	1	1.67689e-03	-7.992e-02	2.479e-02 -7.814401626586914	1.0
chr6_109546439_A_G_b38	1	1.67420e-03	-9.893e-02	2.395e-02 -9.04401969909668	1.0
chr6_109393881_G_A_b38	1	1.57792e-03	-9.662e-02	2.341e-02 -10.5199556350708	1.0
chr6_109409679_T_C_b38	1	1.55392e-03	-9.643e-02	2.338e-02 -10.514822006225586	1.0
chr6_109401814_T_TCC_b38	1	1.55196e-03	-9.643e-02	2.339e-02 -10.627435031368927	1.0
chr6_109540078_T_C_b38	1	1.54800e-03	1.012e-01	2.463e-02 6.693266868591309	1.0
chr6_109427644_T_C_b38	1	1.48982e-03	-9.618e-02	2.339e-02 -10.527528762817383	1.0
chr6_109401793_T_C_b38	1	1.46884e-03	-9.607e-02	2.338e-02 -10.693558660318805	1.0
chr6_109402736_G_A_b38	1	1.46884e-03	-9.607e-02	2.338e-02 -10.536643028259276	1.0
chr6_109403734_G_A_b38	1	1.46884e-03	-9.607e-02	2.338e-02 -10.532903671264648	1.0
chr6_109430292_A_C_b38	1	1.46884e-03	-9.607e-02	2.338e-02 -10.530231475830078	1.0
chr6_109425054_A_G_b38	1	1.46884e-03	-9.607e-02	2.338e-02 -10.52838134765625	1.0
chr6_109397362_C_G_b38	1	1.46884e-03	-9.607e-02	2.338e-02 -10.548442840576172	1.0
chr6_109390116_T_C_b38	1	1.39159e-03	-9.594e-02	2.343e-02 -10.481955528259276	1.0
chr6_109471826_T_C_b38	1	1.35880e-03	-8.278e-02	2.348e-02 -9.635855674743652	1.0
chr6_109391534_G_C_b38	1	1.15114e-03	-9.512e-02	2.352e-02 -10.502806663513184	1.0
chr6_109383848_G_A_b38	1	1.14041e-03	-9.477e-02	2.345e-02 -10.504075050354004	1.0
chr6_109383248_A_C_b38	1	1.13889e-03	-9.476e-02	2.345e-02 -10.542207717895508	1.0
chr6_109390638_C_A_b38	1	1.13889e-03	-9.476e-02	2.345e-02 -10.526132583618164	1.0
chr6_109384807_C_A_b38	1	1.13889e-03	-9.476e-02	2.345e-02 -10.491937637329102	1.0
chr6_109383239_T_C_b38	1	1.13889e-03	-9.476e-02	2.345e-02 -10.540550231933594	1.0
chr6_109392195_C_CAG_b38	1	1.13889e-03	-9.476e-02	2.345e-02 -10.541288643175333	1.0
chr6_109424305_A_C_b38	1	1.06919e-03	-9.429e-02	2.343e-02 -10.520947456359863	1.0
chr6_109458989_C_G_b38	1	1.06209e-03	-8.310e-02	2.411e-02 -9.68560028076172	1.0
chr6_109487323_C_G_b38	2	5.95010e-03	5.414e-02	4.611e-02 -3.0358035564422607	1.0
chr6_109489667_T_G_b38	2	3.02768e-03	5.088e-02	4.829e-02 -3.102094411849976	1.0
chr6_109478720_C_T_b38	2	1.88594e-03	-2.627e-02	6.131e-02 -7.979374408721924	1.0
chr6_109471879_A_G_b38	2	1.17158e-03	5.440e-02	4.541e-02 -3.644423007965088	1.0
chr6_109509095_C_T_b38	2	1.09919e-03	7.624e-02	3.025e-02 -3.038449048995972	1.0
chr6_109525825_T_C_b38	2	1.05796e-03	7.568e-02	3.024e-02 -3.041783332824707	1.0
chr6_109517523_C_T_b38	2	3.78138e-04	6.302e-02	4.176e-02 -3.0423307418823238	1.0
chr6_109513020_T_C_b38	2	3.63588e-04	6.183e-02	4.246e-02 -3.0518908500671387	1.0
chr6_109508820_C_A_b38	2	3.62849e-04	6.168e-02	4.248e-02 -3.0383219718933105	1.0
chr6_109526113_A_C_b38	2	3.28156e-04	5.965e-02	4.390e-02 -3.025689110381798	1.0
chr6_109516676_A_G_b38	2	2.76296e-04	4.063e-02	5.859e-02 -3.0464346408843994	1.0
chr6_109526789_G_A_b38	2	2.55890e-04	3.073e-02	6.299e-02 -2.9986367225646973	1.0
chr6_109579240_T_C_b38	2	1.60231e-04	8.491e-02	2.892e-02 -3.0495374202728267	1.0
chr6_109516989_G_T_b38	2	1.60040e-04	-4.128e-02	4.810e-02 -3.3614504337310787	1.0
chr6_109522022_A_AT_b38	2	1.51695e-04	-4.304e-02	4.680e-02 -3.61149201965648	1.0
chr6_109525016_A_G_b38	2	1.42848e-04	-3.826e-02	4.961e-02 -3.603491067886353	1.0
chr6_109450752_A_G_b38	2	1.42716e-04	9.494e-03	6.237e-02 -3.5073373317718506	1.0
chr6_109526848_C_T_b38	2	1.42025e-04	-3.789e-02	4.979e-02 -3.61149201965648	1.0
chr6_109509855_T_C_b38	2	1.41272e-04	4.552e-02	4.802e-02 -3.489638090133667	1.0
chr6_109531868_C_T_b38	2	1.38427e-04	-3.625e-02	5.063e-02 -3.6112151145935063	1.0
chr6_109519561_G_A_b38	2	1.38427e-04	-3.625e-02	5.063e-02 -3.609389543533325	1.0
chr6_109531853_C_T_b38	2	1.38427e-04	-3.625e-02	5.063e-02 -3.6112151145935063	1.0
chr6_109527900_G_A_b38	2	1.37527e-04	-3.562e-02	5.104e-02 -3.6151704788208012	1.0
chr6_109516656_T_C_b38	2	1.35410e-04	-2.446e-02	5.594e-02 -3.3772990703582764	1.0
chr6_109532243_A_G_b38	2	1.11948e-04	-1.358e-02	5.922e-02 -3.6031105518341056	1.0
chr6_109529845_G_C_b38	2	1.11088e-04	-1.214e-02	5.950e-02 -3.610837459564209	1.0
chr6_109521459_CAAG_C_b38	2	1.07501e-04	-1.103e-02	5.943e-02 -3.61149201965648	1.0
chr6_109539657_C_T_b38	2	9.27397e-05	-7.736e-02	3.589e-02 2.02074251151526	1.0
chr6_109535932_C_T_b38	2	8.75067e-05	7.885e-02	2.898e-02 -3.025689110381798	1.0
chr6_109548281_A_G_b38	2	7.83826e-05	7.740e-02	2.894e-02 -3.04172420501709	1.0
chr6_109579892_T_C_b38	2	7.34526e-05	7.821e-02	2.967e-02 -3.0986545085906982	1.0
chr6_109561395_A_T_b38	2	7.32065e-05	7.648e-02	2.892e-02 -3.0463733673095703	1.0
chr6_109544487_G_T_b38	2	6.91082e-05	7.557e-02	2.886e-02 -3.0699822902679443	1.0
chr6_109566522_C_T_b38	2	6.77108e-05	7.539e-02	2.890e-02 -3.050584316253662	1.0
chr6_109560528_G_T_b38	2	6.65251e-05	7.518e-02	2.892e-02 -3.049187660217285	1.0
chr6_109556737_G_T_b38	2	6.57662e-05	7.506e-02	2.891e-02 -3.043818950653076	1.0
chr6_109615928_T_TA_b38	2	6.10093e-05	9.427e-02	2.914e-02 -3.025689110381798	1.0
chr6_109557312_A_G_b38	2	5.18036e-05	7.213e-02	2.896e-02 -3.0317614078521733	1.0
chr6_109552074_G_T_b38	2	4.94606e-05	7.110e-02	2.887e-02 -3.0448718070983887	1.0
chr6_109580965_A_G_b38	2	4.64557e-05	7.161e-02	2.955e-02 -3.1014130115509038	1.0
chr6_109625022_T_C_b38	2	2.92680e-05	8.547e-02	2.883e-02 -3.045529842376709	1.0
chr6_109564956_C_T_b38	2	2.82341e-05	6.476e-02	2.942e-02 -3.639461994171143	1.0
chr6_109580304_G_T_b38	2	2.78200e-05	6.456e-02	2.944e-02 -3.635330200195313	1.0
chr6_109540371_T_C_b38	2	2.78200e-05	6.456e-02	2.944e-02 -3.626379013061523	1.0
chr6_109590644_T_G_b38	2	2.56632e-05	8.480e-02	2.910e-02 -3.0440514087677	1.0
chr6_109677082_C_T_b38	2	2.49857e-05	-8.445e-02	2.910e-02 2.995990753173828	1.0
chr6_109540512_G_T_b38	2	2.08402e-05	6.033e-02	2.990e-02 -3.650269031524658	1.0
chr6_109574892_T_G_b38	2	1.90360e-05	5.755e-02	2.935e-02 -3.63533353805542	1.0
chr6_109559248_G_A_b38	2	1.87883e-05	5.724e-02	2.933e-02 -3.6176252365112314	1.0
chr6_109582204_A_C_b38	2	1.84795e-05	5.697e-02	2.936e-02 -3.6364133358001713	1.0
chr6_109534980_A_C_b38	2	1.84795e-05	5.697e-02	2.936e-02 -3.61149201965648	1.0
chr6_109568444_T_G_b38	2	1.82100e-05	5.677e-02	2.943e-02 -3.61149201965648	1.0
chr6_109575105_G_A_b38	2	1.76907e-05	5.723e-02	3.003e-02 -3.353681802749634	1.0
chr6_109640302_T_C_b38	2	1.70953e-05	7.929e-02	2.884e-02 -3.0476675033569336	1.0
chr6_109711025_G_C_b38	2	1.69989e-05	-7.730e-02	2.819e-02 3.0752549171447754	1.0
chr6_109556459_T_C_b38	2	1.67089e-05	5.540e-02	2.977e-02 -3.6139402389526367	1.0
chr6_109573802_T_G_b38	2	1.67089e-05	5.540e-02	2.977e-02 -3.617997646331787	1.0
chr6_109551847_C_G_b38	2	1.67089e-05	5.540e-02	2.977e-02 -3.613793849945069	1.0
chr6_109560198_C_A_b38	2	1.66713e-05	5.534e-02	2.976e-02 -3.6227931976318364	1.0
chr6_109561529_T_G_b38	2	1.65366e-05	5.521e-02	2.979e-02 -3.5987813472747803	1.0
chr6_109669616_A_G_b38	2	1.60115e-05	8.029e-02	2.959e-02 -3.0422780513763428	1.0
chr6_109724944_T_G_b38	2	1.53197e-05	-7.506e-02	2.793e-02 3.0528490543365483	1.0
