chr16_28806466_A_G_b38	1	7.55044e-02	-5.237e-01	9.639e-02 4.597358014775767	1.0
chr16_28811719_AT_A_b38	1	7.24827e-02	-5.222e-01	9.503e-02 4.829955517777101	1.0
chr16_28824359_T_TG_b38	1	7.01891e-02	-5.419e-01	9.554e-02 4.727654197928438	1.0
chr16_28811776_A_G_b38	1	6.01657e-02	-5.293e-01	9.703e-02 4.58457088470459	1.0
chr16_28806716_C_T_b38	1	4.56253e-02	-4.921e-01	9.299e-02 4.616292707433787	1.0
chr16_28814284_G_A_b38	1	3.27319e-02	-5.222e-01	9.502e-02 4.6896700859069815	1.0
chr16_28813779_T_C_b38	1	3.27319e-02	-5.222e-01	9.502e-02 4.710051536560059	1.0
chr16_28820038_T_C_b38	1	3.27319e-02	-5.222e-01	9.502e-02 4.656623363494873	1.0
chr16_28816177_T_C_b38	1	3.27319e-02	-5.222e-01	9.502e-02 4.676398754119873	1.0
chr16_28821061_C_T_b38	1	3.27319e-02	-5.222e-01	9.502e-02 4.644862651824951	1.0
chr16_28817513_A_C_b38	1	3.27319e-02	-5.222e-01	9.502e-02 4.6659746170043945	1.0
chr16_28821776_A_G_b38	1	3.27319e-02	-5.222e-01	9.502e-02 4.664557933807373	1.0
chr16_28821978_C_A_b38	1	3.27319e-02	-5.222e-01	9.502e-02 4.6660237312316895	1.0
chr16_28814632_A_G_b38	1	3.27319e-02	-5.222e-01	9.502e-02 4.784398078918457	1.0
chr16_28814456_C_T_b38	1	3.27319e-02	-5.222e-01	9.502e-02 4.686375617980957	1.0
chr16_28814545_T_G_b38	1	3.27319e-02	-5.222e-01	9.502e-02 4.6845221519470215	1.0
chr16_28814099_C_T_b38	1	3.27319e-02	-5.222e-01	9.502e-02 4.692818641662598	1.0
chr16_28826194_T_C_b38	1	2.89255e-02	-4.934e-01	9.029e-02 4.791548252105713	1.0
chr16_28813364_T_C_b38	1	2.71691e-02	-5.294e-01	9.702e-02 4.628300189971924	1.0
chr16_28814986_A_G_b38	1	2.71691e-02	-5.294e-01	9.702e-02 4.596590995788574	1.0
chr16_28824884_T_C_b38	1	2.09307e-02	-5.053e-01	9.379e-02 4.695525169372559	1.0
chr16_28825882_T_G_b38	1	1.77658e-02	-5.128e-01	9.580e-02 4.627640247344972	1.0
chr16_28846324_A_G_b38	1	9.90579e-03	-4.938e-01	9.017e-02 4.7448320388793945	1.0
chr16_28826585_A_G_b38	1	8.36155e-03	-4.892e-01	9.451e-02 4.654665946960449	1.0
chr16_28835925_T_C_b38	1	7.01260e-03	-4.900e-01	9.082e-02 4.6335296630859375	1.0
chr16_28829060_A_G_b38	1	6.08443e-03	-5.133e-01	9.567e-02 4.618673801422119	1.0
chr16_28831704_C_T_b38	1	2.89197e-03	-4.896e-01	9.414e-02 4.762086868286133	1.0
chr16_28850560_C_T_b38	1	2.89197e-03	-4.896e-01	9.414e-02 4.759631633758545	1.0
chr16_28828609_G_T_b38	1	2.89197e-03	-4.896e-01	9.414e-02 4.761205673217773	1.0
chr16_28832963_A_G_b38	1	2.89197e-03	-4.896e-01	9.414e-02 4.762404918670653	1.0
chr16_28840056_C_CCT_b38	1	2.89197e-03	-4.896e-01	9.414e-02 4.751405368738884	1.0
chr16_28835828_G_C_b38	1	2.89197e-03	-4.896e-01	9.414e-02 4.763314247131348	1.0
chr16_28828104_T_C_b38	1	2.89197e-03	-4.896e-01	9.414e-02 4.759911060333252	1.0
chr16_28833044_G_A_b38	1	2.89197e-03	-4.896e-01	9.414e-02 4.762444972991943	1.0
chr16_28837497_A_G_b38	1	2.89197e-03	-4.896e-01	9.414e-02 4.73388147354126	1.0
chr16_28843448_A_G_b38	1	2.89197e-03	-4.896e-01	9.414e-02 4.764166355133057	1.0
chr16_28835519_T_G_b38	1	2.89197e-03	-4.896e-01	9.414e-02 4.7583112716674805	1.0
chr16_28831797_A_G_b38	1	2.89197e-03	-4.896e-01	9.414e-02 4.762145042419434	1.0
chr16_28844406_A_G_b38	1	2.89197e-03	-4.896e-01	9.414e-02 4.764166355133057	1.0
chr16_28833930_G_A_b38	1	2.89197e-03	-4.896e-01	9.414e-02 4.7540717124938965	1.0
chr16_28835545_G_A_b38	1	2.89197e-03	-4.896e-01	9.414e-02 4.760306358337402	1.0
chr16_28842675_A_C_b38	1	2.89197e-03	-4.896e-01	9.414e-02 4.769271373748778	1.0
chr16_28850413_A_C_b38	1	2.89197e-03	-4.896e-01	9.414e-02 4.753746509552002	1.0
chr16_28851566_TCTC_T_b38	1	2.89197e-03	-4.896e-01	9.414e-02 4.6128629212206285	1.0
chr16_28833706_TGATCAGGG_T_b38	1	2.89197e-03	-4.896e-01	9.414e-02 4.807157182399466	1.0
chr16_28848481_A_G_b38	1	2.89197e-03	-4.896e-01	9.414e-02 4.759815216064453	1.0
chr16_28844201_G_C_b38	1	2.89197e-03	-4.896e-01	9.414e-02 4.764490604400635	1.0
chr16_28828071_G_A_b38	1	2.53318e-03	-4.980e-01	9.629e-02 4.666350364685059	1.0
chr16_28837347_T_C_b38	1	2.53318e-03	-4.980e-01	9.629e-02 4.678417682647705	1.0
chr16_28831263_G_GGTTGT_b38	1	2.53318e-03	-4.980e-01	9.629e-02 4.797456463333959	1.0
chr16_28830456_C_T_b38	1	2.53318e-03	-4.980e-01	9.629e-02 4.691431999206543	1.0
chr16_28828414_C_G_b38	1	2.53318e-03	-4.980e-01	9.629e-02 4.672612190246582	1.0
chr16_28839050_T_G_b38	1	2.32572e-03	-4.826e-01	9.447e-02 4.606668472290039	1.0
chr16_28848862_G_A_b38	1	2.11271e-03	-4.871e-01	9.499e-02 4.761242389678955	1.0
chr16_28848916_C_G_b38	1	2.11271e-03	-4.871e-01	9.499e-02 4.769036769866943	1.0
chr16_28853352_T_C_b38	1	1.02208e-03	-4.896e-01	9.414e-02 4.751155376434326	1.0
chr16_28878810_C_A_b38	1	1.02208e-03	-4.896e-01	9.414e-02 4.75865650177002	1.0
chr16_28860532_C_T_b38	1	1.02208e-03	-4.896e-01	9.414e-02 4.757922172546387	1.0
chr16_28854571_C_T_b38	1	1.02208e-03	-4.896e-01	9.414e-02 4.750993251800537	1.0
chr16_28863801_T_G_b38	1	1.02208e-03	-4.896e-01	9.414e-02 4.754942893981934	1.0
chr16_28871920_A_G_b38	1	1.02208e-03	-4.896e-01	9.414e-02 4.778187274932861	1.0
chr16_28878386_CA_C_b38	1	1.02208e-03	-4.896e-01	9.414e-02 4.751405368738884	1.0
chr16_28864161_A_G_b38	1	1.02208e-03	-4.896e-01	9.414e-02 4.754942893981934	1.0
chr16_28863883_A_T_b38	1	1.02208e-03	-4.896e-01	9.414e-02 4.754942893981934	1.0
chr16_28880144_C_T_b38	1	1.02208e-03	-4.896e-01	9.414e-02 4.761641025543213	1.0
chr16_28883809_A_G_b38	1	1.02208e-03	-4.896e-01	9.414e-02 4.746848583221436	1.0
chr16_28856483_C_T_b38	1	1.02208e-03	-4.896e-01	9.414e-02 4.730142593383789	1.0
chr16_28882211_A_G_b38	1	1.02208e-03	-4.896e-01	9.414e-02 4.7756009101867685	1.0
chr16_28863226_C_G_b38	1	1.02208e-03	-4.896e-01	9.414e-02 4.752842426300049	1.0
chr16_28868163_A_G_b38	1	1.02208e-03	-4.896e-01	9.414e-02 4.776955604553223	1.0
chr16_28871103_T_C_b38	1	1.02208e-03	-4.896e-01	9.414e-02 4.748736381530762	1.0
chr16_28860539_A_G_b38	1	1.02208e-03	-4.896e-01	9.414e-02 4.756631851196289	1.0
chr16_28859275_A_G_b38	1	1.02208e-03	-4.896e-01	9.414e-02 4.756631851196289	1.0
chr16_28862077_G_A_b38	1	1.02208e-03	-4.896e-01	9.414e-02 4.773350238800049	1.0
chr16_28860668_A_G_b38	1	1.02208e-03	-4.896e-01	9.414e-02 4.756631851196289	1.0
chr16_28853721_T_C_b38	1	1.02208e-03	-4.896e-01	9.414e-02 4.76512336730957	1.0
chr16_28861277_T_C_b38	1	1.02208e-03	-4.896e-01	9.414e-02 4.756631851196289	1.0
chr16_28882088_T_C_b38	1	1.02208e-03	-4.896e-01	9.414e-02 4.751405368738884	1.0
chr16_28878165_C_A_b38	1	1.02208e-03	-4.896e-01	9.414e-02 4.7571702003479	1.0
chr16_28869881_A_C_b38	1	1.02208e-03	-4.896e-01	9.414e-02 4.751357078552246	1.0
chr16_28859641_G_A_b38	1	8.95257e-04	-4.980e-01	9.629e-02 4.663372039794922	1.0
chr16_28872520_C_T_b38	1	8.95257e-04	-4.980e-01	9.629e-02 4.665939331054688	1.0
chr16_28882403_ACT_A_b38	1	8.95257e-04	-4.980e-01	9.629e-02 4.724427770285539	1.0
chr16_28854595_G_A_b38	1	8.95257e-04	-4.980e-01	9.629e-02 4.675166606903076	1.0
chr16_28861033_G_C_b38	1	8.95257e-04	-4.980e-01	9.629e-02 4.676772594451903	1.0
chr16_28878376_C_CT_b38	1	8.95257e-04	-4.980e-01	9.629e-02 4.724427770285539	1.0
chr16_28874338_C_T_b38	1	8.95257e-04	-4.980e-01	9.629e-02 4.675802707672119	1.0
chr16_28882250_T_C_b38	1	8.95257e-04	-4.980e-01	9.629e-02 4.69024658203125	1.0
chr16_28860336_C_A_b38	1	8.95257e-04	-4.980e-01	9.629e-02 4.676825523376465	1.0
chr16_28874610_T_C_b38	1	7.78587e-04	-4.782e-01	9.322e-02 4.751148223876953	1.0
chr16_28802481_TAGAA_T_b38	2	8.09079e-02	5.884e-01	2.604e-01 -1.5140748608282024	1.0
chr16_28818967_G_C_b38	2	4.39284e-03	4.891e-01	1.874e-01 -1.831189513206482	1.0
chr16_28826697_T_C_b38	2	3.45794e-03	4.928e-01	1.968e-01 -1.6891233921051023	1.0
chr16_28850303_G_C_b38	2	3.86343e-04	4.893e-01	1.968e-01 -1.8793200254440308	1.0
chr16_28812434_G_A_b38	3	1.27782e-02	5.080e-01	1.284e-01 -3.8580307960510254	1.0
chr16_28824579_G_A_b38	3	9.36173e-04	4.407e-01	1.606e-01 -3.74255108833313	1.0
chr16_28845498_C_T_b38	3	3.06145e-04	5.103e-01	1.208e-01 -3.7604596614837646	1.0
chr16_28834263_C_T_b38	3	1.58360e-04	5.066e-01	1.120e-01 -3.645940542221069	1.0
chr16_28857143_C_T_b38	3	5.82847e-05	5.165e-01	1.123e-01 -3.747547864913941	1.0
chr16_28860645_T_C_b38	3	1.63435e-05	5.014e-01	1.180e-01 -3.935580015182495	1.0
chr16_28861467_C_G_b38	3	1.63435e-05	5.014e-01	1.180e-01 -3.904269218444824	1.0
chr16_28877088_C_T_b38	3	1.63435e-05	5.014e-01	1.180e-01 -3.9509313106536874	1.0
