chr1_1025970_C_T_b38	1	2.77248e-01	-2.426e-01	4.035e-02 4.899555206298828	1.0
chr1_1026084_G_T_b38	1	2.59941e-01	-2.424e-01	4.041e-02 4.9952473640441895	1.0
chr1_1025561_G_C_b38	1	2.36008e-01	-2.439e-01	4.093e-02 4.948414325714111	1.0
chr1_1024462_C_T_b38	1	1.17360e-01	-2.444e-01	4.571e-02 4.806737899780273	1.0
chr1_1032846_C_A_b38	1	4.47415e-02	-2.394e-01	4.155e-02 4.911103248596191	1.0
chr1_1020217_G_T_b38	1	2.53661e-02	-2.110e-01	4.573e-02 5.076198032657913	1.0
chr1_1023351_A_G_b38	1	1.88117e-02	-2.197e-01	4.356e-02 5.470728874206543	1.0
chr1_1023525_A_G_b38	1	8.94261e-03	-2.124e-01	4.272e-02 5.489717960357666	1.0
chr1_1021740_G_C_b38	1	6.70890e-03	-2.186e-01	4.692e-02 4.96895694732666	1.0
chr1_1018652_C_G_b38	1	2.38788e-03	-2.065e-01	4.604e-02 5.1021037101745605	1.0
chr1_1018754_G_A_b38	1	2.38788e-03	-2.065e-01	4.604e-02 5.116892337799072	1.0
chr1_1018298_T_C_b38	2	7.18290e-01	-3.022e-01	5.319e-02 1.8397525548934937	1.0
chr1_1017844_C_T_b38	2	2.22832e-01	-2.938e-01	5.383e-02 2.3554675754963115	1.0
chr1_1017803_A_AGT_b38	2	5.85842e-02	-2.764e-01	5.281e-02 2.232963527970229	1.0
chr1_1020947_C_T_b38	3	1.54982e-01	2.460e-01	8.325e-02 1.212529182434082	1.0
chr1_1009470_A_T_b38	3	8.88699e-03	2.196e-01	7.843e-02 0.6653729081153871	1.0
chr1_1016965_C_T_b38	4	2.08207e-02	3.675e-01	1.053e-01 -1.308619737625122	1.0
chr1_1012429_G_C_b38	4	1.34473e-02	3.690e-01	1.053e-01 -1.100408673286438	1.0
chr1_1009969_G_A_b38	4	6.66259e-03	3.692e-01	1.052e-01 -0.9981581568717957	1.0
chr1_1027958_G_A_b38	4	5.24210e-03	3.182e-01	9.804e-02 -1.459065079689026	1.0
chr1_1001107_C_G_b38	4	4.72112e-03	3.519e-01	1.035e-01 -0.9256693720817566	1.0
chr1_1044368_A_T_b38	4	3.84318e-04	2.596e-01	1.019e-01 -1.5314736366271973	1.0
chr1_1019790_G_A_b38	5	9.78421e-04	-7.720e-02	7.155e-02 1.8669220089989071	1.0
