chr22_39076172_C_A_b38	1	7.79333e-01	-5.448e-01	2.786e-02 -5.979542255401611	1.0
chr22_39085388_C_G_b38	1	1.09448e-01	-5.463e-01	2.513e-02 -6.231611251831055	1.0
chr22_39084255_A_G_b38	1	2.08406e-02	-5.444e-01	2.491e-02 -6.177570343017577	1.0
chr22_39084254_C_T_b38	1	2.08406e-02	-5.444e-01	2.491e-02 -6.2098493576049805	1.0
chr22_39086018_C_A_b38	1	1.72913e-02	-5.416e-01	2.518e-02 -6.200907707214356	1.0
chr22_39085855_C_G_b38	1	1.72913e-02	-5.416e-01	2.518e-02 -6.18969202041626	1.0
chr22_39085890_G_A_b38	1	1.72913e-02	-5.416e-01	2.518e-02 -6.189650535583496	1.0
chr22_39083348_T_A_b38	1	8.51998e-03	-5.470e-01	2.378e-02 -6.149724006652832	1.0
chr22_39084692_A_G_b38	1	8.51998e-03	-5.470e-01	2.378e-02 -6.121216297149657	1.0
chr22_39076560_G_C_b38	2	2.19645e-01	-1.384e-01	4.746e-02 -1.1372401461158188	1.0
chr22_39071317_T_C_b38	2	3.50744e-02	-1.038e-01	2.968e-02 0.9460304379463196	1.0
chr22_39095374_C_T_b38	2	5.40127e-03	1.320e-01	4.571e-02 1.5285110737979082	1.0
chr22_39092476_G_A_b38	2	3.82395e-03	1.281e-01	4.641e-02 1.2944988012313845	1.0
chr22_39074218_G_A_b38	2	3.64784e-03	-1.079e-01	4.856e-02 -1.5277242660522459	1.0
chr22_39075546_A_T_b38	3	4.51777e-03	-1.161e-01	4.502e-02 -2.8217339515686035	1.0
chr22_39074322_T_C_b38	3	3.40806e-03	-1.208e-01	4.523e-02 -2.816756248474121	1.0
chr22_39081706_G_GC_b38	3	3.08517e-03	-1.166e-01	4.511e-02 -2.5221516770124124	1.0
chr22_39086804_G_A_b38	3	2.53905e-03	-1.012e-01	3.605e-02 -3.4833867549896236	1.0
chr22_39172766_C_T_b38	3	1.80415e-03	-1.439e-01	4.005e-02 -2.5463218688964844	1.0
chr22_39088173_C_G_b38	3	1.62208e-03	-1.052e-01	3.623e-02 -3.5320870876312256	1.0
chr22_39077842_A_G_b38	3	1.34192e-03	-7.060e-02	4.468e-02 -2.692649602890014	1.0
chr22_39079754_C_G_b38	3	1.33891e-03	-1.009e-01	4.524e-02 -2.7197930812835693	1.0
chr22_39083100_C_G_b38	3	1.28921e-03	-1.106e-01	4.482e-02 -2.65412974357605	1.0
chr22_39084256_C_T_b38	3	1.28921e-03	-1.106e-01	4.482e-02 -2.629212617874145	1.0
chr22_39083347_G_A_b38	3	1.28921e-03	-1.106e-01	4.482e-02 -2.654288053512573	1.0
chr22_39094963_G_A_b38	3	1.20676e-03	-1.020e-01	3.646e-02 -3.5351154804229736	1.0
chr22_39099208_T_C_b38	3	1.18210e-03	-1.022e-01	3.656e-02 -3.44512152671814	1.0
chr22_39099507_G_A_b38	3	1.18210e-03	-1.022e-01	3.656e-02 -3.449875593185425	1.0
chr22_39099110_G_A_b38	3	1.18210e-03	-1.022e-01	3.656e-02 -3.4961550235748287	1.0
chr22_39085657_C_T_b38	3	8.27505e-04	-1.008e-01	4.477e-02 -2.589423418045044	1.0
chr22_39086366_C_G_b38	3	8.27505e-04	-1.008e-01	4.477e-02 -2.6535439491271973	1.0
chr22_39086023_G_A_b38	3	8.27505e-04	-1.008e-01	4.477e-02 -2.590988874435425	1.0
chr22_39086262_C_T_b38	3	8.19208e-04	-1.011e-01	4.500e-02 -2.598608016967773	1.0
chr22_39176953_T_G_b38	3	8.15259e-04	-1.315e-01	4.000e-02 -1.955693602561951	1.0
chr22_39170463_T_C_b38	3	7.28328e-04	-1.288e-01	3.911e-02 -2.511667251586914	1.0
chr22_39170238_T_A_b38	3	7.28328e-04	-1.288e-01	3.911e-02 -2.5560994148254395	1.0
chr22_39174909_G_A_b38	3	5.97520e-04	-1.541e-01	4.821e-02 -2.67703914642334	1.0
chr22_39087915_C_CCCCACCCTCACTCACAGAGCCCCG_b38	3	5.91070e-04	-9.846e-02	3.865e-02 -3.5794699655859383	1.0
chr22_39090588_T_C_b38	3	5.61905e-04	-9.211e-02	3.606e-02 -3.482873916625977	1.0
chr22_39098233_C_T_b38	3	5.47559e-04	-9.453e-02	3.722e-02 -3.143533945083618	1.0
chr22_39081653_C_T_b38	3	4.69426e-04	-8.095e-02	4.685e-02 -2.649869203567505	1.0
chr22_39086622_G_A_b38	3	4.66675e-04	-9.185e-02	4.481e-02 -2.594367027282715	1.0
chr22_39170554_C_T_b38	3	4.21503e-04	-1.256e-01	3.946e-02 -2.5057029724121094	1.0
chr22_39089207_C_T_b38	3	4.12505e-04	-8.957e-02	3.735e-02 -3.5608956813812256	1.0
chr22_39164335_C_G_b38	3	3.67128e-04	-1.476e-01	4.808e-02 -4.081286430358887	1.0
chr22_39171784_C_G_b38	3	3.60994e-04	-1.301e-01	4.184e-02 -2.8912675380706787	1.0
chr22_39100897_C_T_b38	3	3.57593e-04	-7.493e-02	3.051e-02 -2.9415245056152344	1.0
chr22_39100658_A_G_b38	3	3.57593e-04	-7.493e-02	3.051e-02 -2.9554471969604488	1.0
chr22_39055896_C_T_b38	3	3.55352e-04	-1.330e-01	6.322e-02 -3.1076734066009517	1.0
chr22_39169542_C_T_b38	3	3.37748e-04	-1.463e-01	4.804e-02 -3.579677104949951	1.0
chr22_39176593_G_A_b38	3	3.14479e-04	-1.357e-01	4.451e-02 -2.292116641998291	1.0
chr22_39100739_G_A_b38	3	3.12290e-04	-7.275e-02	3.038e-02 -2.9656999111175537	1.0
chr22_39093346_G_T_b38	3	3.09885e-04	-8.348e-02	3.682e-02 -3.486849308013916	1.0
chr22_39170826_G_A_b38	3	3.06972e-04	-1.192e-01	3.879e-02 -2.508913278579712	1.0
chr22_39170924_C_A_b38	3	3.06972e-04	-1.192e-01	3.879e-02 -2.500521659851074	1.0
chr22_39176884_C_T_b38	3	2.97989e-04	-1.327e-01	4.369e-02 -2.437405824661255	1.0
chr22_39110197_G_A_b38	3	2.83988e-04	-8.376e-02	3.024e-02 -2.988600254058838	1.0
chr22_39097351_C_T_b38	3	2.83687e-04	-7.259e-02	3.112e-02 -2.549121141433716	1.0
chr22_39084210_C_T_b38	3	2.78410e-04	-8.026e-02	4.666e-02 -2.4934711456298833	1.0
chr22_39096646_C_T_b38	3	2.72751e-04	-8.238e-02	3.721e-02 -3.170641660690308	1.0
chr22_39097289_T_C_b38	3	2.32741e-04	-6.990e-02	3.133e-02 -2.50535249710083	1.0
chr22_39089098_G_T_b38	3	2.31042e-04	-9.124e-02	4.489e-02 -2.580472230911255	1.0
chr22_39089456_G_A_b38	3	2.31042e-04	-9.124e-02	4.489e-02 -2.570951223373413	1.0
chr22_39088320_G_T_b38	3	2.31042e-04	-9.124e-02	4.489e-02 -2.5748636722564697	1.0
chr22_39097246_T_A_b38	3	2.16986e-04	-6.913e-02	3.153e-02 -2.5188815593719482	1.0
chr22_39088915_C_G_b38	3	2.13270e-04	-7.474e-02	3.592e-02 -3.565703630447388	1.0
chr22_39100823_C_T_b38	3	1.91983e-04	-7.319e-02	3.557e-02 -3.455883502960205	1.0
chr22_39172667_G_C_b38	3	1.87813e-04	-1.231e-01	4.323e-02 -2.8848650455474854	1.0
chr22_39170723_G_A_b38	3	1.83535e-04	-1.197e-01	4.199e-02 -2.8830602169036865	1.0
chr22_39102474_TCTC_T_b38	3	1.52832e-04	-7.568e-02	3.025e-02 -2.843125384213228	1.0
chr22_39113154_C_G_b38	3	1.29762e-04	-8.502e-02	3.678e-02 -3.4903149604797363	1.0
chr22_39116566_C_T_b38	3	1.29762e-04	-8.502e-02	3.678e-02 -3.637678861618042	1.0
chr22_39104791_AAAC_A_b38	3	1.15267e-04	-8.271e-02	3.665e-02 -3.642423064322653	1.0
chr22_39102694_C_T_b38	3	1.04329e-04	-8.003e-02	3.616e-02 -3.6232514381408687	1.0
chr22_39174225_G_A_b38	3	1.01440e-04	-1.152e-01	4.455e-02 -2.654017210006714	1.0
chr22_39157325_A_G_b38	3	8.54624e-05	-1.261e-01	5.151e-02 -4.24002742767334	1.0
chr22_39062044_G_A_b38	3	8.37502e-05	-5.813e-02	4.253e-02 -2.3358025550842285	1.0
chr22_39114856_G_A_b38	3	8.23230e-05	-7.474e-02	3.560e-02 -3.524624347686768	1.0
chr22_39003049_C_CA_b38	4	1.02504e-03	9.999e-02	2.388e-02 -2.8379309924467284	1.0
chr22_38977252_T_C_b38	4	4.40085e-04	-8.080e-02	1.984e-02 3.0141866207122803	1.0
chr22_38975879_G_A_b38	4	2.07888e-04	-8.658e-02	1.968e-02 3.0086800755516943	1.0
chr22_39013440_C_T_b38	4	1.94279e-04	8.633e-02	2.266e-02 -1.070245385169983	1.0
chr22_38976974_T_C_b38	4	4.69431e-05	-8.606e-02	2.050e-02 2.8401345807617653	1.0
chr22_38976010_T_C_b38	4	2.85904e-05	-8.586e-02	2.111e-02 3.303805003440788	1.0
