chr14_39325226_T_TC_b38	1	2.05477e-01	1.953e-01	3.475e-02 4.686710179633679	1.0
chr14_39272898_T_C_b38	1	1.31343e-01	1.747e-01	3.507e-02 4.998217105865479	1.0
chr14_39273330_G_A_b38	1	8.78744e-02	1.720e-01	3.515e-02 4.996405601501465	1.0
chr14_39273826_G_A_b38	1	8.41246e-02	1.718e-01	3.518e-02 5.0010647773742685	1.0
chr14_39285389_C_T_b38	1	5.25751e-02	1.724e-01	3.497e-02 4.8302273461677965	1.0
chr14_39288253_G_C_b38	1	5.22130e-02	1.725e-01	3.499e-02 4.978221416473389	1.0
chr14_39264272_T_C_b38	1	4.80350e-02	-1.615e-01	3.566e-02 -4.540886402130127	1.0
chr14_39262922_T_C_b38	1	4.80350e-02	-1.615e-01	3.566e-02 -4.513221067121509	1.0
chr14_39264156_G_C_b38	1	4.57188e-02	-1.608e-01	3.566e-02 -4.5453290939331055	1.0
chr14_39325239_TG_T_b38	1	4.27319e-02	1.875e-01	3.516e-02 4.582399791640642	1.0
chr14_39253478_G_A_b38	1	3.29625e-02	-1.710e-01	3.518e-02 -4.48234224319458	1.0
chr14_39293165_A_C_b38	1	2.12785e-02	1.741e-01	3.493e-02 4.920538425445557	1.0
chr14_39255846_A_T_b38	1	2.00322e-02	-1.638e-01	3.555e-02 -4.505548000335693	1.0
chr14_39255670_T_C_b38	1	2.00322e-02	-1.638e-01	3.555e-02 -4.5222816467285165	1.0
chr14_39301525_G_A_b38	1	1.75859e-02	1.733e-01	3.499e-02 4.746093273162842	1.0
chr14_39260193_T_A_b38	1	1.49149e-02	-1.617e-01	3.563e-02 -4.522484302520752	1.0
chr14_39289363_C_T_b38	1	1.47949e-02	1.650e-01	3.524e-02 4.911740303039551	1.0
chr14_39304778_T_G_b38	1	1.45105e-02	1.726e-01	3.515e-02 4.741382598876953	1.0
chr14_39256536_G_A_b38	1	1.26569e-02	-1.603e-01	3.567e-02 -4.507070541381836	1.0
chr14_39311258_C_T_b38	1	1.18842e-02	1.707e-01	3.507e-02 4.725381851196289	1.0
chr14_39335600_A_G_b38	1	6.46423e-03	1.734e-01	3.496e-02 4.571396350860597	1.0
chr14_39299455_G_A_b38	1	3.46816e-03	1.605e-01	3.496e-02 4.736238479614258	1.0
chr14_39326003_T_G_b38	1	3.21900e-03	1.685e-01	3.509e-02 4.545772075653076	1.0
chr14_39322624_CA_C_b38	1	2.83509e-03	1.678e-01	3.504e-02 4.773381515848248	1.0
chr14_39234120_A_G_b38	1	2.58964e-03	-1.577e-01	3.506e-02 -4.371430397033691	1.0
chr14_39326039_A_G_b38	1	1.35370e-03	-1.624e-01	3.570e-02 -4.31262731552124	1.0
chr14_39223814_T_G_b38	1	1.05646e-03	1.477e-01	3.515e-02 3.767183780670166	1.0
chr14_39325528_C_T_b38	1	1.51663e-04	1.373e-01	3.460e-02 4.876608848571777	1.0
chr14_39265896_A_C_b38	2	9.41614e-01	-7.252e-01	1.170e-01 0.0	1.0
chr14_39247798_A_G_b38	2	5.81333e-02	-7.357e-01	1.189e-01 0.0	1.0
chr14_39323826_C_T_b38	3	9.99268e-01	7.714e-01	1.182e-01 0.0	1.0
chr14_39265269_G_A_b38	4	1.76798e-02	1.215e-01	8.251e-02 2.188469409942627	1.0
chr14_39354657_T_A_b38	4	1.63991e-03	1.980e-01	6.437e-02 2.861227567556995	1.0
chr14_39243783_T_C_b38	4	7.35213e-04	1.238e-01	6.915e-02 2.9654886722564697	1.0
chr14_39250494_G_A_b38	4	7.35213e-04	1.238e-01	6.915e-02 2.9886579513549805	1.0
chr14_39242555_T_C_b38	4	7.35213e-04	1.238e-01	6.915e-02 2.947997570037842	1.0
chr14_39246138_C_T_b38	4	6.71343e-04	1.199e-01	6.896e-02 2.957077980041504	1.0
chr14_39246343_C_CG_b38	4	5.76025e-04	1.132e-01	6.866e-02 3.0829092940810767	1.0
chr14_39251619_C_T_b38	4	5.76025e-04	1.132e-01	6.866e-02 2.968318223953247	1.0
chr14_39241189_C_T_b38	4	5.76025e-04	1.132e-01	6.866e-02 2.935566663742065	1.0
chr14_39242897_C_T_b38	4	5.76025e-04	1.132e-01	6.866e-02 2.947208404541016	1.0
chr14_39252154_A_G_b38	4	5.76025e-04	1.132e-01	6.866e-02 2.968437671661377	1.0
chr14_39246582_A_G_b38	4	5.76025e-04	1.132e-01	6.866e-02 2.95884370803833	1.0
chr14_39247604_T_C_b38	4	5.76025e-04	1.132e-01	6.866e-02 3.0455915927886963	1.0
chr14_39356981_C_T_b38	4	3.44816e-04	1.719e-01	6.822e-02 2.708280324935913	1.0
chr14_39362408_A_G_b38	4	2.26231e-04	1.604e-01	6.777e-02 2.758556604385376	1.0
chr14_39355296_G_A_b38	4	2.26231e-04	1.604e-01	6.777e-02 2.7804908752441406	1.0
chr14_39355461_A_G_b38	4	2.26231e-04	1.604e-01	6.777e-02 2.861227567556995	1.0
chr14_39362113_C_T_b38	4	2.26231e-04	1.604e-01	6.777e-02 2.7589211463928223	1.0
chr14_39357787_T_G_b38	4	2.26231e-04	1.604e-01	6.777e-02 2.861227567556995	1.0
chr14_39224794_G_T_b38	4	1.52682e-04	1.186e-01	6.900e-02 3.0088140964508057	1.0
chr14_39220970_A_G_b38	4	1.52682e-04	1.186e-01	6.900e-02 2.9875895977020264	1.0
chr14_39222872_A_T_b38	4	1.52682e-04	1.186e-01	6.900e-02 2.943675994873047	1.0
chr14_39226861_A_G_b38	4	1.52682e-04	1.186e-01	6.900e-02 3.0292143821716313	1.0
chr14_39223448_T_C_b38	4	1.52682e-04	1.186e-01	6.900e-02 2.966403722763061	1.0
chr14_39220358_C_T_b38	4	1.52682e-04	1.186e-01	6.900e-02 2.986788511276245	1.0
chr14_39217275_A_G_b38	4	8.09206e-05	1.084e-01	6.862e-02 3.097370386123657	1.0
chr14_39359206_C_T_b38	4	7.40131e-05	1.473e-01	6.854e-02 2.768256187438965	1.0
chr14_39346046_TTTC_T_b38	4	6.06287e-05	1.402e-01	6.827e-02 3.018881519157827	1.0
chr14_39305333_G_A_b38	4	2.94769e-05	9.033e-02	8.206e-02 2.133074998855591	1.0
chr14_39219888_C_T_b38	4	2.63755e-05	7.612e-02	8.364e-02 2.1008899211883545	1.0
chr14_39364990_T_G_b38	4	2.59786e-05	1.236e-01	6.593e-02 2.733270168304444	1.0
chr14_39353920_T_G_b38	4	2.59786e-05	1.236e-01	6.593e-02 2.803225040435791	1.0
