chr19_10643142_TGCCCCTCTCTG_T_b38	1	3.46012e-01	4.442e-01	2.938e-01 -5.8576518038539405	1.0
chr19_10636164_C_T_b38	1	8.03854e-02	1.674e-01	3.880e-01 -5.626986503601074	1.0
chr19_10632920_C_T_b38	1	8.03854e-02	1.674e-01	3.880e-01 -5.663676261901856	1.0
chr19_10640375_G_C_b38	1	8.03854e-02	1.674e-01	3.880e-01 -5.656087398529053	1.0
chr19_10637619_C_T_b38	1	8.03854e-02	1.674e-01	3.880e-01 -5.637073993682861	1.0
chr19_10641210_T_C_b38	1	8.03854e-02	1.674e-01	3.880e-01 -5.654139041900635	1.0
chr19_10640318_T_G_b38	1	8.03854e-02	1.674e-01	3.880e-01 -5.655530452728272	1.0
chr19_10647666_G_A_b38	1	7.71277e-02	2.647e-02	3.060e-01 -6.1348938941955575	1.0
chr19_10641576_A_G_b38	1	4.71030e-02	2.637e-02	3.233e-01 -5.632308006286621	1.0
chr19_10629519_C_G_b38	1	4.68326e-02	2.506e-02	3.161e-01 -5.624851703643799	1.0
chr19_10647643_C_T_b38	2	8.95969e-01	5.864e-01	4.081e-01 -10.363646507263184	1.0
chr19_10659298_T_C_b38	2	2.77448e-02	1.577e-01	2.469e-02 -10.369582176208496	1.0
chr19_10656122_A_C_b38	2	1.74053e-02	1.523e-01	2.483e-02 -10.384356498718262	1.0
chr19_10649305_G_C_b38	2	1.35251e-02	2.763e-01	3.090e-01 -7.927272319793701	1.0
chr19_10654238_G_A_b38	2	7.94947e-03	1.465e-01	2.425e-02 -7.972928524017334	1.0
chr19_10654191_C_G_b38	2	7.94947e-03	1.465e-01	2.425e-02 -7.842124924724574	1.0
chr19_10653527_G_T_b38	2	7.94947e-03	1.465e-01	2.425e-02 -7.972738265991211	1.0
chr19_10647777_G_A_b38	2	5.69660e-03	1.544e-01	2.388e-02 -7.9398560523986825	1.0
chr19_10659616_A_G_b38	2	5.09123e-03	1.545e-01	2.478e-02 -10.351603507995604	1.0
chr19_10645555_TG_T_b38	2	4.55418e-03	1.545e-01	2.404e-02 -7.668780837649927	1.0
chr19_10698094_C_T_b38	2	1.97642e-03	1.568e-01	2.465e-02 -10.287129402160645	1.0
chr19_10683073_A_G_b38	2	1.97642e-03	1.568e-01	2.465e-02 -10.36802577972412	1.0
chr19_10645392_C_CTG_b38	2	1.60101e-03	1.497e-01	2.481e-02 -10.427086046733985	1.0
chr19_10668087_A_T_b38	3	3.63068e-01	-8.794e-01	1.781e-01 -7.625316440932817	1.0
chr19_10655143_C_T_b38	3	4.75406e-02	-3.396e-01	1.129e-01 -7.965973854064941	1.0
chr19_10645756_G_A_b38	3	2.96981e-02	-3.459e-01	1.075e-01 -7.978095531463622	1.0
chr19_10667497_G_A_b38	3	2.93857e-02	-4.770e-01	1.326e-01 -7.66562195730565	1.0
chr19_10662009_G_C_b38	3	1.72890e-02	-3.395e-01	1.130e-01 -7.980886936187744	1.0
chr19_10660107_A_G_b38	3	1.72890e-02	-3.395e-01	1.130e-01 -7.950620174407959	1.0
chr19_10634131_C_T_b38	3	1.64175e-02	-2.356e-01	7.411e-02 -7.563530590356783	1.0
chr19_10643724_A_G_b38	3	1.09470e-02	-3.172e-01	1.033e-01 -8.024934768676758	1.0
chr19_10649331_G_A_b38	3	9.63883e-03	-1.771e-01	6.815e-02 -7.9277424812316895	1.0
chr19_10638560_T_C_b38	3	7.36812e-03	-2.704e-01	9.327e-02 -8.141904830932617	1.0
chr19_10638144_T_C_b38	3	7.36812e-03	-2.704e-01	9.327e-02 -8.144495010375978	1.0
chr19_10657114_G_A_b38	3	2.93552e-03	-1.897e-01	8.252e-02 -7.940490245819093	1.0
chr19_10660701_G_C_b38	3	1.64153e-03	-1.897e-01	8.253e-02 -7.928599834442139	1.0
chr19_10644229_G_T_b38	3	1.63030e-03	-2.441e-01	8.748e-02 -10.513225555419922	1.0
chr19_10640062_T_G_b38	3	1.41478e-03	-2.385e-01	9.546e-02 -8.127537727355957	1.0
chr19_10670113_A_G_b38	3	8.43274e-04	-1.897e-01	8.253e-02 -7.9105753898620605	1.0
chr19_10684117_C_T_b38	3	6.82072e-04	-5.177e-01	1.800e-01 -7.913937568664551	1.0
chr19_10683954_G_T_b38	3	6.64649e-04	-2.766e-01	1.053e-01 -7.9091596603393555	1.0
chr19_10635088_T_C_b38	3	6.59204e-04	-1.742e-01	6.583e-02 -10.429762840270996	1.0
chr19_10648766_G_A_b38	3	5.53628e-04	-1.525e-01	9.288e-02 -7.973217487335205	1.0
chr19_10655483_G_C_b38	4	5.77128e-03	-1.316e-01	6.306e-02 4.74605655670166	1.0
chr19_10613999_C_A_b38	4	4.27874e-03	-1.984e-01	6.383e-02 5.100283145904541	1.0
chr19_10577477_A_G_b38	4	3.06704e-04	-1.635e-01	6.278e-02 4.8818679111641226	1.0
