chr16_20701216_G_A_b38	1	9.12279e-02	6.108e-01	1.163e-01 -5.746412754058838	1.0
chr16_20682872_A_C_b38	1	9.12263e-02	6.481e-01	1.141e-01 -5.719094753265381	1.0
chr16_20686546_G_T_b38	1	7.57889e-02	6.556e-01	1.144e-01 -5.792033672332764	1.0
chr16_20682745_G_A_b38	1	7.57889e-02	6.556e-01	1.144e-01 -5.722541332244872	1.0
chr16_20702711_T_C_b38	1	5.66430e-02	6.108e-01	1.163e-01 -5.748621463775635	1.0
chr16_20701515_A_G_b38	1	5.66430e-02	6.108e-01	1.163e-01 -5.745314121246338	1.0
chr16_20693919_A_G_b38	1	5.58620e-02	6.188e-01	1.175e-01 -5.776247501373291	1.0
chr16_20708305_A_G_b38	1	3.42688e-02	6.110e-01	1.162e-01 -5.751543521881104	1.0
chr16_20707617_G_A_b38	1	3.42688e-02	6.110e-01	1.162e-01 -5.75166130065918	1.0
chr16_20704396_C_T_b38	1	3.42666e-02	6.110e-01	1.162e-01 -5.75069522857666	1.0
chr16_20723198_A_C_b38	1	1.98195e-02	6.117e-01	1.160e-01 -5.729426497295791	1.0
chr16_20714713_C_T_b38	1	1.98195e-02	6.117e-01	1.160e-01 -5.752299785614014	1.0
chr16_20713764_G_A_b38	1	1.98195e-02	6.117e-01	1.160e-01 -5.7493228912353525	1.0
chr16_20716844_C_T_b38	1	1.85859e-02	6.068e-01	1.149e-01 -5.753797054290772	1.0
chr16_20721812_G_A_b38	1	1.85859e-02	6.068e-01	1.149e-01 -5.754739284515381	1.0
chr16_20718377_G_A_b38	1	1.85859e-02	6.068e-01	1.149e-01 -5.754739284515381	1.0
chr16_20720999_C_T_b38	1	1.85859e-02	6.068e-01	1.149e-01 -5.776583671569824	1.0
chr16_20719691_C_T_b38	1	1.85859e-02	6.068e-01	1.149e-01 -5.754111289978027	1.0
chr16_20688694_G_A_b38	1	1.50591e-02	6.200e-01	1.171e-01 -5.763261318206787	1.0
chr16_20732832_T_C_b38	1	5.89660e-03	6.081e-01	1.144e-01 -5.775097846984862	1.0
chr16_20735782_C_T_b38	1	5.89660e-03	6.081e-01	1.144e-01 -5.7741570472717285	1.0
chr16_20734109_CAAATAA_C_b38	1	5.89660e-03	6.081e-01	1.144e-01 -5.71863214445887	1.0
chr16_20744340_A_G_b38	1	5.89660e-03	6.081e-01	1.144e-01 -5.7426209449768075	1.0
chr16_20746268_T_C_b38	1	5.89660e-03	6.081e-01	1.144e-01 -5.7711524963378915	1.0
chr16_20730863_T_G_b38	1	5.89660e-03	6.081e-01	1.144e-01 -5.767874717712402	1.0
chr16_20734917_G_C_b38	1	5.89660e-03	6.081e-01	1.144e-01 -5.7741570472717285	1.0
chr16_20748226_C_T_b38	1	5.89660e-03	6.081e-01	1.144e-01 -5.77111291885376	1.0
chr16_20729195_C_T_b38	1	5.89660e-03	6.081e-01	1.144e-01 -5.767040729522705	1.0
chr16_20747111_C_A_b38	1	5.89660e-03	6.081e-01	1.144e-01 -5.771107196807861	1.0
chr16_20732077_A_G_b38	1	5.89660e-03	6.081e-01	1.144e-01 -5.766214370727539	1.0
chr16_20724064_G_A_b38	1	5.89660e-03	6.081e-01	1.144e-01 -5.71863214445887	1.0
chr16_20728935_C_T_b38	1	5.89660e-03	6.081e-01	1.144e-01 -5.763766765594482	1.0
chr16_20744328_G_A_b38	1	5.89660e-03	6.081e-01	1.144e-01 -5.7417659759521475	1.0
chr16_20737009_C_A_b38	1	5.89660e-03	6.081e-01	1.144e-01 -5.693838596343994	1.0
chr16_20758925_TG_T_b38	1	2.39049e-03	6.178e-01	1.080e-01 -5.71863214445887	1.0
chr16_20762442_G_A_b38	1	2.39049e-03	6.178e-01	1.080e-01 -5.774864673614503	1.0
chr16_20765709_C_T_b38	1	2.39049e-03	6.178e-01	1.080e-01 -5.7724480628967285	1.0
chr16_20771956_A_G_b38	1	2.39049e-03	6.178e-01	1.080e-01 -5.771686553955077	1.0
chr16_20778993_T_C_b38	1	2.39049e-03	6.178e-01	1.080e-01 -5.759718418121338	1.0
chr16_20769872_C_A_b38	1	2.39049e-03	6.178e-01	1.080e-01 -5.757298946380615	1.0
chr16_20760208_C_G_b38	1	2.39049e-03	6.178e-01	1.080e-01 -5.7724480628967285	1.0
chr16_20766610_C_T_b38	1	2.39049e-03	6.178e-01	1.080e-01 -5.772549152374268	1.0
chr16_20768940_C_T_b38	1	2.39049e-03	6.178e-01	1.080e-01 -5.772627830505371	1.0
chr16_20769064_C_T_b38	1	2.39049e-03	6.178e-01	1.080e-01 -5.772627830505371	1.0
chr16_20757441_A_G_b38	1	2.39049e-03	6.178e-01	1.080e-01 -5.732311724807787	1.0
chr16_20761922_T_C_b38	1	2.39049e-03	6.178e-01	1.080e-01 -5.7713727951049805	1.0
chr16_20774394_T_C_b38	1	2.39049e-03	6.178e-01	1.080e-01 -5.753583908081055	1.0
chr16_20757111_G_A_b38	1	2.39049e-03	6.178e-01	1.080e-01 -5.3853578153256745	1.0
chr16_20772694_A_C_b38	1	2.39049e-03	6.178e-01	1.080e-01 -5.770997047424316	1.0
chr16_20757836_T_C_b38	1	2.39049e-03	6.178e-01	1.080e-01 -5.731039137962902	1.0
chr16_20779366_A_G_b38	1	2.39049e-03	6.178e-01	1.080e-01 -5.762199878692628	1.0
chr16_20756419_G_A_b38	1	2.39049e-03	6.178e-01	1.080e-01 -5.71863214445887	1.0
chr16_20776623_A_G_b38	1	2.39049e-03	6.178e-01	1.080e-01 -5.764412879943848	1.0
chr16_20754422_T_C_b38	1	2.39049e-03	6.178e-01	1.080e-01 -5.772918701171875	1.0
chr16_20783177_A_T_b38	1	2.39049e-03	6.178e-01	1.080e-01 -5.7620811462402335	1.0
chr16_20771051_G_A_b38	1	2.39049e-03	6.178e-01	1.080e-01 -5.772666931152344	1.0
chr16_20793497_TTAAGG_T_b38	1	2.39049e-03	6.178e-01	1.080e-01 -5.71863214445887	1.0
chr16_20778013_G_A_b38	1	2.39049e-03	6.178e-01	1.080e-01 -5.76363468170166	1.0
chr16_20778773_C_T_b38	1	2.39049e-03	6.178e-01	1.080e-01 -5.774153709411621	1.0
chr16_20763597_G_A_b38	1	2.39049e-03	6.178e-01	1.080e-01 -5.772700309753418	1.0
chr16_20757646_G_T_b38	1	2.39049e-03	6.178e-01	1.080e-01 -5.795709558336028	1.0
chr16_20762240_C_T_b38	1	2.39049e-03	6.178e-01	1.080e-01 -5.7713727951049805	1.0
chr16_20757110_T_C_b38	1	2.39049e-03	6.178e-01	1.080e-01 -5.1789286607987455	1.0
chr16_20776448_G_A_b38	1	2.39049e-03	6.178e-01	1.080e-01 -5.765634536743164	1.0
chr16_20761786_T_G_b38	1	2.39049e-03	6.178e-01	1.080e-01 -5.771137237548827	1.0
chr16_20770625_T_G_b38	1	2.39049e-03	6.178e-01	1.080e-01 -5.772862911224365	1.0
chr16_20761087_C_T_b38	1	2.39049e-03	6.178e-01	1.080e-01 -5.772408962249756	1.0
chr16_20781807_A_T_b38	1	2.39049e-03	6.178e-01	1.080e-01 -5.761246681213379	1.0
chr16_20781592_A_C_b38	1	2.39049e-03	6.178e-01	1.080e-01 -5.761246681213379	1.0
chr16_20749101_T_C_b38	1	1.82330e-03	6.203e-01	1.076e-01 -5.771073818206787	1.0
chr16_20750482_C_T_b38	1	1.82330e-03	6.203e-01	1.076e-01 -5.770995616912843	1.0
chr16_20601493_G_A_b38	2	3.68285e-02	4.241e-01	1.058e-01 -0.8977795839309692	1.0
chr16_20678493_C_T_b38	2	1.16178e-02	3.766e-01	1.290e-01 -1.3660093545913696	1.0
chr16_20677181_G_A_b38	2	8.10677e-03	3.433e-01	1.213e-01 -1.3869662284851074	1.0
chr16_20657736_T_G_b38	2	7.44773e-03	3.861e-01	1.267e-01 -1.4580705165863037	1.0
chr16_20661306_T_C_b38	2	7.30434e-03	3.840e-01	1.262e-01 -1.4630987644195557	1.0
chr16_20673204_T_C_b38	2	7.09207e-03	3.783e-01	1.236e-01 -1.7364238500595093	1.0
chr16_20665627_C_CT_b38	2	6.29544e-03	3.597e-01	1.199e-01 -1.6953997750804135	1.0
chr16_20654226_C_T_b38	2	6.29544e-03	3.597e-01	1.199e-01 -1.487179160118103	1.0
chr16_20653924_C_CA_b38	2	6.19150e-03	3.485e-01	1.155e-01 -1.3386392368001796	1.0
chr16_20664279_G_A_b38	2	5.87183e-03	3.517e-01	1.171e-01 -1.7846463918685913	1.0
chr16_20655460_C_T_b38	2	5.65518e-03	3.495e-01	1.171e-01 -1.4740134477615356	1.0
chr16_20668208_C_A_b38	2	5.65518e-03	3.495e-01	1.171e-01 -1.787251353263855	1.0
chr16_20656439_G_A_b38	2	5.65518e-03	3.495e-01	1.171e-01 -1.4672709703445437	1.0
chr16_20606519_G_A_b38	2	2.96363e-03	3.853e-01	1.191e-01 -1.3524580001831057	1.0
chr16_20602668_C_T_b38	2	2.43831e-03	3.795e-01	1.189e-01 -1.310662865638733	1.0
chr16_20610370_G_A_b38	2	2.43831e-03	3.795e-01	1.189e-01 -1.3988124132156372	1.0
chr16_20642462_G_A_b38	2	2.07451e-03	3.841e-01	1.264e-01 -1.493082046508789	1.0
chr16_20635566_T_C_b38	2	1.31197e-03	3.584e-01	1.209e-01 -1.2793236970901491	1.0
chr16_20643347_G_C_b38	2	9.59685e-04	3.356e-01	1.152e-01 -1.2786694765090942	1.0
chr16_20613313_G_T_b38	2	9.59685e-04	3.356e-01	1.152e-01 -1.4103548526763916	1.0
chr16_20603159_C_A_b38	2	9.03070e-04	3.581e-01	1.228e-01 -1.3401352167129517	1.0
chr16_20605430_T_G_b38	2	9.03070e-04	3.581e-01	1.228e-01 -1.3532520532608032	1.0
chr16_20599827_T_C_b38	2	9.03070e-04	3.581e-01	1.228e-01 -1.32871413230896	1.0
chr16_20616411_A_G_b38	2	4.17702e-04	3.154e-01	1.188e-01 -1.3605166673660278	1.0
chr16_20598108_A_G_b38	2	3.37240e-04	4.072e-01	1.233e-01 -1.459418773651123	1.0
chr16_20608131_T_A_b38	2	2.83763e-04	3.271e-01	1.273e-01 -1.3456411361694336	1.0
chr16_20598624_G_A_b38	2	8.51885e-05	3.784e-01	1.184e-01 -1.2964634895324707	1.0
chr16_20597281_T_C_b38	2	4.13841e-05	3.638e-01	1.140e-01 -1.2933248281478882	1.0
chr16_20699008_G_A_b38	3	4.70586e-04	3.860e-03	1.010e-01 -0.9623575806617736	1.0
