chr3_53069246_A_G_b38	1	1.90103e-01	-5.839e-01	7.049e-02 -13.881878852844238	1.0
chr3_53077688_T_C_b38	1	7.89451e-02	-5.806e-01	7.152e-02 -13.59041976928711	1.0
chr3_53086082_C_T_b38	1	3.20131e-02	-5.548e-01	7.173e-02 -13.640409469604492	1.0
chr3_53097814_G_A_b38	1	3.20131e-02	-5.548e-01	7.173e-02 -13.67325210571289	1.0
chr3_53087260_A_G_b38	1	3.20131e-02	-5.548e-01	7.173e-02 -13.646478652954102	1.0
chr3_53084723_C_T_b38	1	3.20131e-02	-5.548e-01	7.173e-02 -13.558876991271973	1.0
chr3_53081144_A_C_b38	1	3.20131e-02	-5.548e-01	7.173e-02 -13.599953651428224	1.0
chr3_53086908_C_T_b38	1	3.20131e-02	-5.548e-01	7.173e-02 -13.592022895812988	1.0
chr3_53091906_T_C_b38	1	3.20131e-02	-5.548e-01	7.173e-02 -13.639695167541506	1.0
chr3_53092127_G_A_b38	1	3.20131e-02	-5.548e-01	7.173e-02 -13.63979434967041	1.0
chr3_53097756_T_C_b38	1	3.20131e-02	-5.548e-01	7.173e-02 -13.689935684204102	1.0
chr3_53088354_A_G_b38	1	3.20131e-02	-5.548e-01	7.173e-02 -13.603474617004395	1.0
chr3_53088953_G_A_b38	1	3.20131e-02	-5.548e-01	7.173e-02 -13.590194702148438	1.0
chr3_53097813_T_C_b38	1	3.20131e-02	-5.548e-01	7.173e-02 -13.489463829524105	1.0
chr3_53088242_G_A_b38	1	3.20131e-02	-5.548e-01	7.173e-02 -13.597429275512695	1.0
chr3_53085687_G_A_b38	1	3.20131e-02	-5.548e-01	7.173e-02 -13.616494178771973	1.0
chr3_53089257_A_G_b38	1	3.20131e-02	-5.548e-01	7.173e-02 -13.634042739868164	1.0
chr3_53093119_AC_A_b38	1	3.20131e-02	-5.548e-01	7.173e-02 -13.331704404516444	1.0
chr3_53096897_C_A_b38	1	3.20131e-02	-5.548e-01	7.173e-02 -13.68012523651123	1.0
chr3_53089470_G_A_b38	1	3.20131e-02	-5.548e-01	7.173e-02 -13.602137565612793	1.0
chr3_53093661_G_T_b38	1	2.91637e-02	-5.537e-01	7.176e-02 -13.672418594360352	1.0
chr3_53091569_T_C_b38	1	2.70204e-02	-5.598e-01	7.267e-02 -13.619251251220705	1.0
chr3_53088241_T_C_b38	1	2.70204e-02	-5.598e-01	7.267e-02 -13.580663681030273	1.0
chr3_53075336_A_G_b38	1	2.28276e-02	-5.597e-01	7.105e-02 -13.396279335021973	1.0
chr3_53082835_C_T_b38	1	1.40869e-02	-5.406e-01	7.138e-02 -12.729955673217773	1.0
chr3_53069780_G_T_b38	1	1.07973e-02	-5.548e-01	7.173e-02 -13.727946281433105	1.0
chr3_53069139_C_T_b38	1	5.99702e-03	-5.493e-01	7.209e-02 -13.9041166305542	1.0
chr3_53073553_G_A_b38	1	5.99702e-03	-5.493e-01	7.209e-02 -13.612900733947756	1.0
chr3_53072031_T_C_b38	1	3.04009e-03	-5.486e-01	7.326e-02 -13.424982070922852	1.0
chr3_53130510_G_C_b38	2	1.12149e-02	-9.731e-02	1.583e-01 -5.244544506072998	1.0
