chr3_113126328_A_G_b38	1	5.65511e-01	7.698e-01	9.196e-02 6.3313822746276855	1.0
chr3_113148632_C_G_b38	1	1.00434e-01	7.606e-01	9.724e-02 6.319723606109619	1.0
chr3_113156013_A_T_b38	1	1.00434e-01	7.606e-01	9.724e-02 6.39143705368042	1.0
chr3_113139037_T_G_b38	1	4.21051e-02	7.606e-01	9.724e-02 6.358561992645264	1.0
chr3_113120486_G_A_b38	1	3.82874e-02	7.406e-01	9.462e-02 6.412208080291747	1.0
chr3_113110314_G_C_b38	1	2.22611e-02	6.379e-01	8.039e-02 7.067592144012451	1.0
chr3_113110595_G_A_b38	1	2.22611e-02	6.379e-01	8.039e-02 7.088467121124268	1.0
chr3_113110550_T_C_b38	1	2.22611e-02	6.379e-01	8.039e-02 7.078154563903809	1.0
chr3_113112977_T_G_b38	1	2.19591e-02	7.214e-01	9.057e-02 6.435315132141112	1.0
chr3_113110410_A_G_b38	1	1.65890e-02	7.143e-01	9.037e-02 6.290415287017822	1.0
chr3_113112709_C_G_b38	1	9.91926e-03	7.395e-01	9.478e-02 6.448193550109862	1.0
chr3_113111284_CACCTCCTCTGGGG_C_b38	1	9.91926e-03	7.395e-01	9.478e-02 6.242646854361862	1.0
chr3_113106726_A_G_b38	1	7.81740e-03	6.275e-01	8.125e-02 7.173404216766357	1.0
chr3_113112296_C_T_b38	1	4.83215e-03	6.986e-01	9.129e-02 6.443435192108153	1.0
chr3_113166172_C_T_b38	2	1.20426e-01	5.912e-01	1.691e-01 2.413696050643921	1.0
chr3_113162200_G_A_b38	2	4.56307e-02	6.185e-01	1.814e-01 1.8520296812057493	1.0
chr3_113163633_C_A_b38	2	3.70280e-02	6.873e-01	2.104e-01 1.9321107864379885	1.0
chr3_113158650_A_G_b38	3	2.91868e-03	-5.552e-01	2.043e-01 -4.225222110748291	1.0
chr3_113166083_T_C_b38	3	1.27569e-03	-3.210e-01	1.663e-01 -2.1417360305786133	1.0
chr3_113181184_G_C_b38	3	6.34183e-04	-3.666e-01	1.508e-01 -2.2982914447784424	1.0
chr3_113182875_A_G_b38	3	6.34183e-04	-3.666e-01	1.508e-01 -2.280906438827514	1.0
chr3_113181082_T_A_b38	3	6.34183e-04	-3.666e-01	1.508e-01 -2.3644177913665767	1.0
chr3_113180769_C_T_b38	3	6.34183e-04	-3.666e-01	1.508e-01 -2.189595460891724	1.0
