chr10_77830146_C_T_b38	1	1.02671e-01	3.106e-01	4.025e-02 -8.830945014953613	1.0
chr10_77892637_C_T_b38	1	9.63193e-02	3.030e-01	3.907e-02 -8.764455795288086	1.0
chr10_77885312_C_A_b38	1	6.06129e-02	3.026e-01	4.033e-02 -8.691559791564941	1.0
chr10_77877951_C_T_b38	1	6.06129e-02	3.026e-01	4.033e-02 -8.678683280944824	1.0
chr10_77834996_T_TCACCAC_b38	1	4.77186e-02	3.087e-01	4.048e-02 -8.829068952493405	1.0
chr10_77839743_A_G_b38	1	4.77186e-02	3.087e-01	4.048e-02 -8.80770492553711	1.0
chr10_77890593_G_C_b38	1	4.76149e-02	2.979e-01	3.944e-02 -8.712006568908691	1.0
chr10_77878233_T_C_b38	1	3.55265e-02	2.990e-01	4.091e-02 -8.631449699401855	1.0
chr10_77889895_G_T_b38	1	2.56851e-02	2.940e-01	3.972e-02 -8.736328125	1.0
chr10_77876403_C_T_b38	1	1.80475e-02	3.029e-01	4.008e-02 -8.653303464051273	1.0
chr10_77857627_T_G_b38	1	1.80475e-02	3.029e-01	4.008e-02 -8.705421447753906	1.0
chr10_77863620_C_G_b38	1	1.80475e-02	3.029e-01	4.008e-02 -8.698579788208008	1.0
chr10_77857890_G_A_b38	1	1.80475e-02	3.029e-01	4.008e-02 -8.70661449432373	1.0
chr10_77875510_GAGA_G_b38	1	1.80475e-02	3.029e-01	4.008e-02 -8.793658024350194	1.0
chr10_77843930_T_C_b38	1	1.80475e-02	3.029e-01	4.008e-02 -8.69902515411377	1.0
chr10_77874049_G_A_b38	1	1.80475e-02	3.029e-01	4.008e-02 -8.666033744812013	1.0
chr10_77866037_T_C_b38	1	1.80475e-02	3.029e-01	4.008e-02 -8.682849884033201	1.0
chr10_77857753_C_G_b38	1	1.80475e-02	3.029e-01	4.008e-02 -8.703885078430176	1.0
chr10_77859644_A_G_b38	1	1.80475e-02	3.029e-01	4.008e-02 -8.704154014587402	1.0
chr10_77866189_G_A_b38	1	1.80475e-02	3.029e-01	4.008e-02 -8.681097030639647	1.0
chr10_77787210_G_A_b38	1	1.64215e-02	3.111e-01	3.993e-02 -8.935487747192383	1.0
chr10_77798422_T_C_b38	1	1.64215e-02	3.111e-01	3.993e-02 -8.956694602966309	1.0
chr10_77788059_CTG_C_b38	1	1.64215e-02	3.111e-01	3.993e-02 -8.937480273244445	1.0
chr10_77819493_G_A_b38	1	1.64215e-02	3.111e-01	3.993e-02 -9.001121520996094	1.0
chr10_77822865_C_A_b38	1	1.64215e-02	3.111e-01	3.993e-02 -8.881950378417969	1.0
chr10_77789289_A_G_b38	1	1.28768e-02	3.042e-01	3.997e-02 -8.909104347229004	1.0
chr10_77798373_G_C_b38	1	1.28768e-02	3.042e-01	3.997e-02 -8.940465927124023	1.0
chr10_77811350_C_T_b38	1	1.28768e-02	3.042e-01	3.997e-02 -8.879545211791992	1.0
chr10_77814320_G_A_b38	1	1.28768e-02	3.042e-01	3.997e-02 -8.938409805297852	1.0
chr10_77817650_G_C_b38	1	1.28768e-02	3.042e-01	3.997e-02 -8.97962474822998	1.0
chr10_77820343_C_T_b38	1	1.28768e-02	3.042e-01	3.997e-02 -8.937480273244445	1.0
chr10_77836917_A_G_b38	1	9.56316e-03	2.796e-01	4.288e-02 -8.578071594238281	1.0
chr10_77781211_T_C_b38	1	8.65303e-03	3.079e-01	4.055e-02 -8.93112564086914	1.0
chr10_77780830_T_C_b38	1	8.65303e-03	3.079e-01	4.055e-02 -8.933004379272461	1.0
chr10_77836272_T_G_b38	1	7.77957e-03	2.947e-01	4.140e-02 -8.794523239135742	1.0
chr10_77835038_A_T_b38	1	7.77957e-03	2.947e-01	4.140e-02 -8.697190284729004	1.0
chr10_77772173_G_A_b38	1	5.67464e-03	3.082e-01	4.191e-02 -8.933816909790039	1.0
chr10_77778207_C_T_b38	1	5.67464e-03	3.082e-01	4.191e-02 -8.978815078735352	1.0
chr10_77772822_G_A_b38	1	5.67464e-03	3.082e-01	4.191e-02 -8.928728103637695	1.0
chr10_77865724_C_T_b38	1	5.50747e-03	2.951e-01	4.103e-02 -8.680319786071777	1.0
chr10_77801045_C_G_b38	1	4.60909e-03	2.692e-01	4.272e-02 -8.79139518737793	1.0
chr10_77818486_G_C_b38	1	4.48649e-03	2.934e-01	4.069e-02 -8.830986976623535	1.0
chr10_77783550_T_G_b38	1	4.34265e-03	2.964e-01	4.145e-02 -8.867931365966797	1.0
chr10_77806874_G_A_b38	1	4.09337e-03	2.905e-01	4.100e-02 -8.924918174743652	1.0
chr10_77805897_G_A_b38	1	4.09337e-03	2.905e-01	4.100e-02 -8.927404403686523	1.0
chr10_77834756_C_A_b38	1	3.72990e-03	2.869e-01	4.263e-02 -8.733725547790527	1.0
chr10_77897947_C_G_b38	1	3.67991e-03	2.910e-01	4.086e-02 -8.685145378112793	1.0
chr10_77831761_A_T_b38	1	3.20534e-03	2.882e-01	4.291e-02 -8.759721755981445	1.0
chr10_77774769_T_C_b38	1	3.05447e-03	3.043e-01	4.305e-02 -8.940328598022461	1.0
chr10_77769592_A_G_b38	1	2.44997e-03	3.022e-01	4.407e-02 -8.982606887817383	1.0
chr10_77769487_C_T_b38	1	2.44997e-03	3.022e-01	4.407e-02 -8.959589004516602	1.0
chr10_77769457_G_A_b38	1	2.44997e-03	3.022e-01	4.407e-02 -8.928790092468262	1.0
chr10_77776707_T_C_b38	1	2.09872e-03	2.937e-01	4.420e-02 -8.928213119506836	1.0
chr10_77806722_CT_C_b38	1	1.75409e-03	3.354e-01	4.705e-02 -8.641497938817277	1.0
chr10_77835173_C_T_b38	1	1.59576e-03	2.835e-01	4.362e-02 -8.755264282226562	1.0
chr10_77926075_G_A_b38	2	3.68647e-02	8.874e-02	5.404e-02 -8.033631324768066	1.0
chr10_77924837_GTCTC_G_b38	2	2.36006e-03	6.148e-02	5.793e-02 -7.891291898805367	1.0
chr10_77923477_C_T_b38	2	8.43196e-04	5.716e-02	5.679e-02 -7.973717212677003	1.0
chr10_77921749_C_T_b38	2	8.43196e-04	5.716e-02	5.679e-02 -7.971553325653076	1.0
chr10_77920641_G_A_b38	2	5.73710e-04	5.739e-02	5.669e-02 -7.998080730438232	1.0
chr10_77921724_G_C_b38	2	5.56580e-04	3.947e-02	5.379e-02 -7.9757819175720215	1.0
chr10_77923160_C_T_b38	2	5.56580e-04	3.947e-02	5.379e-02 -8.045387268066406	1.0
chr10_77936112_G_A_b38	2	5.21976e-04	5.568e-02	5.576e-02 -8.110607147216799	1.0
chr10_77920676_A_T_b38	2	2.25206e-04	3.126e-02	5.430e-02 -7.754176139831543	1.0
chr10_77941721_C_T_b38	2	6.49082e-05	6.357e-02	5.225e-02 -8.251161575317383	1.0
chr10_77941768_T_C_b38	2	6.49082e-05	6.357e-02	5.225e-02 -8.233880996704103	1.0
chr10_77941605_A_C_b38	2	6.49082e-05	6.357e-02	5.225e-02 -8.237204551696777	1.0
chr10_77938319_T_C_b38	2	6.49082e-05	6.357e-02	5.225e-02 -8.083566665649414	1.0
chr10_77943497_G_A_b38	2	6.49082e-05	6.357e-02	5.225e-02 -8.281546592712402	1.0
chr10_77905415_T_C_b38	2	5.48837e-05	6.517e-02	5.312e-02 -7.969326496124268	1.0
chr10_77926038_G_A_b38	3	7.29160e-04	-5.544e-02	3.765e-02 4.977203845977783	1.0
chr10_77924587_A_G_b38	3	8.36628e-05	-5.857e-02	3.723e-02 4.970067977905273	1.0
