chr5_96434391_C_G_b38	1	8.67011e-01	-2.116e-01	5.062e-02 4.117701053619385	1.0
chr5_96435023_A_C_b38	1	8.64323e-02	-1.937e-01	5.051e-02 4.057709693908691	1.0
chr5_96433143_A_G_b38	1	3.50642e-03	-1.720e-01	5.096e-02 4.0700016021728525	1.0
chr5_96366078_T_C_b38	2	1.26363e-01	-2.208e-01	4.288e-02 6.709348934075623	1.0
chr5_96360881_T_C_b38	2	1.18393e-01	-2.194e-01	4.263e-02 6.65845251083374	1.0
chr5_96359969_C_T_b38	2	7.38075e-02	-2.151e-01	4.263e-02 6.659407615661621	1.0
chr5_96384219_A_G_b38	2	6.15802e-02	-2.090e-01	4.361e-02 6.6806640625	1.0
chr5_96412259_TCTC_T_b38	2	5.64245e-02	-2.003e-01	4.413e-02 6.874437517885437	1.0
chr5_96384655_T_C_b38	2	4.27950e-02	-2.052e-01	4.355e-02 6.729365348815918	1.0
chr5_96374664_G_C_b38	2	4.11830e-02	-2.105e-01	4.270e-02 6.654348373413086	1.0
chr5_96387677_G_A_b38	2	3.61773e-02	-2.080e-01	4.496e-02 6.723874092102051	1.0
chr5_96391960_A_T_b38	2	3.28988e-02	-2.022e-01	4.403e-02 6.784952640533447	1.0
chr5_96360725_C_T_b38	2	3.26126e-02	-2.083e-01	4.273e-02 6.678972244262695	1.0
chr5_96367625_G_C_b38	2	2.64286e-02	-2.093e-01	4.320e-02 6.655745506286621	1.0
chr5_96392261_C_CAGA_b38	2	2.43474e-02	-1.986e-01	4.394e-02 6.698190353329214	1.0
chr5_96383972_T_C_b38	2	2.22627e-02	-2.105e-01	4.380e-02 6.6804542541503915	1.0
chr5_96382499_G_C_b38	2	2.12269e-02	-2.090e-01	4.361e-02 6.6689324378967285	1.0
chr5_96384100_A_G_b38	2	2.12269e-02	-2.090e-01	4.361e-02 6.715959072113037	1.0
chr5_96383142_G_C_b38	2	2.12269e-02	-2.090e-01	4.361e-02 6.680454254150392	1.0
chr5_96383963_G_C_b38	2	1.89915e-02	-2.091e-01	4.384e-02 6.687809944152832	1.0
chr5_96391471_A_G_b38	2	1.89788e-02	-1.967e-01	4.419e-02 6.765602111816406	1.0
chr5_96375200_A_C_b38	2	1.47540e-02	-2.052e-01	4.355e-02 6.639328002929688	1.0
chr5_96381736_T_C_b38	2	1.47540e-02	-2.052e-01	4.355e-02 6.6444435119628915	1.0
chr5_96373428_T_C_b38	2	1.45553e-02	-2.053e-01	4.363e-02 6.66792106628418	1.0
chr5_96207022_C_A_b38	2	1.38703e-02	-2.214e-01	4.347e-02 7.075920581817628	1.0
chr5_96388635_A_G_b38	2	1.33418e-02	-1.926e-01	4.404e-02 6.793736457824707	1.0
chr5_96393194_C_G_b38	2	1.26787e-02	-2.007e-01	4.562e-02 7.105418682098389	1.0
chr5_96393702_G_A_b38	2	1.24753e-02	-2.005e-01	4.560e-02 7.1034746170043945	1.0
chr5_96396865_A_T_b38	2	1.19894e-02	-2.004e-01	4.562e-02 7.0581955909729	1.0
chr5_96393270_G_C_b38	2	9.26098e-03	-1.957e-01	4.506e-02 7.130726337432861	1.0
chr5_96358905_C_G_b38	2	8.32385e-03	-2.112e-01	4.641e-02 6.757365703582764	1.0
chr5_96203744_C_T_b38	2	8.02201e-03	2.126e-01	4.250e-02 -6.902718544006348	1.0
chr5_96306815_T_G_b38	2	7.30548e-03	-2.174e-01	4.404e-02 6.794200897216798	1.0
chr5_96338562_C_T_b38	2	6.39185e-03	-1.967e-01	4.372e-02 6.424128532409668	1.0
chr5_96295001_C_G_b38	2	6.06620e-03	-2.138e-01	4.357e-02 6.789209842681885	1.0
chr5_96383590_C_T_b38	2	5.45492e-03	-1.944e-01	4.320e-02 6.663337230682372	1.0
chr5_96294521_A_T_b38	2	3.66698e-03	-2.054e-01	4.269e-02 6.715446472167969	1.0
chr5_96400853_C_T_b38	2	2.45237e-03	-1.783e-01	4.421e-02 6.980097573981952	1.0
chr5_96400857_G_T_b38	2	2.29705e-03	-1.771e-01	4.411e-02 6.980097573981952	1.0
chr5_96400855_A_T_b38	2	2.29705e-03	-1.771e-01	4.411e-02 6.980097573981952	1.0
chr5_96352838_A_G_b38	2	2.18910e-03	-1.868e-01	4.458e-02 6.748323917388916	1.0
chr5_96381018_A_G_b38	2	2.13158e-03	-1.874e-01	4.451e-02 6.69453763961792	1.0
chr5_96400856_G_GA_b38	2	2.01738e-03	-1.757e-01	4.413e-02 6.980097573981952	1.0
chr5_96357306_A_G_b38	2	1.75715e-03	-1.844e-01	4.452e-02 6.697888851165772	1.0
chr5_96353360_A_G_b38	2	1.75110e-03	-1.845e-01	4.427e-02 6.737844944000244	1.0
chr5_96378400_T_C_b38	2	1.67702e-03	-1.853e-01	4.488e-02 6.692533016204834	1.0
chr5_96434194_G_C_b38	3	8.12732e-03	-5.050e-04	6.156e-02 1.2756279706954956	1.0
chr5_96435591_G_A_b38	3	1.52018e-03	1.321e-04	6.138e-02 0.9500440955162048	1.0
