chr9_33691385_A_C_b38	1	5.37927e-02	1.379e+00	1.893e-01 5.397533893585205	1.0
chr9_33687631_C_T_b38	1	2.92855e-02	1.379e+00	1.891e-01 5.415943145751953	1.0
chr9_33687890_C_T_b38	1	2.92855e-02	1.379e+00	1.891e-01 5.404303550720215	1.0
chr9_33688471_T_A_b38	1	2.92855e-02	1.379e+00	1.891e-01 5.404181003570557	1.0
chr9_33686112_A_G_b38	1	2.92855e-02	1.379e+00	1.891e-01 5.404999732971191	1.0
chr9_33687193_A_G_b38	1	2.92855e-02	1.379e+00	1.891e-01 5.404942035675049	1.0
chr9_33687513_C_G_b38	1	2.92855e-02	1.379e+00	1.891e-01 5.404632568359375	1.0
chr9_33685837_C_T_b38	1	2.92855e-02	1.379e+00	1.891e-01 5.404870510101318	1.0
chr9_33677187_G_C_b38	1	1.75326e-02	1.382e+00	1.889e-01 5.659457708960471	1.0
chr9_33719797_T_C_b38	1	1.72047e-02	1.379e+00	1.891e-01 5.394933700561523	1.0
chr9_33710242_C_T_b38	1	1.72047e-02	1.379e+00	1.891e-01 5.394031524658203	1.0
chr9_33717760_A_T_b38	1	1.72047e-02	1.379e+00	1.891e-01 5.389977931976318	1.0
chr9_33716806_A_C_b38	1	1.72047e-02	1.379e+00	1.891e-01 5.397071361541748	1.0
chr9_33673794_A_G_b38	1	1.55500e-02	1.379e+00	1.890e-01 5.371113300323486	1.0
chr9_33680994_T_C_b38	1	1.55500e-02	1.379e+00	1.890e-01 5.396135330200195	1.0
chr9_33679602_ATG_A_b38	1	1.55500e-02	1.379e+00	1.890e-01 5.559627099234484	1.0
chr9_33672538_C_A_b38	1	1.55500e-02	1.379e+00	1.890e-01 5.369553565979004	1.0
chr9_33681811_G_A_b38	1	1.55500e-02	1.379e+00	1.890e-01 5.396006107330322	1.0
chr9_33677004_C_G_b38	1	1.55500e-02	1.379e+00	1.890e-01 5.559627099234484	1.0
chr9_33674503_C_T_b38	1	1.55500e-02	1.379e+00	1.890e-01 5.372222423553467	1.0
chr9_33676775_G_C_b38	1	1.55500e-02	1.379e+00	1.890e-01 5.40401029586792	1.0
chr9_33679778_G_A_b38	1	1.55500e-02	1.379e+00	1.890e-01 5.395086288452148	1.0
chr9_33681450_A_C_b38	1	1.55500e-02	1.379e+00	1.890e-01 5.559627099234484	1.0
chr9_33682141_A_C_b38	1	1.55500e-02	1.379e+00	1.890e-01 5.559627099234484	1.0
chr9_33677351_GT_G_b38	1	1.55500e-02	1.379e+00	1.890e-01 5.559627099234484	1.0
chr9_33685399_G_A_b38	1	1.55500e-02	1.379e+00	1.890e-01 5.4045891761779785	1.0
chr9_33672344_T_A_b38	1	1.55500e-02	1.379e+00	1.890e-01 5.559627099234484	1.0
chr9_33673937_C_T_b38	1	1.55500e-02	1.379e+00	1.890e-01 5.371345520019531	1.0
chr9_33683569_G_C_b38	1	1.55500e-02	1.379e+00	1.890e-01 5.394296646118164	1.0
chr9_33685273_C_T_b38	1	1.55500e-02	1.379e+00	1.890e-01 5.397703647613525	1.0
chr9_33678307_G_A_b38	1	1.55500e-02	1.379e+00	1.890e-01 5.3928422927856445	1.0
chr9_33673798_C_A_b38	1	1.55500e-02	1.379e+00	1.890e-01 5.371345520019531	1.0
chr9_33676175_C_T_b38	1	1.55500e-02	1.379e+00	1.890e-01 5.391792297363281	1.0
chr9_33683800_C_G_b38	1	1.55500e-02	1.379e+00	1.890e-01 5.397975444793701	1.0
chr9_33684949_T_C_b38	1	1.55500e-02	1.379e+00	1.890e-01 5.397858619689941	1.0
chr9_33679508_G_A_b38	1	1.55500e-02	1.379e+00	1.890e-01 5.393949508666992	1.0
chr9_33677182_A_G_b38	1	1.55500e-02	1.379e+00	1.890e-01 5.665510656475317	1.0
chr9_33677476_C_T_b38	1	1.55500e-02	1.379e+00	1.890e-01 5.397721767425537	1.0
chr9_33683742_T_C_b38	1	1.55500e-02	1.379e+00	1.890e-01 5.514179229736328	1.0
chr9_33677170_T_TC_b38	1	1.55500e-02	1.379e+00	1.890e-01 5.665510656475317	1.0
chr9_33677151_G_C_b38	1	1.55500e-02	1.379e+00	1.890e-01 5.665510656475317	1.0
chr9_33672393_T_C_b38	1	1.55500e-02	1.379e+00	1.890e-01 5.37071418762207	1.0
chr9_33677341_A_C_b38	1	1.55500e-02	1.379e+00	1.890e-01 5.404797554016113	1.0
chr9_33682137_C_CGT_b38	1	1.55500e-02	1.379e+00	1.890e-01 5.559627099234484	1.0
chr9_33679356_G_A_b38	1	1.55500e-02	1.379e+00	1.890e-01 5.393461227416992	1.0
chr9_33676829_G_T_b38	1	1.55500e-02	1.379e+00	1.890e-01 5.40401029586792	1.0
chr9_33680603_G_T_b38	1	1.55500e-02	1.379e+00	1.890e-01 5.3950605392456055	1.0
chr9_33667496_T_A_b38	1	5.65064e-03	1.380e+00	1.889e-01 5.559627099234484	1.0
chr9_33667639_G_A_b38	1	5.65064e-03	1.380e+00	1.889e-01 5.559627099234484	1.0
chr9_33667566_C_T_b38	1	5.65064e-03	1.380e+00	1.889e-01 5.559627099234484	1.0
chr9_33664734_C_G_b38	1	5.65064e-03	1.380e+00	1.889e-01 5.336063385009767	1.0
chr9_33666718_T_C_b38	1	5.65064e-03	1.380e+00	1.889e-01 5.3595805168151855	1.0
chr9_33663503_C_T_b38	1	5.65064e-03	1.380e+00	1.889e-01 5.382661819458008	1.0
chr9_33667157_T_C_b38	1	5.65064e-03	1.380e+00	1.889e-01 5.559627099234484	1.0
chr9_33662952_T_C_b38	1	5.65064e-03	1.380e+00	1.889e-01 5.465286731719972	1.0
chr9_33669386_A_G_b38	1	5.65064e-03	1.380e+00	1.889e-01 5.559627099234484	1.0
chr9_33662426_G_A_b38	1	5.65064e-03	1.380e+00	1.889e-01 5.386557102203369	1.0
chr9_33662787_A_C_b38	1	5.65064e-03	1.380e+00	1.889e-01 5.384422779083252	1.0
chr9_33662559_G_C_b38	1	5.65064e-03	1.380e+00	1.889e-01 5.381800651550293	1.0
chr9_33663770_T_G_b38	1	5.65064e-03	1.380e+00	1.889e-01 5.388913154602051	1.0
chr9_33662085_G_T_b38	1	5.65064e-03	1.380e+00	1.889e-01 5.3664512634277335	1.0
chr9_33662595_G_A_b38	1	5.65064e-03	1.380e+00	1.889e-01 5.391884803771973	1.0
chr9_33669651_A_G_b38	1	5.65064e-03	1.380e+00	1.889e-01 5.559627099234484	1.0
chr9_33669134_G_A_b38	1	5.65064e-03	1.380e+00	1.889e-01 5.559627099234484	1.0
chr9_33667282_G_A_b38	1	5.65064e-03	1.380e+00	1.889e-01 5.4720920529075245	1.0
chr9_33662916_C_G_b38	1	5.65064e-03	1.380e+00	1.889e-01 5.382455348968506	1.0
chr9_33721195_C_T_b38	1	4.86932e-03	1.381e+00	1.889e-01 5.393362045288086	1.0
chr9_33732649_C_G_b38	1	4.86932e-03	1.381e+00	1.889e-01 5.198183059692383	1.0
chr9_33684438_C_T_b38	1	3.78682e-03	1.224e+00	1.746e-01 5.207794189453125	1.0
chr9_33666450_G_A_b38	1	2.42463e-03	1.199e+00	1.688e-01 5.357969284057617	1.0
chr9_33669376_A_G_b38	1	1.39978e-03	1.405e+00	1.970e-01 5.392423023516289	1.0
chr9_33681448_A_C_b38	1	1.38116e-03	1.296e+00	1.876e-01 5.473345720482934	1.0
chr9_33695645_G_T_b38	2	5.02747e-01	-3.074e-01	7.547e-02 -0.241099014878273	1.0
chr9_33698116_C_T_b38	2	1.07449e-01	-3.036e-01	7.279e-02 -0.2447165995836258	1.0
chr9_33696332_G_A_b38	2	7.99239e-02	-2.913e-01	7.169e-02 -0.2440598607063293	1.0
chr9_33698349_G_A_b38	2	5.97201e-02	-3.031e-01	7.246e-02 -0.2439912408590317	1.0
chr9_33703254_C_T_b38	2	4.57853e-02	-3.030e-01	7.228e-02 -0.2247073203325272	1.0
chr9_33705687_C_T_b38	2	4.48092e-02	-3.031e-01	7.243e-02 -0.2497292160987854	1.0
chr9_33715977_A_G_b38	2	1.93939e-02	-3.031e-01	7.240e-02 -0.2497129738330841	1.0
chr9_33711236_C_G_b38	2	1.93939e-02	-3.031e-01	7.240e-02 -0.13105516385770058	1.0
chr9_33719130_T_G_b38	2	1.93939e-02	-3.031e-01	7.240e-02 -0.23455798625946045	1.0
chr9_33719341_A_G_b38	2	1.93939e-02	-3.031e-01	7.240e-02 -0.22474487125873568	1.0
chr9_33671179_C_T_b38	2	1.77884e-02	-3.005e-01	7.121e-02 -0.07079664382680421	1.0
chr9_33683477_C_G_b38	2	1.75666e-02	-3.031e-01	7.240e-02 -0.252205103635788	1.0
chr9_33685785_A_AT_b38	2	1.48421e-02	-2.898e-01	7.059e-02 -0.14198951248532451	1.0
chr9_33684803_G_T_b38	2	2.53744e-03	-2.906e-01	7.070e-02 -0.2639780640602112	1.0
chr9_33665231_G_T_b38	2	2.15322e-03	-2.984e-01	6.958e-02 -0.21950149536132807	1.0
chr9_33666418_G_A_b38	2	2.15322e-03	-2.984e-01	6.958e-02 -0.204619973897934	1.0
chr9_33667346_G_T_b38	2	2.15322e-03	-2.984e-01	6.958e-02 -0.14005929536692435	1.0
chr9_33741081_T_TA_b38	2	3.81813e-04	-3.031e-01	7.240e-02 -0.2323038859000345	1.0
chr9_33734536_A_T_b38	2	3.81813e-04	-3.031e-01	7.240e-02 -0.21254825592041016	1.0
chr9_33739743_G_A_b38	2	3.81813e-04	-3.031e-01	7.240e-02 -0.2323038859000345	1.0
chr9_33670416_A_C_b38	2	2.84823e-04	-2.902e-01	6.942e-02 -0.14005929536692435	1.0
chr9_33695732_T_C_b38	3	3.39380e-02	1.719e-01	8.364e-02 -0.26586294174194336	1.0
chr9_33700903_C_T_b38	3	3.43864e-03	1.881e-01	8.263e-02 -0.2627967000007629	1.0
chr9_33704676_T_G_b38	3	3.43864e-03	1.881e-01	8.263e-02 -0.2670561969280243	1.0
chr9_33696707_TTAAAAA_T_b38	3	2.76959e-03	-1.361e-01	8.631e-02 0.3572228655884304	1.0
chr9_33680504_G_T_b38	3	1.59851e-03	1.966e-01	8.270e-02 -0.2422139048576355	1.0
chr9_33704587_T_TTTGCACTACGGG_b38	3	1.50153e-03	1.647e-01	8.349e-02 -0.2749194276134433	1.0
chr9_33704586_G_GGC_b38	3	1.50153e-03	1.647e-01	8.349e-02 -0.2749194276134433	1.0
chr9_33688472_T_A_b38	3	1.37469e-03	1.731e-01	8.356e-02 -0.2494540959596634	1.0
chr9_33692211_T_G_b38	3	9.75889e-04	-1.495e-01	8.794e-02 0.04764225706458092	1.0
chr9_33771733_T_C_b38	3	8.65943e-04	2.233e-01	7.337e-02 0.8033181253245258	1.0
chr9_33698806_G_T_b38	3	7.61792e-04	-1.362e-01	8.629e-02 0.4218167960643768	1.0
chr9_33711247_A_T_b38	3	7.32577e-04	1.731e-01	8.356e-02 -0.2749194276134433	1.0
chr9_33711248_T_C_b38	3	7.32577e-04	1.731e-01	8.356e-02 -0.2749194276134433	1.0
chr9_33713525_G_A_b38	3	7.32577e-04	1.731e-01	8.356e-02 -0.28783488273620605	1.0
chr9_33716777_T_G_b38	3	7.32577e-04	1.731e-01	8.356e-02 -0.2715631127357483	1.0
chr9_33673027_T_C_b38	3	6.55137e-04	1.731e-01	8.356e-02 -0.25686097361353605	1.0
chr9_33685364_A_G_b38	3	6.55137e-04	1.731e-01	8.356e-02 -0.23288196325302124	1.0
chr9_33671781_T_C_b38	3	6.55137e-04	1.731e-01	8.356e-02 -0.17095576226711273	1.0
chr9_33682234_C_T_b38	3	6.55137e-04	1.731e-01	8.356e-02 -0.2377590388059616	1.0
chr9_33683010_C_G_b38	3	6.55137e-04	1.731e-01	8.356e-02 -0.2379584461450577	1.0
chr9_33778401_G_A_b38	3	6.18303e-04	2.390e-01	8.180e-02 0.6029999852180481	1.0
chr9_33699331_A_G_b38	3	5.83755e-04	-1.254e-01	8.619e-02 0.04575566574931145	1.0
chr9_33664302_T_A_b38	3	5.62666e-04	1.966e-01	8.270e-02 -0.2593141496181488	1.0
chr9_33778047_TA_T_b38	3	5.41670e-04	2.333e-01	8.240e-02 0.3136434245030253	1.0
chr9_33733862_T_G_b38	3	4.87328e-04	1.967e-01	8.269e-02 -0.2663811147212982	1.0
chr9_33776184_C_A_b38	3	1.80077e-04	2.283e-01	8.235e-02 0.5343157649040222	1.0
chr9_33770141_A_ACT_b38	3	1.80077e-04	2.283e-01	8.235e-02 0.14366168031793586	1.0
chr9_33769184_A_G_b38	3	1.80077e-04	2.283e-01	8.235e-02 0.2370332181453705	1.0
chr9_33717586_A_G_b38	3	1.29840e-04	-1.648e-01	8.867e-02 0.003257414326071739	1.0
chr9_33766538_G_A_b38	3	1.11872e-04	2.279e-01	8.225e-02 0.17956931983527802	1.0
chr9_33762137_C_T_b38	3	8.09378e-05	2.344e-01	8.910e-02 0.5932636857032776	1.0
chr9_33759365_A_G_b38	3	8.07538e-05	2.627e-01	8.930e-02 -1.9303059577941892	1.0
chr9_33745605_G_T_b38	3	1.53153e-05	1.743e-01	8.240e-02 0.05600854381918907	1.0
chr9_33739742_T_C_b38	3	1.53153e-05	1.743e-01	8.240e-02 0.05014093965291977	1.0
chr9_33739702_T_G_b38	3	1.53153e-05	1.743e-01	8.240e-02 0.0508604533970356	1.0
chr9_33674679_C_T_b38	3	1.49860e-05	-1.362e-01	8.630e-02 0.3110949099063873	1.0
chr9_33680618_A_C_b38	3	1.49860e-05	-1.362e-01	8.630e-02 0.3912792503833771	1.0
chr9_33748129_C_T_b38	3	1.23396e-05	1.974e-01	8.160e-02 0.053487688302993774	1.0
chr9_33792267_G_A_b38	3	1.22002e-05	2.050e-01	8.249e-02 0.6543987989425659	1.0
chr9_33785965_G_A_b38	3	1.22002e-05	2.050e-01	8.249e-02 0.655767023563385	1.0
chr9_33731381_T_C_b38	3	1.19952e-05	1.651e-01	8.353e-02 -0.3115524649620056	1.0
chr9_33670887_C_T_b38	3	1.16312e-05	-1.254e-01	8.619e-02 0.01888599991798401	1.0
chr9_33696246_G_T_b38	4	3.21928e-04	-4.771e-01	3.935e-01 5.548506736755371	1.0
