chr6_56955607_C_G_b38	1	2.62703e-01	-5.149e-01	8.613e-02 -4.690239429473877	1.0
chr6_56955450_A_G_b38	1	2.62703e-01	-5.149e-01	8.613e-02 -4.69063663482666	1.0
chr6_56954048_G_C_b38	1	4.49299e-02	-5.155e-01	8.501e-02 -4.65214204788208	1.0
chr6_56950356_T_A_b38	1	3.34638e-02	-5.138e-01	7.275e-02 -4.630312442779541	1.0
chr6_56950509_A_G_b38	1	3.34638e-02	-5.138e-01	7.275e-02 -4.631622791290283	1.0
chr6_56958627_T_C_b38	1	2.93966e-02	-5.138e-01	7.275e-02 -4.72171688079834	1.0
chr6_56958303_G_C_b38	1	2.93966e-02	-5.138e-01	7.275e-02 -4.71430253982544	1.0
chr6_56958200_C_G_b38	1	2.93966e-02	-5.138e-01	7.275e-02 -4.680129051208496	1.0
chr6_56963138_T_A_b38	1	2.05892e-02	-5.139e-01	7.249e-02 -4.721938610076903	1.0
chr6_56949008_T_C_b38	1	2.05705e-02	-4.993e-01	6.997e-02 -4.62095308303833	1.0
chr6_56948841_G_A_b38	1	1.74698e-02	-5.139e-01	7.249e-02 -4.628415584564209	1.0
chr6_56947919_T_C_b38	1	1.74698e-02	-5.139e-01	7.249e-02 -4.638886251359018	1.0
chr6_56949777_A_C_b38	1	1.74698e-02	-5.139e-01	7.249e-02 -4.630831718444824	1.0
chr6_56969387_G_A_b38	1	9.94154e-03	-5.034e-01	7.077e-02 -4.716901779174805	1.0
chr6_56977965_G_C_b38	1	9.22959e-03	-5.139e-01	7.232e-02 -4.757781028747559	1.0
chr6_56966734_T_C_b38	1	9.22959e-03	-5.139e-01	7.232e-02 -4.722201347351074	1.0
chr6_56966849_C_T_b38	1	9.22959e-03	-5.139e-01	7.232e-02 -4.723491191864014	1.0
chr6_56967910_T_C_b38	1	9.22959e-03	-5.139e-01	7.232e-02 -4.719544887542725	1.0
chr6_56976297_G_A_b38	1	9.22959e-03	-5.139e-01	7.232e-02 -4.752212524414063	1.0
chr6_56977477_T_G_b38	1	9.22959e-03	-5.139e-01	7.232e-02 -4.756999492645264	1.0
chr6_56978917_C_T_b38	1	9.22959e-03	-5.139e-01	7.232e-02 -4.762641906738281	1.0
chr6_56973686_A_G_b38	1	9.22959e-03	-5.139e-01	7.232e-02 -4.743005752563477	1.0
chr6_56968685_G_A_b38	1	9.22959e-03	-5.139e-01	7.232e-02 -4.730092525482178	1.0
chr6_56976474_C_T_b38	1	8.56138e-03	-5.128e-01	7.243e-02 -4.754563331604004	1.0
chr6_56945741_G_A_b38	1	8.41272e-03	5.019e-01	7.227e-02 4.662323474884033	1.0
chr6_56965751_G_T_b38	1	5.04320e-03	-5.041e-01	7.254e-02 -4.710829734802246	1.0
chr6_56946326_G_A_b38	1	4.27331e-03	4.977e-01	7.362e-02 4.676410675048828	1.0
chr6_56947412_A_T_b38	1	4.27331e-03	-4.977e-01	7.362e-02 -4.707077503204347	1.0
chr6_56983015_A_G_b38	1	3.48778e-03	-5.139e-01	7.232e-02 -4.635915756225586	1.0
chr6_56986071_C_A_b38	1	3.48778e-03	-5.139e-01	7.232e-02 -4.619946479797363	1.0
chr6_57004631_G_A_b38	1	3.48778e-03	-5.139e-01	7.232e-02 -4.601901054382324	1.0
chr6_56998007_A_G_b38	1	3.48778e-03	-5.139e-01	7.232e-02 -4.61961841583252	1.0
chr6_56983889_A_G_b38	1	3.48778e-03	-5.139e-01	7.232e-02 -4.617125034332275	1.0
chr6_56983254_C_G_b38	1	3.48778e-03	-5.139e-01	7.232e-02 -4.644192695617676	1.0
chr6_57002239_C_T_b38	1	3.48778e-03	-5.139e-01	7.232e-02 -4.618144035339356	1.0
chr6_56986959_T_C_b38	1	3.48778e-03	-5.139e-01	7.232e-02 -4.6194915771484375	1.0
chr6_57002817_CA_C_b38	1	3.48778e-03	-5.139e-01	7.232e-02 -4.638886251359018	1.0
chr6_56984044_C_T_b38	1	3.48778e-03	-5.139e-01	7.232e-02 -4.6378912925720215	1.0
chr6_56998111_G_A_b38	1	3.48778e-03	-5.139e-01	7.232e-02 -4.619351863861084	1.0
chr6_56989608_TC_T_b38	1	3.48778e-03	-5.139e-01	7.232e-02 -4.638886251359018	1.0
chr6_56955365_G_A_b38	2	1.32048e-02	6.451e-02	1.004e-01 4.104846477508545	1.0
chr6_56944074_G_A_b38	2	2.87143e-03	2.926e-01	4.992e-01 4.654853343963623	1.0
chr6_56944524_A_G_b38	2	2.87143e-03	2.926e-01	4.992e-01 4.658578395843506	1.0
chr6_56943919_C_T_b38	2	2.87143e-03	2.926e-01	4.992e-01 4.67185640335083	1.0
chr6_56953348_G_T_b38	2	1.72208e-03	-4.491e-02	1.259e-01 -4.029904842376709	1.0
chr6_56958217_G_C_b38	2	1.27622e-03	-8.290e-02	1.389e-01 -4.067271709442139	1.0
chr6_57012520_A_G_b38	2	1.15901e-03	-4.964e-01	9.585e-02 -4.632293224334717	1.0
chr6_57010991_T_G_b38	2	1.15901e-03	-4.964e-01	9.585e-02 -4.6279945373535165	1.0
chr6_57005675_A_G_b38	2	1.15901e-03	-4.964e-01	9.585e-02 -4.623332500457764	1.0
chr6_57007049_G_A_b38	2	1.15901e-03	-4.964e-01	9.585e-02 -4.625771999359131	1.0
chr6_57007411_AC_A_b38	2	1.15901e-03	-4.964e-01	9.585e-02 -4.600225789270633	1.0
chr6_56957820_G_A_b38	2	9.07594e-04	-2.118e-02	1.330e-01 -4.107322692871094	1.0
chr6_56964142_A_G_b38	2	5.63930e-04	6.065e-02	1.056e-01 4.11871862411499	1.0
chr6_56960828_G_C_b38	2	5.03249e-04	-2.505e-02	1.374e-01 -4.0818753242492685	1.0
chr6_56942448_C_G_b38	2	4.04497e-04	1.056e-01	1.045e-01 4.209387302398682	1.0
chr6_56965132_C_T_b38	2	3.31021e-04	9.302e-02	9.960e-02 4.131559371948241	1.0
chr6_56976272_T_A_b38	2	3.05785e-04	8.665e-02	9.855e-02 4.120437145233153	1.0
chr6_56968834_A_G_b38	2	2.95727e-04	-9.206e-02	1.466e-01 -4.107768058776856	1.0
chr6_56976601_G_A_b38	2	2.33717e-04	5.153e-02	9.327e-02 4.115256786346436	1.0
chr6_56969634_A_T_b38	2	2.33548e-04	-4.357e-02	1.570e-01 -4.118594169616698	1.0
chr6_56975286_A_ATCACT_b38	2	2.31264e-04	-5.290e-02	1.333e-01 -4.085531635715716	1.0
chr6_56947923_C_CCCTATACATACTATGTTTTTTT_b38	2	2.28795e-04	-5.398e-02	7.671e-02 3.6930007721735336	1.0
chr6_56968031_T_C_b38	2	2.08924e-04	-2.657e-02	1.391e-01 -4.121302127838135	1.0
chr6_56970469_A_G_b38	2	2.08924e-04	-2.657e-02	1.391e-01 -4.100274085998535	1.0
chr6_56971347_C_A_b38	2	2.08924e-04	-2.657e-02	1.391e-01 -4.11081600189209	1.0
chr6_57003949_T_C_b38	2	2.08460e-04	-1.649e-01	1.494e-01 -3.9485061168670654	1.0
chr6_56943607_A_AT_b38	2	2.03535e-04	8.214e-03	1.069e-01 4.096555424026541	1.0
chr6_57017696_A_C_b38	2	1.66289e-04	1.526e-01	7.912e-02 4.010050296783446	1.0
chr6_56996319_T_C_b38	2	1.43474e-04	-1.298e-01	1.593e-01 -3.98276424407959	1.0
chr6_56999833_G_A_b38	2	1.43474e-04	-1.298e-01	1.593e-01 -3.9837038516998287	1.0
chr6_56987437_G_A_b38	2	1.43474e-04	-1.298e-01	1.593e-01 -3.9728386402130127	1.0
chr6_56997615_G_A_b38	2	1.43474e-04	-1.298e-01	1.593e-01 -3.9698352813720703	1.0
chr6_56988942_G_A_b38	2	1.43474e-04	-1.298e-01	1.593e-01 -3.980729341506958	1.0
chr6_56997512_C_G_b38	2	1.43474e-04	-1.298e-01	1.593e-01 -3.9710919857025133	1.0
chr6_56939912_C_G_b38	2	1.41777e-04	5.606e-02	8.784e-02 -3.7344980239868164	1.0
chr6_56936418_C_T_b38	2	1.41777e-04	5.606e-02	8.784e-02 -3.736262321472168	1.0
chr6_56936524_C_G_b38	2	1.41777e-04	5.606e-02	8.784e-02 -3.73909068107605	1.0
chr6_56934357_G_C_b38	2	1.41777e-04	5.606e-02	8.784e-02 -3.781351804733277	1.0
chr6_56936465_T_G_b38	2	1.41777e-04	5.606e-02	8.784e-02 -3.7344548702239986	1.0
chr6_56938843_A_G_b38	2	1.41777e-04	5.606e-02	8.784e-02 -3.7517087459564213	1.0
chr6_56939607_C_A_b38	2	1.41777e-04	5.606e-02	8.784e-02 -3.7387659549713135	1.0
chr6_56937692_T_C_b38	2	1.41777e-04	5.606e-02	8.784e-02 -3.741156101226807	1.0
chr6_56938777_C_T_b38	2	1.41777e-04	5.606e-02	8.784e-02 -3.7511610984802246	1.0
chr6_56936976_A_C_b38	2	1.41777e-04	5.606e-02	8.784e-02 -3.7390460968017583	1.0
chr6_56935540_T_C_b38	2	1.33261e-04	4.917e-03	7.926e-02 -3.74519944190979	1.0
chr6_56980836_T_G_b38	2	1.25090e-04	8.245e-02	8.635e-02 4.107243537902832	1.0
chr6_57001296_C_T_b38	2	1.20915e-04	-1.058e-01	1.610e-01 -4.053697586059569	1.0
chr6_56988177_C_T_b38	2	1.00791e-04	-7.560e-02	1.518e-01 -3.996403694152832	1.0
chr6_56995041_T_C_b38	2	8.82557e-05	-1.083e-02	1.196e-01 -3.9967534542083736	1.0
chr6_57001263_A_T_b38	2	8.82557e-05	-1.083e-02	1.196e-01 -4.092499256134033	1.0
chr6_56980916_A_G_b38	2	8.82557e-05	-1.083e-02	1.196e-01 -4.120999813079834	1.0
chr6_56985523_C_G_b38	2	8.82557e-05	-1.083e-02	1.196e-01 -3.9972546100616455	1.0
chr6_56990428_G_C_b38	2	8.82557e-05	-1.083e-02	1.196e-01 -3.9986562728881836	1.0
chr6_56985533_C_A_b38	2	8.82557e-05	-1.083e-02	1.196e-01 -3.9829699993133545	1.0
chr6_56990297_CTGTG_C_b38	2	8.82557e-05	-1.083e-02	1.196e-01 -4.087623799257621	1.0
chr6_57001283_T_A_b38	2	8.82557e-05	-1.083e-02	1.196e-01 -4.0678534507751465	1.0
chr6_56989236_T_C_b38	2	8.82557e-05	-1.083e-02	1.196e-01 -3.9991774559021	1.0
chr6_56981317_C_T_b38	2	8.73927e-05	-3.235e-02	1.081e-01 -4.101442813873291	1.0
chr6_56992867_A_C_b38	2	8.21353e-05	4.493e-02	9.301e-02 3.990504026412964	1.0
chr6_56994286_C_T_b38	2	8.21353e-05	4.493e-02	9.301e-02 3.98849892616272	1.0
chr6_57000410_C_T_b38	2	8.00032e-05	4.290e-02	9.239e-02 4.002521514892578	1.0
chr6_56957601_T_C_b38	3	4.64969e-05	1.046e-01	1.694e-01 0.3975094556808472	1.0
chr6_56956393_G_T_b38	3	3.99119e-05	9.007e-02	1.722e-01 0.3420635461807251	1.0
