chr4_165417740_G_C_b38	1	2.39811e-02	1.385e-01	2.008e-02 4.120333194732666	1.0
chr4_165417930_T_C_b38	1	2.39811e-02	1.385e-01	2.008e-02 4.110377311706543	1.0
chr4_165417864_G_A_b38	1	2.36800e-02	1.388e-01	2.014e-02 4.0771026611328125	1.0
chr4_165417814_T_A_b38	1	1.90579e-02	1.382e-01	2.014e-02 4.109623908996582	1.0
chr4_165426686_T_C_b38	1	9.01281e-03	1.359e-01	2.016e-02 3.815617433938266	1.0
chr4_165424187_C_T_b38	1	8.74583e-03	1.350e-01	2.005e-02 3.9433874572768137	1.0
chr4_165425344_A_AC_b38	1	8.58700e-03	1.382e-01	2.055e-02 3.629911074586608	1.0
chr4_165421661_T_TCTTA_b38	1	6.80519e-03	1.342e-01	2.002e-02 3.847579781390351	1.0
chr4_165419773_A_G_b38	1	6.80519e-03	1.342e-01	2.002e-02 3.8945508003234863	1.0
chr4_165419872_T_G_b38	1	6.80519e-03	1.342e-01	2.002e-02 3.891837120056152	1.0
chr4_165419807_A_C_b38	1	6.80519e-03	1.342e-01	2.002e-02 3.891623258590698	1.0
chr4_165421735_A_C_b38	1	6.80519e-03	1.342e-01	2.002e-02 3.892821073532105	1.0
chr4_165419491_A_T_b38	1	6.80519e-03	1.342e-01	2.002e-02 3.891702175140381	1.0
chr4_165418022_T_G_b38	1	6.80519e-03	1.342e-01	2.002e-02 3.8905880451202393	1.0
chr4_165420192_A_G_b38	1	6.80519e-03	1.342e-01	2.002e-02 3.891623258590698	1.0
chr4_165424106_A_G_b38	1	5.80278e-03	1.341e-01	2.007e-02 3.7631071219713617	1.0
chr4_165416928_A_C_b38	1	5.77536e-03	1.347e-01	2.015e-02 4.1337008476257315	1.0
chr4_165416972_T_C_b38	1	5.77536e-03	1.347e-01	2.015e-02 4.03840970993042	1.0
chr4_165416980_T_G_b38	1	5.77536e-03	1.347e-01	2.015e-02 4.044269561767578	1.0
chr4_165429852_CT_C_b38	1	5.33800e-03	1.339e-01	2.008e-02 3.847579781390351	1.0
chr4_165431105_A_G_b38	1	5.33800e-03	1.339e-01	2.008e-02 3.874053955078125	1.0
chr4_165425290_C_CTAAT_b38	1	5.33800e-03	1.339e-01	2.008e-02 3.847579781390351	1.0
chr4_165426737_G_A_b38	1	5.33800e-03	1.339e-01	2.008e-02 3.847579781390351	1.0
chr4_165427871_A_AT_b38	1	5.33800e-03	1.339e-01	2.008e-02 3.847579781390351	1.0
chr4_165421245_T_C_b38	1	5.33800e-03	1.339e-01	2.008e-02 3.892548084259033	1.0
chr4_165425714_G_C_b38	1	5.33800e-03	1.339e-01	2.008e-02 3.8896105289459233	1.0
chr4_165425719_C_T_b38	1	5.33800e-03	1.339e-01	2.008e-02 3.8881735801696777	1.0
chr4_165420750_G_T_b38	1	5.33800e-03	1.339e-01	2.008e-02 3.893807172775269	1.0
chr4_165426755_A_G_b38	1	5.33800e-03	1.339e-01	2.008e-02 3.8899874687194815	1.0
chr4_165427385_CT_C_b38	1	5.33800e-03	1.339e-01	2.008e-02 3.847579781390351	1.0
chr4_165427014_G_A_b38	1	5.33800e-03	1.339e-01	2.008e-02 3.8890171051025386	1.0
chr4_165429371_C_T_b38	1	5.33800e-03	1.339e-01	2.008e-02 3.847579781390351	1.0
chr4_165428435_C_CT_b38	1	5.33800e-03	1.339e-01	2.008e-02 3.847579781390351	1.0
chr4_165427841_G_A_b38	1	5.33800e-03	1.339e-01	2.008e-02 3.890781164169312	1.0
chr4_165424690_C_T_b38	1	5.33800e-03	1.339e-01	2.008e-02 3.8707342451124336	1.0
chr4_165429430_C_T_b38	1	5.33800e-03	1.339e-01	2.008e-02 3.901524066925049	1.0
chr4_165423058_A_G_b38	1	5.33800e-03	1.339e-01	2.008e-02 3.885369539260864	1.0
chr4_165428406_T_G_b38	1	5.33800e-03	1.339e-01	2.008e-02 3.89659595489502	1.0
chr4_165430462_T_TGA_b38	1	5.33800e-03	1.339e-01	2.008e-02 3.847579781390351	1.0
chr4_165428700_T_C_b38	1	5.33800e-03	1.339e-01	2.008e-02 3.8924622535705566	1.0
chr4_165419009_C_A_b38	1	5.33800e-03	1.339e-01	2.008e-02 3.891806364059448	1.0
chr4_165429287_T_C_b38	1	5.33800e-03	1.339e-01	2.008e-02 3.8868114948272714	1.0
chr4_165422507_C_T_b38	1	5.33800e-03	1.339e-01	2.008e-02 3.8927516937255864	1.0
chr4_165429529_C_T_b38	1	5.33800e-03	1.339e-01	2.008e-02 3.8904142379760738	1.0
chr4_165429695_C_T_b38	1	5.33800e-03	1.339e-01	2.008e-02 3.847579781390351	1.0
chr4_165426968_C_T_b38	1	5.33800e-03	1.339e-01	2.008e-02 3.8888034820556636	1.0
chr4_165418692_T_A_b38	1	5.33800e-03	1.339e-01	2.008e-02 3.8826115131378174	1.0
chr4_165427545_T_G_b38	1	5.33800e-03	1.339e-01	2.008e-02 3.891656637191773	1.0
chr4_165429207_C_T_b38	1	5.33800e-03	1.339e-01	2.008e-02 3.891859769821167	1.0
chr4_165426558_C_CTTTCAG_b38	1	5.33800e-03	1.339e-01	2.008e-02 3.847579781390351	1.0
chr4_165423426_T_C_b38	1	5.33800e-03	1.339e-01	2.008e-02 3.906130075454712	1.0
chr4_165428438_A_T_b38	1	5.33800e-03	1.339e-01	2.008e-02 3.847579781390351	1.0
chr4_165430814_A_G_b38	1	5.33800e-03	1.339e-01	2.008e-02 3.886603355407715	1.0
chr4_165427189_G_GC_b38	1	5.33800e-03	1.339e-01	2.008e-02 3.847579781390351	1.0
chr4_165428079_C_G_b38	1	5.33800e-03	1.339e-01	2.008e-02 3.900448799133301	1.0
chr4_165418719_A_G_b38	1	5.33800e-03	1.339e-01	2.008e-02 3.8913984298706055	1.0
chr4_165424077_G_T_b38	1	5.33800e-03	1.339e-01	2.008e-02 3.847579781390351	1.0
chr4_165423755_T_C_b38	1	5.33800e-03	1.339e-01	2.008e-02 3.847579781390351	1.0
chr4_165418209_C_T_b38	1	5.33800e-03	1.339e-01	2.008e-02 3.8904798030853267	1.0
chr4_165429175_A_G_b38	1	5.33800e-03	1.339e-01	2.008e-02 3.9041266441345215	1.0
chr4_165428562_T_C_b38	1	5.33800e-03	1.339e-01	2.008e-02 3.8941187858581534	1.0
chr4_165427414_T_C_b38	1	5.33800e-03	1.339e-01	2.008e-02 3.8904345035552983	1.0
chr4_165428381_G_T_b38	1	5.33800e-03	1.339e-01	2.008e-02 3.891416788101196	1.0
chr4_165430608_A_C_b38	1	5.33800e-03	1.339e-01	2.008e-02 3.847579781390351	1.0
chr4_165425117_A_G_b38	1	5.33800e-03	1.339e-01	2.008e-02 3.892203330993652	1.0
chr4_165425744_G_C_b38	1	5.33800e-03	1.339e-01	2.008e-02 3.8926262855529785	1.0
chr4_165423556_T_C_b38	1	5.33800e-03	1.339e-01	2.008e-02 3.891289949417114	1.0
chr4_165424744_C_T_b38	1	5.33800e-03	1.339e-01	2.008e-02 3.7941364320452258	1.0
chr4_165429078_C_A_b38	1	5.33800e-03	1.339e-01	2.008e-02 3.889881849288941	1.0
chr4_165420912_C_T_b38	1	5.33800e-03	1.339e-01	2.008e-02 3.893807172775269	1.0
chr4_165428576_G_A_b38	1	5.33800e-03	1.339e-01	2.008e-02 3.894962310791016	1.0
chr4_165428650_CA_C_b38	1	5.33800e-03	1.339e-01	2.008e-02 3.847579781390351	1.0
chr4_165420767_C_T_b38	1	5.33800e-03	1.339e-01	2.008e-02 3.893166542053223	1.0
chr4_165431065_A_G_b38	1	5.33800e-03	1.339e-01	2.008e-02 3.8886265754699703	1.0
chr4_165424556_T_C_b38	1	5.33800e-03	1.339e-01	2.008e-02 3.847579781390351	1.0
chr4_165429365_A_G_b38	1	5.33800e-03	1.339e-01	2.008e-02 3.847579781390351	1.0
chr4_165429248_A_G_b38	1	5.33800e-03	1.339e-01	2.008e-02 3.919696807861328	1.0
chr4_165427149_A_G_b38	1	5.33800e-03	1.339e-01	2.008e-02 3.8882205486297607	1.0
chr4_165426938_T_C_b38	1	5.33800e-03	1.339e-01	2.008e-02 3.8902606964111333	1.0
chr4_165418360_TAA_T_b38	1	5.33800e-03	1.339e-01	2.008e-02 3.847579781390351	1.0
chr4_165429478_A_C_b38	1	5.33800e-03	1.339e-01	2.008e-02 3.885173082351685	1.0
chr4_165428655_C_G_b38	1	5.33800e-03	1.339e-01	2.008e-02 3.847579781390351	1.0
chr4_165420988_A_T_b38	1	5.33800e-03	1.339e-01	2.008e-02 3.8938071727752686	1.0
chr4_165430652_A_ATT_b38	1	5.33800e-03	1.339e-01	2.008e-02 3.847579781390351	1.0
chr4_165428958_C_T_b38	1	5.33800e-03	1.339e-01	2.008e-02 3.895912170410156	1.0
chr4_165424634_C_G_b38	1	5.33800e-03	1.339e-01	2.008e-02 3.8707342451124336	1.0
chr4_165424439_T_C_b38	1	5.33800e-03	1.339e-01	2.008e-02 3.905997037887573	1.0
chr4_165427593_A_G_b38	1	5.33800e-03	1.339e-01	2.008e-02 3.8962461948394775	1.0
chr4_165426669_G_GATTT_b38	1	5.33800e-03	1.339e-01	2.008e-02 3.847579781390351	1.0
chr4_165426375_A_G_b38	1	5.33800e-03	1.339e-01	2.008e-02 3.889687776565552	1.0
chr4_165418172_G_A_b38	1	5.33800e-03	1.339e-01	2.008e-02 3.894517660140991	1.0
chr4_165430276_T_C_b38	1	5.33800e-03	1.339e-01	2.008e-02 3.8680515289306636	1.0
chr4_165425573_T_G_b38	1	5.33800e-03	1.339e-01	2.008e-02 3.847579781390351	1.0
chr4_165428905_A_G_b38	1	5.33800e-03	1.339e-01	2.008e-02 3.895912170410156	1.0
chr4_165422715_G_C_b38	1	5.33800e-03	1.339e-01	2.008e-02 3.8904011249542236	1.0
chr4_165427667_G_A_b38	1	5.33800e-03	1.339e-01	2.008e-02 3.890177011489868	1.0
chr4_165426910_C_T_b38	1	5.33800e-03	1.339e-01	2.008e-02 3.890046834945679	1.0
chr4_165429776_C_T_b38	1	5.33800e-03	1.339e-01	2.008e-02 3.896677255630493	1.0
chr4_165427764_T_G_b38	1	5.33800e-03	1.339e-01	2.008e-02 3.8916406631469727	1.0
chr4_165429717_A_G_b38	1	5.33800e-03	1.339e-01	2.008e-02 3.896458625793457	1.0
chr4_165430160_C_T_b38	1	5.33800e-03	1.339e-01	2.008e-02 3.874392986297608	1.0
chr4_165430377_T_C_b38	1	5.33800e-03	1.339e-01	2.008e-02 3.873675346374512	1.0
chr4_165422752_T_C_b38	1	5.33800e-03	1.339e-01	2.008e-02 3.847579781390351	1.0
chr4_165429234_G_A_b38	1	5.33800e-03	1.339e-01	2.008e-02 3.888403415679932	1.0
chr4_165430202_C_T_b38	1	5.33800e-03	1.339e-01	2.008e-02 3.847579781390351	1.0
chr4_165430348_A_G_b38	1	5.33800e-03	1.339e-01	2.008e-02 3.8807070255279537	1.0
chr4_165423553_T_C_b38	1	5.33800e-03	1.339e-01	2.008e-02 3.891110181808472	1.0
chr4_165426207_T_A_b38	1	5.33800e-03	1.339e-01	2.008e-02 3.8901097774505615	1.0
chr4_165427245_A_C_b38	1	5.33800e-03	1.339e-01	2.008e-02 3.888301372528076	1.0
chr4_165429076_C_T_b38	1	5.33800e-03	1.339e-01	2.008e-02 3.887072086334229	1.0
chr4_165420527_T_C_b38	1	5.33800e-03	1.339e-01	2.008e-02 3.893796443939209	1.0
chr4_165427373_A_G_b38	1	5.33800e-03	1.339e-01	2.008e-02 3.8904345035552983	1.0
chr4_165429523_T_C_b38	1	5.33800e-03	1.339e-01	2.008e-02 3.8954074382781982	1.0
chr4_165423994_C_T_b38	1	5.33800e-03	1.339e-01	2.008e-02 3.895495891571045	1.0
chr4_165427158_A_G_b38	1	5.33800e-03	1.339e-01	2.008e-02 3.854549646377564	1.0
chr4_165429657_G_C_b38	1	5.33800e-03	1.339e-01	2.008e-02 3.847579781390351	1.0
chr4_165422680_G_A_b38	1	5.33800e-03	1.339e-01	2.008e-02 3.89301347732544	1.0
chr4_165425350_T_C_b38	1	5.33800e-03	1.339e-01	2.008e-02 3.847579781390351	1.0
chr4_165424339_G_A_b38	1	5.33800e-03	1.339e-01	2.008e-02 3.897167205810547	1.0
chr4_165424114_C_T_b38	1	5.33800e-03	1.339e-01	2.008e-02 3.917701005935669	1.0
chr4_165428175_A_G_b38	1	5.33800e-03	1.339e-01	2.008e-02 3.8937406539916988	1.0
chr4_165426610_A_C_b38	1	5.33800e-03	1.339e-01	2.008e-02 3.847579781390351	1.0
chr4_165430205_A_G_b38	1	5.33800e-03	1.339e-01	2.008e-02 3.847579781390351	1.0
chr4_165425581_A_G_b38	1	5.33800e-03	1.339e-01	2.008e-02 3.847579781390351	1.0
chr4_165430149_T_C_b38	1	5.33800e-03	1.339e-01	2.008e-02 3.8743402957916264	1.0
chr4_165426642_G_T_b38	1	5.33800e-03	1.339e-01	2.008e-02 3.847579781390351	1.0
chr4_165428622_T_C_b38	1	5.33800e-03	1.339e-01	2.008e-02 3.8943908214569087	1.0
chr4_165424671_T_C_b38	1	5.33800e-03	1.339e-01	2.008e-02 3.8707342451124336	1.0
chr4_165430463_ATT_A_b38	1	5.33800e-03	1.339e-01	2.008e-02 3.847579781390351	1.0
chr4_165424787_G_T_b38	1	5.33800e-03	1.339e-01	2.008e-02 3.847579781390351	1.0
chr4_165424067_TTTGA_T_b38	1	5.33800e-03	1.339e-01	2.008e-02 3.847579781390351	1.0
chr4_165426732_G_T_b38	1	5.33800e-03	1.339e-01	2.008e-02 3.847579781390351	1.0
chr4_165418099_A_G_b38	1	5.33800e-03	1.339e-01	2.008e-02 3.893875598907471	1.0
chr4_165429675_T_C_b38	1	5.33800e-03	1.339e-01	2.008e-02 3.847579781390351	1.0
chr4_165425252_G_A_b38	1	5.33800e-03	1.339e-01	2.008e-02 3.89026951789856	1.0
chr4_165428029_C_T_b38	1	5.33800e-03	1.339e-01	2.008e-02 3.9002611637115483	1.0
chr4_165430262_A_G_b38	1	5.33800e-03	1.339e-01	2.008e-02 3.880213737487793	1.0
chr4_165429384_A_G_b38	1	5.33800e-03	1.339e-01	2.008e-02 3.847579781390351	1.0
chr4_165422387_C_A_b38	1	5.33800e-03	1.339e-01	2.008e-02 3.8922970294952393	1.0
chr4_165428420_C_T_b38	1	5.33800e-03	1.339e-01	2.008e-02 3.89659595489502	1.0
chr4_165428280_G_A_b38	1	5.33800e-03	1.339e-01	2.008e-02 3.8956477642059326	1.0
chr4_165429995_T_G_b38	1	5.33800e-03	1.339e-01	2.008e-02 3.896025896072388	1.0
chr4_165425558_G_A_b38	1	5.33800e-03	1.339e-01	2.008e-02 3.847579781390351	1.0
chr4_165429473_C_T_b38	1	5.33800e-03	1.339e-01	2.008e-02 3.9055380821228023	1.0
chr4_165423001_A_G_b38	1	5.33800e-03	1.339e-01	2.008e-02 3.8036802039715694	1.0
chr4_165428754_A_G_b38	1	5.33800e-03	1.339e-01	2.008e-02 3.892430067062378	1.0
chr4_165424776_C_A_b38	1	5.33800e-03	1.339e-01	2.008e-02 3.847579781390351	1.0
chr4_165429660_C_T_b38	1	5.33800e-03	1.339e-01	2.008e-02 3.847579781390351	1.0
chr4_165428538_T_C_b38	1	5.33800e-03	1.339e-01	2.008e-02 3.894962310791016	1.0
chr4_165422812_T_C_b38	1	5.33800e-03	1.339e-01	2.008e-02 3.847579781390351	1.0
chr4_165421223_G_A_b38	1	5.33800e-03	1.339e-01	2.008e-02 3.939753770828247	1.0
chr4_165430582_T_C_b38	1	5.33800e-03	1.339e-01	2.008e-02 3.884826183319092	1.0
chr4_165429028_G_C_b38	1	5.33800e-03	1.339e-01	2.008e-02 3.883200645446777	1.0
chr4_165423395_T_C_b38	1	5.33800e-03	1.339e-01	2.008e-02 3.90764594078064	1.0
chr4_165424659_G_A_b38	1	5.33800e-03	1.339e-01	2.008e-02 3.8707342451124336	1.0
chr4_165425157_T_C_b38	1	5.33800e-03	1.339e-01	2.008e-02 3.892166614532471	1.0
chr4_165428848_G_C_b38	1	5.33800e-03	1.339e-01	2.008e-02 3.8959233760833736	1.0
chr4_165425578_G_C_b38	1	5.33800e-03	1.339e-01	2.008e-02 3.847579781390351	1.0
chr4_165419035_G_A_b38	1	5.33800e-03	1.339e-01	2.008e-02 3.8919596672058105	1.0
chr4_165423581_T_C_b38	1	5.33800e-03	1.339e-01	2.008e-02 3.9095070362091056	1.0
chr4_165428120_T_C_b38	1	5.33800e-03	1.339e-01	2.008e-02 3.8991298675537114	1.0
chr4_165429839_T_C_b38	1	5.33800e-03	1.339e-01	2.008e-02 3.8964633941650386	1.0
chr4_165424113_A_T_b38	1	4.75114e-03	1.338e-01	2.008e-02 3.8680733855121945	1.0
chr4_165422288_CGTT_C_b38	1	4.52611e-03	1.339e-01	2.008e-02 3.847579781390351	1.0
chr4_165427117_A_G_b38	1	4.27452e-03	1.339e-01	2.012e-02 3.89288067817688	1.0
chr4_165422901_C_T_b38	1	4.21065e-03	1.335e-01	2.007e-02 3.958143501151648	1.0
chr4_165425470_C_T_b38	1	4.01843e-03	1.336e-01	2.010e-02 3.915412187576294	1.0
chr4_165423340_C_T_b38	1	3.96305e-03	1.331e-01	2.005e-02 3.8996100425720215	1.0
chr4_165417315_C_T_b38	1	2.29207e-03	1.423e-01	2.158e-02 3.8911890983581534	1.0
chr4_165417417_A_G_b38	1	2.11206e-03	1.318e-01	2.009e-02 4.118753910064696	1.0
chr4_165424406_CTT_C_b38	1	1.98700e-03	1.324e-01	2.023e-02 3.4890255252695423	1.0
chr4_165417176_A_G_b38	1	1.98418e-03	1.324e-01	2.022e-02 4.088983058929443	1.0
chr4_165430616_T_G_b38	1	1.65787e-03	1.310e-01	2.009e-02 3.8258052329885017	1.0
chr4_165416309_C_A_b38	1	7.71715e-04	1.299e-01	2.006e-02 4.207390785217285	1.0
chr4_165415983_G_A_b38	1	6.96759e-04	1.298e-01	2.009e-02 4.1764492988586435	1.0
chr4_165401246_G_A_b38	1	3.07202e-04	1.387e-01	2.233e-02 4.3363704681396475	1.0
chr4_165422354_A_ATCTTT_b38	1	2.78587e-04	1.302e-01	2.041e-02 3.683491581215375	1.0
chr4_165398318_C_G_b38	1	2.48450e-04	1.372e-01	2.230e-02 4.274728775024413	1.0
chr4_165424968_T_G_b38	1	2.30717e-04	1.296e-01	2.044e-02 3.887254620389238	1.0
chr4_165361257_CA_C_b38	2	7.22102e-02	-8.739e-02	3.853e-02 -1.6212626354989867	1.0
chr4_165362180_C_A_b38	2	2.82784e-02	-8.747e-02	3.847e-02 -1.6528939008712769	1.0
chr4_165357074_C_T_b38	2	1.74325e-02	9.250e-02	3.488e-02 1.869982361793518	1.0
chr4_165357098_A_G_b38	2	1.74325e-02	9.250e-02	3.488e-02 1.855068802833557	1.0
chr4_165362202_T_C_b38	2	1.32438e-02	-9.468e-02	4.097e-02 -1.6951085329055786	1.0
chr4_165363548_G_T_b38	2	1.32438e-02	-9.468e-02	4.097e-02 -1.6429262161254885	1.0
chr4_165356173_A_G_b38	2	1.20037e-02	9.431e-02	3.539e-02 1.8613642454147337	1.0
chr4_165358742_T_C_b38	2	1.04528e-02	8.507e-02	3.892e-02 1.8362272977828982	1.0
chr4_165363738_G_A_b38	2	9.38599e-03	-9.468e-02	4.097e-02 -1.6308635473251345	1.0
chr4_165357864_C_G_b38	2	8.76525e-03	-9.588e-02	4.126e-02 -1.7212268114089966	1.0
chr4_165356911_C_T_b38	2	8.76525e-03	-9.588e-02	4.126e-02 -1.717186689376831	1.0
chr4_165356409_A_C_b38	2	8.76525e-03	-9.588e-02	4.126e-02 -1.711242914199829	1.0
chr4_165357764_G_C_b38	2	7.43900e-03	-9.192e-02	4.093e-02 -1.7256269454956057	1.0
chr4_165352728_A_G_b38	2	5.78577e-03	-9.588e-02	4.126e-02 -1.7402597665786743	1.0
chr4_165354891_G_T_b38	2	5.78577e-03	-9.588e-02	4.126e-02 -1.7115615606307983	1.0
chr4_165356135_G_A_b38	2	5.78577e-03	-9.588e-02	4.126e-02 -1.7112232446670532	1.0
chr4_165347100_A_G_b38	2	4.42466e-03	-8.527e-02	3.347e-02 -1.74918794631958	1.0
chr4_165355262_A_C_b38	2	4.30095e-03	7.451e-02	3.373e-02 1.8419445753097532	1.0
chr4_165351879_A_G_b38	2	3.72090e-03	8.540e-02	4.066e-02 1.7639585733413696	1.0
chr4_165353947_G_A_b38	2	3.72090e-03	8.540e-02	4.066e-02 1.7661173343658447	1.0
chr4_165344855_AATT_A_b38	2	2.99748e-03	-7.977e-02	3.349e-02 -1.81956555732065	1.0
chr4_165344810_AT_A_b38	2	2.99748e-03	-7.977e-02	3.349e-02 -1.81956555732065	1.0
chr4_165344303_A_G_b38	2	2.99748e-03	-7.977e-02	3.349e-02 -1.8518741130828855	1.0
chr4_165344877_G_GAATTAT_b38	2	2.99748e-03	-7.977e-02	3.349e-02 -1.81956555732065	1.0
chr4_165344447_A_ACT_b38	2	2.99748e-03	-7.977e-02	3.349e-02 -1.81956555732065	1.0
chr4_165350758_T_A_b38	2	2.83850e-03	-9.587e-02	4.126e-02 -1.7326921224594116	1.0
chr4_165350843_C_T_b38	2	2.83850e-03	-9.587e-02	4.126e-02 -1.7326921224594116	1.0
chr4_165350015_C_T_b38	2	2.83850e-03	-9.587e-02	4.126e-02 -1.732384204864502	1.0
chr4_165349077_G_T_b38	2	2.83850e-03	-9.587e-02	4.126e-02 -1.7393354177474976	1.0
chr4_165376884_G_A_b38	2	2.75260e-03	-9.466e-02	4.097e-02 -1.6689119338989258	1.0
chr4_165373624_GT_G_b38	2	2.75260e-03	-9.466e-02	4.097e-02 -1.6212626354989867	1.0
chr4_165353507_C_T_b38	2	2.72205e-03	6.712e-02	3.379e-02 1.8932722806930544	1.0
chr4_165346637_A_C_b38	2	4.69804e-04	-9.461e-02	4.162e-02 -1.7194377183914185	1.0
chr4_165345258_C_T_b38	2	4.69804e-04	-9.461e-02	4.162e-02 -1.876655066290415	1.0
chr4_165339268_C_T_b38	2	4.69804e-04	-9.461e-02	4.162e-02 -1.9759274721145632	1.0
chr4_165343906_C_G_b38	2	4.69804e-04	-9.461e-02	4.162e-02 -1.8300299644470213	1.0
chr4_165344500_G_T_b38	2	4.69804e-04	-9.461e-02	4.162e-02 -1.816078543663025	1.0
chr4_165337753_G_A_b38	2	4.69804e-04	-9.461e-02	4.162e-02 -1.9839249849319456	1.0
chr4_165345218_C_T_b38	2	3.93105e-04	-7.581e-02	3.382e-02 -1.8418294191360476	1.0
chr4_165347668_T_C_b38	2	2.12589e-04	-7.274e-02	3.435e-02 -1.8220936059951784	1.0
chr4_165348404_A_G_b38	2	2.12589e-04	-7.274e-02	3.435e-02 -1.859861969947815	1.0
chr4_165350510_T_C_b38	2	2.12589e-04	-7.274e-02	3.435e-02 -1.8818033933639529	1.0
chr4_165344996_C_T_b38	2	1.45441e-04	-6.753e-02	3.347e-02 -1.7585285902023315	1.0
chr4_165344682_T_C_b38	2	9.22113e-05	-5.887e-02	3.251e-02 -1.862820744514465	1.0
chr4_165346663_T_C_b38	2	9.22113e-05	-5.887e-02	3.251e-02 -1.796469807624817	1.0
chr4_165346646_A_G_b38	2	9.22113e-05	-5.887e-02	3.251e-02 -1.8157494068145752	1.0
chr4_165341589_C_A_b38	2	7.35360e-05	-6.200e-02	3.876e-02 -1.97637939453125	1.0
chr4_165340457_G_T_b38	2	7.35360e-05	-6.200e-02	3.876e-02 -1.9933637380599976	1.0
chr4_165341712_G_A_b38	2	7.35360e-05	-6.200e-02	3.876e-02 -1.9745854139328003	1.0
chr4_165339889_C_T_b38	2	7.35360e-05	-6.200e-02	3.876e-02 -2.0000286102294917	1.0
chr4_165340437_A_G_b38	2	7.35360e-05	-6.200e-02	3.876e-02 -1.992732644081116	1.0
chr4_165341895_G_A_b38	2	7.35360e-05	-6.200e-02	3.876e-02 -1.9748800992965696	1.0
chr4_165341312_ATT_A_b38	2	7.35360e-05	-6.200e-02	3.876e-02 -1.876655066290415	1.0
chr4_165344933_G_A_b38	2	6.99663e-05	5.282e-02	3.213e-02 1.8996100425720213	1.0
chr4_165333995_G_T_b38	2	5.71182e-05	-8.930e-02	4.201e-02 -1.948335886001587	1.0
chr4_165334637_G_T_b38	2	5.71182e-05	-8.930e-02	4.201e-02 -1.980308532714844	1.0
chr4_165361377_T_G_b38	3	8.74960e-05	-6.699e-03	2.876e-02 -0.3535321652889252	1.0
chr4_165360963_T_G_b38	3	8.43123e-05	3.496e-03	2.883e-02 0.4593899250030518	1.0
chr4_165360707_G_T_b38	3	8.39959e-05	3.273e-03	2.881e-02 0.4636331498622894	1.0
chr4_165360957_G_T_b38	3	7.72742e-05	-6.823e-03	2.882e-02 0.8572868108749391	1.0
chr4_165360739_A_G_b38	3	7.72742e-05	-6.823e-03	2.882e-02 0.8552482128143309	1.0
chr4_165361531_G_C_b38	3	7.70862e-05	-6.699e-03	2.876e-02 0.8039568662643433	1.0
chr4_165361552_G_A_b38	3	7.70862e-05	-6.699e-03	2.876e-02 0.8143579959869385	1.0
chr4_165361565_C_T_b38	3	7.70862e-05	-6.699e-03	2.876e-02 0.8444554805755615	1.0
chr4_165383166_T_A_b38	3	5.97304e-05	-6.166e-02	2.457e-02 0.05673398450016976	1.0
chr4_165383020_A_G_b38	3	5.97304e-05	-6.166e-02	2.457e-02 0.06694374233484268	1.0
chr4_165383502_C_T_b38	3	5.29055e-05	-6.040e-02	2.460e-02 0.054666001349687576	1.0
