chr7_98322574_G_C_b38	1	1.12142e-01	4.541e-01	9.405e-02 -4.166472434997559	1.0
chr7_98322699_G_A_b38	1	1.12142e-01	4.541e-01	9.405e-02 -4.174456596374512	1.0
chr7_98322855_G_C_b38	1	1.12142e-01	4.541e-01	9.405e-02 -4.165533542633057	1.0
chr7_98321930_T_C_b38	1	4.14401e-02	4.550e-01	9.375e-02 -4.166252136230469	1.0
chr7_98322359_T_C_b38	1	3.66967e-02	4.295e-01	9.829e-02 -4.166787624359132	1.0
chr7_98320863_CTTTT_C_b38	1	3.23064e-02	4.728e-01	9.266e-02 -4.1639916632009575	1.0
chr7_98327792_T_G_b38	1	2.38603e-02	4.728e-01	9.266e-02 -4.138889789581299	1.0
chr7_98338244_A_C_b38	1	1.95598e-02	4.648e-01	9.206e-02 -4.119171568530699	1.0
chr7_98321308_A_G_b38	1	1.73347e-02	4.550e-01	9.375e-02 -4.1651034355163565	1.0
chr7_98321819_G_A_b38	1	1.73347e-02	4.550e-01	9.375e-02 -4.170190334320068	1.0
chr7_98321806_T_C_b38	1	1.73347e-02	4.550e-01	9.375e-02 -4.166252136230469	1.0
chr7_98314813_G_C_b38	1	1.53419e-02	4.739e-01	9.219e-02 -4.186384201049806	1.0
chr7_98314263_G_A_b38	1	1.53419e-02	4.739e-01	9.219e-02 -4.187659740447998	1.0
chr7_98329902_A_T_b38	1	1.41685e-02	4.752e-01	9.166e-02 -4.151599884033203	1.0
chr7_98315803_C_T_b38	1	1.41646e-02	4.719e-01	9.823e-02 -4.074796676635741	1.0
chr7_98328573_G_A_b38	1	1.41382e-02	4.752e-01	9.166e-02 -4.1514387130737305	1.0
chr7_98328205_G_A_b38	1	1.41382e-02	4.752e-01	9.166e-02 -4.149396896362306	1.0
chr7_98330921_G_A_b38	1	1.41382e-02	4.752e-01	9.166e-02 -4.150835990905762	1.0
chr7_98331538_G_A_b38	1	1.41382e-02	4.752e-01	9.166e-02 -4.1528334617614755	1.0
chr7_98326868_G_A_b38	1	1.24723e-02	4.575e-01	9.279e-02 -4.171146869659424	1.0
chr7_98310686_C_CTATTTATT_b38	1	1.17523e-02	4.855e-01	8.920e-02 -4.097886977566831	1.0
chr7_98333007_C_T_b38	1	7.94464e-03	4.791e-01	8.979e-02 -4.1530065536499015	1.0
chr7_98344891_G_A_b38	1	7.94464e-03	4.791e-01	8.979e-02 -4.150270462036134	1.0
chr7_98342331_G_A_b38	1	7.94464e-03	4.791e-01	8.979e-02 -4.149311065673828	1.0
chr7_98346230_T_G_b38	1	7.94464e-03	4.791e-01	8.979e-02 -4.1559481620788565	1.0
chr7_98345305_C_T_b38	1	7.94464e-03	4.791e-01	8.979e-02 -4.147156238555908	1.0
chr7_98315924_C_T_b38	1	7.87911e-03	4.606e-01	9.147e-02 -4.2021002769470215	1.0
chr7_98301750_G_T_b38	1	7.53944e-03	4.949e-01	8.778e-02 -4.072290897369385	1.0
chr7_98315674_G_A_b38	1	7.41604e-03	4.492e-01	9.298e-02 -4.2040390968322745	1.0
chr7_98332200_T_C_b38	1	7.25939e-03	4.619e-01	9.090e-02 -4.15533447265625	1.0
chr7_98332532_T_C_b38	1	7.25939e-03	4.619e-01	9.090e-02 -4.1640706062316895	1.0
chr7_98332585_G_A_b38	1	7.25939e-03	4.619e-01	9.090e-02 -4.158859729766847	1.0
chr7_98332189_C_T_b38	1	7.25939e-03	4.619e-01	9.090e-02 -4.166666507720946	1.0
chr7_98332291_G_A_b38	1	7.25939e-03	4.619e-01	9.090e-02 -4.163728713989259	1.0
chr7_98330456_T_G_b38	1	7.25939e-03	4.619e-01	9.090e-02 -4.1608219146728525	1.0
chr7_98330754_A_G_b38	1	7.25939e-03	4.619e-01	9.090e-02 -4.1650800704956055	1.0
chr7_98330644_A_G_b38	1	7.25939e-03	4.619e-01	9.090e-02 -4.112958908081056	1.0
chr7_98307946_T_C_b38	1	5.85725e-03	4.806e-01	8.905e-02 -4.196432590484618	1.0
chr7_98315432_G_A_b38	1	5.45797e-03	4.568e-01	9.006e-02 -4.194345474243163	1.0
chr7_98332959_A_C_b38	1	3.99869e-03	4.678e-01	8.804e-02 -4.165712356567384	1.0
chr7_98335299_G_A_b38	1	3.99869e-03	4.678e-01	8.804e-02 -4.16503381729126	1.0
chr7_98333336_A_G_b38	1	3.99869e-03	4.678e-01	8.804e-02 -4.1656713485717765	1.0
chr7_98334707_A_G_b38	1	3.99869e-03	4.678e-01	8.804e-02 -4.165537357330321	1.0
chr7_98334836_T_G_b38	1	3.99869e-03	4.678e-01	8.804e-02 -4.1651554107666025	1.0
chr7_98337917_CCAAA_C_b38	1	3.99869e-03	4.678e-01	8.804e-02 -4.151336570351904	1.0
chr7_98334405_A_G_b38	1	3.99869e-03	4.678e-01	8.804e-02 -4.165693759918213	1.0
chr7_98299298_T_C_b38	1	3.71863e-03	4.806e-01	8.700e-02 -4.097620487213135	1.0
chr7_98299410_G_T_b38	1	3.71863e-03	4.806e-01	8.700e-02 -4.0964951515197745	1.0
chr7_98300426_A_G_b38	1	3.71863e-03	4.806e-01	8.700e-02 -4.096151828765868	1.0
chr7_98302247_C_T_b38	1	3.71863e-03	4.806e-01	8.700e-02 -4.087177753448486	1.0
chr7_98302588_GGGAACGCAGAAA_G_b38	1	3.71863e-03	4.806e-01	8.700e-02 -4.138233031883973	1.0
chr7_98302177_G_T_b38	1	3.71863e-03	4.806e-01	8.700e-02 -4.1413516998291025	1.0
chr7_98328310_C_A_b38	1	3.71354e-03	4.598e-01	9.232e-02 -4.151276111602783	1.0
chr7_98345598_T_G_b38	1	3.64258e-03	4.635e-01	9.682e-02 -4.201418876647948	1.0
chr7_98340825_C_T_b38	1	3.64258e-03	4.635e-01	9.682e-02 -4.1105265617370605	1.0
chr7_98339828_C_T_b38	1	3.64258e-03	4.635e-01	9.682e-02 -4.1525487899780265	1.0
chr7_98308669_T_A_b38	1	3.57146e-03	-4.863e-01	8.529e-02 2.5680365562438965	1.0
chr7_98296070_T_G_b38	1	3.29313e-03	5.014e-01	8.349e-02 -4.10754919052124	1.0
chr7_98289571_C_G_b38	1	3.29313e-03	5.014e-01	8.349e-02 -4.109713554382323	1.0
chr7_98293539_C_T_b38	1	3.29313e-03	5.014e-01	8.349e-02 -4.108823776245116	1.0
chr7_98297104_C_T_b38	1	2.38569e-03	4.904e-01	8.123e-02 -4.0980801582336435	1.0
chr7_98317590_T_C_b38	1	2.34513e-03	4.451e-01	9.300e-02 -4.201964378356934	1.0
chr7_98293563_G_A_b38	1	2.32931e-03	4.970e-01	9.150e-02 -3.945906162261963	1.0
chr7_98368633_T_C_b38	1	2.25479e-03	4.935e-01	8.096e-02 -4.161711692810059	1.0
chr7_98356103_T_G_b38	1	2.25479e-03	4.935e-01	8.096e-02 -4.146488666534424	1.0
chr7_98358674_T_C_b38	1	2.25479e-03	4.935e-01	8.096e-02 -4.140152454376222	1.0
chr7_98349926_G_A_b38	1	2.25479e-03	4.935e-01	8.096e-02 -4.148084163665772	1.0
chr7_98352791_A_G_b38	1	2.25479e-03	4.935e-01	8.096e-02 -4.148228645324707	1.0
chr7_98362783_C_G_b38	1	2.25479e-03	4.935e-01	8.096e-02 -4.135861396789552	1.0
chr7_98358384_G_A_b38	1	2.25479e-03	4.935e-01	8.096e-02 -4.1571998596191415	1.0
chr7_98350236_C_T_b38	1	2.25479e-03	4.935e-01	8.096e-02 -4.1459975242614755	1.0
chr7_98356834_A_G_b38	1	2.25479e-03	4.935e-01	8.096e-02 -4.14064884185791	1.0
chr7_98296619_A_G_b38	1	2.22839e-03	4.977e-01	7.915e-02 -4.10888671875	1.0
chr7_98331352_G_A_b38	1	2.18781e-03	4.451e-01	9.300e-02 -4.168825149536134	1.0
chr7_98336254_T_C_b38	1	2.16369e-03	4.598e-01	9.232e-02 -4.153878688812257	1.0
chr7_98343634_T_C_b38	1	2.16369e-03	4.598e-01	9.232e-02 -4.145893573760986	1.0
chr7_98332157_T_C_b38	1	1.97851e-03	4.362e-01	9.899e-02 -4.098864080216096	1.0
chr7_98295171_G_A_b38	1	1.87327e-03	5.037e-01	8.254e-02 -4.120187282562257	1.0
chr7_98290257_A_G_b38	1	1.60775e-03	4.886e-01	8.162e-02 -4.116441913495303	1.0
chr7_98289136_T_G_b38	1	1.60775e-03	4.886e-01	8.162e-02 -4.1195735931396475	1.0
chr7_98288847_T_C_b38	1	1.60775e-03	4.886e-01	8.162e-02 -4.117875576019287	1.0
chr7_98290760_C_G_b38	1	1.60775e-03	4.886e-01	8.162e-02 -4.116992950439453	1.0
chr7_98296741_C_T_b38	1	1.60775e-03	4.886e-01	8.162e-02 -4.097038745880127	1.0
chr7_98297733_G_A_b38	1	1.60775e-03	4.886e-01	8.162e-02 -4.092702865600587	1.0
chr7_98292221_A_G_b38	1	1.60775e-03	4.886e-01	8.162e-02 -4.108238697052002	1.0
chr7_98288788_A_AGGTTGGAGGGGG_b38	1	1.60775e-03	4.886e-01	8.162e-02 -4.0112991233681985	1.0
chr7_98293886_A_G_b38	1	1.60775e-03	4.886e-01	8.162e-02 -4.110659599304198	1.0
chr7_98292522_A_G_b38	1	1.60775e-03	4.886e-01	8.162e-02 -4.118175029754639	1.0
chr7_98295928_T_C_b38	1	1.60775e-03	4.886e-01	8.162e-02 -4.119872093200684	1.0
chr7_98293461_T_C_b38	1	1.60775e-03	4.886e-01	8.162e-02 -4.101672649383545	1.0
chr7_98290026_G_A_b38	1	1.60775e-03	4.886e-01	8.162e-02 -4.070295810699463	1.0
chr7_98297152_C_T_b38	1	1.60775e-03	4.886e-01	8.162e-02 -4.102602481842041	1.0
chr7_98286385_G_A_b38	1	1.35033e-03	5.003e-01	7.738e-02 -4.104701042175293	1.0
chr7_98287846_G_T_b38	1	1.35033e-03	5.003e-01	7.738e-02 -4.1081581115722665	1.0
chr7_98282909_T_G_b38	1	1.35033e-03	5.003e-01	7.738e-02 -4.01693058013916	1.0
chr7_98285709_C_T_b38	1	1.35033e-03	5.003e-01	7.738e-02 -4.1092023849487305	1.0
chr7_98338931_A_G_b38	1	1.05256e-03	4.676e-01	7.953e-02 -4.16316556930542	1.0
chr7_98335314_CATA_C_b38	1	1.05256e-03	4.676e-01	7.953e-02 -4.151336570351904	1.0
chr7_98335704_A_G_b38	1	1.05256e-03	4.676e-01	7.953e-02 -4.168076992034912	1.0
chr7_98341385_C_CA_b38	1	1.05256e-03	4.676e-01	7.953e-02 -4.151336570351904	1.0
chr7_98336130_A_G_b38	1	1.05256e-03	4.676e-01	7.953e-02 -4.168400764465332	1.0
chr7_98322009_C_T_b38	2	8.10485e-02	2.799e-01	1.008e-01 -0.16930848360061646	1.0
chr7_98320502_C_T_b38	2	5.05502e-02	2.978e-01	1.013e-01 -0.1630670130252838	1.0
chr7_98316987_C_CT_b38	2	3.26478e-02	3.097e-01	1.007e-01 -0.10940830300311677	1.0
chr7_98299769_A_G_b38	2	3.10386e-02	3.343e-01	9.874e-02 -0.19859229028224945	1.0
chr7_98345539_G_A_b38	2	1.59883e-02	3.096e-01	1.007e-01 -0.1548757255077362	1.0
chr7_98300261_TC_T_b38	2	1.41674e-02	3.114e-01	9.871e-02 -0.214223205267511	1.0
chr7_98312758_C_CTG_b38	2	1.15678e-02	3.093e-01	1.004e-01 -0.10940830300311677	1.0
chr7_98291311_A_G_b38	2	7.98440e-03	3.224e-01	9.808e-02 -0.3375748693943024	1.0
chr7_98355009_TG_T_b38	2	6.13485e-03	-3.368e-01	1.042e-01 0.13151726948421208	1.0
chr7_98347956_G_A_b38	2	6.13485e-03	-3.368e-01	1.042e-01 0.17540210485458374	1.0
chr7_98364050_T_A_b38	2	6.13485e-03	-3.368e-01	1.042e-01 0.20813603699207306	1.0
chr7_98286323_T_G_b38	2	3.91723e-03	3.103e-01	1.004e-01 -0.3287534415721893	1.0
chr7_98286325_A_G_b38	2	3.91723e-03	3.103e-01	1.004e-01 -0.3237702250480652	1.0
chr7_98360794_T_C_b38	2	3.47813e-03	3.106e-01	1.004e-01 -0.14912238717079165	1.0
chr7_98361813_A_G_b38	2	3.47813e-03	3.106e-01	1.004e-01 -0.15899106860160828	1.0
chr7_98393841_T_C_b38	2	8.02937e-04	3.117e-01	1.006e-01 -0.1046200916171074	1.0
chr7_98404180_T_C_b38	2	8.02937e-04	3.117e-01	1.006e-01 -0.1078871414065361	1.0
chr7_98383795_A_C_b38	2	8.02937e-04	3.117e-01	1.006e-01 -0.10647126287221907	1.0
chr7_98378229_C_CAT_b38	2	8.02937e-04	3.117e-01	1.006e-01 -0.27654596337070897	1.0
chr7_98370558_G_C_b38	3	2.52701e-04	-4.165e-01	1.672e-01 0.30063700675964355	1.0
