chr9_136245358_G_A_b38	1	2.62263e-01	-2.333e-01	5.609e-02 -10.787230491638184	1.0
chr9_136245780_C_T_b38	1	2.57676e-01	-2.350e-01	5.655e-02 -10.634295236868267	1.0
chr9_136246136_GACAA_G_b38	1	2.57676e-01	-2.350e-01	5.655e-02 -10.477006406358676	1.0
chr9_136248692_G_C_b38	1	2.70878e-02	-2.368e-01	5.694e-02 -10.50263214111328	1.0
chr9_136249876_C_T_b38	1	2.41678e-02	-2.368e-01	5.739e-02 -10.38339614868164	1.0
chr9_136243135_A_G_b38	1	1.99223e-02	2.344e-01	5.744e-02 10.841773986816406	1.0
chr9_136240100_T_TG_b38	1	1.48396e-02	2.340e-01	5.680e-02 10.713631303261478	1.0
chr9_136242628_T_C_b38	1	1.37868e-02	2.330e-01	5.869e-02 10.925600051879883	1.0
chr9_136247838_C_G_b38	1	1.17658e-02	-2.116e-01	5.622e-02 -9.707600593566896	1.0
chr9_136247732_C_A_b38	1	1.17658e-02	-2.116e-01	5.622e-02 -9.759258270263672	1.0
chr9_136248643_G_A_b38	1	8.82972e-03	-2.121e-01	5.567e-02 -9.637136459350586	1.0
chr9_136234274_C_T_b38	1	4.40381e-03	2.259e-01	5.627e-02 10.76098346710205	1.0
chr9_136238518_G_A_b38	1	2.74038e-03	2.124e-01	5.919e-02 11.038237571716307	1.0
chr9_136240394_C_A_b38	1	2.74038e-03	2.124e-01	5.919e-02 10.974868774414062	1.0
chr9_136229894_A_C_b38	1	2.71667e-03	2.197e-01	5.682e-02 10.707474708557127	1.0
chr9_136246178_C_T_b38	2	1.23199e-02	-5.516e-02	1.657e-01 -2.203261375427246	1.0
chr9_136246471_A_G_b38	2	3.66647e-03	-5.645e-02	1.652e-01 -2.2116193771362305	1.0
