chr4_1721552_T_C_b38	1	3.56506e-01	-2.632e-01	3.367e-02 -0.511005811979042	1.0
chr4_1721538_A_G_b38	1	3.56506e-01	-2.632e-01	3.367e-02 -0.552401065826416	1.0
chr4_1719030_A_G_b38	1	9.34605e-02	-2.651e-01	3.252e-02 -0.5155139565467834	1.0
chr4_1719097_A_G_b38	1	9.34605e-02	-2.651e-01	3.252e-02 -0.51539146900177	1.0
chr4_1717845_A_G_b38	1	3.05540e-02	-2.630e-01	3.283e-02 -0.5087205767631531	1.0
chr4_1725479_C_T_b38	1	1.76969e-02	-2.635e-01	3.352e-02 -0.5487136244773865	1.0
chr4_1712957_C_A_b38	1	1.15798e-02	-2.627e-01	3.353e-02 -0.4686083495616913	1.0
chr4_1723924_T_C_b38	1	6.40257e-03	-2.554e-01	3.441e-02 -0.4804514348506928	1.0
chr4_1745117_A_T_b38	1	6.03166e-03	-2.642e-01	3.323e-02 -0.5750300884246826	1.0
chr4_1724640_T_A_b38	1	4.11475e-03	-2.555e-01	3.439e-02 -0.4944457709789276	1.0
chr4_1723072_C_T_b38	1	2.90463e-03	-2.567e-01	3.581e-02 -0.4846502840518952	1.0
chr4_1729423_T_C_b38	1	2.30532e-03	-2.555e-01	3.437e-02 -0.6069411635398865	1.0
chr4_1735677_C_CCT_b38	1	1.61604e-03	-2.574e-01	3.419e-02 -0.4146110719168851	1.0
chr4_1712434_T_C_b38	1	1.32197e-03	-2.526e-01	3.457e-02 -0.4496298134326935	1.0
chr4_1751697_A_G_b38	1	9.05158e-05	-2.142e-01	3.006e-02 -0.9861109852790833	1.0
chr4_1731760_A_G_b38	1	7.62469e-05	-2.078e-01	3.000e-02 -0.5984618663787842	1.0
chr4_1736323_C_T_b38	1	7.62469e-05	-2.078e-01	3.000e-02 -0.6095188856124878	1.0
chr4_1738812_T_C_b38	1	7.62469e-05	-2.078e-01	3.000e-02 -0.4409926932274988	1.0
chr4_1740673_T_C_b38	1	7.62469e-05	-2.078e-01	3.000e-02 -0.6220436096191406	1.0
chr4_1743773_G_T_b38	1	7.62469e-05	2.078e-01	3.000e-02 0.5757161378860474	1.0
chr4_1735858_T_C_b38	1	7.62469e-05	-2.078e-01	3.000e-02 -0.6084803342819214	1.0
chr4_1725091_T_C_b38	1	7.17559e-05	-2.069e-01	3.088e-02 -0.40402019023895264	1.0
chr4_1721410_A_T_b38	2	3.78731e-01	1.272e-01	3.225e-02 9.397519873421293	1.0
chr4_1719621_G_A_b38	2	6.69933e-02	1.273e-01	3.012e-02 9.444025039672852	1.0
chr4_1719067_T_G_b38	2	6.69933e-02	1.273e-01	3.012e-02 9.397519873421293	1.0
chr4_1719066_A_AG_b38	2	6.69933e-02	1.273e-01	3.012e-02 9.397519873421293	1.0
chr4_1713622_C_T_b38	2	4.10758e-02	1.319e-01	2.993e-02 9.433221817016602	1.0
chr4_1717893_T_G_b38	2	3.84317e-02	1.275e-01	3.008e-02 9.434894561767578	1.0
chr4_1718823_T_C_b38	2	3.84317e-02	1.275e-01	3.008e-02 9.452975273132324	1.0
chr4_1713523_C_T_b38	2	3.26518e-02	1.304e-01	2.988e-02 9.447017669677734	1.0
chr4_1717156_A_T_b38	2	3.20510e-02	1.267e-01	3.023e-02 9.434491157531738	1.0
chr4_1729399_G_A_b38	2	1.74220e-02	1.257e-01	2.987e-02 9.414509773254396	1.0
chr4_1735381_C_T_b38	2	1.52621e-02	1.308e-01	2.984e-02 9.430237770080566	1.0
chr4_1736586_T_C_b38	2	1.52621e-02	1.308e-01	2.984e-02 9.450084686279297	1.0
chr4_1735775_C_T_b38	2	1.52621e-02	1.308e-01	2.984e-02 9.443346977233887	1.0
chr4_1744398_C_CT_b38	2	1.48659e-02	1.306e-01	2.985e-02 9.3851137323675	1.0
chr4_1738948_G_A_b38	2	1.48659e-02	1.306e-01	2.985e-02 9.43300724029541	1.0
chr4_1742818_ATTAG_A_b38	2	1.43939e-02	1.307e-01	2.993e-02 9.281193983503274	1.0
chr4_1699590_G_A_b38	2	1.28937e-02	1.271e-01	2.928e-02 9.753652572631836	1.0
chr4_1697785_G_A_b38	2	1.15238e-02	1.271e-01	2.947e-02 9.739806175231934	1.0
chr4_1737791_CGCCATCCCT_C_b38	2	1.12560e-02	1.284e-01	2.981e-02 9.397519873421293	1.0
chr4_1748760_T_C_b38	2	1.01995e-02	1.369e-01	2.997e-02 9.16766357421875	1.0
chr4_1744502_G_T_b38	2	7.36933e-03	1.267e-01	2.987e-02 9.477887153625488	1.0
chr4_1741052_G_A_b38	2	7.36933e-03	1.267e-01	2.987e-02 9.439027786254883	1.0
chr4_1742027_C_T_b38	2	7.36933e-03	1.267e-01	2.987e-02 9.422706604003906	1.0
chr4_1743212_C_T_b38	2	7.36933e-03	1.267e-01	2.987e-02 9.517443656921387	1.0
chr4_1709677_T_C_b38	2	6.27369e-03	1.227e-01	2.917e-02 9.740535736083984	1.0
chr4_1698641_C_T_b38	2	6.27369e-03	1.227e-01	2.917e-02 9.744390487670898	1.0
chr4_1747433_G_A_b38	2	4.08557e-03	1.281e-01	2.940e-02 9.89899444580078	1.0
chr4_1695610_G_A_b38	2	2.82279e-03	1.245e-01	2.937e-02 9.714808464050293	1.0
chr4_1747086_T_TCTCC_b38	2	2.54769e-03	1.251e-01	2.943e-02 9.277505041923712	1.0
chr4_1721659_C_A_b38	3	1.03627e-02	-2.672e-02	7.014e-02 -5.669166564941406	1.0
chr4_1721565_C_T_b38	3	7.70021e-03	-1.570e-02	4.403e-02 -5.644700050354004	1.0
chr4_1722451_G_A_b38	3	3.00907e-03	-2.752e-02	6.587e-02 -5.675882339477539	1.0
chr4_1722484_T_C_b38	3	3.00907e-03	-2.752e-02	6.587e-02 -5.678962707519531	1.0
chr4_1720460_G_A_b38	3	1.39693e-03	-2.997e-02	4.184e-02 -5.694737911224365	1.0
chr4_1719976_C_T_b38	3	1.39693e-03	-2.997e-02	4.184e-02 -5.69109582901001	1.0
chr4_1723344_A_G_b38	3	1.28741e-03	-2.991e-02	4.184e-02 -5.681894779205322	1.0
chr4_1723280_G_A_b38	3	1.28741e-03	-2.991e-02	4.184e-02 -5.670341491699219	1.0
chr4_1722777_A_G_b38	3	1.27808e-03	-2.991e-02	4.184e-02 -5.671355724334718	1.0
chr4_1722852_C_T_b38	3	1.27808e-03	-2.991e-02	4.184e-02 -5.668195724487305	1.0
chr4_1722533_A_G_b38	3	1.21799e-03	-2.800e-02	4.150e-02 -5.668375015258789	1.0
chr4_1719275_C_T_b38	3	9.93148e-04	-1.909e-02	4.336e-02 -5.679551124572754	1.0
chr4_1723958_C_A_b38	3	9.32079e-04	-1.909e-02	4.336e-02 -5.694437980651856	1.0
chr4_1718090_A_G_b38	3	8.95397e-04	-3.712e-02	4.161e-02 -5.677786827087402	1.0
chr4_1717906_A_C_b38	3	8.95397e-04	-3.712e-02	4.161e-02 -5.6772003173828125	1.0
chr4_1722579_G_A_b38	3	8.95234e-04	-1.633e-02	4.315e-02 -5.639657497406006	1.0
chr4_1722822_C_T_b38	3	8.95234e-04	-1.633e-02	4.315e-02 -5.639566898345947	1.0
chr4_1725859_C_T_b38	3	8.16709e-04	-3.371e-02	4.210e-02 -5.671338081359862	1.0
chr4_1730034_A_ATTTGTTTG_b38	3	5.49432e-04	-4.494e-02	4.243e-02 -5.823534897069278	1.0
chr4_1718031_A_G_b38	3	5.24035e-04	-1.631e-02	4.315e-02 -5.639853000640869	1.0
chr4_1696497_T_C_b38	3	3.35202e-04	-5.889e-02	4.246e-02 -5.86210298538208	1.0
chr4_1728488_C_G_b38	3	3.20377e-04	-3.176e-02	4.185e-02 -5.699467182159424	1.0
chr4_1729618_A_G_b38	3	3.06775e-04	-2.979e-02	4.182e-02 -5.675527095794678	1.0
chr4_1730968_G_C_b38	3	3.06775e-04	-2.979e-02	4.182e-02 -5.6478328704833975	1.0
chr4_1730503_T_C_b38	3	3.06775e-04	-2.979e-02	4.182e-02 -5.653289794921875	1.0
chr4_1727427_G_A_b38	3	3.06775e-04	-2.979e-02	4.182e-02 -5.666033744812013	1.0
chr4_1727829_G_A_b38	3	2.51723e-04	-1.908e-02	4.338e-02 -5.629626750946045	1.0
chr4_1713276_A_G_b38	3	1.61783e-04	-1.594e-02	4.320e-02 -5.606809616088867	1.0
chr4_1711862_T_G_b38	3	1.32308e-04	6.409e-03	4.124e-02 -5.689012050628662	1.0
chr4_1734817_C_T_b38	3	1.07545e-04	-3.205e-02	4.169e-02 -5.673484325408936	1.0
chr4_1732719_A_G_b38	3	1.03119e-04	-3.016e-02	4.180e-02 -5.677117347717285	1.0
chr4_1732004_C_T_b38	3	1.03119e-04	-3.016e-02	4.180e-02 -5.663819789886475	1.0
chr4_1736853_G_T_b38	3	1.03119e-04	-3.016e-02	4.180e-02 -5.720173358917236	1.0
chr4_1732556_AAGATCTCAATTTAG_A_b38	3	1.03119e-04	-3.016e-02	4.180e-02 -5.676020291540568	1.0
chr4_1735344_C_A_b38	3	1.03119e-04	-3.016e-02	4.180e-02 -5.676578998565674	1.0
chr4_1738249_C_T_b38	3	1.03119e-04	-3.016e-02	4.180e-02 -5.7094974517822275	1.0
chr4_1699237_A_T_b38	3	6.55083e-05	-1.981e-02	4.332e-02 -5.600273132324219	1.0
chr4_1710049_G_A_b38	3	6.55083e-05	-1.981e-02	4.332e-02 -5.568212985992432	1.0
chr4_1710301_C_G_b38	3	6.55083e-05	-1.981e-02	4.332e-02 -5.570528030395508	1.0
chr4_1711241_A_G_b38	3	6.55083e-05	-1.981e-02	4.332e-02 -5.681297779083253	1.0
chr4_1702857_G_A_b38	3	6.55083e-05	-1.981e-02	4.332e-02 -5.596625804901123	1.0
chr4_1745579_C_CA_b38	3	6.53960e-05	-2.006e-02	4.302e-02 -5.548819122161554	1.0
chr4_1740615_G_A_b38	3	6.53960e-05	-2.006e-02	4.302e-02 -5.742586612701416	1.0
chr4_1733719_C_T_b38	3	6.29744e-05	-1.708e-02	4.310e-02 -5.6419010162353525	1.0
chr4_1732161_G_A_b38	3	6.29744e-05	-1.708e-02	4.310e-02 -5.631253719329834	1.0
chr4_1706774_AGCCGAGATCGTGCACT_A_b38	3	6.28764e-05	-1.708e-02	4.310e-02 -5.4195495875131465	1.0
chr4_1746244_C_T_b38	3	6.27837e-05	-1.737e-02	4.282e-02 -5.60075044631958	1.0
chr4_1739936_G_A_b38	3	6.27837e-05	-1.737e-02	4.282e-02 -5.728597640991211	1.0
chr4_1740423_T_C_b38	3	6.27837e-05	-1.737e-02	4.282e-02 -5.71442174911499	1.0
chr4_1745793_G_GTCGTCC_b38	3	5.88126e-05	-1.197e-02	4.293e-02 -5.523001887167918	1.0
chr4_1759116_G_A_b38	3	3.53318e-05	-3.948e-02	3.801e-02 -6.3285908699035645	1.0
chr4_1760770_T_C_b38	3	3.24171e-05	-3.662e-02	3.851e-02 -6.227553844451903	1.0
chr4_1689166_C_G_b38	3	2.61755e-05	-1.981e-02	4.332e-02 -5.555635929107666	1.0
chr4_1690805_C_T_b38	3	2.51239e-05	-1.708e-02	4.310e-02 -5.521364212036133	1.0
chr4_1686912_G_A_b38	3	2.48224e-05	-1.755e-02	4.269e-02 -5.056239128112793	1.0
chr4_1684828_G_A_b38	3	2.48224e-05	-1.755e-02	4.269e-02 -5.043127059936523	1.0
chr4_1721773_C_T_b38	4	3.55691e-04	-2.652e-02	2.531e-01 -5.494788646697998	1.0
chr4_1721976_G_A_b38	4	2.75475e-04	2.757e-01	3.227e-01 -5.476601600646973	1.0
chr4_1721850_C_T_b38	4	2.02163e-04	3.562e-01	2.806e-01 -5.20541524887085	1.0
