chr9_33677476_C_T_b38	1	7.20344e-02	1.409e+00	2.536e-01 5.397721767425537	1.0
chr9_33677170_T_TC_b38	1	7.20315e-02	1.409e+00	2.536e-01 5.665510656475317	1.0
chr9_33677004_C_G_b38	1	7.20315e-02	1.409e+00	2.536e-01 5.559627099234484	1.0
chr9_33677151_G_C_b38	1	7.20315e-02	1.409e+00	2.536e-01 5.665510656475317	1.0
chr9_33677182_A_G_b38	1	7.20315e-02	1.409e+00	2.536e-01 5.665510656475317	1.0
chr9_33677187_G_C_b38	1	7.20315e-02	1.409e+00	2.536e-01 5.659457708960471	1.0
chr9_33677341_A_C_b38	1	7.20315e-02	1.409e+00	2.536e-01 5.404797554016113	1.0
chr9_33676775_G_C_b38	1	7.20315e-02	1.409e+00	2.536e-01 5.40401029586792	1.0
chr9_33677351_GT_G_b38	1	7.20315e-02	1.409e+00	2.536e-01 5.559627099234484	1.0
chr9_33676829_G_T_b38	1	7.20315e-02	1.409e+00	2.536e-01 5.40401029586792	1.0
chr9_33679356_G_A_b38	1	1.20779e-02	1.408e+00	2.518e-01 5.393461227416992	1.0
chr9_33678307_G_A_b38	1	1.20779e-02	1.408e+00	2.518e-01 5.3928422927856445	1.0
chr9_33679508_G_A_b38	1	1.20779e-02	1.408e+00	2.518e-01 5.393949508666992	1.0
chr9_33679602_ATG_A_b38	1	1.20779e-02	1.408e+00	2.518e-01 5.559627099234484	1.0
chr9_33676175_C_T_b38	1	1.07844e-02	1.408e+00	2.508e-01 5.391792297363281	1.0
chr9_33680994_T_C_b38	1	7.52995e-03	1.407e+00	2.499e-01 5.396135330200195	1.0
chr9_33680603_G_T_b38	1	7.52995e-03	1.407e+00	2.499e-01 5.3950605392456055	1.0
chr9_33681811_G_A_b38	1	7.52995e-03	1.407e+00	2.499e-01 5.396006107330322	1.0
chr9_33682137_C_CGT_b38	1	7.52995e-03	1.407e+00	2.499e-01 5.559627099234484	1.0
chr9_33681450_A_C_b38	1	7.52995e-03	1.407e+00	2.499e-01 5.559627099234484	1.0
chr9_33679778_G_A_b38	1	7.52995e-03	1.407e+00	2.499e-01 5.395086288452148	1.0
chr9_33682141_A_C_b38	1	7.52995e-03	1.407e+00	2.499e-01 5.559627099234484	1.0
chr9_33672393_T_C_b38	1	6.22999e-03	1.407e+00	2.499e-01 5.37071418762207	1.0
chr9_33672344_T_A_b38	1	6.22999e-03	1.407e+00	2.499e-01 5.559627099234484	1.0
chr9_33674503_C_T_b38	1	6.22999e-03	1.407e+00	2.499e-01 5.372222423553467	1.0
chr9_33672538_C_A_b38	1	6.22999e-03	1.407e+00	2.499e-01 5.369553565979004	1.0
chr9_33673937_C_T_b38	1	6.22999e-03	1.407e+00	2.499e-01 5.371345520019531	1.0
chr9_33673798_C_A_b38	1	6.22999e-03	1.407e+00	2.499e-01 5.371345520019531	1.0
chr9_33673794_A_G_b38	1	6.22999e-03	1.407e+00	2.499e-01 5.371113300323486	1.0
chr9_33667496_T_A_b38	1	5.18221e-03	1.407e+00	2.499e-01 5.559627099234484	1.0
chr9_33669386_A_G_b38	1	5.18221e-03	1.407e+00	2.499e-01 5.559627099234484	1.0
chr9_33669376_A_G_b38	1	5.18221e-03	1.407e+00	2.499e-01 5.392423023516289	1.0
chr9_33667282_G_A_b38	1	5.18221e-03	1.407e+00	2.499e-01 5.4720920529075245	1.0
chr9_33669134_G_A_b38	1	5.18221e-03	1.407e+00	2.499e-01 5.559627099234484	1.0
chr9_33667566_C_T_b38	1	5.18221e-03	1.407e+00	2.499e-01 5.559627099234484	1.0
chr9_33667639_G_A_b38	1	5.18221e-03	1.407e+00	2.499e-01 5.559627099234484	1.0
chr9_33669651_A_G_b38	1	5.18221e-03	1.407e+00	2.499e-01 5.559627099234484	1.0
chr9_33685837_C_T_b38	1	4.84390e-03	1.407e+00	2.499e-01 5.404870510101318	1.0
chr9_33685273_C_T_b38	1	4.84390e-03	1.407e+00	2.499e-01 5.397703647613525	1.0
chr9_33687193_A_G_b38	1	4.84390e-03	1.407e+00	2.499e-01 5.404942035675049	1.0
chr9_33683800_C_G_b38	1	4.84390e-03	1.407e+00	2.499e-01 5.397975444793701	1.0
chr9_33686112_A_G_b38	1	4.84390e-03	1.407e+00	2.499e-01 5.404999732971191	1.0
chr9_33685399_G_A_b38	1	4.84390e-03	1.407e+00	2.499e-01 5.4045891761779785	1.0
chr9_33683569_G_C_b38	1	4.84390e-03	1.407e+00	2.499e-01 5.394296646118164	1.0
chr9_33684949_T_C_b38	1	4.84390e-03	1.407e+00	2.499e-01 5.397858619689941	1.0
chr9_33683742_T_C_b38	1	4.84390e-03	1.407e+00	2.499e-01 5.514179229736328	1.0
chr9_33687631_C_T_b38	1	2.18476e-03	1.407e+00	2.492e-01 5.415943145751953	1.0
chr9_33687890_C_T_b38	1	2.18476e-03	1.407e+00	2.492e-01 5.404303550720215	1.0
chr9_33687513_C_G_b38	1	2.18476e-03	1.407e+00	2.492e-01 5.404632568359375	1.0
chr9_33688471_T_A_b38	1	2.18476e-03	1.407e+00	2.492e-01 5.404181003570557	1.0
chr9_33691385_A_C_b38	1	2.18476e-03	1.407e+00	2.492e-01 5.397533893585205	1.0
chr9_33667157_T_C_b38	1	1.86828e-03	1.407e+00	2.492e-01 5.559627099234484	1.0
chr9_33666718_T_C_b38	1	1.86828e-03	1.407e+00	2.492e-01 5.3595805168151855	1.0
chr9_33662952_T_C_b38	1	1.86828e-03	1.407e+00	2.492e-01 5.465286731719972	1.0
chr9_33666450_G_A_b38	1	1.86828e-03	1.407e+00	2.492e-01 5.357969284057617	1.0
chr9_33663770_T_G_b38	1	1.86828e-03	1.407e+00	2.492e-01 5.388913154602051	1.0
chr9_33663503_C_T_b38	1	1.86828e-03	1.407e+00	2.492e-01 5.382661819458008	1.0
chr9_33662559_G_C_b38	1	1.86828e-03	1.407e+00	2.492e-01 5.381800651550293	1.0
chr9_33662916_C_G_b38	1	1.86828e-03	1.407e+00	2.492e-01 5.382455348968506	1.0
chr9_33662085_G_T_b38	1	1.86828e-03	1.407e+00	2.492e-01 5.3664512634277335	1.0
chr9_33662787_A_C_b38	1	1.86828e-03	1.407e+00	2.492e-01 5.384422779083252	1.0
chr9_33664734_C_G_b38	1	1.86828e-03	1.407e+00	2.492e-01 5.336063385009767	1.0
chr9_33662426_G_A_b38	1	1.86828e-03	1.407e+00	2.492e-01 5.386557102203369	1.0
chr9_33732649_C_G_b38	1	7.74402e-04	1.347e+00	2.243e-01 5.198183059692383	1.0
chr9_33717760_A_T_b38	1	7.72245e-04	1.407e+00	2.492e-01 5.389977931976318	1.0
chr9_33719797_T_C_b38	1	7.72245e-04	1.407e+00	2.492e-01 5.394933700561523	1.0
chr9_33721195_C_T_b38	1	7.72245e-04	1.407e+00	2.492e-01 5.393362045288086	1.0
chr9_33716806_A_C_b38	1	7.72245e-04	1.407e+00	2.492e-01 5.397071361541748	1.0
chr9_33710242_C_T_b38	1	7.72245e-04	1.407e+00	2.492e-01 5.394031524658203	1.0
chr9_33677084_G_A_b38	2	1.63453e-02	-2.934e-01	5.183e-01 5.545782602802461	1.0
chr9_33677385_GGCC_G_b38	2	1.59657e-02	-4.667e-01	5.416e-01 5.615444988609232	1.0
chr9_33675132_C_T_b38	2	2.30720e-03	-2.827e-01	5.195e-01 5.487790584564209	1.0
chr9_33662595_G_A_b38	2	1.31533e-03	5.615e-01	8.272e-01 5.391884803771973	1.0
chr9_33669165_G_A_b38	2	9.02034e-04	-2.946e-01	5.022e-01 5.559627099234484	1.0
chr9_33668641_A_G_b38	2	9.02034e-04	-2.946e-01	5.022e-01 5.4821319580078125	1.0
chr9_33686226_A_C_b38	2	8.43147e-04	-2.946e-01	5.022e-01 5.522470474243164	1.0
chr9_33688184_C_T_b38	2	3.52370e-04	-2.946e-01	5.022e-01 5.52858304977417	1.0
chr9_33701370_A_G_b38	2	3.52370e-04	-2.946e-01	5.022e-01 5.53808069229126	1.0
chr9_33690228_G_A_b38	2	3.52370e-04	-2.946e-01	5.022e-01 5.52914571762085	1.0
chr9_33691075_G_A_b38	2	3.52370e-04	-2.946e-01	5.022e-01 5.531478404998778	1.0
chr9_33692397_C_G_b38	2	3.52370e-04	-2.946e-01	5.022e-01 5.54776668548584	1.0
chr9_33689673_A_G_b38	2	3.52370e-04	-2.946e-01	5.022e-01 5.52884578704834	1.0
chr9_33696246_G_T_b38	2	3.52370e-04	-2.946e-01	5.022e-01 5.548506736755371	1.0
chr9_33700437_T_G_b38	2	3.52370e-04	-2.946e-01	5.022e-01 5.574442386627197	1.0
chr9_33701988_A_G_b38	2	3.52370e-04	-2.946e-01	5.022e-01 5.535064220428467	1.0
chr9_33667262_G_A_b38	2	3.01327e-04	-2.946e-01	5.022e-01 5.4668869972229	1.0
chr9_33663251_C_T_b38	2	3.01327e-04	-2.946e-01	5.022e-01 5.497831344604492	1.0
chr9_33722539_T_TG_b38	2	2.05460e-04	2.463e-01	3.976e-01 5.440411822092373	1.0
chr9_33715040_CCAACAACAGCAAAACACACCT_C_b38	2	1.27870e-04	-2.435e-01	5.002e-01 5.512403870925191	1.0
chr9_33720182_C_T_b38	2	1.24552e-04	-2.946e-01	5.022e-01 5.53611946105957	1.0
chr9_33720861_G_A_b38	2	1.24552e-04	-2.946e-01	5.022e-01 5.536170959472656	1.0
chr9_33718727_TTG_T_b38	2	1.24552e-04	-2.946e-01	5.022e-01 5.559627099234484	1.0
chr9_33716970_G_C_b38	2	1.24552e-04	-2.946e-01	5.022e-01 5.538267612457275	1.0
chr9_33677602_T_C_b38	3	3.74517e-04	-1.518e-01	9.857e-02 -2.4321630001068115	1.0
chr9_33677112_A_AC_b38	3	3.62904e-04	-1.518e-01	9.857e-02 -2.3159733738894692	1.0
