chr19_43501293_C_T_b38	1	1.31689e-01	3.242e-01	8.520e-02 6.597778797149657	1.0
chr19_43574316_T_G_b38	1	1.22549e-01	3.414e-01	7.494e-02 7.268715858459473	1.0
chr19_43564249_G_A_b38	1	1.22549e-01	3.414e-01	7.494e-02 7.26315975189209	1.0
chr19_43577584_T_G_b38	1	9.19883e-02	3.358e-01	7.512e-02 7.246121406555176	1.0
chr19_43564554_T_C_b38	1	8.86313e-02	3.265e-01	7.504e-02 7.250791072845459	1.0
chr19_43565589_T_A_b38	1	8.86129e-02	3.265e-01	7.503e-02 7.252719402313232	1.0
chr19_43580251_G_A_b38	1	3.14252e-02	3.277e-01	7.464e-02 7.2906126976013175	1.0
chr19_43568381_C_T_b38	1	2.53120e-02	3.334e-01	7.505e-02 7.2872676849365225	1.0
chr19_43564041_C_T_b38	1	2.53120e-02	3.334e-01	7.505e-02 7.26061201095581	1.0
chr19_43567861_G_T_b38	1	2.53120e-02	3.334e-01	7.505e-02 7.248978137969972	1.0
chr19_43578277_C_A_b38	1	1.92795e-02	3.280e-01	7.528e-02 7.2407188415527335	1.0
chr19_43581675_C_T_b38	1	1.92795e-02	3.280e-01	7.528e-02 7.288818836212157	1.0
chr19_43578398_C_A_b38	1	1.92795e-02	3.280e-01	7.528e-02 7.245827198028564	1.0
chr19_43540396_C_T_b38	1	1.62615e-02	3.098e-01	7.623e-02 7.38478422164917	1.0
chr19_43546814_T_C_b38	1	1.62615e-02	3.098e-01	7.623e-02 7.404145240783691	1.0
chr19_43533218_C_G_b38	1	1.62615e-02	3.098e-01	7.623e-02 7.417213439941406	1.0
chr19_43536845_T_C_b38	1	1.62615e-02	3.098e-01	7.623e-02 7.41765022277832	1.0
chr19_43549390_G_A_b38	1	1.62615e-02	3.098e-01	7.623e-02 7.436112880706787	1.0
chr19_43541349_C_T_b38	1	1.62615e-02	3.098e-01	7.623e-02 7.395325183868407	1.0
chr19_43512767_G_GA_b38	1	1.04100e-02	3.423e-01	4.971e-02 5.7796022340960995	1.0
chr19_43570060_A_G_b38	1	9.86397e-03	2.770e-01	7.048e-02 7.349050045013428	1.0
chr19_43484936_G_A_b38	1	9.61279e-03	3.204e-01	4.484e-02 4.767074108123778	1.0
chr19_43481167_C_CT_b38	1	9.26242e-03	3.191e-01	4.481e-02 4.64851276940154	1.0
chr19_43517153_ATT_A_b38	1	4.66848e-03	3.436e-01	4.988e-02 5.7796022340960995	1.0
chr19_43477120_A_C_b38	1	4.54745e-03	3.230e-01	4.475e-02 4.7275567054748535	1.0
chr19_43488076_C_G_b38	1	4.50501e-03	3.436e-01	4.988e-02 5.88515567779541	1.0
chr19_43491123_G_A_b38	1	4.50501e-03	3.436e-01	4.988e-02 5.905341148376465	1.0
chr19_43462777_G_A_b38	1	3.74640e-03	3.232e-01	4.504e-02 4.5322842597961435	1.0
chr19_43463540_T_C_b38	1	3.74640e-03	3.232e-01	4.504e-02 4.527423858642578	1.0
chr19_43472274_T_C_b38	1	3.74640e-03	3.232e-01	4.504e-02 4.586358070373535	1.0
chr19_43472554_G_A_b38	1	3.74640e-03	3.232e-01	4.504e-02 4.575754165649414	1.0
chr19_43558535_G_A_b38	1	3.13500e-03	3.610e-01	4.980e-02 7.445706844329834	1.0
chr19_43522406_T_C_b38	1	2.93721e-03	3.424e-01	5.005e-02 5.923320770263673	1.0
chr19_43522915_T_C_b38	1	2.93721e-03	3.424e-01	5.005e-02 5.918691158294678	1.0
chr19_43464160_G_A_b38	1	2.61159e-03	3.215e-01	4.516e-02 4.529919624328613	1.0
chr19_43551093_G_A_b38	1	1.80827e-03	3.650e-01	5.185e-02 7.255998611450195	1.0
chr19_43469154_C_G_b38	1	1.17533e-03	3.181e-01	4.517e-02 4.559653282165527	1.0
chr19_43468102_A_G_b38	1	1.17533e-03	3.181e-01	4.517e-02 4.5555453300476065	1.0
chr19_43543164_C_T_b38	1	5.10265e-04	3.634e-01	5.291e-02 6.963157925275343	1.0
chr19_43571109_TCA_T_b38	1	1.70960e-04	3.689e-01	4.793e-02 7.168867497227353	1.0
chr19_43567108_C_A_b38	1	1.70960e-04	3.689e-01	4.793e-02 7.326446533203125	1.0
chr19_43511173_A_C_b38	2	1.60014e-01	-3.012e-01	7.884e-02 2.6064131259918213	1.0
chr19_43495843_G_A_b38	2	1.41352e-01	-3.012e-01	7.884e-02 2.6153652667999268	1.0
chr19_43499033_A_G_b38	2	1.41333e-01	-3.012e-01	7.884e-02 2.617339611053467	1.0
chr19_43527989_G_A_b38	2	6.31544e-02	-2.866e-01	7.914e-02 2.5504064559936523	1.0
chr19_43527218_C_T_b38	2	4.97151e-02	-2.813e-01	7.953e-02 2.5275840759277344	1.0
chr19_43488685_C_T_b38	2	4.79743e-02	-2.813e-01	7.953e-02 2.640007972717285	1.0
chr19_43491087_C_T_b38	2	4.79743e-02	-2.813e-01	7.953e-02 2.630934238433838	1.0
chr19_43553422_G_A_b38	2	4.34161e-02	-3.038e-01	7.143e-02 2.5105817317962646	1.0
chr19_43553896_G_A_b38	2	4.34161e-02	-3.038e-01	7.143e-02 2.473660945892334	1.0
chr19_43514017_C_T_b38	2	2.35375e-02	-2.994e-01	8.301e-02 2.5153095722198486	1.0
chr19_43574076_ATTATT_A_b38	2	1.49035e-02	-3.040e-01	7.139e-02 2.3589179365918564	1.0
chr19_43536101_A_G_b38	2	1.22387e-02	-2.778e-01	7.078e-02 2.4474425315856934	1.0
chr19_43549765_C_G_b38	2	1.22387e-02	-2.778e-01	7.078e-02 2.3392727375030518	1.0
chr19_43547432_C_T_b38	2	7.51270e-03	-2.653e-01	6.960e-02 2.4928102493286133	1.0
chr19_43477478_C_T_b38	2	6.33890e-03	-2.398e-01	6.334e-02 2.5753014087677	1.0
chr19_43478186_G_A_b38	2	6.33890e-03	-2.398e-01	6.334e-02 2.547556161880493	1.0
chr19_43478653_A_G_b38	2	6.33890e-03	-2.398e-01	6.334e-02 2.55765151977539	1.0
chr19_43578285_C_T_b38	2	6.06037e-03	-2.867e-01	7.091e-02 2.5593695640563965	1.0
chr19_43565880_AGT_A_b38	2	6.06037e-03	-2.867e-01	7.091e-02 2.3504090825587105	1.0
chr19_43569410_A_G_b38	2	6.06037e-03	-2.867e-01	7.091e-02 2.466168165206909	1.0
chr19_43538047_A_G_b38	2	5.46284e-03	-2.619e-01	7.038e-02 2.517184972763061	1.0
chr19_43545709_G_T_b38	2	5.46284e-03	-2.619e-01	7.038e-02 2.4828734397888184	1.0
chr19_43534795_G_A_b38	2	5.46284e-03	-2.619e-01	7.038e-02 2.514532804489136	1.0
chr19_43542576_T_C_b38	2	5.46284e-03	-2.619e-01	7.038e-02 2.545159339904785	1.0
chr19_43549744_G_GGTCTC_b38	2	5.46284e-03	-2.619e-01	7.038e-02 2.4151387089700926	1.0
chr19_43499065_T_A_b38	2	2.37615e-03	-1.729e-01	5.724e-02 2.633321046829224	1.0
chr19_43559255_G_A_b38	2	2.31917e-03	-2.705e-01	6.992e-02 2.372271940945235	1.0
chr19_43559250_A_G_b38	2	2.31917e-03	-2.705e-01	6.992e-02 2.2186033725738525	1.0
chr19_43559254_T_C_b38	2	2.31917e-03	-2.705e-01	6.992e-02 2.4064333694704083	1.0
chr19_43556501_G_C_b38	2	1.38886e-03	-2.622e-01	7.021e-02 2.3845157623291016	1.0
chr19_43580738_T_TA_b38	2	1.38886e-03	-2.622e-01	7.021e-02 2.4151387089700926	1.0
chr19_43580742_T_C_b38	2	1.38886e-03	-2.622e-01	7.021e-02 2.542742729187012	1.0
chr19_43582149_T_C_b38	2	1.38886e-03	-2.622e-01	7.021e-02 2.5453472137451167	1.0
chr19_43504696_G_C_b38	3	3.60798e-01	1.592e-01	4.502e-02 5.3094658851623535	1.0
chr19_43504203_C_A_b38	3	5.73257e-02	1.573e-01	4.507e-02 5.3158860206604	1.0
chr19_43505212_C_T_b38	4	2.39890e-03	-1.384e-02	5.262e-02 -3.2472243309021	1.0
chr19_43504337_G_A_b38	4	3.10791e-04	-1.396e-02	5.265e-02 -3.2437186241149902	1.0
chr19_43504376_C_T_b38	4	2.92294e-04	-1.391e-02	5.266e-02 -3.243449211120605	1.0
