chr1_109509517_A_G_b38	1	9.83059e-01	2.179e-01	4.041e-02 -4.6643476486206055	1.0
chr1_109510068_G_A_b38	2	1.23600e-01	-1.469e-01	5.334e-02 -3.0089190006256104	1.0
chr1_109510740_GTTAGCTGTTC_G_b38	2	6.95082e-03	-1.155e-01	5.401e-02 -2.4346390828775943	1.0
chr1_109512058_C_T_b38	2	6.95082e-03	-1.155e-01	5.401e-02 -2.692862033843994	1.0
chr1_109511739_T_A_b38	2	3.74970e-03	-9.338e-02	5.088e-02 -3.027055501937866	1.0
chr1_109516871_G_A_b38	2	2.89932e-03	-1.168e-01	5.311e-02 -2.606483459472656	1.0
chr1_109513504_C_T_b38	2	2.24494e-03	-9.439e-02	5.039e-02 -3.02461314201355	1.0
chr1_109512486_C_T_b38	2	2.24494e-03	-9.439e-02	5.039e-02 -3.033253669738769	1.0
chr1_109553275_A_G_b38	2	2.10510e-03	1.361e-01	4.625e-02 1.6086077690124512	1.0
chr1_109555114_T_A_b38	2	2.10510e-03	1.361e-01	4.625e-02 1.6053303480148315	1.0
chr1_109514370_T_A_b38	2	1.72490e-03	-8.565e-02	5.115e-02 -2.8718502521514893	1.0
chr1_109516262_TAA_T_b38	2	1.68075e-03	-9.635e-02	5.143e-02 -2.6027243845592767	1.0
chr1_109541786_G_A_b38	3	1.77886e-03	1.958e-01	6.860e-02 -1.3207805156707764	1.0
chr1_109558702_TTTTGCTCCTTATTAATAA_T_b38	3	4.37692e-04	1.333e-01	5.221e-02 -1.8497001550269665	1.0
chr1_109557236_T_C_b38	3	3.51081e-04	1.329e-01	5.479e-02 -1.7592943906784058	1.0
chr1_109538187_G_T_b38	3	3.22061e-04	1.408e-01	6.321e-02 -1.4805033206939695	1.0
chr1_109548649_C_T_b38	3	2.84209e-04	1.248e-01	5.258e-02 -1.7652425765991209	1.0
chr1_109542205_C_T_b38	3	2.31696e-04	1.316e-01	5.988e-02 -1.5210589170455933	1.0
chr1_109566120_G_A_b38	3	2.13613e-04	1.473e-01	5.557e-02 -1.4595988988876345	1.0
chr1_109571730_A_G_b38	3	2.13613e-04	1.473e-01	5.557e-02 -1.4408535957336426	1.0
chr1_109564422_T_C_b38	3	2.13613e-04	1.473e-01	5.557e-02 -1.5001864433288574	1.0
chr1_109540981_C_A_b38	3	1.80973e-04	1.318e-01	6.547e-02 -1.7715492248535156	1.0
chr1_109543829_G_A_b38	3	1.80973e-04	1.318e-01	6.547e-02 -1.7863702774047852	1.0
chr1_109544783_T_C_b38	3	1.80973e-04	1.318e-01	6.547e-02 -1.8386795520782468	1.0
chr1_109571607_T_G_b38	3	1.20226e-04	1.251e-01	4.859e-02 -1.697787880897522	1.0
chr1_109561567_A_C_b38	3	1.20226e-04	1.251e-01	4.859e-02 -1.7684301137924194	1.0
chr1_109571500_G_A_b38	3	8.55364e-05	1.238e-01	5.005e-02 -1.7039046287536619	1.0
chr1_109604665_C_T_b38	3	7.78928e-05	1.228e-01	4.702e-02 -1.9972012042999268	1.0
chr1_109608140_TA_T_b38	3	7.78928e-05	1.228e-01	4.702e-02 -2.022179729665679	1.0
chr1_109580215_G_A_b38	3	7.41483e-05	1.263e-01	4.963e-02 -2.0601916313171387	1.0
chr1_109598799_T_C_b38	3	6.01283e-05	1.150e-01	4.768e-02 -1.9782390594482424	1.0
chr1_109601133_C_A_b38	3	6.01283e-05	1.150e-01	4.768e-02 -1.9981507062911987	1.0
chr1_109588019_A_T_b38	3	5.38001e-05	1.137e-01	4.868e-02 -1.6891096830368042	1.0
chr1_109587118_C_T_b38	3	5.38001e-05	1.137e-01	4.868e-02 -1.6876627206802368	1.0
chr1_109595487_C_T_b38	3	5.38001e-05	1.137e-01	4.868e-02 -2.0834615230560303	1.0
chr1_109580712_G_A_b38	3	5.38001e-05	1.137e-01	4.868e-02 -2.0624141693115234	1.0
chr1_109588483_G_A_b38	3	3.94200e-05	1.075e-01	4.977e-02 -1.9502725601196291	1.0
chr1_109591588_TA_T_b38	3	3.57004e-05	1.024e-01	4.767e-02 -2.0902878816230968	1.0
chr1_109582266_C_T_b38	3	3.57004e-05	1.024e-01	4.767e-02 -1.9584569931030276	1.0
chr1_109587642_G_A_b38	3	3.57004e-05	1.024e-01	4.767e-02 -1.9586715698242188	1.0
chr1_109581349_A_G_b38	3	3.57004e-05	1.024e-01	4.767e-02 -2.3668782711029053	1.0
chr1_109594224_T_A_b38	3	3.57004e-05	1.024e-01	4.767e-02 -1.959438681602478	1.0
chr1_109594056_C_T_b38	3	3.57004e-05	1.024e-01	4.767e-02 -1.958945751190185	1.0
chr1_109577110_C_T_b38	3	3.57004e-05	1.024e-01	4.767e-02 -2.3219542503356934	1.0
chr1_109587213_T_C_b38	3	2.98680e-05	1.004e-01	4.912e-02 -1.948619484901428	1.0
chr1_109592686_G_A_b38	3	2.98680e-05	1.004e-01	4.912e-02 -1.967235326766968	1.0
chr1_109593700_GAT_G_b38	3	2.98680e-05	1.004e-01	4.912e-02 -2.0902878816230968	1.0
chr1_109577526_C_T_b38	3	2.98680e-05	1.004e-01	4.912e-02 -2.3536550998687744	1.0
chr1_109611768_C_T_b38	3	1.55619e-05	1.281e-01	4.875e-02 -2.025719404220581	1.0
chr1_109610576_G_A_b38	3	1.55619e-05	1.281e-01	4.875e-02 -2.030731201171875	1.0
chr1_109612902_T_C_b38	3	1.55619e-05	1.281e-01	4.875e-02 -1.997793793678284	1.0
chr1_109612400_T_C_b38	3	1.55619e-05	1.281e-01	4.875e-02 -2.0291860103607178	1.0
chr1_109571989_C_G_b38	3	1.33885e-05	6.393e-02	4.608e-02 -2.038804292678833	1.0
