chr9_136727975_G_GGCCCCCATCCCGCGGCTCGC_b38	1	9.99016e-01	-8.565e-01	5.672e-02 -5.752517691997548	1.0
chr9_136725815_G_A_b38	2	9.99016e-01	6.121e-01	6.417e-02 -2.335292100906372	1.0
chr9_136722787_GAC_G_b38	3	9.33054e-01	-3.827e-01	6.261e-02 -2.74495429156886	1.0
chr9_136726668_A_G_b38	3	1.99865e-02	-3.293e-01	8.471e-02 -2.9077694416046143	1.0
chr9_136723831_A_G_b38	3	1.68206e-02	-3.268e-01	8.378e-02 -2.8671436309814453	1.0
chr9_136724914_C_G_b38	3	1.43345e-02	-3.160e-01	8.527e-02 -2.904137134552002	1.0
chr9_136726243_C_T_b38	3	1.39893e-02	-3.148e-01	8.696e-02 -2.9038684368133545	1.0
chr9_136726465_C_T_b38	3	1.94256e-04	-1.812e-01	4.062e-02 -2.828740119934082	1.0
chr9_136727572_G_A_b38	3	1.62786e-04	-1.880e-01	4.134e-02 1.3852730989456177	1.0
chr9_136727374_C_T_b38	3	8.52347e-05	-1.626e-01	3.993e-02 -2.6296558380126958	1.0
chr9_136723174_G_A_b38	3	7.83424e-05	-2.015e-01	4.182e-02 1.0355159044265747	1.0
chr9_136722927_G_A_b38	3	7.64640e-05	-1.874e-01	4.162e-02 -3.0090112686157227	1.0
chr9_136723210_T_C_b38	3	7.19401e-05	-1.779e-01	4.080e-02 -2.848888397216797	1.0
chr9_136719614_A_C_b38	3	4.15788e-05	-1.916e-01	4.127e-02 0.9344302783805614	1.0
chr9_136721097_G_A_b38	3	3.12294e-05	-1.915e-01	4.188e-02 1.075658679008484	1.0
chr9_136721496_T_C_b38	3	3.09098e-05	-1.918e-01	4.194e-02 0.9251286397883992	1.0
chr9_136724386_C_A_b38	3	2.85414e-05	-1.818e-01	4.133e-02 1.036678910255432	1.0
chr9_136746621_C_CG_b38	4	3.54909e-01	-2.980e-01	6.559e-02 2.022058987248072	1.0
chr9_136748746_G_T_b38	4	2.89523e-01	-2.963e-01	6.443e-02 2.018740177154541	1.0
chr9_136748806_C_T_b38	4	2.73107e-01	-2.955e-01	6.377e-02 2.0185110569000244	1.0
chr9_136762064_C_T_b38	4	2.42311e-02	-2.645e-01	4.605e-02 1.909901976585388	1.0
chr9_136754466_T_G_b38	4	1.59614e-02	-2.724e-01	5.364e-02 2.095408201217652	1.0
chr9_136760420_A_T_b38	4	1.20410e-02	-2.641e-01	4.830e-02 2.1747212409973145	1.0
chr9_136757877_G_C_b38	4	7.88506e-03	-2.585e-01	4.789e-02 2.1428685188293457	1.0
chr9_136760375_C_CG_b38	4	5.80368e-03	-2.810e-01	5.382e-02 1.8758369952554628	1.0
chr9_136757507_T_C_b38	4	5.27848e-03	-2.460e-01	4.545e-02 2.1095356941223145	1.0
chr9_136754202_C_A_b38	4	4.22789e-03	-2.423e-01	4.525e-02 2.1120073795318604	1.0
chr9_136754045_G_A_b38	4	3.88686e-03	-2.423e-01	4.537e-02 2.0911641120910645	1.0
chr9_136728638_C_T_b38	5	8.69719e-02	1.459e-01	6.463e-02 0.8076301217079163	1.0
chr9_136745581_C_T_b38	5	4.86656e-02	3.320e-01	9.833e-02 1.1715115308761597	1.0
chr9_136728296_G_C_b38	5	1.98768e-02	7.857e-02	4.406e-02 0.6643300056457521	1.0
chr9_136727391_C_A_b38	5	4.40087e-03	-1.371e-01	1.004e-01 0.7385282516479492	1.0
chr9_136726185_G_A_b38	6	4.00938e-03	5.131e-01	1.462e-01 -5.607199668884277	1.0
chr9_136726514_C_T_b38	6	8.15485e-04	3.960e-01	1.651e-01 -5.60854434967041	1.0
chr9_136729249_C_T_b38	6	7.01609e-04	2.621e-01	1.199e-01 -5.187346458435059	1.0
chr9_136725881_C_T_b38	6	6.83322e-04	3.125e-01	1.424e-01 -5.600998878479004	1.0
chr9_136725637_G_C_b38	6	4.70447e-04	3.960e-01	1.651e-01 -5.604769229888916	1.0
chr9_136725506_G_A_b38	6	4.70447e-04	3.960e-01	1.651e-01 -5.6001152992248535	1.0
chr9_136730928_G_A_b38	6	4.51265e-04	2.860e-01	1.232e-01 -5.179556369781494	1.0
chr9_136723384_C_T_b38	6	4.12349e-04	3.351e-01	1.496e-01 -5.597966194152832	1.0
chr9_136726655_AG_A_b38	6	3.84890e-04	1.549e-01	9.233e-02 -5.055938565382662	1.0
chr9_136719546_C_T_b38	6	2.34815e-04	3.919e-01	1.650e-01 -5.503417015075684	1.0
