chr6_155264099_A_G_b38	1	1.69782e-01	4.040e-01	7.369e-02 6.8695807456970215	1.0
chr6_155263222_T_C_b38	1	7.47084e-02	3.744e-01	6.817e-02 7.343107223510742	1.0
chr6_155265503_CAGA_C_b38	1	2.84380e-02	3.743e-01	6.813e-02 7.2664458027223535	1.0
chr6_155266288_A_G_b38	1	2.84380e-02	3.743e-01	6.813e-02 7.31410551071167	1.0
chr6_155266462_A_C_b38	1	2.84380e-02	3.743e-01	6.813e-02 7.3308963775634775	1.0
chr6_155255311_G_A_b38	1	2.52448e-02	-3.800e-01	6.689e-02 -7.550026893615723	1.0
chr6_155262539_A_C_b38	1	2.37291e-02	3.742e-01	6.811e-02 7.342967987060548	1.0
chr6_155268639_G_A_b38	1	1.78466e-02	3.729e-01	6.788e-02 7.351728439331055	1.0
chr6_155266771_T_C_b38	1	1.78400e-02	3.742e-01	6.811e-02 7.30880069732666	1.0
chr6_155267241_T_C_b38	1	1.78400e-02	3.742e-01	6.811e-02 7.316025257110597	1.0
chr6_155267255_A_G_b38	1	1.78400e-02	3.742e-01	6.811e-02 7.3168487548828125	1.0
chr6_155266613_A_G_b38	1	1.78400e-02	3.742e-01	6.811e-02 7.2890777587890625	1.0
chr6_155267327_G_A_b38	1	1.78400e-02	3.742e-01	6.811e-02 7.336962223052978	1.0
chr6_155260052_C_T_b38	1	1.54467e-02	3.741e-01	6.811e-02 7.35737943649292	1.0
chr6_155260155_C_A_b38	1	1.54467e-02	3.741e-01	6.811e-02 7.346928596496582	1.0
chr6_155260485_G_A_b38	1	1.54467e-02	3.741e-01	6.811e-02 7.34698486328125	1.0
chr6_155259207_A_G_b38	1	1.54467e-02	3.741e-01	6.811e-02 7.353122234344482	1.0
chr6_155259134_T_C_b38	1	1.54467e-02	3.741e-01	6.811e-02 7.352475166320801	1.0
chr6_155260770_C_T_b38	1	1.54467e-02	3.741e-01	6.811e-02 7.345968246459961	1.0
chr6_155261081_T_G_b38	1	1.54467e-02	3.741e-01	6.811e-02 7.33231782913208	1.0
chr6_155273503_C_T_b38	1	1.19585e-02	3.740e-01	6.809e-02 7.163240909576416	1.0
chr6_155273810_T_C_b38	1	1.19585e-02	3.740e-01	6.809e-02 7.344895362854004	1.0
chr6_155269559_C_T_b38	1	1.19585e-02	3.740e-01	6.809e-02 7.349377155303955	1.0
chr6_155272895_A_G_b38	1	1.19585e-02	3.740e-01	6.809e-02 7.3505425453186035	1.0
chr6_155273641_A_T_b38	1	1.19585e-02	3.740e-01	6.809e-02 7.382359027862549	1.0
chr6_155269950_C_T_b38	1	1.13179e-02	3.744e-01	6.823e-02 7.113446235656737	1.0
chr6_155258547_A_AAT_b38	1	1.11205e-02	3.740e-01	6.809e-02 7.265840057340177	1.0
chr6_155257465_A_T_b38	1	1.11205e-02	3.740e-01	6.809e-02 7.314803123474121	1.0
chr6_155254412_C_G_b38	1	1.11205e-02	-3.740e-01	6.809e-02 -7.246528148651122	1.0
chr6_155258900_CTGA_C_b38	1	1.11205e-02	3.740e-01	6.809e-02 7.2664458027223535	1.0
chr6_155258423_A_G_b38	1	1.11205e-02	3.740e-01	6.809e-02 7.3548622131347665	1.0
chr6_155257622_A_T_b38	1	1.11205e-02	3.740e-01	6.809e-02 7.313415050506593	1.0
chr6_155254807_C_T_b38	1	1.11205e-02	-3.740e-01	6.809e-02 -7.3660526275634775	1.0
chr6_155256240_T_C_b38	1	1.11205e-02	3.740e-01	6.809e-02 7.3285279273986825	1.0
chr6_155269675_A_T_b38	1	1.07037e-02	3.729e-01	6.812e-02 7.119229316711426	1.0
chr6_155283012_T_C_b38	1	8.73935e-03	4.020e-01	7.178e-02 6.828203201293945	1.0
chr6_155285901_A_G_b38	1	8.73935e-03	4.020e-01	7.178e-02 6.813540458679199	1.0
chr6_155277543_A_C_b38	1	8.73935e-03	4.020e-01	7.178e-02 6.81613826751709	1.0
chr6_155253064_C_T_b38	1	6.74603e-03	-3.797e-01	6.851e-02 -7.361132144927978	1.0
chr6_155257579_AAGAT_A_b38	1	6.63874e-03	3.965e-01	7.359e-02 6.840983037829024	1.0
chr6_155276664_C_CTTTTTT_b38	1	5.61178e-03	3.737e-01	6.807e-02 7.2664458027223535	1.0
chr6_155276510_A_G_b38	1	5.61178e-03	3.737e-01	6.807e-02 7.335052490234375	1.0
chr6_155275767_T_C_b38	1	5.61178e-03	3.737e-01	6.807e-02 7.3054261207580575	1.0
chr6_155276552_C_G_b38	1	5.61178e-03	3.737e-01	6.807e-02 7.3353800773620605	1.0
chr6_155275212_T_C_b38	1	5.61178e-03	3.737e-01	6.807e-02 7.349719047546388	1.0
chr6_155275151_A_G_b38	1	5.61178e-03	3.737e-01	6.807e-02 7.2664458027223535	1.0
chr6_155274348_G_C_b38	1	5.61178e-03	3.737e-01	6.807e-02 7.34548282623291	1.0
chr6_155242460_T_C_b38	1	5.44375e-03	-3.737e-01	6.807e-02 -7.231724262237549	1.0
chr6_155242154_C_T_b38	1	5.44375e-03	-3.737e-01	6.807e-02 -7.234927654266357	1.0
chr6_155265464_A_C_b38	1	5.22714e-03	3.573e-01	7.001e-02 7.299208641052246	1.0
chr6_155256689_C_T_b38	1	5.07378e-03	3.651e-01	6.868e-02 7.338268280029298	1.0
chr6_155314147_G_GTTC_b38	1	4.89860e-03	3.967e-01	6.698e-02 5.465148354677812	1.0
chr6_155311804_T_C_b38	1	4.87605e-03	3.864e-01	6.800e-02 5.628485679626465	1.0
chr6_155314503_A_C_b38	1	4.68379e-03	3.978e-01	6.727e-02 5.5339012145996085	1.0
chr6_155314490_A_G_b38	1	4.68379e-03	3.978e-01	6.727e-02 5.485620975494385	1.0
chr6_155252700_T_C_b38	1	4.31886e-03	-3.676e-01	6.755e-02 -7.601919651031494	1.0
chr6_155274993_C_T_b38	1	4.30804e-03	3.690e-01	6.794e-02 7.2199374699947585	1.0
chr6_155240662_C_T_b38	1	4.17876e-03	-4.059e-01	7.457e-02 -6.8548946380615225	1.0
chr6_155302575_G_A_b38	1	4.14863e-03	3.846e-01	6.809e-02 5.8317389488220215	1.0
chr6_155303464_C_T_b38	1	4.14863e-03	3.846e-01	6.809e-02 5.612553596496582	1.0
chr6_155306096_G_A_b38	1	3.99734e-03	3.824e-01	6.790e-02 5.624320030212402	1.0
chr6_155308851_C_T_b38	1	3.99734e-03	3.824e-01	6.790e-02 5.629660129547119	1.0
chr6_155266575_T_G_b38	1	3.22670e-03	3.568e-01	6.997e-02 7.263903617858888	1.0
chr6_155266568_T_C_b38	1	3.22670e-03	3.568e-01	6.997e-02 7.274928092956543	1.0
chr6_155294594_A_G_b38	1	3.07494e-03	4.013e-01	7.173e-02 6.772964954376222	1.0
chr6_155291225_A_G_b38	1	3.07494e-03	4.013e-01	7.173e-02 6.8030781745910645	1.0
chr6_155294851_A_G_b38	1	3.07494e-03	4.013e-01	7.173e-02 6.772714138031006	1.0
chr6_155296059_G_C_b38	1	3.07494e-03	4.013e-01	7.173e-02 6.770034313201902	1.0
chr6_155260701_T_G_b38	1	2.80082e-03	3.568e-01	6.997e-02 7.3150267601013175	1.0
chr6_155246749_A_G_b38	1	2.59356e-03	-3.555e-01	6.679e-02 -7.549286365509032	1.0
chr6_155247747_A_G_b38	1	2.59356e-03	-3.555e-01	6.679e-02 -7.5801448822021475	1.0
chr6_155243956_C_T_b38	1	2.47663e-03	-3.648e-01	6.865e-02 -7.325586161374832	1.0
chr6_155243955_T_C_b38	1	2.47663e-03	-3.648e-01	6.865e-02 -7.241465091705322	1.0
chr6_155245016_C_T_b38	1	2.47663e-03	-3.648e-01	6.865e-02 -7.284043788909912	1.0
chr6_155245030_C_A_b38	1	2.47663e-03	-3.648e-01	6.865e-02 -7.287275791168213	1.0
chr6_155314451_A_C_b38	1	2.44847e-03	3.819e-01	6.620e-02 5.944304466247559	1.0
chr6_155314679_G_GTT_b38	1	2.43183e-03	3.817e-01	6.619e-02 5.7497551787804655	1.0
chr6_155314673_CCG_C_b38	1	2.43183e-03	3.817e-01	6.619e-02 5.7497551787804655	1.0
chr6_155254733_G_A_b38	1	2.02899e-03	-3.568e-01	6.997e-02 -7.306027889251709	1.0
chr6_155254473_G_A_b38	1	2.02899e-03	-3.568e-01	6.997e-02 -7.312456130981445	1.0
chr6_155258112_A_C_b38	1	2.02899e-03	3.568e-01	6.997e-02 7.331917285919189	1.0
chr6_155245265_C_G_b38	1	1.73553e-03	-3.550e-01	6.790e-02 -7.305188179016112	1.0
chr6_155264734_G_A_b38	2	2.06359e-02	-4.169e-01	1.833e-01 -0.8045192360877991	1.0
chr6_155265462_G_A_b38	2	1.14599e-02	-4.114e-01	1.770e-01 -0.7767582535743713	1.0
chr6_155261814_C_G_b38	2	8.36919e-03	-3.861e-01	1.717e-01 -0.7753269076347351	1.0
chr6_155267134_C_T_b38	2	6.80429e-03	-4.209e-01	1.798e-01 -0.7852777242660522	1.0
chr6_155261216_G_A_b38	2	5.35767e-03	-4.206e-01	1.798e-01 -0.7873730659484863	1.0
chr6_155257384_A_ATT_b38	2	3.81499e-03	-4.205e-01	1.798e-01 -0.6337729501078243	1.0
chr6_155252141_C_T_b38	2	3.42878e-03	-4.792e-01	1.792e-01 -0.7633543014526367	1.0
chr6_155272265_G_A_b38	2	1.71451e-03	-3.181e-01	1.583e-01 0.2405594140291214	1.0
chr6_155287532_ACTC_A_b38	2	1.49069e-03	-3.682e-01	1.560e-01 -0.6802061941303269	1.0
chr6_155253293_A_G_b38	2	1.18955e-03	-4.224e-01	1.798e-01 -0.9150987863540648	1.0
chr6_155260763_A_G_b38	2	7.82186e-04	-2.949e-01	2.006e-01 -0.7828220129013062	1.0
chr6_155275566_T_C_b38	2	4.68101e-04	-3.139e-01	1.583e-01 0.2418456077575684	1.0
chr6_155281448_G_T_b38	2	4.68101e-04	-3.139e-01	1.583e-01 0.287894070148468	1.0
chr6_155298841_T_A_b38	2	3.00680e-04	-4.333e-01	1.747e-01 -0.6267591714859009	1.0
chr6_155298299_G_A_b38	2	3.00680e-04	-4.333e-01	1.747e-01 -0.6268536448478699	1.0
chr6_155270950_T_G_b38	2	2.79946e-04	-1.797e-01	1.442e-01 0.1289074867963791	1.0
chr6_155277008_T_C_b38	2	2.01337e-04	-2.983e-01	2.006e-01 -0.7394769606887768	1.0
chr6_155286985_G_A_b38	2	2.01337e-04	-2.983e-01	2.006e-01 -0.6337729501078243	1.0
chr6_155240164_A_G_b38	2	1.95308e-04	-2.983e-01	2.006e-01 -0.9069852828979492	1.0
chr6_155246000_A_G_b38	2	1.95308e-04	-2.983e-01	2.006e-01 -0.9098114967346193	1.0
chr6_155243789_G_T_b38	2	1.95308e-04	-2.983e-01	2.006e-01 -0.9023004770278932	1.0
chr6_155239360_A_G_b38	2	1.80785e-04	-2.684e-01	1.877e-01 -0.922855794429779	1.0
chr6_155241041_T_C_b38	2	1.74677e-04	-2.600e-01	1.850e-01 -0.8979909420013428	1.0
chr6_155296687_A_AGTGGCATCGATGGCTGTTGCATCCCT_b38	2	1.36714e-04	-3.299e-01	1.624e-01 0.14396812819109972	1.0
chr6_155293747_C_T_b38	2	1.21447e-04	-3.099e-01	1.582e-01 0.3125731348991394	1.0
chr6_155304155_G_A_b38	2	6.04496e-05	-2.712e-01	1.598e-01 -0.5955493450164795	1.0
chr6_155238778_A_G_b38	2	5.43636e-05	-3.029e-01	2.006e-01 -0.91812002658844	1.0
chr6_155302490_G_A_b38	2	5.21456e-05	-3.029e-01	2.006e-01 -0.5812435746192932	1.0
chr6_155295763_T_C_b38	2	5.21456e-05	-3.029e-01	2.006e-01 -0.6827117204666138	1.0
chr6_155299762_T_C_b38	2	5.21456e-05	-3.029e-01	2.006e-01 -0.6014559268951416	1.0
chr6_155313533_T_C_b38	2	5.21456e-05	-3.029e-01	2.006e-01 -0.6203271150588989	1.0
chr6_155264144_C_T_b38	3	1.81899e-03	2.610e-01	9.770e-02 5.506422519683838	1.0
chr6_155241463_C_T_b38	3	1.38633e-03	-3.277e-01	6.346e-02 -5.526879787445068	1.0
chr6_155240430_C_T_b38	3	1.38633e-03	-3.277e-01	6.346e-02 -5.664177417755128	1.0
chr6_155239346_C_T_b38	3	1.36536e-03	-3.364e-01	6.512e-02 -6.154573917388916	1.0
chr6_155246746_T_C_b38	3	1.32149e-03	-3.502e-01	6.783e-02 -7.307248592376709	1.0
chr6_155247182_C_T_b38	3	1.32149e-03	-3.502e-01	6.783e-02 -7.295219421386719	1.0
chr6_155246727_A_C_b38	3	1.32149e-03	-3.502e-01	6.783e-02 -7.252114295959473	1.0
chr6_155247685_A_G_b38	3	1.06695e-03	-3.495e-01	6.836e-02 -7.236584186553955	1.0
chr6_155242707_G_A_b38	3	9.90850e-04	-3.565e-01	6.993e-02 -7.221660614013673	1.0
chr6_155253344_G_A_b38	3	9.90850e-04	-3.565e-01	6.993e-02 -7.35150146484375	1.0
chr6_155258266_A_G_b38	3	9.80750e-04	3.197e-01	6.509e-02 5.948460102081299	1.0
chr6_155250202_A_G_b38	3	9.49620e-04	-3.733e-01	7.327e-02 -6.885189533233643	1.0
chr6_155259890_G_T_b38	3	9.07993e-04	3.110e-01	6.468e-02 5.901673316955566	1.0
chr6_155243168_T_G_b38	3	8.40805e-04	-3.463e-01	6.850e-02 -7.2753849029541025	1.0
chr6_155250563_T_C_b38	3	8.40805e-04	-3.463e-01	6.850e-02 -7.341912269592285	1.0
chr6_155248504_G_C_b38	3	8.40805e-04	-3.463e-01	6.850e-02 -7.29610538482666	1.0
chr6_155254297_C_T_b38	3	7.01563e-04	-3.389e-01	7.007e-02 -7.294158458709718	1.0
chr6_155233217_G_T_b38	3	5.90156e-04	-3.309e-01	6.383e-02 -5.747347354888916	1.0
chr6_155238431_C_T_b38	3	5.44135e-04	-3.277e-01	6.346e-02 -5.668142318725586	1.0
chr6_155236187_G_A_b38	3	5.44135e-04	-3.277e-01	6.346e-02 -5.5185651779174805	1.0
chr6_155239940_T_C_b38	3	5.09813e-04	-3.164e-01	6.429e-02 -5.631246566772461	1.0
chr6_155229539_T_C_b38	3	4.98442e-04	-3.584e-01	6.951e-02 -7.572737216949463	1.0
chr6_155229871_C_T_b38	3	4.98442e-04	-3.584e-01	6.951e-02 -7.5926032066345215	1.0
chr6_155292598_T_C_b38	3	4.25305e-04	3.772e-01	7.344e-02 6.7469544410705575	1.0
chr6_155244610_T_C_b38	3	3.75080e-04	-3.394e-01	6.988e-02 -7.166891098022461	1.0
chr6_155232840_C_T_b38	3	3.27998e-04	-3.258e-01	6.458e-02 -5.741223812103272	1.0
chr6_155232698_C_T_b38	3	2.97731e-04	-3.751e-01	7.441e-02 -7.061521053314209	1.0
chr6_155262486_G_C_b38	3	2.73955e-04	2.923e-01	6.700e-02 5.513523578643799	1.0
chr6_155266063_C_A_b38	3	2.48332e-04	2.853e-01	6.668e-02 5.504603862762451	1.0
chr6_155232714_A_AG_b38	3	2.12314e-04	-3.225e-01	6.530e-02 -5.506931537881887	1.0
chr6_155262411_G_A_b38	3	2.03424e-04	2.853e-01	6.668e-02 5.507693290710449	1.0
chr6_155232718_ATCTC_A_b38	3	1.99279e-04	-3.217e-01	6.534e-02 -5.507368554976564	1.0
chr6_155235220_G_A_b38	3	1.95953e-04	-3.319e-01	6.749e-02 -5.6237101554870605	1.0
chr6_155230785_A_AT_b38	3	1.77509e-04	3.198e-01	6.535e-02 5.4037497961740275	1.0
chr6_155241030_A_G_b38	3	1.52377e-04	-2.947e-01	6.396e-02 -5.596851348876953	1.0
chr6_155248580_A_G_b38	3	1.47796e-04	-3.217e-01	6.971e-02 -7.310103893280028	1.0
chr6_155252197_A_G_b38	3	1.47796e-04	-3.217e-01	6.971e-02 -7.340052604675293	1.0
chr6_155247409_C_A_b38	3	1.03690e-04	-3.162e-01	6.995e-02 -7.2943177223205575	1.0
chr6_155292983_C_T_b38	3	6.69525e-05	3.340e-01	7.159e-02 4.679683208465576	1.0
chr6_155236038_A_G_b38	3	6.06087e-05	-3.016e-01	6.532e-02 -5.624524116516113	1.0
chr6_155233368_A_G_b38	3	6.04536e-05	-2.990e-01	6.478e-02 -5.762660026550293	1.0
chr6_155234392_G_C_b38	3	2.85904e-05	-2.906e-01	6.581e-02 -5.807204246520996	1.0
