chr8_21920084_C_G_b38	1	3.11130e-01	1.797e-01	3.795e-02 -6.378078460693359	1.0
chr8_21920571_T_C_b38	1	1.63729e-01	1.813e-01	3.267e-02 -6.333045959472656	1.0
chr8_21974983_A_C_b38	1	6.43954e-02	1.946e-01	2.847e-02 -6.518331527709961	1.0
chr8_22004152_G_C_b38	1	3.61018e-02	1.931e-01	2.845e-02 -6.578500270843506	1.0
chr8_21940918_C_T_b38	1	2.77602e-02	1.884e-01	2.914e-02 -6.4045891761779785	1.0
chr8_21945497_A_G_b38	1	2.66172e-02	1.910e-01	3.138e-02 -6.287869453430176	1.0
chr8_21935822_T_TG_b38	1	2.21015e-02	1.860e-01	2.874e-02 -5.932442465790078	1.0
chr8_21931423_T_G_b38	1	1.98357e-02	1.859e-01	3.198e-02 -6.347599506378174	1.0
chr8_21927478_A_G_b38	1	1.86971e-02	1.790e-01	3.033e-02 -5.680453777313232	1.0
chr8_21943630_G_A_b38	1	1.67501e-02	1.852e-01	2.999e-02 -6.365227222442628	1.0
chr8_21979217_A_G_b38	1	1.33867e-02	1.936e-01	2.901e-02 -6.565364360809326	1.0
chr8_21992605_A_G_b38	1	1.27955e-02	1.928e-01	2.859e-02 -6.334726333618164	1.0
chr8_21940805_C_T_b38	1	1.15769e-02	1.854e-01	3.037e-02 -6.3657493591308585	1.0
chr8_21989075_G_C_b38	1	1.15148e-02	1.936e-01	2.830e-02 -6.219417572021484	1.0
chr8_21936530_C_T_b38	1	1.11641e-02	1.863e-01	3.083e-02 -6.318095684051514	1.0
chr8_21998269_A_G_b38	1	1.08210e-02	1.915e-01	2.845e-02 -6.290329933166504	1.0
chr8_22005040_A_G_b38	1	1.06651e-02	1.907e-01	2.863e-02 -6.23850154876709	1.0
chr8_21991321_T_A_b38	1	1.02732e-02	1.935e-01	2.845e-02 -6.328405380249023	1.0
chr8_21944686_A_G_b38	1	1.01058e-02	1.877e-01	2.952e-02 -6.373687267303468	1.0
chr8_21968910_C_T_b38	1	8.78386e-03	1.874e-01	2.956e-02 -6.269152641296388	1.0
chr8_22005779_G_A_b38	1	8.59977e-03	1.889e-01	2.887e-02 -6.596475124359131	1.0
chr8_21967036_A_G_b38	1	8.56605e-03	1.866e-01	2.911e-02 -6.299917221069336	1.0
chr8_21996677_T_A_b38	1	8.35426e-03	1.908e-01	2.829e-02 -6.48537540435791	1.0
chr8_21983885_T_C_b38	1	8.22218e-03	1.907e-01	2.880e-02 -6.211989879608153	1.0
chr8_21952866_C_T_b38	1	7.88812e-03	1.881e-01	2.973e-02 -6.446032524108888	1.0
chr8_22001804_C_T_b38	1	7.71110e-03	1.907e-01	2.871e-02 -6.305590152740479	1.0
chr8_21931473_C_T_b38	1	7.33215e-03	1.832e-01	3.214e-02 -6.434984683990479	1.0
chr8_22007029_A_C_b38	1	7.10376e-03	1.899e-01	2.847e-02 -6.074052810668945	1.0
chr8_21989724_T_C_b38	1	6.83966e-03	1.903e-01	2.851e-02 -6.3915605545043945	1.0
chr8_21956493_A_G_b38	1	6.73008e-03	1.868e-01	2.950e-02 -6.372984409332275	1.0
chr8_21965980_C_CCACTT_b38	1	6.55149e-03	1.824e-01	2.934e-02 -6.477960732988901	1.0
chr8_22002496_T_C_b38	1	6.24671e-03	1.899e-01	2.869e-02 -6.524631977081299	1.0
chr8_21913252_T_C_b38	1	5.52631e-03	1.796e-01	3.087e-02 -5.470381736755371	1.0
chr8_21977070_T_C_b38	1	5.43160e-03	1.902e-01	2.919e-02 -6.3440589904785165	1.0
chr8_21924118_C_T_b38	1	5.41351e-03	1.741e-01	4.353e-02 -6.195276737213135	1.0
chr8_21981159_T_A_b38	1	5.37357e-03	1.881e-01	2.894e-02 -6.435408592224121	1.0
chr8_21959734_C_T_b38	1	5.36286e-03	1.854e-01	2.950e-02 -6.2008490562438965	1.0
chr8_21916851_T_G_b38	1	5.13738e-03	1.769e-01	3.232e-02 -5.51706665528573	1.0
chr8_21986754_A_G_b38	1	4.90556e-03	1.906e-01	2.778e-02 -6.2429447174072275	1.0
chr8_21985240_G_C_b38	1	4.87230e-03	1.881e-01	2.891e-02 -6.427340507507324	1.0
chr8_21917803_G_A_b38	1	4.65514e-03	1.743e-01	3.462e-02 -5.944653511047362	1.0
chr8_21913285_A_G_b38	1	4.42239e-03	1.787e-01	3.131e-02 -5.524412155151367	1.0
chr8_21929478_C_T_b38	1	3.66916e-03	1.745e-01	3.321e-02 -5.8702049255371085	1.0
chr8_22001108_C_T_b38	1	3.63037e-03	1.856e-01	2.845e-02 -6.522303104400635	1.0
chr8_22001573_G_A_b38	1	3.63037e-03	1.856e-01	2.845e-02 -6.5285582542419425	1.0
chr8_21985074_G_GC_b38	1	3.33762e-03	1.853e-01	2.836e-02 -6.447434144437659	1.0
chr8_21935472_G_C_b38	1	3.33423e-03	1.777e-01	3.111e-02 -5.788265705108643	1.0
chr8_21984352_C_G_b38	1	3.04094e-03	1.881e-01	2.813e-02 -6.3811187744140625	1.0
chr8_22015342_T_C_b38	1	2.82754e-03	1.840e-01	2.819e-02 -5.8912858963012695	1.0
chr8_21919170_T_A_b38	2	2.36396e-01	1.129e-01	4.510e-02 -0.05748247355222703	1.0
chr8_21941734_G_A_b38	2	2.25644e-02	1.246e-01	6.103e-02 0.06688858568668365	1.0
chr8_21927049_T_G_b38	2	2.13070e-02	1.052e-01	3.534e-02 0.4828849732875824	1.0
chr8_21965976_C_T_b38	2	8.02368e-03	1.347e-01	4.112e-02 -0.3012312398856548	1.0
chr8_21936097_A_G_b38	2	7.12140e-03	1.034e-01	3.558e-02 0.5466012358665466	1.0
chr8_21969309_TTATGC_T_b38	2	5.96651e-03	1.213e-01	3.870e-02 -0.3012312398856548	1.0
chr8_21965662_G_C_b38	2	5.23490e-03	1.185e-01	3.792e-02 -0.3923419415950775	1.0
chr8_21945326_A_G_b38	2	5.18686e-03	1.193e-01	4.182e-02 0.027564369142055508	1.0
chr8_22013456_C_A_b38	2	4.76577e-03	1.296e-01	3.734e-02 -0.17899969220161438	1.0
chr8_21944921_G_A_b38	2	4.63972e-03	1.178e-01	4.166e-02 0.02743510715663433	1.0
chr8_21947754_T_C_b38	2	3.43594e-03	1.134e-01	3.837e-02 -0.28870296478271484	1.0
chr8_21953092_G_A_b38	2	3.11829e-03	1.121e-01	4.068e-02 0.018779478967189792	1.0
chr8_21946224_C_A_b38	2	2.70419e-03	1.102e-01	3.911e-02 -0.2806195020675659	1.0
chr8_21954482_A_C_b38	2	2.70419e-03	1.102e-01	3.911e-02 -0.1972610354423523	1.0
chr8_21928929_A_T_b38	2	2.45936e-03	8.498e-02	4.013e-02 0.6663572192192078	1.0
chr8_21964267_G_T_b38	2	2.28900e-03	1.084e-01	3.909e-02 -0.3069039583206177	1.0
chr8_21918327_G_C_b38	2	2.25888e-03	6.421e-02	5.613e-02 -0.11004017293453217	1.0
chr8_21955629_C_T_b38	2	1.88751e-03	1.078e-01	3.673e-02 -0.207423135638237	1.0
chr8_21920280_C_T_b38	2	1.59164e-03	-2.646e-04	8.734e-02 -0.12790769338607788	1.0
chr8_21972784_A_G_b38	2	1.18524e-03	1.203e-01	3.655e-02 -0.2831709682941437	1.0
chr8_22009422_T_C_b38	2	1.12432e-03	1.161e-01	3.539e-02 -0.09808392822742462	1.0
chr8_21981278_T_C_b38	2	1.04408e-03	1.179e-01	3.628e-02 -0.18364202976226807	1.0
chr8_21975863_G_C_b38	2	9.93628e-04	1.163e-01	3.593e-02 -0.4037748873233795	1.0
chr8_21957867_G_A_b38	2	9.60289e-04	1.056e-01	3.703e-02 -0.31194600462913513	1.0
chr8_21976945_C_G_b38	2	8.08097e-04	1.148e-01	3.626e-02 -0.35727229714393616	1.0
chr8_21978396_G_A_b38	2	7.75012e-04	1.144e-01	3.633e-02 -0.28918102383613586	1.0
chr8_21980483_C_G_b38	2	7.72644e-04	1.138e-01	3.612e-02 -0.39183539152145386	1.0
chr8_21919965_G_A_b38	3	6.11048e-03	-1.663e-02	2.002e-01 -6.3720130920410165	1.0
chr8_21934046_C_T_b38	3	1.85030e-03	1.812e-01	4.518e-02 -5.9117841720581055	1.0
chr8_21976855_A_C_b38	3	1.38100e-03	1.944e-01	2.400e-02 -6.453911304473878	1.0
chr8_21987917_T_C_b38	3	1.31134e-03	1.924e-01	2.720e-02 -6.3789916038513175	1.0
chr8_21972647_T_C_b38	3	1.22537e-03	1.940e-01	2.401e-02 -6.501420974731445	1.0
chr8_21956645_CT_C_b38	3	1.21738e-03	1.902e-01	3.402e-02 -6.48166119919873	1.0
chr8_21974087_G_GACAGGATCTC_b38	3	1.08859e-03	1.920e-01	2.381e-02 -6.448028402571388	1.0
chr8_22014817_A_G_b38	3	1.08575e-03	1.913e-01	2.373e-02 -5.956697940826416	1.0
chr8_21972437_G_A_b38	3	9.33703e-04	1.933e-01	2.404e-02 -6.618242263793945	1.0
chr8_21923233_A_G_b38	3	3.61973e-04	-1.251e-01	9.829e-02 -6.205557823181152	1.0
chr8_21914017_CT_C_b38	3	9.29428e-05	3.669e-02	4.266e-02 -4.7279853966982754	1.0
chr8_21936868_T_C_b38	3	6.29940e-05	8.175e-02	9.145e-02 -6.349120616912843	1.0
chr8_21966637_GT_G_b38	3	4.88732e-05	1.817e-01	2.432e-02 -6.4008632562410845	1.0
chr8_21943580_C_T_b38	3	4.06185e-05	9.280e-02	1.570e-01 -6.429652214050293	1.0
chr8_21942115_A_G_b38	3	3.81237e-05	2.489e-02	1.733e-01 -6.4208927154541025	1.0
chr8_21942226_C_A_b38	3	3.76697e-05	4.337e-02	1.491e-01 -6.4082136154174805	1.0
chr8_21931425_G_A_b38	3	3.68563e-05	-1.203e-02	1.610e-01 -6.362988471984862	1.0
chr8_21945399_A_T_b38	3	3.50758e-05	2.665e-01	1.351e-01 -6.321495056152344	1.0
chr8_21951829_A_AT_b38	3	2.66282e-05	2.031e-01	1.264e-01 -6.3095756706903385	1.0
chr8_21955219_A_AG_b38	3	2.55676e-05	2.046e-01	1.315e-01 -6.345207037550012	1.0
chr8_21954019_C_G_b38	3	2.48204e-05	1.969e-01	1.297e-01 -6.436810493469237	1.0
chr8_21946305_A_C_b38	3	2.32455e-05	2.053e-01	1.446e-01 -6.333041667938232	1.0
chr8_21965695_T_G_b38	3	2.20881e-05	1.604e-01	1.212e-01 -6.27686071395874	1.0
chr8_21965673_A_G_b38	3	2.15579e-05	1.559e-01	1.214e-01 -6.269266605377197	1.0
chr8_21957914_T_G_b38	3	2.14083e-05	1.661e-01	1.308e-01 -6.3480610847473145	1.0
