chr16_714826_C_T_b38	1	2.70346e-01	-1.735e-01	3.759e-02 11.553500175476074	1.0
chr16_714753_C_G_b38	1	1.67508e-01	-1.645e-01	3.669e-02 11.741558074951172	1.0
chr16_714948_A_G_b38	1	1.44587e-01	-1.671e-01	3.757e-02 11.706124305725098	1.0
chr16_714520_G_C_b38	1	8.74125e-02	-1.752e-01	3.844e-02 11.65394687652588	1.0
chr16_728024_T_C_b38	1	5.85640e-02	-1.854e-01	3.675e-02 12.961296081542967	1.0
chr16_714901_G_A_b38	1	5.71350e-02	-1.561e-01	3.728e-02 9.844402313232422	1.0
chr16_717426_T_TG_b38	1	2.72591e-02	-1.649e-01	3.709e-02 12.466801148204201	1.0
chr16_716078_A_G_b38	1	2.16543e-02	-1.531e-01	3.629e-02 11.467092514038086	1.0
chr16_717430_C_G_b38	1	2.10245e-02	-1.647e-01	3.762e-02 12.00541867743974	1.0
chr16_716485_G_A_b38	1	1.19845e-02	-1.531e-01	3.629e-02 11.437996864318848	1.0
chr16_728820_G_A_b38	1	7.69457e-03	-1.671e-01	3.685e-02 12.716318130493164	1.0
chr16_719566_C_G_b38	1	6.97104e-03	-1.413e-01	3.397e-02 12.59203052520752	1.0
chr16_719926_C_G_b38	1	6.03860e-03	-1.492e-01	3.618e-02 12.60116195678711	1.0
chr16_732132_C_T_b38	1	5.72523e-03	-1.770e-01	3.964e-02 12.22769546508789	1.0
chr16_718597_A_G_b38	1	4.75488e-03	-1.525e-01	3.756e-02 12.337656426947243	1.0
chr16_718596_G_T_b38	1	4.50297e-03	-1.518e-01	3.754e-02 12.765298843383787	1.0
chr16_717519_T_C_b38	1	4.45240e-03	-1.572e-01	3.990e-02 11.903891563415527	1.0
chr16_724045_TGGGGCAGTGGGTGGGTGG_T_b38	1	4.40969e-03	-1.509e-01	3.636e-02 12.523755029360604	1.0
chr16_733865_T_C_b38	1	4.20785e-03	-1.535e-01	3.519e-02 13.771531105041506	1.0
chr16_733864_C_A_b38	1	4.20785e-03	-1.535e-01	3.519e-02 13.78170108795166	1.0
chr16_734765_C_T_b38	1	3.80280e-03	-1.576e-01	3.631e-02 12.716704368591307	1.0
chr16_742190_A_G_b38	1	3.38428e-03	-1.685e-01	3.673e-02 13.612177848815918	1.0
chr16_715267_C_T_b38	2	1.67929e-02	-8.211e-04	1.452e-01 -0.5525918374983472	1.0
chr16_713299_A_G_b38	2	3.25855e-03	9.550e-02	1.197e-01 -0.18445465870680733	1.0
chr16_717862_G_A_b38	2	2.00962e-03	6.152e-03	1.432e-01 -0.7144818902015686	1.0
chr16_718985_G_A_b38	2	2.00962e-03	6.152e-03	1.432e-01 -0.6753599047660828	1.0
chr16_719184_G_C_b38	2	1.87605e-03	1.733e-02	1.300e-01 -0.4330378472805023	1.0
chr16_744562_C_A_b38	3	2.53106e-04	-1.327e-01	4.177e-02 -0.011049556023425609	1.0
