chr17_1764380_C_T_b38	1	3.85635e-01	-1.812e-01	2.185e-02 8.595376968383789	1.0
chr17_1762130_G_A_b38	1	3.42835e-01	-1.779e-01	2.210e-02 8.284887313842772	1.0
chr17_1762959_C_T_b38	1	1.78971e-01	-1.799e-01	2.199e-02 8.28239917755127	1.0
chr17_1764954_C_T_b38	1	5.37616e-02	-1.781e-01	2.199e-02 8.586737632751465	1.0
chr17_1767515_G_A_b38	1	2.42709e-02	-1.789e-01	2.209e-02 8.59935474395752	1.0
chr17_1769982_C_T_b38	1	1.42986e-02	1.763e-01	2.196e-02 -8.159924507141112	1.0
chr17_1743357_A_C_b38	2	4.42229e-01	-9.741e-02	1.996e-02 -3.813310861587525	1.0
chr17_1737045_A_G_b38	2	3.00962e-01	-9.561e-02	1.994e-02 -3.8555288314819336	1.0
chr17_1736691_T_C_b38	2	1.15631e-01	-9.562e-02	1.994e-02 -3.8610320091247563	1.0
chr17_1735424_A_G_b38	2	4.28179e-02	-9.181e-02	2.004e-02 -3.707352161407471	1.0
chr17_1718883_G_A_b38	2	4.22601e-02	-9.205e-02	2.014e-02 -4.062937736511231	1.0
chr17_1722724_A_G_b38	2	2.42793e-02	-8.973e-02	2.014e-02 -3.868219528707214	1.0
chr17_1762036_C_A_b38	3	1.12716e-02	1.690e-03	5.574e-02 0.7480859160423279	1.0
chr17_1762405_G_A_b38	3	1.12716e-02	1.690e-03	5.574e-02 0.8430747985839844	1.0
chr17_1762568_C_T_b38	3	3.60555e-03	6.895e-03	4.884e-02 0.8052728772163391	1.0
chr17_1775611_C_T_b38	3	1.19988e-03	7.455e-02	4.360e-02 -0.038417525589466095	1.0
chr17_1766470_C_T_b38	3	1.13921e-03	-6.296e-03	4.998e-02 0.7418139576911926	1.0
chr17_1772084_G_A_b38	3	1.13783e-03	7.464e-02	4.490e-02 0.001409729477018118	1.0
chr17_1784266_C_T_b38	3	1.04431e-03	7.312e-02	4.517e-02 -0.1180979311466217	1.0
chr17_1775044_A_T_b38	3	8.29391e-04	6.642e-02	4.390e-02 0.03374168649315834	1.0
chr17_1773615_C_T_b38	3	8.07792e-04	6.682e-02	4.502e-02 -0.0166863314807415	1.0
chr17_1773825_G_T_b38	3	8.07792e-04	6.682e-02	4.502e-02 0.080640509724617	1.0
chr17_1773827_G_C_b38	3	8.07792e-04	6.682e-02	4.502e-02 -0.08053680509328842	1.0
chr17_1781124_T_C_b38	3	7.82502e-04	6.565e-02	4.495e-02 -0.08166231960058212	1.0
chr17_1781311_G_T_b38	3	7.82502e-04	6.565e-02	4.495e-02 -0.10585840791463852	1.0
chr17_1786363_T_C_b38	3	7.68565e-04	6.453e-02	4.474e-02 -0.18070587515830994	1.0
chr17_1780023_C_G_b38	3	6.40464e-04	5.939e-02	4.479e-02 0.09482891857624054	1.0
chr17_1767516_G_T_b38	3	5.65322e-04	-6.018e-03	4.995e-02 0.7975620627403259	1.0
chr17_1767739_C_G_b38	3	5.58025e-04	-8.916e-03	4.888e-02 0.7414551973342896	1.0
chr17_1769024_C_T_b38	3	5.58025e-04	-8.916e-03	4.888e-02 0.7533719539642334	1.0
chr17_1768156_GC_G_b38	3	5.58025e-04	-8.916e-03	4.888e-02 0.6420799514019864	1.0
chr17_1767436_C_G_b38	3	5.58025e-04	-8.916e-03	4.888e-02 0.7606804966926575	1.0
chr17_1767746_T_G_b38	3	5.58025e-04	-8.916e-03	4.888e-02 0.7380267381668091	1.0
chr17_1769388_G_A_b38	3	5.56758e-04	-4.000e-03	4.915e-02 0.6420799514019864	1.0
chr17_1788846_T_C_b38	3	1.04708e-04	4.123e-02	4.814e-02 0.1641126573085785	1.0
chr17_1762309_G_A_b38	4	2.57315e-04	-2.302e-02	2.587e-02 5.523233413696289	1.0
chr17_1762412_C_T_b38	4	2.57315e-04	-2.302e-02	2.587e-02 5.505556106567383	1.0
chr17_1762803_A_G_b38	4	1.59351e-04	-3.477e-02	2.566e-02 5.6275057792663565	1.0
chr17_1761607_G_A_b38	4	1.36738e-04	5.818e-03	2.618e-02 -5.841049671173097	1.0
