chr1_92566963_T_C_b38	1	1.98225e-02	-3.446e-01	4.636e-02 9.986404418945312	1.0
chr1_92559287_C_T_b38	1	1.98225e-02	-3.446e-01	4.636e-02 9.995417594909668	1.0
chr1_92562686_TTTTG_T_b38	1	1.98225e-02	-3.446e-01	4.636e-02 10.024466067181619	1.0
chr1_92557593_A_C_b38	1	1.98225e-02	-3.446e-01	4.636e-02 9.995512008666992	1.0
chr1_92563896_A_G_b38	1	1.98225e-02	-3.446e-01	4.636e-02 9.988133430480957	1.0
chr1_92567026_T_C_b38	1	1.98225e-02	-3.446e-01	4.636e-02 9.98664093017578	1.0
chr1_92547573_G_A_b38	1	1.98225e-02	-3.446e-01	4.636e-02 9.99579620361328	1.0
chr1_92553756_T_C_b38	1	1.98225e-02	-3.446e-01	4.636e-02 9.995512008666992	1.0
chr1_92548786_C_A_b38	1	1.98225e-02	-3.446e-01	4.636e-02 10.024466067181619	1.0
chr1_92556334_T_C_b38	1	1.98225e-02	-3.446e-01	4.636e-02 9.994803428649902	1.0
chr1_92564141_T_G_b38	1	1.98225e-02	-3.446e-01	4.636e-02 9.98477268218994	1.0
chr1_92562305_G_A_b38	1	1.98225e-02	-3.446e-01	4.636e-02 10.001086235046387	1.0
chr1_92551282_CT_C_b38	1	1.98225e-02	-3.446e-01	4.636e-02 10.024466067181619	1.0
chr1_92559735_G_C_b38	1	1.98225e-02	-3.446e-01	4.636e-02 10.024466067181619	1.0
chr1_92557121_C_G_b38	1	1.98225e-02	-3.446e-01	4.636e-02 9.995512008666992	1.0
chr1_92547412_G_A_b38	1	1.98225e-02	-3.446e-01	4.636e-02 10.024466067181619	1.0
chr1_92551602_A_T_b38	1	1.98225e-02	-3.446e-01	4.636e-02 9.998299598693848	1.0
chr1_92565178_T_C_b38	1	1.98225e-02	-3.446e-01	4.636e-02 9.975140571594238	1.0
chr1_92547205_T_C_b38	1	1.98225e-02	-3.446e-01	4.636e-02 10.024466067181619	1.0
chr1_92559731_G_A_b38	1	1.98225e-02	-3.446e-01	4.636e-02 10.024466067181619	1.0
chr1_92549418_C_T_b38	1	1.98225e-02	-3.446e-01	4.636e-02 10.024466067181619	1.0
chr1_92566068_T_C_b38	1	1.98225e-02	-3.446e-01	4.636e-02 9.97433376312256	1.0
chr1_92556726_A_G_b38	1	1.98225e-02	-3.446e-01	4.636e-02 9.995512008666992	1.0
chr1_92568466_G_T_b38	1	1.98225e-02	-3.446e-01	4.636e-02 10.024466067181619	1.0
chr1_92568664_G_A_b38	1	1.98225e-02	-3.446e-01	4.636e-02 10.024466067181619	1.0
chr1_92566910_G_A_b38	1	1.98225e-02	-3.446e-01	4.636e-02 10.016762733459473	1.0
chr1_92558337_T_TCA_b38	1	1.98225e-02	-3.446e-01	4.636e-02 10.024466067181619	1.0
chr1_92547062_T_A_b38	1	1.98225e-02	-3.446e-01	4.636e-02 10.024466067181619	1.0
chr1_92562357_G_A_b38	1	1.98225e-02	-3.446e-01	4.636e-02 10.001086235046387	1.0
chr1_92546690_T_C_b38	1	1.98216e-02	-3.446e-01	4.636e-02 9.996456146240234	1.0
chr1_92545351_T_C_b38	1	1.98216e-02	-3.446e-01	4.636e-02 9.996220588684082	1.0
chr1_92543163_G_T_b38	1	1.98216e-02	-3.446e-01	4.636e-02 9.989228248596193	1.0
chr1_92543881_C_A_b38	1	1.98216e-02	-3.446e-01	4.636e-02 9.996551513671877	1.0
chr1_92546015_A_G_b38	1	1.52696e-02	-3.454e-01	4.670e-02 9.997685432434082	1.0
chr1_92563235_C_G_b38	1	9.69717e-03	-3.407e-01	4.650e-02 9.994047164916992	1.0
chr1_92549476_T_A_b38	1	5.65196e-03	-3.318e-01	4.591e-02 9.863453333412911	1.0
chr1_92465839_A_G_b38	1	5.34579e-03	3.667e-01	4.871e-02 -8.982419967651367	1.0
chr1_92464449_T_G_b38	1	5.34579e-03	3.667e-01	4.871e-02 -8.985736846923828	1.0
chr1_92464918_G_C_b38	1	5.34579e-03	3.667e-01	4.871e-02 -8.9703369140625	1.0
chr1_92460405_T_G_b38	1	5.34579e-03	3.667e-01	4.871e-02 -8.971270561218262	1.0
chr1_92470802_A_G_b38	1	4.08766e-03	3.648e-01	4.878e-02 -9.022597312927246	1.0
chr1_92456933_C_T_b38	1	4.08766e-03	3.648e-01	4.878e-02 -9.025619506835938	1.0
chr1_92329201_T_C_b38	1	3.71942e-03	-3.664e-01	4.906e-02 8.910956382751465	1.0
chr1_92386947_A_G_b38	1	3.71942e-03	-3.664e-01	4.906e-02 8.926410675048828	1.0
chr1_92422161_G_A_b38	1	3.71942e-03	3.664e-01	4.906e-02 -8.964312553405762	1.0
chr1_92449400_T_G_b38	1	3.71942e-03	3.664e-01	4.906e-02 -8.99988842010498	1.0
chr1_92360004_T_G_b38	1	3.71942e-03	-3.664e-01	4.906e-02 8.960731840812715	1.0
chr1_92301735_A_T_b38	1	3.71942e-03	-3.664e-01	4.906e-02 8.960731840812715	1.0
chr1_92332474_G_T_b38	1	3.71942e-03	-3.664e-01	4.906e-02 8.91403865814209	1.0
chr1_92327301_C_T_b38	1	3.71942e-03	-3.664e-01	4.906e-02 8.909329414367676	1.0
chr1_92360543_G_A_b38	1	3.71942e-03	-3.664e-01	4.906e-02 8.895088195800781	1.0
chr1_92348914_G_C_b38	1	3.71942e-03	3.664e-01	4.906e-02 -8.924137115478516	1.0
chr1_92355817_G_A_b38	1	3.71942e-03	-3.664e-01	4.906e-02 8.921932220458984	1.0
chr1_92326255_G_T_b38	1	3.71942e-03	-3.664e-01	4.906e-02 8.909793853759766	1.0
chr1_92295250_ATTC_A_b38	1	3.71942e-03	3.664e-01	4.906e-02 -8.960731611085873	1.0
chr1_92381124_G_A_b38	1	3.71942e-03	-3.664e-01	4.906e-02 8.926852226257324	1.0
chr1_92329547_C_T_b38	1	3.71942e-03	3.664e-01	4.906e-02 -8.921277046203613	1.0
chr1_92424787_C_T_b38	1	3.71942e-03	3.664e-01	4.906e-02 -8.947938919067383	1.0
chr1_92350591_T_C_b38	1	3.71942e-03	-3.664e-01	4.906e-02 8.928553581237793	1.0
chr1_92333594_C_T_b38	1	3.71942e-03	-3.664e-01	4.906e-02 8.912385940551758	1.0
chr1_92416050_C_T_b38	1	3.71942e-03	3.664e-01	4.906e-02 -8.933237075805664	1.0
chr1_92427743_G_A_b38	1	3.71942e-03	3.664e-01	4.906e-02 -8.952622413635254	1.0
chr1_92450024_C_T_b38	1	3.71942e-03	3.664e-01	4.906e-02 -8.988368034362793	1.0
chr1_92334675_A_C_b38	1	3.71942e-03	-3.664e-01	4.906e-02 8.912668228149414	1.0
chr1_92405289_T_C_b38	1	3.71942e-03	3.664e-01	4.906e-02 -8.937739372253418	1.0
chr1_92411460_C_T_b38	1	3.71942e-03	3.664e-01	4.906e-02 -8.939781188964844	1.0
chr1_92332257_C_A_b38	1	3.71942e-03	-3.664e-01	4.906e-02 8.913905143737793	1.0
chr1_92366622_C_G_b38	1	3.71942e-03	-3.664e-01	4.906e-02 8.929322242736816	1.0
chr1_92439794_C_G_b38	1	3.71942e-03	3.664e-01	4.906e-02 -8.956476211547852	1.0
chr1_92389106_C_T_b38	1	3.71942e-03	-3.664e-01	4.906e-02 8.921401977539062	1.0
chr1_92360002_AT_A_b38	1	3.71942e-03	-3.664e-01	4.906e-02 8.960731840812715	1.0
chr1_92535017_T_C_b38	1	3.65039e-03	-3.450e-01	4.622e-02 9.996834754943848	1.0
chr1_92535873_C_T_b38	1	3.65039e-03	-3.450e-01	4.622e-02 9.996834754943848	1.0
chr1_92539435_T_C_b38	1	3.65039e-03	-3.450e-01	4.622e-02 9.99787425994873	1.0
chr1_92521873_C_T_b38	1	3.65039e-03	-3.450e-01	4.622e-02 9.998771667480467	1.0
chr1_92527990_A_C_b38	1	3.65039e-03	-3.450e-01	4.622e-02 9.996740341186523	1.0
chr1_92537342_C_CT_b38	1	3.65039e-03	-3.450e-01	4.622e-02 10.024466067181619	1.0
chr1_92541259_T_C_b38	1	3.65039e-03	-3.450e-01	4.622e-02 9.996881484985352	1.0
chr1_92527240_T_C_b38	1	3.65039e-03	-3.450e-01	4.622e-02 9.996740341186523	1.0
chr1_92522018_A_G_b38	1	3.65039e-03	-3.450e-01	4.622e-02 9.99598503112793	1.0
chr1_92534775_C_A_b38	1	3.65039e-03	-3.450e-01	4.622e-02 10.024466067181619	1.0
chr1_92539449_T_C_b38	1	3.65039e-03	-3.450e-01	4.622e-02 9.996881484985352	1.0
chr1_92528250_C_T_b38	1	3.65039e-03	-3.450e-01	4.622e-02 9.996740341186523	1.0
chr1_92531813_A_G_b38	1	3.65039e-03	-3.450e-01	4.622e-02 9.99948024749756	1.0
chr1_92538013_A_G_b38	1	3.65039e-03	-3.450e-01	4.622e-02 10.005575180053713	1.0
chr1_92528476_G_A_b38	1	3.65039e-03	-3.450e-01	4.622e-02 9.996740341186523	1.0
chr1_92527599_C_T_b38	1	3.65039e-03	-3.450e-01	4.622e-02 9.996740341186523	1.0
chr1_92523160_A_C_b38	1	3.65039e-03	-3.450e-01	4.622e-02 9.993244171142578	1.0
chr1_92538662_A_C_b38	1	3.65039e-03	-3.450e-01	4.622e-02 9.996881484985352	1.0
chr1_92527070_G_A_b38	1	3.65039e-03	-3.450e-01	4.622e-02 9.9966459274292	1.0
chr1_92523035_C_A_b38	1	3.65039e-03	-3.450e-01	4.622e-02 9.998394012451172	1.0
chr1_92530170_C_A_b38	1	3.65039e-03	-3.450e-01	4.622e-02 9.996834754943848	1.0
chr1_92520957_G_T_b38	1	3.29169e-03	-3.423e-01	4.600e-02 9.917221988721279	1.0
chr1_92505396_C_T_b38	1	2.80813e-03	-3.458e-01	4.658e-02 9.983120918273926	1.0
chr1_92494915_A_G_b38	1	2.80813e-03	-3.458e-01	4.658e-02 9.985129356384276	1.0
chr1_92509038_G_A_b38	1	2.80813e-03	-3.458e-01	4.658e-02 9.991436004638672	1.0
chr1_92505917_CT_C_b38	1	2.80813e-03	-3.458e-01	4.658e-02 10.024466067181619	1.0
chr1_92511033_G_A_b38	1	2.80813e-03	-3.458e-01	4.658e-02 10.023487091064453	1.0
chr1_92476795_G_A_b38	1	2.80813e-03	-3.458e-01	4.658e-02 9.916728019714355	1.0
chr1_92514124_TTA_T_b38	1	2.80813e-03	-3.458e-01	4.658e-02 10.024466067181619	1.0
chr1_92506394_T_C_b38	1	2.80813e-03	-3.458e-01	4.658e-02 9.980393409729004	1.0
chr1_92505213_C_T_b38	1	2.80813e-03	-3.458e-01	4.658e-02 9.979547500610352	1.0
chr1_92511718_A_G_b38	1	2.80813e-03	-3.458e-01	4.658e-02 10.023487091064453	1.0
chr1_92480922_G_A_b38	1	2.80813e-03	-3.458e-01	4.658e-02 9.947489738464355	1.0
chr1_92481467_T_C_b38	1	2.80813e-03	-3.458e-01	4.658e-02 9.953493118286133	1.0
chr1_92513797_A_G_b38	1	2.80813e-03	-3.458e-01	4.658e-02 10.010719299316406	1.0
chr1_92485682_A_G_b38	1	2.80813e-03	-3.458e-01	4.658e-02 9.952535629272461	1.0
chr1_92503296_T_C_b38	1	2.80813e-03	-3.458e-01	4.658e-02 9.994039535522461	1.0
chr1_92510466_T_G_b38	1	2.80813e-03	-3.458e-01	4.658e-02 10.023722648620604	1.0
chr1_92502755_T_C_b38	1	2.80813e-03	-3.458e-01	4.658e-02 9.993522644042967	1.0
chr1_92506900_T_C_b38	1	2.80813e-03	-3.458e-01	4.658e-02 9.98166275024414	1.0
chr1_92487586_TG_T_b38	1	2.80813e-03	-3.458e-01	4.658e-02 10.024466067181619	1.0
chr1_92507376_T_C_b38	1	2.80813e-03	-3.458e-01	4.658e-02 9.981947898864746	1.0
chr1_92487304_A_G_b38	1	2.80813e-03	-3.458e-01	4.658e-02 9.96044921875	1.0
chr1_92500412_T_C_b38	1	2.80813e-03	-3.458e-01	4.658e-02 9.985922813415527	1.0
chr1_92506271_T_A_b38	1	2.80813e-03	-3.458e-01	4.658e-02 9.980064392089844	1.0
chr1_92507518_A_C_b38	1	2.80813e-03	-3.458e-01	4.658e-02 9.980863571166992	1.0
chr1_92519778_C_T_b38	1	2.80813e-03	-3.458e-01	4.658e-02 9.991640090942383	1.0
chr1_92569463_C_T_b38	1	2.27783e-03	-3.265e-01	4.616e-02 10.024466067181619	1.0
chr1_92323212_T_G_b38	1	1.69157e-03	-3.568e-01	4.869e-02 8.908448219299316	1.0
chr1_92262053_T_G_b38	1	1.47500e-03	-3.710e-01	4.889e-02 8.777463912963867	1.0
chr1_92253196_G_GA_b38	1	1.08842e-03	-3.695e-01	4.905e-02 8.830280323072664	1.0
chr1_92216727_G_GT_b38	1	1.06937e-03	-3.633e-01	4.826e-02 8.90431354411407	1.0
chr1_92199409_C_T_b38	1	1.06937e-03	3.633e-01	4.826e-02 -8.941997528076172	1.0
chr1_92204569_A_G_b38	1	1.06937e-03	3.633e-01	4.826e-02 -8.91484546661377	1.0
chr1_92202917_T_A_b38	1	1.06937e-03	3.633e-01	4.826e-02 -8.96609115600586	1.0
chr1_92532113_C_CA_b38	1	8.09156e-04	-3.414e-01	4.733e-02 10.10267464710858	1.0
chr1_92249650_C_T_b38	1	7.76320e-04	-3.665e-01	4.904e-02 8.923845291137695	1.0
chr1_92222881_T_C_b38	1	7.76320e-04	-3.665e-01	4.904e-02 8.95930004119873	1.0
chr1_92242443_A_AAC_b38	1	7.76320e-04	-3.665e-01	4.904e-02 8.909258926011507	1.0
chr1_92279094_C_CATTTAGT_b38	1	7.76320e-04	-3.665e-01	4.904e-02 8.960731840812715	1.0
chr1_92240081_C_T_b38	1	7.76320e-04	-3.665e-01	4.904e-02 8.984827995300293	1.0
chr1_92230632_C_T_b38	1	7.76320e-04	-3.665e-01	4.904e-02 8.950879096984863	1.0
chr1_92237339_T_C_b38	1	7.76320e-04	-3.665e-01	4.904e-02 8.909258926011507	1.0
chr1_92239667_A_G_b38	1	7.76320e-04	-3.665e-01	4.904e-02 8.982856750488281	1.0
chr1_92274142_C_T_b38	1	7.76320e-04	-3.665e-01	4.904e-02 8.877964973449707	1.0
chr1_92224379_G_A_b38	1	7.76320e-04	-3.665e-01	4.904e-02 8.94356918334961	1.0
chr1_92280202_G_C_b38	1	7.76320e-04	-3.665e-01	4.904e-02 8.879703521728516	1.0
chr1_92290950_A_G_b38	1	7.76320e-04	-3.665e-01	4.904e-02 8.865562438964844	1.0
chr1_92243416_A_G_b38	1	7.49876e-04	-3.692e-01	4.944e-02 8.982707023620605	1.0
chr1_92269455_G_A_b38	1	3.66343e-04	-3.560e-01	4.840e-02 8.910344123840332	1.0
chr1_92358041_G_C_b38	1	2.30910e-04	-3.435e-01	4.915e-02 8.886204719543457	1.0
chr1_92792062_C_T_b38	2	1.07936e-02	5.211e-02	4.789e-02 -5.8614182472229	1.0
chr1_92791656_G_A_b38	2	3.47611e-03	4.584e-02	4.644e-02 -5.552748680114746	1.0
chr1_92808893_T_G_b38	2	1.62199e-03	1.010e-01	4.763e-02 -5.9474754333496085	1.0
chr1_92790096_G_C_b38	2	1.55843e-03	4.897e-02	4.766e-02 -5.895781517028809	1.0
chr1_92788406_G_A_b38	2	1.12889e-03	5.400e-02	4.743e-02 -5.839125633239746	1.0
chr1_92810377_G_C_b38	2	9.32077e-04	8.800e-02	4.848e-02 -5.9258222579956055	1.0
chr1_92809328_C_T_b38	2	9.32077e-04	8.800e-02	4.848e-02 -5.9302897453308105	1.0
chr1_92795941_T_C_b38	2	8.47385e-04	4.164e-02	4.707e-02 -5.58305549621582	1.0
chr1_92795816_A_G_b38	2	8.47385e-04	4.164e-02	4.707e-02 -5.588235378265381	1.0
chr1_92796459_G_A_b38	2	8.47385e-04	4.164e-02	4.707e-02 -5.59273624420166	1.0
chr1_92789310_GCTT_G_b38	2	8.43150e-04	4.164e-02	4.707e-02 -5.7351919761628745	1.0
chr1_92813212_C_T_b38	2	7.90245e-04	8.362e-02	4.980e-02 -5.658462047576903	1.0
chr1_92815231_G_A_b38	2	7.90245e-04	8.362e-02	4.980e-02 -5.654707908630371	1.0
chr1_92824795_A_G_b38	2	6.59909e-04	1.016e-01	4.691e-02 -5.924135684967041	1.0
chr1_92829520_A_G_b38	2	5.38148e-04	9.736e-02	4.680e-02 -6.020369052886963	1.0
chr1_92827652_C_CA_b38	2	5.38148e-04	9.736e-02	4.680e-02 -6.107240204586907	1.0
chr1_92827670_C_CATG_b38	2	5.38148e-04	9.736e-02	4.680e-02 -6.16519059568393	1.0
chr1_92806841_C_T_b38	2	4.80778e-04	7.479e-02	5.114e-02 -5.897355313670236	1.0
chr1_92833199_T_C_b38	2	4.55058e-04	9.521e-02	4.693e-02 -5.9303975105285645	1.0
chr1_92822880_G_A_b38	2	4.49401e-04	9.504e-02	4.712e-02 -6.022348880767822	1.0
