chr16_28863226_C_G_b38	1	8.45864e-02	-2.018e-01	4.954e-02 4.752842426300049	1.0
chr16_28862077_G_A_b38	1	8.20434e-02	-1.904e-01	4.977e-02 4.773350238800049	1.0
chr16_28846324_A_G_b38	1	5.73111e-02	-2.171e-01	4.763e-02 4.7448320388793945	1.0
chr16_28861033_G_C_b38	1	4.03587e-02	-2.063e-01	5.094e-02 4.676772594451903	1.0
chr16_28853352_T_C_b38	1	3.72382e-02	-2.332e-01	5.422e-02 4.751155376434326	1.0
chr16_28859641_G_A_b38	1	3.54516e-02	-2.116e-01	5.086e-02 4.663372039794922	1.0
chr16_28860668_A_G_b38	1	3.12458e-02	-1.978e-01	4.967e-02 4.756631851196289	1.0
chr16_28863883_A_T_b38	1	3.04630e-02	-1.968e-01	4.966e-02 4.754942893981934	1.0
chr16_28863801_T_G_b38	1	3.04630e-02	-1.968e-01	4.966e-02 4.754942893981934	1.0
chr16_28864161_A_G_b38	1	3.04630e-02	-1.968e-01	4.966e-02 4.754942893981934	1.0
chr16_28860539_A_G_b38	1	2.87387e-02	-1.965e-01	4.963e-02 4.756631851196289	1.0
chr16_28860532_C_T_b38	1	2.87387e-02	-1.965e-01	4.963e-02 4.757922172546387	1.0
chr16_28861277_T_C_b38	1	2.69456e-02	-1.963e-01	4.981e-02 4.756631851196289	1.0
chr16_28860336_C_A_b38	1	2.64000e-02	-2.018e-01	5.130e-02 4.676825523376465	1.0
chr16_28826194_T_C_b38	1	2.11045e-02	-2.171e-01	4.775e-02 4.791548252105713	1.0
chr16_28817513_A_C_b38	1	1.81251e-02	-2.253e-01	4.996e-02 4.6659746170043945	1.0
chr16_28859275_A_G_b38	1	1.79665e-02	-1.977e-01	4.966e-02 4.756631851196289	1.0
chr16_28835925_T_C_b38	1	1.64598e-02	-2.111e-01	4.702e-02 4.6335296630859375	1.0
chr16_28854595_G_A_b38	1	1.38820e-02	-2.063e-01	5.094e-02 4.675166606903076	1.0
chr16_28853721_T_C_b38	1	1.30737e-02	-2.056e-01	5.098e-02 4.76512336730957	1.0
chr16_28883809_A_G_b38	1	1.10988e-02	-2.065e-01	4.965e-02 4.746848583221436	1.0
chr16_28871103_T_C_b38	1	1.08222e-02	-1.967e-01	4.965e-02 4.748736381530762	1.0
chr16_28869881_A_C_b38	1	1.08222e-02	-1.967e-01	4.965e-02 4.751357078552246	1.0
chr16_28856483_C_T_b38	1	1.04272e-02	-1.973e-01	4.964e-02 4.730142593383789	1.0
chr16_28857641_C_G_b38	1	1.00190e-02	-1.895e-01	4.958e-02 4.7802734375	1.0
chr16_28854571_C_T_b38	1	9.97363e-03	-1.967e-01	4.965e-02 4.750993251800537	1.0
chr16_28871920_A_G_b38	1	9.49301e-03	-1.950e-01	4.967e-02 4.778187274932861	1.0
chr16_28872520_C_T_b38	1	8.40039e-03	-1.985e-01	5.102e-02 4.665939331054688	1.0
chr16_28825882_T_G_b38	1	7.04397e-03	-2.171e-01	5.076e-02 4.627640247344972	1.0
chr16_28850560_C_T_b38	1	6.53791e-03	-1.994e-01	4.970e-02 4.759631633758545	1.0
chr16_28850413_A_C_b38	1	5.81869e-03	-1.979e-01	4.970e-02 4.753746509552002	1.0
chr16_28844201_G_C_b38	1	5.75405e-03	-1.975e-01	4.964e-02 4.764490604400635	1.0
chr16_28874610_T_C_b38	1	5.64931e-03	-1.975e-01	4.960e-02 4.751148223876953	1.0
chr16_28868163_A_G_b38	1	5.51284e-03	-1.922e-01	5.095e-02 4.776955604553223	1.0
chr16_28842675_A_C_b38	1	5.39949e-03	-1.967e-01	4.965e-02 4.769271373748778	1.0
chr16_28844406_A_G_b38	1	5.39949e-03	-1.967e-01	4.965e-02 4.764166355133057	1.0
chr16_28843448_A_G_b38	1	5.39949e-03	-1.967e-01	4.965e-02 4.764166355133057	1.0
chr16_28840056_C_CCT_b38	1	5.35221e-03	-1.963e-01	4.958e-02 4.751405368738884	1.0
chr16_28878165_C_A_b38	1	5.35158e-03	-1.969e-01	4.963e-02 4.7571702003479	1.0
chr16_28848916_C_G_b38	1	5.31342e-03	-1.967e-01	4.970e-02 4.769036769866943	1.0
chr16_28848862_G_A_b38	1	5.31342e-03	-1.967e-01	4.970e-02 4.761242389678955	1.0
chr16_28878386_CA_C_b38	1	5.24926e-03	-1.967e-01	4.965e-02 4.751405368738884	1.0
chr16_28880144_C_T_b38	1	5.24926e-03	-1.967e-01	4.965e-02 4.761641025543213	1.0
chr16_28878810_C_A_b38	1	5.24926e-03	-1.967e-01	4.965e-02 4.75865650177002	1.0
chr16_28848481_A_G_b38	1	5.13879e-03	-1.962e-01	4.969e-02 4.759815216064453	1.0
chr16_28882211_A_G_b38	1	5.11217e-03	-1.965e-01	4.969e-02 4.7756009101867685	1.0
chr16_28851566_TCTC_T_b38	1	4.77174e-03	-1.962e-01	4.996e-02 4.6128629212206285	1.0
chr16_28882403_ACT_A_b38	1	4.31062e-03	-1.995e-01	5.107e-02 4.724427770285539	1.0
chr16_28874338_C_T_b38	1	4.20868e-03	-1.990e-01	5.102e-02 4.675802707672119	1.0
chr16_28882250_T_C_b38	1	4.17603e-03	-1.992e-01	5.111e-02 4.69024658203125	1.0
chr16_28814986_A_G_b38	1	3.95441e-03	-2.106e-01	5.101e-02 4.596590995788574	1.0
chr16_28878376_C_CT_b38	1	3.83165e-03	-1.974e-01	5.096e-02 4.724427770285539	1.0
chr16_28824359_T_TG_b38	1	3.81332e-03	-2.097e-01	5.089e-02 4.727654197928438	1.0
chr16_28828414_C_G_b38	1	3.76756e-03	-2.094e-01	5.086e-02 4.672612190246582	1.0
chr16_28882088_T_C_b38	1	3.67686e-03	-2.038e-01	5.279e-02 4.751405368738884	1.0
chr16_28831263_G_GGTTGT_b38	1	3.64352e-03	-2.088e-01	5.082e-02 4.797456463333959	1.0
chr16_28814632_A_G_b38	1	3.42316e-03	-2.023e-01	4.943e-02 4.784398078918457	1.0
chr16_28814545_T_G_b38	1	3.42316e-03	-2.023e-01	4.943e-02 4.6845221519470215	1.0
chr16_28814284_G_A_b38	1	3.26677e-03	-2.014e-01	4.935e-02 4.6896700859069815	1.0
chr16_28816177_T_C_b38	1	3.26513e-03	-2.017e-01	4.943e-02 4.676398754119873	1.0
chr16_28813779_T_C_b38	1	3.19073e-03	-2.015e-01	4.944e-02 4.710051536560059	1.0
chr16_28824884_T_C_b38	1	3.18330e-03	-2.019e-01	4.955e-02 4.695525169372559	1.0
chr16_28830456_C_T_b38	1	2.91073e-03	-2.062e-01	5.094e-02 4.691431999206543	1.0
chr16_28814099_C_T_b38	1	2.82030e-03	-1.997e-01	4.941e-02 4.692818641662598	1.0
chr16_28857374_G_A_b38	1	2.78299e-03	-1.802e-01	5.005e-02 4.812353610992432	1.0
chr16_28820038_T_C_b38	1	2.63965e-03	-2.000e-01	4.969e-02 4.656623363494873	1.0
chr16_28828104_T_C_b38	1	2.62312e-03	-1.996e-01	4.963e-02 4.759911060333252	1.0
chr16_28821776_A_G_b38	1	2.55283e-03	-1.999e-01	4.978e-02 4.664557933807373	1.0
chr16_28829060_A_G_b38	1	2.49635e-03	-2.043e-01	5.095e-02 4.618673801422119	1.0
chr16_28821061_C_T_b38	1	2.41409e-03	-1.988e-01	4.970e-02 4.644862651824951	1.0
chr16_28814456_C_T_b38	1	2.36830e-03	-1.978e-01	4.949e-02 4.686375617980957	1.0
chr16_28837347_T_C_b38	1	2.16764e-03	-2.032e-01	5.118e-02 4.678417682647705	1.0
chr16_28821978_C_A_b38	1	2.15792e-03	-1.982e-01	4.992e-02 4.6660237312316895	1.0
chr16_28831797_A_G_b38	1	2.07753e-03	-1.966e-01	4.965e-02 4.762145042419434	1.0
chr16_28832963_A_G_b38	1	2.07753e-03	-1.966e-01	4.965e-02 4.762404918670653	1.0
chr16_28833044_G_A_b38	1	2.07753e-03	-1.966e-01	4.965e-02 4.762444972991943	1.0
chr16_28835545_G_A_b38	1	2.07753e-03	-1.966e-01	4.965e-02 4.760306358337402	1.0
chr16_28833930_G_A_b38	1	2.07753e-03	-1.966e-01	4.965e-02 4.7540717124938965	1.0
chr16_28835828_G_C_b38	1	2.07753e-03	-1.966e-01	4.965e-02 4.763314247131348	1.0
chr16_28831704_C_T_b38	1	2.07753e-03	-1.966e-01	4.965e-02 4.762086868286133	1.0
chr16_28813364_T_C_b38	1	2.05716e-03	-2.021e-01	5.109e-02 4.628300189971924	1.0
chr16_28837497_A_G_b38	1	2.05012e-03	-1.965e-01	4.965e-02 4.73388147354126	1.0
chr16_28828071_G_A_b38	1	2.03568e-03	-2.016e-01	5.100e-02 4.666350364685059	1.0
chr16_28833706_TGATCAGGG_T_b38	1	1.98781e-03	-1.960e-01	4.963e-02 4.807157182399466	1.0
chr16_28826585_A_G_b38	1	1.97596e-03	-1.936e-01	4.903e-02 4.654665946960449	1.0
chr16_28835519_T_G_b38	1	1.45318e-03	-1.922e-01	4.976e-02 4.7583112716674805	1.0
chr16_28811776_A_G_b38	1	1.30701e-03	-2.131e-01	5.146e-02 4.58457088470459	1.0
chr16_28627726_A_C_b38	1	1.29479e-03	-2.231e-01	4.864e-02 4.832883172981738	1.0
chr16_28811719_AT_A_b38	1	1.19240e-03	-2.041e-01	4.953e-02 4.829955517777101	1.0
chr16_28620700_T_G_b38	1	1.05768e-03	2.240e-01	4.936e-02 -4.8866705894470215	1.0
chr16_28839050_T_G_b38	1	1.03999e-03	-1.779e-01	5.104e-02 4.606668472290039	1.0
chr16_28881816_G_A_b38	1	9.46642e-04	-1.863e-01	5.384e-02 4.394403835731542	1.0
chr16_28861314_G_A_b38	2	1.52984e-02	-2.975e-01	1.433e-01 0.0	1.0
chr16_28854672_A_G_b38	2	5.02993e-03	-2.973e-01	1.435e-01 0.0	1.0
chr16_28848433_G_A_b38	2	2.60417e-03	-3.017e-01	1.430e-01 0.0	1.0
chr16_28879911_C_CG_b38	2	1.84279e-03	-2.722e-01	1.369e-01 0.0	1.0
chr16_28891926_C_G_b38	2	6.58978e-04	-2.982e-01	1.432e-01 0.0	1.0
chr16_28898456_GC_G_b38	2	4.81914e-04	-2.783e-01	1.392e-01 0.0	1.0
chr16_28897288_G_A_b38	2	4.81914e-04	-2.783e-01	1.392e-01 0.0	1.0
chr16_28441782_G_A_b38	3	1.38356e-03	4.199e-01	8.384e-02 -1.0917560369274515	1.0
