chr22_35257480_C_T_b38	1	1.08515e-01	3.123e-01	8.659e-02 5.03079080581665	1.0
chr22_35258140_T_G_b38	1	7.58107e-02	3.031e-01	7.877e-02 4.8101348876953125	1.0
chr22_35256702_C_T_b38	1	4.66394e-02	3.134e-01	8.709e-02 4.885881413555773	1.0
chr22_35258642_C_T_b38	1	4.25577e-02	3.177e-01	8.187e-02 4.817521095275879	1.0
chr22_35259557_TA_T_b38	1	4.17954e-02	3.195e-01	8.241e-02 4.705826701551546	1.0
chr22_35261293_A_G_b38	1	2.66380e-02	3.177e-01	8.182e-02 4.797379016876222	1.0
chr22_35262232_A_G_b38	1	2.66380e-02	3.177e-01	8.182e-02 4.785843372344972	1.0
chr22_35262029_G_A_b38	1	2.61650e-02	3.193e-01	8.235e-02 4.796621322631836	1.0
chr22_35261388_A_C_b38	1	2.61650e-02	3.193e-01	8.235e-02 4.795151710510254	1.0
chr22_35264882_G_T_b38	1	1.67880e-02	3.193e-01	8.233e-02 4.8870697021484375	1.0
chr22_35256248_C_T_b38	1	1.63218e-02	3.120e-01	8.642e-02 5.114176273345947	1.0
chr22_35267530_C_T_b38	1	1.61688e-02	3.394e-01	8.245e-02 4.662559509277344	1.0
chr22_35271468_A_G_b38	1	7.72711e-03	3.176e-01	8.178e-02 4.783973693847656	1.0
chr22_35279544_G_A_b38	1	7.72711e-03	3.176e-01	8.178e-02 4.7683143615722665	1.0
chr22_35276850_T_G_b38	1	7.72711e-03	3.176e-01	8.178e-02 4.77276611328125	1.0
chr22_35273520_T_C_b38	1	7.72711e-03	3.176e-01	8.178e-02 4.780170917510986	1.0
chr22_35278784_G_A_b38	1	7.72711e-03	3.176e-01	8.178e-02 4.77257776260376	1.0
chr22_35272786_T_G_b38	1	7.72711e-03	3.176e-01	8.178e-02 4.788234233856201	1.0
chr22_35281585_A_G_b38	1	7.72711e-03	3.176e-01	8.178e-02 4.784893035888672	1.0
chr22_35280158_G_A_b38	1	7.72711e-03	3.176e-01	8.178e-02 4.774791717529297	1.0
chr22_35277850_T_C_b38	1	7.72711e-03	3.176e-01	8.178e-02 4.772561073303223	1.0
chr22_35280145_C_CT_b38	1	7.72711e-03	3.176e-01	8.178e-02 4.705826701551546	1.0
chr22_35281708_T_C_b38	1	7.72711e-03	3.176e-01	8.178e-02 4.788917064666748	1.0
chr22_35268948_T_C_b38	1	7.72711e-03	3.176e-01	8.178e-02 4.646624565124512	1.0
chr22_35273448_A_G_b38	1	7.72711e-03	3.176e-01	8.178e-02 4.790061473846436	1.0
chr22_35274744_G_C_b38	1	7.72711e-03	3.176e-01	8.178e-02 4.769524097442627	1.0
chr22_35278918_G_A_b38	1	7.72711e-03	3.176e-01	8.178e-02 4.785459041595459	1.0
chr22_35272059_T_C_b38	1	7.72711e-03	3.176e-01	8.178e-02 4.781841278076172	1.0
chr22_35277108_C_G_b38	1	7.72711e-03	3.176e-01	8.178e-02 4.769616603851318	1.0
chr22_35273816_C_T_b38	1	7.72711e-03	3.176e-01	8.178e-02 4.778639793395996	1.0
chr22_35279402_G_A_b38	1	7.72711e-03	3.176e-01	8.178e-02 4.775709629058838	1.0
chr22_35271493_G_A_b38	1	7.72711e-03	3.176e-01	8.178e-02 4.791732311248778	1.0
chr22_35250661_GAC_G_b38	1	7.62992e-03	3.132e-01	8.697e-02 4.885881413555773	1.0
chr22_35250868_A_C_b38	1	7.62992e-03	3.132e-01	8.697e-02 5.1048312187194815	1.0
chr22_35251729_A_G_b38	1	7.62992e-03	3.132e-01	8.697e-02 5.102045059204102	1.0
chr22_35276190_G_A_b38	1	7.59019e-03	3.193e-01	8.233e-02 4.7747464179992685	1.0
chr22_35281578_G_A_b38	1	7.59019e-03	3.193e-01	8.233e-02 4.777353286743164	1.0
chr22_35272365_CAAAG_C_b38	1	7.59019e-03	3.193e-01	8.233e-02 4.705826701551546	1.0
chr22_35271982_A_G_b38	1	7.59019e-03	3.193e-01	8.233e-02 4.78684663772583	1.0
chr22_35276519_G_A_b38	1	7.59019e-03	3.193e-01	8.233e-02 4.774613380432129	1.0
chr22_35279489_A_G_b38	1	7.59019e-03	3.193e-01	8.233e-02 4.774906635284424	1.0
chr22_35273802_T_C_b38	1	7.59019e-03	3.193e-01	8.233e-02 4.781052112579347	1.0
chr22_35248750_G_C_b38	1	6.62329e-03	2.903e-01	8.185e-02 5.302306175231934	1.0
chr22_35297751_G_C_b38	1	5.71518e-03	3.394e-01	8.245e-02 4.659332275390625	1.0
chr22_35255438_T_C_b38	1	3.54662e-03	2.700e-01	8.873e-02 4.560004711151123	1.0
chr22_35307329_T_G_b38	1	3.07339e-03	3.135e-01	8.000e-02 4.697780132293701	1.0
chr22_35307135_T_C_b38	1	3.07339e-03	3.135e-01	8.000e-02 4.775331020355225	1.0
chr22_35307373_T_C_b38	1	3.07339e-03	3.135e-01	8.000e-02 4.686439037322998	1.0
chr22_35307288_A_G_b38	1	3.07339e-03	3.135e-01	8.000e-02 4.7101101875305185	1.0
chr22_35242122_G_C_b38	1	2.96950e-03	3.037e-01	8.385e-02 3.961764097213745	1.0
chr22_35242186_C_T_b38	1	2.73139e-03	2.944e-01	8.197e-02 3.9752020835876474	1.0
chr22_35294186_T_C_b38	1	2.73130e-03	3.176e-01	8.178e-02 4.78640079498291	1.0
chr22_35305905_A_AGAGTG_b38	1	2.73130e-03	3.176e-01	8.178e-02 4.73949593954083	1.0
chr22_35303589_C_T_b38	1	2.73130e-03	3.176e-01	8.178e-02 4.68535852432251	1.0
chr22_35303766_G_A_b38	1	2.73130e-03	3.176e-01	8.178e-02 4.700747489929199	1.0
chr22_35287809_G_A_b38	1	2.73130e-03	3.176e-01	8.178e-02 4.784124374389648	1.0
chr22_35305616_C_T_b38	1	2.73130e-03	3.176e-01	8.178e-02 4.706422805786133	1.0
chr22_35299809_G_A_b38	1	2.73130e-03	3.176e-01	8.178e-02 4.756324291229248	1.0
chr22_35290190_A_G_b38	1	2.73130e-03	3.176e-01	8.178e-02 4.784574031829834	1.0
chr22_35304526_G_T_b38	1	2.73130e-03	3.176e-01	8.178e-02 4.73949593954083	1.0
chr22_35301811_C_CT_b38	1	2.73130e-03	3.176e-01	8.178e-02 4.7360280758804665	1.0
chr22_35288860_G_A_b38	1	2.73130e-03	3.176e-01	8.178e-02 4.7939720153808585	1.0
chr22_35288066_C_T_b38	1	2.73130e-03	3.176e-01	8.178e-02 4.783407688140869	1.0
chr22_35304811_A_T_b38	1	2.73130e-03	3.176e-01	8.178e-02 4.6876091957092285	1.0
chr22_35298216_G_A_b38	1	2.73130e-03	3.176e-01	8.178e-02 4.772368907928467	1.0
chr22_35304774_G_A_b38	1	2.73130e-03	3.176e-01	8.178e-02 4.6938910484313965	1.0
chr22_35305230_G_A_b38	1	2.73130e-03	3.176e-01	8.178e-02 4.692965507507324	1.0
chr22_35304262_A_G_b38	1	2.73130e-03	3.176e-01	8.178e-02 4.683867454528809	1.0
chr22_35303670_G_A_b38	1	2.73130e-03	3.176e-01	8.178e-02 4.683405876159668	1.0
chr22_35303772_G_A_b38	1	2.73130e-03	3.176e-01	8.178e-02 4.691647529602051	1.0
chr22_35306181_A_T_b38	1	2.73130e-03	3.176e-01	8.178e-02 4.700984477996826	1.0
chr22_35289096_C_T_b38	1	2.73130e-03	3.176e-01	8.178e-02 4.771000862121582	1.0
chr22_35303890_C_T_b38	1	2.73130e-03	3.176e-01	8.178e-02 4.68341875076294	1.0
chr22_35305433_G_A_b38	1	2.73130e-03	3.176e-01	8.178e-02 4.705122470855713	1.0
chr22_35303460_A_G_b38	1	2.73130e-03	3.176e-01	8.178e-02 4.683405876159668	1.0
chr22_35294539_A_G_b38	1	2.73130e-03	3.176e-01	8.178e-02 4.777654647827148	1.0
chr22_35305729_T_G_b38	1	2.73130e-03	3.176e-01	8.178e-02 4.73949593954083	1.0
chr22_35306748_A_AC_b38	1	2.73130e-03	3.176e-01	8.178e-02 4.73949593954083	1.0
chr22_35295842_C_A_b38	1	2.73130e-03	3.176e-01	8.178e-02 4.7773165702819815	1.0
chr22_35290400_C_T_b38	1	2.73130e-03	3.176e-01	8.178e-02 4.787047386169434	1.0
chr22_35305730_G_A_b38	1	2.73130e-03	3.176e-01	8.178e-02 4.73949593954083	1.0
chr22_35302498_G_A_b38	1	2.73130e-03	3.176e-01	8.178e-02 4.686437606811523	1.0
chr22_35304770_A_G_b38	1	2.73130e-03	3.176e-01	8.178e-02 4.684491157531738	1.0
chr22_35286451_T_C_b38	1	2.73130e-03	3.176e-01	8.178e-02 4.78402042388916	1.0
chr22_35292505_T_A_b38	1	2.73130e-03	3.176e-01	8.178e-02 4.78149938583374	1.0
chr22_35295124_CT_C_b38	1	2.73130e-03	3.176e-01	8.178e-02 4.7360280758804665	1.0
chr22_35297785_T_C_b38	1	2.73130e-03	3.176e-01	8.178e-02 4.778331756591797	1.0
chr22_35297379_AAAAT_A_b38	1	2.73130e-03	3.176e-01	8.178e-02 4.714670837663271	1.0
chr22_35289055_A_G_b38	1	2.73130e-03	3.176e-01	8.178e-02 4.751837253570557	1.0
chr22_35289081_A_G_b38	1	2.73130e-03	3.176e-01	8.178e-02 4.780386924743652	1.0
chr22_35305580_A_G_b38	1	2.73130e-03	3.176e-01	8.178e-02 4.692051887512207	1.0
chr22_35301399_A_G_b38	1	2.73130e-03	3.176e-01	8.178e-02 4.762804985046387	1.0
chr22_35287062_G_T_b38	1	2.73130e-03	3.176e-01	8.178e-02 4.78402042388916	1.0
chr22_35303052_A_C_b38	1	2.73130e-03	3.176e-01	8.178e-02 4.686503887176514	1.0
chr22_35298302_A_G_b38	1	2.73130e-03	3.176e-01	8.178e-02 4.772368907928467	1.0
chr22_35294190_A_G_b38	1	2.73130e-03	3.176e-01	8.178e-02 4.777355194091797	1.0
chr22_35286895_TTATGA_T_b38	1	2.73130e-03	3.176e-01	8.178e-02 4.705826701551546	1.0
chr22_35287245_T_C_b38	1	2.68290e-03	3.193e-01	8.233e-02 4.7766313552856445	1.0
chr22_35302422_G_A_b38	1	2.68290e-03	3.193e-01	8.233e-02 4.757340431213379	1.0
chr22_35299680_GC_G_b38	1	2.68290e-03	3.193e-01	8.233e-02 4.7360280758804665	1.0
chr22_35298900_C_A_b38	1	2.68290e-03	3.193e-01	8.233e-02 4.7663679122924805	1.0
chr22_35296550_A_C_b38	1	2.68290e-03	3.193e-01	8.233e-02 4.76888370513916	1.0
chr22_35285373_C_T_b38	1	2.68290e-03	3.193e-01	8.233e-02 4.777070999145508	1.0
chr22_35285900_G_C_b38	1	2.53749e-03	3.156e-01	8.176e-02 4.782035827636719	1.0
chr22_35242308_C_T_b38	1	2.48165e-03	3.033e-01	8.516e-02 3.97241473197937	1.0
chr22_35246573_G_C_b38	1	2.33283e-03	3.044e-01	8.593e-02 5.305787086486816	1.0
chr22_35304495_A_T_b38	1	1.92285e-03	3.143e-01	8.330e-02 4.589324122892701	1.0
chr22_35270522_A_G_b38	1	1.83382e-03	2.986e-01	8.780e-02 4.238795757293701	1.0
chr22_35252176_G_C_b38	1	1.68798e-03	2.720e-01	8.953e-02 4.55008602142334	1.0
chr22_35252831_A_G_b38	1	1.59749e-03	2.668e-01	9.066e-02 4.60471773147583	1.0
chr22_35248800_TC_T_b38	1	1.50607e-03	2.616e-01	8.740e-02 4.677747048034642	1.0
chr22_35282263_A_G_b38	1	1.35616e-03	2.791e-01	8.484e-02 3.636315902029485	1.0
chr22_35250485_C_T_b38	1	1.32882e-03	2.668e-01	9.066e-02 4.591601371765137	1.0
chr22_35268334_T_C_b38	1	1.28128e-03	2.821e-01	8.626e-02 4.147695541381837	1.0
chr22_35306075_A_C_b38	1	1.13688e-03	3.163e-01	8.773e-02 3.885740041732788	1.0
chr22_35256778_G_A_b38	2	6.23294e-03	1.549e-01	1.703e-01 -1.68554425239563	1.0
chr22_35235143_AT_A_b38	2	1.86556e-04	1.299e-01	1.882e-01 -0.9860661934760276	1.0
chr22_35241002_C_T_b38	2	1.81971e-04	1.225e-01	1.842e-01 -1.348609447479248	1.0
chr22_35290612_C_T_b38	2	1.70911e-04	3.193e-01	1.592e-01 -1.277632236480713	1.0
chr22_35239718_C_A_b38	2	1.61551e-04	5.915e-02	1.850e-01 -1.59825599193573	1.0
chr22_35240443_G_A_b38	2	1.61551e-04	5.915e-02	1.850e-01 -1.6286699771881104	1.0
chr22_35224037_T_C_b38	2	1.24014e-04	2.495e-01	1.406e-01 -1.014057755470276	1.0
chr22_35222312_A_G_b38	2	1.24014e-04	2.495e-01	1.406e-01 -1.0067296028137207	1.0
chr22_35225928_A_G_b38	2	1.23335e-04	2.485e-01	1.408e-01 -0.9345434904098512	1.0
chr22_35220217_C_T_b38	2	7.41105e-05	2.132e-01	1.446e-01 -1.0702239274978638	1.0
chr22_35216304_C_T_b38	2	7.24049e-05	2.135e-01	1.494e-01 -1.0590640306472778	1.0
chr22_35215043_A_T_b38	2	7.24049e-05	2.135e-01	1.494e-01 -1.0585653781890871	1.0
chr22_35218968_T_C_b38	2	7.24049e-05	2.135e-01	1.494e-01 -1.078891038894653	1.0
chr22_35218945_A_C_b38	2	6.42311e-05	1.213e-01	1.931e-01 -1.0779591798782349	1.0
chr22_35226296_G_A_b38	2	5.48549e-05	1.050e-01	1.852e-01 -1.0140693187713623	1.0
chr22_35213640_A_T_b38	2	4.78613e-05	9.594e-02	2.014e-01 -1.0424667596817017	1.0
chr22_35220736_A_G_b38	2	3.57328e-05	2.008e-02	1.860e-01 -1.0036550760269165	1.0
chr22_35297514_G_A_b38	2	3.54744e-05	-6.512e-02	1.714e-01 -1.7767568826675415	1.0
