chr20_44909956_G_T_b38	1	5.96553e-01	-2.473e-01	1.406e-01 6.6469807624816895	1.0
chr20_44908559_T_C_b38	1	9.93000e-02	-2.480e-01	1.495e-01 6.558760276700534	1.0
chr20_44901593_A_C_b38	1	4.11603e-02	-2.175e-01	1.171e-01 6.717750072479247	1.0
chr20_44901038_T_C_b38	1	4.06455e-02	-2.745e-01	1.635e-01 6.707691669464111	1.0
chr20_44906262_G_A_b38	1	4.01770e-02	-2.365e-01	1.479e-01 6.679952621459961	1.0
chr20_44903747_A_G_b38	1	3.70179e-02	-2.480e-01	1.495e-01 6.708381652832031	1.0
chr20_44904645_T_G_b38	1	2.92564e-02	-1.683e-01	6.349e-02 6.5676636695861825	1.0
chr20_44899568_T_C_b38	1	1.99813e-02	-2.744e-01	1.684e-01 6.7096824645996085	1.0
chr20_44898696_C_T_b38	1	1.99813e-02	-2.744e-01	1.684e-01 6.708050727844237	1.0
chr20_44893533_C_G_b38	1	8.95784e-03	-1.529e-01	2.723e-02 6.7065043449401855	1.0
chr20_44885696_G_T_b38	1	8.81259e-03	-1.523e-01	2.714e-02 6.707761764526367	1.0
chr20_44885562_C_T_b38	1	8.81259e-03	-1.523e-01	2.714e-02 6.540561199188232	1.0
chr20_44885569_T_C_b38	1	8.81259e-03	-1.523e-01	2.714e-02 6.675859451293945	1.0
chr20_44895564_C_A_b38	1	8.81259e-03	-1.523e-01	2.714e-02 6.71875	1.0
chr20_44888560_A_G_b38	1	8.81259e-03	-1.523e-01	2.714e-02 6.716586112976074	1.0
chr20_44890896_A_G_b38	1	8.81259e-03	-1.523e-01	2.714e-02 6.720776081085205	1.0
chr20_44894084_A_G_b38	1	7.44442e-03	-1.517e-01	2.719e-02 6.719471454620361	1.0
chr20_44907814_C_T_b38	2	2.35268e-01	3.403e-01	8.337e-02 6.540117263793945	1.0
chr20_44915887_A_G_b38	2	5.22530e-02	1.440e-01	3.955e-02 6.014480113983153	1.0
chr20_44919790_A_G_b38	2	5.13659e-03	1.182e-01	4.008e-02 6.158372402191162	1.0
chr20_44920039_T_G_b38	2	5.13659e-03	1.182e-01	4.008e-02 6.208752632141112	1.0
chr20_44920001_C_T_b38	2	5.13659e-03	1.182e-01	4.008e-02 6.1722283363342285	1.0
chr20_44919777_C_T_b38	2	5.13659e-03	1.182e-01	4.008e-02 6.17684268951416	1.0
chr20_44918313_G_C_b38	2	4.72221e-03	1.181e-01	4.052e-02 6.1877498626708975	1.0
chr20_44918221_A_T_b38	2	4.72221e-03	1.181e-01	4.052e-02 6.1909894943237305	1.0
chr20_44917786_A_G_b38	2	4.66526e-03	1.189e-01	4.082e-02 6.196165084838867	1.0
chr20_44918896_A_G_b38	2	4.21614e-03	1.169e-01	4.076e-02 6.163990020751952	1.0
chr20_44922637_A_C_b38	2	3.87678e-03	1.239e-01	3.918e-02 6.174029350280763	1.0
chr20_44921404_A_T_b38	2	3.87678e-03	1.239e-01	3.918e-02 6.142235279083253	1.0
chr20_44921212_T_C_b38	2	2.22940e-03	1.182e-01	4.008e-02 6.155461311340332	1.0
chr20_44920098_A_G_b38	2	2.20300e-03	1.189e-01	4.037e-02 6.181631088256836	1.0
chr20_44900321_G_T_b38	2	2.02014e-03	2.131e-01	2.144e-01 6.5337114334106445	1.0
chr20_44885402_A_G_b38	3	1.57150e-02	-2.727e-01	8.130e-02 0.5496510267257689	1.0
