chr3_157163603_T_G_b38	1	1.38241e-01	-8.292e-01	1.168e-01 -8.877007484436035	1.0
chr3_157163770_A_G_b38	1	1.38241e-01	-8.292e-01	1.168e-01 -8.876968383789062	1.0
chr3_157163799_C_T_b38	1	1.38241e-01	-8.292e-01	1.168e-01 -8.882169723510742	1.0
chr3_157163150_T_C_b38	1	5.51691e-02	-8.322e-01	1.137e-01 -8.87670612335205	1.0
chr3_157163094_C_T_b38	1	5.51691e-02	-8.322e-01	1.137e-01 -8.875746726989746	1.0
chr3_157163156_A_T_b38	1	5.51691e-02	-8.322e-01	1.137e-01 -8.889301300048828	1.0
chr3_157162798_A_G_b38	1	2.57626e-02	-8.348e-01	1.074e-01 -8.873536109924316	1.0
chr3_157166098_A_T_b38	1	2.48460e-02	-8.348e-01	1.074e-01 -8.87956714630127	1.0
chr3_157165890_G_A_b38	1	2.48460e-02	-8.348e-01	1.074e-01 -8.87956714630127	1.0
chr3_157167614_A_AC_b38	1	1.70516e-02	-8.363e-01	1.053e-01 -8.822506277385337	1.0
chr3_157167984_T_C_b38	1	1.70516e-02	-8.363e-01	1.053e-01 -8.87601089477539	1.0
chr3_157166843_AC_A_b38	1	1.70498e-02	-8.363e-01	1.053e-01 -8.822506277385337	1.0
chr3_157166878_C_G_b38	1	1.70498e-02	-8.363e-01	1.053e-01 -8.877357482910156	1.0
chr3_157159654_C_T_b38	1	1.50588e-02	-8.359e-01	1.013e-01 -8.875690460205078	1.0
chr3_157161331_T_G_b38	1	1.50588e-02	-8.359e-01	1.013e-01 -8.875600814819336	1.0
chr3_157161308_A_G_b38	1	1.50588e-02	-8.359e-01	1.013e-01 -8.875600814819336	1.0
chr3_157159014_T_G_b38	1	1.50588e-02	-8.359e-01	1.013e-01 -8.875690460205078	1.0
chr3_157159741_G_A_b38	1	1.50588e-02	-8.359e-01	1.013e-01 -8.875600814819336	1.0
chr3_157159568_T_C_b38	1	1.50588e-02	-8.359e-01	1.013e-01 -8.876510620117188	1.0
chr3_157173256_G_A_b38	1	1.12907e-02	-8.367e-01	1.007e-01 -8.883435249328613	1.0
chr3_157173313_A_C_b38	1	1.12907e-02	-8.367e-01	1.007e-01 -8.904816627502441	1.0
chr3_157154287_G_A_b38	1	1.04976e-02	-8.371e-01	1.004e-01 -8.887805938720703	1.0
chr3_157158785_A_G_b38	1	1.04976e-02	-8.371e-01	1.004e-01 -8.872358322143555	1.0
chr3_157160600_C_G_b38	1	1.03149e-02	-8.316e-01	8.427e-02 -8.875690460205078	1.0
chr3_157166845_A_G_b38	1	9.82069e-03	-8.627e-01	2.184e-01 -8.949980708072111	1.0
chr3_157159487_CAA_C_b38	1	8.73115e-03	-8.354e-01	8.381e-02 -8.912519127870981	1.0
chr3_157174732_C_G_b38	1	4.81458e-03	-8.386e-01	7.912e-02 -8.910124778747559	1.0
chr3_157174647_C_G_b38	1	4.81458e-03	-8.386e-01	7.912e-02 -8.979260444641113	1.0
chr3_157188442_T_C_b38	1	4.59937e-03	-8.335e-01	8.153e-02 -8.941184997558594	1.0
chr3_157187772_G_A_b38	1	4.59937e-03	-8.335e-01	8.153e-02 -8.939961433410645	1.0
chr3_157177638_T_G_b38	1	4.59937e-03	-8.335e-01	8.153e-02 -8.937761306762695	1.0
chr3_157187654_A_T_b38	1	4.59937e-03	-8.335e-01	8.153e-02 -8.942144393920898	1.0
chr3_157180110_G_A_b38	1	4.59937e-03	-8.335e-01	8.153e-02 -8.933990478515625	1.0
chr3_157183834_A_G_b38	1	4.59937e-03	-8.335e-01	8.153e-02 -8.943201065063477	1.0
chr3_157181941_A_G_b38	1	4.59937e-03	-8.335e-01	8.153e-02 -8.945834159851074	1.0
chr3_157187195_T_C_b38	1	4.59937e-03	-8.335e-01	8.153e-02 -8.942144393920898	1.0
chr3_157150661_T_C_b38	1	4.51879e-03	-8.386e-01	7.912e-02 -8.873176574707031	1.0
chr3_157146853_T_A_b38	1	4.51879e-03	-8.386e-01	7.912e-02 -8.876742362976074	1.0
chr3_157152270_C_T_b38	1	4.51879e-03	-8.386e-01	7.912e-02 -8.878721237182617	1.0
chr3_157145575_A_G_b38	1	4.51879e-03	-8.386e-01	7.912e-02 -8.87795352935791	1.0
chr3_157163213_T_C_b38	1	4.42420e-03	-8.463e-01	2.472e-01 -8.877243041992188	1.0
chr3_157176975_T_G_b38	1	2.65989e-03	-8.356e-01	7.813e-02 -8.941192626953125	1.0
chr3_157162784_T_C_b38	1	2.05592e-03	-8.202e-01	8.112e-02 -8.877431869506836	1.0
chr3_157165907_G_A_b38	1	1.98278e-03	-8.202e-01	8.113e-02 -8.76456356048584	1.0
chr3_157179698_GCTC_G_b38	1	1.61206e-03	-8.420e-01	7.386e-02 -8.808522027962745	1.0
chr3_157207516_T_G_b38	1	1.60146e-03	-8.387e-01	7.459e-02 -8.951327323913574	1.0
chr3_157204200_C_G_b38	1	1.60146e-03	-8.387e-01	7.459e-02 -8.95167064666748	1.0
chr3_157204312_A_G_b38	1	1.60146e-03	-8.387e-01	7.459e-02 -8.952582359313965	1.0
chr3_157197266_GGT_G_b38	1	1.60146e-03	-8.387e-01	7.459e-02 -8.834500733979182	1.0
chr3_157211098_G_A_b38	1	1.60146e-03	-8.387e-01	7.459e-02 -8.949456214904785	1.0
chr3_157196499_G_A_b38	1	1.60146e-03	-8.387e-01	7.459e-02 -8.951570510864258	1.0
chr3_157207004_A_G_b38	1	1.60146e-03	-8.387e-01	7.459e-02 -8.955768585205078	1.0
chr3_157194312_A_T_b38	1	1.60146e-03	-8.387e-01	7.459e-02 -8.834500733979182	1.0
chr3_157209712_A_G_b38	1	1.60146e-03	-8.387e-01	7.459e-02 -8.951377868652344	1.0
chr3_157203965_G_C_b38	1	1.60146e-03	-8.387e-01	7.459e-02 -8.95167064666748	1.0
chr3_157212792_A_G_b38	1	1.60146e-03	-8.387e-01	7.459e-02 -8.931350708007812	1.0
chr3_157202529_G_C_b38	1	1.60146e-03	-8.387e-01	7.459e-02 -8.951870918273926	1.0
chr3_157167354_A_T_b38	1	1.31509e-03	-8.291e-01	6.792e-02 -8.878437995910645	1.0
chr3_157168538_T_A_b38	1	1.31509e-03	-8.291e-01	6.792e-02 -8.884370803833008	1.0
chr3_157168833_C_A_b38	1	1.31509e-03	-8.291e-01	6.792e-02 -8.958919525146484	1.0
chr3_157165932_C_A_b38	2	2.50556e-02	-2.198e-01	8.880e-02 -6.8591346740722665	1.0
chr3_157167548_C_T_b38	2	1.24976e-02	-2.311e-01	1.040e-01 -7.4591312408447275	1.0
chr3_157162899_A_G_b38	2	8.56680e-03	-1.900e-01	1.027e-01 -7.479296684265138	1.0
chr3_157170695_T_A_b38	2	3.60835e-03	8.780e-01	3.519e-01 -8.887664794921875	1.0
chr3_157155431_G_C_b38	2	3.36575e-03	-1.884e-01	1.008e-01 -7.093171119689941	1.0
chr3_157158713_G_A_b38	2	3.36575e-03	-1.884e-01	1.008e-01 -7.082961082458496	1.0
chr3_157175993_G_C_b38	2	3.29274e-03	-2.301e-01	1.040e-01 -7.5295610427856445	1.0
chr3_157175015_T_C_b38	2	3.29274e-03	-2.301e-01	1.040e-01 -7.500805377960205	1.0
chr3_157183736_T_C_b38	2	2.99633e-03	-2.033e-01	8.837e-02 -7.0523743629455575	1.0
chr3_157186789_G_A_b38	2	2.99633e-03	-2.033e-01	8.837e-02 -7.051539421081543	1.0
chr3_157182905_T_A_b38	2	2.99633e-03	-2.033e-01	8.837e-02 -7.052485942840576	1.0
chr3_157174673_T_C_b38	2	2.60925e-03	-2.173e-01	1.019e-01 -7.524945735931396	1.0
chr3_157157392_C_CTCTT_b38	2	2.41034e-03	-1.704e-01	9.697e-02 -7.148093014425963	1.0
chr3_157169997_C_G_b38	2	2.24020e-03	-2.987e-01	5.205e-01 -8.879450798034668	1.0
chr3_157170937_G_A_b38	2	2.24020e-03	-2.987e-01	5.205e-01 -8.879450798034668	1.0
chr3_157173665_C_A_b38	2	2.24020e-03	-2.987e-01	5.205e-01 -8.8916597366333	1.0
chr3_157182934_C_G_b38	2	2.06351e-03	-2.118e-01	1.042e-01 -7.547981739044189	1.0
chr3_157157552_G_A_b38	2	1.96432e-03	-3.206e-01	5.207e-01 -8.877299308776855	1.0
chr3_157141509_T_C_b38	2	1.83752e-03	-1.988e-01	9.683e-02 -6.896636962890625	1.0
chr3_157191073_A_C_b38	2	1.18878e-03	-2.201e-01	8.899e-02 -7.004016876220702	1.0
chr3_157178575_A_G_b38	2	1.15918e-03	-1.919e-01	9.843e-02 -6.700638803180153	1.0
chr3_157179783_A_G_b38	2	1.14075e-03	-1.885e-01	1.009e-01 -7.5504798889160165	1.0
chr3_157178456_A_G_b38	2	1.14075e-03	-1.885e-01	1.009e-01 -7.516451358795166	1.0
chr3_157144877_T_A_b38	2	1.08995e-03	-1.884e-01	1.007e-01 -7.08469295501709	1.0
chr3_157143961_C_G_b38	2	1.08995e-03	-1.884e-01	1.007e-01 -7.0816407203674325	1.0
chr3_157184304_GC_G_b38	2	9.08976e-04	-4.012e-01	4.385e-01 -8.834500733979182	1.0
chr3_157180432_C_T_b38	2	9.08976e-04	-4.012e-01	4.385e-01 -8.94841194152832	1.0
chr3_157188895_C_T_b38	2	9.08976e-04	-4.012e-01	4.385e-01 -8.947494506835938	1.0
chr3_157181896_A_T_b38	2	9.08976e-04	-4.012e-01	4.385e-01 -8.949047088623047	1.0
chr3_157188194_G_A_b38	2	9.08976e-04	-4.012e-01	4.385e-01 -8.944624900817871	1.0
chr3_157183371_G_A_b38	2	9.08976e-04	-4.012e-01	4.385e-01 -8.945784568786621	1.0
chr3_157187764_T_C_b38	2	9.08976e-04	-4.012e-01	4.385e-01 -8.943493843078613	1.0
chr3_157188386_T_C_b38	2	9.08976e-04	-4.012e-01	4.385e-01 -8.94467544555664	1.0
chr3_157186091_C_T_b38	2	9.08976e-04	-4.012e-01	4.385e-01 -8.946023941040039	1.0
chr3_157185825_G_A_b38	2	8.47375e-04	-3.791e-01	4.111e-01 -8.94458293914795	1.0
chr3_157153027_A_G_b38	2	8.14574e-04	-3.478e-01	5.195e-01 -8.878588676452637	1.0
chr3_157139178_C_T_b38	2	8.14574e-04	-3.478e-01	5.195e-01 -8.915522575378418	1.0
chr3_157144356_C_T_b38	2	6.98498e-04	-1.682e-01	9.781e-02 -7.045175075531006	1.0
chr3_157191082_C_T_b38	2	6.91530e-04	-2.032e-01	8.836e-02 -6.984141826629639	1.0
chr3_157197145_G_A_b38	2	6.91530e-04	-2.032e-01	8.836e-02 -6.950961369813331	1.0
chr3_157206894_G_A_b38	2	6.91530e-04	-2.032e-01	8.836e-02 -7.06685733795166	1.0
chr3_157199282_T_C_b38	2	6.91530e-04	-2.032e-01	8.836e-02 -7.068129062652588	1.0
chr3_157196001_A_G_b38	2	6.91530e-04	-2.032e-01	8.836e-02 -7.057919979095459	1.0
chr3_157197861_C_T_b38	2	6.91530e-04	-2.032e-01	8.836e-02 -7.08082914352417	1.0
chr3_157191109_C_T_b38	2	6.91530e-04	-2.032e-01	8.836e-02 -7.0542731285095215	1.0
chr3_157143671_T_C_b38	2	5.66999e-04	-2.363e-01	2.984e-01 -8.775432586669924	1.0
chr3_157144252_C_T_b38	2	5.66999e-04	-2.363e-01	2.984e-01 -8.773408889770508	1.0
chr3_157216595_A_G_b38	2	4.15205e-04	-2.250e-01	8.802e-02 -7.062293529510497	1.0
chr3_157146762_T_A_b38	2	3.94279e-04	-1.333e-01	9.650e-02 -7.040578842163086	1.0
chr3_157141246_T_C_b38	2	3.94279e-04	-1.333e-01	9.650e-02 -7.055864810943604	1.0
chr3_157149987_G_GAA_b38	2	3.82041e-04	-1.339e-01	9.919e-02 -6.6185734096055455	1.0
chr3_157189503_TAAAC_T_b38	2	2.71358e-04	-4.636e-01	4.329e-01 -8.834500733979182	1.0
chr3_157190931_G_A_b38	2	2.71358e-04	-4.636e-01	4.329e-01 -8.939054489135742	1.0
chr3_157193664_T_C_b38	2	2.71358e-04	-4.636e-01	4.329e-01 -8.952900886535645	1.0
chr3_157210562_C_G_b38	2	2.71358e-04	-4.636e-01	4.329e-01 -8.95107650756836	1.0
chr3_157197031_C_T_b38	2	2.71358e-04	-4.636e-01	4.329e-01 -8.954564094543457	1.0
chr3_157202410_A_AAAAC_b38	2	2.71358e-04	-4.636e-01	4.329e-01 -8.834500733979182	1.0
chr3_157210997_A_G_b38	2	2.71358e-04	-4.636e-01	4.329e-01 -8.95192813873291	1.0
chr3_157207049_C_T_b38	2	2.71358e-04	-4.636e-01	4.329e-01 -8.957921028137207	1.0
chr3_157244972_A_C_b38	2	2.45811e-04	-2.201e-01	8.899e-02 -7.044227123260497	1.0
chr3_157220748_T_C_b38	2	2.45811e-04	-2.201e-01	8.899e-02 -7.062216758728027	1.0
chr3_157198106_G_A_b38	2	1.99455e-04	-1.930e-01	1.249e-01 -7.424155235290527	1.0
chr3_157206884_T_C_b38	2	1.99455e-04	-1.930e-01	1.249e-01 -7.432382583618164	1.0
chr3_157201349_G_T_b38	2	1.99455e-04	-1.930e-01	1.249e-01 -7.444614887237549	1.0
chr3_157200465_T_C_b38	2	1.99455e-04	-1.930e-01	1.249e-01 -7.433412075042725	1.0
chr3_157209624_T_C_b38	2	1.99455e-04	-1.930e-01	1.249e-01 -7.42384147644043	1.0
chr3_157206590_T_TTAAACAC_b38	2	1.99455e-04	-1.930e-01	1.249e-01 -7.399543979477541	1.0
chr3_157259418_T_C_b38	2	1.83909e-04	-2.360e-01	1.068e-01 -7.527321815490723	1.0
chr3_157263696_C_G_b38	2	1.63389e-04	-2.032e-01	8.836e-02 -7.041550636291504	1.0
chr3_157249406_A_G_b38	2	1.63389e-04	-2.032e-01	8.836e-02 -7.038918495178223	1.0
chr3_157256642_A_G_b38	2	1.63389e-04	-2.032e-01	8.836e-02 -7.043777942657472	1.0
chr3_157199741_T_C_b38	2	1.48694e-04	-1.673e-01	1.184e-01 -7.440608024597168	1.0
chr3_157212437_C_G_b38	2	1.32443e-04	-1.607e-01	1.260e-01 -7.425737380981445	1.0
chr3_157207177_C_G_b38	2	1.22584e-04	-1.749e-01	3.894e-01 -8.959805488586426	1.0
chr3_157248446_A_G_b38	2	1.22229e-04	-2.118e-01	1.042e-01 -7.539572238922119	1.0
chr3_157263036_T_G_b38	2	1.22229e-04	-2.118e-01	1.042e-01 -7.54906702041626	1.0
chr3_157245512_A_C_b38	2	1.22229e-04	-2.118e-01	1.042e-01 -7.540501117706299	1.0
chr3_157237582_T_TCTGGGCTACATC_b38	2	1.22229e-04	-2.118e-01	1.042e-01 -7.502177058569157	1.0
chr3_157250621_C_T_b38	2	1.22229e-04	-2.118e-01	1.042e-01 -7.5391902923583975	1.0
chr3_157261130_A_AT_b38	2	1.22229e-04	-2.118e-01	1.042e-01 -7.468236150994597	1.0
chr3_157245809_C_T_b38	2	1.22229e-04	-2.118e-01	1.042e-01 -7.54039192199707	1.0
chr3_157261970_T_C_b38	2	1.22229e-04	-2.118e-01	1.042e-01 -7.539652347564697	1.0
chr3_157246538_A_C_b38	2	1.22229e-04	-2.118e-01	1.042e-01 -7.502177058569157	1.0
chr3_157256973_G_GATTTTCTAGAAAGCTCAGT_b38	2	1.22229e-04	-2.118e-01	1.042e-01 -7.502177058569157	1.0
chr3_157235922_G_A_b38	2	1.22229e-04	-2.118e-01	1.042e-01 -7.541267395019531	1.0
chr3_157251734_T_C_b38	2	1.22229e-04	-2.118e-01	1.042e-01 -7.5397911071777335	1.0
chr3_157234956_G_A_b38	2	1.22229e-04	-2.118e-01	1.042e-01 -7.542495250701903	1.0
chr3_157253574_G_C_b38	2	1.22229e-04	-2.118e-01	1.042e-01 -7.539135456085205	1.0
chr3_157234405_A_T_b38	2	1.22229e-04	-2.118e-01	1.042e-01 -7.542945384979247	1.0
chr3_157262229_A_G_b38	2	1.22229e-04	-2.118e-01	1.042e-01 -7.53828763961792	1.0
chr3_157254852_C_CT_b38	2	1.22229e-04	-2.118e-01	1.042e-01 -7.601121713380293	1.0
chr3_157259080_G_C_b38	2	1.22229e-04	-2.118e-01	1.042e-01 -7.553627490997314	1.0
chr3_157235654_A_AT_b38	2	1.22229e-04	-2.118e-01	1.042e-01 -7.502177058569157	1.0
chr3_157256015_A_G_b38	2	1.22229e-04	-2.118e-01	1.042e-01 -7.540883541107178	1.0
chr3_157263032_A_G_b38	2	1.22229e-04	-2.118e-01	1.042e-01 -7.537604331970215	1.0
chr3_157260887_G_C_b38	2	1.22229e-04	-2.118e-01	1.042e-01 -7.538000106811522	1.0
chr3_157235364_T_C_b38	2	1.22229e-04	-2.118e-01	1.042e-01 -7.541389942169189	1.0
chr3_157259084_A_T_b38	2	1.22229e-04	-2.118e-01	1.042e-01 -7.553627490997314	1.0
chr3_157236288_C_T_b38	2	1.22229e-04	-2.118e-01	1.042e-01 -7.560451984405518	1.0
chr3_157257399_A_G_b38	2	1.22229e-04	-2.118e-01	1.042e-01 -7.537769317626952	1.0
chr3_157232943_A_G_b38	2	1.22229e-04	-2.118e-01	1.042e-01 -7.54252290725708	1.0
chr3_157260894_CTTTTA_C_b38	2	1.22229e-04	-2.118e-01	1.042e-01 -7.468236150994597	1.0
chr3_157231993_G_A_b38	2	1.22229e-04	-2.118e-01	1.042e-01 -7.552777290344237	1.0
chr3_157251658_A_G_b38	2	1.22229e-04	-2.118e-01	1.042e-01 -7.5397911071777335	1.0
chr3_157250086_A_G_b38	2	1.22229e-04	-2.118e-01	1.042e-01 -7.52179479598999	1.0
chr3_157241254_A_G_b38	2	1.22229e-04	-2.118e-01	1.042e-01 -7.540501117706299	1.0
chr3_157246684_G_C_b38	2	1.22229e-04	-2.118e-01	1.042e-01 -7.539681434631348	1.0
chr3_157233306_G_T_b38	2	1.22229e-04	-2.118e-01	1.042e-01 -7.541621208190918	1.0
chr3_157232415_A_G_b38	2	1.22229e-04	-2.118e-01	1.042e-01 -7.551820755004883	1.0
chr3_157254853_A_C_b38	2	1.17673e-04	-2.094e-01	1.038e-01 -7.647855932350638	1.0
chr3_157255891_C_G_b38	2	1.09216e-04	-2.575e-01	1.590e-01 -7.478492259979247	1.0
chr3_157241474_A_G_b38	2	1.09216e-04	-2.575e-01	1.590e-01 -7.47799015045166	1.0
chr3_157233089_G_A_b38	2	1.09216e-04	-2.575e-01	1.590e-01 -7.488111972808838	1.0
chr3_157163324_GCTC_G_b38	3	5.24830e-04	-2.329e-01	1.486e-01 0.4060933275924276	1.0
