chr3_12663395_G_T_b38	1	9.49569e-02	1.603e-01	3.918e-02 6.4958906173706055	1.0
chr3_12655999_G_A_b38	1	8.79881e-02	1.709e-01	3.737e-02 7.747952461242676	1.0
chr3_12663709_G_A_b38	1	5.33119e-02	1.524e-01	3.877e-02 6.774025917053223	1.0
chr3_12588466_G_C_b38	1	4.46669e-02	-1.887e-01	3.674e-02 -7.588152408599853	1.0
chr3_12662664_C_T_b38	1	3.89224e-02	1.601e-01	3.910e-02 6.488820552825928	1.0
chr3_12648844_G_A_b38	1	3.88173e-02	1.710e-01	3.726e-02 7.769965171813965	1.0
chr3_12666074_C_T_b38	1	3.73518e-02	1.565e-01	3.848e-02 6.7426276206970215	1.0
chr3_12649766_G_A_b38	1	3.28095e-02	1.705e-01	3.749e-02 7.747107982635497	1.0
chr3_12661063_A_G_b38	1	3.20843e-02	1.600e-01	3.888e-02 6.507589340209961	1.0
chr3_12661564_G_A_b38	1	2.84699e-02	1.578e-01	3.864e-02 6.4892940521240225	1.0
chr3_12670422_C_T_b38	1	2.67853e-02	1.645e-01	3.887e-02 6.422011375427246	1.0
chr3_12606657_A_G_b38	1	2.01740e-02	-1.793e-01	3.622e-02 -7.56378173828125	1.0
chr3_12652496_G_A_b38	1	1.76968e-02	1.733e-01	4.007e-02 6.8075828552246085	1.0
chr3_12634210_T_C_b38	1	1.76843e-02	1.714e-01	3.723e-02 7.7447404861450195	1.0
chr3_12660159_A_AAT_b38	1	1.65234e-02	1.520e-01	3.860e-02 6.743323123521286	1.0
chr3_12659648_CAT_C_b38	1	1.65234e-02	1.520e-01	3.860e-02 6.743323123521286	1.0
chr3_12636704_G_A_b38	1	1.58320e-02	1.709e-01	3.734e-02 7.748574256896973	1.0
chr3_12673793_G_A_b38	1	1.52826e-02	1.552e-01	3.801e-02 6.681025505065918	1.0
chr3_12669384_G_A_b38	1	1.44539e-02	1.562e-01	3.839e-02 6.481097879459614	1.0
chr3_12669333_G_A_b38	1	1.44539e-02	1.562e-01	3.839e-02 6.5879448656366515	1.0
chr3_12617021_G_A_b38	1	1.41579e-02	1.705e-01	3.749e-02 7.740386486053468	1.0
chr3_12626181_T_G_b38	1	1.41579e-02	1.705e-01	3.749e-02 7.686784267425537	1.0
chr3_12633067_A_G_b38	1	1.41579e-02	1.705e-01	3.749e-02 7.749166965484619	1.0
chr3_12627949_G_A_b38	1	1.41579e-02	1.705e-01	3.749e-02 7.687920093536378	1.0
chr3_12617995_G_A_b38	1	1.38427e-02	1.688e-01	3.717e-02 7.740226745605469	1.0
chr3_12637967_T_C_b38	1	1.38427e-02	1.688e-01	3.717e-02 7.744147777557372	1.0
chr3_12620618_G_A_b38	1	1.34347e-02	1.763e-01	3.886e-02 8.247921943664549	1.0
chr3_12697048_C_T_b38	1	1.01889e-02	1.737e-01	3.927e-02 6.826572895050049	1.0
chr3_12677623_C_A_b38	1	1.00430e-02	1.564e-01	3.761e-02 6.664661884307861	1.0
chr3_12686463_C_A_b38	1	7.30902e-03	1.549e-01	3.804e-02 6.7164368629455575	1.0
chr3_12590275_A_G_b38	1	6.40740e-03	-1.761e-01	3.764e-02 -7.777164936065674	1.0
chr3_12566846_A_G_b38	1	4.90449e-03	-1.795e-01	3.889e-02 -7.576089393606589	1.0
chr3_12601450_T_C_b38	1	4.69002e-03	-1.705e-01	3.706e-02 -7.625092506408691	1.0
chr3_12608438_C_T_b38	1	4.24541e-03	-1.701e-01	3.719e-02 -7.750275611877441	1.0
chr3_12608077_A_G_b38	1	4.18373e-03	-1.709e-01	3.739e-02 -7.991194248199463	1.0
chr3_12597231_C_A_b38	1	3.83358e-03	-1.704e-01	3.746e-02 -7.744392395019531	1.0
chr3_12648359_A_G_b38	1	3.77603e-03	1.508e-01	3.832e-02 6.7862043380737305	1.0
chr3_12592053_T_C_b38	1	3.48143e-03	-1.796e-01	4.030e-02 -6.7490553855896	1.0
chr3_12591153_G_C_b38	1	3.39629e-03	-1.690e-01	3.740e-02 -8.021639823913574	1.0
chr3_12572367_T_C_b38	1	3.26826e-03	-1.814e-01	4.116e-02 -6.029195785522461	1.0
chr3_12606048_T_TG_b38	1	2.68743e-03	-1.672e-01	3.772e-02 -6.5583365965834775	1.0
chr3_12695031_C_G_b38	1	2.52410e-03	1.545e-01	3.790e-02 6.796266555786133	1.0
chr3_12581444_G_C_b38	1	2.15547e-03	-1.731e-01	3.975e-02 -6.8759379386901855	1.0
chr3_12594207_G_A_b38	1	2.09878e-03	-1.635e-01	3.723e-02 -7.988387107849121	1.0
chr3_12600019_A_G_b38	1	2.02318e-03	-1.725e-01	3.978e-02 -6.751181602478027	1.0
chr3_12569770_T_C_b38	1	2.00441e-03	-1.727e-01	4.001e-02 -6.396064281463622	1.0
chr3_12571221_T_C_b38	1	1.96585e-03	-1.733e-01	4.011e-02 -6.569700717926025	1.0
chr3_12572608_T_C_b38	1	1.96585e-03	-1.733e-01	4.011e-02 -6.407555103302003	1.0
chr3_12569233_T_C_b38	1	1.91673e-03	-1.667e-01	3.816e-02 -7.619966959785278	1.0
chr3_12568575_G_A_b38	1	1.91673e-03	-1.667e-01	3.816e-02 -7.549112796783447	1.0
chr3_12569256_G_GGTTCAAGCA_b38	1	1.91673e-03	-1.667e-01	3.816e-02 -7.619966959785278	1.0
chr3_12620871_A_G_b38	1	1.87781e-03	1.632e-01	4.127e-02 6.985268592834473	1.0
chr3_12574081_A_G_b38	1	1.85313e-03	-1.727e-01	4.014e-02 -6.538922309875487	1.0
chr3_12636115_G_A_b38	1	1.62290e-03	1.515e-01	3.845e-02 6.758049964904785	1.0
chr3_12598008_TC_T_b38	1	1.27976e-03	-1.690e-01	3.963e-02 -7.8765539652201175	1.0
chr3_12548404_C_CA_b38	1	1.24663e-03	-1.820e-01	3.847e-02 -7.349152154145659	1.0
chr3_12548384_C_T_b38	1	1.24663e-03	-1.820e-01	3.847e-02 -7.249216847395277	1.0
chr3_12548397_G_A_b38	1	1.24663e-03	-1.820e-01	3.847e-02 -7.249216847395277	1.0
chr3_12548365_G_T_b38	1	1.24663e-03	-1.820e-01	3.847e-02 -7.208934723027572	1.0
chr3_12548362_G_C_b38	1	1.24663e-03	-1.820e-01	3.847e-02 -7.208934723027572	1.0
chr3_12621751_C_T_b38	1	1.23845e-03	1.526e-01	3.959e-02 7.1277098655700675	1.0
chr3_12557464_A_G_b38	1	8.77320e-04	-1.781e-01	3.835e-02 -7.238611698150635	1.0
chr3_12663549_G_A_b38	2	1.82138e-02	1.319e-01	8.231e-02 1.671666979789734	1.0
chr3_12665581_T_C_b38	2	4.90305e-03	9.145e-02	9.379e-02 1.759911298751831	1.0
chr3_12708401_C_T_b38	2	2.63559e-03	1.801e-01	5.765e-02 2.2086541652679443	1.0
chr3_12657646_C_T_b38	2	1.71995e-03	1.025e-01	8.579e-02 1.7807183265686035	1.0
chr3_12676797_C_T_b38	2	6.22506e-04	1.148e-01	7.547e-02 1.6829115152359009	1.0
chr3_12688567_T_C_b38	2	5.08604e-04	1.024e-01	7.848e-02 1.62294602394104	1.0
chr3_12679073_C_A_b38	2	5.08604e-04	1.024e-01	7.848e-02 1.658836841583252	1.0
chr3_12647235_G_A_b38	2	4.94245e-04	1.124e-01	7.654e-02 1.7844905853271484	1.0
chr3_12642453_A_C_b38	2	4.94245e-04	1.124e-01	7.654e-02 1.8559890985488887	1.0
chr3_12640446_AG_A_b38	2	4.94245e-04	1.124e-01	7.654e-02 1.737066123859034	1.0
chr3_12646806_C_A_b38	2	4.94245e-04	1.124e-01	7.654e-02 1.7845430374145508	1.0
chr3_12650120_C_T_b38	2	4.94245e-04	1.124e-01	7.654e-02 1.780965805053711	1.0
chr3_12653549_A_C_b38	2	4.94245e-04	1.124e-01	7.654e-02 1.8516795635223389	1.0
chr3_12635769_T_C_b38	2	1.59884e-04	1.347e-01	5.975e-02 1.737066123859034	1.0
chr3_12635756_A_G_b38	2	1.58842e-04	1.358e-01	6.043e-02 1.637771040097575	1.0
chr3_12700934_A_G_b38	2	9.94475e-05	1.314e-01	6.172e-02 1.6924705505371094	1.0
chr3_12700821_A_T_b38	2	9.94475e-05	1.314e-01	6.172e-02 1.703840255737305	1.0
chr3_12631442_CGA_C_b38	2	9.89935e-05	1.276e-01	6.050e-02 1.7892911750076763	1.0
chr3_12636514_T_G_b38	2	9.31908e-05	1.251e-01	6.032e-02 1.82676374912262	1.0
chr3_12617184_C_A_b38	2	9.31908e-05	1.251e-01	6.032e-02 1.8114584684371948	1.0
chr3_12625928_T_A_b38	2	9.31908e-05	1.251e-01	6.032e-02 1.8107579946517944	1.0
chr3_12632199_C_T_b38	2	9.31908e-05	1.251e-01	6.032e-02 1.807745218276977	1.0
chr3_12631455_C_T_b38	2	9.31908e-05	1.251e-01	6.032e-02 1.737066123859034	1.0
chr3_12626356_G_A_b38	2	9.31908e-05	1.251e-01	6.032e-02 1.8106176853179927	1.0
chr3_12615091_G_C_b38	2	9.31908e-05	1.251e-01	6.032e-02 1.8003405332565308	1.0
chr3_12631459_C_T_b38	2	9.31908e-05	1.251e-01	6.032e-02 1.737066123859034	1.0
chr3_12635711_C_T_b38	2	9.31908e-05	1.251e-01	6.032e-02 1.785192370414734	1.0
chr3_12632673_G_A_b38	2	9.31908e-05	1.251e-01	6.032e-02 1.8074142932891848	1.0
chr3_12697976_C_T_b38	2	5.37335e-05	1.217e-01	5.992e-02 1.660206913948059	1.0
chr3_12698969_A_G_b38	2	4.80063e-05	1.175e-01	6.041e-02 1.67731773853302	1.0
chr3_12697695_C_T_b38	2	4.69773e-05	1.167e-01	6.020e-02 1.6173524856567385	1.0
chr3_12716602_A_G_b38	2	4.44086e-05	1.336e-01	5.278e-02 1.801937460899353	1.0
chr3_12664743_G_C_b38	3	5.31274e-03	2.084e-01	6.814e-02 2.9152257442474365	1.0
chr3_12548186_C_T_b38	3	1.60479e-04	2.602e-01	6.122e-02 2.8648803234100337	1.0
