chr19_57360805_G_C_b38	1	2.26285e-01	4.020e-01	6.745e-02 -4.58580981231002	1.0
chr19_57354163_C_A_b38	1	2.00287e-01	3.935e-01	6.668e-02 -4.8023786544799805	1.0
chr19_57358779_G_A_b38	1	1.40869e-01	4.052e-01	7.010e-02 -4.774957180023193	1.0
chr19_57366826_G_T_b38	1	1.22816e-01	3.901e-01	6.580e-02 -4.7861738204956055	1.0
chr19_57367204_G_A_b38	1	7.88363e-02	3.933e-01	6.808e-02 -4.765960693359375	1.0
chr19_57379469_T_C_b38	1	6.97822e-02	4.221e-01	7.273e-02 -3.383317232131958	1.0
chr19_57360806_C_T_b38	1	5.86528e-02	3.910e-01	6.912e-02 -4.58580981231002	1.0
chr19_57363586_C_G_b38	1	5.52446e-02	3.796e-01	6.585e-02 -4.750881671905519	1.0
chr19_57367730_G_T_b38	1	4.71202e-02	3.813e-01	6.683e-02 -4.765939712524414	1.0
chr19_57353714_T_C_b38	2	9.97301e-01	4.417e-01	8.218e-02 -2.8640077114105225	1.0
chr19_57350775_A_G_b38	3	1.60055e-02	-2.183e-01	1.052e-01 0.6788849830627441	1.0
chr19_57348281_T_C_b38	3	1.31645e-02	-2.584e-01	9.829e-02 0.23150089383125305	1.0
chr19_57345834_T_C_b38	3	1.30113e-02	-2.852e-01	9.954e-02 0.2218257337808609	1.0
chr19_57342127_T_C_b38	3	1.30113e-02	-2.852e-01	9.954e-02 0.1982102543115616	1.0
chr19_57345774_C_A_b38	3	1.30113e-02	-2.852e-01	9.954e-02 0.24799895286560056	1.0
chr19_57350932_G_GAGA_b38	3	1.17839e-02	-1.101e-01	1.301e-01 1.3101628587862952	1.0
chr19_57350957_C_G_b38	3	1.17794e-02	-1.101e-01	1.301e-01 1.4147140979766846	1.0
chr19_57351088_A_G_b38	3	1.03103e-02	-8.206e-02	1.268e-01 1.3963592052459717	1.0
chr19_57340150_T_C_b38	3	6.62566e-03	-2.853e-01	9.954e-02 0.18965676426887512	1.0
chr19_57338500_G_A_b38	3	6.62566e-03	-2.853e-01	9.954e-02 0.14831826090812686	1.0
chr19_57330364_G_A_b38	3	5.40255e-03	-2.881e-01	1.047e-01 0.2373284101486206	1.0
chr19_57331247_A_G_b38	3	5.40255e-03	-2.881e-01	1.047e-01 0.23839788138866425	1.0
chr19_57332054_G_A_b38	3	5.40255e-03	-2.881e-01	1.047e-01 0.2434342056512833	1.0
chr19_57330213_T_G_b38	3	5.40255e-03	-2.881e-01	1.047e-01 0.2361768484115601	1.0
chr19_57334097_G_A_b38	3	5.40255e-03	-2.881e-01	1.047e-01 0.2542217671871185	1.0
chr19_57326924_G_A_b38	3	5.40255e-03	-2.881e-01	1.047e-01 0.32419526411035865	1.0
chr19_57325950_G_A_b38	3	1.83500e-03	-2.881e-01	1.047e-01 0.2845917344093323	1.0
chr19_57351137_G_A_b38	4	8.96282e-04	3.778e-02	7.807e-02 1.1576029062271118	1.0
