chr22_39099795_T_C_b38	1	1.56417e-01	2.551e-01	3.282e-02 5.753883361816406	1.0
chr22_39100194_T_C_b38	1	1.15863e-01	2.543e-01	3.289e-02 5.751402378082275	1.0
chr22_39100011_A_G_b38	1	9.96056e-02	2.535e-01	3.288e-02 5.7322444915771475	1.0
chr22_39100129_G_C_b38	1	7.14140e-02	2.532e-01	3.302e-02 5.751884460449219	1.0
chr22_39087962_T_C_b38	1	6.86192e-02	-2.588e-01	3.322e-02 -6.056784109481571	1.0
chr22_39076172_C_A_b38	1	5.48388e-02	-2.478e-01	3.366e-02 -5.979542255401611	1.0
chr22_39085890_G_A_b38	1	5.29221e-02	-2.543e-01	3.320e-02 -6.189650535583496	1.0
chr22_39086018_C_A_b38	1	5.29221e-02	-2.543e-01	3.320e-02 -6.200907707214356	1.0
chr22_39085855_C_G_b38	1	5.29221e-02	-2.543e-01	3.320e-02 -6.18969202041626	1.0
chr22_39099865_C_A_b38	1	5.08185e-02	2.504e-01	3.291e-02 5.752148151397705	1.0
chr22_39083348_T_A_b38	1	3.73220e-02	-2.534e-01	3.333e-02 -6.149724006652832	1.0
chr22_39084692_A_G_b38	1	3.73220e-02	-2.534e-01	3.333e-02 -6.121216297149657	1.0
chr22_39085388_C_G_b38	1	3.63365e-02	-2.526e-01	3.323e-02 -6.231611251831055	1.0
chr22_39084255_A_G_b38	1	3.39933e-02	-2.526e-01	3.328e-02 -6.177570343017577	1.0
chr22_39084254_C_T_b38	1	3.39933e-02	-2.526e-01	3.328e-02 -6.2098493576049805	1.0
chr22_39099665_C_T_b38	1	3.26605e-02	2.492e-01	3.292e-02 5.74616003036499	1.0
chr22_39098079_C_G_b38	1	4.34827e-03	2.424e-01	3.275e-02 5.768352031707764	1.0
chr22_39109467_C_G_b38	1	2.01300e-03	2.477e-01	3.317e-02 5.781242370605469	1.0
chr22_39097929_G_GT_b38	1	1.32632e-03	2.435e-01	3.246e-02 5.749425914351134	1.0
chr22_39077842_A_G_b38	2	5.12526e-02	-1.643e-01	6.342e-02 -2.692649602890014	1.0
chr22_39075546_A_T_b38	2	3.63736e-02	-1.822e-01	6.522e-02 -2.8217339515686035	1.0
chr22_39079754_C_G_b38	2	3.07791e-02	-1.842e-01	6.437e-02 -2.7197930812835693	1.0
chr22_39081653_C_T_b38	2	2.78481e-02	-1.882e-01	6.679e-02 -2.649869203567505	1.0
chr22_39081706_G_GC_b38	2	2.10317e-02	-1.734e-01	6.398e-02 -2.5221516770124124	1.0
chr22_39074322_T_C_b38	2	1.98296e-02	-1.726e-01	6.440e-02 -2.816756248474121	1.0
chr22_39086622_G_A_b38	2	1.88111e-02	-1.835e-01	6.423e-02 -2.594367027282715	1.0
chr22_39084210_C_T_b38	2	1.71449e-02	-1.881e-01	6.678e-02 -2.4934711456298833	1.0
chr22_39086262_C_T_b38	2	1.66649e-02	-1.809e-01	6.436e-02 -2.598608016967773	1.0
chr22_39084256_C_T_b38	2	1.28525e-02	-1.732e-01	6.396e-02 -2.629212617874145	1.0
chr22_39085657_C_T_b38	2	1.28525e-02	-1.732e-01	6.396e-02 -2.589423418045044	1.0
chr22_39083100_C_G_b38	2	1.28525e-02	-1.732e-01	6.396e-02 -2.65412974357605	1.0
chr22_39083347_G_A_b38	2	1.28525e-02	-1.732e-01	6.396e-02 -2.654288053512573	1.0
chr22_39086023_G_A_b38	2	1.28525e-02	-1.732e-01	6.396e-02 -2.590988874435425	1.0
chr22_39086366_C_G_b38	2	1.26932e-02	-1.729e-01	6.397e-02 -2.6535439491271973	1.0
chr22_39089456_G_A_b38	2	9.02025e-03	-1.856e-01	6.450e-02 -2.570951223373413	1.0
chr22_39089098_G_T_b38	2	9.02025e-03	-1.856e-01	6.450e-02 -2.580472230911255	1.0
chr22_39088320_G_T_b38	2	7.82829e-03	-1.827e-01	6.472e-02 -2.5748636722564697	1.0
chr22_39062044_G_A_b38	2	1.93887e-03	-1.399e-01	6.055e-02 -2.3358025550842285	1.0
chr22_39089207_C_T_b38	2	1.28132e-04	-9.764e-02	5.133e-02 -3.5608956813812256	1.0
chr22_39076560_G_C_b38	3	1.33573e-02	-1.304e-01	6.456e-02 -1.1372401461158188	1.0
chr22_39074218_G_A_b38	3	4.79660e-04	-1.436e-01	6.542e-02 -1.5277242660522459	1.0
