chr2_171558776_A_G_b38	1	3.19986e-01	-3.115e-01	4.403e-02 -9.334324393783351	1.0
chr2_171552755_G_C_b38	1	6.72819e-02	-3.005e-01	4.620e-02 -9.405760765075684	1.0
chr2_171552520_T_A_b38	1	6.72819e-02	-3.005e-01	4.620e-02 -9.416097640991213	1.0
chr2_171553676_A_G_b38	1	6.72819e-02	-3.005e-01	4.620e-02 -9.409894943237305	1.0
chr2_171552317_CA_C_b38	1	6.20456e-02	-2.996e-01	4.601e-02 -9.559386852905188	1.0
chr2_171557976_C_T_b38	1	4.52505e-02	-2.920e-01	4.338e-02 -9.58956527709961	1.0
chr2_171558940_A_G_b38	1	4.52505e-02	-2.920e-01	4.338e-02 -9.570987701416016	1.0
chr2_171555498_C_G_b38	1	4.52505e-02	-2.920e-01	4.338e-02 -9.590320587158203	1.0
chr2_171558043_A_G_b38	1	4.52505e-02	-2.920e-01	4.338e-02 -9.583066940307617	1.0
chr2_171558603_G_A_b38	1	4.52505e-02	-2.920e-01	4.338e-02 -9.572022438049316	1.0
chr2_171556397_A_C_b38	1	4.52505e-02	-2.920e-01	4.338e-02 -9.606999397277832	1.0
chr2_171560300_T_A_b38	1	3.49255e-02	-2.856e-01	4.186e-02 -9.596632957458496	1.0
chr2_171560564_T_A_b38	1	1.94998e-02	-2.838e-01	4.209e-02 -9.684769186264743	1.0
chr2_171560888_G_C_b38	1	1.94998e-02	-2.838e-01	4.209e-02 -9.429941177368164	1.0
chr2_171559437_T_C_b38	1	1.56772e-02	-2.858e-01	4.370e-02 -9.633389472961426	1.0
chr2_171559420_C_T_b38	1	1.56772e-02	-2.858e-01	4.370e-02 -9.626466751098633	1.0
chr2_171559866_A_C_b38	1	1.56772e-02	-2.858e-01	4.370e-02 -9.58792495727539	1.0
chr2_171559387_G_A_b38	1	1.56772e-02	-2.858e-01	4.370e-02 -9.624229431152344	1.0
chr2_171549081_C_CTATT_b38	1	5.66354e-03	-2.749e-01	4.240e-02 -9.652005309601249	1.0
chr2_171522308_A_G_b38	2	2.78538e-01	1.186e-01	3.292e-02 4.464993476867676	1.0
chr2_171522379_C_G_b38	2	2.61104e-01	1.179e-01	3.292e-02 4.477994918823242	1.0
chr2_171523426_G_A_b38	2	1.10728e-01	1.242e-01	3.283e-02 4.6684346199035645	1.0
chr2_171521087_T_C_b38	2	6.80159e-02	1.216e-01	3.282e-02 4.399388790130615	1.0
chr2_171523176_G_A_b38	2	5.81668e-02	1.137e-01	3.302e-02 4.5454301834106445	1.0
chr2_171523733_T_TCA_b38	2	3.47777e-02	1.139e-01	3.292e-02 4.228425361328101	1.0
chr2_171523271_G_A_b38	2	3.22078e-02	1.132e-01	3.296e-02 4.6582932472229	1.0
chr2_171524098_G_C_b38	2	2.53887e-02	1.106e-01	3.293e-02 4.605244159698486	1.0
chr2_171523880_T_C_b38	2	1.99436e-02	1.087e-01	3.300e-02 4.606355667114258	1.0
chr2_171521922_G_A_b38	2	1.38312e-02	-9.018e-02	3.044e-02 1.2799477577209473	1.0
chr2_171522383_G_A_b38	3	6.45307e-03	2.062e-02	4.154e-02 1.9974045753479004	1.0
chr2_171521697_C_G_b38	3	2.28683e-03	1.994e-02	4.097e-02 1.8869880437850952	1.0
chr2_171524205_CGGCATCAG_C_b38	3	9.99646e-04	9.044e-03	4.097e-02 1.6508404745867762	1.0
chr2_171524288_A_G_b38	3	9.99646e-04	9.044e-03	4.097e-02 1.9675720930099487	1.0
chr2_171524363_C_A_b38	3	9.99646e-04	9.044e-03	4.097e-02 1.9828951358795168	1.0
chr2_171519752_A_C_b38	3	7.13692e-04	-2.187e-02	3.650e-02 0.5942900776863098	1.0
chr2_171519711_A_G_b38	3	5.04572e-04	-2.259e-02	3.643e-02 0.6185764074325562	1.0
chr2_171524976_C_T_b38	3	4.58166e-04	7.451e-03	4.081e-02 1.980818510055542	1.0
chr2_171525438_A_C_b38	3	4.58166e-04	7.451e-03	4.081e-02 1.9417309761047363	1.0
chr2_171524830_A_T_b38	3	4.58166e-04	7.451e-03	4.081e-02 1.9760230779647827	1.0
chr2_171525444_T_C_b38	3	4.58166e-04	7.451e-03	4.081e-02 1.935498595237732	1.0
