chr8_143927204_T_C_b38	1	5.42460e-02	-3.720e-01	5.338e-02 -11.361837387084961	1.0
chr8_143927341_T_C_b38	1	5.42460e-02	-3.720e-01	5.338e-02 -11.360365867614744	1.0
chr8_143928368_G_A_b38	1	5.42460e-02	-3.720e-01	5.338e-02 -11.395917892456055	1.0
chr8_143927143_T_C_b38	1	5.42460e-02	-3.720e-01	5.338e-02 -11.360188484191895	1.0
chr8_143927616_A_G_b38	1	5.42460e-02	-3.720e-01	5.338e-02 -11.371589660644533	1.0
chr8_143927420_C_T_b38	1	5.42460e-02	-3.720e-01	5.338e-02 -11.368814468383787	1.0
chr8_143928263_C_G_b38	1	5.42460e-02	-3.720e-01	5.338e-02 -11.381502151489258	1.0
chr8_143927132_T_A_b38	1	5.42460e-02	-3.720e-01	5.338e-02 -11.36318302154541	1.0
chr8_143948186_T_G_b38	1	4.88619e-02	-3.883e-01	4.695e-02 -11.920037209018604	1.0
chr8_143933779_G_A_b38	1	2.69224e-02	-3.711e-01	5.539e-02 -12.002439498901367	1.0
chr8_143938609_C_G_b38	1	2.68782e-02	-3.751e-01	5.424e-02 -12.183910369873047	1.0
chr8_143934174_C_A_b38	1	2.44008e-02	-3.756e-01	5.401e-02 -12.096335411071776	1.0
chr8_143928115_A_G_b38	1	1.82527e-02	-3.543e-01	5.639e-02 -11.384150505065918	1.0
chr8_143926863_T_C_b38	1	1.82527e-02	-3.543e-01	5.639e-02 -11.377982139587402	1.0
chr8_143932622_T_C_b38	1	1.76919e-02	-3.531e-01	4.755e-02 -12.011120977966087	1.0
chr8_143923759_G_A_b38	1	1.50412e-02	-3.729e-01	5.274e-02 -11.345707893371582	1.0
chr8_143926053_G_A_b38	1	1.50412e-02	-3.729e-01	5.274e-02 -11.364977836608887	1.0
chr8_143926572_G_A_b38	1	1.50412e-02	-3.729e-01	5.274e-02 -11.356091499328613	1.0
chr8_143926730_A_G_b38	1	1.50412e-02	-3.729e-01	5.274e-02 -11.366870880126953	1.0
chr8_143923488_C_T_b38	1	1.50412e-02	-3.729e-01	5.274e-02 -11.339826583862305	1.0
chr8_143925888_T_C_b38	1	1.50412e-02	-3.729e-01	5.274e-02 -11.35787296295166	1.0
chr8_143922467_G_A_b38	1	1.50412e-02	-3.729e-01	5.274e-02 -11.290594100952148	1.0
chr8_143924022_A_G_b38	1	1.50412e-02	-3.729e-01	5.274e-02 -11.33542251586914	1.0
chr8_143925249_C_T_b38	1	1.50412e-02	-3.729e-01	5.274e-02 -11.336274147033693	1.0
chr8_143925474_A_C_b38	1	1.50412e-02	-3.729e-01	5.274e-02 -11.332382202148438	1.0
chr8_143925516_A_G_b38	1	1.50412e-02	-3.729e-01	5.274e-02 -11.338661193847654	1.0
chr8_143926641_G_A_b38	1	1.50412e-02	-3.729e-01	5.274e-02 -11.354961395263672	1.0
chr8_143926434_T_C_b38	1	1.50412e-02	-3.729e-01	5.274e-02 -11.344773292541506	1.0
chr8_143921326_C_T_b38	1	1.50412e-02	-3.729e-01	5.274e-02 -11.200254440307617	1.0
chr8_143921568_G_A_b38	1	1.50412e-02	-3.729e-01	5.274e-02 -11.289896965026855	1.0
chr8_143922240_T_G_b38	1	1.50412e-02	-3.729e-01	5.274e-02 -11.264704704284668	1.0
chr8_143924001_C_T_b38	1	1.50412e-02	-3.729e-01	5.274e-02 -11.315890312194824	1.0
chr8_143945857_G_A_b38	1	1.01791e-02	-3.679e-01	5.807e-02 -11.962199211120605	1.0
chr8_143933821_A_G_b38	1	7.70122e-03	-3.607e-01	6.026e-02 -12.06428337097168	1.0
chr8_143946999_C_G_b38	1	6.95105e-03	-3.655e-01	5.987e-02 -11.885296821594238	1.0
chr8_143948709_A_T_b38	1	6.56002e-03	-3.624e-01	5.868e-02 -11.71648120880127	1.0
chr8_143952414_G_A_b38	1	6.15500e-03	-3.257e-01	7.163e-02 -11.893607139587402	1.0
chr8_143947260_G_C_b38	1	5.13006e-03	-3.446e-01	5.929e-02 -11.865370750427244	1.0
chr8_143921861_A_G_b38	1	5.05511e-03	-3.554e-01	5.580e-02 -11.257095336914062	1.0
chr8_143925453_C_T_b38	1	4.70305e-03	-3.562e-01	6.328e-02 -10.981006622314453	1.0
chr8_143958164_C_CTG_b38	1	4.58539e-03	-3.386e-01	6.065e-02 -11.915362490795937	1.0
chr8_143940256_C_G_b38	1	4.52868e-03	-3.669e-01	5.782e-02 -12.012364387512207	1.0
chr8_143935442_A_G_b38	1	4.30237e-03	-3.641e-01	5.949e-02 -12.090048789978027	1.0
chr8_143926153_C_T_b38	1	3.62551e-03	-3.608e-01	5.802e-02 -11.366336822509766	1.0
chr8_143922430_G_A_b38	1	3.61138e-03	-3.593e-01	5.927e-02 -11.287908554077148	1.0
chr8_143973019_A_G_b38	1	3.59096e-03	-3.471e-01	6.264e-02 -11.522586822509766	1.0
chr8_143965940_T_C_b38	1	3.35469e-03	-3.416e-01	6.826e-02 -11.636860847473145	1.0
chr8_143946689_C_T_b38	1	3.24957e-03	-3.599e-01	6.205e-02 -11.786266649575293	1.0
chr8_143933019_G_A_b38	1	3.22638e-03	-3.579e-01	6.426e-02 -12.09608554840088	1.0
chr8_143934392_A_G_b38	1	2.96222e-03	-3.569e-01	6.347e-02 -12.098259925842285	1.0
chr8_143940564_C_T_b38	1	2.96222e-03	-3.569e-01	6.347e-02 -12.054500579833984	1.0
chr8_143946468_G_A_b38	1	2.96222e-03	-3.569e-01	6.347e-02 -11.893484115600586	1.0
chr8_143934275_A_T_b38	1	2.96222e-03	-3.569e-01	6.347e-02 -12.09648609161377	1.0
chr8_143934538_C_T_b38	1	2.96222e-03	-3.569e-01	6.347e-02 -12.101747512817385	1.0
chr8_143936584_C_T_b38	1	2.96222e-03	-3.569e-01	6.347e-02 -12.106335639953613	1.0
chr8_143938298_A_G_b38	1	2.96222e-03	-3.569e-01	6.347e-02 -12.078862190246582	1.0
chr8_143958134_A_G_b38	1	2.93322e-03	-3.395e-01	6.101e-02 -11.742253303527832	1.0
chr8_143939725_C_G_b38	1	2.73605e-03	-3.515e-01	6.176e-02 -12.063138961791992	1.0
chr8_143939819_C_CAG_b38	1	2.49250e-03	-3.593e-01	6.240e-02 -11.949887157460775	1.0
chr8_143953042_A_G_b38	1	2.10893e-03	-3.028e-01	7.663e-02 -11.82395839691162	1.0
chr8_143954337_C_CG_b38	1	1.75306e-03	-3.209e-01	6.927e-02 -11.57242561420109	1.0
chr8_143957097_G_A_b38	1	1.38182e-03	-3.280e-01	6.391e-02 -11.881301879882812	1.0
chr8_143919156_C_T_b38	1	1.36193e-03	-3.481e-01	6.540e-02 -11.219325065612793	1.0
chr8_143960684_G_A_b38	1	9.15868e-04	-3.410e-01	6.859e-02 -11.74600601196289	1.0
chr8_143937036_A_G_b38	1	8.52803e-04	-3.420e-01	7.284e-02 -11.866724014282227	1.0
chr8_143967165_T_C_b38	1	7.17855e-04	-3.357e-01	6.810e-02 -11.526299476623535	1.0
chr8_143965232_T_C_b38	1	5.80531e-04	-3.446e-01	6.834e-02 -11.634366989135742	1.0
chr8_143976177_G_A_b38	2	4.52114e-02	-1.274e-01	5.711e-02 -11.680367469787598	1.0
chr8_143980103_T_C_b38	2	2.33037e-02	-1.419e-01	5.993e-02 -11.55670514769666	1.0
chr8_143976190_G_A_b38	2	2.19606e-02	-1.057e-01	5.268e-02 -11.14182186126709	1.0
chr8_143977310_G_A_b38	2	1.86036e-02	-1.075e-01	5.663e-02 -11.683570861816404	1.0
chr8_143987994_C_G_b38	2	1.50423e-02	-1.235e-01	4.172e-02 -8.705811634410997	1.0
chr8_143976168_A_C_b38	2	1.34880e-02	-9.377e-02	5.619e-02 -11.674905776977539	1.0
chr8_143972494_C_T_b38	2	1.16567e-02	-1.391e-01	6.238e-02 -11.111117362976074	1.0
chr8_143977316_C_T_b38	2	1.02708e-02	-8.846e-02	5.279e-02 -11.144368171691896	1.0
chr8_143977246_G_A_b38	2	1.02708e-02	-8.846e-02	5.279e-02 -10.939957004891818	1.0
chr8_143956732_TC_T_b38	2	4.50930e-03	-1.746e-01	8.899e-02 -11.313570511080872	1.0
chr8_143966688_G_T_b38	2	3.12997e-03	-1.244e-01	5.560e-02 -11.036628723144533	1.0
chr8_143982085_G_A_b38	2	2.11290e-03	-9.381e-02	5.695e-02 -11.494074821472168	1.0
chr8_143983869_A_G_b38	2	1.63237e-03	-8.486e-02	5.567e-02 -11.47023868560791	1.0
chr8_143985257_T_C_b38	2	1.63237e-03	-8.486e-02	5.567e-02 -11.497458457946776	1.0
chr8_143985944_G_A_b38	2	1.04070e-03	-8.155e-02	5.552e-02 -11.461316108703613	1.0
chr8_143982302_C_T_b38	2	9.31119e-04	-7.836e-02	5.601e-02 -11.498364448547365	1.0
chr8_143970581_A_G_b38	2	8.07318e-04	-9.075e-02	8.561e-02 -11.443462371826172	1.0
chr8_143969936_C_T_b38	2	6.71827e-04	-7.345e-02	5.835e-02 -10.866458892822266	1.0
chr8_143952282_T_C_b38	2	5.71029e-04	-1.614e-01	1.278e-01 -11.69809627532959	1.0
chr8_143969375_A_G_b38	2	5.01597e-04	-6.476e-02	4.924e-02 -10.406143188476562	1.0
chr8_143987456_C_T_b38	2	4.87010e-04	-8.331e-02	5.536e-02 -11.501728057861328	1.0
chr8_143984818_A_G_b38	2	4.42982e-04	-5.960e-02	4.927e-02 -10.871240615844727	1.0
chr8_143948489_G_T_b38	2	4.33767e-04	-2.220e-01	1.339e-01 -11.816455841064453	1.0
chr8_143954419_T_C_b38	2	4.15325e-04	-1.111e-01	9.527e-02 -11.570113182067873	1.0
chr8_143930776_T_C_b38	2	4.11727e-04	-1.129e-01	5.523e-02 -11.248448371887207	1.0
chr8_143966399_C_G_b38	2	3.34031e-04	-1.382e-01	1.409e-01 -11.755392074584961	1.0
chr8_143963405_T_A_b38	2	3.28305e-04	-1.641e-01	1.679e-01 -11.616992950439453	1.0
chr8_143987852_C_T_b38	2	3.18333e-04	-7.016e-02	5.126e-02 -10.554518699645996	1.0
chr8_143991836_C_G_b38	2	2.27167e-04	-6.472e-02	5.357e-02 -11.398055365446371	1.0
chr8_143989244_T_C_b38	2	2.12321e-04	-6.468e-02	5.345e-02 -10.874656677246094	1.0
chr8_143967775_T_C_b38	3	2.51492e-03	-1.784e-01	5.934e-02 4.6868553161621085	1.0
