chr6_56955365_G_A_b38	1	8.45183e-01	3.754e-01	6.986e-02 4.104846477508545	1.0
chr6_56964142_A_G_b38	1	1.13220e-01	4.179e-01	8.444e-02 4.11871862411499	1.0
chr6_56953348_G_T_b38	1	1.65812e-02	-4.648e-01	9.892e-02 -4.029904842376709	1.0
chr6_56976601_G_A_b38	1	1.06768e-02	3.870e-01	7.840e-02 4.115256786346436	1.0
chr6_56975286_A_ATCACT_b38	1	1.77030e-03	-5.591e-01	3.861e-02 -4.085531635715716	1.0
chr6_56992867_A_C_b38	1	1.43898e-03	5.547e-01	3.785e-02 3.990504026412964	1.0
chr6_56994286_C_T_b38	1	1.43898e-03	5.547e-01	3.785e-02 3.98849892616272	1.0
chr6_57000410_C_T_b38	1	1.27050e-03	5.587e-01	3.816e-02 4.002521514892578	1.0
chr6_56976272_T_A_b38	1	8.68081e-04	5.515e-01	3.845e-02 4.120437145233153	1.0
chr6_56965132_C_T_b38	1	6.08545e-04	5.438e-01	3.811e-02 4.131559371948241	1.0
chr6_56981317_C_T_b38	1	5.33373e-04	-5.591e-01	3.861e-02 -4.101442813873291	1.0
chr6_57006499_G_A_b38	1	4.70581e-04	5.587e-01	3.816e-02 4.025398254394531	1.0
chr6_56968834_A_G_b38	1	4.21572e-04	-5.505e-01	3.874e-02 -4.107768058776856	1.0
chr6_56968031_T_C_b38	1	4.21572e-04	-5.505e-01	3.874e-02 -4.121302127838135	1.0
chr6_56971347_C_A_b38	1	4.21572e-04	-5.505e-01	3.874e-02 -4.11081600189209	1.0
chr6_56970469_A_G_b38	1	4.21572e-04	-5.505e-01	3.874e-02 -4.100274085998535	1.0
chr6_56969634_A_T_b38	1	4.04630e-04	-5.611e-01	3.947e-02 -4.118594169616698	1.0
chr6_57001296_C_T_b38	1	3.93890e-04	-5.682e-01	3.936e-02 -4.053697586059569	1.0
chr6_56996319_T_C_b38	1	3.93890e-04	-5.682e-01	3.936e-02 -3.98276424407959	1.0
chr6_56999833_G_A_b38	1	3.93890e-04	-5.682e-01	3.936e-02 -3.9837038516998287	1.0
chr6_56955607_C_G_b38	2	2.77894e-01	-2.566e-01	7.195e-02 -4.690239429473877	1.0
chr6_56955450_A_G_b38	2	2.77894e-01	-2.566e-01	7.195e-02 -4.69063663482666	1.0
chr6_56954048_G_C_b38	2	4.16144e-02	-2.570e-01	7.134e-02 -4.65214204788208	1.0
chr6_56950356_T_A_b38	2	2.36926e-02	-2.566e-01	7.089e-02 -4.630312442779541	1.0
chr6_56950509_A_G_b38	2	2.36926e-02	-2.566e-01	7.089e-02 -4.631622791290283	1.0
chr6_56947412_A_T_b38	2	2.08741e-02	-2.566e-01	7.089e-02 -4.707077503204347	1.0
chr6_56948841_G_A_b38	2	2.08741e-02	-2.566e-01	7.089e-02 -4.628415584564209	1.0
chr6_56946326_G_A_b38	2	2.08741e-02	2.566e-01	7.089e-02 4.676410675048828	1.0
chr6_56949777_A_C_b38	2	2.08741e-02	-2.566e-01	7.089e-02 -4.630831718444824	1.0
chr6_56945741_G_A_b38	2	2.08741e-02	2.566e-01	7.089e-02 4.662323474884033	1.0
chr6_56965751_G_T_b38	2	1.08445e-02	-2.570e-01	6.644e-02 -4.710829734802246	1.0
chr6_56977965_G_C_b38	2	9.12666e-03	-2.591e-01	6.874e-02 -4.757781028747559	1.0
chr6_56966849_C_T_b38	2	9.12666e-03	-2.591e-01	6.874e-02 -4.723491191864014	1.0
chr6_56978917_C_T_b38	2	9.12666e-03	-2.591e-01	6.874e-02 -4.762641906738281	1.0
chr6_56976474_C_T_b38	2	9.12666e-03	-2.591e-01	6.874e-02 -4.754563331604004	1.0
chr6_56967910_T_C_b38	2	9.12666e-03	-2.591e-01	6.874e-02 -4.719544887542725	1.0
chr6_56977477_T_G_b38	2	9.12666e-03	-2.591e-01	6.874e-02 -4.756999492645264	1.0
chr6_56976297_G_A_b38	2	9.12666e-03	-2.591e-01	6.874e-02 -4.752212524414063	1.0
chr6_56973686_A_G_b38	2	9.12666e-03	-2.591e-01	6.874e-02 -4.743005752563477	1.0
chr6_56944074_G_A_b38	2	8.47035e-03	2.591e-01	6.874e-02 4.654853343963623	1.0
chr6_56944524_A_G_b38	2	8.47035e-03	2.591e-01	6.874e-02 4.658578395843506	1.0
chr6_56943919_C_T_b38	2	8.47035e-03	2.591e-01	6.874e-02 4.67185640335083	1.0
chr6_56949008_T_C_b38	2	6.92778e-03	-2.299e-01	6.505e-02 -4.62095308303833	1.0
chr6_56958200_C_G_b38	2	6.90562e-03	-2.258e-01	6.563e-02 -4.680129051208496	1.0
chr6_56958627_T_C_b38	2	6.90562e-03	-2.258e-01	6.563e-02 -4.72171688079834	1.0
chr6_56958303_G_C_b38	2	6.90562e-03	-2.258e-01	6.563e-02 -4.71430253982544	1.0
chr6_56947919_T_C_b38	2	4.95253e-03	-2.258e-01	6.557e-02 -4.638886251359018	1.0
chr6_56963138_T_A_b38	2	4.69924e-03	-2.258e-01	6.557e-02 -4.721938610076903	1.0
chr6_56998007_A_G_b38	2	2.69808e-03	-2.572e-01	6.675e-02 -4.61961841583252	1.0
chr6_57002239_C_T_b38	2	2.69808e-03	-2.572e-01	6.675e-02 -4.618144035339356	1.0
chr6_56998111_G_A_b38	2	2.69808e-03	-2.572e-01	6.675e-02 -4.619351863861084	1.0
chr6_57002817_CA_C_b38	2	2.69808e-03	-2.572e-01	6.675e-02 -4.638886251359018	1.0
chr6_56989608_TC_T_b38	2	2.69808e-03	-2.572e-01	6.675e-02 -4.638886251359018	1.0
chr6_56986959_T_C_b38	2	2.69808e-03	-2.572e-01	6.675e-02 -4.6194915771484375	1.0
chr6_56983015_A_G_b38	2	2.69808e-03	-2.572e-01	6.675e-02 -4.635915756225586	1.0
chr6_57004631_G_A_b38	2	2.69808e-03	-2.572e-01	6.675e-02 -4.601901054382324	1.0
chr6_56968685_G_A_b38	2	2.50380e-03	-2.256e-01	6.539e-02 -4.730092525482178	1.0
chr6_56969387_G_A_b38	2	2.50380e-03	-2.256e-01	6.539e-02 -4.716901779174805	1.0
chr6_56966734_T_C_b38	2	2.50380e-03	-2.256e-01	6.539e-02 -4.722201347351074	1.0
chr6_56956393_G_T_b38	3	4.20572e-03	-1.678e-01	1.183e-01 0.3420635461807251	1.0
chr6_56957601_T_C_b38	3	2.36730e-03	-8.228e-02	1.080e-01 0.3975094556808472	1.0
chr6_56952181_C_T_b38	3	1.83508e-03	-1.693e-01	1.174e-01 0.3349806368350983	1.0
chr6_56960992_TGTAGAA_T_b38	3	1.52307e-03	-1.696e-01	1.174e-01 0.4689854640428625	1.0
chr6_56946092_G_A_b38	3	1.45299e-03	-1.360e-01	9.546e-02 0.308357834815979	1.0
chr6_56968952_G_C_b38	3	1.27469e-03	-2.040e-01	1.090e-01 0.3589910864830017	1.0
chr6_56969886_G_A_b38	3	1.27469e-03	-2.040e-01	1.090e-01 0.3827707469463349	1.0
chr6_56968614_G_A_b38	3	1.27469e-03	-2.040e-01	1.090e-01 0.3623477518558502	1.0
chr6_56977254_G_A_b38	3	1.27469e-03	-2.040e-01	1.090e-01 0.3734694719314575	1.0
chr6_56971511_G_T_b38	3	1.27469e-03	-2.040e-01	1.090e-01 0.3651654124259949	1.0
chr6_56951150_A_C_b38	3	1.23947e-03	-1.105e-01	1.021e-01 0.3995604515075684	1.0
chr6_56960282_AT_A_b38	3	7.78145e-04	-8.644e-02	1.026e-01 0.4622985996590532	1.0
chr6_56975755_C_T_b38	3	7.11402e-04	-1.520e-01	9.961e-02 0.4365936517715454	1.0
chr6_56977822_T_C_b38	3	7.11402e-04	-1.520e-01	9.961e-02 0.4408251345157623	1.0
chr6_56976749_C_T_b38	3	7.11402e-04	-1.520e-01	9.961e-02 0.4480660855770111	1.0
chr6_56971752_C_T_b38	3	7.11402e-04	-1.520e-01	9.961e-02 0.42448890209198	1.0
chr6_56972172_G_A_b38	3	7.11402e-04	-1.520e-01	9.961e-02 0.3724625408649445	1.0
chr6_56941295_T_C_b38	3	6.49125e-04	-1.694e-01	1.177e-01 0.41653740406036377	1.0
chr6_56944046_G_A_b38	3	6.49125e-04	-1.694e-01	1.177e-01 0.30904361605644226	1.0
chr6_56939593_T_A_b38	3	6.49125e-04	-1.694e-01	1.177e-01 0.36870476603508	1.0
chr6_56936546_G_A_b38	3	6.49125e-04	-1.694e-01	1.177e-01 0.3278674781322479	1.0
chr6_56930753_A_C_b38	3	6.49125e-04	-1.694e-01	1.177e-01 0.3862173855304718	1.0
chr6_56931314_A_T_b38	3	6.49125e-04	-1.694e-01	1.177e-01 0.385366290807724	1.0
chr6_56975548_A_G_b38	3	6.01015e-04	-1.366e-01	1.025e-01 0.4785624444484711	1.0
chr6_56969072_T_G_b38	3	6.01015e-04	-1.366e-01	1.025e-01 0.4622985996590532	1.0
chr6_56973371_C_T_b38	3	6.01015e-04	-1.366e-01	1.025e-01 0.4697990417480469	1.0
chr6_56968365_G_A_b38	3	6.01015e-04	-1.366e-01	1.025e-01 0.4153771102428436	1.0
chr6_56970974_C_A_b38	3	6.01015e-04	-1.366e-01	1.025e-01 0.4640854299068451	1.0
chr6_56982388_G_A_b38	3	2.44762e-04	-2.064e-01	1.081e-01 0.4663996696472168	1.0
chr6_56923093_C_A_b38	3	1.92064e-04	-1.732e-01	1.159e-01 0.4119767844676971	1.0
chr6_56921033_C_T_b38	3	1.92064e-04	-1.732e-01	1.159e-01 0.4178638160228729	1.0
chr6_56921766_CA_C_b38	3	1.92064e-04	-1.732e-01	1.159e-01 0.4689854640428625	1.0
chr6_56919638_C_T_b38	3	1.92064e-04	-1.732e-01	1.159e-01 0.42308953404426575	1.0
chr6_56921036_G_A_b38	3	1.92064e-04	-1.732e-01	1.159e-01 0.4178638160228729	1.0
chr6_56915413_C_G_b38	3	1.92064e-04	-1.732e-01	1.159e-01 0.4538528621196747	1.0
chr6_56992890_A_ATAT_b38	3	1.58774e-04	-1.552e-01	9.808e-02 0.4646238299581703	1.0
chr6_56980273_C_T_b38	3	1.58774e-04	-1.552e-01	9.808e-02 0.4458720088005066	1.0
chr6_57002310_GC_G_b38	3	1.58774e-04	-1.552e-01	9.808e-02 0.4646238299581703	1.0
chr6_56999286_T_C_b38	3	1.58774e-04	-1.552e-01	9.808e-02 0.4692350625991821	1.0
chr6_56996820_T_C_b38	3	1.58774e-04	-1.552e-01	9.808e-02 0.4717379808425903	1.0
chr6_56990826_C_T_b38	3	1.58774e-04	-1.552e-01	9.808e-02 0.484349399805069	1.0
chr6_56909645_T_C_b38	3	1.31214e-04	-1.301e-01	1.103e-01 0.5153014659881592	1.0
chr6_56905528_G_A_b38	3	1.31214e-04	-1.301e-01	1.103e-01 0.5243839621543884	1.0
chr6_56912379_T_C_b38	3	1.31214e-04	-1.301e-01	1.103e-01 0.5237653255462646	1.0
chr6_56911674_T_C_b38	3	1.31214e-04	-1.301e-01	1.103e-01 0.5330458879470825	1.0
chr6_57012719_G_A_b38	3	8.54452e-05	-2.107e-01	1.096e-01 0.34693437814712524	1.0
chr6_57011433_T_C_b38	3	8.41010e-05	-2.064e-01	1.081e-01 0.34267401695251465	1.0
chr6_57018077_ATCAG_A_b38	3	8.41010e-05	-2.064e-01	1.081e-01 0.5641842519651987	1.0
chr6_57022048_C_T_b38	3	8.41010e-05	-2.064e-01	1.081e-01 0.4903191030025482	1.0
chr6_57008247_A_C_b38	3	5.45551e-05	-1.552e-01	9.808e-02 0.4719655513763428	1.0
chr6_57009233_C_T_b38	3	5.45551e-05	-1.552e-01	9.808e-02 0.39244499802589417	1.0
chr6_57023709_G_A_b38	3	5.33840e-05	-1.732e-01	1.159e-01 0.5059995055198669	1.0
chr6_57029081_C_T_b38	3	5.33840e-05	-1.732e-01	1.159e-01 0.5644258260726929	1.0
chr6_57029051_A_G_b38	3	5.33840e-05	-1.732e-01	1.159e-01 0.5365311503410339	1.0
chr6_57008553_C_T_b38	3	5.06954e-05	-1.624e-01	1.093e-01 0.5076922178268433	1.0
chr6_56904585_G_C_b38	3	3.92932e-05	-1.301e-01	1.103e-01 0.5426568388938904	1.0
chr6_56893317_T_C_b38	3	3.92932e-05	-1.301e-01	1.103e-01 0.6852871775627136	1.0
chr6_57015026_A_AAC_b38	3	3.40536e-05	-1.085e-01	1.008e-01 0.5820166093732819	1.0
chr6_56980836_T_G_b38	4	1.83348e-04	5.438e-01	3.811e-02 4.107243537902832	1.0
chr6_57012662_G_A_b38	4	1.59221e-04	-5.794e-01	4.005e-02 -4.029421806335448	1.0
chr6_56943607_A_AT_b38	4	1.53285e-04	5.488e-01	3.911e-02 4.096555424026541	1.0
chr6_57008624_G_A_b38	4	1.45894e-04	-5.682e-01	3.936e-02 -3.959516048431397	1.0
chr6_56980916_A_G_b38	4	1.21911e-04	-5.611e-01	3.947e-02 -4.120999813079834	1.0
chr6_56990428_G_C_b38	4	1.21911e-04	-5.611e-01	3.947e-02 -3.9986562728881836	1.0
chr6_57001263_A_T_b38	4	1.21911e-04	-5.611e-01	3.947e-02 -4.092499256134033	1.0
chr6_56985533_C_A_b38	4	1.21911e-04	-5.611e-01	3.947e-02 -3.9829699993133545	1.0
chr6_57001283_T_A_b38	4	1.21911e-04	-5.611e-01	3.947e-02 -4.0678534507751465	1.0
chr6_57003949_T_C_b38	4	1.21911e-04	-5.611e-01	3.947e-02 -3.9485061168670654	1.0
chr6_56995041_T_C_b38	4	1.21911e-04	-5.611e-01	3.947e-02 -3.9967534542083736	1.0
chr6_56988942_G_A_b38	4	1.21911e-04	-5.611e-01	3.947e-02 -3.980729341506958	1.0
chr6_56985523_C_G_b38	4	1.21911e-04	-5.611e-01	3.947e-02 -3.9972546100616455	1.0
chr6_56997512_C_G_b38	4	1.21911e-04	-5.611e-01	3.947e-02 -3.9710919857025133	1.0
chr6_56990297_CTGTG_C_b38	4	1.21911e-04	-5.611e-01	3.947e-02 -4.087623799257621	1.0
chr6_56997615_G_A_b38	4	1.21911e-04	-5.611e-01	3.947e-02 -3.9698352813720703	1.0
chr6_56989236_T_C_b38	4	1.21911e-04	-5.611e-01	3.947e-02 -3.9991774559021	1.0
chr6_56987437_G_A_b38	4	1.21911e-04	-5.611e-01	3.947e-02 -3.9728386402130127	1.0
chr6_56957820_G_A_b38	4	1.10300e-04	-5.531e-01	4.025e-02 -4.107322692871094	1.0
chr6_56958217_G_C_b38	4	1.10300e-04	-5.531e-01	4.025e-02 -4.067271709442139	1.0
chr6_56988177_C_T_b38	4	7.65034e-05	-5.611e-01	3.971e-02 -3.996403694152832	1.0
chr6_56960828_G_C_b38	4	6.63611e-05	-5.531e-01	4.025e-02 -4.0818753242492685	1.0
