chr7_134316060_A_C_b38	1	6.27024e-01	-3.068e-01	4.506e-02 3.388788938522339	1.0
chr7_134312808_C_T_b38	1	7.74493e-02	-3.034e-01	4.531e-02 3.38053560256958	1.0
chr7_134308310_T_C_b38	1	7.28553e-02	-3.072e-01	4.527e-02 3.3576984405517583	1.0
chr7_134317959_G_A_b38	1	4.09782e-02	-2.947e-01	4.644e-02 2.854804992675781	1.0
chr7_134293415_G_C_b38	1	3.78925e-02	-3.086e-01	4.522e-02 3.378509998321533	1.0
chr7_134300126_G_A_b38	1	3.25389e-02	-3.080e-01	4.532e-02 3.3656668663024902	1.0
chr7_134318556_T_C_b38	1	3.19751e-02	-2.997e-01	4.641e-02 2.8488445281982417	1.0
chr7_134296475_G_A_b38	1	2.11217e-02	-3.064e-01	4.535e-02 3.4055712223052983	1.0
chr7_134320135_C_A_b38	1	1.87889e-02	-3.009e-01	4.630e-02 2.8581063747406006	1.0
chr7_134322835_G_A_b38	1	7.38601e-03	-3.075e-01	4.541e-02 2.9092464447021484	1.0
chr7_134319289_G_A_b38	1	6.89442e-03	-2.960e-01	4.465e-02 2.8847100734710693	1.0
chr7_134321342_C_T_b38	1	6.44237e-03	-3.035e-01	4.553e-02 2.9161808490753174	1.0
chr7_134284687_T_C_b38	1	3.12683e-03	-3.080e-01	4.418e-02 3.3478779792785645	1.0
chr7_134322630_C_T_b38	1	2.65921e-03	-2.960e-01	4.465e-02 2.918587207794189	1.0
chr7_134322181_T_C_b38	1	2.65921e-03	-2.960e-01	4.465e-02 2.9192235469818115	1.0
chr7_134403973_G_A_b38	2	1.28139e-01	2.262e-01	4.777e-02 -3.771913290023804	1.0
chr7_134403967_G_A_b38	2	1.28139e-01	2.262e-01	4.777e-02 -3.754625082015991	1.0
chr7_134399433_T_A_b38	2	5.32741e-02	-2.135e-01	4.702e-02 4.021607875823976	1.0
chr7_134409273_G_A_b38	2	5.03349e-02	2.199e-01	4.857e-02 -3.2100484371185303	1.0
chr7_134399350_G_C_b38	2	3.75887e-02	1.995e-01	4.482e-02 -2.961966037750244	1.0
chr7_134433462_T_C_b38	2	3.48779e-02	-2.490e-01	5.200e-02 3.38383412361145	1.0
chr7_134434476_G_A_b38	2	3.48779e-02	-2.490e-01	5.200e-02 3.44472599029541	1.0
chr7_134366382_C_T_b38	2	3.16319e-02	-2.109e-01	5.169e-02 4.434723377227783	1.0
chr7_134362690_A_G_b38	2	3.16319e-02	-2.109e-01	5.169e-02 4.324238300323486	1.0
chr7_134404171_T_G_b38	2	2.75995e-02	-1.955e-01	4.465e-02 2.6648812294006348	1.0
chr7_134439079_A_G_b38	2	1.83954e-02	-2.468e-01	5.301e-02 3.4198405742645264	1.0
chr7_134400395_T_C_b38	2	1.82595e-02	-1.961e-01	4.581e-02 3.4533684253692627	1.0
chr7_134392911_G_A_b38	2	1.10498e-02	2.163e-01	5.161e-02 -4.3040409088134775	1.0
chr7_134368153_T_G_b38	2	1.02044e-02	-2.157e-01	5.171e-02 4.388735771179198	1.0
chr7_134359234_G_T_b38	2	9.32824e-03	-1.921e-01	5.048e-02 3.8013415336608887	1.0
chr7_134359197_A_C_b38	2	9.32824e-03	-1.921e-01	5.048e-02 3.8018102645874015	1.0
chr7_134432192_A_C_b38	2	7.28537e-03	-2.186e-01	4.854e-02 3.200994968414306	1.0
chr7_134386517_T_A_b38	2	6.93609e-03	-2.114e-01	5.161e-02 4.614753246307373	1.0
chr7_134388376_A_G_b38	2	6.93609e-03	2.114e-01	5.161e-02 -4.6120285987854	1.0
chr7_134386601_C_G_b38	2	6.93609e-03	-2.114e-01	5.161e-02 4.629868507385254	1.0
chr7_134377012_C_CTCTA_b38	2	6.93609e-03	-2.114e-01	5.161e-02 4.4137366777131035	1.0
chr7_134399426_C_G_b38	2	6.86618e-03	-1.892e-01	4.615e-02 4.117453098297118	1.0
chr7_134408222_A_G_b38	2	6.76537e-03	-1.952e-01	4.738e-02 3.2695343494415283	1.0
chr7_134398659_C_T_b38	2	5.18289e-03	1.880e-01	4.595e-02 -3.964040994644165	1.0
chr7_134398763_T_C_b38	2	4.21322e-03	-1.843e-01	4.565e-02 3.965765476226807	1.0
chr7_134398824_T_C_b38	2	4.04884e-03	-1.837e-01	4.563e-02 3.9636752605438232	1.0
chr7_134364484_A_G_b38	2	2.96645e-03	-1.786e-01	4.992e-02 4.414768695831299	1.0
chr7_134365805_A_T_b38	2	2.96061e-03	-1.802e-01	5.043e-02 4.431801795959473	1.0
chr7_134366080_G_A_b38	2	2.96061e-03	-1.802e-01	5.043e-02 4.385509490966797	1.0
chr7_134365771_T_G_b38	2	2.96061e-03	-1.802e-01	5.043e-02 4.399346351623535	1.0
chr7_134362653_T_C_b38	2	2.96061e-03	-1.802e-01	5.043e-02 4.340260028839111	1.0
chr7_134364025_T_C_b38	2	2.96061e-03	-1.802e-01	5.043e-02 4.400637149810791	1.0
chr7_134365673_A_C_b38	2	2.96061e-03	-1.802e-01	5.043e-02 4.399346351623535	1.0
chr7_134363703_C_T_b38	2	2.96061e-03	-1.802e-01	5.043e-02 4.400820732116699	1.0
chr7_134364021_C_G_b38	2	2.96061e-03	-1.802e-01	5.043e-02 4.400637149810791	1.0
chr7_134363064_A_C_b38	2	2.96061e-03	-1.802e-01	5.043e-02 4.353926658630371	1.0
chr7_134364105_G_A_b38	2	2.96061e-03	-1.802e-01	5.043e-02 4.400637149810791	1.0
chr7_134364066_A_G_b38	2	2.96061e-03	-1.802e-01	5.043e-02 4.400637149810791	1.0
chr7_134366054_ACTT_A_b38	2	2.96061e-03	-1.802e-01	5.043e-02 4.406060983555139	1.0
chr7_134365173_G_T_b38	2	2.96061e-03	-1.802e-01	5.043e-02 4.405001640319824	1.0
chr7_134365400_T_C_b38	2	2.96061e-03	-1.802e-01	5.043e-02 4.404499053955078	1.0
chr7_134365566_A_G_b38	2	2.96061e-03	-1.802e-01	5.043e-02 4.39931058883667	1.0
chr7_134366760_T_C_b38	2	2.96061e-03	-1.802e-01	5.043e-02 4.404550075531006	1.0
chr7_134363866_G_A_b38	2	2.96061e-03	-1.802e-01	5.043e-02 4.4037814140319815	1.0
chr7_134365073_A_G_b38	2	2.96061e-03	-1.802e-01	5.043e-02 4.390834331512451	1.0
chr7_134365078_C_T_b38	2	2.96061e-03	-1.802e-01	5.043e-02 4.3934903144836435	1.0
chr7_134364301_C_T_b38	2	2.96061e-03	-1.802e-01	5.043e-02 4.331757545471191	1.0
chr7_134366575_A_G_b38	2	2.96061e-03	-1.802e-01	5.043e-02 4.407983303070068	1.0
chr7_134367037_CTG_C_b38	2	2.96061e-03	-1.802e-01	5.043e-02 4.406060983555139	1.0
chr7_134364569_A_T_b38	2	2.96061e-03	-1.802e-01	5.043e-02 4.424585342407227	1.0
chr7_134365232_A_G_b38	2	2.96061e-03	-1.802e-01	5.043e-02 4.412403106689453	1.0
chr7_134364959_T_C_b38	2	2.96061e-03	-1.802e-01	5.043e-02 4.390834331512451	1.0
chr7_134364190_G_T_b38	2	2.96061e-03	-1.802e-01	5.043e-02 4.3991665840148935	1.0
chr7_134398631_A_C_b38	2	2.53337e-03	-1.773e-01	4.550e-02 3.918516635894776	1.0
chr7_134375111_C_G_b38	2	2.48506e-03	-1.967e-01	5.072e-02 4.608666896820068	1.0
chr7_134375076_A_G_b38	2	2.48506e-03	-1.967e-01	5.072e-02 4.580024719238281	1.0
chr7_134376500_A_C_b38	2	2.48506e-03	-1.967e-01	5.072e-02 4.615897178649902	1.0
chr7_134375837_T_C_b38	2	2.48506e-03	-1.967e-01	5.072e-02 4.582786083221436	1.0
chr7_134374454_A_G_b38	2	2.48506e-03	-1.967e-01	5.072e-02 4.5783891677856445	1.0
chr7_134374715_T_G_b38	2	2.48506e-03	-1.967e-01	5.072e-02 4.580307483673097	1.0
chr7_134374984_C_T_b38	2	2.48506e-03	-1.967e-01	5.072e-02 4.6089210510253915	1.0
chr7_134365117_T_C_b38	2	1.44764e-03	-1.667e-01	4.966e-02 4.3962926864624015	1.0
chr7_134368991_T_C_b38	2	8.61829e-04	-1.800e-01	5.040e-02 4.406060983555139	1.0
chr7_134367509_A_G_b38	2	8.61829e-04	-1.800e-01	5.040e-02 4.400653839111328	1.0
chr7_134369413_T_G_b38	2	8.61829e-04	-1.800e-01	5.040e-02 4.431642055511475	1.0
chr7_134367411_A_C_b38	2	8.61829e-04	-1.800e-01	5.040e-02 4.433111190795898	1.0
chr7_134370031_T_G_b38	2	8.61829e-04	-1.800e-01	5.040e-02 4.412223815917969	1.0
chr7_134368450_A_C_b38	2	8.61829e-04	-1.800e-01	5.040e-02 4.4015235900878915	1.0
chr7_134368985_A_T_b38	2	8.61829e-04	-1.800e-01	5.040e-02 4.406060983555139	1.0
chr7_134367832_G_C_b38	2	8.61829e-04	-1.800e-01	5.040e-02 4.405100345611572	1.0
chr7_134368714_G_C_b38	2	8.61829e-04	-1.800e-01	5.040e-02 4.397806167602538	1.0
chr7_134368390_C_T_b38	2	8.61829e-04	-1.800e-01	5.040e-02 4.3999671936035165	1.0
chr7_134368699_C_G_b38	2	8.61829e-04	-1.800e-01	5.040e-02 4.397806167602538	1.0
chr7_134367381_A_G_b38	2	8.61829e-04	-1.800e-01	5.040e-02 4.400653839111328	1.0
chr7_134369816_C_T_b38	2	8.61829e-04	-1.800e-01	5.040e-02 4.411564826965332	1.0
chr7_134367709_G_T_b38	2	8.61829e-04	-1.800e-01	5.040e-02 4.400634288787842	1.0
chr7_134369352_T_C_b38	2	8.61829e-04	-1.800e-01	5.040e-02 4.412334442138672	1.0
chr7_134369874_T_C_b38	2	8.61829e-04	-1.800e-01	5.040e-02 4.411625385284424	1.0
chr7_134317370_A_G_b38	3	1.49175e-02	1.458e-01	1.542e-01 0.0	1.0
chr7_134326697_A_AT_b38	3	1.65003e-04	7.176e-02	1.515e-01 0.0	1.0
