chr13_32506943_CAG_C_b38	1	2.36436e-01	-2.185e-01	4.373e-02 7.078795670480628	1.0
chr13_32518792_C_T_b38	1	8.62357e-02	-2.188e-01	4.323e-02 7.258623123168945	1.0
chr13_32517104_G_C_b38	1	8.62357e-02	-2.188e-01	4.323e-02 7.264652252197266	1.0
chr13_32527680_C_T_b38	1	4.35644e-02	-2.196e-01	4.259e-02 7.290546894073486	1.0
chr13_32492975_T_A_b38	1	3.64882e-02	-2.138e-01	4.243e-02 6.933722496032715	1.0
chr13_32500537_C_A_b38	1	2.75354e-02	-2.050e-01	4.430e-02 7.2493648529052725	1.0
chr13_32491306_T_G_b38	1	2.73589e-02	-2.143e-01	4.294e-02 6.975820541381836	1.0
chr13_32486433_T_C_b38	1	2.73589e-02	-2.143e-01	4.294e-02 6.968020439147949	1.0
chr13_32495051_C_T_b38	1	2.64878e-02	-2.125e-01	4.260e-02 7.079774856567383	1.0
chr13_32496990_G_C_b38	1	2.39881e-02	-2.102e-01	4.341e-02 7.22623348236084	1.0
chr13_32491021_T_C_b38	1	2.34745e-02	-2.120e-01	4.294e-02 6.751003105908019	1.0
chr13_32496369_G_A_b38	1	1.77388e-02	-2.021e-01	4.040e-02 6.229671001434326	1.0
chr13_32552728_TG_T_b38	1	1.72236e-02	-2.148e-01	4.118e-02 7.127400036992189	1.0
chr13_32571325_C_T_b38	1	1.66950e-02	-2.376e-01	4.171e-02 6.573493957519531	1.0
chr13_32549791_C_T_b38	1	1.48730e-02	-2.177e-01	4.209e-02 6.9979004859924325	1.0
chr13_32548658_T_C_b38	1	1.48730e-02	-2.177e-01	4.209e-02 6.997232437133789	1.0
chr13_32473853_A_G_b38	1	1.02798e-02	-2.148e-01	4.256e-02 6.963149547576903	1.0
chr13_32468733_G_A_b38	1	1.02798e-02	-2.148e-01	4.256e-02 6.953608989715576	1.0
chr13_32473678_T_G_b38	1	1.02798e-02	-2.148e-01	4.256e-02 6.964779376983643	1.0
chr13_32483208_G_T_b38	1	1.02798e-02	-2.148e-01	4.256e-02 6.9775638580322275	1.0
chr13_32484196_G_A_b38	1	1.02798e-02	-2.148e-01	4.256e-02 6.976827144622803	1.0
chr13_32572075_G_T_b38	1	9.91822e-03	-2.238e-01	4.049e-02 7.127400036992189	1.0
chr13_32465094_G_T_b38	1	6.67945e-03	-2.025e-01	4.008e-02 6.084187030792236	1.0
chr13_32605787_CTCT_C_b38	1	6.60032e-03	-2.160e-01	3.954e-02 6.749634028050936	1.0
chr13_32605490_A_G_b38	1	6.60032e-03	-2.160e-01	3.954e-02 6.688319206237793	1.0
chr13_32551937_T_C_b38	1	6.44895e-03	-2.072e-01	4.101e-02 6.930448532104492	1.0
chr13_32552711_A_G_b38	1	6.44895e-03	-2.072e-01	4.101e-02 6.934108257293701	1.0
chr13_32552600_A_C_b38	1	6.44895e-03	-2.072e-01	4.101e-02 6.928610324859619	1.0
chr13_32551069_G_A_b38	1	6.44895e-03	-2.072e-01	4.101e-02 6.957295894622803	1.0
chr13_32569269_G_A_b38	1	5.73478e-03	-2.212e-01	4.125e-02 7.037374973297119	1.0
chr13_32589512_A_G_b38	1	5.67620e-03	-2.224e-01	4.142e-02 7.062924861907959	1.0
chr13_32569227_C_T_b38	1	5.06573e-03	-2.185e-01	4.106e-02 7.038432598114014	1.0
chr13_32608003_G_A_b38	1	4.39160e-03	-2.182e-01	4.135e-02 7.051107883453369	1.0
chr13_32571858_G_A_b38	1	4.06102e-03	-2.122e-01	4.024e-02 6.682541370391847	1.0
chr13_32569111_T_A_b38	1	4.06102e-03	-2.122e-01	4.024e-02 6.727006435394287	1.0
chr13_32557205_A_G_b38	1	3.99802e-03	-2.016e-01	4.132e-02 6.647614479064941	1.0
chr13_32551236_C_G_b38	1	3.70549e-03	-1.990e-01	4.164e-02 7.053144454956055	1.0
chr13_32607532_G_A_b38	1	3.45577e-03	-2.169e-01	4.165e-02 7.04611349105835	1.0
chr13_32566660_CTA_C_b38	1	3.38957e-03	-2.120e-01	4.074e-02 6.775277217217124	1.0
chr13_32587322_G_T_b38	1	2.73151e-03	-2.087e-01	4.056e-02 6.739696979522705	1.0
chr13_32589901_T_TC_b38	1	2.37485e-03	-2.085e-01	4.096e-02 6.742970431358645	1.0
chr13_32602049_AAAAC_A_b38	1	2.37485e-03	-2.085e-01	4.096e-02 6.742970431358645	1.0
chr13_32592549_GC_G_b38	1	2.37485e-03	-2.085e-01	4.096e-02 6.7220868103281335	1.0
chr13_32590281_G_A_b38	1	2.37485e-03	-2.085e-01	4.096e-02 6.719857215881348	1.0
chr13_32589242_TA_T_b38	1	2.37485e-03	-2.085e-01	4.096e-02 6.742970431358645	1.0
chr13_32601656_G_T_b38	1	2.37485e-03	-2.085e-01	4.096e-02 6.72615909576416	1.0
chr13_32585301_C_T_b38	1	2.37485e-03	-2.085e-01	4.096e-02 6.752423286437987	1.0
chr13_32509234_G_C_b38	2	8.43535e-02	1.296e-01	6.718e-02 -4.3120880126953125	1.0
chr13_32511332_T_G_b38	2	1.03887e-02	1.291e-01	6.752e-02 -4.418917655944824	1.0
chr13_32499556_C_T_b38	2	4.28329e-03	1.418e-01	6.585e-02 -4.425854682922363	1.0
chr13_32515276_T_A_b38	2	3.32649e-03	1.389e-01	6.643e-02 -4.331174373626709	1.0
chr13_32521483_G_A_b38	2	2.57761e-03	1.552e-01	6.261e-02 -4.466692924499512	1.0
chr13_32486254_C_G_b38	2	1.93843e-03	1.517e-01	6.376e-02 -4.1535820960998535	1.0
chr13_32487582_C_G_b38	2	1.93843e-03	1.517e-01	6.376e-02 -4.1683311462402335	1.0
chr13_32499341_C_G_b38	2	1.89453e-03	1.493e-01	6.442e-02 -4.426648139953613	1.0
chr13_32494609_C_A_b38	2	1.88659e-03	1.478e-01	6.353e-02 -4.260045528411865	1.0
chr13_32487100_A_G_b38	2	1.81289e-03	1.500e-01	6.435e-02 -4.175495147705078	1.0
chr13_32488018_C_T_b38	2	1.81289e-03	1.500e-01	6.435e-02 -4.202504634857179	1.0
chr13_32525184_C_T_b38	2	1.50571e-03	1.440e-01	6.636e-02 -4.435822010040283	1.0
chr13_32473686_C_G_b38	2	6.62839e-04	-1.623e-01	5.885e-02 4.113886833190918	1.0
chr13_32471502_G_A_b38	2	6.25688e-04	-1.632e-01	5.889e-02 4.094362258911134	1.0
chr13_32474278_C_T_b38	2	5.81242e-04	-1.618e-01	5.960e-02 4.168867111206056	1.0
chr13_32472147_A_T_b38	2	5.81242e-04	-1.618e-01	5.960e-02 4.132048606872559	1.0
chr13_32467488_A_G_b38	2	5.45783e-04	-1.585e-01	5.994e-02 4.134157657623291	1.0
chr13_32468665_T_C_b38	2	5.45783e-04	-1.585e-01	5.994e-02 4.1474666595458975	1.0
chr13_32470689_A_C_b38	2	4.87655e-04	-1.590e-01	6.210e-02 4.17604398727417	1.0
chr13_32484159_C_CA_b38	2	4.87655e-04	1.590e-01	6.210e-02 -4.099158602741915	1.0
chr13_32509416_C_T_b38	3	1.18862e-03	-1.042e-01	1.267e-01 3.083989381790161	1.0
chr13_32510422_A_G_b38	3	8.39690e-05	-7.865e-03	1.150e-01 3.0012364387512207	1.0
chr13_32513081_C_T_b38	3	5.17862e-05	-9.742e-02	1.364e-01 3.066534996032715	1.0
chr13_32504699_T_C_b38	3	3.98940e-05	-1.856e-02	1.357e-01 3.0558745861053467	1.0
chr13_32512956_C_T_b38	3	3.94986e-05	-1.856e-02	1.357e-01 3.0591225624084477	1.0
chr13_32513440_T_C_b38	3	3.87025e-05	9.933e-04	1.353e-01 3.064261674880981	1.0
chr13_32504605_T_C_b38	3	3.60152e-05	1.306e-02	1.074e-01 3.0968246459960938	1.0
chr13_32506356_C_T_b38	3	3.58536e-05	1.865e-02	1.077e-01 3.1007862091064453	1.0
chr13_32519018_C_T_b38	3	2.78930e-05	-9.742e-02	1.364e-01 3.070891857147217	1.0
chr13_32518862_T_C_b38	3	2.78930e-05	-9.742e-02	1.364e-01 3.1209676265716557	1.0
chr13_32515675_ATC_A_b38	3	1.35529e-05	-9.175e-03	1.314e-01 3.0685025406051416	1.0
chr13_32499890_T_C_b38	3	1.31334e-05	-7.865e-03	1.150e-01 3.012269258499145	1.0
