chr10_98256439_G_C_b38	1	1.38378e-01	3.249e-01	9.273e-02 7.657360553741455	1.0
chr10_98256582_C_T_b38	1	1.38378e-01	3.249e-01	9.273e-02 7.663386344909668	1.0
chr10_98251320_T_A_b38	1	1.02129e-01	2.843e-01	8.839e-02 7.611570835113525	1.0
chr10_98250821_A_T_b38	1	9.64909e-02	3.098e-01	9.610e-02 7.600582122802733	1.0
chr10_98259087_G_A_b38	1	8.41060e-02	3.248e-01	9.272e-02 7.6949095726013175	1.0
chr10_98250429_A_G_b38	1	5.80125e-02	-2.994e-01	9.849e-02 -7.589958667755128	1.0
chr10_98245149_C_A_b38	1	3.39239e-02	3.069e-01	9.546e-02 7.600181579589844	1.0
chr10_98245525_C_T_b38	1	3.39239e-02	3.069e-01	9.546e-02 7.5836358070373535	1.0
chr10_98258481_C_T_b38	1	2.93218e-02	2.871e-01	8.411e-02 7.687443733215332	1.0
chr10_98239586_C_T_b38	1	2.05360e-02	3.202e-01	1.007e-01 7.572797298431396	1.0
chr10_98263602_T_C_b38	1	1.94347e-02	2.989e-01	8.815e-02 7.389354705810548	1.0
chr10_98240868_A_G_b38	1	1.43535e-02	2.928e-01	8.555e-02 7.5901546478271475	1.0
chr10_98267034_G_C_b38	1	7.41301e-03	2.771e-01	8.612e-02 7.548691272735598	1.0
chr10_98266167_A_G_b38	1	6.62107e-03	2.706e-01	8.372e-02 7.315579414367676	1.0
chr10_98226881_A_C_b38	1	5.59831e-03	2.920e-01	9.070e-02 7.6098127365112305	1.0
chr10_98222466_A_C_b38	1	5.59831e-03	2.920e-01	9.070e-02 7.53830936085713	1.0
chr10_98221518_C_T_b38	1	4.96914e-03	2.874e-01	8.917e-02 7.563777541788349	1.0
chr10_98254058_C_T_b38	1	1.77248e-03	2.057e-01	5.869e-02 8.864237785339355	1.0
chr10_98156940_C_A_b38	1	1.53132e-03	2.858e-01	8.975e-02 7.594449520111084	1.0
chr10_98194222_A_G_b38	1	1.53132e-03	2.858e-01	8.975e-02 7.578840255737305	1.0
chr10_98197207_GC_G_b38	1	1.35849e-03	2.810e-01	8.624e-02 7.356986511962002	1.0
chr10_98186463_C_G_b38	1	8.08896e-04	2.425e-01	5.543e-02 7.687798500061035	1.0
chr10_98257696_T_G_b38	1	7.44721e-04	2.076e-01	5.876e-02 8.885906219482422	1.0
chr10_98252213_G_A_b38	2	1.20588e-01	2.232e-01	7.507e-02 -3.852426290512085	1.0
chr10_98268531_G_GCA_b38	2	1.08177e-01	2.642e-01	6.572e-02 -3.035218638706355	1.0
chr10_98254220_A_T_b38	2	2.80741e-02	2.412e-01	7.715e-02 -3.8738327026367188	1.0
chr10_98253487_A_C_b38	2	2.00515e-02	2.237e-01	7.475e-02 -3.851187467575073	1.0
chr10_98269804_C_T_b38	2	1.50154e-02	2.310e-01	6.681e-02 -3.493414163589477	1.0
chr10_98248679_G_A_b38	2	1.25809e-02	2.239e-01	7.477e-02 -3.833270072937012	1.0
chr10_98252982_A_G_b38	2	1.04129e-02	-1.873e-01	8.017e-02 3.8553447723388667	1.0
chr10_98244028_T_C_b38	2	7.30738e-03	2.245e-01	7.471e-02 -3.847475528717041	1.0
chr10_98245239_G_A_b38	2	7.30738e-03	2.245e-01	7.471e-02 -3.843427658081055	1.0
chr10_98253133_A_G_b38	2	4.38480e-03	-1.895e-01	8.012e-02 3.8641431331634517	1.0
chr10_98260815_T_G_b38	2	4.24093e-03	2.255e-01	7.799e-02 -4.1383891105651855	1.0
chr10_98261776_A_G_b38	2	3.56104e-03	2.156e-01	7.667e-02 -4.047544002532959	1.0
chr10_98255090_CT_C_b38	2	3.51103e-03	-2.135e-01	8.437e-02 4.02161280377643	1.0
chr10_98232449_T_A_b38	2	3.07566e-03	2.223e-01	7.447e-02 -3.842339277267456	1.0
chr10_98229379_G_GT_b38	2	3.07566e-03	2.223e-01	7.447e-02 -3.917614672270776	1.0
chr10_98244684_G_C_b38	2	2.35707e-03	-2.006e-01	7.563e-02 3.8306691646575928	1.0
chr10_98195593_AC_A_b38	2	3.10013e-04	2.716e-01	7.482e-02 -3.843696638162111	1.0
chr10_98271011_C_T_b38	3	6.69134e-03	2.276e-01	7.160e-02 -0.4135989248752594	1.0
