chr12_8679358_T_A_b38	1	6.74979e-01	8.770e-01	7.294e-02 5.837517738342285	1.0
chr12_8675787_T_C_b38	1	3.24810e-01	8.055e-01	7.677e-02 5.2990819464689904	1.0
chr12_8672519_G_A_b38	2	9.30128e-01	-4.615e-01	9.466e-02 1.9598432779312132	1.0
chr12_8666380_T_A_b38	3	7.68547e-02	-3.064e-01	9.340e-02 -0.4209980964660645	1.0
chr12_8667000_C_T_b38	3	1.70468e-02	-2.466e-01	9.069e-02 -0.3367486298084259	1.0
chr12_8662802_C_G_b38	4	1.04813e-03	7.627e-02	1.472e-01 2.06519079208374	1.0
chr12_8661723_C_T_b38	4	1.97880e-04	7.627e-02	1.472e-01 2.1475145816802983	1.0
chr12_8660999_T_A_b38	4	1.51991e-04	3.541e-02	1.347e-01 2.093312263488769	1.0
chr12_8660902_T_A_b38	4	1.51991e-04	3.541e-02	1.347e-01 2.0944271087646484	1.0
chr12_8659135_C_G_b38	4	1.06949e-04	3.414e-02	1.346e-01 2.0906085968017583	1.0
chr12_8657913_A_G_b38	4	9.53387e-05	-1.947e-02	1.292e-01 2.0841543674468994	1.0
chr12_8658778_G_A_b38	4	9.53387e-05	-1.947e-02	1.292e-01 2.049450397491455	1.0
chr12_8658454_G_A_b38	4	9.53387e-05	-1.947e-02	1.292e-01 2.0913231372833248	1.0
chr12_8658667_A_T_b38	4	9.53387e-05	-1.947e-02	1.292e-01 2.0632371902465816	1.0
chr12_8658004_T_C_b38	4	9.53387e-05	-1.947e-02	1.292e-01 2.0718135833740234	1.0
chr12_8659341_A_G_b38	4	9.53387e-05	-1.947e-02	1.292e-01 2.150115728378296	1.0
chr12_8659234_G_A_b38	4	9.53387e-05	-1.947e-02	1.292e-01 2.1333074569702153	1.0
chr12_8668918_CTAGA_C_b38	4	8.94409e-05	8.324e-02	1.454e-01 2.4033553938279675	1.0
chr12_8656034_C_T_b38	4	8.34814e-05	1.137e-01	1.403e-01 2.1011803150176998	1.0
chr12_8655050_C_T_b38	4	6.81181e-05	8.251e-02	1.287e-01 1.8608125448226929	1.0
chr12_8655766_CAAACA_C_b38	4	5.56612e-05	5.239e-02	1.332e-01 2.098401130499304	1.0
chr12_8657064_T_A_b38	4	5.35966e-05	3.414e-02	1.345e-01 2.115975856781006	1.0
chr12_8656283_C_T_b38	4	5.33519e-05	4.342e-02	1.304e-01 2.1225826740264893	1.0
chr12_8656100_G_A_b38	4	5.33519e-05	4.342e-02	1.304e-01 2.152078151702881	1.0
chr12_8672323_G_A_b38	4	5.32768e-05	-1.741e-02	1.145e-01 2.557482481002808	1.0
chr12_8656156_G_C_b38	4	5.30219e-05	4.223e-02	1.304e-01 1.996682072721636	1.0
chr12_8672605_A_AC_b38	4	4.85218e-05	-4.162e-02	1.150e-01 2.3046002425374352	1.0
chr12_8672462_A_G_b38	4	4.83691e-05	-5.791e-02	1.090e-01 2.5096585750579834	1.0
chr12_8672544_G_A_b38	4	4.83691e-05	-5.791e-02	1.090e-01 2.477349281311035	1.0
chr12_8671698_G_C_b38	4	4.64582e-05	-5.150e-02	1.058e-01 2.547008514404297	1.0
chr12_8671751_T_A_b38	4	4.64582e-05	-5.150e-02	1.058e-01 2.252145528793335	1.0
chr12_8671785_T_C_b38	4	4.64582e-05	-5.150e-02	1.058e-01 2.1957767009735107	1.0
chr12_8656210_G_A_b38	4	4.52804e-05	2.333e-02	1.312e-01 2.1049000337512886	1.0
chr12_8657609_G_A_b38	4	4.31371e-05	-5.320e-02	1.261e-01 2.044604120746984	1.0
chr12_8656725_A_G_b38	4	4.27063e-05	-1.947e-02	1.292e-01 2.2222511768341064	1.0
chr12_8657411_C_A_b38	4	4.27063e-05	-1.947e-02	1.292e-01 2.0697579383850098	1.0
chr12_8654014_C_T_b38	4	4.26963e-05	-1.665e-03	1.285e-01 2.2698161602020264	1.0
chr12_8652805_A_C_b38	4	3.56713e-05	8.811e-02	1.514e-01 2.061373472213745	1.0
