chr1_155021439_CT_C_b38	1	2.85974e-01	-1.397e-01	2.987e-02 6.359747740983665	1.0
chr1_155022502_G_T_b38	1	2.46069e-01	-1.375e-01	2.965e-02 6.714680194854736	1.0
chr1_155017347_T_TGGGGGCAGTAGAGGGGGCAGTAGA_b38	1	2.20888e-01	-1.456e-01	3.153e-02 5.935705325893324	1.0
chr1_155018913_T_C_b38	1	9.66809e-02	-1.291e-01	2.933e-02 6.624213695526122	1.0
chr1_155013615_T_C_b38	1	2.77096e-02	-1.241e-01	3.045e-02 5.848724365234375	1.0
chr1_155011887_G_A_b38	1	2.75115e-02	-1.158e-01	2.991e-02 6.529983997344972	1.0
chr1_155041950_G_A_b38	1	7.45513e-03	-1.434e-01	3.555e-02 7.97840404510498	1.0
chr1_155033975_C_G_b38	1	3.15007e-03	-1.305e-01	3.449e-02 8.184476852416992	1.0
chr1_155033974_C_A_b38	1	3.15007e-03	-1.305e-01	3.449e-02 8.159939765930176	1.0
chr1_155002444_G_A_b38	2	2.31725e-02	-8.414e-02	8.085e-02 1.2999653816223145	1.0
chr1_155004042_A_G_b38	2	4.06252e-03	-7.616e-02	6.670e-02 1.329720973968506	1.0
chr1_155004637_A_G_b38	2	4.06250e-03	-7.616e-02	6.670e-02 1.330793023109436	1.0
chr1_154995784_C_T_b38	2	2.32574e-03	-1.056e-01	6.960e-02 1.4978581240322602	1.0
chr1_154998034_G_C_b38	2	2.03947e-03	-8.066e-02	7.924e-02 1.2402318716049194	1.0
chr1_154998496_A_G_b38	2	2.03947e-03	-8.066e-02	7.924e-02 1.2423572540283203	1.0
chr1_154984186_C_A_b38	2	1.21931e-03	-1.129e-01	6.883e-02 1.47361159324646	1.0
chr1_154984509_C_T_b38	2	9.63796e-04	-1.033e-01	6.881e-02 1.5092400312423706	1.0
chr1_154988982_A_G_b38	2	9.63796e-04	-1.033e-01	6.881e-02 1.3810226917266846	1.0
chr1_154988972_T_G_b38	2	9.63796e-04	-1.033e-01	6.881e-02 1.3809611797332764	1.0
chr1_155002143_G_A_b38	3	1.90987e-03	-4.894e-02	6.136e-02 4.414614977451481	1.0
chr1_154972259_T_A_b38	3	2.32215e-05	-6.664e-02	4.953e-02 3.9896883571637414	1.0
