chr5_140575786_C_T_b38	1	1.36905e-01	2.417e-01	4.885e-02 -5.736091613769531	1.0
chr5_140571273_C_G_b38	1	1.36905e-01	2.417e-01	4.885e-02 -5.712240695953369	1.0
chr5_140569824_T_C_b38	1	9.37627e-02	2.363e-01	4.835e-02 -5.720051288604736	1.0
chr5_140594196_C_T_b38	1	6.70415e-02	1.976e-01	4.946e-02 -5.7956647872924805	1.0
chr5_140565241_T_C_b38	1	5.06489e-02	-2.415e-01	4.876e-02 5.624578475952148	1.0
chr5_140545130_C_T_b38	1	5.06489e-02	-2.415e-01	4.876e-02 5.604594230651856	1.0
chr5_140548087_A_C_b38	1	3.48392e-02	-2.375e-01	4.846e-02 5.6061859130859375	1.0
chr5_140569031_T_A_b38	1	3.45584e-02	2.360e-01	4.817e-02 -5.728461265563965	1.0
chr5_140557395_A_G_b38	1	3.45584e-02	-2.360e-01	4.817e-02 5.637513160705566	1.0
chr5_140561733_A_G_b38	1	3.15880e-02	-2.370e-01	4.825e-02 5.241642475128174	1.0
chr5_140557175_G_T_b38	1	3.15533e-02	-2.348e-01	4.785e-02 5.659626007080077	1.0
chr5_140560648_G_A_b38	1	2.56339e-02	-2.344e-01	4.854e-02 5.738533020019531	1.0
chr5_140530298_G_A_b38	1	1.72548e-02	-2.411e-01	4.848e-02 5.612590789794922	1.0
chr5_140514551_T_C_b38	1	1.72548e-02	-2.411e-01	4.848e-02 5.582053661346436	1.0
chr5_140595482_T_C_b38	1	1.27867e-02	1.922e-01	4.962e-02 -5.817176342010497	1.0
chr5_140591932_T_A_b38	1	1.11763e-02	2.025e-01	4.914e-02 -5.8468756675720215	1.0
chr5_140591603_G_A_b38	1	1.11763e-02	2.025e-01	4.914e-02 -5.872327327728272	1.0
chr5_140526696_T_TCTAA_b38	1	1.07755e-02	-2.365e-01	4.796e-02 5.4622603507560585	1.0
chr5_140535173_A_G_b38	1	1.07603e-02	-2.344e-01	4.758e-02 5.616655349731445	1.0
chr5_140519474_G_A_b38	1	1.02272e-02	-2.357e-01	4.794e-02 5.67098678192704	1.0
chr5_140595468_A_G_b38	1	1.01669e-02	1.884e-01	4.931e-02 -5.848362445831299	1.0
chr5_140599163_T_C_b38	1	1.00874e-02	2.014e-01	4.950e-02 -5.897145748138428	1.0
chr5_140507254_A_G_b38	1	9.86637e-03	-2.333e-01	4.786e-02 5.637397766113281	1.0
chr5_140518487_T_A_b38	1	8.19602e-03	-2.274e-01	4.673e-02 5.510914221070502	1.0
chr5_140601190_T_C_b38	1	7.58533e-03	2.021e-01	4.814e-02 -5.8374738693237305	1.0
chr5_140598370_C_G_b38	1	7.15581e-03	1.978e-01	4.948e-02 -5.8551130294799805	1.0
chr5_140596656_C_G_b38	1	7.07664e-03	1.921e-01	4.957e-02 -5.759889602661133	1.0
chr5_140596041_A_T_b38	1	7.07664e-03	1.921e-01	4.957e-02 -5.828314781188965	1.0
chr5_140596051_A_C_b38	1	7.07664e-03	1.921e-01	4.957e-02 -5.817343711853027	1.0
chr5_140596087_G_A_b38	1	7.07664e-03	1.921e-01	4.957e-02 -5.851637840270996	1.0
chr5_140596302_G_A_b38	1	7.07664e-03	1.921e-01	4.957e-02 -5.81744909286499	1.0
chr5_140597371_A_T_b38	1	4.53430e-03	1.921e-01	4.957e-02 -5.853391647338867	1.0
chr5_140597766_T_C_b38	1	3.61363e-03	1.884e-01	4.931e-02 -5.849208354949951	1.0
chr5_140350859_G_A_b38	1	3.41959e-03	-2.427e-01	4.882e-02 5.385683059692383	1.0
chr5_140483189_A_G_b38	1	3.31213e-03	-2.405e-01	4.810e-02 5.591815948486328	1.0
chr5_140441346_C_T_b38	1	3.31213e-03	-2.405e-01	4.810e-02 5.57536506652832	1.0
chr5_140420481_C_T_b38	1	3.31213e-03	-2.405e-01	4.810e-02 5.591958999633789	1.0
chr5_140421143_G_A_b38	1	3.31213e-03	-2.405e-01	4.810e-02 5.5879554748535165	1.0
chr5_140466208_T_A_b38	1	3.31213e-03	-2.405e-01	4.810e-02 5.589410305023193	1.0
chr5_140454985_G_GAA_b38	1	3.31213e-03	-2.405e-01	4.810e-02 5.662181310817793	1.0
chr5_140403852_C_T_b38	1	3.31213e-03	-2.405e-01	4.810e-02 5.65861177444458	1.0
chr5_140440443_G_T_b38	1	3.31213e-03	-2.405e-01	4.810e-02 5.592859268188477	1.0
chr5_140416141_C_T_b38	1	3.31213e-03	-2.405e-01	4.810e-02 5.616831302642822	1.0
chr5_140599863_G_A_b38	1	3.01720e-03	1.958e-01	4.966e-02 -5.828835964202881	1.0
chr5_140598233_T_G_b38	1	3.00125e-03	1.851e-01	4.915e-02 -5.85469913482666	1.0
chr5_140601538_C_T_b38	1	2.37896e-03	1.919e-01	4.935e-02 -5.8339500427246085	1.0
chr5_140426595_C_T_b38	1	2.27581e-03	-2.353e-01	4.769e-02 5.666955801008312	1.0
chr5_140428307_C_T_b38	1	2.07995e-03	-2.342e-01	4.744e-02 5.711652570039518	1.0
chr5_140451554_G_A_b38	1	2.07995e-03	-2.342e-01	4.744e-02 5.615219593048097	1.0
chr5_140410779_A_G_b38	1	1.65000e-03	-2.338e-01	4.785e-02 5.609040260314941	1.0
chr5_140605968_C_G_b38	1	1.30827e-03	1.904e-01	4.828e-02 -5.964992523193359	1.0
chr5_140594888_T_G_b38	2	1.93312e-02	-8.690e-02	5.145e-02 -4.1724586486816415	1.0
chr5_140594111_G_T_b38	2	1.45095e-02	-7.458e-02	5.098e-02 -4.1731133460998535	1.0
chr5_140595881_A_G_b38	2	2.75560e-03	-8.258e-02	5.381e-02 -4.50705099105835	1.0
chr5_140603712_T_A_b38	2	1.78296e-03	-1.075e-01	5.141e-02 -4.456550598144531	1.0
chr5_140604278_A_C_b38	2	1.78296e-03	-1.075e-01	5.141e-02 -4.467183589935303	1.0
chr5_140601741_G_A_b38	2	1.67276e-03	-1.063e-01	5.161e-02 -4.459029674530028	1.0
chr5_140604116_T_C_b38	2	1.07240e-03	-9.216e-02	5.066e-02 -4.485151767730713	1.0
chr5_140605456_C_G_b38	2	9.61135e-04	-1.075e-01	5.142e-02 -4.459134578704834	1.0
chr5_140616867_G_GA_b38	2	8.86454e-04	-1.017e-01	4.980e-02 -4.4530540756630295	1.0
chr5_140607987_T_G_b38	2	5.14566e-04	-9.381e-02	5.141e-02 -4.502798557281494	1.0
chr5_140613681_T_A_b38	2	4.59693e-04	-9.069e-02	4.936e-02 -4.556269645690918	1.0
chr5_140616426_G_T_b38	2	4.34129e-04	-8.907e-02	4.955e-02 -4.575955867767334	1.0
chr5_140606905_C_T_b38	2	4.17741e-04	-8.807e-02	4.950e-02 -4.5747103691101065	1.0
chr5_140606732_A_G_b38	2	3.98380e-04	-8.887e-02	5.166e-02 -4.563156604766847	1.0
chr5_140619222_A_G_b38	2	3.79522e-04	-8.513e-02	5.046e-02 -4.29500675201416	1.0
chr5_140618227_C_T_b38	2	3.43696e-04	-8.049e-02	4.922e-02 -4.5691566467285165	1.0
chr5_140619253_G_A_b38	2	3.09390e-04	-7.580e-02	4.911e-02 -4.345020771026611	1.0
chr5_140618980_T_A_b38	2	2.24777e-04	-7.143e-02	4.907e-02 -4.472107887268066	1.0
chr5_140573604_T_C_b38	2	1.95232e-04	-7.719e-02	5.264e-02 -3.886562824249268	1.0
chr5_140582582_A_G_b38	2	1.82097e-04	-7.365e-02	5.258e-02 -3.870558500289917	1.0
chr5_140628834_G_A_b38	2	1.60221e-04	-9.854e-02	4.940e-02 -4.128100395202637	1.0
chr5_140636156_A_G_b38	2	1.31267e-04	-9.150e-02	4.887e-02 -4.116798400878906	1.0
chr5_140628183_TA_T_b38	2	1.27066e-04	-9.154e-02	4.951e-02 -4.102721973606592	1.0
chr5_140633331_A_G_b38	2	8.89050e-05	-8.867e-02	4.891e-02 -4.122808933258057	1.0
chr5_140638793_C_T_b38	2	8.38802e-05	-8.672e-02	4.891e-02 -4.108879089355469	1.0
chr5_140634318_C_T_b38	2	8.36469e-05	-8.677e-02	4.899e-02 -4.1428189277648935	1.0
chr5_140613854_T_G_b38	2	7.76756e-05	3.570e-02	4.710e-02 3.483975648880005	1.0
chr5_140608312_G_A_b38	2	7.51428e-05	3.246e-02	4.719e-02 3.418877124786377	1.0
chr5_140625627_T_C_b38	2	7.29290e-05	-8.231e-02	4.961e-02 -4.1085147857666025	1.0
chr5_140596505_T_G_b38	3	1.35270e-04	-9.033e-02	1.029e-01 0.08297839760780333	1.0
