chr20_32828097_G_C_b38	1	3.31215e-01	1.411e-01	1.259e-02 -7.398910999298098	1.0
chr20_32851659_AGT_A_b38	1	1.81100e-01	1.423e-01	1.250e-02 -7.249678580420281	1.0
chr20_32852422_G_A_b38	1	1.81100e-01	1.423e-01	1.250e-02 -7.353548526763916	1.0
chr20_32839536_C_T_b38	1	1.51625e-01	1.412e-01	1.255e-02 -7.345611572265625	1.0
chr20_32839829_C_T_b38	1	1.51625e-01	1.412e-01	1.255e-02 -7.3553123474121085	1.0
chr20_32819855_A_T_b38	2	5.32592e-02	2.355e-02	1.033e-02 -3.92711329460144	1.0
chr20_32820252_T_TGGG_b38	2	5.32592e-02	2.355e-02	1.033e-02 -4.009880308505465	1.0
chr20_32821986_T_C_b38	2	9.01338e-03	2.297e-02	1.020e-02 -3.95351505279541	1.0
chr20_32815172_T_C_b38	2	5.39420e-03	2.406e-02	9.835e-03 1.5485391616821291	1.0
chr20_32824019_T_C_b38	2	5.28763e-03	2.281e-02	1.014e-02 -3.9372270107269287	1.0
chr20_32822473_A_G_b38	2	5.28763e-03	2.281e-02	1.014e-02 -3.939421653747559	1.0
chr20_32816341_A_G_b38	2	3.31937e-03	2.032e-02	9.833e-03 -3.923505067825317	1.0
chr20_32815404_T_G_b38	2	3.31937e-03	2.032e-02	9.833e-03 -3.919543743133545	1.0
chr20_32826651_A_C_b38	2	3.31717e-03	2.276e-02	1.012e-02 -3.945949077606201	1.0
chr20_32814411_G_A_b38	2	3.04782e-03	2.401e-02	9.814e-03 1.5565063953399658	1.0
chr20_32814463_A_G_b38	2	2.95745e-03	2.276e-02	1.012e-02 -3.960638284683228	1.0
chr20_32812867_T_C_b38	2	1.88405e-03	2.170e-02	1.099e-02 -2.6124839782714844	1.0
chr20_32813930_T_C_b38	2	1.61611e-03	1.969e-02	9.959e-03 -3.973601818084717	1.0
chr20_32830811_A_G_b38	2	1.53412e-03	2.276e-02	1.012e-02 -3.988911390304565	1.0
chr20_32842385_A_G_b38	2	1.53412e-03	2.276e-02	1.012e-02 -3.9457271099090576	1.0
chr20_32842059_C_T_b38	2	1.53412e-03	2.276e-02	1.012e-02 -3.9307663440704346	1.0
chr20_32830775_T_C_b38	2	1.47159e-03	2.260e-02	1.014e-02 -3.9961748123168954	1.0
chr20_32838820_C_A_b38	2	1.44678e-03	2.249e-02	1.012e-02 -3.925931692123413	1.0
chr20_32810299_A_C_b38	2	1.22218e-03	1.890e-02	1.061e-02 -2.6327896118164062	1.0
chr20_32865150_C_T_b38	2	1.15639e-03	-2.452e-02	9.745e-03 3.2900872230529785	1.0
chr20_32869531_T_C_b38	2	7.15474e-04	-2.397e-02	9.744e-03 4.8229947090148935	1.0
chr20_32860890_C_T_b38	2	2.81140e-04	-2.402e-02	1.015e-02 3.8523006439208975	1.0
chr20_32809213_AT_A_b38	2	2.75360e-04	2.072e-02	1.125e-02 -3.875362415506715	1.0
chr20_32882678_G_A_b38	2	2.56227e-04	-2.763e-02	1.004e-02 3.651689767837525	1.0
chr20_32858839_A_G_b38	2	2.07662e-04	2.266e-02	1.015e-02 -3.9222545623779297	1.0
chr20_32848941_C_T_b38	2	2.07662e-04	2.266e-02	1.015e-02 -3.938655376434326	1.0
chr20_32854150_T_C_b38	2	2.07662e-04	2.266e-02	1.015e-02 -3.9084742069244394	1.0
chr20_32845384_C_T_b38	2	1.98121e-04	2.245e-02	1.015e-02 -3.9306933879852295	1.0
chr20_32867964_G_A_b38	2	1.92921e-04	-2.191e-02	9.876e-03 3.2866632938385014	1.0
chr20_32805546_G_A_b38	2	1.75301e-04	1.793e-02	1.128e-02 -4.029458522796632	1.0
chr20_32820791_A_AGGGCAGAGGTC_b38	3	3.01784e-03	-4.501e-02	2.228e-02 -0.3437142900688935	1.0
chr20_32822032_G_GT_b38	3	1.26623e-03	-4.494e-02	2.227e-02 -0.3437142900688935	1.0
chr20_32821514_C_T_b38	3	1.26623e-03	-4.494e-02	2.227e-02 -0.1573493480682373	1.0
chr20_32819057_A_T_b38	3	1.01444e-03	-2.999e-02	1.928e-02 2.4492006301879883	1.0
chr20_32823838_G_A_b38	3	7.39915e-04	-4.493e-02	2.227e-02 -0.156514972448349	1.0
chr20_32828142_C_G_b38	3	4.68484e-04	-4.493e-02	2.227e-02 -0.19155536592006686	1.0
chr20_32814773_A_G_b38	3	4.17681e-04	-4.493e-02	2.227e-02 -0.15728799998760226	1.0
chr20_32813196_C_T_b38	3	9.92978e-05	-3.743e-02	2.007e-02 -0.8853137493133545	1.0
chr20_32813520_G_A_b38	3	9.92978e-05	-3.743e-02	2.007e-02 -0.6332956663664508	1.0
chr20_32842032_T_C_b38	3	7.82188e-05	-4.409e-02	2.127e-02 -0.2088129818439484	1.0
chr20_32829964_C_CT_b38	3	7.31861e-05	-4.510e-02	2.229e-02 -0.3437142900688935	1.0
chr20_32830792_T_TC_b38	3	7.31861e-05	-4.510e-02	2.229e-02 -0.3437142900688935	1.0
chr20_32841513_C_T_b38	3	7.31861e-05	-4.510e-02	2.229e-02 -0.15843194723129272	1.0
chr20_32834379_G_A_b38	3	7.31861e-05	-4.510e-02	2.229e-02 -0.1783490777015686	1.0
chr20_32834474_TAGA_T_b38	3	7.31861e-05	-4.510e-02	2.229e-02 -0.3437142900688935	1.0
chr20_32839888_C_T_b38	3	7.31861e-05	-4.510e-02	2.229e-02 -0.15837302803993225	1.0
chr20_32842830_T_C_b38	3	7.31861e-05	-4.510e-02	2.229e-02 -0.1589936912059784	1.0
