chr1_66924785_C_G_b38	1	2.07831e-01	3.543e-01	5.156e-02 6.652454853057861	1.0
chr1_66924733_G_C_b38	1	1.31982e-01	3.433e-01	5.010e-02 6.644412994384767	1.0
chr1_66925320_G_C_b38	1	1.31982e-01	3.433e-01	5.010e-02 6.651108741760254	1.0
chr1_66925316_G_C_b38	1	1.31982e-01	3.433e-01	5.010e-02 6.639115333557129	1.0
chr1_66923925_C_T_b38	1	8.04937e-02	3.500e-01	5.082e-02 6.556670665740968	1.0
chr1_66922218_T_C_b38	1	2.61730e-02	3.490e-01	5.057e-02 6.555734157562256	1.0
chr1_66922067_G_T_b38	1	1.67371e-02	3.384e-01	4.927e-02 6.586240768432617	1.0
chr1_66922333_T_C_b38	1	1.67371e-02	3.384e-01	4.927e-02 6.491388613612746	1.0
chr1_66920521_C_T_b38	1	1.67371e-02	3.384e-01	4.927e-02 6.5756468772888175	1.0
chr1_66920268_T_C_b38	1	1.67371e-02	3.384e-01	4.927e-02 6.574506759643555	1.0
chr1_66922332_T_TGA_b38	1	1.67371e-02	3.384e-01	4.927e-02 6.491388613612746	1.0
chr1_66933233_G_A_b38	1	9.51400e-03	3.430e-01	4.989e-02 6.601785182952881	1.0
chr1_66932924_G_C_b38	1	9.51400e-03	3.430e-01	4.989e-02 6.612261772155763	1.0
chr1_66915939_T_C_b38	1	9.23230e-03	3.383e-01	4.918e-02 6.5828189849853525	1.0
chr1_66917733_G_A_b38	1	9.23230e-03	3.383e-01	4.918e-02 6.576519966125487	1.0
chr1_66919805_C_T_b38	1	9.23230e-03	3.383e-01	4.918e-02 6.574408531188965	1.0
chr1_66947139_T_G_b38	1	7.47274e-03	3.537e-01	5.118e-02 6.589885711669923	1.0
chr1_66939374_G_A_b38	1	7.37233e-03	3.549e-01	5.138e-02 6.5866289138793945	1.0
chr1_66937155_T_C_b38	1	5.93639e-03	3.551e-01	5.169e-02 6.586050033569336	1.0
chr1_66939227_T_G_b38	1	5.93639e-03	3.551e-01	5.169e-02 6.581089973449707	1.0
chr1_66911832_C_CACTGAG_b38	1	5.86470e-03	3.496e-01	5.052e-02 6.544885195362205	1.0
chr1_66947795_A_G_b38	1	4.75725e-03	3.430e-01	4.989e-02 6.6237430572509775	1.0
chr1_66936913_T_C_b38	1	4.75725e-03	3.430e-01	4.989e-02 6.611647605895996	1.0
chr1_66947235_G_C_b38	1	4.75725e-03	3.430e-01	4.989e-02 6.610607624053955	1.0
chr1_66944488_A_G_b38	1	4.75725e-03	3.430e-01	4.989e-02 6.601136207580566	1.0
chr1_66938104_G_A_b38	1	4.75725e-03	3.430e-01	4.989e-02 6.601409435272218	1.0
chr1_66902058_T_C_b38	1	4.71861e-03	3.483e-01	5.060e-02 6.590293884277344	1.0
chr1_66904609_C_T_b38	1	4.71861e-03	3.483e-01	5.060e-02 6.595316410064697	1.0
chr1_66912056_A_G_b38	1	4.70011e-03	3.496e-01	5.081e-02 6.550414085388184	1.0
chr1_66912039_G_T_b38	1	3.86432e-03	3.383e-01	4.918e-02 6.565508842468263	1.0
chr1_66913253_T_C_b38	1	3.86432e-03	3.383e-01	4.918e-02 6.575680732727051	1.0
chr1_66913601_C_T_b38	1	3.86432e-03	3.383e-01	4.918e-02 6.553332805633545	1.0
chr1_66910479_T_C_b38	1	3.86432e-03	3.383e-01	4.918e-02 6.575488090515138	1.0
chr1_66903282_C_T_b38	1	2.95894e-03	3.371e-01	4.900e-02 6.609730243682861	1.0
chr1_66900985_A_G_b38	1	2.95894e-03	3.371e-01	4.900e-02 6.617410182952881	1.0
chr1_66960540_A_G_b38	1	2.62075e-03	3.537e-01	5.118e-02 6.577037811279298	1.0
chr1_66966348_C_T_b38	1	2.62075e-03	-3.537e-01	5.118e-02 -6.589152812957764	1.0
chr1_66973217_G_A_b38	1	2.58553e-03	-3.549e-01	5.138e-02 -6.585488319396973	1.0
chr1_66951418_T_C_b38	1	2.58553e-03	3.549e-01	5.138e-02 6.588096618652344	1.0
chr1_66972050_GATA_G_b38	1	2.08194e-03	-3.551e-01	5.169e-02 -6.636706630266491	1.0
chr1_66958474_TA_T_b38	1	2.08194e-03	3.551e-01	5.169e-02 6.636706922362545	1.0
chr1_66920571_C_T_b38	2	1.37525e-02	2.267e-01	8.924e-02 -1.406408190727234	1.0
chr1_66909523_C_T_b38	2	2.68869e-03	2.268e-01	8.921e-02 -1.3868932723999023	1.0
chr1_66973410_G_C_b38	2	1.02257e-03	2.280e-01	8.917e-02 -1.3926733732223509	1.0
chr1_67006140_G_A_b38	2	3.16748e-04	2.280e-01	8.919e-02 -1.3673311471939087	1.0
chr1_67000923_C_A_b38	2	3.16748e-04	2.280e-01	8.919e-02 -1.39483642578125	1.0
chr1_67023320_T_C_b38	2	3.16748e-04	2.280e-01	8.919e-02 -1.3769451379776	1.0
