chr2_171560888_G_C_b38	1	6.56872e-02	-2.482e-01	5.802e-02 -9.429941177368164	1.0
chr2_171559420_C_T_b38	1	6.56378e-02	-2.481e-01	5.802e-02 -9.626466751098633	1.0
chr2_171557976_C_T_b38	1	6.56378e-02	-2.481e-01	5.802e-02 -9.58956527709961	1.0
chr2_171560300_T_A_b38	1	6.56378e-02	-2.481e-01	5.802e-02 -9.596632957458496	1.0
chr2_171558603_G_A_b38	1	6.56378e-02	-2.481e-01	5.802e-02 -9.572022438049316	1.0
chr2_171558043_A_G_b38	1	6.56378e-02	-2.481e-01	5.802e-02 -9.583066940307617	1.0
chr2_171556397_A_C_b38	1	6.56378e-02	-2.481e-01	5.802e-02 -9.606999397277832	1.0
chr2_171558940_A_G_b38	1	6.56378e-02	-2.481e-01	5.802e-02 -9.570987701416016	1.0
chr2_171559866_A_C_b38	1	6.56378e-02	-2.481e-01	5.802e-02 -9.58792495727539	1.0
chr2_171559387_G_A_b38	1	6.56378e-02	-2.481e-01	5.802e-02 -9.624229431152344	1.0
chr2_171559437_T_C_b38	1	6.56378e-02	-2.481e-01	5.802e-02 -9.633389472961426	1.0
chr2_171555498_C_G_b38	1	6.56378e-02	-2.481e-01	5.802e-02 -9.590320587158203	1.0
chr2_171560564_T_A_b38	1	4.38928e-02	-2.370e-01	5.533e-02 -9.684769186264743	1.0
chr2_171558776_A_G_b38	1	3.12200e-02	-2.330e-01	5.094e-02 -9.334324393783351	1.0
chr2_171526330_C_G_b38	1	2.34762e-02	-3.657e-01	3.279e-02 -7.110917568206787	1.0
chr2_171524977_G_A_b38	1	2.04224e-02	-3.601e-01	3.236e-02 -7.070468425750732	1.0
chr2_171553676_A_G_b38	1	2.01868e-02	-2.365e-01	5.794e-02 -9.409894943237305	1.0
chr2_171552317_CA_C_b38	1	1.95319e-02	-2.404e-01	5.940e-02 -9.559386852905188	1.0
chr2_171552520_T_A_b38	1	1.78111e-02	-2.394e-01	5.965e-02 -9.416097640991213	1.0
chr2_171552755_G_C_b38	1	1.78111e-02	-2.394e-01	5.965e-02 -9.405760765075684	1.0
chr2_171523139_C_T_b38	1	1.32383e-02	-3.612e-01	3.305e-02 -6.9506611824035645	1.0
chr2_171528864_G_T_b38	1	4.11519e-03	-3.685e-01	3.351e-02 -7.104329586029053	1.0
chr2_171505166_G_A_b38	2	9.99392e-01	1.599e-01	3.166e-02 4.301210880279541	1.0
chr2_171523838_T_G_b38	3	3.64747e-01	-1.890e-01	4.674e-02 -6.943317413330077	1.0
chr2_171520702_C_G_b38	3	1.61091e-01	1.799e-01	4.714e-02 7.141456127166747	1.0
chr2_171516191_TCA_T_b38	3	8.87735e-02	-1.656e-01	4.209e-02 -6.457569813282478	1.0
chr2_171516083_G_A_b38	3	8.87735e-02	-1.656e-01	4.209e-02 -6.345163822174072	1.0
chr2_171519276_C_T_b38	3	6.21336e-02	-1.656e-01	4.426e-02 -6.92080545425415	1.0
chr2_171512598_C_A_b38	3	2.70149e-02	-1.485e-01	4.091e-02 -6.096867084503174	1.0
chr2_171512386_T_C_b38	3	2.31662e-02	-1.466e-01	4.089e-02 -6.089017391204834	1.0
chr2_171503385_C_A_b38	3	1.48360e-02	-1.491e-01	4.080e-02 -6.008778095245361	1.0
chr2_171501519_A_T_b38	3	1.28853e-02	-1.529e-01	4.241e-02 -6.146994113922119	1.0
chr2_171542047_A_G_b38	3	5.72894e-03	-1.485e-01	4.420e-02 -6.756300926208496	1.0
chr2_171560482_C_G_b38	4	5.09664e-02	1.236e-01	3.013e-02 -3.6072044372558594	1.0
chr2_171557952_G_A_b38	4	1.12985e-02	1.166e-01	3.076e-02 -3.6555695533752437	1.0
chr2_171556000_T_C_b38	4	5.41576e-03	1.102e-01	2.995e-02 -3.62530779838562	1.0
chr2_171522147_T_G_b38	5	2.15188e-03	7.256e-02	3.271e-02 3.473911762237549	1.0
chr2_171521535_T_A_b38	5	7.04330e-04	7.651e-02	3.252e-02 3.528938055038452	1.0
chr2_171520453_A_G_b38	5	3.25599e-04	7.651e-02	3.252e-02 3.554170846939087	1.0
chr2_171520275_T_C_b38	5	3.25599e-04	7.651e-02	3.252e-02 3.590694665908813	1.0
chr2_171520490_T_C_b38	5	3.25599e-04	7.651e-02	3.252e-02 3.558985710144043	1.0
chr2_171520697_T_G_b38	5	3.25599e-04	7.651e-02	3.252e-02 3.597389936447144	1.0
chr2_171520423_G_A_b38	5	3.25599e-04	7.651e-02	3.252e-02 3.5697841644287114	1.0
chr2_171520733_C_T_b38	5	3.25599e-04	7.651e-02	3.252e-02 3.593747854232788	1.0
chr2_171520546_A_G_b38	5	3.25599e-04	7.651e-02	3.252e-02 3.596632242202759	1.0
chr2_171521069_G_A_b38	5	5.36348e-05	7.677e-02	3.250e-02 3.55389666557312	1.0
chr2_171521200_T_C_b38	5	5.36348e-05	7.677e-02	3.250e-02 3.5453150272369385	1.0
