chr6_32761165_G_A_b38	1	1.14764e-01	7.203e-01	9.742e-02 11.778979652123384	1.0
chr6_32711549_C_T_b38	1	9.47153e-02	7.259e-01	9.905e-02 11.102617263793944	1.0
chr6_32576507_T_A_b38	1	6.32028e-02	7.545e-01	1.031e-01 12.984493857898688	1.0
chr6_32576100_T_C_b38	1	6.32028e-02	7.545e-01	1.031e-01 12.984493857898688	1.0
chr6_32037490_C_T_b38	1	2.21197e-02	5.885e-01	1.133e-01 12.532422065734865	1.0
chr6_32703430_T_G_b38	1	2.20938e-02	6.901e-01	9.755e-02 11.23157024383545	1.0
chr6_32691868_A_G_b38	1	2.20938e-02	6.901e-01	9.755e-02 11.23719310760498	1.0
chr6_32691832_T_C_b38	1	2.20938e-02	6.901e-01	9.755e-02 11.291858673095705	1.0
chr6_32668825_G_C_b38	1	2.20938e-02	6.901e-01	9.755e-02 12.183593959368505	1.0
chr6_32694696_A_C_b38	1	2.20938e-02	6.901e-01	9.755e-02 12.354988173224928	1.0
chr6_32683864_G_T_b38	1	2.20938e-02	6.901e-01	9.755e-02 11.238443374633787	1.0
chr6_32704439_A_T_b38	1	2.20938e-02	6.901e-01	9.755e-02 11.231816291809082	1.0
chr6_32699394_A_T_b38	1	2.20938e-02	6.901e-01	9.755e-02 11.247995376586914	1.0
chr6_32700886_G_A_b38	1	2.20938e-02	6.901e-01	9.755e-02 11.253250122070312	1.0
chr6_32695578_G_C_b38	1	2.20938e-02	6.901e-01	9.755e-02 11.298872947692873	1.0
chr6_32698581_C_T_b38	1	2.20938e-02	6.901e-01	9.755e-02 11.285909652709961	1.0
chr6_32683700_A_T_b38	1	2.20938e-02	6.901e-01	9.755e-02 11.275726318359375	1.0
chr6_32689659_T_C_b38	1	2.20938e-02	6.901e-01	9.755e-02 11.312803268432615	1.0
chr6_32683652_CA_C_b38	1	2.20938e-02	6.901e-01	9.755e-02 12.183593959368505	1.0
chr6_32701169_C_T_b38	1	2.20938e-02	6.901e-01	9.755e-02 11.256258964538574	1.0
chr6_32704023_T_G_b38	1	2.20938e-02	6.901e-01	9.755e-02 11.23316478729248	1.0
chr6_32706116_C_A_b38	1	2.20938e-02	6.901e-01	9.755e-02 11.203808784484863	1.0
chr6_32704662_T_C_b38	1	2.20938e-02	6.901e-01	9.755e-02 11.232653617858887	1.0
chr6_32658707_T_C_b38	1	1.37103e-02	6.829e-01	9.763e-02 12.309811689136911	1.0
chr6_32686372_A_C_b38	1	1.37103e-02	6.829e-01	9.763e-02 12.183593959368505	1.0
chr6_32660651_C_A_b38	1	1.37103e-02	6.829e-01	9.763e-02 11.237539291381836	1.0
chr6_32645536_C_T_b38	1	1.37103e-02	6.829e-01	9.763e-02 12.256293340825696	1.0
chr6_32632988_G_A_b38	1	1.37103e-02	6.829e-01	9.763e-02 11.988864262697566	1.0
chr6_32609856_G_C_b38	1	1.37103e-02	6.829e-01	9.763e-02 10.993928909301758	1.0
chr6_32616054_G_C_b38	1	1.37103e-02	6.829e-01	9.763e-02 12.348839423158722	1.0
chr6_32634983_A_C_b38	1	1.37103e-02	6.829e-01	9.763e-02 12.256293340825696	1.0
chr6_32636774_C_T_b38	1	1.37103e-02	6.829e-01	9.763e-02 12.267288809603931	1.0
chr6_32599006_TAACA_T_b38	1	1.37103e-02	6.829e-01	9.763e-02 12.348839423158722	1.0
chr6_32645249_G_A_b38	1	1.37103e-02	6.829e-01	9.763e-02 10.274300575256348	1.0
chr6_32646350_C_G_b38	1	1.37103e-02	6.829e-01	9.763e-02 12.178432431054684	1.0
chr6_32599010_A_ATTTTTTT_b38	1	1.37103e-02	6.829e-01	9.763e-02 12.348839423158722	1.0
chr6_32634921_C_T_b38	1	1.37103e-02	6.829e-01	9.763e-02 12.256293340825696	1.0
chr6_32636444_A_G_b38	1	1.14157e-02	7.018e-01	1.010e-01 11.446512313597108	1.0
chr6_32643672_T_G_b38	1	1.12225e-02	6.869e-01	9.884e-02 12.330829714167555	1.0
chr6_32047051_G_A_b38	1	1.03083e-02	6.453e-01	1.194e-01 12.923543930053713	1.0
chr6_32061428_G_A_b38	1	4.56424e-03	6.453e-01	1.194e-01 12.897017478942873	1.0
chr6_32655215_A_G_b38	1	3.69723e-03	6.711e-01	9.974e-02 12.013982243484206	1.0
chr6_32643419_ATGT_A_b38	1	3.31594e-03	6.416e-01	9.582e-02 11.702026771437234	1.0
chr6_32641817_G_A_b38	1	1.77949e-03	6.471e-01	9.830e-02 9.622777425393547	1.0
chr6_32761169_C_T_b38	1	4.05013e-04	6.328e-01	9.178e-02 10.771154540010253	1.0
chr6_32038540_C_T_b38	2	9.21235e-01	3.498e-01	8.888e-02 -10.2122601362676	1.0
chr6_32037738_G_A_b38	3	2.07961e-01	-3.342e-01	1.060e-01 -4.611707659770944	1.0
chr6_32013470_T_C_b38	3	3.69242e-03	-2.448e-01	7.945e-02 -3.4709313721999253	1.0
chr6_32042239_G_C_b38	4	1.99638e-02	3.515e-01	1.116e-01 -0.1464979117636018	1.0
chr6_32040072_G_C_b38	4	3.91794e-04	1.011e-01	1.207e-01 0.611866295337677	1.0
