chr14_92065544_G_A_b38	1	5.42821e-02	2.405e-01	4.084e-02 -11.821202278137207	1.0
chr14_92082441_C_T_b38	1	5.39021e-02	2.697e-01	4.863e-02 -10.328706741333008	1.0
chr14_92082114_A_G_b38	1	5.39021e-02	2.697e-01	4.863e-02 -10.348523139953613	1.0
chr14_92087578_G_T_b38	1	5.39021e-02	2.697e-01	4.863e-02 -10.354557037353516	1.0
chr14_92092107_CCT_C_b38	1	2.19608e-02	2.631e-01	4.930e-02 -10.369084564425314	1.0
chr14_92086884_G_A_b38	1	2.18848e-02	2.631e-01	4.930e-02 -10.371966361999512	1.0
chr14_92087954_A_G_b38	1	2.18848e-02	2.631e-01	4.930e-02 -10.371966361999512	1.0
chr14_92065361_T_C_b38	1	2.16665e-02	2.751e-01	4.962e-02 -10.409839630126953	1.0
chr14_92057654_C_T_b38	1	2.16665e-02	2.751e-01	4.962e-02 -10.404659271240234	1.0
chr14_92058801_A_G_b38	1	2.16665e-02	2.751e-01	4.962e-02 -10.389336585998537	1.0
chr14_92072061_A_G_b38	1	1.66444e-02	2.684e-01	4.874e-02 -10.348721504211426	1.0
chr14_92080801_G_T_b38	1	1.66444e-02	2.684e-01	4.874e-02 -10.34767246246338	1.0
chr14_92072948_C_T_b38	1	1.66444e-02	2.684e-01	4.874e-02 -10.35150146484375	1.0
chr14_92077012_T_A_b38	1	1.66444e-02	2.684e-01	4.874e-02 -10.348721504211426	1.0
chr14_92069172_G_A_b38	1	1.66444e-02	2.684e-01	4.874e-02 -10.348862648010254	1.0
chr14_92078227_G_A_b38	1	1.66444e-02	2.684e-01	4.874e-02 -10.348721504211426	1.0
chr14_92078628_G_A_b38	1	1.66444e-02	2.684e-01	4.874e-02 -10.348721504211426	1.0
chr14_92072185_G_A_b38	1	1.66444e-02	2.684e-01	4.874e-02 -10.348721504211426	1.0
chr14_92075508_T_C_b38	1	1.66444e-02	2.684e-01	4.874e-02 -10.348721504211426	1.0
chr14_92030046_T_A_b38	1	1.01153e-02	2.365e-01	4.093e-02 -11.66647201196066	1.0
chr14_92019537_G_T_b38	1	1.01153e-02	2.365e-01	4.093e-02 -11.838830947875975	1.0
chr14_92093334_G_C_b38	1	7.77188e-03	2.208e-01	4.202e-02 -11.509218215942385	1.0
chr14_92091358_A_G_b38	1	7.77188e-03	2.208e-01	4.202e-02 -11.49456787109375	1.0
chr14_92090267_A_G_b38	1	7.77188e-03	2.208e-01	4.202e-02 -11.489561080932615	1.0
chr14_92096481_G_A_b38	1	7.27376e-03	2.463e-01	4.831e-02 -10.338964462280273	1.0
chr14_92089317_C_T_b38	1	6.85928e-03	2.467e-01	4.871e-02 -10.369084564425314	1.0
chr14_92087950_T_C_b38	1	6.85928e-03	2.467e-01	4.871e-02 -10.35875129699707	1.0
chr14_92085728_T_C_b38	1	6.85928e-03	2.467e-01	4.871e-02 -10.355772972106934	1.0
chr14_92092135_C_A_b38	1	6.85928e-03	2.467e-01	4.871e-02 -10.375536918640137	1.0
chr14_92093518_C_T_b38	1	6.85928e-03	2.467e-01	4.871e-02 -10.376134872436523	1.0
chr14_92086490_A_G_b38	1	6.85928e-03	2.467e-01	4.871e-02 -10.35880184173584	1.0
chr14_92088377_G_A_b38	1	6.85928e-03	2.467e-01	4.871e-02 -10.35875129699707	1.0
chr14_92084741_A_G_b38	1	6.85928e-03	2.467e-01	4.871e-02 -10.357760429382324	1.0
chr14_92087068_C_T_b38	1	6.85928e-03	2.467e-01	4.871e-02 -10.35875129699707	1.0
chr14_92089170_C_T_b38	1	6.85928e-03	2.467e-01	4.871e-02 -10.35875129699707	1.0
chr14_92085916_A_G_b38	1	6.85928e-03	2.467e-01	4.871e-02 -10.355772972106934	1.0
chr14_92086426_A_G_b38	1	6.85928e-03	2.467e-01	4.871e-02 -10.35880184173584	1.0
chr14_92088202_C_G_b38	1	6.85928e-03	2.467e-01	4.871e-02 -10.35875129699707	1.0
chr14_92093424_T_C_b38	1	6.85928e-03	2.467e-01	4.871e-02 -10.376134872436523	1.0
chr14_92087453_TGATA_T_b38	1	6.85928e-03	2.467e-01	4.871e-02 -10.369084564425314	1.0
chr14_92091455_G_A_b38	1	6.85928e-03	2.467e-01	4.871e-02 -10.35768558739551	1.0
chr14_92084313_C_T_b38	1	6.85928e-03	2.467e-01	4.871e-02 -10.35328483581543	1.0
chr14_92088855_T_C_b38	1	6.85928e-03	2.467e-01	4.871e-02 -10.35875129699707	1.0
chr14_92089323_C_T_b38	1	6.85928e-03	2.467e-01	4.871e-02 -10.369084564425314	1.0
chr14_92091001_C_G_b38	1	6.85928e-03	2.467e-01	4.871e-02 -10.35875129699707	1.0
chr14_92088091_C_T_b38	1	6.85928e-03	2.467e-01	4.871e-02 -10.323575973510742	1.0
chr14_92090694_T_C_b38	1	6.85928e-03	2.467e-01	4.871e-02 -10.35875129699707	1.0
chr14_92095368_C_T_b38	1	6.85928e-03	2.467e-01	4.871e-02 -10.387253761291504	1.0
chr14_92094191_G_C_b38	1	6.85928e-03	2.467e-01	4.871e-02 -10.376578330993652	1.0
chr14_92084985_T_C_b38	1	6.85928e-03	2.467e-01	4.871e-02 -10.355772972106934	1.0
chr14_92086540_G_A_b38	1	6.85928e-03	2.467e-01	4.871e-02 -10.35880184173584	1.0
chr14_92088424_A_G_b38	1	6.85928e-03	2.467e-01	4.871e-02 -10.358851432800293	1.0
chr14_92084800_G_T_b38	1	6.85928e-03	2.467e-01	4.871e-02 -10.355772972106934	1.0
chr14_92087118_A_G_b38	1	6.85928e-03	2.467e-01	4.871e-02 -10.35875129699707	1.0
chr14_92093664_G_A_b38	1	6.85928e-03	2.467e-01	4.871e-02 -10.375536918640137	1.0
chr14_92090191_C_T_b38	1	6.85928e-03	2.467e-01	4.871e-02 -10.35875129699707	1.0
chr14_92089634_G_A_b38	1	6.85928e-03	2.467e-01	4.871e-02 -10.368666648864746	1.0
chr14_92094183_A_G_b38	1	6.85928e-03	2.467e-01	4.871e-02 -10.369084564425314	1.0
chr14_92087362_A_G_b38	1	6.85928e-03	2.467e-01	4.871e-02 -10.35875129699707	1.0
chr14_92095265_G_A_b38	1	6.85928e-03	2.467e-01	4.871e-02 -10.358325004577637	1.0
chr14_92087179_G_A_b38	1	6.85928e-03	2.467e-01	4.871e-02 -10.35875129699707	1.0
chr14_92094520_A_G_b38	1	6.85928e-03	2.467e-01	4.871e-02 -10.375871658325195	1.0
chr14_92084157_C_T_b38	1	6.85928e-03	2.467e-01	4.871e-02 -10.355772972106934	1.0
chr14_92086210_C_A_b38	1	6.85928e-03	2.467e-01	4.871e-02 -10.358553886413574	1.0
chr14_92089119_T_C_b38	1	6.85928e-03	2.467e-01	4.871e-02 -10.35875129699707	1.0
chr14_92091791_T_G_b38	1	6.85928e-03	2.467e-01	4.871e-02 -10.35875129699707	1.0
chr14_92087240_A_G_b38	1	6.85928e-03	2.467e-01	4.871e-02 -10.35875129699707	1.0
chr14_92085718_A_G_b38	1	6.85928e-03	2.467e-01	4.871e-02 -10.355772972106934	1.0
chr14_92090215_G_A_b38	1	6.85928e-03	2.467e-01	4.871e-02 -10.35875129699707	1.0
chr14_92090044_CTGT_C_b38	1	6.85928e-03	2.467e-01	4.871e-02 -10.369084564425314	1.0
chr14_92094599_G_A_b38	1	6.85928e-03	2.467e-01	4.871e-02 -10.38548183441162	1.0
chr14_92091100_C_T_b38	1	6.85928e-03	2.467e-01	4.871e-02 -10.35875129699707	1.0
chr14_92086321_A_AG_b38	1	6.85928e-03	2.467e-01	4.871e-02 -10.369084564425314	1.0
chr14_92054634_G_A_b38	1	5.83210e-03	2.731e-01	5.013e-02 -10.426892280578613	1.0
chr14_92096224_T_C_b38	1	5.40211e-03	2.454e-01	4.905e-02 -10.370475769042967	1.0
chr14_92095069_C_A_b38	1	4.20409e-03	2.407e-01	4.847e-02 -10.38460922241211	1.0
chr14_92065669_T_C_b38	1	3.67983e-03	2.262e-01	4.247e-02 -11.457724571228027	1.0
chr14_92066276_C_T_b38	1	3.67983e-03	2.262e-01	4.247e-02 -11.458791732788086	1.0
chr14_92073710_A_G_b38	1	2.95398e-03	2.481e-01	4.772e-02 -10.328577995300293	1.0
chr14_92068664_T_C_b38	1	2.71215e-03	2.208e-01	4.202e-02 -11.486989974975586	1.0
chr14_92068397_T_C_b38	1	2.71215e-03	2.208e-01	4.202e-02 -11.486989974975586	1.0
chr14_92074691_T_C_b38	1	2.71215e-03	2.208e-01	4.202e-02 -11.48918342590332	1.0
chr14_92071399_G_C_b38	1	2.71215e-03	2.208e-01	4.202e-02 -11.475872993469238	1.0
chr14_92076781_G_A_b38	1	2.71215e-03	2.208e-01	4.202e-02 -11.49093532562256	1.0
chr14_92076001_G_T_b38	1	2.71215e-03	2.208e-01	4.202e-02 -11.485777854919435	1.0
chr14_92083288_C_A_b38	1	2.61139e-03	2.380e-01	4.914e-02 -10.35342788696289	1.0
chr14_92059269_C_T_b38	1	2.47089e-03	2.220e-01	4.240e-02 -11.432689666748047	1.0
chr14_92082552_A_C_b38	1	1.73586e-03	2.330e-01	4.866e-02 -10.352831840515137	1.0
chr14_92082037_A_C_b38	1	1.73586e-03	2.330e-01	4.866e-02 -10.351177215576172	1.0
chr14_92083770_A_G_b38	1	1.73586e-03	2.330e-01	4.866e-02 -10.352831840515137	1.0
chr14_92084052_G_T_b38	1	1.73586e-03	2.330e-01	4.866e-02 -10.352831840515137	1.0
chr14_92044063_G_A_b38	1	1.37537e-03	2.260e-01	4.225e-02 -11.537031173706055	1.0
chr14_92043948_G_A_b38	1	1.37537e-03	2.260e-01	4.225e-02 -11.53770923614502	1.0
chr14_92042665_C_T_b38	1	1.37537e-03	2.260e-01	4.225e-02 -11.54362678527832	1.0
chr14_92031689_A_G_b38	1	1.37537e-03	2.260e-01	4.225e-02 -11.590641975402832	1.0
chr14_92037232_T_C_b38	1	1.37537e-03	2.260e-01	4.225e-02 -11.577136993408205	1.0
chr14_92043001_T_C_b38	1	1.37537e-03	2.260e-01	4.225e-02 -11.54210090637207	1.0
chr14_92045799_A_G_b38	1	1.37537e-03	2.260e-01	4.225e-02 -11.52707290649414	1.0
chr14_92033512_G_A_b38	1	1.37537e-03	2.260e-01	4.225e-02 -11.587442398071287	1.0
chr14_92036141_T_G_b38	1	1.37537e-03	2.260e-01	4.225e-02 -11.587444305419922	1.0
chr14_92043990_T_C_b38	1	1.37537e-03	2.260e-01	4.225e-02 -11.539978981018065	1.0
chr14_92057412_A_AAAC_b38	1	9.19314e-04	2.409e-01	4.983e-02 -10.27162741978992	1.0
chr14_91961994_T_C_b38	1	6.82382e-04	2.309e-01	4.128e-02 -12.517051696777346	1.0
chr14_91961682_T_C_b38	1	6.82382e-04	2.309e-01	4.128e-02 -12.524497985839846	1.0
chr14_91963160_A_G_b38	1	6.82382e-04	2.309e-01	4.128e-02 -12.620912551879885	1.0
chr14_91963434_C_T_b38	1	6.82382e-04	2.309e-01	4.128e-02 -12.620951652526855	1.0
chr14_91962066_G_A_b38	1	6.82382e-04	2.309e-01	4.128e-02 -12.519471168518065	1.0
chr14_91963597_G_A_b38	1	6.82382e-04	2.309e-01	4.128e-02 -12.645888328552244	1.0
chr14_91963420_C_A_b38	1	6.82382e-04	2.309e-01	4.128e-02 -12.620722770690918	1.0
chr14_91963840_A_G_b38	1	6.82382e-04	2.309e-01	4.128e-02 -12.663214683532715	1.0
chr14_91961190_A_T_b38	1	6.82382e-04	2.309e-01	4.128e-02 -12.516938209533693	1.0
chr14_91962999_A_C_b38	1	6.82382e-04	2.309e-01	4.128e-02 -12.619372367858887	1.0
chr14_91964487_G_A_b38	1	6.82382e-04	2.309e-01	4.128e-02 -12.65451431274414	1.0
chr14_91962545_A_G_b38	1	6.82382e-04	2.309e-01	4.128e-02 -12.53335666656494	1.0
chr14_91963819_AT_A_b38	1	6.82382e-04	2.309e-01	4.128e-02 -12.474091315361395	1.0
chr14_91961801_C_CTTCT_b38	1	6.82382e-04	2.309e-01	4.128e-02 -12.474091315361395	1.0
chr14_91962754_C_T_b38	1	6.82382e-04	2.309e-01	4.128e-02 -12.618486404418945	1.0
chr14_91961004_T_C_b38	1	6.82382e-04	2.309e-01	4.128e-02 -12.518427848815918	1.0
chr14_91960878_A_C_b38	1	6.82382e-04	2.309e-01	4.128e-02 -12.518285751342773	1.0
chr14_91962301_G_A_b38	1	6.82382e-04	2.309e-01	4.128e-02 -12.603510856628418	1.0
chr14_91961288_T_C_b38	1	6.82382e-04	2.309e-01	4.128e-02 -12.520475387573242	1.0
chr14_91963048_T_C_b38	1	6.82382e-04	2.309e-01	4.128e-02 -12.474091315361395	1.0
chr14_91961353_A_G_b38	1	6.82382e-04	2.309e-01	4.128e-02 -12.521262168884276	1.0
chr14_91963817_AT_A_b38	1	6.82382e-04	2.309e-01	4.128e-02 -12.474091315361395	1.0
chr14_91961757_C_G_b38	1	6.82382e-04	2.309e-01	4.128e-02 -12.525113105773926	1.0
chr14_91964468_G_GC_b38	1	6.23638e-04	2.302e-01	4.129e-02 -12.21951374077942	1.0
chr14_92106583_G_A_b38	2	2.80628e-01	2.113e-01	6.813e-02 -2.6329047679901123	1.0
chr14_92107411_C_A_b38	2	7.83669e-03	1.521e-01	6.540e-02 -2.5490522384643555	1.0
chr14_92107164_A_G_b38	2	7.83669e-03	1.521e-01	6.540e-02 -2.541859865188598	1.0
chr14_92108710_G_T_b38	2	6.24661e-03	1.640e-01	6.225e-02 -2.435046911239624	1.0
chr14_92108727_C_G_b38	2	6.24661e-03	1.640e-01	6.225e-02 -2.4465181827545166	1.0
chr14_92110420_C_T_b38	2	5.44341e-03	2.154e-01	7.799e-02 -2.2535629272460938	1.0
chr14_92107369_C_T_b38	2	5.17383e-03	1.352e-01	6.469e-02 -2.5594639778137207	1.0
chr14_92108585_G_A_b38	2	4.37913e-03	1.549e-01	6.269e-02 -2.4702227115631104	1.0
chr14_92107649_G_C_b38	2	4.37913e-03	1.549e-01	6.269e-02 -2.463479518890381	1.0
chr14_92107941_G_A_b38	2	4.37913e-03	1.549e-01	6.269e-02 -2.461792469024658	1.0
chr14_92108183_C_G_b38	2	4.37913e-03	1.549e-01	6.269e-02 -2.482274293899536	1.0
chr14_92108779_C_T_b38	2	2.56055e-03	1.487e-01	6.081e-02 -2.4662113189697266	1.0
chr14_92109577_G_C_b38	2	2.43269e-03	1.654e-01	6.234e-02 -2.3868889808654785	1.0
chr14_92110979_C_T_b38	2	2.43269e-03	1.654e-01	6.234e-02 -2.3987414836883545	1.0
chr14_92110162_A_G_b38	2	2.35001e-03	1.592e-01	6.030e-02 -2.398279428482056	1.0
chr14_92109760_A_G_b38	2	7.67680e-04	1.449e-01	6.050e-02 -2.389212846755981	1.0
chr14_92111094_T_C_b38	2	7.67680e-04	1.449e-01	6.050e-02 -2.418375015258789	1.0
chr14_92111613_T_C_b38	2	7.67680e-04	1.449e-01	6.050e-02 -2.4157984256744385	1.0
chr14_92109907_T_C_b38	2	7.67680e-04	1.449e-01	6.050e-02 -2.4092533588409424	1.0
chr14_92110535_A_G_b38	2	7.67680e-04	1.449e-01	6.050e-02 -2.400724172592163	1.0
chr14_92111312_TTACTTTATATACTAC_T_b38	2	7.67680e-04	1.449e-01	6.050e-02 -2.505020053466345	1.0
chr14_92112388_G_A_b38	2	5.68369e-04	1.449e-01	6.050e-02 -2.455646753311157	1.0
chr14_92112097_C_T_b38	2	5.68369e-04	1.449e-01	6.050e-02 -2.4268357753753658	1.0
chr14_92111751_T_A_b38	2	5.68369e-04	1.449e-01	6.050e-02 -2.421401262283325	1.0
chr14_92112665_A_G_b38	2	5.68369e-04	1.449e-01	6.050e-02 -2.4513378143310547	1.0
chr14_92111975_A_C_b38	2	5.68369e-04	1.449e-01	6.050e-02 -2.4240190982818604	1.0
chr14_92112142_A_C_b38	2	5.68369e-04	1.449e-01	6.050e-02 -2.505020053466345	1.0
chr14_92112945_T_C_b38	2	5.68369e-04	1.449e-01	6.050e-02 -2.4274160861968994	1.0
chr14_92111800_C_T_b38	2	5.68369e-04	1.449e-01	6.050e-02 -2.4241878986358643	1.0
chr14_92112871_C_T_b38	2	5.68369e-04	1.449e-01	6.050e-02 -2.424701452255249	1.0
chr14_92105717_T_C_b38	3	4.01750e-03	-1.162e-01	4.706e-02 -4.256012439727783	1.0
chr14_92105635_C_T_b38	3	4.01750e-03	-1.162e-01	4.706e-02 -4.265425682067871	1.0
chr14_92105187_C_T_b38	3	2.66263e-03	-1.209e-01	4.578e-02 -4.259563446044922	1.0
chr14_92101747_G_A_b38	3	1.20830e-03	-1.207e-01	4.579e-02 -4.2556681632995605	1.0
chr14_92102328_T_C_b38	3	1.05641e-03	-1.211e-01	4.575e-02 -4.254125118255615	1.0
chr14_92103364_C_G_b38	3	8.13096e-04	-1.193e-01	4.644e-02 -4.274517059326172	1.0
chr14_92102109_C_T_b38	3	6.67341e-04	-1.165e-01	4.701e-02 -4.252963066101073	1.0
chr14_92103152_AAAC_A_b38	3	6.67341e-04	-1.165e-01	4.701e-02 -3.85963006026274	1.0
chr14_92097806_A_T_b38	3	4.21894e-04	-1.254e-01	4.600e-02 -4.232214450836182	1.0
chr14_92103302_AAATAAG_A_b38	3	3.27283e-04	-1.007e-01	4.582e-02 -2.5898657843232216	1.0
chr14_92102018_T_C_b38	3	3.27283e-04	-1.007e-01	4.582e-02 -2.846765279769897	1.0
chr14_92100639_A_G_b38	3	2.86471e-04	-1.189e-01	4.648e-02 -4.239450454711913	1.0
