chr3_113110550_T_C_b38	1	1.96627e-01	4.335e-01	7.942e-02 7.078154563903809	1.0
chr3_113110595_G_A_b38	1	1.96627e-01	4.335e-01	7.942e-02 7.088467121124268	1.0
chr3_113110314_G_C_b38	1	1.96627e-01	4.335e-01	7.942e-02 7.067592144012451	1.0
chr3_113110073_G_A_b38	1	1.47111e-01	4.732e-01	8.548e-02 5.725645856214267	1.0
chr3_113108538_T_C_b38	1	7.71235e-02	4.224e-01	8.003e-02 7.150918960571289	1.0
chr3_113106065_G_C_b38	1	2.99144e-02	4.459e-01	9.008e-02 6.910547256469728	1.0
chr3_113106318_T_C_b38	1	2.99144e-02	4.459e-01	9.008e-02 6.886862754821777	1.0
chr3_113106726_A_G_b38	1	2.28464e-02	4.050e-01	8.032e-02 7.173404216766357	1.0
chr3_113109431_G_T_b38	1	2.28464e-02	4.050e-01	8.032e-02 7.155947685241699	1.0
chr3_113107834_C_T_b38	1	2.28464e-02	4.050e-01	8.032e-02 7.213791847229004	1.0
chr3_113107406_C_T_b38	1	7.93023e-03	4.214e-01	9.079e-02 6.806450366973878	1.0
chr3_113107815_G_A_b38	1	7.93023e-03	4.214e-01	9.079e-02 6.8367652893066415	1.0
chr3_113107783_G_A_b38	1	7.93023e-03	4.214e-01	9.079e-02 6.838822364807129	1.0
chr3_113107568_A_T_b38	1	7.93023e-03	4.214e-01	9.079e-02 6.798142910003662	1.0
chr3_113106788_G_A_b38	1	7.93023e-03	4.214e-01	9.079e-02 6.8068299293518075	1.0
chr3_113105365_G_A_b38	1	7.71696e-03	4.174e-01	8.999e-02 6.545398235321045	1.0
chr3_113167219_T_C_b38	2	8.02765e-01	-3.356e-01	8.400e-02 2.2208638191223145	1.0
chr3_113161451_TA_T_b38	2	7.22155e-03	2.593e-01	7.817e-02 -1.6891814941194117	1.0
chr3_113167569_A_G_b38	3	7.94513e-02	8.615e-01	3.416e-01 0.0	1.0
chr3_113172297_T_C_b38	4	2.21791e-03	4.342e-01	1.854e-01 2.624394178390503	1.0
chr3_113173088_G_A_b38	4	1.55640e-03	4.351e-01	1.862e-01 2.60201096534729	1.0
chr3_113162513_C_T_b38	4	3.70447e-04	3.173e-01	1.557e-01 2.24475646018982	1.0
