chr19_41386069_C_T_b38	1	5.53275e-02	-2.278e-01	4.931e-02 -11.205397605895996	1.0
chr19_41384098_C_T_b38	1	4.08757e-02	-2.230e-01	4.915e-02 -11.252484321594238	1.0
chr19_41407428_G_C_b38	1	3.49035e-02	-2.400e-01	5.002e-02 -11.445383071899414	1.0
chr19_41383843_T_C_b38	1	3.47931e-02	-2.256e-01	5.017e-02 -10.951093673706056	1.0
chr19_41386364_C_T_b38	1	3.08062e-02	-2.191e-01	4.913e-02 -11.415203094482422	1.0
chr19_41382014_T_C_b38	1	3.06320e-02	-2.217e-01	4.970e-02 -11.004100799560547	1.0
chr19_41382226_C_G_b38	1	2.70829e-02	-2.187e-01	4.942e-02 -11.232213020324707	1.0
chr19_41382601_A_G_b38	1	2.70829e-02	-2.187e-01	4.942e-02 -11.237582206726074	1.0
chr19_41380954_T_C_b38	1	2.70829e-02	-2.187e-01	4.942e-02 -11.04610637157676	1.0
chr19_41380550_T_G_b38	1	2.70829e-02	-2.187e-01	4.942e-02 -11.213116645812988	1.0
chr19_41389166_C_G_b38	1	2.29190e-02	-2.183e-01	4.981e-02 -11.24128246307373	1.0
chr19_41413044_C_A_b38	1	2.15346e-02	-2.316e-01	4.958e-02 -11.587820053100586	1.0
chr19_41379246_C_T_b38	1	2.02585e-02	-2.104e-01	4.845e-02 -11.194613456726074	1.0
chr19_41379316_T_C_b38	1	2.02585e-02	-2.104e-01	4.845e-02 -11.193315505981444	1.0
chr19_41425549_A_AGGCCAGGGCCGG_b38	1	1.80806e-02	-2.369e-01	4.832e-02 -11.050661068625677	1.0
chr19_41404414_C_T_b38	1	1.60166e-02	-2.244e-01	4.886e-02 -11.502582765809514	1.0
chr19_41406902_A_G_b38	1	1.60166e-02	-2.244e-01	4.886e-02 -11.397476196289062	1.0
chr19_41406187_G_C_b38	1	1.60166e-02	-2.244e-01	4.886e-02 -11.39184856414795	1.0
chr19_41406075_T_C_b38	1	1.60166e-02	-2.244e-01	4.886e-02 -11.383163452148438	1.0
chr19_41407362_A_C_b38	1	1.60166e-02	-2.244e-01	4.886e-02 -11.400185585021973	1.0
chr19_41403031_T_A_b38	1	1.60166e-02	-2.244e-01	4.886e-02 -11.177290916442873	1.0
chr19_41406365_C_T_b38	1	1.40467e-02	-2.287e-01	5.016e-02 -11.520045280456545	1.0
chr19_41406850_G_A_b38	1	1.17096e-02	-2.142e-01	4.756e-02 -11.409589767456055	1.0
chr19_41403441_A_G_b38	1	1.17096e-02	-2.142e-01	4.756e-02 -11.446227073669435	1.0
chr19_41405135_C_G_b38	1	1.17096e-02	-2.142e-01	4.756e-02 -11.41169261932373	1.0
chr19_41390757_CCAGA_C_b38	1	9.90829e-03	-2.191e-01	4.913e-02 -11.207634362326116	1.0
chr19_41391769_G_A_b38	1	9.90829e-03	-2.191e-01	4.913e-02 -11.363953590393065	1.0
chr19_41390240_G_A_b38	1	9.90829e-03	-2.191e-01	4.913e-02 -11.371732711791992	1.0
chr19_41411513_G_GC_b38	1	9.27779e-03	-2.163e-01	4.868e-02 -11.502582765809514	1.0
chr19_41414039_A_C_b38	1	9.27779e-03	-2.163e-01	4.868e-02 -11.436212539672852	1.0
chr19_41412253_C_T_b38	1	7.98598e-03	-2.159e-01	4.905e-02 -11.455246925354006	1.0
chr19_41391783_G_A_b38	1	7.57396e-03	-2.132e-01	4.861e-02 -11.249603271484377	1.0
chr19_41408248_C_CCCAGCAT_b38	1	6.89757e-03	-2.063e-01	4.736e-02 -11.496768361182209	1.0
chr19_41394333_A_G_b38	1	6.79363e-03	-2.158e-01	4.951e-02 -11.185517311096193	1.0
chr19_41397315_G_A_b38	1	6.79363e-03	-2.158e-01	4.951e-02 -11.171422958374023	1.0
chr19_41395356_C_T_b38	1	6.79363e-03	-2.158e-01	4.951e-02 -11.187612533569336	1.0
chr19_41396133_G_A_b38	1	6.79363e-03	-2.158e-01	4.951e-02 -11.179615020751953	1.0
chr19_41400365_A_G_b38	1	6.79363e-03	-2.158e-01	4.951e-02 -11.232197761535645	1.0
chr19_41394971_G_T_b38	1	6.79363e-03	-2.158e-01	4.951e-02 -11.188675880432127	1.0
chr19_41398835_GC_G_b38	1	6.79363e-03	-2.158e-01	4.951e-02 -11.228298526330105	1.0
chr19_41398491_A_G_b38	1	6.79363e-03	-2.158e-01	4.951e-02 -11.234622955322266	1.0
chr19_41400531_T_C_b38	1	6.79363e-03	-2.158e-01	4.951e-02 -11.232197761535645	1.0
chr19_41394219_G_A_b38	1	6.79363e-03	-2.158e-01	4.951e-02 -11.185566902160645	1.0
chr19_41400470_T_C_b38	1	6.79363e-03	-2.158e-01	4.951e-02 -11.232481002807617	1.0
chr19_41406345_C_T_b38	1	6.74529e-03	-2.110e-01	4.847e-02 -11.512738227844238	1.0
chr19_41407526_G_T_b38	1	6.74529e-03	-2.110e-01	4.847e-02 -11.538064956665039	1.0
chr19_41402966_G_A_b38	1	6.74529e-03	-2.110e-01	4.847e-02 -11.385071754455565	1.0
chr19_41404712_G_A_b38	1	5.44460e-03	-2.086e-01	4.859e-02 -11.42944622039795	1.0
chr19_41394772_C_T_b38	1	5.23286e-03	-2.063e-01	4.820e-02 -11.214008331298828	1.0
chr19_41399635_C_T_b38	1	5.23286e-03	-2.063e-01	4.820e-02 -11.260931015014648	1.0
chr19_41397766_A_G_b38	1	5.23286e-03	-2.063e-01	4.820e-02 -11.220691680908203	1.0
chr19_41398260_C_T_b38	1	5.23286e-03	-2.063e-01	4.820e-02 -11.27465534210205	1.0
chr19_41396657_GA_G_b38	1	5.15956e-03	-2.137e-01	4.991e-02 -11.421016233547725	1.0
chr19_41396406_C_T_b38	1	5.15956e-03	-2.137e-01	4.991e-02 -11.330611228942873	1.0
chr19_41412104_C_T_b38	1	4.75914e-03	-2.072e-01	4.869e-02 -11.566988945007324	1.0
chr19_41411963_C_T_b38	1	4.75914e-03	-2.072e-01	4.869e-02 -11.571711540222168	1.0
chr19_41433392_C_G_b38	1	4.01222e-03	2.246e-01	4.981e-02 12.014076232910154	1.0
chr19_41436970_A_C_b38	1	3.88168e-03	2.221e-01	4.936e-02 11.724661827087402	1.0
chr19_41438935_A_AT_b38	1	3.88168e-03	2.221e-01	4.936e-02 11.53715622486783	1.0
chr19_41438937_A_T_b38	1	3.88168e-03	2.221e-01	4.936e-02 11.53715622486783	1.0
chr19_41436803_C_G_b38	1	3.88168e-03	2.221e-01	4.936e-02 11.727293014526367	1.0
chr19_41408571_T_C_b38	1	3.66945e-03	-2.034e-01	4.865e-02 -10.127789497375488	1.0
chr19_41416685_T_C_b38	1	3.17259e-03	-2.163e-01	4.868e-02 -11.456183433532715	1.0
chr19_41414549_G_C_b38	1	3.17259e-03	-2.163e-01	4.868e-02 -11.44352912902832	1.0
chr19_41416870_A_C_b38	1	3.17259e-03	-2.163e-01	4.868e-02 -11.466148376464846	1.0
chr19_41414860_T_C_b38	1	3.17259e-03	-2.163e-01	4.868e-02 -11.452474594116213	1.0
chr19_41414535_A_T_b38	1	3.17259e-03	-2.163e-01	4.868e-02 -11.444296836853027	1.0
chr19_41416063_A_C_b38	1	3.17259e-03	-2.163e-01	4.868e-02 -11.465252876281738	1.0
chr19_41415166_C_T_b38	1	3.17259e-03	-2.163e-01	4.868e-02 -11.45341968536377	1.0
chr19_41415675_A_G_b38	1	3.17259e-03	-2.163e-01	4.868e-02 -11.465920448303224	1.0
chr19_41416447_A_G_b38	1	3.17259e-03	-2.163e-01	4.868e-02 -11.45556926727295	1.0
chr19_41417894_T_C_b38	1	3.17259e-03	-2.163e-01	4.868e-02 -11.458477973937988	1.0
chr19_41417409_T_C_b38	1	3.17259e-03	-2.163e-01	4.868e-02 -11.466988563537598	1.0
chr19_41414306_T_C_b38	1	3.17259e-03	-2.163e-01	4.868e-02 -11.45533561706543	1.0
chr19_41394908_C_T_b38	1	3.10947e-03	-2.031e-01	4.916e-02 -11.340021133422852	1.0
chr19_41396456_G_A_b38	1	3.10947e-03	-2.031e-01	4.916e-02 -11.34178638458252	1.0
chr19_41424010_G_C_b38	1	3.08451e-03	-2.233e-01	5.030e-02 -11.616948127746582	1.0
chr19_41412450_C_T_b38	1	3.07347e-03	-2.002e-01	4.851e-02 -11.573551177978516	1.0
chr19_41426179_G_T_b38	1	2.70030e-03	-2.195e-01	4.988e-02 -11.915874481201172	1.0
chr19_41422819_G_A_b38	1	2.57517e-03	-2.189e-01	4.989e-02 -11.465921401977539	1.0
chr19_41427885_TGAG_T_b38	1	2.40246e-03	-2.187e-01	5.008e-02 -11.886136795559526	1.0
chr19_41430703_C_A_b38	1	2.31932e-03	-2.139e-01	4.910e-02 -11.989986419677734	1.0
chr19_41439080_T_A_b38	1	2.29252e-03	2.119e-01	4.870e-02 11.729530334472654	1.0
chr19_41439943_G_T_b38	1	2.29252e-03	2.119e-01	4.870e-02 11.719855308532715	1.0
chr19_41433930_C_T_b38	1	2.29252e-03	2.119e-01	4.870e-02 11.738373756408693	1.0
chr19_41434096_A_G_b38	1	2.29252e-03	2.119e-01	4.870e-02 11.737041473388672	1.0
chr19_41439999_G_C_b38	1	2.29252e-03	2.119e-01	4.870e-02 11.707871437072756	1.0
chr19_41437321_A_G_b38	1	2.29252e-03	2.119e-01	4.870e-02 11.74844455718994	1.0
chr19_41434437_T_G_b38	1	1.88086e-03	2.089e-01	4.862e-02 11.609367370605467	1.0
chr19_41438711_G_T_b38	1	1.88086e-03	2.089e-01	4.862e-02 11.595169067382812	1.0
chr19_41430829_A_G_b38	1	1.79529e-03	-2.093e-01	4.887e-02 -11.845295906066895	1.0
chr19_41426370_T_C_b38	1	1.63067e-03	-2.131e-01	5.005e-02 -11.597739219665527	1.0
chr19_41416146_G_A_b38	1	1.62741e-03	-2.072e-01	4.869e-02 -11.60268783569336	1.0
chr19_41417161_G_A_b38	1	1.62741e-03	-2.072e-01	4.869e-02 -11.617704391479492	1.0
chr19_41424083_G_A_b38	1	1.59687e-03	-2.069e-01	4.870e-02 -11.614214897155762	1.0
chr19_41426215_C_T_b38	1	1.51906e-03	-2.074e-01	4.898e-02 -12.002240180969238	1.0
chr19_41422431_T_C_b38	1	1.39097e-03	-2.077e-01	4.931e-02 -11.484187126159668	1.0
chr19_41420193_T_C_b38	1	1.39097e-03	-2.077e-01	4.931e-02 -11.460264205932615	1.0
chr19_41422860_C_T_b38	1	1.39097e-03	-2.077e-01	4.931e-02 -11.470866203308105	1.0
chr19_41421457_A_AG_b38	1	1.39097e-03	-2.077e-01	4.931e-02 -11.386413541750205	1.0
chr19_41421224_A_G_b38	1	1.39097e-03	-2.077e-01	4.931e-02 -11.468710899353027	1.0
chr19_41422962_G_GC_b38	1	1.39097e-03	-2.077e-01	4.931e-02 -11.381397126461856	1.0
chr19_41422747_C_T_b38	1	1.39097e-03	-2.077e-01	4.931e-02 -11.47114086151123	1.0
chr19_41420933_C_T_b38	1	1.39097e-03	-2.077e-01	4.931e-02 -11.46863079071045	1.0
chr19_41421637_A_AG_b38	1	1.39097e-03	-2.077e-01	4.931e-02 -11.381397126461856	1.0
chr19_41420885_T_C_b38	1	1.39097e-03	-2.077e-01	4.931e-02 -11.464573860168455	1.0
chr19_41423346_T_C_b38	1	1.39097e-03	-2.077e-01	4.931e-02 -11.490479469299315	1.0
chr19_41426707_C_T_b38	1	1.13327e-03	-2.040e-01	4.915e-02 -11.818474769592285	1.0
chr19_41438332_T_C_b38	1	7.72784e-04	1.951e-01	4.835e-02 11.730298042297365	1.0
chr19_41439932_T_A_b38	1	5.91384e-04	1.929e-01	4.878e-02 11.73587703704834	1.0
chr19_41339550_C_T_b38	2	1.57898e-02	-3.410e-01	1.051e-01 -2.702467679977417	1.0
