chr13_114255644_G_A_b38	1	8.64046e-02	-1.447e-01	3.050e-02 -6.7137556076049805	1.0
chr13_114254834_T_G_b38	1	6.87379e-02	-1.442e-01	3.092e-02 -6.709912300109862	1.0
chr13_114254844_G_A_b38	1	6.87379e-02	-1.442e-01	3.092e-02 -6.683978080749513	1.0
chr13_114250102_T_C_b38	1	3.85040e-02	-1.388e-01	2.762e-02 -6.832265377044678	1.0
chr13_114275713_C_A_b38	1	3.51673e-02	-1.405e-01	2.952e-02 -8.175333023071289	1.0
chr13_114249024_G_A_b38	1	2.86956e-02	-1.354e-01	2.731e-02 -6.913730144500732	1.0
chr13_114261987_T_A_b38	1	2.68062e-02	-1.369e-01	2.912e-02 -8.212115287780763	1.0
chr13_114264323_A_G_b38	1	2.68062e-02	-1.369e-01	2.912e-02 -8.20579719543457	1.0
chr13_114263687_G_A_b38	1	2.68062e-02	-1.369e-01	2.912e-02 -8.206542015075684	1.0
chr13_114265239_T_C_b38	1	2.68062e-02	-1.369e-01	2.912e-02 -8.133777618408201	1.0
chr13_114276379_A_C_b38	1	2.64360e-02	-1.335e-01	2.673e-02 -6.1832523345947275	1.0
chr13_114239460_T_C_b38	1	2.19275e-02	-1.342e-01	2.733e-02 -7.000062942504883	1.0
chr13_114236830_G_A_b38	1	1.83495e-02	-1.360e-01	2.951e-02 -8.293829917907715	1.0
chr13_114234363_A_G_b38	1	1.83467e-02	-1.345e-01	2.904e-02 -8.292349815368652	1.0
chr13_114241614_A_G_b38	1	1.57578e-02	-1.340e-01	2.930e-02 -8.274530410766603	1.0
chr13_114241376_T_C_b38	1	1.57578e-02	-1.340e-01	2.930e-02 -8.267294883728027	1.0
chr13_114237993_C_G_b38	1	1.57578e-02	-1.340e-01	2.930e-02 -8.291173934936522	1.0
chr13_114237284_C_A_b38	1	1.57578e-02	-1.340e-01	2.930e-02 -8.293417930603027	1.0
chr13_114234842_T_C_b38	1	1.46371e-02	-1.332e-01	2.924e-02 -8.318470001220701	1.0
chr13_114235244_G_A_b38	1	1.46371e-02	-1.332e-01	2.924e-02 -8.291701316833496	1.0
chr13_114233584_G_C_b38	1	1.44766e-02	-1.332e-01	2.923e-02 -8.298820495605469	1.0
chr13_114234161_A_G_b38	1	1.44766e-02	-1.332e-01	2.923e-02 -8.325231552124022	1.0
chr13_114267253_T_C_b38	1	1.31850e-02	-1.303e-01	2.665e-02 -6.231375217437744	1.0
chr13_114278857_T_C_b38	1	1.31850e-02	-1.303e-01	2.665e-02 -6.264200210571289	1.0
chr13_114239439_C_T_b38	1	1.27598e-02	-1.311e-01	2.729e-02 -6.984793186187744	1.0
chr13_114230676_C_T_b38	1	1.09405e-02	-1.302e-01	2.811e-02 -7.325725555419923	1.0
chr13_114242913_T_C_b38	1	9.44493e-03	-1.318e-01	2.939e-02 -8.28118896484375	1.0
chr13_114248540_A_G_b38	1	9.23244e-03	-1.277e-01	2.670e-02 -6.298391342163086	1.0
chr13_114254466_T_G_b38	1	7.79729e-03	-1.295e-01	2.997e-02 -8.123871803283691	1.0
chr13_114239662_T_C_b38	1	7.44489e-03	-1.264e-01	2.680e-02 -6.406212329864503	1.0
chr13_114253720_CTTT_C_b38	1	7.12014e-03	-1.296e-01	3.153e-02 -6.221141023355128	1.0
chr13_114253991_A_G_b38	1	7.12014e-03	-1.296e-01	3.153e-02 -6.6544928550720215	1.0
chr13_114234990_T_C_b38	1	6.42853e-03	-1.294e-01	2.968e-02 -7.626894993574168	1.0
chr13_114273077_A_AGTTT_b38	1	5.80381e-03	-1.251e-01	2.695e-02 -6.497842572396866	1.0
chr13_114267482_C_CAG_b38	1	5.80381e-03	-1.251e-01	2.695e-02 -6.439286317806583	1.0
chr13_114275850_G_T_b38	1	5.80381e-03	-1.251e-01	2.695e-02 -6.218163013458253	1.0
chr13_114264088_A_T_b38	1	5.78583e-03	-1.292e-01	3.014e-02 -8.144510269165039	1.0
chr13_114247558_A_G_b38	1	5.75059e-03	-1.284e-01	2.986e-02 -8.169154167175293	1.0
chr13_114249688_C_T_b38	1	5.75059e-03	-1.284e-01	2.986e-02 -8.158205032348633	1.0
chr13_114244779_C_T_b38	1	5.30506e-03	1.237e-01	2.692e-02 6.3012757301330575	1.0
chr13_114215881_G_A_b38	1	4.93140e-03	-1.167e-01	2.763e-02 -6.37036657333374	1.0
chr13_114276680_A_G_b38	1	4.67651e-03	-1.276e-01	3.035e-02 -8.143726348876951	1.0
chr13_114277541_T_C_b38	1	4.67651e-03	-1.276e-01	3.035e-02 -8.142480850219728	1.0
chr13_114277266_G_A_b38	1	4.67651e-03	-1.276e-01	3.035e-02 -8.136560440063478	1.0
chr13_114231942_G_A_b38	1	4.63210e-03	-1.234e-01	2.701e-02 -6.413815498352051	1.0
chr13_114241286_T_A_b38	1	4.58048e-03	-1.237e-01	2.710e-02 -6.39720344543457	1.0
chr13_114280100_G_GT_b38	1	4.15362e-03	-1.384e-01	2.902e-02 -8.293870346382759	1.0
chr13_114259923_G_A_b38	1	3.99510e-03	-1.251e-01	2.994e-02 -8.153486251831055	1.0
chr13_114257811_G_T_b38	1	3.99510e-03	-1.251e-01	2.994e-02 -8.14124870300293	1.0
chr13_114241023_C_A_b38	1	3.62097e-03	-1.257e-01	3.046e-02 -8.188044548034668	1.0
chr13_114241457_T_C_b38	1	3.62097e-03	-1.257e-01	3.046e-02 -8.176948547363281	1.0
chr13_114240504_C_G_b38	1	3.15308e-03	-1.247e-01	3.037e-02 -8.211735725402832	1.0
chr13_114247303_C_T_b38	1	3.09317e-03	-1.233e-01	3.005e-02 -8.195435523986816	1.0
chr13_114264303_A_G_b38	1	3.03311e-03	-1.235e-01	3.021e-02 -8.169855117797853	1.0
chr13_114234974_G_GGGCGGC_b38	1	2.86276e-03	-1.247e-01	3.090e-02 -7.796922501535	1.0
chr13_114278740_T_C_b38	1	2.73308e-03	-1.237e-01	3.060e-02 -8.170109748840332	1.0
chr13_114275022_G_A_b38	1	2.73308e-03	-1.237e-01	3.060e-02 -8.173779487609862	1.0
chr13_114278704_TAA_T_b38	1	2.73308e-03	-1.237e-01	3.060e-02 -8.263798988391205	1.0
chr13_114247217_G_T_b38	1	2.43310e-03	-1.214e-01	3.022e-02 -8.198104858398438	1.0
chr13_114242563_A_G_b38	1	2.14894e-03	-1.219e-01	3.073e-02 -8.182621955871582	1.0
chr13_114239049_AT_A_b38	1	2.14894e-03	-1.219e-01	3.073e-02 -8.29394369115321	1.0
chr13_114239080_TGCATCTCTTAAATATGTGTGA_T_b38	1	2.14894e-03	-1.219e-01	3.073e-02 -8.29394369115321	1.0
chr13_114272138_G_A_b38	1	2.06563e-03	-1.187e-01	2.782e-02 -6.191589832305907	1.0
chr13_114234890_C_A_b38	1	2.05432e-03	-1.213e-01	3.069e-02 -8.255132675170897	1.0
chr13_114233320_C_T_b38	1	2.03457e-03	-1.213e-01	3.070e-02 -8.239706993103027	1.0
chr13_114232601_C_T_b38	1	1.97872e-03	-1.204e-01	3.077e-02 -8.207513809204103	1.0
chr13_114292933_T_C_b38	1	1.25498e-03	-1.296e-01	2.977e-02 -7.990248680114746	1.0
chr13_114281989_C_T_b38	1	7.58988e-04	-1.286e-01	2.901e-02 -8.1754981165899	1.0
chr13_114178835_T_C_b38	2	1.16900e-01	-7.759e-02	3.307e-02 -1.047613501548767	1.0
chr13_114179306_T_G_b38	2	9.14778e-02	-7.460e-02	3.322e-02 -1.0617499351501465	1.0
chr13_114180516_C_G_b38	2	1.18504e-02	-7.472e-02	3.369e-02 -1.0231573581695557	1.0
chr13_114180497_T_C_b38	2	1.07401e-02	-7.152e-02	3.267e-02 -1.0160914659500122	1.0
chr13_114174439_G_C_b38	2	8.29190e-03	-7.835e-02	3.331e-02 -1.0568842887878418	1.0
chr13_114181383_A_G_b38	2	7.30950e-03	-6.809e-02	3.356e-02 -1.0536626577377322	1.0
chr13_114181481_C_T_b38	2	6.45142e-03	-6.693e-02	3.346e-02 -0.9739548563957214	1.0
chr13_114173327_A_G_b38	2	4.02775e-03	-8.312e-02	3.284e-02 -1.0406277179718018	1.0
chr13_114182451_C_T_b38	2	3.05691e-03	-6.716e-02	3.185e-02 -0.21892517847754955	1.0
chr13_114173966_T_C_b38	2	2.52835e-03	-8.214e-02	3.244e-02 -1.0495588779449463	1.0
chr13_114198362_C_T_b38	2	2.50458e-03	-9.752e-02	2.997e-02 -2.7277028560638428	1.0
chr13_114180392_G_A_b38	2	2.46829e-03	-5.680e-02	3.143e-02 -0.9805801510810852	1.0
chr13_114194757_A_G_b38	2	2.41750e-03	-9.822e-02	3.000e-02 -2.7134530544281006	1.0
chr13_114157171_T_C_b38	2	2.26590e-03	-8.939e-02	3.135e-02 -1.2171934956101516	1.0
chr13_114163471_G_C_b38	2	1.83062e-03	-8.792e-02	3.181e-02 -1.08597993850708	1.0
chr13_114163104_T_C_b38	2	1.76703e-03	-8.744e-02	3.184e-02 -1.0795216560363772	1.0
chr13_114166267_G_A_b38	2	1.76703e-03	-8.744e-02	3.184e-02 -1.0579789876937866	1.0
chr13_114165480_C_T_b38	2	1.76703e-03	-8.744e-02	3.184e-02 -1.019700288772583	1.0
chr13_114165611_T_G_b38	2	1.71459e-03	-8.725e-02	3.177e-02 -1.0196712017059326	1.0
chr13_114161658_T_C_b38	2	1.65362e-03	-8.532e-02	3.156e-02 -1.0347679853439329	1.0
chr13_114163743_G_A_b38	2	1.64161e-03	-8.652e-02	3.192e-02 -0.995120644569397	1.0
chr13_114164251_C_A_b38	2	1.52973e-03	-8.346e-02	3.138e-02 -1.0548197031021118	1.0
chr13_114159084_G_A_b38	2	1.51322e-03	-8.525e-02	3.184e-02 -1.0899676084518433	1.0
chr13_114195087_T_C_b38	2	1.28838e-03	-9.930e-02	2.822e-02 -2.404994010925293	1.0
chr13_114195864_A_G_b38	2	1.28838e-03	-9.930e-02	2.822e-02 -2.374568223953247	1.0
chr13_114195255_T_C_b38	2	1.28838e-03	-9.930e-02	2.822e-02 -2.3933050632476807	1.0
chr13_114162780_G_T_b38	2	1.27209e-03	-8.266e-02	3.178e-02 -1.0187231302261353	1.0
chr13_114154360_A_G_b38	2	1.08133e-03	-8.077e-02	3.193e-02 -1.357596755027771	1.0
chr13_114159914_A_G_b38	2	1.00222e-03	-8.029e-02	3.216e-02 -1.3207143545150757	1.0
chr13_114172143_A_C_b38	2	5.98404e-04	-5.337e-02	2.417e-02 1.3772194385528564	1.0
chr13_114171819_C_T_b38	2	5.98404e-04	-5.337e-02	2.417e-02 1.3546606302261353	1.0
chr13_114161664_T_G_b38	2	5.33101e-04	-6.999e-02	3.156e-02 -1.0721267461776731	1.0
chr13_114164720_G_A_b38	2	5.17910e-04	-5.874e-02	2.406e-02 1.3998559713363647	1.0
chr13_114163869_A_C_b38	2	3.53823e-04	-8.046e-02	3.143e-02 -0.9801880717277528	1.0
chr13_114166294_C_G_b38	2	1.22246e-04	-5.371e-02	2.443e-02 1.2303731441497805	1.0
chr13_114179266_C_T_b38	3	2.69585e-03	-6.061e-02	5.670e-02 0.5226964354515076	1.0
chr13_114179053_T_C_b38	3	1.29225e-03	-2.824e-02	4.792e-02 0.5969903469085693	1.0
chr13_114178296_C_A_b38	3	5.52679e-04	-6.178e-02	5.995e-02 2.6122283935546875	1.0
chr13_114174281_G_A_b38	3	3.25286e-05	-6.912e-02	6.110e-02 0.4738861620426178	1.0
