chr2_210004705_ATATT_A_b38	1	1.98173e-01	-7.825e-02	1.950e-02 -5.039144507383968	1.0
chr2_209995832_G_C_b38	1	1.55976e-01	-8.386e-02	1.991e-02 -4.275403976440431	1.0
chr2_209986910_T_C_b38	1	1.37830e-01	-8.639e-02	1.985e-02 -4.273834705352783	1.0
chr2_209996377_T_C_b38	1	9.26980e-02	-8.152e-02	2.000e-02 -4.111037731170653	1.0
chr2_210017861_C_T_b38	1	5.17089e-02	-7.977e-02	1.945e-02 -5.334258079528809	1.0
chr2_210017447_A_T_b38	1	3.67457e-02	-7.828e-02	1.951e-02 -5.378154754638672	1.0
chr2_210017089_C_G_b38	1	3.67457e-02	-7.828e-02	1.951e-02 -5.342813014984131	1.0
chr2_210015768_G_A_b38	1	3.67457e-02	-7.828e-02	1.951e-02 -5.378064155578613	1.0
chr2_210001635_CTG_C_b38	1	2.04775e-02	6.314e-02	2.030e-02 4.865415473202964	1.0
chr2_210033986_T_C_b38	1	1.59837e-02	-7.847e-02	1.930e-02 -5.244839668273926	1.0
chr2_209983338_TA_T_b38	1	1.31009e-02	-7.484e-02	2.006e-02 -3.9396046715543007	1.0
chr2_210180758_T_C_b38	1	1.27490e-02	-8.998e-02	1.922e-02 -5.555150985717773	1.0
chr2_210043498_C_T_b38	1	9.12581e-03	-7.669e-02	1.958e-02 -5.3162193298339835	1.0
chr2_210056768_C_T_b38	1	8.17265e-03	-8.012e-02	1.920e-02 -5.484684944152832	1.0
chr2_210077988_G_A_b38	1	8.16481e-03	-8.013e-02	1.919e-02 -5.444795608520508	1.0
chr2_210060179_A_C_b38	1	8.16481e-03	-8.013e-02	1.919e-02 -5.411056995391847	1.0
chr2_210187070_C_T_b38	1	4.14173e-03	-8.508e-02	1.923e-02 -5.556949377326701	1.0
chr2_210245617_G_A_b38	1	4.07503e-03	-8.530e-02	1.930e-02 -5.579796314239502	1.0
chr2_210247712_G_A_b38	1	4.07503e-03	-8.530e-02	1.930e-02 -5.5546746253967285	1.0
chr2_210200152_TG_T_b38	1	2.33164e-03	-8.270e-02	1.932e-02 -5.503606762762917	1.0
chr2_210200156_A_T_b38	1	2.33164e-03	-8.270e-02	1.932e-02 -5.503606762762917	1.0
chr2_210192224_C_T_b38	1	2.31366e-03	-8.253e-02	1.928e-02 -5.654669761657715	1.0
chr2_210022037_G_A_b38	2	1.12853e-01	2.725e-01	7.065e-02 0.0	1.0
chr2_210030668_A_T_b38	2	2.40161e-02	2.616e-01	7.060e-02 0.0	1.0
chr2_210088343_G_A_b38	2	1.01187e-02	-2.561e-01	6.814e-02 0.0	1.0
chr2_210001538_TAGAC_T_b38	2	4.23116e-03	-1.127e-01	7.155e-02 0.0	1.0
chr2_210135188_C_T_b38	2	1.98469e-03	-2.802e-01	7.280e-02 0.0	1.0
chr2_210133109_C_T_b38	2	1.98469e-03	-2.802e-01	7.280e-02 0.0	1.0
chr2_210165745_G_A_b38	2	1.98469e-03	-2.802e-01	7.280e-02 0.0	1.0
chr2_210133559_A_C_b38	2	1.98469e-03	-2.802e-01	7.280e-02 0.0	1.0
chr2_210149269_A_G_b38	2	1.40388e-03	-2.746e-01	7.151e-02 0.0	1.0
chr2_210002122_A_G_b38	3	3.47090e-03	-4.489e-02	4.438e-02 -3.2961463928222656	1.0
chr2_210033689_C_A_b38	3	3.41566e-05	-4.828e-02	3.546e-02 -2.2255037011506342	1.0
