chr11_11964514_T_C_b38	1	6.84951e-01	1.719e-01	3.645e-02 6.528086185455322	1.0
chr11_11979231_T_C_b38	1	6.09273e-02	1.959e-01	4.599e-02 6.042153835296631	1.0
chr11_11949424_T_C_b38	1	5.06319e-02	1.469e-01	3.191e-02 6.247151851654053	1.0
chr11_11975884_C_G_b38	1	4.14210e-02	1.937e-01	4.585e-02 6.305634498596191	1.0
chr11_11968352_T_C_b38	1	2.33859e-02	1.858e-01	4.620e-02 6.272247791290282	1.0
chr11_11967604_C_G_b38	1	2.33047e-02	1.658e-01	4.166e-02 5.9990410804748535	1.0
chr11_11933671_C_T_b38	1	1.68311e-02	1.499e-01	3.513e-02 6.269546508789063	1.0
chr11_11933239_G_A_b38	1	1.68311e-02	1.499e-01	3.513e-02 6.272176742553711	1.0
chr11_11958850_T_C_b38	1	1.12156e-02	1.564e-01	3.727e-02 6.261720657348633	1.0
chr11_11953953_G_A_b38	1	9.97152e-03	1.497e-01	3.549e-02 6.231513023376465	1.0
chr11_11941339_A_ATCT_b38	1	9.97152e-03	1.497e-01	3.549e-02 5.839844898418077	1.0
chr11_11997321_G_T_b38	2	4.52637e-01	-1.964e-01	4.710e-02 -0.9787908792495728	1.0
chr11_11997463_G_A_b38	2	1.62128e-01	-1.827e-01	4.734e-02 -0.8923690915107727	1.0
chr11_11994278_C_T_b38	2	6.88330e-02	-1.781e-01	4.846e-02 -1.3835304975509644	1.0
chr11_12017654_G_A_b38	3	1.29610e-02	1.880e-01	6.770e-02 -0.2273880243301392	1.0
chr11_12029135_G_T_b38	3	2.27069e-03	1.282e-01	5.570e-02 -0.830973744392395	1.0
chr11_12022961_A_C_b38	3	2.26285e-03	1.322e-01	5.751e-02 -0.12422391027212144	1.0
chr11_12026851_T_C_b38	3	1.48254e-03	1.259e-01	6.060e-02 -0.14960786700248718	1.0
chr11_12015358_A_G_b38	3	1.07710e-03	9.638e-02	7.317e-02 -0.2628563940525055	1.0
