chr17_10127866_A_G_b38	1	4.67746e-01	-1.486e-01	2.515e-02 4.8441243171691895	1.0
chr17_10127773_C_T_b38	1	2.25097e-01	-1.465e-01	2.538e-02 4.924962043762207	1.0
chr17_10128325_C_T_b38	1	6.77962e-02	-1.381e-01	2.494e-02 5.440797805786133	1.0
chr17_10128254_T_C_b38	1	4.84797e-02	-1.361e-01	2.488e-02 5.320643901824951	1.0
chr17_10128506_C_A_b38	1	4.59148e-02	-1.383e-01	2.532e-02 5.246327877044678	1.0
chr17_10130362_C_A_b38	1	3.63188e-02	-1.376e-01	2.542e-02 5.234639644622803	1.0
chr17_10124163_G_A_b38	1	3.35455e-02	-1.384e-01	2.565e-02 4.418020248413086	1.0
chr17_10128850_ACCTC_A_b38	1	3.01776e-02	-1.370e-01	2.549e-02 5.2547306173159996	1.0
chr17_10124638_G_A_b38	1	2.97304e-02	-1.314e-01	2.441e-02 4.074874401092528	1.0
chr17_10198907_C_A_b38	2	3.86695e-02	-5.072e-02	2.614e-02 -2.1195602416992188	1.0
chr17_10197988_T_G_b38	2	2.08482e-02	-5.250e-02	2.525e-02 -1.6954190731048584	1.0
chr17_10200454_A_C_b38	2	6.61605e-03	-5.156e-02	2.615e-02 -1.9971120357513428	1.0
chr17_10197403_A_AC_b38	2	4.96207e-03	-4.725e-02	2.613e-02 -1.8676113752584864	1.0
chr17_10198544_C_CG_b38	3	1.49393e-03	-6.438e-02	7.351e-02 1.8569065095738648	1.0
chr17_10198525_G_A_b38	3	1.49393e-03	-6.438e-02	7.351e-02 1.9644289016723635	1.0
chr17_10198853_C_A_b38	3	1.28184e-03	-4.551e-02	7.384e-02 1.976216197013855	1.0
chr17_10199220_A_C_b38	3	5.13571e-04	-6.582e-02	7.313e-02 1.907892346382141	1.0
chr17_10199426_A_C_b38	3	5.13571e-04	-6.582e-02	7.313e-02 2.0268139839172363	1.0
