chr16_8965345_A_G_b38	1	5.16321e-01	-1.457e-01	3.285e-02 -7.444428443908691	1.0
chr16_8965492_G_C_b38	1	9.94176e-02	1.255e-01	3.172e-02 3.897628784179688	1.0
chr16_8882758_C_T_b38	1	4.65381e-02	-1.431e-01	2.926e-02 -6.159243583679199	1.0
chr16_8882731_C_T_b38	1	1.98487e-02	-1.348e-01	2.885e-02 -3.20801329612732	1.0
chr16_8954495_T_C_b38	1	1.85595e-02	-1.340e-01	3.266e-02 -7.347654342651367	1.0
chr16_8914618_G_A_b38	1	9.85430e-03	1.386e-01	3.324e-02 7.51554536819458	1.0
chr16_8922767_C_T_b38	1	9.61550e-03	-1.405e-01	3.373e-02 -7.108458042144775	1.0
chr16_8881200_G_A_b38	1	8.56534e-03	1.287e-01	2.892e-02 3.1696078777313232	1.0
chr16_8921401_T_C_b38	1	7.96231e-03	1.304e-01	3.181e-02 3.874145984649658	1.0
chr16_8916403_ATTTTCTGAATTAGGTC_A_b38	1	7.74706e-03	-1.360e-01	3.320e-02 -6.659241490564217	1.0
chr16_8911210_T_C_b38	1	7.39670e-03	-1.385e-01	3.134e-02 -3.870426416397095	1.0
chr16_8918829_G_A_b38	1	6.69252e-03	1.282e-01	3.166e-02 3.8335475921630864	1.0
chr16_8917926_A_G_b38	1	6.59834e-03	1.282e-01	3.171e-02 4.114917755126953	1.0
chr16_8924808_T_G_b38	1	6.48261e-03	-1.348e-01	3.333e-02 -6.390056610107423	1.0
chr16_8975474_A_G_b38	1	5.66440e-03	-1.224e-01	3.320e-02 -7.0476393699646	1.0
chr16_8920948_T_A_b38	1	5.62985e-03	1.262e-01	3.157e-02 3.836768865585327	1.0
chr16_8964225_C_T_b38	2	1.28343e-02	-4.828e-02	8.244e-02 0.3312058448791504	1.0
chr16_8942360_G_T_b38	2	2.76479e-04	-1.782e-02	8.487e-02 -0.0631294995546341	1.0
chr16_8990308_C_T_b38	2	1.10510e-04	-4.507e-02	8.618e-02 -0.04035424068570137	1.0
