chr4_38665125_G_A_b38	1	4.28143e-01	3.748e-01	5.297e-02 3.562910795211792	1.0
chr4_38664197_G_A_b38	1	1.34862e-01	3.749e-01	5.293e-02 3.5794162750244136	1.0
chr4_38673107_A_T_b38	1	5.97005e-02	3.962e-01	5.534e-02 3.5506348609924316	1.0
chr4_38663521_G_A_b38	1	5.80973e-02	3.751e-01	5.284e-02 3.574982166290283	1.0
chr4_38662878_A_G_b38	1	5.80973e-02	3.751e-01	5.284e-02 3.579208374023437	1.0
chr4_38683420_G_A_b38	1	4.92467e-02	4.057e-01	5.588e-02 3.5112683773040767	1.0
chr4_38662039_T_C_b38	1	4.07655e-02	3.753e-01	5.280e-02 3.57193374633789	1.0
chr4_38661274_G_A_b38	1	4.07655e-02	3.753e-01	5.280e-02 3.5903415679931636	1.0
chr4_38662242_T_C_b38	1	4.07655e-02	3.753e-01	5.280e-02 3.59248948097229	1.0
chr4_38678565_C_T_b38	1	2.86777e-02	3.965e-01	5.530e-02 3.6001880168914795	1.0
chr4_38676402_C_T_b38	1	2.86777e-02	3.965e-01	5.530e-02 3.5884037017822266	1.0
chr4_38675441_A_G_b38	1	2.86777e-02	3.965e-01	5.530e-02 3.5900158882141118	1.0
chr4_38687607_A_G_b38	1	7.75276e-04	3.825e-01	5.763e-02 3.4398593902587886	1.0
chr4_38686307_G_A_b38	1	7.75276e-04	3.825e-01	5.763e-02 3.3884706497192383	1.0
chr4_38684784_G_A_b38	1	7.75276e-04	3.825e-01	5.763e-02 3.53273868560791	1.0
chr4_38688124_T_C_b38	1	7.75276e-04	3.825e-01	5.763e-02 3.445690631866455	1.0
chr4_38675832_A_G_b38	2	1.52429e-01	-3.386e-01	6.467e-02 -6.9572181701660165	1.0
chr4_38681013_C_T_b38	2	1.49351e-01	-3.940e-01	7.513e-02 -6.051211357116699	1.0
chr4_38686300_G_A_b38	2	1.43677e-01	-3.170e-01	6.041e-02 -6.366446971893311	1.0
chr4_38686741_C_T_b38	2	1.36562e-01	-3.217e-01	6.158e-02 -6.328179359436035	1.0
chr4_38664751_AG_A_b38	2	1.24810e-01	-3.166e-01	7.398e-02 -5.860372403663592	1.0
chr4_38688302_T_C_b38	2	1.15369e-01	-3.286e-01	6.359e-02 -6.326573848724365	1.0
chr4_38675674_T_A_b38	2	9.26060e-02	-3.142e-01	6.114e-02 -6.911276340484619	1.0
chr4_38651191_C_G_b38	2	2.39002e-02	-2.855e-01	5.895e-02 -6.774571895599365	1.0
chr4_38658024_T_C_b38	2	1.85010e-02	-2.755e-01	6.061e-02 -6.782265663146973	1.0
chr4_38682572_C_T_b38	2	1.75859e-02	-3.380e-01	7.134e-02 -5.921684741973878	1.0
chr4_38657642_G_T_b38	2	1.19854e-02	-2.662e-01	5.974e-02 -6.802177429199219	1.0
chr4_38688317_C_T_b38	2	3.91789e-03	-3.192e-01	7.080e-02 -4.982179641723633	1.0
chr4_38688428_G_A_b38	2	1.97004e-03	-3.003e-01	6.849e-02 -6.2198920249938965	1.0
chr4_38664590_T_TG_b38	3	6.53849e-02	-2.492e-01	1.270e-01 -1.7302553880329543	1.0
chr4_38649595_G_A_b38	3	1.24826e-03	-3.097e-01	9.963e-02 -1.96149480342865	1.0
chr4_38640998_G_C_b38	3	1.24826e-03	-3.097e-01	9.963e-02 -1.92027485370636	1.0
chr4_38656198_G_A_b38	4	5.30478e-04	-2.460e-01	8.608e-02 -3.506019830703736	1.0
chr4_38669124_TAC_T_b38	4	3.61518e-04	-2.195e-01	8.367e-02 -3.551706300275294	1.0
chr4_38662207_T_C_b38	4	3.23418e-04	-2.201e-01	8.366e-02 -3.5449340343475337	1.0
chr4_38629856_T_C_b38	4	2.59088e-04	-2.774e-01	8.373e-02 -3.91572904586792	1.0
chr4_38629552_C_T_b38	4	2.59088e-04	-2.774e-01	8.373e-02 -3.9153645038604736	1.0
chr4_38624896_G_A_b38	4	2.21482e-04	-2.700e-01	8.296e-02 -3.902563571929932	1.0
chr4_38621801_C_G_b38	4	2.21482e-04	-2.700e-01	8.296e-02 -3.911046743392944	1.0
chr4_38630535_C_A_b38	4	2.21482e-04	-2.700e-01	8.296e-02 -3.8966550827026367	1.0
chr4_38631676_C_T_b38	4	2.21482e-04	-2.700e-01	8.296e-02 -3.911322593688965	1.0
chr4_38626309_T_C_b38	4	2.21482e-04	-2.700e-01	8.296e-02 -3.9073467254638667	1.0
chr4_38628032_C_T_b38	4	2.21482e-04	-2.700e-01	8.296e-02 -3.913244485855103	1.0
chr4_38626854_G_T_b38	4	2.21482e-04	-2.700e-01	8.296e-02 -3.920296907424927	1.0
chr4_38625716_A_G_b38	4	2.21482e-04	-2.700e-01	8.296e-02 -3.90539288520813	1.0
chr4_38628047_TC_T_b38	4	2.21482e-04	-2.700e-01	8.296e-02 -3.934173247055397	1.0
chr4_38618114_A_G_b38	4	1.98603e-04	-2.697e-01	8.303e-02 -3.8137013912200928	1.0
chr4_38619623_A_G_b38	4	1.98603e-04	-2.697e-01	8.303e-02 -3.8140137195587163	1.0
chr4_38642059_C_T_b38	4	1.29560e-04	-2.562e-01	8.934e-02 -3.3909697532653813	1.0
chr4_38650155_G_C_b38	4	1.29560e-04	-2.562e-01	8.934e-02 -3.46718692779541	1.0
chr4_38653658_T_C_b38	4	1.01390e-04	-2.455e-01	8.589e-02 -3.477568387985229	1.0
chr4_38683244_A_C_b38	4	7.12163e-05	-2.211e-01	8.387e-02 -3.255129098892212	1.0
chr4_38674903_C_T_b38	4	4.66124e-05	-2.164e-01	8.392e-02 -3.55307936668396	1.0
chr4_38611087_A_T_b38	4	3.22341e-05	-2.721e-01	8.313e-02 -3.780510902404785	1.0
chr4_38613462_T_C_b38	4	3.22341e-05	-2.721e-01	8.313e-02 -3.783763647079468	1.0
chr4_38611522_T_A_b38	4	3.22341e-05	-2.721e-01	8.313e-02 -3.75334405899048	1.0
chr4_38687421_A_G_b38	4	2.83193e-05	-2.025e-01	8.682e-02 -3.55300235748291	1.0
chr4_38685231_G_A_b38	4	2.83193e-05	-2.025e-01	8.682e-02 -3.539576768875122	1.0
chr4_38624224_C_T_b38	4	2.69914e-05	-2.566e-01	8.978e-02 -3.6120238257765616	1.0
chr4_38620745_G_A_b38	4	2.69914e-05	-2.566e-01	8.978e-02 -3.2965569496154785	1.0
