chr8_119406828_C_CA_b38	1	1.00454e-01	4.687e-01	1.042e-01 -10.423272800791024	1.0
chr8_119416207_G_A_b38	1	8.31371e-02	3.859e-01	1.127e-01 -10.250157356262207	1.0
chr8_119416518_G_A_b38	1	8.31371e-02	3.859e-01	1.127e-01 -10.251005172729492	1.0
chr8_119421004_A_G_b38	1	3.39044e-02	3.911e-01	9.211e-02 -10.383464813232422	1.0
chr8_119421080_A_G_b38	1	2.61430e-02	3.895e-01	9.562e-02 -10.355722427368164	1.0
chr8_119420217_T_G_b38	1	2.61430e-02	3.895e-01	9.562e-02 -10.383996963500977	1.0
chr8_119420485_G_T_b38	1	2.61430e-02	3.895e-01	9.562e-02 -10.385052680969238	1.0
chr8_119420304_G_A_b38	1	2.61430e-02	3.895e-01	9.562e-02 -10.376087188720703	1.0
chr8_119420559_A_G_b38	1	2.61430e-02	3.895e-01	9.562e-02 -10.385052680969238	1.0
chr8_119420506_T_G_b38	1	2.61430e-02	3.895e-01	9.562e-02 -10.385052680969238	1.0
chr8_119421067_G_A_b38	1	2.61430e-02	3.895e-01	9.562e-02 -10.35813045501709	1.0
chr8_119420916_G_T_b38	1	2.61430e-02	3.895e-01	9.562e-02 -10.383708000183104	1.0
chr8_119419724_T_C_b38	1	2.61430e-02	3.895e-01	9.562e-02 -10.392956733703613	1.0
chr8_119421130_T_C_b38	1	1.35499e-02	3.642e-01	7.946e-02 -10.465448379516602	1.0
chr8_119413313_A_AAGT_b38	1	1.06201e-02	3.784e-01	1.047e-01 -10.363245728954695	1.0
chr8_119424635_G_A_b38	1	9.41364e-03	3.690e-01	8.259e-02 -10.465678215026855	1.0
chr8_119424706_C_T_b38	1	9.35803e-03	3.698e-01	8.454e-02 -10.465678215026855	1.0
chr8_119423493_A_G_b38	1	9.35803e-03	3.698e-01	8.454e-02 -10.463804244995117	1.0
chr8_119421736_T_G_b38	1	9.35803e-03	3.698e-01	8.454e-02 -10.465726852416992	1.0
chr8_119425608_G_A_b38	1	9.35803e-03	3.698e-01	8.454e-02 -10.463804244995117	1.0
chr8_119422079_T_C_b38	1	9.35803e-03	3.698e-01	8.454e-02 -10.465726852416992	1.0
chr8_119422039_G_C_b38	1	9.35803e-03	3.698e-01	8.454e-02 -10.465726852416992	1.0
chr8_119424356_C_T_b38	1	9.35803e-03	3.698e-01	8.454e-02 -10.466063499450684	1.0
chr8_119422613_T_C_b38	1	9.35803e-03	3.698e-01	8.454e-02 -10.465726852416992	1.0
chr8_119423465_T_C_b38	1	9.35803e-03	3.698e-01	8.454e-02 -10.463804244995117	1.0
chr8_119421954_A_C_b38	1	9.35803e-03	3.698e-01	8.454e-02 -10.465726852416992	1.0
chr8_119424246_C_T_b38	1	9.35803e-03	3.698e-01	8.454e-02 -10.465726852416992	1.0
chr8_119426001_T_C_b38	1	9.35803e-03	3.698e-01	8.454e-02 -10.463804244995117	1.0
chr8_119426169_C_T_b38	1	9.35803e-03	3.698e-01	8.454e-02 -10.464872360229492	1.0
chr8_119424766_T_G_b38	1	9.35803e-03	3.698e-01	8.454e-02 -10.465678215026855	1.0
chr8_119424742_C_T_b38	1	9.35803e-03	3.698e-01	8.454e-02 -10.427117347717283	1.0
chr8_119422444_C_T_b38	1	9.35803e-03	3.698e-01	8.454e-02 -10.465726852416992	1.0
chr8_119424178_T_C_b38	1	9.35803e-03	3.698e-01	8.454e-02 -10.465678215026855	1.0
chr8_119424163_C_T_b38	1	9.35803e-03	3.698e-01	8.454e-02 -10.465678215026855	1.0
chr8_119421803_T_C_b38	1	9.35803e-03	3.698e-01	8.454e-02 -10.465726852416992	1.0
chr8_119424301_T_C_b38	1	9.35803e-03	3.698e-01	8.454e-02 -10.465678215026855	1.0
chr8_119424522_C_CT_b38	1	9.35803e-03	3.698e-01	8.454e-02 -10.421172770479195	1.0
chr8_119421888_C_T_b38	1	9.35803e-03	3.698e-01	8.454e-02 -10.465726852416992	1.0
chr8_119425002_A_G_b38	1	9.35803e-03	3.698e-01	8.454e-02 -10.463804244995117	1.0
chr8_119421285_C_A_b38	1	8.41826e-03	3.557e-01	8.130e-02 -10.406317710876463	1.0
chr8_119405752_C_T_b38	1	6.76555e-03	3.981e-01	9.698e-02 -10.232711791992188	1.0
chr8_119408594_A_T_b38	1	5.72886e-03	3.742e-01	9.937e-02 -10.237993240356444	1.0
chr8_119410559_T_C_b38	1	5.72886e-03	3.742e-01	9.937e-02 -10.245203971862793	1.0
chr8_119410889_C_T_b38	1	5.72886e-03	3.742e-01	9.937e-02 -10.363245728954695	1.0
chr8_119410999_T_C_b38	1	5.72886e-03	3.742e-01	9.937e-02 -10.24520492553711	1.0
chr8_119409682_G_A_b38	1	5.72886e-03	3.742e-01	9.937e-02 -10.245203018188477	1.0
chr8_119409926_G_A_b38	1	5.72886e-03	3.742e-01	9.937e-02 -10.245538711547852	1.0
chr8_119408293_T_C_b38	1	5.72886e-03	3.742e-01	9.937e-02 -10.24505615234375	1.0
chr8_119408038_C_T_b38	1	5.72886e-03	3.742e-01	9.937e-02 -10.245341300964355	1.0
chr8_119407999_G_A_b38	1	5.72886e-03	3.742e-01	9.937e-02 -10.162388801574707	1.0
chr8_119406942_T_G_b38	1	5.51527e-03	3.735e-01	1.001e-01 -10.27200412750244	1.0
chr8_119433985_A_G_b38	1	4.18446e-03	3.698e-01	8.454e-02 -10.48403549194336	1.0
chr8_119436876_G_C_b38	1	4.18446e-03	3.698e-01	8.454e-02 -10.482765197753906	1.0
chr8_119431515_GC_G_b38	1	4.18446e-03	3.698e-01	8.454e-02 -10.421172770479195	1.0
chr8_119426881_T_C_b38	1	4.18446e-03	3.698e-01	8.454e-02 -10.463804244995117	1.0
chr8_119429245_G_A_b38	1	4.18446e-03	3.698e-01	8.454e-02 -10.463753700256348	1.0
chr8_119427252_C_T_b38	1	4.18446e-03	3.698e-01	8.454e-02 -10.463804244995117	1.0
chr8_119428402_A_T_b38	1	4.18446e-03	3.698e-01	8.454e-02 -10.463804244995117	1.0
chr8_119427899_A_T_b38	1	4.18446e-03	3.698e-01	8.454e-02 -10.463804244995117	1.0
chr8_119440772_G_A_b38	1	4.18446e-03	3.698e-01	8.454e-02 -10.472760200500488	1.0
chr8_119434387_C_T_b38	1	4.18446e-03	3.698e-01	8.454e-02 -10.484131813049316	1.0
chr8_119435832_A_G_b38	1	4.18446e-03	3.698e-01	8.454e-02 -10.48085880279541	1.0
chr8_119430047_G_A_b38	1	4.18446e-03	3.698e-01	8.454e-02 -10.46312141418457	1.0
chr8_119428942_C_G_b38	1	4.18446e-03	3.698e-01	8.454e-02 -10.465341567993164	1.0
chr8_119430573_T_A_b38	1	4.18446e-03	3.698e-01	8.454e-02 -10.460394859313963	1.0
chr8_119435445_T_C_b38	1	4.18446e-03	3.698e-01	8.454e-02 -10.482572555541992	1.0
chr8_119391387_C_T_b38	1	3.64788e-03	3.697e-01	9.271e-02 -10.231799125671387	1.0
chr8_119405450_T_C_b38	1	3.18899e-03	3.735e-01	1.001e-01 -10.243270874023438	1.0
chr8_119399747_G_A_b38	1	3.18899e-03	3.735e-01	1.001e-01 -10.24619960784912	1.0
chr8_119401352_G_C_b38	1	3.18899e-03	3.735e-01	1.001e-01 -10.258915901184082	1.0
chr8_119403138_G_A_b38	1	3.18899e-03	3.735e-01	1.001e-01 -10.24668788909912	1.0
chr8_119397586_C_T_b38	1	3.18899e-03	3.735e-01	1.001e-01 -10.346478462219238	1.0
chr8_119397650_G_C_b38	1	3.18899e-03	3.735e-01	1.001e-01 -10.32491683959961	1.0
chr8_119397237_G_A_b38	1	3.18899e-03	3.735e-01	1.001e-01 -10.30972957611084	1.0
chr8_119397632_G_A_b38	1	3.18899e-03	3.735e-01	1.001e-01 -10.33739185333252	1.0
chr8_119431521_T_C_b38	1	3.04492e-03	3.660e-01	8.530e-02 -10.478887557983398	1.0
chr8_119415616_T_C_b38	1	2.97736e-03	3.112e-01	9.845e-02 -9.663476943969727	1.0
chr8_119415356_C_T_b38	1	2.97736e-03	3.112e-01	9.845e-02 -9.638203620910645	1.0
chr8_119415363_C_G_b38	1	2.97736e-03	3.112e-01	9.845e-02 -9.63169002532959	1.0
chr8_119415408_C_T_b38	1	2.97736e-03	3.112e-01	9.845e-02 -9.665228843688963	1.0
chr8_119417042_G_T_b38	1	2.92958e-03	3.158e-01	1.019e-01 -9.678412437438963	1.0
chr8_119407970_A_G_b38	1	2.17093e-03	3.351e-01	7.715e-02 -10.23996353149414	1.0
chr8_119407293_T_G_b38	1	2.02638e-03	3.327e-01	7.694e-02 -10.246929168701172	1.0
chr8_119388316_G_A_b38	1	1.77400e-03	3.719e-01	8.456e-02 -9.937657356262207	1.0
chr8_119388292_G_A_b38	1	1.77400e-03	3.719e-01	8.456e-02 -9.937849044799805	1.0
chr8_119446688_T_C_b38	1	1.65077e-03	3.698e-01	8.454e-02 -10.47313404083252	1.0
chr8_119444541_A_G_b38	1	1.65077e-03	3.698e-01	8.454e-02 -10.46123218536377	1.0
chr8_119446281_G_A_b38	1	1.65077e-03	3.698e-01	8.454e-02 -10.47922420501709	1.0
chr8_119414433_G_C_b38	1	1.38957e-03	3.112e-01	9.845e-02 -9.663737297058104	1.0
chr8_119414662_T_C_b38	1	1.38957e-03	3.112e-01	9.845e-02 -9.66295051574707	1.0
chr8_119414376_T_A_b38	1	1.38957e-03	3.112e-01	9.845e-02 -9.663737297058104	1.0
chr8_119419785_G_C_b38	1	1.30497e-03	3.206e-01	1.008e-01 -9.794596672058104	1.0
chr8_119399464_A_G_b38	1	1.17167e-03	3.327e-01	7.694e-02 -10.252352714538574	1.0
chr8_119413084_G_A_b38	1	9.34762e-04	2.991e-01	7.610e-02 -9.664432525634766	1.0
chr8_119413464_C_T_b38	1	9.34762e-04	2.991e-01	7.610e-02 -9.66413402557373	1.0
chr8_119413766_T_A_b38	1	9.34762e-04	2.991e-01	7.610e-02 -9.66413402557373	1.0
chr8_119413770_C_T_b38	1	9.34762e-04	2.991e-01	7.610e-02 -9.66413402557373	1.0
chr8_119416784_G_A_b38	2	3.79568e-02	-2.465e-01	1.118e-01 -9.59710693359375	1.0
chr8_119418809_A_C_b38	2	3.18529e-03	-2.587e-01	1.072e-01 -9.804113388061523	1.0
chr8_119409294_T_C_b38	2	2.92356e-03	-2.847e-01	1.093e-01 -9.690680503845217	1.0
chr8_119423572_C_T_b38	2	2.13003e-03	-2.474e-01	1.054e-01 -9.855157852172852	1.0
chr8_119414357_G_A_b38	2	1.40794e-03	-1.587e-01	1.317e-01 -9.693500518798828	1.0
chr8_119412623_T_C_b38	2	1.27838e-03	6.971e-04	2.453e-01 -9.660354614257812	1.0
chr8_119432388_A_C_b38	2	1.20637e-03	-2.607e-01	1.047e-01 -9.882144927978516	1.0
chr8_119437787_T_A_b38	2	9.28806e-04	-2.470e-01	1.052e-01 -9.891975402832033	1.0
chr8_119437773_G_C_b38	2	9.28806e-04	-2.470e-01	1.052e-01 -9.892229080200195	1.0
chr8_119432061_G_A_b38	2	9.28806e-04	-2.470e-01	1.052e-01 -9.880105018615724	1.0
chr8_119437058_G_C_b38	2	9.28806e-04	-2.470e-01	1.052e-01 -9.887959480285645	1.0
chr8_119428576_A_C_b38	2	9.28806e-04	-2.470e-01	1.052e-01 -9.858016967773438	1.0
chr8_119433887_T_C_b38	2	8.92928e-04	-2.481e-01	1.064e-01 -9.88224983215332	1.0
chr8_119451368_A_C_b38	2	7.05381e-04	-2.723e-01	9.405e-02 -9.775582313537598	1.0
chr8_119450019_T_A_b38	2	7.05381e-04	-2.723e-01	9.405e-02 -9.789840698242188	1.0
chr8_119426033_A_G_b38	2	4.05936e-04	-6.335e-03	2.346e-01 -10.16899871826172	1.0
chr8_119423668_A_G_b38	2	4.05936e-04	-6.335e-03	2.346e-01 -10.17270278930664	1.0
chr8_119433302_C_G_b38	2	3.54892e-04	-2.404e-01	1.094e-01 -9.881328582763672	1.0
chr8_119434109_T_A_b38	2	3.54892e-04	-2.404e-01	1.094e-01 -9.881328582763672	1.0
chr8_119442234_C_T_b38	2	2.78316e-04	-2.727e-01	1.066e-01 -9.878350257873537	1.0
chr8_119388929_T_A_b38	2	2.16026e-04	-2.673e-01	1.074e-01 -9.535334587097168	1.0
chr8_119443079_A_G_b38	2	1.84729e-04	-2.527e-01	1.074e-01 -9.87890911102295	1.0
chr8_119444630_T_C_b38	2	1.84729e-04	-2.527e-01	1.074e-01 -9.881203651428224	1.0
chr8_119441845_A_G_b38	2	1.84729e-04	-2.527e-01	1.074e-01 -9.874324798583984	1.0
chr8_119446347_C_T_b38	2	1.84729e-04	-2.527e-01	1.074e-01 -9.868556022644043	1.0
chr8_119383756_A_G_b38	2	1.64890e-04	-2.468e-01	1.050e-01 -9.37625789642334	1.0
chr8_119380762_A_C_b38	2	1.55797e-04	-2.453e-01	1.059e-01 -9.472484588623047	1.0
chr8_119431918_C_T_b38	2	1.33419e-04	-3.547e-02	2.484e-01 -10.10887336730957	1.0
chr8_119439083_T_A_b38	2	1.33419e-04	-3.547e-02	2.484e-01 -10.106305122375488	1.0
chr8_119438365_C_T_b38	2	1.33419e-04	-3.547e-02	2.484e-01 -10.108915328979492	1.0
chr8_119439122_G_C_b38	2	1.33419e-04	-3.547e-02	2.484e-01 -10.107409477233887	1.0
chr8_119437757_A_G_b38	2	1.33419e-04	-3.547e-02	2.484e-01 -10.112788200378418	1.0
chr8_119436424_G_A_b38	2	1.33419e-04	-3.547e-02	2.484e-01 -10.10791301727295	1.0
chr8_119417239_G_C_b38	3	1.94013e-04	-6.004e-02	2.432e-01 0.8900766372680664	1.0
chr8_119417504_C_T_b38	3	9.11511e-05	-2.079e-02	2.280e-01 0.8900643587112427	1.0
