chr4_10051807_C_T_b38	1	6.17345e-02	-3.368e-01	5.735e-02 5.402755737304688	1.0
chr4_10041404_C_A_b38	1	4.25449e-02	-3.433e-01	5.700e-02 5.320679187774658	1.0
chr4_10041218_C_T_b38	1	4.25449e-02	-3.433e-01	5.700e-02 5.2958760261535645	1.0
chr4_10046647_C_T_b38	1	3.43329e-02	-3.262e-01	5.612e-02 5.3421478271484375	1.0
chr4_10047425_T_C_b38	1	3.43329e-02	-3.262e-01	5.612e-02 5.306282997131348	1.0
chr4_10049882_G_A_b38	1	2.80139e-02	-3.277e-01	5.678e-02 5.299722194671631	1.0
chr4_10051337_G_T_b38	1	2.55496e-02	-3.219e-01	5.666e-02 5.3374762535095215	1.0
chr4_10051531_C_G_b38	1	2.38938e-02	-3.146e-01	5.569e-02 4.912058830261231	1.0
chr4_10050512_A_G_b38	1	2.38938e-02	-3.146e-01	5.569e-02 4.9019432067871085	1.0
chr4_9995372_C_T_b38	1	2.15214e-02	-3.456e-01	5.492e-02 5.191168785095215	1.0
chr4_9994227_A_T_b38	1	2.15214e-02	-3.456e-01	5.492e-02 5.195978164672852	1.0
chr4_10018856_C_T_b38	1	1.79239e-02	-3.361e-01	5.580e-02 5.455458164215088	1.0
chr4_10030937_C_T_b38	1	1.72731e-02	-3.282e-01	5.629e-02 5.168899059295653	1.0
chr4_10036004_T_C_b38	1	1.72731e-02	-3.282e-01	5.629e-02 5.317767143249512	1.0
chr4_10035722_T_C_b38	1	1.72731e-02	-3.282e-01	5.629e-02 5.305020809173584	1.0
chr4_10035637_C_A_b38	1	1.72731e-02	-3.282e-01	5.629e-02 5.306612014770508	1.0
chr4_10034882_T_C_b38	1	1.72731e-02	-3.282e-01	5.629e-02 5.325977325439453	1.0
chr4_10034715_A_G_b38	1	1.72731e-02	-3.282e-01	5.629e-02 5.32634973526001	1.0
chr4_10033830_G_A_b38	1	1.72731e-02	-3.282e-01	5.629e-02 5.317976951599121	1.0
chr4_10030940_CTAAAACTAAGAAGT_C_b38	1	1.72731e-02	-3.282e-01	5.629e-02 5.314704120339778	1.0
chr4_10039875_A_C_b38	1	1.60005e-02	-3.262e-01	5.612e-02 5.293498992919922	1.0
chr4_10039480_C_T_b38	1	1.60005e-02	-3.262e-01	5.612e-02 5.291640758514403	1.0
chr4_10037904_C_A_b38	1	1.60005e-02	-3.262e-01	5.612e-02 5.21392822265625	1.0
chr4_10044203_A_G_b38	1	1.60005e-02	-3.262e-01	5.612e-02 5.29419469833374	1.0
chr4_10041291_T_A_b38	1	1.60005e-02	-3.262e-01	5.612e-02 5.2929110527038565	1.0
chr4_10042262_A_C_b38	1	1.60005e-02	-3.262e-01	5.612e-02 5.3006625175476065	1.0
chr4_10034566_C_T_b38	1	1.60005e-02	-3.262e-01	5.612e-02 5.309252262115479	1.0
chr4_10044674_A_G_b38	1	1.60005e-02	-3.262e-01	5.612e-02 5.293668746948242	1.0
chr4_10040536_C_T_b38	1	1.60005e-02	-3.262e-01	5.612e-02 5.295166969299316	1.0
chr4_10019666_G_C_b38	1	1.25139e-02	-3.298e-01	5.545e-02 5.451217651367188	1.0
chr4_10005681_G_T_b38	1	1.07289e-02	-3.385e-01	5.718e-02 5.317461013793945	1.0
chr4_10050048_A_C_b38	1	1.02182e-02	-3.048e-01	5.590e-02 4.9213175773620605	1.0
chr4_10050031_C_T_b38	1	1.02182e-02	-3.048e-01	5.590e-02 4.909319877624512	1.0
chr4_10027105_T_C_b38	1	9.84032e-03	-3.294e-01	5.584e-02 5.463209629058838	1.0
chr4_10027331_T_C_b38	1	9.84032e-03	-3.294e-01	5.584e-02 5.479779243469238	1.0
chr4_10006681_G_A_b38	1	8.66733e-03	-3.262e-01	5.565e-02 4.923146724700928	1.0
chr4_10009721_A_G_b38	1	8.64057e-03	-3.300e-01	5.621e-02 5.430038928985597	1.0
chr4_10029444_G_A_b38	1	8.43099e-03	-3.300e-01	5.626e-02 5.250748157501222	1.0
chr4_10026766_G_A_b38	1	8.43099e-03	-3.300e-01	5.626e-02 5.487327575683594	1.0
chr4_10024956_G_A_b38	1	8.43099e-03	-3.300e-01	5.626e-02 5.515844345092773	1.0
chr4_10020435_T_C_b38	1	8.40818e-03	-3.278e-01	5.589e-02 5.465436458587647	1.0
chr4_10019133_A_G_b38	1	8.40818e-03	-3.278e-01	5.589e-02 5.472086429595947	1.0
chr4_10000571_G_A_b38	1	8.29554e-03	-3.341e-01	5.480e-02 5.216363430023193	1.0
chr4_9996589_A_AGCCTG_b38	1	8.29554e-03	-3.341e-01	5.480e-02 5.189634708449477	1.0
chr4_9997915_A_G_b38	1	8.29554e-03	-3.341e-01	5.480e-02 5.236368179321289	1.0
chr4_10021357_C_T_b38	1	7.11016e-03	-3.282e-01	5.629e-02 5.48671817779541	1.0
chr4_10021824_C_T_b38	1	7.11016e-03	-3.282e-01	5.629e-02 5.480009078979492	1.0
chr4_9995910_C_T_b38	1	6.41500e-03	-3.458e-01	5.716e-02 5.220200061798097	1.0
chr4_9998253_C_T_b38	1	6.41500e-03	-3.458e-01	5.716e-02 5.282142639160156	1.0
chr4_10011839_T_A_b38	1	5.83643e-03	-3.281e-01	5.667e-02 5.459517478942871	1.0
chr4_10011754_G_A_b38	1	5.83643e-03	-3.281e-01	5.667e-02 5.467531681060791	1.0
chr4_10007527_T_A_b38	1	5.23899e-03	-3.219e-01	5.593e-02 4.93597936630249	1.0
chr4_10003119_C_G_b38	1	4.98663e-03	-3.454e-01	5.757e-02 5.289368629455566	1.0
chr4_10015763_G_C_b38	1	4.87612e-03	-3.260e-01	5.668e-02 5.454906463623047	1.0
chr4_10013018_A_T_b38	1	4.87612e-03	-3.260e-01	5.668e-02 5.443122863769531	1.0
chr4_10011578_C_T_b38	1	4.87612e-03	-3.260e-01	5.668e-02 5.464379787445068	1.0
chr4_10015617_G_A_b38	1	4.87612e-03	-3.260e-01	5.668e-02 5.454370498657227	1.0
chr4_10018108_C_T_b38	1	4.87612e-03	-3.260e-01	5.668e-02 5.451542377471924	1.0
chr4_10011667_TAGAC_T_b38	1	4.87612e-03	-3.260e-01	5.668e-02 5.374468998387412	1.0
chr4_10017766_G_A_b38	1	4.87612e-03	-3.260e-01	5.668e-02 5.4567975997924805	1.0
chr4_10017912_C_T_b38	1	4.87612e-03	-3.260e-01	5.668e-02 5.450536727905273	1.0
chr4_10016920_T_C_b38	1	4.87612e-03	-3.260e-01	5.668e-02 5.444890975952148	1.0
chr4_10016004_C_T_b38	1	4.87612e-03	-3.260e-01	5.668e-02 5.44882869720459	1.0
chr4_10017514_C_G_b38	1	4.87612e-03	-3.260e-01	5.668e-02 5.45073127746582	1.0
chr4_10016811_G_A_b38	1	4.87612e-03	-3.260e-01	5.668e-02 5.449779987335205	1.0
chr4_10049191_T_C_b38	1	4.82580e-03	-3.041e-01	5.658e-02 4.894144058227539	1.0
chr4_10046301_G_A_b38	1	4.82580e-03	-3.041e-01	5.658e-02 4.905292987823486	1.0
chr4_10001771_C_G_b38	1	4.12836e-03	-3.432e-01	5.759e-02 5.251787185668945	1.0
chr4_10018940_G_A_b38	1	4.00559e-03	-3.224e-01	5.649e-02 5.456459999084473	1.0
chr4_10008293_G_A_b38	1	3.37989e-03	-3.268e-01	5.760e-02 5.3638834953308105	1.0
chr4_9992148_T_C_b38	1	2.46944e-03	-3.245e-01	5.549e-02 5.139978408813477	1.0
chr4_10031914_C_A_b38	1	2.46589e-03	-3.043e-01	5.638e-02 4.8582763671875	1.0
chr4_10044015_A_ATTT_b38	1	2.22933e-03	-3.040e-01	5.653e-02 4.826354103278871	1.0
chr4_10038565_C_G_b38	1	2.21857e-03	-3.038e-01	5.650e-02 4.846168518066406	1.0
chr4_10043024_A_G_b38	1	2.21857e-03	-3.038e-01	5.650e-02 4.9138503074646	1.0
chr4_10037595_T_TA_b38	1	2.21857e-03	-3.038e-01	5.650e-02 4.849527071373222	1.0
chr4_10033309_T_C_b38	1	2.21857e-03	-3.038e-01	5.650e-02 4.916231155395508	1.0
chr4_10044159_G_A_b38	1	2.21857e-03	-3.038e-01	5.650e-02 4.917634010314941	1.0
chr4_10043160_T_C_b38	1	2.21857e-03	-3.038e-01	5.650e-02 4.915402412414551	1.0
chr4_10043765_C_T_b38	1	2.21857e-03	-3.038e-01	5.650e-02 4.908312797546387	1.0
chr4_10043521_G_A_b38	1	2.21857e-03	-3.038e-01	5.650e-02 4.916656970977783	1.0
chr4_10042558_C_T_b38	1	2.21857e-03	-3.038e-01	5.650e-02 4.917491436004639	1.0
chr4_10037300_G_T_b38	1	2.21857e-03	-3.038e-01	5.650e-02 4.841649532318115	1.0
chr4_10042740_T_C_b38	1	2.21857e-03	-3.038e-01	5.650e-02 4.9127702713012695	1.0
chr4_10000032_T_C_b38	1	2.12736e-03	-3.258e-01	5.599e-02 4.926309108734131	1.0
chr4_10084391_T_C_b38	1	1.78501e-03	-3.239e-01	5.838e-02 4.950431346893311	1.0
chr4_9996355_G_A_b38	1	1.71208e-03	-3.167e-01	5.492e-02 4.697945594787598	1.0
chr4_10012237_C_T_b38	1	1.58722e-03	-3.118e-01	5.660e-02 5.429658889770508	1.0
chr4_10017215_T_C_b38	1	1.38021e-03	-3.106e-01	5.668e-02 5.446413993835449	1.0
chr4_10013022_A_C_b38	1	1.38021e-03	-3.106e-01	5.668e-02 5.43926477432251	1.0
chr4_10016980_C_A_b38	1	1.38021e-03	-3.106e-01	5.668e-02 5.4462761878967285	1.0
chr4_9992959_T_C_b38	1	1.16284e-03	-3.265e-01	5.733e-02 5.120111465454102	1.0
chr4_10015191_T_C_b38	1	1.13296e-03	-3.076e-01	5.662e-02 5.033346652984619	1.0
chr4_10015244_T_C_b38	1	1.13296e-03	-3.076e-01	5.662e-02 5.033375263214111	1.0
chr4_9988704_G_C_b38	1	1.05976e-03	-3.246e-01	5.721e-02 5.099112987518311	1.0
chr4_10023539_T_A_b38	1	9.82627e-04	-3.039e-01	5.628e-02 5.054762363433838	1.0
chr4_10019971_C_T_b38	1	8.94372e-04	-3.034e-01	5.641e-02 5.052918434143066	1.0
chr4_10054458_G_A_b38	2	1.10870e-02	-3.151e-02	1.266e-01 -0.7952898144721985	1.0
chr4_10054231_T_C_b38	2	4.36160e-03	1.418e-02	1.316e-01 -0.8485140204429626	1.0
chr4_10054340_A_C_b38	2	4.36160e-03	1.418e-02	1.316e-01 -0.8418644666671753	1.0
chr4_10054281_T_A_b38	2	4.36160e-03	1.418e-02	1.316e-01 -0.8342987298965454	1.0
chr4_10052992_G_C_b38	2	3.68316e-03	1.457e-01	1.106e-01 -2.1265389919281006	1.0
chr4_10053555_G_T_b38	2	2.02712e-03	3.078e-02	1.347e-01 -0.8390626907348633	1.0
chr4_10056183_A_G_b38	2	1.98203e-03	5.271e-02	1.348e-01 -0.6294670701026917	1.0
chr4_10052810_C_G_b38	2	1.96241e-03	-9.973e-03	1.331e-01 -0.6239498853683472	1.0
chr4_10052713_T_A_b38	2	1.94856e-03	-4.025e-03	1.332e-01 -0.5977393984794617	1.0
chr4_10053000_C_T_b38	2	1.90050e-03	1.385e-02	1.303e-01 -0.8368299007415771	1.0
chr4_10053715_T_C_b38	2	1.90050e-03	1.385e-02	1.303e-01 -0.8304499387741089	1.0
chr4_10053499_T_C_b38	2	1.90050e-03	1.385e-02	1.303e-01 -0.8425571918487549	1.0
chr4_10059360_C_T_b38	2	1.05239e-03	-7.393e-03	1.333e-01 -0.6273400783538818	1.0
chr4_10063200_C_A_b38	2	6.17300e-04	1.472e-02	1.307e-01 -0.7770955562591553	1.0
chr4_10075918_G_C_b38	2	3.08657e-04	5.639e-02	1.233e-01 -0.8454415798187256	1.0
chr4_10076829_G_T_b38	2	3.07850e-04	2.373e-02	1.392e-01 -0.028115479275584217	1.0
chr4_10071411_A_C_b38	2	3.00141e-04	6.921e-03	1.354e-01 -0.6657609343528748	1.0
chr4_10070844_T_C_b38	2	3.00141e-04	6.921e-03	1.354e-01 -0.6416262984275818	1.0
chr4_10072161_G_A_b38	2	2.91140e-04	-3.836e-03	1.275e-01 -0.7889943122863771	1.0
chr4_10097394_T_G_b38	2	1.01130e-04	1.817e-01	1.246e-01 -0.659993052482605	1.0
chr4_10099480_A_C_b38	2	1.01130e-04	1.817e-01	1.246e-01 -0.6169664859771729	1.0
chr4_10095822_G_A_b38	2	3.71000e-05	7.988e-02	1.293e-01 -0.77735435962677	1.0
chr4_10054752_T_C_b38	3	1.96130e-04	-2.277e-01	6.808e-02 2.380549192428589	1.0
