chr19_45805458_A_G_b38	1	2.34293e-01	-1.303e-01	2.216e-02 -6.123737335205077	1.0
chr19_45805657_A_C_b38	1	1.40992e-01	-1.286e-01	2.205e-02 -6.130938053131104	1.0
chr19_45805945_A_C_b38	1	1.40816e-01	-1.286e-01	2.202e-02 -6.149156093597412	1.0
chr19_45799274_A_AGG_b38	1	7.60206e-02	-1.223e-01	2.301e-02 -6.1432100290294365	1.0
chr19_45799116_T_A_b38	1	7.07573e-02	-1.219e-01	2.318e-02 -6.287721157073975	1.0
chr19_45809622_G_A_b38	1	6.38167e-02	-1.256e-01	2.247e-02 -6.1322550773620605	1.0
chr19_45803461_G_C_b38	1	3.66111e-02	-1.268e-01	2.247e-02 -6.2616400718688965	1.0
chr19_45826523_GT_G_b38	1	2.24461e-02	-1.302e-01	2.265e-02 -6.327186397427169	1.0
chr19_45788802_G_T_b38	1	2.05573e-02	-1.156e-01	2.342e-02 -6.155840396881104	1.0
chr19_45811636_A_C_b38	1	1.91751e-02	-1.234e-01	2.348e-02 -6.4446659088134775	1.0
chr19_45863767_C_T_b38	1	1.54418e-02	-1.247e-01	2.204e-02 -6.5623321533203125	1.0
chr19_45798221_C_T_b38	1	1.37538e-02	-1.202e-01	2.185e-02 -6.066431999206543	1.0
chr19_45829584_C_T_b38	1	1.33824e-02	-1.278e-01	2.287e-02 -6.556859493255615	1.0
chr19_45835234_G_A_b38	1	1.33824e-02	-1.278e-01	2.287e-02 -6.529921054840088	1.0
chr19_45823908_G_A_b38	1	1.33824e-02	-1.278e-01	2.287e-02 -6.509688377380371	1.0
chr19_45832253_C_T_b38	1	1.33824e-02	-1.278e-01	2.287e-02 -6.538644790649414	1.0
chr19_45822225_T_C_b38	1	1.33824e-02	-1.278e-01	2.287e-02 -6.516972064971924	1.0
chr19_45821622_C_T_b38	1	1.19128e-02	-1.265e-01	2.330e-02 -6.456734657287598	1.0
chr19_45839627_G_A_b38	1	9.47878e-03	-1.255e-01	2.318e-02 -6.6834778785705575	1.0
chr19_45830954_GGTGT_G_b38	1	7.57164e-03	-1.236e-01	2.321e-02 -6.328335444372871	1.0
chr19_45798413_G_A_b38	1	7.45304e-03	-1.153e-01	2.311e-02 -6.121812343597412	1.0
chr19_45786245_C_T_b38	1	5.45271e-03	-1.141e-01	2.320e-02 -6.1415748596191415	1.0
chr19_45787564_C_T_b38	1	5.45271e-03	-1.141e-01	2.320e-02 -6.1344871520996085	1.0
chr19_45782104_G_GC_b38	1	3.85088e-03	-1.163e-01	2.367e-02 -6.3848649107527224	1.0
chr19_45847117_A_C_b38	1	3.14665e-03	-1.255e-01	2.318e-02 -6.5641822814941415	1.0
chr19_45779632_A_T_b38	1	2.85288e-03	-1.141e-01	2.320e-02 -6.187879085540772	1.0
chr19_45765644_C_T_b38	1	1.68296e-03	-1.246e-01	1.907e-02 -6.444089889526367	1.0
chr19_45876389_C_T_b38	2	2.77489e-01	-9.719e-02	2.170e-02 -2.4490959644317627	1.0
chr19_45877352_G_A_b38	2	2.61562e-02	-9.467e-02	2.393e-02 -1.939091205596924	1.0
chr19_45879487_T_C_b38	2	2.61562e-02	-9.467e-02	2.393e-02 -1.8889439105987549	1.0
chr19_45887022_T_C_b38	2	5.36022e-03	-7.789e-02	2.181e-02 -1.351338267326355	1.0
chr19_45886622_C_T_b38	2	5.36022e-03	-7.789e-02	2.181e-02 -1.355780839920044	1.0
chr19_45886251_TG_T_b38	2	5.36022e-03	-7.789e-02	2.181e-02 -1.2777193373965834	1.0
chr19_45884245_T_C_b38	2	2.34406e-03	-7.453e-02	2.175e-02 -1.1773171424865725	1.0
chr19_45788765_CA_C_b38	3	5.07659e-02	7.554e-02	2.346e-02 5.092613719453488	1.0
chr19_45835471_T_C_b38	3	4.25217e-03	-7.751e-02	2.402e-02 -4.904867172241211	1.0
chr19_45788414_C_A_b38	3	3.29143e-03	5.624e-02	2.307e-02 4.915420055389403	1.0
chr19_45747956_CAG_C_b38	3	2.61643e-03	7.465e-02	2.423e-02 5.149612479143999	1.0
chr19_45783456_A_C_b38	3	1.73550e-03	5.600e-02	2.313e-02 4.835638046264648	1.0
chr19_45764195_G_T_b38	3	1.50039e-03	7.106e-02	2.370e-02 4.723071098327637	1.0
chr19_45801142_G_A_b38	3	1.44212e-03	5.254e-02	2.297e-02 5.269602298736572	1.0
chr19_45814335_T_G_b38	3	1.18884e-03	5.956e-02	2.307e-02 5.043362617492676	1.0
chr19_45813935_C_T_b38	3	8.50794e-04	5.757e-02	2.200e-02 4.811902046203613	1.0
chr19_45863948_T_C_b38	3	7.13986e-04	-7.900e-02	2.601e-02 -4.902097225189209	1.0
chr19_45803646_C_T_b38	3	6.73959e-04	5.865e-02	2.502e-02 5.352782726287842	1.0
chr19_45801327_G_T_b38	3	3.90283e-04	6.805e-02	3.607e-02 5.8622660636901855	1.0
chr19_45810500_G_C_b38	3	2.44892e-04	5.720e-02	2.471e-02 5.2230305671691895	1.0
chr19_45808162_C_T_b38	3	2.09460e-04	5.615e-02	2.522e-02 5.1360368728637695	1.0
chr19_45792972_A_T_b38	4	7.80563e-03	1.063e-01	3.108e-02 6.2344746589660645	1.0
chr19_45798198_A_C_b38	4	1.24510e-03	-1.128e-01	1.839e-02 -5.964959144592285	1.0
chr19_45791252_G_A_b38	4	1.17387e-03	1.089e-01	2.237e-02 6.190332889556885	1.0
chr19_45745149_G_A_b38	4	6.28657e-04	1.175e-01	1.850e-02 6.158015251159668	1.0
chr19_45771714_A_C_b38	4	6.15700e-04	1.141e-01	1.855e-02 6.249283313751222	1.0
chr19_45759028_C_A_b38	4	5.30307e-04	-1.215e-01	1.921e-02 -6.216880798339844	1.0
chr19_45789001_G_A_b38	4	4.16249e-04	1.086e-01	1.864e-02 6.196839809417725	1.0
chr19_45767919_G_T_b38	4	3.84422e-04	1.132e-01	1.868e-02 6.152237415313722	1.0
chr19_45772798_C_A_b38	4	2.83210e-04	1.123e-01	1.870e-02 6.168408393859862	1.0
chr19_45774030_C_A_b38	4	2.49362e-04	1.113e-01	1.861e-02 6.160927295684815	1.0
chr19_45781262_G_A_b38	4	2.49362e-04	1.113e-01	1.861e-02 6.13335657119751	1.0
chr19_45761789_A_ATCCAGC_b38	4	1.91051e-04	1.148e-01	1.872e-02 6.18786819074533	1.0
chr19_45778487_A_G_b38	4	1.13071e-04	1.086e-01	1.864e-02 6.213103294372559	1.0
chr19_45770913_A_C_b38	4	1.13071e-04	1.086e-01	1.864e-02 6.218973636627197	1.0
chr19_45744383_A_G_b38	4	1.09403e-04	1.132e-01	1.877e-02 6.134297847747803	1.0
chr19_45757117_C_T_b38	4	8.47907e-05	1.113e-01	1.861e-02 6.200133323669434	1.0
chr19_45757989_G_A_b38	4	8.47907e-05	1.113e-01	1.861e-02 6.208056926727295	1.0
chr19_45758504_A_G_b38	4	8.47907e-05	1.113e-01	1.861e-02 6.201167583465576	1.0
chr19_45758724_C_T_b38	4	8.47907e-05	1.113e-01	1.861e-02 6.207977294921875	1.0
chr19_45761771_C_T_b38	4	8.47907e-05	1.113e-01	1.861e-02 6.2007808685302725	1.0
chr19_45756987_G_A_b38	4	8.47907e-05	1.113e-01	1.861e-02 6.209259510040282	1.0
chr19_45751817_G_A_b38	4	7.90537e-05	1.113e-01	1.866e-02 6.175978183746338	1.0
chr19_45754766_A_G_b38	4	7.90537e-05	1.113e-01	1.866e-02 6.192464828491211	1.0
chr19_45743446_C_T_b38	4	7.78846e-05	1.119e-01	1.877e-02 6.14705228805542	1.0
chr19_45783942_C_G_b38	4	7.65252e-05	1.038e-01	1.855e-02 6.1232991218566895	1.0
chr19_45748104_G_A_b38	4	6.04841e-05	1.101e-01	1.861e-02 6.270229855392864	1.0
chr19_45748202_T_C_b38	4	3.94087e-05	1.093e-01	1.874e-02 6.166229248046875	1.0
chr19_45755735_G_T_b38	4	3.84476e-05	1.086e-01	1.864e-02 6.2698187828063965	1.0
chr19_45757490_T_C_b38	4	3.84476e-05	1.086e-01	1.864e-02 6.2691383361816415	1.0
chr19_45754100_A_C_b38	4	3.79274e-05	1.090e-01	1.872e-02 6.2611589431762695	1.0
chr19_45754044_A_ACATCT_b38	4	3.79274e-05	1.090e-01	1.872e-02 6.269736732026937	1.0
chr19_45781076_T_G_b38	4	3.49223e-05	1.038e-01	1.855e-02 6.126556396484375	1.0
chr19_45751881_C_T_b38	4	1.10299e-05	1.037e-01	1.860e-02 6.175504684448242	1.0
