chr4_165360739_A_G_b38	1	1.57948e-01	2.245e-01	4.673e-02 0.8552482128143309	1.0
chr4_165360957_G_T_b38	1	1.57948e-01	2.245e-01	4.673e-02 0.8572868108749391	1.0
chr4_165361531_G_C_b38	1	1.46974e-01	2.233e-01	4.510e-02 0.8039568662643433	1.0
chr4_165361565_C_T_b38	1	1.46974e-01	2.233e-01	4.510e-02 0.8444554805755615	1.0
chr4_165361552_G_A_b38	1	1.46974e-01	2.233e-01	4.510e-02 0.8143579959869385	1.0
chr4_165360268_G_A_b38	1	7.94044e-02	2.282e-01	3.934e-02 0.8593868613243103	1.0
chr4_165360349_C_A_b38	1	5.42105e-02	2.267e-01	3.951e-02 0.8031478524208069	1.0
chr4_165360477_T_G_b38	1	5.42105e-02	2.267e-01	3.951e-02 0.8927765488624573	1.0
chr4_165360007_C_T_b38	1	5.10100e-02	2.326e-01	3.972e-02 0.823248028755188	1.0
chr4_165363206_A_C_b38	1	1.72879e-03	2.157e-01	3.850e-02 0.7947320342063904	1.0
chr4_165365501_G_T_b38	1	4.93448e-04	2.156e-01	3.830e-02 0.8492487668991089	1.0
chr4_165365842_G_T_b38	1	4.93448e-04	2.156e-01	3.830e-02 0.862746000289917	1.0
chr4_165364037_G_A_b38	1	4.74319e-04	2.168e-01	3.832e-02 0.8035885691642761	1.0
chr4_165362840_T_C_b38	1	3.62719e-04	2.117e-01	3.845e-02 0.8070601224899292	1.0
chr4_165367770_A_T_b38	1	2.14692e-04	2.245e-01	3.948e-02 0.8675910830497742	1.0
chr4_165435669_T_C_b38	2	1.92184e-02	1.554e-01	2.602e-02 2.803868532180786	1.0
chr4_165424406_CTT_C_b38	2	1.56770e-02	1.607e-01	2.725e-02 3.4890255252695423	1.0
chr4_165437400_T_C_b38	2	1.53252e-02	1.567e-01	2.619e-02 2.6624431610107417	1.0
chr4_165438514_C_T_b38	2	1.53252e-02	1.567e-01	2.619e-02 2.6602296829223637	1.0
chr4_165437809_A_T_b38	2	1.53252e-02	1.567e-01	2.619e-02 2.665696144104004	1.0
chr4_165438477_T_C_b38	2	1.53252e-02	1.567e-01	2.619e-02 2.6142969131469727	1.0
chr4_165437727_A_G_b38	2	1.53252e-02	1.567e-01	2.619e-02 2.666344404220581	1.0
chr4_165437380_A_G_b38	2	1.53252e-02	1.567e-01	2.619e-02 2.6624431610107417	1.0
chr4_165437741_T_C_b38	2	1.53252e-02	1.567e-01	2.619e-02 2.6672329902648926	1.0
chr4_165439296_AT_A_b38	2	1.52255e-02	1.567e-01	2.621e-02 2.8177596926737887	1.0
chr4_165437307_C_T_b38	2	1.42656e-02	1.575e-01	2.652e-02 1.9556392431259155	1.0
chr4_165431334_T_A_b38	2	1.23302e-02	1.468e-01	2.528e-02 3.5354979038238525	1.0
chr4_165431351_G_A_b38	2	1.22167e-02	1.468e-01	2.528e-02 3.540410041809082	1.0
chr4_165417417_A_G_b38	2	1.20190e-02	1.570e-01	2.655e-02 4.118753910064696	1.0
chr4_165417864_G_A_b38	2	1.01742e-02	1.588e-01	2.699e-02 4.0771026611328125	1.0
chr4_165425344_A_AC_b38	2	9.54927e-03	1.621e-01	2.758e-02 3.629911074586608	1.0
chr4_165426686_T_C_b38	2	6.88922e-03	1.563e-01	2.698e-02 3.815617433938266	1.0
chr4_165417740_G_C_b38	2	6.12990e-03	1.565e-01	2.662e-02 4.120333194732666	1.0
chr4_165417930_T_C_b38	2	6.12990e-03	1.565e-01	2.662e-02 4.110377311706543	1.0
chr4_165423001_A_G_b38	2	5.47833e-03	1.547e-01	2.683e-02 3.8036802039715694	1.0
chr4_165417814_T_A_b38	2	5.47586e-03	1.578e-01	2.670e-02 4.109623908996582	1.0
chr4_165421735_A_C_b38	2	5.01717e-03	1.550e-01	2.634e-02 3.892821073532105	1.0
chr4_165421661_T_TCTTA_b38	2	5.01717e-03	1.550e-01	2.634e-02 3.847579781390351	1.0
chr4_165419773_A_G_b38	2	5.01717e-03	1.550e-01	2.634e-02 3.8945508003234863	1.0
chr4_165418022_T_G_b38	2	5.01717e-03	1.550e-01	2.634e-02 3.8905880451202393	1.0
chr4_165419807_A_C_b38	2	5.01717e-03	1.550e-01	2.634e-02 3.891623258590698	1.0
chr4_165419872_T_G_b38	2	5.01717e-03	1.550e-01	2.634e-02 3.891837120056152	1.0
chr4_165419491_A_T_b38	2	5.01717e-03	1.550e-01	2.634e-02 3.891702175140381	1.0
chr4_165420192_A_G_b38	2	5.01717e-03	1.550e-01	2.634e-02 3.891623258590698	1.0
chr4_165428905_A_G_b38	2	4.44974e-03	1.557e-01	2.655e-02 3.895912170410156	1.0
chr4_165430202_C_T_b38	2	4.44974e-03	1.557e-01	2.655e-02 3.847579781390351	1.0
chr4_165426558_C_CTTTCAG_b38	2	4.44974e-03	1.557e-01	2.655e-02 3.847579781390351	1.0
chr4_165426910_C_T_b38	2	4.44974e-03	1.557e-01	2.655e-02 3.890046834945679	1.0
chr4_165424077_G_T_b38	2	4.44974e-03	1.557e-01	2.655e-02 3.847579781390351	1.0
chr4_165428576_G_A_b38	2	4.44974e-03	1.557e-01	2.655e-02 3.894962310791016	1.0
chr4_165418692_T_A_b38	2	4.44974e-03	1.557e-01	2.655e-02 3.8826115131378174	1.0
chr4_165429076_C_T_b38	2	4.44974e-03	1.557e-01	2.655e-02 3.887072086334229	1.0
chr4_165425252_G_A_b38	2	4.44974e-03	1.557e-01	2.655e-02 3.89026951789856	1.0
chr4_165419035_G_A_b38	2	4.44974e-03	1.557e-01	2.655e-02 3.8919596672058105	1.0
chr4_165425744_G_C_b38	2	4.44974e-03	1.557e-01	2.655e-02 3.8926262855529785	1.0
chr4_165430160_C_T_b38	2	4.44974e-03	1.557e-01	2.655e-02 3.874392986297608	1.0
chr4_165422812_T_C_b38	2	4.44974e-03	1.557e-01	2.655e-02 3.847579781390351	1.0
chr4_165426375_A_G_b38	2	4.44974e-03	1.557e-01	2.655e-02 3.889687776565552	1.0
chr4_165430276_T_C_b38	2	4.44974e-03	1.557e-01	2.655e-02 3.8680515289306636	1.0
chr4_165431105_A_G_b38	2	4.44974e-03	1.557e-01	2.655e-02 3.874053955078125	1.0
chr4_165428650_CA_C_b38	2	4.44974e-03	1.557e-01	2.655e-02 3.847579781390351	1.0
chr4_165428079_C_G_b38	2	4.44974e-03	1.557e-01	2.655e-02 3.900448799133301	1.0
chr4_165430149_T_C_b38	2	4.44974e-03	1.557e-01	2.655e-02 3.8743402957916264	1.0
chr4_165427014_G_A_b38	2	4.44974e-03	1.557e-01	2.655e-02 3.8890171051025386	1.0
chr4_165422752_T_C_b38	2	4.44974e-03	1.557e-01	2.655e-02 3.847579781390351	1.0
chr4_165425714_G_C_b38	2	4.44974e-03	1.557e-01	2.655e-02 3.8896105289459233	1.0
chr4_165429852_CT_C_b38	2	4.44974e-03	1.557e-01	2.655e-02 3.847579781390351	1.0
chr4_165428538_T_C_b38	2	4.44974e-03	1.557e-01	2.655e-02 3.894962310791016	1.0
chr4_165430462_T_TGA_b38	2	4.44974e-03	1.557e-01	2.655e-02 3.847579781390351	1.0
chr4_165429717_A_G_b38	2	4.44974e-03	1.557e-01	2.655e-02 3.896458625793457	1.0
chr4_165430377_T_C_b38	2	4.44974e-03	1.557e-01	2.655e-02 3.873675346374512	1.0
chr4_165428848_G_C_b38	2	4.44974e-03	1.557e-01	2.655e-02 3.8959233760833736	1.0
chr4_165425350_T_C_b38	2	4.44974e-03	1.557e-01	2.655e-02 3.847579781390351	1.0
chr4_165429028_G_C_b38	2	4.44974e-03	1.557e-01	2.655e-02 3.883200645446777	1.0
chr4_165424776_C_A_b38	2	4.44974e-03	1.557e-01	2.655e-02 3.847579781390351	1.0
chr4_165424067_TTTGA_T_b38	2	4.44974e-03	1.557e-01	2.655e-02 3.847579781390351	1.0
chr4_165420767_C_T_b38	2	4.44974e-03	1.557e-01	2.655e-02 3.893166542053223	1.0
chr4_165423553_T_C_b38	2	4.44974e-03	1.557e-01	2.655e-02 3.891110181808472	1.0
chr4_165429695_C_T_b38	2	4.44974e-03	1.557e-01	2.655e-02 3.847579781390351	1.0
chr4_165422715_G_C_b38	2	4.44974e-03	1.557e-01	2.655e-02 3.8904011249542236	1.0
chr4_165430463_ATT_A_b38	2	4.44974e-03	1.557e-01	2.655e-02 3.847579781390351	1.0
chr4_165426968_C_T_b38	2	4.44974e-03	1.557e-01	2.655e-02 3.8888034820556636	1.0
chr4_165420988_A_T_b38	2	4.44974e-03	1.557e-01	2.655e-02 3.8938071727752686	1.0
chr4_165418360_TAA_T_b38	2	4.44974e-03	1.557e-01	2.655e-02 3.847579781390351	1.0
chr4_165429365_A_G_b38	2	4.44974e-03	1.557e-01	2.655e-02 3.847579781390351	1.0
chr4_165427158_A_G_b38	2	4.44974e-03	1.557e-01	2.655e-02 3.854549646377564	1.0
chr4_165425157_T_C_b38	2	4.44974e-03	1.557e-01	2.655e-02 3.892166614532471	1.0
chr4_165425573_T_G_b38	2	4.44974e-03	1.557e-01	2.655e-02 3.847579781390351	1.0
chr4_165427245_A_C_b38	2	4.44974e-03	1.557e-01	2.655e-02 3.888301372528076	1.0
chr4_165429473_C_T_b38	2	4.44974e-03	1.557e-01	2.655e-02 3.9055380821228023	1.0
chr4_165423556_T_C_b38	2	4.44974e-03	1.557e-01	2.655e-02 3.891289949417114	1.0
chr4_165428420_C_T_b38	2	4.44974e-03	1.557e-01	2.655e-02 3.89659595489502	1.0
chr4_165424671_T_C_b38	2	4.44974e-03	1.557e-01	2.655e-02 3.8707342451124336	1.0
chr4_165428958_C_T_b38	2	4.44974e-03	1.557e-01	2.655e-02 3.895912170410156	1.0
chr4_165418172_G_A_b38	2	4.44974e-03	1.557e-01	2.655e-02 3.894517660140991	1.0
chr4_165428280_G_A_b38	2	4.44974e-03	1.557e-01	2.655e-02 3.8956477642059326	1.0
chr4_165429776_C_T_b38	2	4.44974e-03	1.557e-01	2.655e-02 3.896677255630493	1.0
chr4_165429529_C_T_b38	2	4.44974e-03	1.557e-01	2.655e-02 3.8904142379760738	1.0
chr4_165426207_T_A_b38	2	4.44974e-03	1.557e-01	2.655e-02 3.8901097774505615	1.0
chr4_165426732_G_T_b38	2	4.44974e-03	1.557e-01	2.655e-02 3.847579781390351	1.0
chr4_165428655_C_G_b38	2	4.44974e-03	1.557e-01	2.655e-02 3.847579781390351	1.0
chr4_165425719_C_T_b38	2	4.44974e-03	1.557e-01	2.655e-02 3.8881735801696777	1.0
chr4_165425117_A_G_b38	2	4.44974e-03	1.557e-01	2.655e-02 3.892203330993652	1.0
chr4_165423058_A_G_b38	2	4.44974e-03	1.557e-01	2.655e-02 3.885369539260864	1.0
chr4_165429657_G_C_b38	2	4.44974e-03	1.557e-01	2.655e-02 3.847579781390351	1.0
chr4_165429371_C_T_b38	2	4.44974e-03	1.557e-01	2.655e-02 3.847579781390351	1.0
chr4_165429839_T_C_b38	2	4.44974e-03	1.557e-01	2.655e-02 3.8964633941650386	1.0
chr4_165424787_G_T_b38	2	4.44974e-03	1.557e-01	2.655e-02 3.847579781390351	1.0
chr4_165430608_A_C_b38	2	4.44974e-03	1.557e-01	2.655e-02 3.847579781390351	1.0
chr4_165429078_C_A_b38	2	4.44974e-03	1.557e-01	2.655e-02 3.889881849288941	1.0
chr4_165418719_A_G_b38	2	4.44974e-03	1.557e-01	2.655e-02 3.8913984298706055	1.0
chr4_165429248_A_G_b38	2	4.44974e-03	1.557e-01	2.655e-02 3.919696807861328	1.0
chr4_165423395_T_C_b38	2	4.44974e-03	1.557e-01	2.655e-02 3.90764594078064	1.0
chr4_165429523_T_C_b38	2	4.44974e-03	1.557e-01	2.655e-02 3.8954074382781982	1.0
chr4_165422680_G_A_b38	2	4.44974e-03	1.557e-01	2.655e-02 3.89301347732544	1.0
chr4_165427189_G_GC_b38	2	4.44974e-03	1.557e-01	2.655e-02 3.847579781390351	1.0
chr4_165431065_A_G_b38	2	4.44974e-03	1.557e-01	2.655e-02 3.8886265754699703	1.0
chr4_165429478_A_C_b38	2	4.44974e-03	1.557e-01	2.655e-02 3.885173082351685	1.0
chr4_165420912_C_T_b38	2	4.44974e-03	1.557e-01	2.655e-02 3.893807172775269	1.0
chr4_165428406_T_G_b38	2	4.44974e-03	1.557e-01	2.655e-02 3.89659595489502	1.0
chr4_165424690_C_T_b38	2	4.44974e-03	1.557e-01	2.655e-02 3.8707342451124336	1.0
chr4_165426669_G_GATTT_b38	2	4.44974e-03	1.557e-01	2.655e-02 3.847579781390351	1.0
chr4_165429287_T_C_b38	2	4.44974e-03	1.557e-01	2.655e-02 3.8868114948272714	1.0
chr4_165424634_C_G_b38	2	4.44974e-03	1.557e-01	2.655e-02 3.8707342451124336	1.0
chr4_165428754_A_G_b38	2	4.44974e-03	1.557e-01	2.655e-02 3.892430067062378	1.0
chr4_165427414_T_C_b38	2	4.44974e-03	1.557e-01	2.655e-02 3.8904345035552983	1.0
chr4_165428622_T_C_b38	2	4.44974e-03	1.557e-01	2.655e-02 3.8943908214569087	1.0
chr4_165430205_A_G_b38	2	4.44974e-03	1.557e-01	2.655e-02 3.847579781390351	1.0
chr4_165430348_A_G_b38	2	4.44974e-03	1.557e-01	2.655e-02 3.8807070255279537	1.0
chr4_165424113_A_T_b38	2	4.44974e-03	1.557e-01	2.655e-02 3.8680733855121945	1.0
chr4_165427593_A_G_b38	2	4.44974e-03	1.557e-01	2.655e-02 3.8962461948394775	1.0
chr4_165420527_T_C_b38	2	4.44974e-03	1.557e-01	2.655e-02 3.893796443939209	1.0
chr4_165428562_T_C_b38	2	4.44974e-03	1.557e-01	2.655e-02 3.8941187858581534	1.0
chr4_165425470_C_T_b38	2	4.44974e-03	1.557e-01	2.655e-02 3.915412187576294	1.0
chr4_165426737_G_A_b38	2	4.44974e-03	1.557e-01	2.655e-02 3.847579781390351	1.0
chr4_165423994_C_T_b38	2	4.44974e-03	1.557e-01	2.655e-02 3.895495891571045	1.0
chr4_165425581_A_G_b38	2	4.44974e-03	1.557e-01	2.655e-02 3.847579781390351	1.0
chr4_165426938_T_C_b38	2	4.44974e-03	1.557e-01	2.655e-02 3.8902606964111333	1.0
chr4_165422387_C_A_b38	2	4.44974e-03	1.557e-01	2.655e-02 3.8922970294952393	1.0
chr4_165430582_T_C_b38	2	4.44974e-03	1.557e-01	2.655e-02 3.884826183319092	1.0
chr4_165430616_T_G_b38	2	4.44974e-03	1.557e-01	2.655e-02 3.8258052329885017	1.0
chr4_165424556_T_C_b38	2	4.44974e-03	1.557e-01	2.655e-02 3.847579781390351	1.0
chr4_165430652_A_ATT_b38	2	4.44974e-03	1.557e-01	2.655e-02 3.847579781390351	1.0
chr4_165420750_G_T_b38	2	4.44974e-03	1.557e-01	2.655e-02 3.893807172775269	1.0
chr4_165429430_C_T_b38	2	4.44974e-03	1.557e-01	2.655e-02 3.901524066925049	1.0
chr4_165427373_A_G_b38	2	4.44974e-03	1.557e-01	2.655e-02 3.8904345035552983	1.0
chr4_165425558_G_A_b38	2	4.44974e-03	1.557e-01	2.655e-02 3.847579781390351	1.0
chr4_165429207_C_T_b38	2	4.44974e-03	1.557e-01	2.655e-02 3.891859769821167	1.0
chr4_165427841_G_A_b38	2	4.44974e-03	1.557e-01	2.655e-02 3.890781164169312	1.0
chr4_165430814_A_G_b38	2	4.44974e-03	1.557e-01	2.655e-02 3.886603355407715	1.0
chr4_165425578_G_C_b38	2	4.44974e-03	1.557e-01	2.655e-02 3.847579781390351	1.0
chr4_165427764_T_G_b38	2	4.44974e-03	1.557e-01	2.655e-02 3.8916406631469727	1.0
chr4_165428438_A_T_b38	2	4.44974e-03	1.557e-01	2.655e-02 3.847579781390351	1.0
chr4_165421223_G_A_b38	2	4.44974e-03	1.557e-01	2.655e-02 3.939753770828247	1.0
chr4_165426610_A_C_b38	2	4.44974e-03	1.557e-01	2.655e-02 3.847579781390351	1.0
chr4_165428120_T_C_b38	2	4.44974e-03	1.557e-01	2.655e-02 3.8991298675537114	1.0
chr4_165423581_T_C_b38	2	4.44974e-03	1.557e-01	2.655e-02 3.9095070362091056	1.0
chr4_165424744_C_T_b38	2	4.44974e-03	1.557e-01	2.655e-02 3.7941364320452258	1.0
chr4_165428381_G_T_b38	2	4.44974e-03	1.557e-01	2.655e-02 3.891416788101196	1.0
chr4_165428175_A_G_b38	2	4.44974e-03	1.557e-01	2.655e-02 3.8937406539916988	1.0
chr4_165427149_A_G_b38	2	4.44974e-03	1.557e-01	2.655e-02 3.8882205486297607	1.0
chr4_165429175_A_G_b38	2	4.44974e-03	1.557e-01	2.655e-02 3.9041266441345215	1.0
chr4_165429675_T_C_b38	2	4.44974e-03	1.557e-01	2.655e-02 3.847579781390351	1.0
chr4_165428700_T_C_b38	2	4.44974e-03	1.557e-01	2.655e-02 3.8924622535705566	1.0
chr4_165418099_A_G_b38	2	4.44974e-03	1.557e-01	2.655e-02 3.893875598907471	1.0
chr4_165427667_G_A_b38	2	4.44974e-03	1.557e-01	2.655e-02 3.890177011489868	1.0
chr4_165419009_C_A_b38	2	4.44974e-03	1.557e-01	2.655e-02 3.891806364059448	1.0
chr4_165427871_A_AT_b38	2	4.44974e-03	1.557e-01	2.655e-02 3.847579781390351	1.0
chr4_165424114_C_T_b38	2	4.44974e-03	1.557e-01	2.655e-02 3.917701005935669	1.0
chr4_165425290_C_CTAAT_b38	2	4.44974e-03	1.557e-01	2.655e-02 3.847579781390351	1.0
chr4_165429234_G_A_b38	2	4.44974e-03	1.557e-01	2.655e-02 3.888403415679932	1.0
chr4_165424659_G_A_b38	2	4.44974e-03	1.557e-01	2.655e-02 3.8707342451124336	1.0
chr4_165426642_G_T_b38	2	4.44974e-03	1.557e-01	2.655e-02 3.847579781390351	1.0
chr4_165429660_C_T_b38	2	4.44974e-03	1.557e-01	2.655e-02 3.847579781390351	1.0
chr4_165423426_T_C_b38	2	4.44974e-03	1.557e-01	2.655e-02 3.906130075454712	1.0
chr4_165422507_C_T_b38	2	4.44974e-03	1.557e-01	2.655e-02 3.8927516937255864	1.0
chr4_165428435_C_CT_b38	2	4.44974e-03	1.557e-01	2.655e-02 3.847579781390351	1.0
chr4_165422288_CGTT_C_b38	2	4.44974e-03	1.557e-01	2.655e-02 3.847579781390351	1.0
chr4_165418209_C_T_b38	2	4.44974e-03	1.557e-01	2.655e-02 3.8904798030853267	1.0
chr4_165427117_A_G_b38	2	4.44974e-03	1.557e-01	2.655e-02 3.89288067817688	1.0
chr4_165423755_T_C_b38	2	4.44974e-03	1.557e-01	2.655e-02 3.847579781390351	1.0
chr4_165427545_T_G_b38	2	4.44974e-03	1.557e-01	2.655e-02 3.891656637191773	1.0
chr4_165430262_A_G_b38	2	4.44974e-03	1.557e-01	2.655e-02 3.880213737487793	1.0
chr4_165429384_A_G_b38	2	4.44974e-03	1.557e-01	2.655e-02 3.847579781390351	1.0
chr4_165428029_C_T_b38	2	4.44974e-03	1.557e-01	2.655e-02 3.9002611637115483	1.0
chr4_165427385_CT_C_b38	2	4.44974e-03	1.557e-01	2.655e-02 3.847579781390351	1.0
chr4_165426755_A_G_b38	2	4.44974e-03	1.557e-01	2.655e-02 3.8899874687194815	1.0
chr4_165429995_T_G_b38	2	4.44974e-03	1.557e-01	2.655e-02 3.896025896072388	1.0
chr4_165421245_T_C_b38	2	4.44974e-03	1.557e-01	2.655e-02 3.892548084259033	1.0
chr4_165423340_C_T_b38	2	4.25200e-03	1.552e-01	2.652e-02 3.8996100425720215	1.0
chr4_165424339_G_A_b38	2	4.24997e-03	1.553e-01	2.654e-02 3.897167205810547	1.0
chr4_165424439_T_C_b38	2	4.24997e-03	1.553e-01	2.654e-02 3.905997037887573	1.0
chr4_165424187_C_T_b38	2	3.89949e-03	1.544e-01	2.647e-02 3.9433874572768137	1.0
chr4_165422901_C_T_b38	2	3.50456e-03	1.542e-01	2.652e-02 3.958143501151648	1.0
chr4_165417139_A_G_b38	2	3.01794e-03	1.428e-01	2.583e-02 4.101828098297118	1.0
chr4_165424106_A_G_b38	2	2.08641e-03	1.520e-01	2.650e-02 3.7631071219713617	1.0
chr4_165417176_A_G_b38	2	1.81403e-03	1.513e-01	2.644e-02 4.088983058929443	1.0
chr4_165416980_T_G_b38	2	1.31578e-03	1.508e-01	2.665e-02 4.044269561767578	1.0
chr4_165416928_A_C_b38	2	1.31578e-03	1.508e-01	2.665e-02 4.1337008476257315	1.0
chr4_165410900_A_T_b38	2	9.87210e-04	1.433e-01	2.645e-02 4.084707736968993	1.0
chr4_165410983_G_C_b38	2	9.87210e-04	1.433e-01	2.645e-02 4.085166931152344	1.0
chr4_165416972_T_C_b38	2	9.36681e-04	1.504e-01	2.684e-02 4.03840970993042	1.0
chr4_165416648_C_T_b38	2	9.32504e-04	1.432e-01	2.552e-02 4.129986763000488	1.0
chr4_165415983_G_A_b38	2	8.90426e-04	1.454e-01	2.595e-02 4.1764492988586435	1.0
chr4_165416309_C_A_b38	2	8.90426e-04	1.454e-01	2.595e-02 4.207390785217285	1.0
chr4_165414029_C_A_b38	2	7.03464e-04	1.536e-01	2.759e-02 3.963343143463135	1.0
chr4_165412637_T_G_b38	2	6.41600e-04	1.462e-01	2.636e-02 4.0459938049316415	1.0
chr4_165412740_T_C_b38	2	6.41600e-04	1.462e-01	2.636e-02 4.0613765716552725	1.0
chr4_165412866_T_C_b38	2	6.41600e-04	1.462e-01	2.636e-02 4.065865993499757	1.0
chr4_165413423_T_C_b38	2	6.41600e-04	1.462e-01	2.636e-02 4.0621113777160645	1.0
chr4_165413294_A_G_b38	2	6.41600e-04	1.462e-01	2.636e-02 4.0664029121398935	1.0
chr4_165412164_G_A_b38	2	6.41600e-04	1.462e-01	2.636e-02 4.0690340995788565	1.0
chr4_165413551_A_AG_b38	2	6.41600e-04	1.462e-01	2.636e-02 4.13191750885724	1.0
chr4_165412565_T_C_b38	2	6.41600e-04	1.462e-01	2.636e-02 4.05626916885376	1.0
chr4_165413239_T_C_b38	2	6.41600e-04	1.462e-01	2.636e-02 4.064064025878906	1.0
chr4_165413533_C_T_b38	2	6.41600e-04	1.462e-01	2.636e-02 4.073363780975342	1.0
chr4_165412794_A_G_b38	2	6.41600e-04	1.462e-01	2.636e-02 4.061591148376465	1.0
chr4_165413331_G_A_b38	2	6.41600e-04	1.462e-01	2.636e-02 4.066397190093993	1.0
chr4_165411970_C_T_b38	2	6.41600e-04	1.462e-01	2.636e-02 4.068590164184569	1.0
chr4_165412500_A_T_b38	2	6.41600e-04	1.462e-01	2.636e-02 4.061746120452882	1.0
chr4_165412578_C_G_b38	2	6.41600e-04	1.462e-01	2.636e-02 4.0401015281677255	1.0
chr4_165412099_G_T_b38	2	6.41600e-04	1.462e-01	2.636e-02 4.07757043838501	1.0
chr4_165424968_T_G_b38	2	5.01942e-04	1.511e-01	2.754e-02 3.887254620389238	1.0
chr4_165414398_A_G_b38	2	4.98682e-04	1.449e-01	2.636e-02 4.149245262145996	1.0
chr4_165414974_G_T_b38	2	4.98682e-04	1.449e-01	2.636e-02 4.149611473083496	1.0
chr4_165413883_G_A_b38	2	4.98682e-04	1.449e-01	2.636e-02 4.127281665802002	1.0
chr4_165415406_G_A_b38	2	4.98682e-04	1.449e-01	2.636e-02 4.1695170402526855	1.0
chr4_165415230_T_C_b38	2	4.98682e-04	1.449e-01	2.636e-02 4.150343418121338	1.0
chr4_165414649_A_G_b38	2	4.98682e-04	1.449e-01	2.636e-02 4.149387836456299	1.0
chr4_165414783_A_G_b38	2	4.98682e-04	1.449e-01	2.636e-02 4.1507835388183585	1.0
chr4_165414834_C_T_b38	2	4.98682e-04	1.449e-01	2.636e-02 4.143248558044434	1.0
chr4_165413805_T_C_b38	2	4.98682e-04	1.449e-01	2.636e-02 4.133558273315431	1.0
chr4_165415313_G_A_b38	2	4.98682e-04	1.449e-01	2.636e-02 4.152346134185791	1.0
chr4_165415873_A_AGAAT_b38	2	4.98682e-04	1.449e-01	2.636e-02 4.216073155714606	1.0
chr4_165415164_G_GA_b38	2	4.98682e-04	1.449e-01	2.636e-02 4.216073155714606	1.0
chr4_165415869_T_C_b38	2	4.98682e-04	1.449e-01	2.636e-02 4.216073155714606	1.0
chr4_165413664_T_C_b38	2	4.98682e-04	1.449e-01	2.636e-02 4.133558273315431	1.0
chr4_165415564_T_C_b38	2	4.98682e-04	1.449e-01	2.636e-02 4.1516618728637695	1.0
chr4_165415028_G_A_b38	2	4.98682e-04	1.449e-01	2.636e-02 4.150543689727783	1.0
chr4_165442649_G_C_b38	2	3.83512e-04	1.473e-01	2.685e-02 2.611824750900269	1.0
chr4_165422354_A_ATCTTT_b38	2	3.32036e-04	1.476e-01	2.720e-02 3.683491581215375	1.0
chr4_165411220_A_G_b38	2	2.54517e-04	1.432e-01	2.645e-02 4.082547664642334	1.0
chr4_165411449_C_A_b38	2	2.54517e-04	1.432e-01	2.645e-02 4.061408996582031	1.0
chr4_165361257_CA_C_b38	3	1.99228e-02	-7.546e-02	5.205e-02 -1.6212626354989867	1.0
chr4_165341589_C_A_b38	3	1.33975e-02	-1.818e-01	8.715e-02 -1.97637939453125	1.0
chr4_165341895_G_A_b38	3	1.33975e-02	-1.818e-01	8.715e-02 -1.9748800992965696	1.0
chr4_165339889_C_T_b38	3	1.33975e-02	-1.818e-01	8.715e-02 -2.0000286102294917	1.0
chr4_165341712_G_A_b38	3	1.33975e-02	-1.818e-01	8.715e-02 -1.9745854139328003	1.0
chr4_165340437_A_G_b38	3	1.33975e-02	-1.818e-01	8.715e-02 -1.992732644081116	1.0
chr4_165340457_G_T_b38	3	1.33975e-02	-1.818e-01	8.715e-02 -1.9933637380599976	1.0
chr4_165341312_ATT_A_b38	3	1.33975e-02	-1.818e-01	8.715e-02 -1.876655066290415	1.0
chr4_165357764_G_C_b38	3	1.32648e-02	-1.521e-01	8.852e-02 -1.7256269454956057	1.0
chr4_165362202_T_C_b38	3	1.26594e-02	-1.280e-01	6.093e-02 -1.6951085329055786	1.0
chr4_165363548_G_T_b38	3	1.26594e-02	-1.280e-01	6.093e-02 -1.6429262161254885	1.0
chr4_165356409_A_C_b38	3	9.93501e-03	-1.383e-01	6.116e-02 -1.711242914199829	1.0
chr4_165357864_C_G_b38	3	9.93501e-03	-1.383e-01	6.116e-02 -1.7212268114089966	1.0
chr4_165356911_C_T_b38	3	9.93501e-03	-1.383e-01	6.116e-02 -1.717186689376831	1.0
chr4_165362180_C_A_b38	3	7.85656e-03	-7.724e-02	5.428e-02 -1.6528939008712769	1.0
chr4_165363738_G_A_b38	3	7.50047e-03	-1.300e-01	6.167e-02 -1.6308635473251345	1.0
chr4_165343906_C_G_b38	3	5.88515e-03	-2.807e-01	1.966e-01 -1.8300299644470213	1.0
chr4_165346637_A_C_b38	3	5.88515e-03	-2.807e-01	1.966e-01 -1.7194377183914185	1.0
chr4_165345258_C_T_b38	3	5.88515e-03	-2.807e-01	1.966e-01 -1.876655066290415	1.0
chr4_165344500_G_T_b38	3	5.88515e-03	-2.807e-01	1.966e-01 -1.816078543663025	1.0
chr4_165337753_G_A_b38	3	5.82839e-03	-2.572e-01	1.807e-01 -1.9839249849319456	1.0
chr4_165339268_C_T_b38	3	5.82839e-03	-2.572e-01	1.807e-01 -1.9759274721145632	1.0
chr4_165356135_G_A_b38	3	5.62817e-03	-1.464e-01	6.201e-02 -1.7112232446670532	1.0
chr4_165352728_A_G_b38	3	5.62817e-03	-1.464e-01	6.201e-02 -1.7402597665786743	1.0
chr4_165354891_G_T_b38	3	5.62817e-03	-1.464e-01	6.201e-02 -1.7115615606307983	1.0
chr4_165358742_T_C_b38	3	3.75709e-03	7.391e-02	5.106e-02 1.8362272977828982	1.0
chr4_165346646_A_G_b38	3	3.64925e-03	-1.361e-01	4.589e-02 -1.8157494068145752	1.0
chr4_165346663_T_C_b38	3	3.64925e-03	-1.361e-01	4.589e-02 -1.796469807624817	1.0
chr4_165344682_T_C_b38	3	3.64925e-03	-1.361e-01	4.589e-02 -1.862820744514465	1.0
chr4_165350758_T_A_b38	3	2.70255e-03	-1.794e-01	5.322e-02 -1.7326921224594116	1.0
chr4_165350015_C_T_b38	3	2.70255e-03	-1.794e-01	5.322e-02 -1.732384204864502	1.0
chr4_165349077_G_T_b38	3	2.70255e-03	-1.794e-01	5.322e-02 -1.7393354177474976	1.0
chr4_165350843_C_T_b38	3	2.70255e-03	-1.794e-01	5.322e-02 -1.7326921224594116	1.0
chr4_165334637_G_T_b38	3	1.78869e-03	-1.966e-01	5.380e-02 -1.980308532714844	1.0
chr4_165333995_G_T_b38	3	1.78869e-03	-1.966e-01	5.380e-02 -1.948335886001587	1.0
chr4_165360963_T_G_b38	4	2.48725e-03	-3.273e-01	1.229e-01 0.4593899250030518	1.0
