chr1_11262508_C_G_b38	1	1.87058e-01	-2.649e-01	4.954e-02 -7.541576862335205	1.0
chr1_11262571_G_T_b38	1	1.87058e-01	-2.649e-01	4.954e-02 -7.5450077056884775	1.0
chr1_11260272_G_C_b38	1	7.84368e-02	-2.771e-01	5.005e-02 -7.9388999938964835	1.0
chr1_11259530_A_G_b38	1	4.38817e-02	-2.771e-01	5.005e-02 -7.928789138793945	1.0
chr1_11257920_G_C_b38	1	4.38817e-02	-2.771e-01	5.005e-02 -7.924908638000487	1.0
chr1_11258706_C_G_b38	1	4.38817e-02	-2.771e-01	5.005e-02 -7.920961380004883	1.0
chr1_11260293_G_A_b38	1	4.14126e-02	-2.701e-01	5.010e-02 -7.939509868621826	1.0
chr1_11255649_G_A_b38	1	3.19409e-02	-2.771e-01	5.005e-02 -7.920003414154053	1.0
chr1_11257263_C_T_b38	1	3.19409e-02	-2.771e-01	5.005e-02 -7.912879467010497	1.0
chr1_11220994_GT_G_b38	1	2.40900e-02	-2.886e-01	4.945e-02 -7.405642576599301	1.0
chr1_11262099_A_G_b38	1	1.62172e-02	-2.419e-01	5.140e-02 -7.22688627243042	1.0
chr1_11244663_C_T_b38	1	1.48087e-02	-2.770e-01	5.004e-02 -7.931681156158447	1.0
chr1_11239454_C_T_b38	1	1.48087e-02	-2.770e-01	5.004e-02 -7.931125164031982	1.0
chr1_11246222_G_C_b38	1	1.48087e-02	-2.770e-01	5.004e-02 -7.925656795501709	1.0
chr1_11223907_C_G_b38	1	1.43536e-02	-2.832e-01	4.948e-02 -7.94414758682251	1.0
chr1_11224034_G_A_b38	1	1.43536e-02	-2.832e-01	4.948e-02 -7.94682502746582	1.0
chr1_11226121_T_C_b38	1	1.43536e-02	-2.832e-01	4.948e-02 -7.938906669616699	1.0
chr1_11229104_G_A_b38	1	1.43536e-02	-2.832e-01	4.948e-02 -7.946672439575195	1.0
chr1_11223329_GTA_G_b38	1	1.23810e-02	-2.846e-01	5.000e-02 -7.753875470348216	1.0
chr1_11223334_A_AT_b38	1	1.23810e-02	-2.846e-01	5.000e-02 -7.753875470348216	1.0
chr1_11214490_T_C_b38	1	1.06338e-02	-2.858e-01	5.048e-02 -7.941596508026122	1.0
chr1_11218756_G_C_b38	1	1.06338e-02	-2.858e-01	5.048e-02 -7.9421629905700675	1.0
chr1_11213965_G_A_b38	1	1.06338e-02	-2.858e-01	5.048e-02 -7.948043346405028	1.0
chr1_11263844_C_G_b38	1	8.98113e-03	-2.519e-01	4.989e-02 -7.585172176361084	1.0
chr1_11232609_T_A_b38	1	6.05414e-03	-2.771e-01	5.002e-02 -7.931811332702638	1.0
chr1_11201872_T_C_b38	1	4.01049e-03	-2.857e-01	5.012e-02 -7.936708450317383	1.0
chr1_11238733_T_C_b38	1	3.88736e-03	-2.648e-01	5.106e-02 -7.4877071380615225	1.0
chr1_11246825_A_G_b38	1	3.88736e-03	-2.648e-01	5.106e-02 -7.489952087402344	1.0
chr1_11249928_A_G_b38	1	3.88736e-03	-2.648e-01	5.106e-02 -7.555951673452459	1.0
chr1_11241139_C_G_b38	1	3.88736e-03	-2.648e-01	5.106e-02 -7.487540245056152	1.0
chr1_11237705_T_C_b38	1	3.88736e-03	-2.648e-01	5.106e-02 -7.487656116485597	1.0
chr1_11253187_T_C_b38	1	3.72839e-03	-2.554e-01	5.139e-02 -7.510470867156982	1.0
chr1_11206335_G_C_b38	1	3.38950e-03	-2.859e-01	5.046e-02 -7.942803859710692	1.0
chr1_11207226_C_T_b38	1	3.38950e-03	-2.859e-01	5.046e-02 -7.944180011749268	1.0
chr1_11201963_A_G_b38	1	3.38950e-03	-2.859e-01	5.046e-02 -7.953539848327638	1.0
chr1_11206654_C_T_b38	1	3.38950e-03	-2.859e-01	5.046e-02 -7.939474582672119	1.0
chr1_11210114_C_T_b38	1	3.38950e-03	-2.859e-01	5.046e-02 -7.9408087730407715	1.0
chr1_11205987_C_T_b38	1	2.86047e-03	-2.847e-01	5.060e-02 -7.580868244171143	1.0
chr1_11228190_T_C_b38	1	2.33569e-03	-2.653e-01	5.049e-02 -7.493572235107423	1.0
chr1_11261608_C_T_b38	2	8.78961e-03	1.637e-01	1.672e-01 1.4475889205932615	1.0
chr1_11267386_A_G_b38	2	2.37002e-03	1.373e-01	1.104e-01 1.5261567831039429	1.0
chr1_11266165_C_T_b38	2	2.25355e-03	1.658e-01	1.674e-01 1.4240432977676392	1.0
chr1_11266343_A_G_b38	2	1.87337e-03	1.309e-01	1.563e-01 1.403126239776611	1.0
chr1_11265810_T_G_b38	2	1.87337e-03	1.309e-01	1.563e-01 1.389265060424805	1.0
chr1_11258926_T_C_b38	2	1.77820e-03	1.316e-01	1.564e-01 1.5085046291351318	1.0
chr1_11257863_A_G_b38	2	1.77820e-03	1.316e-01	1.564e-01 1.4519751071929932	1.0
chr1_11257253_C_T_b38	2	1.52319e-03	1.689e-01	1.676e-01 1.4478554725646973	1.0
chr1_11241784_C_A_b38	2	3.31474e-04	2.008e-02	1.376e-01 1.9070513248443604	1.0
chr1_11249796_GAA_G_b38	2	3.31474e-04	2.008e-02	1.376e-01 1.5408346578128918	1.0
chr1_11238682_T_C_b38	2	3.31474e-04	2.008e-02	1.376e-01 1.9050215482711792	1.0
chr1_11245743_A_G_b38	2	3.31474e-04	2.008e-02	1.376e-01 1.9065754413604736	1.0
chr1_11248452_G_A_b38	2	3.04318e-04	1.799e-03	1.238e-01 1.918934226036072	1.0
chr1_11244524_G_A_b38	2	3.04318e-04	1.799e-03	1.238e-01 1.8854449562182125	1.0
chr1_11243553_T_C_b38	2	3.04318e-04	1.799e-03	1.238e-01 1.9193354845047	1.0
chr1_11252089_G_A_b38	2	3.04318e-04	1.799e-03	1.238e-01 1.919769287109375	1.0
chr1_11239408_G_T_b38	2	3.04318e-04	1.799e-03	1.238e-01 1.9185363054275515	1.0
chr1_11252149_T_C_b38	2	3.04318e-04	1.799e-03	1.238e-01 1.9216326475143437	1.0
chr1_11246168_G_A_b38	2	3.04318e-04	1.799e-03	1.238e-01 1.919046401977539	1.0
chr1_11243643_G_A_b38	2	3.04318e-04	1.799e-03	1.238e-01 1.9265409708023071	1.0
chr1_11245328_G_T_b38	2	3.04318e-04	1.799e-03	1.238e-01 1.911354660987854	1.0
chr1_11243096_C_A_b38	2	3.04318e-04	1.799e-03	1.238e-01 1.9190331697463991	1.0
chr1_11213361_T_G_b38	2	8.95698e-05	3.976e-02	1.356e-01 1.8926713466644287	1.0
chr1_11214207_G_C_b38	2	8.95698e-05	3.976e-02	1.356e-01 1.8927891254425049	1.0
chr1_11233159_A_G_b38	2	8.24748e-05	1.806e-04	1.183e-01 1.8962559700012207	1.0
chr1_11235851_G_A_b38	2	7.72359e-05	-3.522e-02	1.044e-01 1.9061291217803955	1.0
chr1_11220937_T_C_b38	2	7.71636e-05	-3.939e-02	1.030e-01 1.9860097169876096	1.0
chr1_11216069_A_AT_b38	2	7.71636e-05	-3.939e-02	1.030e-01 1.981278760700907	1.0
chr1_11226558_AGGTG_A_b38	2	7.60376e-05	-1.626e-02	1.056e-01 1.8854449562182125	1.0
chr1_11219518_A_G_b38	2	7.60376e-05	-1.626e-02	1.056e-01 1.910810232162476	1.0
chr1_11217701_A_G_b38	2	7.60376e-05	-1.626e-02	1.056e-01 1.8999661207199097	1.0
chr1_11219982_G_A_b38	2	7.60376e-05	-1.626e-02	1.056e-01 1.9155117273330688	1.0
chr1_11215019_C_T_b38	2	7.60376e-05	-1.626e-02	1.056e-01 1.9104998111724851	1.0
chr1_11226161_C_T_b38	2	7.60376e-05	-1.626e-02	1.056e-01 1.91338849067688	1.0
chr1_11220556_A_G_b38	2	7.60376e-05	-1.626e-02	1.056e-01 1.910963773727417	1.0
chr1_11224397_T_G_b38	2	7.60376e-05	-1.626e-02	1.056e-01 1.9235038757324217	1.0
chr1_11219862_G_A_b38	2	7.60376e-05	-1.626e-02	1.056e-01 1.9109278917312624	1.0
chr1_11219048_G_A_b38	2	7.60376e-05	-1.626e-02	1.056e-01 1.9108920097351076	1.0
chr1_11227479_A_G_b38	2	7.60376e-05	-1.626e-02	1.056e-01 1.9149054288864136	1.0
chr1_11224486_T_C_b38	2	7.60376e-05	-1.626e-02	1.056e-01 1.911290526390076	1.0
chr1_11219103_T_C_b38	2	7.60376e-05	-1.626e-02	1.056e-01 1.9170283079147337	1.0
chr1_11222661_C_T_b38	2	7.60376e-05	-1.626e-02	1.056e-01 1.9130223989486692	1.0
chr1_11218168_A_T_b38	2	7.60376e-05	-1.626e-02	1.056e-01 1.9108858108520508	1.0
chr1_11215039_G_A_b38	2	7.60376e-05	-1.626e-02	1.056e-01 1.910322308540344	1.0
chr1_11202644_G_C_b38	2	2.53285e-05	6.805e-02	1.144e-01 1.8809231519699097	1.0
chr1_11228701_G_A_b38	3	1.74662e-03	-2.619e-01	4.980e-02 -7.475804805755615	1.0
chr1_11206407_T_C_b38	3	1.74540e-03	-2.790e-01	5.053e-02 -7.942870140075684	1.0
chr1_11244185_A_G_b38	3	1.36084e-03	-2.492e-01	4.998e-02 -7.486808776855469	1.0
chr1_11248705_T_C_b38	3	1.36084e-03	-2.492e-01	4.998e-02 -7.476248264312744	1.0
chr1_11244526_A_G_b38	3	1.36084e-03	-2.492e-01	4.998e-02 -7.486398220062256	1.0
chr1_11247196_G_C_b38	3	1.36084e-03	-2.492e-01	4.998e-02 -7.483677864074707	1.0
chr1_11244816_A_G_b38	3	1.36084e-03	-2.492e-01	4.998e-02 -7.487502098083496	1.0
chr1_11246604_T_TG_b38	3	1.36084e-03	-2.492e-01	4.998e-02 -7.475468700265927	1.0
chr1_11233902_C_T_b38	3	1.30212e-03	-2.602e-01	5.013e-02 -7.486501216888428	1.0
chr1_11234885_T_A_b38	3	1.30212e-03	-2.602e-01	5.013e-02 -7.487938404083253	1.0
chr1_11225517_A_G_b38	3	1.26035e-03	-2.566e-01	4.954e-02 -7.498460292816162	1.0
chr1_11224279_A_G_b38	3	1.26035e-03	-2.566e-01	4.954e-02 -7.492918491363525	1.0
chr1_11257875_T_C_b38	3	1.08838e-03	-2.344e-01	5.031e-02 -7.6281189918518075	1.0
chr1_11215531_A_G_b38	3	9.80360e-04	-2.594e-01	5.062e-02 -7.5112242698669425	1.0
chr1_11218106_C_T_b38	3	9.80360e-04	-2.594e-01	5.062e-02 -7.51743745803833	1.0
chr1_11218068_T_C_b38	3	9.80360e-04	-2.594e-01	5.062e-02 -7.522336959838867	1.0
chr1_11241006_T_C_b38	3	9.73698e-04	-2.450e-01	4.995e-02 -7.502926349639893	1.0
chr1_11241657_A_G_b38	3	9.73698e-04	-2.450e-01	4.995e-02 -7.5017457008361825	1.0
chr1_11245259_G_A_b38	3	9.73698e-04	-2.450e-01	4.995e-02 -7.5027079582214355	1.0
chr1_11242008_G_A_b38	3	9.73698e-04	-2.450e-01	4.995e-02 -7.501091003417969	1.0
chr1_11250618_CT_C_b38	3	9.73698e-04	-2.450e-01	4.995e-02 -7.519058483992349	1.0
chr1_11251160_G_GC_b38	3	9.73698e-04	-2.450e-01	4.995e-02 -7.519058483992349	1.0
chr1_11225623_T_C_b38	3	8.94398e-04	-2.525e-01	4.953e-02 -7.514616012573242	1.0
chr1_11228561_G_A_b38	3	8.94398e-04	-2.525e-01	4.953e-02 -7.525003433227539	1.0
chr1_11228576_G_C_b38	3	8.94398e-04	-2.525e-01	4.953e-02 -7.520474910736084	1.0
chr1_11228291_G_C_b38	3	8.94398e-04	-2.525e-01	4.953e-02 -7.510663986206055	1.0
chr1_11257604_A_T_b38	3	7.92374e-04	-2.299e-01	5.025e-02 -7.62933874130249	1.0
chr1_11258179_C_T_b38	3	7.92374e-04	-2.299e-01	5.025e-02 -7.62933874130249	1.0
chr1_11226815_G_T_b38	3	7.66135e-04	-2.504e-01	4.947e-02 -7.47871732711792	1.0
chr1_11211519_T_C_b38	3	7.55491e-04	-2.706e-01	5.076e-02 -7.50124454498291	1.0
chr1_11209860_G_T_b38	3	7.55491e-04	-2.706e-01	5.076e-02 -7.506632804870605	1.0
chr1_11264136_A_G_b38	3	6.67133e-04	-2.223e-01	5.068e-02 -7.30083417892456	1.0
chr1_11254600_T_TA_b38	3	5.76758e-04	-2.299e-01	5.025e-02 -7.649344408316213	1.0
chr1_11233090_C_T_b38	3	5.58212e-04	-2.492e-01	4.998e-02 -7.488272190093994	1.0
chr1_11233143_C_T_b38	3	5.58212e-04	-2.492e-01	4.998e-02 -7.488272190093994	1.0
chr1_11232696_A_G_b38	3	5.58212e-04	-2.492e-01	4.998e-02 -7.4880409240722665	1.0
chr1_11234417_T_A_b38	3	5.58212e-04	-2.492e-01	4.998e-02 -7.487681865692139	1.0
chr1_11226688_T_C_b38	3	5.40788e-04	-2.475e-01	4.971e-02 -7.49898624420166	1.0
chr1_11193949_AC_A_b38	3	5.28624e-04	-3.158e-01	5.983e-02 -6.4214379573763525	1.0
chr1_11209739_T_C_b38	3	5.09848e-04	-2.672e-01	5.099e-02 -7.502758026123048	1.0
chr1_11173502_C_T_b38	3	4.83063e-04	-2.716e-01	5.194e-02 -7.751726627349853	1.0
chr1_11176467_G_A_b38	3	4.83063e-04	-2.716e-01	5.194e-02 -7.755783557891847	1.0
chr1_11167807_C_T_b38	3	4.83063e-04	-2.716e-01	5.194e-02 -7.772957801818848	1.0
chr1_11179458_T_C_b38	3	4.83063e-04	-2.716e-01	5.194e-02 -7.7564640045166025	1.0
chr1_11183413_A_G_b38	3	4.83063e-04	-2.716e-01	5.194e-02 -7.744121074676514	1.0
chr1_11244249_G_A_b38	3	4.36560e-04	-2.331e-01	4.959e-02 -7.502810955047607	1.0
chr1_11232824_A_G_b38	3	4.36416e-04	-2.425e-01	4.924e-02 -7.4875335693359375	1.0
chr1_11233735_A_C_b38	3	3.98992e-04	-2.450e-01	4.995e-02 -7.503722190856934	1.0
chr1_11230284_C_G_b38	3	3.98992e-04	-2.450e-01	4.995e-02 -7.499627590179442	1.0
chr1_11245606_C_T_b38	3	2.85056e-04	-2.297e-01	5.000e-02 -7.493472576141357	1.0
chr1_11218232_T_C_b38	3	2.79983e-04	-2.560e-01	5.306e-02 -7.560031414031982	1.0
chr1_11235811_A_G_b38	3	2.56529e-04	-2.580e-01	5.369e-02 -7.56237268447876	1.0
chr1_11203976_CA_C_b38	3	2.20954e-04	-2.551e-01	5.061e-02 -7.515859529144225	1.0
chr1_11176353_C_A_b38	3	9.94017e-05	2.493e-01	5.145e-02 7.359266757965088	1.0
chr1_11284572_T_C_b38	3	9.06009e-05	2.232e-01	5.253e-02 7.635336875915527	1.0
chr1_11202253_T_C_b38	3	7.32156e-05	-2.564e-01	5.370e-02 -7.595671653747559	1.0
chr1_11074100_T_G_b38	3	7.31688e-05	-2.776e-01	5.289e-02 -7.001045227050781	1.0
chr1_11287098_C_CTGTT_b38	3	6.91214e-05	2.182e-01	5.232e-02 7.457883102362954	1.0
chr1_11205728_A_G_b38	3	6.46796e-05	-2.413e-01	5.096e-02 -7.50628137588501	1.0
chr1_11069791_A_G_b38	3	5.99799e-05	-2.750e-01	5.287e-02 -6.99242639541626	1.0
chr1_11205660_A_G_b38	3	5.77725e-05	-2.247e-01	4.783e-02 -6.971290111541747	1.0
chr1_11154525_A_C_b38	3	4.62994e-05	2.673e-01	5.203e-02 7.271253309073236	1.0
chr1_11189075_G_C_b38	3	4.56450e-05	2.373e-01	5.108e-02 7.747125625610352	1.0
chr1_11081130_C_G_b38	3	3.82673e-05	-2.644e-01	5.194e-02 -7.01978874206543	1.0
chr1_11065676_G_C_b38	3	3.79800e-05	-2.633e-01	5.174e-02 -7.039074784313088	1.0
chr1_11065670_TTTAG_T_b38	3	3.79800e-05	-2.633e-01	5.174e-02 -7.039074784313088	1.0
chr1_11138445_A_G_b38	3	3.33415e-05	2.631e-01	5.201e-02 7.341140747070312	1.0
chr1_11173757_G_A_b38	3	3.03624e-05	2.562e-01	5.628e-02 7.395933151245117	1.0
chr1_11147212_C_T_b38	3	2.45873e-05	-2.640e-01	5.295e-02 -7.35177755355835	1.0
chr1_11169458_G_A_b38	3	2.27996e-05	2.400e-01	5.370e-02 7.3550167083740225	1.0
chr1_11192659_T_C_b38	3	2.27996e-05	-2.400e-01	5.370e-02 -7.400212287902832	1.0
chr1_11178006_T_C_b38	3	2.27996e-05	2.400e-01	5.370e-02 7.35017204284668	1.0
chr1_11091722_A_G_b38	3	2.04700e-05	-2.621e-01	5.303e-02 -7.037320137023926	1.0
chr1_11265853_G_A_b38	3	1.78395e-05	-1.625e-01	4.784e-02 -6.653676509857178	1.0
chr1_11265464_G_C_b38	3	1.78395e-05	-1.625e-01	4.784e-02 -6.615675449371338	1.0
chr1_11100617_C_T_b38	3	1.61125e-05	-2.754e-01	5.629e-02 -6.945042133331299	1.0
chr1_11300900_A_G_b38	3	1.56006e-05	2.125e-01	5.237e-02 7.203381538391112	1.0
chr1_11121270_C_T_b38	3	1.43160e-05	2.508e-01	5.172e-02 7.317900657653809	1.0
chr1_11114010_A_T_b38	3	1.43160e-05	-2.508e-01	5.172e-02 -7.342798709869385	1.0
chr1_11120094_T_C_b38	3	1.43160e-05	2.508e-01	5.172e-02 7.313584804534912	1.0
chr1_11140293_C_A_b38	3	1.43160e-05	2.508e-01	5.172e-02 7.3475608825683585	1.0
chr1_11068272_A_G_b38	3	1.20063e-05	-2.546e-01	5.295e-02 -6.959865093231201	1.0
