chr1_37996149_C_T_b38	1	4.83431e-01	-3.344e-01	3.792e-02 -10.189367294311523	1.0
chr1_37997832_C_T_b38	1	3.59402e-01	3.337e-01	3.784e-02 8.358595848083496	1.0
chr1_37979982_T_A_b38	1	5.08809e-02	3.278e-01	3.741e-02 8.718227386474611	1.0
chr1_37942492_G_A_b38	1	1.21617e-02	-3.319e-01	3.792e-02 -8.400412559509277	1.0
chr1_37939585_T_C_b38	1	8.83713e-03	-3.322e-01	3.817e-02 -8.674531936645508	1.0
chr1_37936787_G_A_b38	1	8.83713e-03	-3.322e-01	3.817e-02 -8.697903633117676	1.0
chr1_37941342_C_T_b38	1	8.83713e-03	-3.322e-01	3.817e-02 -8.682973861694336	1.0
chr1_37941474_A_G_b38	1	8.83713e-03	-3.322e-01	3.817e-02 -8.701037406921388	1.0
chr1_37942291_G_A_b38	1	8.83713e-03	-3.322e-01	3.817e-02 -8.684611320495605	1.0
chr1_37943174_A_G_b38	1	6.81151e-03	-3.328e-01	3.842e-02 -8.669017791748049	1.0
chr1_37943196_C_G_b38	1	6.81151e-03	-3.328e-01	3.842e-02 -8.667518615722656	1.0
chr1_37939686_A_G_b38	1	6.30725e-03	-3.298e-01	3.814e-02 -8.664478302001951	1.0
chr1_37932916_T_C_b38	1	5.97500e-03	-3.294e-01	3.813e-02 -8.678583145141603	1.0
chr1_37931669_G_A_b38	1	5.97500e-03	-3.294e-01	3.813e-02 -8.698518753051758	1.0
chr1_37931697_C_T_b38	1	5.97500e-03	-3.294e-01	3.813e-02 -8.700128555297853	1.0
chr1_37997226_T_A_b38	2	5.69525e-03	2.099e-01	1.242e-01 -4.194290637969972	1.0
chr1_37997233_C_G_b38	2	5.69525e-03	2.099e-01	1.242e-01 -4.169581413269043	1.0
chr1_37999519_GC_G_b38	2	1.81090e-03	-1.246e-01	1.249e-01 3.3432830961706013	1.0
chr1_37996170_CCA_C_b38	2	1.57656e-03	6.931e-02	1.916e-01 4.237555419383759	1.0
chr1_37992176_C_T_b38	2	1.49973e-03	6.387e-02	1.874e-01 -4.1360387802124015	1.0
chr1_37993763_C_T_b38	2	1.01008e-03	1.497e-01	1.823e-01 -4.0335774421691895	1.0
chr1_37993617_T_C_b38	2	1.01008e-03	1.497e-01	1.823e-01 -4.142685413360597	1.0
chr1_37992068_G_C_b38	2	6.70352e-04	-1.495e-02	1.989e-01 4.155999660491943	1.0
