chr11_33161497_T_A_b38	1	9.99693e-01	3.656e-01	6.523e-02 4.6932339668273935	1.0
chr11_33162858_T_A_b38	2	5.08995e-02	9.331e-02	3.539e-02 -1.6075340509414673	1.0
chr11_33162393_A_G_b38	2	4.23947e-02	8.825e-02	3.447e-02 -1.2507246732711792	1.0
chr11_33162405_AC_A_b38	2	3.54644e-02	8.674e-02	3.523e-02 -1.3431074187822014	1.0
chr11_33161471_A_G_b38	2	3.48751e-02	9.991e-02	3.557e-02 -1.5461020469665527	1.0
chr11_33155249_C_A_b38	2	7.70648e-03	1.027e-01	3.528e-02 -1.6161741018295288	1.0
chr11_33166845_T_C_b38	2	7.09978e-03	9.427e-02	3.569e-02 -1.6072024106979368	1.0
chr11_33159312_T_C_b38	2	5.88075e-03	7.971e-02	3.106e-02 -1.7985889911651611	1.0
chr11_33167253_T_A_b38	2	5.88037e-03	9.121e-02	3.556e-02 -1.6071594953536987	1.0
chr11_33169269_T_C_b38	2	5.68586e-03	9.816e-02	3.548e-02 -1.6088340282440186	1.0
chr11_33148915_A_C_b38	2	5.37690e-03	1.062e-01	3.572e-02 -1.6243613958358765	1.0
chr11_33165042_G_A_b38	2	5.25301e-03	9.050e-02	3.581e-02 -1.3091124296188354	1.0
chr11_33169624_C_T_b38	2	5.20977e-03	9.626e-02	3.526e-02 -1.6091935634613037	1.0
chr11_33163689_T_C_b38	2	4.93825e-03	8.287e-02	3.667e-02 -1.6061290502548218	1.0
chr11_33160846_A_G_b38	2	4.86181e-03	7.977e-02	3.441e-02 -1.2330548763275146	1.0
chr11_33169463_T_G_b38	2	4.63110e-03	9.531e-02	3.553e-02 -1.5887193679809568	1.0
chr11_33165772_C_G_b38	2	4.42099e-03	8.797e-02	3.593e-02 -1.311077356338501	1.0
chr11_33155018_T_C_b38	2	4.33452e-03	9.522e-02	3.552e-02 -1.6105254888534546	1.0
chr11_33153512_A_C_b38	2	4.10699e-03	9.431e-02	3.548e-02 -1.6169899702072144	1.0
chr11_33169304_G_A_b38	2	4.06084e-03	9.321e-02	3.546e-02 -1.6091184616088867	1.0
chr11_33170441_C_A_b38	2	3.56149e-03	9.138e-02	3.551e-02 -1.6134581565856934	1.0
chr11_33153871_C_T_b38	2	3.46679e-03	9.171e-02	3.543e-02 -1.6169899702072144	1.0
chr11_33167649_G_A_b38	2	3.41677e-03	9.075e-02	3.551e-02 -1.6088393926620483	1.0
chr11_33152731_T_C_b38	2	3.03135e-03	8.967e-02	3.542e-02 -1.6165552139282229	1.0
chr11_33173991_GT_G_b38	2	2.97875e-03	9.818e-02	3.539e-02 -1.6005583261652858	1.0
chr11_33144694_T_G_b38	2	2.95813e-03	9.611e-02	3.485e-02 -1.5265707969665527	1.0
chr11_33149307_A_G_b38	2	2.84581e-03	9.653e-02	3.526e-02 -1.6245942115783691	1.0
chr11_33146238_G_A_b38	2	2.66537e-03	9.519e-02	3.521e-02 -1.6212090253829956	1.0
chr11_33154699_A_G_b38	2	2.64413e-03	8.749e-02	3.546e-02 -1.616329789161682	1.0
chr11_33152857_G_C_b38	2	2.53463e-03	8.709e-02	3.557e-02 -1.6089348793029783	1.0
chr11_33152498_C_T_b38	2	2.40703e-03	8.729e-02	3.578e-02 -1.3306386470794678	1.0
chr11_33183933_T_A_b38	2	2.30465e-03	9.523e-02	3.563e-02 -1.6127564907073977	1.0
chr11_33144516_T_G_b38	2	2.28562e-03	9.359e-02	3.533e-02 -1.6253447532653809	1.0
chr11_33143558_A_C_b38	2	2.27254e-03	9.364e-02	3.538e-02 -1.6253447532653809	1.0
chr11_33186190_G_A_b38	2	2.23360e-03	9.387e-02	3.528e-02 -1.6070636510849	1.0
chr11_33147520_A_G_b38	2	2.22386e-03	9.256e-02	3.487e-02 -1.4937019348144531	1.0
chr11_33148141_C_A_b38	2	2.18895e-03	9.310e-02	3.538e-02 -1.6547847986221311	1.0
chr11_33147785_A_G_b38	2	2.17854e-03	9.296e-02	3.536e-02 -1.6246029138565063	1.0
chr11_33152269_G_A_b38	2	2.17854e-03	9.296e-02	3.536e-02 -1.6169899702072144	1.0
chr11_33184750_T_A_b38	2	2.12186e-03	9.370e-02	3.548e-02 -1.607272028923035	1.0
chr11_33148971_C_T_b38	2	2.11671e-03	9.260e-02	3.541e-02 -1.6243613958358765	1.0
chr11_33147254_G_A_b38	2	2.11261e-03	9.258e-02	3.538e-02 -1.6246029138565063	1.0
chr11_33143569_T_G_b38	2	2.11150e-03	9.256e-02	3.538e-02 -1.6253447532653809	1.0
chr11_33152294_G_A_b38	2	2.09279e-03	9.244e-02	3.540e-02 -1.620614528656006	1.0
chr11_33144425_T_A_b38	2	2.06250e-03	9.221e-02	3.538e-02 -1.6253447532653809	1.0
chr11_33181855_C_G_b38	2	2.04511e-03	9.261e-02	3.530e-02 -1.6056909561157229	1.0
chr11_33165864_A_AAC_b38	2	2.03552e-03	6.583e-02	3.294e-02 -1.6810113552888362	1.0
chr11_33187073_A_G_b38	2	1.97326e-03	9.217e-02	3.535e-02 -1.6066021919250488	1.0
chr11_33182495_T_TTCATGGTGGTCAA_b38	2	1.93317e-03	9.200e-02	3.539e-02 -1.616153408984194	1.0
chr11_33180161_G_A_b38	2	1.92500e-03	9.188e-02	3.537e-02 -1.6112655401229858	1.0
chr11_33182613_G_C_b38	2	1.92500e-03	9.188e-02	3.537e-02 -1.6056963205337524	1.0
chr11_33178668_C_T_b38	2	1.92500e-03	9.188e-02	3.537e-02 -1.6112655401229858	1.0
chr11_33177889_C_G_b38	2	1.92500e-03	9.188e-02	3.537e-02 -1.615425944328308	1.0
chr11_33142336_GAT_G_b38	2	1.91841e-03	9.097e-02	3.532e-02 -1.574375659142246	1.0
chr11_33151707_T_C_b38	2	1.86694e-03	7.818e-02	3.098e-02 -1.8126797676086424	1.0
chr11_33155846_G_A_b38	2	1.85764e-03	7.974e-02	3.445e-02 -1.2599108219146729	1.0
chr11_33181137_G_A_b38	2	1.80772e-03	9.079e-02	3.533e-02 -1.6056909561157229	1.0
chr11_33173572_C_A_b38	2	1.79034e-03	9.100e-02	3.545e-02 -1.6123775243759155	1.0
chr11_33153805_G_A_b38	2	1.61854e-03	7.763e-02	3.460e-02 -1.2782193422317505	1.0
chr11_33154608_T_C_b38	2	1.60744e-03	7.730e-02	3.450e-02 -1.2712225914001465	1.0
chr11_33123723_A_G_b38	2	1.49336e-03	1.027e-01	3.585e-02 -1.6498816013336182	1.0
chr11_33145691_G_A_b38	2	1.45069e-03	-9.073e-02	4.166e-02 -1.2039284706115725	1.0
chr11_33140463_A_G_b38	2	1.43200e-03	8.724e-02	3.578e-02 -1.6954783201217651	1.0
chr11_33185514_A_G_b38	2	1.29187e-03	8.706e-02	3.578e-02 -1.3093489408493042	1.0
chr11_33153795_C_T_b38	2	1.23419e-03	7.465e-02	3.559e-02 -1.617945432662964	1.0
chr11_33123850_T_C_b38	2	1.20445e-03	9.899e-02	3.562e-02 -1.6498816013336182	1.0
chr11_33189618_T_A_b38	2	1.17715e-03	9.802e-02	3.536e-02 -1.6048475503921509	1.0
chr11_33153182_A_G_b38	2	1.09618e-03	6.314e-02	3.160e-02 -1.7051095962524414	1.0
chr11_33122785_A_G_b38	2	1.05338e-03	9.704e-02	3.561e-02 -1.6447662115097046	1.0
chr11_33127012_T_C_b38	2	9.83162e-04	9.532e-02	3.531e-02 -1.633698344230652	1.0
chr11_33175873_G_T_b38	2	9.70683e-04	7.886e-02	3.442e-02 -1.2554081678390503	1.0
chr11_33180914_G_A_b38	2	9.70683e-04	7.886e-02	3.442e-02 -1.258882761001587	1.0
chr11_33185481_A_G_b38	2	9.64867e-04	7.079e-02	3.153e-02 -1.7215346097946167	1.0
chr11_33128076_G_A_b38	2	9.48024e-04	9.471e-02	3.528e-02 -1.6505255699157717	1.0
chr11_33125755_G_A_b38	2	9.47416e-04	9.471e-02	3.528e-02 -1.648233413696289	1.0
chr11_33124868_C_T_b38	2	9.11369e-04	9.461e-02	3.545e-02 -1.6482280492782593	1.0
chr11_33128707_T_C_b38	2	9.06016e-04	9.441e-02	3.540e-02 -1.6473035812377932	1.0
chr11_33120893_A_G_b38	2	8.66496e-04	9.434e-02	3.570e-02 -1.6498816013336182	1.0
chr11_33126409_G_C_b38	2	8.38501e-04	9.332e-02	3.542e-02 -1.6337281465530396	1.0
chr11_33190813_C_G_b38	2	8.11761e-04	9.280e-02	3.539e-02 -1.6044504642486572	1.0
chr11_33194170_C_G_b38	2	8.04772e-04	9.246e-02	3.532e-02 -1.6064672470092771	1.0
chr11_33132463_G_A_b38	2	8.03467e-04	9.240e-02	3.531e-02 -1.6523219347000122	1.0
chr11_33130528_T_C_b38	2	7.98432e-04	9.258e-02	3.541e-02 -1.6538983583450315	1.0
chr11_33134676_AC_A_b38	2	7.96393e-04	7.970e-02	3.099e-02 -1.857786630864428	1.0
chr11_33115115_C_T_b38	2	7.92235e-04	9.244e-02	3.540e-02 -1.6566574573516846	1.0
chr11_33193725_T_G_b38	2	7.75456e-04	9.211e-02	3.538e-02 -1.6063588857650757	1.0
chr11_33190746_C_T_b38	2	7.64973e-04	9.188e-02	3.537e-02 -1.6042895317077637	1.0
chr11_33195913_C_T_b38	2	7.50739e-04	9.164e-02	3.538e-02 -1.6052485704421997	1.0
chr11_33181536_A_G_b38	2	7.35532e-04	7.734e-02	3.653e-02 -1.6056909561157229	1.0
chr11_33132077_C_A_b38	2	7.33987e-04	9.138e-02	3.544e-02 -1.6453224420547483	1.0
chr11_33114788_A_T_b38	2	7.09378e-04	9.110e-02	3.555e-02 -1.5037541389465332	1.0
chr11_33168818_G_A_b38	2	7.07417e-04	5.428e-02	3.188e-02 -1.6343144178390503	1.0
chr11_33120895_T_C_b38	2	6.67144e-04	9.172e-02	3.607e-02 -1.3782509565353394	1.0
chr11_33124593_G_A_b38	2	6.55828e-04	8.961e-02	3.544e-02 -1.6481118202209473	1.0
chr11_33124474_C_T_b38	2	6.51467e-04	8.980e-02	3.557e-02 -1.6513792276382446	1.0
chr11_33076762_C_T_b38	2	5.94246e-04	-1.122e-01	4.248e-02 -0.5721249580383301	1.0
chr11_33192231_A_C_b38	2	5.81580e-04	8.887e-02	3.569e-02 -1.3077784776687622	1.0
chr11_33136288_C_T_b38	2	5.78712e-04	8.821e-02	3.574e-02 -1.6509281396865845	1.0
chr11_33198730_C_G_b38	2	5.68102e-04	8.864e-02	3.575e-02 -1.3061827421188354	1.0
chr11_33197974_C_G_b38	2	5.68102e-04	8.864e-02	3.575e-02 -1.2994704246520996	1.0
chr11_33198130_A_G_b38	2	5.68102e-04	8.864e-02	3.575e-02 -1.3074605464935305	1.0
chr11_33197849_G_A_b38	2	5.57603e-04	8.840e-02	3.578e-02 -1.3072572946548462	1.0
chr11_33094841_ATTTC_A_b38	2	5.54894e-04	1.017e-01	3.537e-02 -1.6676345374178159	1.0
chr11_33151601_C_T_b38	2	5.49245e-04	6.079e-02	3.155e-02 -1.7191833257675169	1.0
chr11_33201226_G_A_b38	2	5.24540e-04	8.786e-02	3.597e-02 -1.3219804763793943	1.0
chr11_33124082_A_G_b38	2	5.11711e-04	8.555e-02	3.541e-02 -1.649528980255127	1.0
chr11_33163080_T_A_b38	3	1.54817e-03	-3.461e-02	7.876e-02 -0.6988791823387146	1.0
chr11_33208787_T_C_b38	3	3.51127e-05	-5.809e-02	7.597e-02 -0.5922201871871948	1.0
