chr1_112550284_T_C_b38	1	6.59654e-02	8.656e-01	7.404e-02 -7.685042858123778	1.0
chr1_112539531_C_A_b38	1	6.59654e-02	8.656e-01	7.404e-02 -7.755385398864746	1.0
chr1_112525955_C_T_b38	1	6.59654e-02	8.656e-01	7.404e-02 -7.672930717468263	1.0
chr1_112539161_G_C_b38	1	6.59654e-02	8.656e-01	7.404e-02 -7.739479541778564	1.0
chr1_112555011_T_C_b38	1	6.59654e-02	8.656e-01	7.404e-02 -7.683563709259032	1.0
chr1_112559776_C_T_b38	1	6.59654e-02	8.656e-01	7.404e-02 -7.70416259765625	1.0
chr1_112561879_T_TA_b38	1	6.59654e-02	8.656e-01	7.404e-02 -7.750688652041593	1.0
chr1_112534197_T_A_b38	1	6.59654e-02	8.656e-01	7.404e-02 -7.7348408699035645	1.0
chr1_112529152_CTGAG_C_b38	1	6.59654e-02	8.656e-01	7.404e-02 -7.791381865039737	1.0
chr1_112542830_C_G_b38	1	6.59654e-02	8.656e-01	7.404e-02 -7.723089218139647	1.0
chr1_112565842_C_G_b38	1	6.59654e-02	8.656e-01	7.404e-02 -7.699347972869872	1.0
chr1_112564011_C_T_b38	1	6.59654e-02	8.656e-01	7.404e-02 -7.6973533630371085	1.0
chr1_112680611_G_A_b38	1	1.28010e-02	8.878e-01	7.580e-02 -7.634502511822466	1.0
chr1_112521149_C_T_b38	1	1.18734e-02	8.458e-01	7.408e-02 -7.5759520530700675	1.0
chr1_112573322_CG_C_b38	1	1.17998e-02	8.656e-01	7.404e-02 -7.750688652041593	1.0
chr1_112577971_A_G_b38	1	1.17998e-02	8.656e-01	7.404e-02 -7.7092041969299325	1.0
chr1_112639117_C_G_b38	1	7.12954e-03	8.657e-01	7.454e-02 -7.670928955078125	1.0
chr1_112576820_T_C_b38	1	6.71941e-03	8.545e-01	7.367e-02 -7.671798229217528	1.0
chr1_112688664_T_C_b38	1	5.52260e-03	8.628e-01	7.455e-02 -7.616119384765625	1.0
chr1_112696760_G_A_b38	1	5.52260e-03	8.628e-01	7.455e-02 -7.618443012237549	1.0
chr1_112693608_G_A_b38	1	5.52260e-03	8.628e-01	7.455e-02 -7.595089912414551	1.0
chr1_112639098_AC_A_b38	1	5.52260e-03	8.628e-01	7.455e-02 -7.8494149628798535	1.0
chr1_112617548_C_T_b38	1	5.52260e-03	8.628e-01	7.455e-02 -7.614234924316406	1.0
chr1_112611742_C_T_b38	1	5.52260e-03	8.628e-01	7.455e-02 -7.619929790496826	1.0
chr1_112627767_C_T_b38	1	5.52260e-03	8.628e-01	7.455e-02 -7.676925659179687	1.0
chr1_112664621_C_A_b38	1	5.52260e-03	8.628e-01	7.455e-02 -7.656267642974853	1.0
chr1_112585332_G_A_b38	1	5.52260e-03	8.628e-01	7.455e-02 -7.696826457977295	1.0
chr1_112648185_A_C_b38	1	5.52260e-03	8.628e-01	7.455e-02 -7.696475505828857	1.0
chr1_112597961_T_C_b38	1	5.52260e-03	8.628e-01	7.455e-02 -7.660433292388916	1.0
chr1_112627045_T_G_b38	1	5.52260e-03	8.628e-01	7.455e-02 -7.68387508392334	1.0
chr1_112673095_C_T_b38	1	5.52260e-03	8.628e-01	7.455e-02 -7.676438808441162	1.0
chr1_112594948_T_C_b38	1	5.52260e-03	8.628e-01	7.455e-02 -7.677971839904785	1.0
chr1_112581617_C_T_b38	1	5.52260e-03	8.628e-01	7.455e-02 -7.691976070404053	1.0
chr1_112601817_G_A_b38	1	5.52260e-03	8.628e-01	7.455e-02 -7.664877414703369	1.0
chr1_112614559_T_C_b38	1	5.52260e-03	8.628e-01	7.455e-02 -7.622145175933838	1.0
chr1_112631182_G_A_b38	1	5.52260e-03	8.628e-01	7.455e-02 -7.676177978515625	1.0
chr1_112603012_GC_G_b38	1	5.52260e-03	8.628e-01	7.455e-02 -7.735858395101892	1.0
chr1_112585590_G_A_b38	1	5.52260e-03	8.628e-01	7.455e-02 -7.692267894744872	1.0
chr1_112586309_T_C_b38	1	5.52260e-03	8.628e-01	7.455e-02 -7.689440727233888	1.0
chr1_112604985_G_A_b38	1	5.52260e-03	8.628e-01	7.455e-02 -7.758941650390625	1.0
chr1_112617797_C_T_b38	1	5.52260e-03	8.628e-01	7.455e-02 -7.613649845123291	1.0
chr1_112580738_C_T_b38	1	5.52260e-03	8.628e-01	7.455e-02 -7.707657337188722	1.0
chr1_112673015_C_T_b38	1	5.52260e-03	8.628e-01	7.455e-02 -7.688223838806152	1.0
chr1_112574591_A_G_b38	1	3.47436e-03	8.667e-01	7.535e-02 -7.681591987609862	1.0
chr1_112703884_C_T_b38	1	1.74823e-03	8.612e-01	7.558e-02 -7.463479518890381	1.0
chr1_112584808_G_A_b38	1	1.10330e-03	8.360e-01	7.389e-02 -7.6950340270996085	1.0
chr1_112659949_G_A_b38	1	1.10330e-03	8.360e-01	7.389e-02 -7.677719593048097	1.0
chr1_112465031_T_C_b38	2	2.33621e-02	-4.105e-01	1.654e-01 0.0	1.0
chr1_112466544_A_AGAG_b38	3	2.84849e-04	1.763e-02	2.139e-01 0.0	1.0
