chr11_61792609_G_A_b38	1	9.69019e-01	2.601e-01	1.186e-01 -6.996455192565918	1.0
chr11_61781986_A_G_b38	1	1.23683e-02	9.768e-02	2.228e-02 -6.3010783195495605	1.0
chr11_61779765_C_T_b38	1	6.60842e-03	9.558e-02	2.262e-02 -6.341726779937744	1.0
chr11_61796827_G_T_b38	2	1.97617e-01	-2.171e-01	5.253e-02 -7.2630510330200195	1.0
chr11_61798436_T_C_b38	2	1.27175e-01	-2.171e-01	5.253e-02 -7.23136043548584	1.0
chr11_61790354_T_C_b38	2	1.19748e-01	-2.597e-01	6.832e-02 -6.837382793426514	1.0
chr11_61813890_C_CG_b38	2	3.72945e-02	-1.604e-01	4.110e-02 -5.817017678912671	1.0
chr11_61784455_A_C_b38	2	2.84271e-02	-2.444e-01	6.661e-02 -6.859503746032715	1.0
chr11_61785208_G_T_b38	2	2.71829e-02	-2.591e-01	7.165e-02 -6.941607475280763	1.0
chr11_61802358_C_T_b38	2	2.34396e-02	-2.513e-01	7.217e-02 -6.958110332489014	1.0
chr11_61801834_C_G_b38	2	2.34396e-02	-2.513e-01	7.217e-02 -6.9036545753479	1.0
chr11_61807686_A_G_b38	2	1.98032e-02	-2.603e-01	6.839e-02 -6.8852972984313965	1.0
chr11_61800281_C_A_b38	2	1.40697e-02	-1.522e-01	4.526e-02 -7.295868873596191	1.0
chr11_61781553_G_A_b38	2	1.25702e-02	-2.438e-01	6.798e-02 -6.7646732330322275	1.0
chr11_61804006_T_C_b38	2	9.42940e-03	-2.508e-01	7.310e-02 -6.914374828338622	1.0
chr11_61811991_A_G_b38	2	9.42940e-03	-2.508e-01	7.310e-02 -6.880338191986084	1.0
chr11_61803311_T_C_b38	2	9.42940e-03	-2.508e-01	7.310e-02 -6.888924598693848	1.0
chr11_61812288_T_C_b38	2	5.59536e-03	-1.509e-01	4.541e-02 -7.284968852996826	1.0
chr11_61803910_G_A_b38	2	5.59536e-03	-1.509e-01	4.541e-02 -7.2576141357421875	1.0
chr11_61815236_T_C_b38	2	5.59536e-03	-1.509e-01	4.541e-02 -7.296322822570801	1.0
chr11_61813163_C_T_b38	2	5.59536e-03	-1.509e-01	4.541e-02 -7.27353048324585	1.0
chr11_61790331_T_C_b38	2	4.21773e-03	-1.001e-01	4.947e-02 -6.714801788330077	1.0
chr11_61813896_A_G_b38	2	3.89261e-03	-1.439e-01	4.562e-02 -7.246622733941995	1.0
chr11_61818856_C_CT_b38	2	3.15692e-03	-2.498e-01	7.348e-02 -6.483492369976691	1.0
chr11_61817672_A_G_b38	2	3.15692e-03	-2.498e-01	7.348e-02 -6.924216747283936	1.0
chr11_61747198_G_C_b38	3	2.92308e-02	-8.653e-02	2.229e-02 -0.6082847714424133	1.0
chr11_61741050_A_G_b38	3	2.75454e-02	-9.469e-02	2.285e-02 -0.4515273571014404	1.0
chr11_61733924_ACAGAGGCC_A_b38	3	1.84101e-02	-9.322e-02	2.295e-02 -0.6339001640662817	1.0
chr11_61721369_G_A_b38	3	1.62295e-02	-9.314e-02	2.337e-02 -0.4673466980457306	1.0
chr11_61746199_CAGAG_C_b38	3	1.26914e-02	-8.190e-02	2.229e-02 -0.8489982945355996	1.0
chr11_61713762_G_A_b38	3	7.27859e-03	-8.845e-02	2.296e-02 -0.4835295677185058	1.0
chr11_61735909_G_A_b38	3	6.85676e-03	-8.919e-02	2.309e-02 -0.8550803065299988	1.0
chr11_61729210_A_G_b38	3	4.91249e-03	-8.668e-02	2.305e-02 -0.5064557194709778	1.0
chr11_61728800_A_C_b38	3	4.91249e-03	-8.668e-02	2.305e-02 -0.5558909177780151	1.0
chr11_61729185_C_T_b38	3	4.91249e-03	-8.668e-02	2.305e-02 -0.5323042869567871	1.0
chr11_61697078_C_T_b38	3	4.07907e-03	-8.538e-02	2.305e-02 -0.684300422668457	1.0
chr11_61720218_G_A_b38	3	3.81033e-03	-8.553e-02	2.322e-02 -0.3959972262382507	1.0
chr11_61720472_G_A_b38	3	3.30625e-03	-8.478e-02	2.327e-02 -0.4232673645019531	1.0
chr11_61722461_G_A_b38	3	3.30625e-03	-8.478e-02	2.327e-02 -0.4613470137119293	1.0
chr11_61745928_G_A_b38	3	2.98796e-03	-8.017e-02	2.430e-02 -0.8573645949363708	1.0
chr11_61723959_A_T_b38	3	2.97860e-03	-8.417e-02	2.330e-02 -0.5219618082046509	1.0
chr11_61708978_G_A_b38	3	2.33104e-03	-8.335e-02	2.362e-02 -0.7243737578392029	1.0
chr11_61718495_C_G_b38	3	2.17019e-03	-8.202e-02	2.332e-02 -0.6658384799957275	1.0
chr11_61717509_C_A_b38	3	2.17019e-03	-8.202e-02	2.332e-02 -0.6663912534713745	1.0
chr11_61718297_G_A_b38	3	2.17019e-03	-8.202e-02	2.332e-02 -0.6691457629203796	1.0
chr11_61714395_C_T_b38	3	1.44057e-03	-8.584e-02	2.443e-02 -0.5138332843780518	1.0
chr11_61792789_C_T_b38	4	1.20611e-03	1.731e-02	3.565e-02 1.9873474836349487	1.0
