chr6_130053316_T_A_b38	1	1.38067e-01	-3.038e-01	6.334e-02 -18.66963005065918	1.0
chr6_130027974_C_T_b38	1	8.50797e-02	-3.003e-01	6.807e-02 -18.11189079284668	1.0
chr6_130006558_G_GCAGAATTTGTTGGAA_b38	1	7.47977e-02	-2.747e-01	6.571e-02 -13.599959394298079	1.0
chr6_130000754_A_T_b38	1	7.43302e-02	-2.684e-01	6.150e-02 -13.456875801086426	1.0
chr6_130013264_A_G_b38	1	6.80404e-02	-2.035e-01	6.297e-02 -13.21541690826416	1.0
chr6_130015408_T_C_b38	1	4.65313e-02	-2.360e-01	6.309e-02 -14.281767845153807	1.0
chr6_130017576_A_AAAAT_b38	1	4.10971e-02	-2.391e-01	6.216e-02 -14.100525665219159	1.0
chr6_130004310_A_ACTGT_b38	1	3.83747e-02	-2.460e-01	6.198e-02 -13.633269872567213	1.0
chr6_130001212_C_T_b38	1	3.40561e-02	-2.601e-01	6.275e-02 -13.751229286193848	1.0
chr6_130010120_A_G_b38	1	2.71855e-02	-2.362e-01	6.279e-02 -14.170783996582033	1.0
chr6_130007104_A_AAG_b38	1	1.96939e-02	-2.362e-01	6.279e-02 -13.69892282216634	1.0
chr6_130003425_A_T_b38	1	1.20490e-02	-2.365e-01	6.183e-02 -13.291675567626953	1.0
chr6_130070742_G_A_b38	1	8.61335e-03	2.843e-01	6.551e-02 16.046625137329098	1.0
chr6_130075353_G_A_b38	1	8.61335e-03	2.843e-01	6.551e-02 16.046913146972653	1.0
chr6_130072003_C_T_b38	1	8.61335e-03	2.843e-01	6.551e-02 16.038019180297848	1.0
chr6_130074815_C_G_b38	1	5.87919e-03	2.873e-01	6.783e-02 16.008243560791016	1.0
chr6_130020583_C_CT_b38	1	5.56956e-03	-2.116e-01	6.401e-02 -17.795165674917488	1.0
chr6_130068795_G_A_b38	1	5.12635e-03	2.741e-01	6.538e-02 16.06307029724121	1.0
chr6_130069234_T_C_b38	1	5.12635e-03	2.741e-01	6.538e-02 16.03640365600586	1.0
chr6_130069512_G_C_b38	1	5.12635e-03	2.741e-01	6.538e-02 16.031219482421875	1.0
chr6_130081531_A_G_b38	1	4.66786e-03	2.710e-01	6.505e-02 16.019426345825195	1.0
chr6_130080480_G_A_b38	1	4.66786e-03	2.710e-01	6.505e-02 16.02131462097168	1.0
chr6_130082370_G_C_b38	1	4.66786e-03	2.710e-01	6.505e-02 16.028312683105472	1.0
chr6_130080123_A_T_b38	1	4.66786e-03	2.710e-01	6.505e-02 16.03824234008789	1.0
chr6_130078947_C_T_b38	1	4.66786e-03	2.710e-01	6.505e-02 16.029899597167972	1.0
chr6_130072637_A_G_b38	1	4.66786e-03	2.710e-01	6.505e-02 16.002784729003903	1.0
chr6_130075400_T_G_b38	1	4.66786e-03	2.710e-01	6.505e-02 15.994429588317873	1.0
chr6_130081144_C_T_b38	1	4.66786e-03	2.710e-01	6.505e-02 16.033586502075195	1.0
chr6_130077586_C_T_b38	1	4.66786e-03	2.710e-01	6.505e-02 16.026912689208984	1.0
chr6_130007494_G_A_b38	1	4.18002e-03	-2.032e-01	6.293e-02 -13.180335998535154	1.0
chr6_130029149_G_A_b38	1	3.86862e-03	-2.195e-01	6.373e-02 -17.597553253173828	1.0
chr6_130024960_G_A_b38	1	3.86862e-03	-2.195e-01	6.373e-02 -17.683523178100586	1.0
chr6_130030880_T_TA_b38	1	3.86862e-03	-2.195e-01	6.373e-02 -17.549763114886414	1.0
chr6_130068562_TA_T_b38	1	3.42465e-03	2.757e-01	6.758e-02 16.040466208386633	1.0
chr6_130076370_G_A_b38	1	2.91681e-03	2.582e-01	6.416e-02 16.028654098510742	1.0
chr6_130024646_G_A_b38	1	1.54464e-03	-1.967e-01	6.294e-02 -17.689794540405273	1.0
chr6_130014178_G_A_b38	2	2.54434e-02	-2.559e-01	1.792e-01 -4.200124263763429	1.0
chr6_130013132_C_T_b38	2	1.45334e-02	-3.571e-01	2.064e-01 -4.160394191741943	1.0
chr6_130013150_T_G_b38	2	1.45334e-02	-3.571e-01	2.064e-01 -4.159599781036377	1.0
chr6_130014260_G_A_b38	2	6.47641e-03	-2.601e-01	1.797e-01 -4.064545631408691	1.0
chr6_130015964_G_T_b38	2	3.45821e-03	-2.605e-01	1.791e-01 -4.049830913543701	1.0
chr6_130013432_C_T_b38	3	1.68025e-03	-1.004e-02	1.048e-01 -5.120665550231934	1.0
chr6_130013493_CCA_C_b38	3	1.67177e-03	4.382e-02	9.268e-02 -5.004018097976647	1.0
chr6_130013423_C_A_b38	3	1.67177e-03	4.382e-02	9.268e-02 -5.260147571563722	1.0
chr6_130012889_C_T_b38	3	5.52143e-04	-3.286e-02	8.631e-02 -6.343401908874513	1.0
chr6_130012373_T_C_b38	3	1.69248e-04	-8.073e-03	1.059e-01 -5.100857734680176	1.0
chr6_130012553_T_C_b38	3	1.62958e-04	4.492e-02	9.347e-02 -5.230195999145508	1.0
chr6_130009948_G_A_b38	3	1.06589e-04	4.492e-02	9.347e-02 -5.221796035766602	1.0
chr6_130008557_G_A_b38	3	7.75040e-05	-8.073e-03	1.059e-01 -5.08490800857544	1.0
chr6_130005979_C_T_b38	3	7.75040e-05	-8.073e-03	1.059e-01 -5.08281135559082	1.0
chr6_130004068_T_C_b38	3	7.75040e-05	-8.073e-03	1.059e-01 -5.032867908477783	1.0
chr6_130005658_T_A_b38	3	7.75040e-05	-8.073e-03	1.059e-01 -5.100316524505615	1.0
chr6_130008471_AT_A_b38	3	7.75040e-05	-8.073e-03	1.059e-01 -4.9183445998170665	1.0
chr6_130005365_T_C_b38	3	7.75040e-05	-8.073e-03	1.059e-01 -5.052725791931152	1.0
chr6_129996672_C_T_b38	3	3.85841e-05	-8.073e-03	1.059e-01 -4.957764148712158	1.0
chr6_130002677_G_A_b38	3	3.48222e-05	6.923e-03	9.060e-02 -6.164283752441406	1.0
chr6_130002670_G_A_b38	3	3.48222e-05	6.923e-03	9.060e-02 -6.175193786621094	1.0
