chr19_48716202_T_C_b38	1	1.84329e-01	1.474e-01	2.961e-02 -5.516812801361084	1.0
chr19_48715345_C_T_b38	1	1.19667e-01	1.480e-01	3.022e-02 -5.704218864440918	1.0
chr19_48714803_C_T_b38	1	8.60083e-02	1.459e-01	3.032e-02 -5.003026962280273	1.0
chr19_48715180_A_C_b38	1	6.35532e-02	1.443e-01	3.041e-02 -5.738080978393555	1.0
chr19_48714854_G_T_b38	1	6.35532e-02	1.443e-01	3.041e-02 -5.742835521697997	1.0
chr19_48715173_A_G_b38	1	6.35532e-02	1.443e-01	3.041e-02 -5.738846778869629	1.0
chr19_48702888_G_C_b38	1	3.53612e-02	1.471e-01	3.043e-02 -4.535396099090576	1.0
chr19_48702915_C_T_b38	1	3.53612e-02	1.471e-01	3.043e-02 -4.5238680839538565	1.0
chr19_48703205_C_T_b38	1	3.53612e-02	1.471e-01	3.043e-02 -4.448750019073486	1.0
chr19_48703160_A_G_b38	1	3.53612e-02	1.471e-01	3.043e-02 -4.521910667419434	1.0
chr19_48702851_C_G_b38	1	3.53612e-02	1.471e-01	3.043e-02 -4.535579204559326	1.0
chr19_48703417_G_A_b38	1	3.53612e-02	1.471e-01	3.043e-02 -4.450500011444092	1.0
chr19_48717066_A_G_b38	1	2.40090e-02	1.372e-01	3.050e-02 -5.606989860534668	1.0
chr19_48711838_C_T_b38	1	2.02544e-02	1.390e-01	3.056e-02 -5.719113349914551	1.0
chr19_48700572_C_T_b38	1	1.82839e-02	1.474e-01	3.147e-02 -4.374053001403809	1.0
chr19_48710247_G_A_b38	1	1.19632e-02	1.289e-01	2.938e-02 -3.903825521469116	1.0
chr19_48710576_G_A_b38	1	1.19632e-02	1.289e-01	2.938e-02 -3.909714698791504	1.0
chr19_48711017_G_A_b38	1	1.17264e-02	1.324e-01	3.016e-02 -4.182164669036865	1.0
chr19_48718415_T_A_b38	1	1.15843e-02	1.307e-01	3.146e-02 -4.931681634023984	1.0
chr19_48710027_G_A_b38	1	9.20906e-03	1.277e-01	2.955e-02 -3.91888689994812	1.0
chr19_48726066_G_A_b38	1	8.61417e-03	1.329e-01	3.077e-02 -5.4767189025878915	1.0
chr19_48708712_T_C_b38	1	7.42706e-03	1.312e-01	2.956e-02 -3.858436584472656	1.0
chr19_48726268_T_C_b38	1	6.12912e-03	1.312e-01	3.103e-02 -5.5263094902038565	1.0
chr19_48722509_A_T_b38	1	4.68732e-03	1.253e-01	3.124e-02 -5.808041572570801	1.0
chr19_48724186_C_T_b38	1	3.59736e-03	1.236e-01	3.138e-02 -5.51775598526001	1.0
chr19_48704297_C_T_b38	1	2.73843e-03	1.241e-01	2.975e-02 -3.8990569114685063	1.0
chr19_48704394_T_C_b38	1	2.73843e-03	1.241e-01	2.975e-02 -3.900423288345337	1.0
chr19_48719762_C_G_b38	1	2.36202e-03	-1.017e-01	3.280e-02 3.976297616958618	1.0
chr19_48725015_T_C_b38	1	2.21602e-03	1.236e-01	3.138e-02 -5.5405378341674805	1.0
chr19_48706061_G_A_b38	1	2.06879e-03	1.208e-01	2.951e-02 -3.919340484643469	1.0
chr19_48723786_G_A_b38	1	1.98354e-03	1.180e-01	3.140e-02 -5.563377380371094	1.0
chr19_48723999_C_T_b38	1	1.98354e-03	1.180e-01	3.140e-02 -5.565413951873778	1.0
chr19_48720376_C_G_b38	1	1.93438e-03	1.057e-01	3.130e-02 -4.843851089477539	1.0
chr19_48721227_C_T_b38	1	1.77138e-03	-1.184e-01	3.200e-02 3.982242584228516	1.0
chr19_48719648_G_GC_b38	2	4.95996e-02	-1.129e-01	6.084e-02 2.31599902734497	1.0
chr19_48733208_G_A_b38	2	9.34133e-05	-3.971e-02	6.180e-02 0.8584272861480713	1.0
chr19_48720313_G_A_b38	3	1.76069e-03	9.282e-02	5.487e-02 -4.815735816955566	1.0
chr19_48719226_C_G_b38	3	1.49988e-03	-3.859e-02	7.921e-02 4.112623214721681	1.0
chr19_48721132_T_C_b38	3	1.03290e-03	1.023e-01	4.490e-02 -4.872833251953125	1.0
chr19_48721709_A_C_b38	3	9.82399e-04	1.004e-01	4.720e-02 -4.806033134460449	1.0
chr19_48703346_C_T_b38	3	3.80562e-04	-1.182e-01	3.172e-02 3.8168962001800537	1.0
chr19_48714048_A_G_b38	3	3.39138e-04	-1.085e-01	3.123e-02 3.9958400726318364	1.0
chr19_48711491_T_C_b38	3	2.31599e-04	-1.038e-01	3.103e-02 3.927033662796021	1.0
chr19_48731042_A_T_b38	3	1.46888e-04	-1.068e-01	3.114e-02 4.321270942687988	1.0
chr19_48712967_G_C_b38	3	1.43015e-04	-9.944e-02	3.143e-02 3.88726019859314	1.0
chr19_48711213_T_C_b38	3	9.60124e-05	-9.265e-02	3.100e-02 2.7139110565185547	1.0
chr19_48710809_G_A_b38	3	5.72613e-05	-8.871e-02	3.234e-02 2.254444360733032	1.0
chr19_48730149_C_A_b38	3	4.97647e-05	-9.525e-02	3.151e-02 4.338035106658936	1.0
chr19_48734290_G_A_b38	3	4.97647e-05	-9.525e-02	3.151e-02 4.237614154815674	1.0
chr19_48740962_C_A_b38	3	4.75652e-05	-9.198e-02	3.050e-02 4.194447040557861	1.0
chr19_48740963_G_A_b38	3	4.75652e-05	-9.198e-02	3.050e-02 4.163615703582764	1.0
chr19_48737749_C_G_b38	3	2.70725e-05	-8.078e-02	3.110e-02 4.3169031143188485	1.0
chr19_48738143_C_T_b38	3	2.70725e-05	-8.078e-02	3.110e-02 4.313401222229004	1.0
chr19_48744643_G_A_b38	3	2.61569e-05	-8.032e-02	3.097e-02 4.1261396408081055	1.0
chr19_48744436_C_T_b38	3	2.39325e-05	-8.189e-02	3.094e-02 4.119067192077637	1.0
chr19_48744529_G_A_b38	3	2.39325e-05	-8.189e-02	3.094e-02 4.118957042694092	1.0
chr19_48743829_A_G_b38	3	2.39325e-05	-8.189e-02	3.094e-02 4.1358280181884775	1.0
chr19_48743867_T_G_b38	3	2.39325e-05	-8.189e-02	3.094e-02 4.138902664184569	1.0
chr19_48744344_C_T_b38	3	2.39325e-05	-8.189e-02	3.094e-02 4.1198015213012695	1.0
chr19_48744706_G_T_b38	3	2.39325e-05	-8.189e-02	3.094e-02 4.124031066894531	1.0
