chr17_78803713_G_A_b38	1	1.52941e-01	-6.490e-02	1.380e-02 -7.449099540710449	1.0
chr17_78833833_G_GC_b38	1	1.34443e-01	-6.037e-02	1.406e-02 -6.484305848716866	1.0
chr17_78836051_T_C_b38	1	8.30533e-02	-5.618e-02	1.350e-02 -6.367682456970215	1.0
chr17_78793804_C_T_b38	1	6.48936e-02	-6.318e-02	1.403e-02 -7.642411708831787	1.0
chr17_78796097_G_A_b38	1	6.25455e-02	-6.327e-02	1.408e-02 -7.636820316314697	1.0
chr17_78826086_T_C_b38	1	6.18508e-02	-6.035e-02	1.412e-02 -6.564553737640381	1.0
chr17_78800381_C_T_b38	1	5.86535e-02	-6.300e-02	1.406e-02 -7.649842262268066	1.0
chr17_78794197_C_T_b38	1	2.37771e-02	-5.862e-02	1.376e-02 -7.703157424926758	1.0
chr17_78795135_G_A_b38	1	2.37771e-02	-5.862e-02	1.376e-02 -7.677995204925537	1.0
chr17_78804100_G_C_b38	1	2.30399e-02	-5.979e-02	1.404e-02 -7.159916400909424	1.0
chr17_78833133_A_G_b38	1	1.63467e-02	-5.024e-02	1.343e-02 -6.410845279693604	1.0
chr17_78835718_T_C_b38	1	1.61678e-02	-5.020e-02	1.343e-02 -6.3517374992370605	1.0
chr17_78781612_C_A_b38	1	1.59906e-02	-6.264e-02	1.399e-02 -7.566496849060059	1.0
chr17_78832072_A_G_b38	1	1.42295e-02	-4.979e-02	1.346e-02 -6.429121971130371	1.0
chr17_78797518_G_A_b38	1	1.20258e-02	-5.765e-02	1.400e-02 -7.116939067840576	1.0
chr17_78816758_T_C_b38	1	1.18976e-02	-5.378e-02	1.392e-02 -6.7038187980651855	1.0
chr17_78797803_G_A_b38	1	1.15835e-02	-5.752e-02	1.400e-02 -7.117362022399902	1.0
chr17_78743059_G_A_b38	1	9.60179e-03	-6.081e-02	1.398e-02 -7.626659393310548	1.0
chr17_78815709_GA_G_b38	1	9.57408e-03	-5.716e-02	1.406e-02 -6.6996245883731325	1.0
chr17_78765957_G_A_b38	1	8.65324e-03	-6.046e-02	1.398e-02 -7.38929557800293	1.0
chr17_78802073_C_T_b38	1	7.83969e-03	-5.586e-02	1.395e-02 -7.5567054748535165	1.0
chr17_78826049_A_G_b38	1	7.34857e-03	-5.133e-02	1.377e-02 -6.57961368560791	1.0
chr17_78797646_G_A_b38	1	6.87377e-03	-5.333e-02	1.345e-02 -6.99456262588501	1.0
chr17_78791803_T_C_b38	1	4.81788e-03	-5.271e-02	1.361e-02 -7.119255542755128	1.0
chr17_78837834_T_C_b38	1	4.66751e-03	-4.335e-02	1.331e-02 -6.41471004486084	1.0
chr17_78776206_C_T_b38	1	3.55417e-03	-5.607e-02	1.366e-02 -7.517654418945312	1.0
chr17_78802280_C_T_b38	1	2.88096e-03	-5.203e-02	1.392e-02 -7.598557472229004	1.0
chr17_78797743_G_A_b38	1	2.87730e-03	-5.028e-02	1.350e-02 -6.9904747009277335	1.0
chr17_78777556_T_C_b38	1	2.76447e-03	-5.534e-02	1.370e-02 -7.497657775878906	1.0
chr17_78798692_T_C_b38	1	2.62645e-03	-5.016e-02	1.357e-02 -6.8403358459472665	1.0
chr17_78761214_C_A_b38	1	2.50566e-03	-5.532e-02	1.379e-02 -7.365111827850343	1.0
chr17_78750243_G_A_b38	1	2.33494e-03	-5.336e-02	1.336e-02 -7.54134464263916	1.0
chr17_78793909_A_T_b38	1	2.18372e-03	-4.967e-02	1.359e-02 -7.495163440704348	1.0
chr17_78696216_G_C_b38	1	2.12372e-03	-6.177e-02	1.384e-02 -7.2434210777282715	1.0
chr17_78695482_T_C_b38	1	2.12372e-03	-6.177e-02	1.384e-02 -7.200729370117188	1.0
chr17_78697469_C_G_b38	1	2.07898e-03	-6.172e-02	1.385e-02 -7.128296375274657	1.0
chr17_78814202_C_A_b38	1	2.00492e-03	-5.005e-02	1.376e-02 -6.7509589195251465	1.0
chr17_78743768_C_T_b38	1	1.97864e-03	-5.389e-02	1.365e-02 -7.643789291381836	1.0
chr17_78733957_A_T_b38	1	1.75790e-03	-6.115e-02	1.385e-02 -7.363120079040527	1.0
chr17_78800772_T_C_b38	1	1.75756e-03	-4.901e-02	1.364e-02 -7.379850387573242	1.0
chr17_78787560_A_G_b38	1	1.69143e-03	-5.261e-02	1.348e-02 -7.239485263824463	1.0
chr17_78803778_T_C_b38	1	1.68594e-03	-4.904e-02	1.370e-02 -7.305253982543945	1.0
chr17_78733675_C_A_b38	1	1.61760e-03	-6.088e-02	1.385e-02 -7.375190258026122	1.0
chr17_78732586_C_T_b38	1	1.56752e-03	-6.097e-02	1.390e-02 -7.376969337463379	1.0
chr17_78798899_A_G_b38	1	1.55231e-03	-4.802e-02	1.351e-02 -6.842879295349121	1.0
chr17_78815721_C_T_b38	1	1.53572e-03	-4.909e-02	1.380e-02 -6.781635761260986	1.0
chr17_78841775_G_A_b38	2	3.72149e-02	3.342e-02	1.797e-02 -0.14045366644859314	1.0
chr17_78840446_A_G_b38	2	9.60449e-03	2.932e-02	1.772e-02 -0.4975719153881073	1.0
chr17_78815007_G_A_b38	2	7.70805e-03	-6.664e-02	2.051e-02 -3.586291790008545	1.0
chr17_78834928_T_C_b38	2	4.65856e-03	-4.888e-02	2.259e-02 -3.3148479461669917	1.0
chr17_78837347_C_A_b38	2	3.21282e-03	-3.623e-02	2.050e-02 -3.49283504486084	1.0
chr17_78819211_GA_G_b38	2	3.06865e-03	-5.184e-02	2.214e-02 -3.3239420225582017	1.0
chr17_78827853_G_A_b38	2	2.91105e-03	-5.166e-02	2.213e-02 -3.3585238456726074	1.0
chr17_78808236_GCGATAACTCTCAATAAATA_G_b38	2	2.46186e-03	-6.030e-02	2.087e-02 -3.3423757993303878	1.0
chr17_78829572_G_A_b38	2	1.92898e-03	-4.846e-02	2.257e-02 -3.4125399589538574	1.0
chr17_78818700_G_A_b38	2	1.39464e-03	-4.304e-02	2.201e-02 -3.5345308780670166	1.0
chr17_78818318_A_G_b38	2	1.32204e-03	-4.507e-02	2.262e-02 -3.362355709075928	1.0
chr17_78838759_G_C_b38	2	1.24091e-03	-2.388e-02	1.983e-02 -2.6879916191101074	1.0
chr17_78833304_C_T_b38	2	1.20415e-03	-3.526e-02	2.628e-02 -3.819540739059448	1.0
chr17_78821331_G_A_b38	2	1.14584e-03	-4.284e-02	2.259e-02 -3.844204425811768	1.0
chr17_78827602_C_T_b38	2	8.19845e-04	-3.894e-02	2.211e-02 -3.2958698272705083	1.0
chr17_78844832_A_G_b38	2	7.45334e-04	1.555e-02	1.827e-02 -3.0011649131774902	1.0
chr17_78844723_T_C_b38	2	6.97661e-04	1.396e-02	1.834e-02 -2.983290195465088	1.0
chr17_78809317_A_G_b38	2	4.03286e-04	-4.177e-02	1.842e-02 -3.539900541305542	1.0
chr17_78849163_A_G_b38	2	2.97987e-04	1.499e-02	1.858e-02 -2.9134316444396973	1.0
chr17_78847618_T_TGAG_b38	2	2.78565e-04	1.322e-02	1.872e-02 -3.0727356888893036	1.0
chr17_78829368_C_A_b38	2	2.16786e-04	-2.524e-02	2.139e-02 -3.306810140609741	1.0
chr17_78820117_G_A_b38	2	2.13768e-04	-2.496e-02	2.119e-02 -3.4665803909301762	1.0
chr17_78856746_A_G_b38	2	1.89262e-04	2.299e-02	1.877e-02 -3.3917467594146733	1.0
chr17_78859287_A_C_b38	2	1.68110e-04	2.104e-02	1.889e-02 -3.4426877498626713	1.0
chr17_78856015_G_A_b38	2	1.44339e-04	1.773e-02	1.572e-02 -2.967182874679565	1.0
chr17_78860884_G_A_b38	2	1.42790e-04	1.784e-02	1.897e-02 -2.952343463897705	1.0
chr17_78865356_G_A_b38	2	1.37412e-04	-1.549e-02	2.357e-02 0.8451778292655945	1.0
chr17_78862271_G_A_b38	2	1.26524e-04	-1.226e-03	2.712e-02 -0.5654220581054688	1.0
chr17_78817043_C_T_b38	2	1.03161e-04	-2.072e-02	1.847e-02 -3.310096025466919	1.0
chr17_78838839_G_C_b38	3	2.03111e-04	4.810e-02	4.176e-02 0.0	1.0
chr17_78822670_C_T_b38	3	5.54180e-05	4.629e-02	4.037e-02 0.0	1.0
chr17_78820420_G_A_b38	3	4.55804e-05	3.908e-02	4.269e-02 0.0	1.0
chr17_78827576_G_T_b38	3	4.49891e-05	3.486e-02	3.864e-02 0.0	1.0
chr17_78820607_C_G_b38	3	3.85290e-05	2.056e-02	4.358e-02 0.0	1.0
chr17_78822717_G_A_b38	3	3.85290e-05	2.056e-02	4.358e-02 0.0	1.0
chr17_78829275_A_G_b38	3	3.49016e-05	7.473e-03	4.112e-02 0.0	1.0
chr17_78820596_A_G_b38	3	3.26252e-05	2.048e-02	2.909e-02 0.5941270589828491	1.0
