chr18_35517030_G_A_b38	1	4.08637e-01	3.182e-01	6.096e-02 6.6119446754455575	1.0
chr18_35516854_C_G_b38	1	4.08636e-01	3.182e-01	6.096e-02 6.572722434997559	1.0
chr18_35517225_G_A_b38	1	6.57355e-02	3.036e-01	5.944e-02 6.652405738830566	1.0
chr18_35522736_T_C_b38	1	3.56567e-02	3.004e-01	5.993e-02 6.19952392578125	1.0
chr18_35522375_T_C_b38	1	3.56567e-02	3.004e-01	5.993e-02 6.201030731201173	1.0
chr18_35520961_A_G_b38	1	1.00248e-02	2.689e-01	5.696e-02 6.2854042053222665	1.0
chr18_35520339_T_C_b38	1	9.68255e-03	2.822e-01	5.981e-02 6.238027572631836	1.0
chr18_35466710_A_G_b38	2	7.39897e-03	7.982e-03	7.119e-02 5.9876670837402335	1.0
chr18_35466558_G_A_b38	2	4.29779e-03	-6.408e-02	6.206e-02 5.827439308166504	1.0
chr18_35456980_G_A_b38	2	2.68114e-03	-1.819e-01	7.232e-02 5.279606342315674	1.0
chr18_35450908_T_C_b38	2	1.39500e-03	-1.499e-01	7.006e-02 5.277109146118164	1.0
chr18_35468590_C_T_b38	2	1.32212e-03	-2.142e-02	7.122e-02 5.840839862823486	1.0
chr18_35468106_T_C_b38	2	1.28414e-03	1.482e-02	7.170e-02 5.851069927215576	1.0
chr18_35471759_T_C_b38	2	1.04441e-03	4.082e-02	7.604e-02 5.7552632294953145	1.0
chr18_35470352_T_TATAAA_b38	2	9.03680e-04	1.869e-02	7.441e-02 5.7552632294953145	1.0
chr18_35459142_A_G_b38	2	8.58106e-04	-8.283e-02	5.635e-02 5.9668211936950675	1.0
chr18_35462473_G_C_b38	2	8.57313e-04	1.049e-02	7.324e-02 5.653362274169923	1.0
chr18_35475130_C_CAAT_b38	2	7.45471e-04	-4.226e-03	1.038e-01 5.3315763682908965	1.0
chr18_35477269_G_GATATACCATCCA_b38	2	6.09140e-04	-1.065e-01	8.900e-02 5.164905329402276	1.0
chr18_35460131_C_T_b38	2	5.54731e-04	-5.655e-02	6.221e-02 6.126246929168701	1.0
chr18_35446723_G_A_b38	2	4.71449e-04	-9.185e-02	5.747e-02 6.404513835906982	1.0
chr18_35483229_C_A_b38	2	4.36264e-04	-6.525e-02	1.069e-01 5.430908203125	1.0
chr18_35480322_T_C_b38	2	3.98251e-04	-4.873e-02	1.095e-01 5.337049961090088	1.0
chr18_35448449_T_C_b38	2	2.35918e-04	-5.440e-02	5.249e-02 5.984166622161865	1.0
chr18_35453040_T_C_b38	2	2.31605e-04	-4.497e-02	6.195e-02 5.888583183288574	1.0
chr18_35443785_T_C_b38	2	2.29185e-04	-4.380e-02	6.192e-02 5.86168909072876	1.0
chr18_35444402_C_T_b38	2	2.15440e-04	-2.845e-02	6.886e-02 6.468976974487305	1.0
chr18_35477243_C_CA_b38	2	2.15091e-04	1.836e-02	7.545e-02 5.918363766723258	1.0
chr18_35444143_G_A_b38	2	2.08998e-04	-2.167e-02	6.946e-02 6.633091926574707	1.0
chr18_35425955_A_G_b38	3	6.78457e-04	1.612e-01	4.540e-02 2.367300748825073	1.0
chr18_35418704_A_C_b38	3	4.40634e-04	1.548e-01	4.523e-02 2.2896008491516118	1.0
chr18_35414152_A_G_b38	3	6.96402e-05	1.515e-01	4.488e-02 1.7822157144546509	1.0
chr18_35421829_G_T_b38	3	5.27673e-05	1.311e-01	4.645e-02 1.9228334426879885	1.0
chr18_35430978_C_T_b38	3	4.74962e-05	1.270e-01	4.633e-02 1.1946603059768677	1.0
chr18_35435275_G_A_b38	3	3.15360e-05	1.202e-01	4.705e-02 0.5458645820617676	1.0
