chr3_73062658_A_G_b38	1	1.25455e-01	1.353e-01	2.369e-02 4.374284744262694	1.0
chr3_73062217_T_C_b38	1	1.25455e-01	1.353e-01	2.369e-02 4.412782669067383	1.0
chr3_73063823_A_T_b38	1	7.22122e-02	1.354e-01	2.364e-02 4.419823169708252	1.0
chr3_73062847_C_T_b38	1	6.68424e-02	1.353e-01	2.369e-02 4.435274124145508	1.0
chr3_73060925_G_A_b38	1	5.57687e-02	1.313e-01	2.374e-02 4.249186992645264	1.0
chr3_73056016_T_C_b38	1	4.16330e-02	1.379e-01	2.371e-02 4.440863132476807	1.0
chr3_73063227_A_G_b38	1	3.84402e-02	1.337e-01	2.385e-02 4.41907262802124	1.0
chr3_73063768_T_TA_b38	1	3.84402e-02	1.337e-01	2.385e-02 4.279035429477275	1.0
chr3_73064377_C_G_b38	1	3.20576e-02	1.362e-01	2.409e-02 4.350468158721924	1.0
chr3_73060089_G_A_b38	1	2.72052e-02	1.313e-01	2.364e-02 4.442710876464844	1.0
chr3_73059517_C_T_b38	1	2.72052e-02	1.313e-01	2.364e-02 4.410872936248778	1.0
chr3_73055135_C_G_b38	1	2.17842e-02	1.354e-01	2.378e-02 4.218377590179443	1.0
chr3_73066635_T_C_b38	1	1.90694e-02	1.313e-01	2.364e-02 4.401397705078125	1.0
chr3_73054018_A_G_b38	1	1.44190e-02	1.332e-01	2.373e-02 4.2796339988708505	1.0
chr3_73052583_TTTG_T_b38	1	1.36036e-02	1.335e-01	2.384e-02 4.315366115929848	1.0
chr3_73039539_G_A_b38	1	1.12250e-02	1.354e-01	2.378e-02 4.255541801452637	1.0
chr3_73036972_T_C_b38	1	1.12250e-02	1.354e-01	2.378e-02 4.2606844902038565	1.0
chr3_73039713_G_A_b38	1	1.12250e-02	1.354e-01	2.378e-02 4.2564239501953125	1.0
chr3_73039828_A_G_b38	1	1.12250e-02	1.354e-01	2.378e-02 4.262696266174316	1.0
chr3_73041073_A_G_b38	1	1.12250e-02	1.354e-01	2.378e-02 4.361912250518799	1.0
chr3_73041017_A_ATTT_b38	1	1.12250e-02	1.354e-01	2.378e-02 4.269579278622117	1.0
chr3_73039331_T_C_b38	1	1.12250e-02	1.354e-01	2.378e-02 4.262667179107666	1.0
chr3_73055226_G_A_b38	1	1.07296e-02	1.313e-01	2.364e-02 4.437925815582275	1.0
chr3_73044907_C_T_b38	1	8.72512e-03	1.346e-01	2.385e-02 4.470500946044922	1.0
chr3_73054038_A_G_b38	1	8.16171e-03	1.310e-01	2.381e-02 4.278638839721681	1.0
chr3_73053091_T_C_b38	1	8.16171e-03	1.310e-01	2.381e-02 4.295835494995116	1.0
chr3_73053691_T_C_b38	1	8.16171e-03	1.310e-01	2.381e-02 4.278244495391847	1.0
chr3_73051003_C_T_b38	1	7.01715e-03	1.335e-01	2.384e-02 4.295204639434815	1.0
chr3_73053324_C_T_b38	1	6.76352e-03	1.305e-01	2.390e-02 4.270891189575194	1.0
chr3_73045047_C_G_b38	1	6.11681e-03	1.326e-01	2.379e-02 4.518286228179932	1.0
chr3_73047440_A_ATAAT_b38	1	5.69004e-03	1.329e-01	2.391e-02 4.347856150530651	1.0
chr3_73045927_T_C_b38	1	5.52903e-03	1.327e-01	2.389e-02 4.337246894836427	1.0
chr3_73042958_A_G_b38	1	5.52903e-03	1.327e-01	2.389e-02 4.330094337463379	1.0
chr3_73043300_G_GAAATT_b38	1	5.52903e-03	1.327e-01	2.389e-02 4.361894023084304	1.0
chr3_73045893_G_A_b38	1	5.52903e-03	1.327e-01	2.389e-02 4.333677291870116	1.0
chr3_73043102_T_TAGTG_b38	1	5.52903e-03	1.327e-01	2.389e-02 4.361894023084304	1.0
chr3_73044568_G_A_b38	1	5.19872e-03	1.327e-01	2.394e-02 4.3177576065063485	1.0
chr3_73041311_G_T_b38	1	4.97563e-03	1.313e-01	2.373e-02 4.260473728179932	1.0
chr3_73048901_G_T_b38	1	4.21005e-03	1.310e-01	2.381e-02 4.299034118652344	1.0
chr3_73049175_G_A_b38	1	4.21005e-03	1.310e-01	2.381e-02 4.3071322441101065	1.0
chr3_73049422_C_T_b38	1	4.21005e-03	1.310e-01	2.381e-02 4.302030086517334	1.0
chr3_73051049_C_G_b38	1	4.21005e-03	1.310e-01	2.381e-02 4.2942094802856445	1.0
chr3_73062822_A_G_b38	1	4.04413e-03	1.249e-01	2.427e-02 4.398716449737549	1.0
chr3_73033178_T_C_b38	1	3.93754e-03	1.354e-01	2.378e-02 4.233426570892334	1.0
chr3_73067565_A_T_b38	1	2.98535e-03	1.252e-01	2.366e-02 4.408714771270752	1.0
chr3_73061902_A_G_b38	1	2.59619e-03	1.151e-01	2.495e-02 3.9551920890808105	1.0
chr3_73047865_C_T_b38	1	2.48783e-03	1.286e-01	2.384e-02 4.311275005340576	1.0
chr3_73016226_A_G_b38	1	2.02156e-03	1.324e-01	2.378e-02 4.211181640625	1.0
chr3_73015259_C_A_b38	1	2.02156e-03	1.324e-01	2.378e-02 4.207133293151856	1.0
chr3_73016418_T_C_b38	1	2.02156e-03	1.324e-01	2.378e-02 4.2129478454589835	1.0
chr3_73016081_C_A_b38	1	2.02156e-03	1.324e-01	2.378e-02 4.210314750671387	1.0
chr3_73017346_T_C_b38	1	2.02156e-03	1.324e-01	2.378e-02 4.211721897125243	1.0
chr3_73015226_G_C_b38	1	2.02156e-03	1.324e-01	2.378e-02 4.265969753265382	1.0
chr3_73013779_C_T_b38	1	2.02156e-03	1.324e-01	2.378e-02 4.204854488372804	1.0
chr3_73013492_A_AAAAG_b38	1	2.02156e-03	1.324e-01	2.378e-02 4.2283979740400905	1.0
chr3_73017357_G_GT_b38	1	2.02156e-03	1.324e-01	2.378e-02 4.2283979740400905	1.0
chr3_73012387_G_C_b38	1	2.02156e-03	1.324e-01	2.378e-02 4.187581062316895	1.0
chr3_73019660_A_C_b38	1	1.73458e-03	1.313e-01	2.373e-02 4.237802982330321	1.0
chr3_73022463_A_T_b38	1	1.73458e-03	1.313e-01	2.373e-02 4.22635555267334	1.0
chr3_73023551_A_G_b38	1	1.73458e-03	1.313e-01	2.373e-02 4.2282676696777335	1.0
chr3_73026501_A_ATT_b38	1	1.67269e-03	1.318e-01	2.385e-02 4.246775154943365	1.0
chr3_73071011_C_T_b38	1	1.34471e-03	1.231e-01	2.402e-02 2.679452896118164	1.0
chr3_72999194_G_C_b38	1	1.28812e-03	1.346e-01	2.368e-02 4.509369850158691	1.0
chr3_73061366_G_A_b38	2	1.25614e-02	1.368e-03	6.150e-02 1.037040948867798	1.0
chr3_73060740_G_A_b38	2	6.12702e-03	4.783e-02	6.060e-02 1.0307087898254397	1.0
chr3_73052434_C_G_b38	2	7.97087e-04	4.919e-02	6.142e-02 1.017572045326233	1.0
chr3_73040351_C_T_b38	2	3.58289e-04	5.043e-02	6.217e-02 0.9657112360000609	1.0
chr3_73037456_C_G_b38	2	3.58289e-04	5.043e-02	6.217e-02 1.0206811428070068	1.0
chr3_73050440_A_G_b38	2	3.58289e-04	5.043e-02	6.217e-02 1.0177590847015379	1.0
chr3_73045749_A_T_b38	2	3.31640e-04	4.218e-02	6.397e-02 0.9551576375961304	1.0
chr3_73050421_CAT_C_b38	2	3.31640e-04	4.218e-02	6.397e-02 1.2857296701647023	1.0
chr3_73046441_C_G_b38	2	2.93136e-04	2.626e-02	5.842e-02 0.9555018544197084	1.0
