chr19_44946027_T_G_b38	1	3.17780e-01	4.759e-01	8.446e-02 -5.51774787902832	1.0
chr19_44945942_C_G_b38	1	9.20031e-02	4.535e-01	8.775e-02 -5.630980014801025	1.0
chr19_44948363_T_A_b38	1	7.46335e-02	4.769e-01	8.549e-02 -5.62101936340332	1.0
chr19_44947671_T_C_b38	1	7.46335e-02	4.769e-01	8.549e-02 -5.6374382972717285	1.0
chr19_44951509_G_A_b38	1	3.15071e-02	4.783e-01	8.458e-02 -5.603460311889648	1.0
chr19_44947151_T_C_b38	1	2.95318e-02	4.684e-01	8.005e-02 -4.796941960544331	1.0
chr19_44943904_T_C_b38	1	2.33622e-02	4.609e-01	8.861e-02 -5.297784328460693	1.0
chr19_44948185_A_G_b38	1	1.91239e-02	4.643e-01	8.045e-02 -4.762344837188722	1.0
chr19_44947615_A_G_b38	1	1.91239e-02	4.643e-01	8.045e-02 -4.796388149261475	1.0
chr19_44967087_C_T_b38	1	1.63308e-02	-4.754e-01	8.438e-02 5.69353723526001	1.0
chr19_44957507_G_A_b38	1	1.55978e-02	4.793e-01	8.422e-02 -5.660904884338379	1.0
chr19_44946776_C_T_b38	1	1.34159e-02	4.528e-01	8.270e-02 -4.820891857147217	1.0
chr19_44949078_T_C_b38	1	1.30611e-02	4.542e-01	9.008e-02 -5.625349998474121	1.0
chr19_44949894_T_G_b38	1	1.06381e-02	4.662e-01	7.888e-02 -4.684561729431152	1.0
chr19_44949887_C_T_b38	1	1.06381e-02	4.662e-01	7.888e-02 -4.6774582862854	1.0
chr19_44950399_G_A_b38	1	1.06381e-02	4.662e-01	7.888e-02 -4.76034688949585	1.0
chr19_44949908_C_T_b38	1	1.06381e-02	4.662e-01	7.888e-02 -4.68516731262207	1.0
chr19_44950621_G_A_b38	1	1.06381e-02	4.662e-01	7.888e-02 -4.755685329437256	1.0
chr19_44944779_T_C_b38	1	9.08388e-03	4.531e-01	8.945e-02 -4.88985013961792	1.0
chr19_44953848_A_G_b38	1	7.98950e-03	4.670e-01	7.812e-02 -4.750554084777832	1.0
chr19_44953371_C_T_b38	1	7.98950e-03	4.670e-01	7.812e-02 -4.73993730545044	1.0
chr19_44951106_G_A_b38	1	7.98950e-03	4.670e-01	7.812e-02 -4.758887767791748	1.0
chr19_44953240_T_C_b38	1	7.98950e-03	4.670e-01	7.812e-02 -4.756617069244385	1.0
chr19_44954889_A_C_b38	1	7.98950e-03	4.670e-01	7.812e-02 -4.779576301574707	1.0
chr19_44952449_C_T_b38	1	7.98950e-03	4.670e-01	7.812e-02 -4.800145626068115	1.0
chr19_44953968_G_A_b38	1	7.98950e-03	4.670e-01	7.812e-02 -4.749102115631104	1.0
chr19_44951429_T_C_b38	1	7.98950e-03	4.670e-01	7.812e-02 -4.766761302947998	1.0
chr19_44952648_C_T_b38	1	7.98950e-03	4.670e-01	7.812e-02 -4.753665817203816	1.0
chr19_44952730_T_C_b38	1	7.98950e-03	4.670e-01	7.812e-02 -4.77757126333295	1.0
chr19_44952644_C_G_b38	1	7.98950e-03	4.670e-01	7.812e-02 -4.77757126333295	1.0
chr19_44954049_C_T_b38	1	7.98950e-03	4.670e-01	7.812e-02 -4.819719314575195	1.0
chr19_44952727_TA_T_b38	1	7.98950e-03	4.670e-01	7.812e-02 -4.77757126333295	1.0
chr19_44952664_A_G_b38	1	7.98950e-03	4.670e-01	7.812e-02 -4.77757126333295	1.0
chr19_44952709_C_T_b38	1	7.98950e-03	4.670e-01	7.812e-02 -4.77757126333295	1.0
chr19_44953684_G_A_b38	1	7.98950e-03	4.670e-01	7.812e-02 -4.742504596710205	1.0
chr19_44952458_C_G_b38	1	7.98950e-03	4.670e-01	7.812e-02 -4.79886531829834	1.0
chr19_44952989_T_C_b38	1	7.98950e-03	4.670e-01	7.812e-02 -4.834252245637963	1.0
chr19_44941485_A_G_b38	1	5.47481e-03	4.472e-01	8.941e-02 -4.962097548347688	1.0
chr19_44962887_T_C_b38	1	3.88909e-03	4.711e-01	7.421e-02 -4.713849067687988	1.0
chr19_44962801_T_C_b38	1	3.88909e-03	4.711e-01	7.421e-02 -4.724915504455566	1.0
chr19_44963068_T_C_b38	1	3.88909e-03	4.711e-01	7.421e-02 -4.713560581207275	1.0
chr19_44954310_T_C_b38	1	3.43895e-03	4.570e-01	7.745e-02 -4.683082073951574	1.0
chr19_44956594_T_C_b38	1	3.41900e-03	4.728e-01	7.497e-02 -4.764233589172363	1.0
chr19_44956414_G_A_b38	1	3.41900e-03	4.728e-01	7.497e-02 -4.741052150726318	1.0
chr19_44950979_G_A_b38	1	3.26895e-03	4.589e-01	7.638e-02 -4.767944812774658	1.0
chr19_44941370_TCTC_T_b38	2	2.01395e-02	2.631e-01	1.078e-01 -3.0593156596595854	1.0
chr19_44943014_C_T_b38	2	1.58753e-02	2.522e-01	1.073e-01 -3.0674128179001148	1.0
chr19_44941309_G_T_b38	2	1.22730e-02	2.353e-01	1.047e-01 -2.8367769718170166	1.0
chr19_44945208_T_G_b38	2	1.19017e-02	1.755e-01	1.054e-01 -2.769097328186035	1.0
chr19_44940660_A_ATTGTT_b38	2	1.06061e-02	2.653e-01	1.062e-01 -3.0593156596595854	1.0
chr19_44939831_G_C_b38	2	6.32724e-03	2.405e-01	1.030e-01 -2.7266271114349365	1.0
chr19_44940247_A_G_b38	2	5.99623e-03	2.443e-01	1.077e-01 -2.7656965255737305	1.0
chr19_44937272_G_A_b38	2	4.88123e-03	2.283e-01	1.031e-01 -2.7617244720458984	1.0
chr19_44940390_T_C_b38	2	4.46669e-03	2.310e-01	1.074e-01 -3.1010876618099315	1.0
chr19_44939092_T_C_b38	2	3.83636e-03	2.206e-01	1.032e-01 -2.6776816844940186	1.0
chr19_44939262_A_T_b38	2	3.83636e-03	2.206e-01	1.032e-01 -2.6799030303955083	1.0
chr19_44949555_C_T_b38	2	2.07138e-03	1.669e-01	1.006e-01 -3.941084384918213	1.0
chr19_44949982_G_A_b38	2	2.07138e-03	1.669e-01	1.006e-01 -3.8256621360778813	1.0
chr19_44949437_G_GT_b38	2	2.07138e-03	1.669e-01	1.006e-01 -3.8531646942033686	1.0
chr19_44955336_C_T_b38	2	1.56340e-03	1.669e-01	1.006e-01 -3.83333158493042	1.0
chr19_44955668_C_T_b38	2	1.56340e-03	1.669e-01	1.006e-01 -3.830970048904419	1.0
chr19_44954136_T_C_b38	2	1.56340e-03	1.669e-01	1.006e-01 -3.8613527167271156	1.0
chr19_44987312_A_G_b38	2	1.29733e-03	2.575e-01	1.102e-01 -3.6115493774414062	1.0
chr19_44992424_A_G_b38	2	1.19963e-03	2.510e-01	1.088e-01 -3.5989372730255127	1.0
chr19_44980181_A_C_b38	2	1.19963e-03	2.510e-01	1.088e-01 -3.615516185760498	1.0
chr19_44989803_T_C_b38	2	1.19963e-03	2.510e-01	1.088e-01 -3.589258909225464	1.0
chr19_44986934_A_G_b38	2	1.19963e-03	2.510e-01	1.088e-01 -3.6052930355072017	1.0
chr19_44964531_TAACTC_T_b38	2	7.04613e-04	1.656e-01	1.006e-01 -4.097467626426631	1.0
chr19_44958085_G_C_b38	2	7.04613e-04	1.656e-01	1.006e-01 -4.077650070190431	1.0
chr19_44964441_G_A_b38	2	7.04613e-04	1.656e-01	1.006e-01 -4.081035137176514	1.0
chr19_44993518_A_G_b38	2	6.62911e-04	2.185e-01	1.015e-01 -3.6094250679016113	1.0
chr19_44969840_A_G_b38	2	5.93097e-04	1.537e-01	9.878e-02 -3.983054399490357	1.0
chr19_44996130_T_C_b38	2	3.41792e-04	2.390e-01	9.910e-02 -3.542958498001098	1.0
chr19_44979313_C_T_b38	2	1.62672e-04	1.754e-01	1.000e-01 -4.193227291107179	1.0
chr19_44993366_T_G_b38	2	1.34743e-04	1.646e-01	1.008e-01 -4.1935386657714835	1.0
chr19_44984875_C_T_b38	2	1.34533e-04	1.643e-01	1.003e-01 -4.183609962463379	1.0
chr19_44986807_C_T_b38	2	1.34533e-04	1.643e-01	1.003e-01 -4.1838951110839835	1.0
chr19_44982205_C_A_b38	2	1.34533e-04	1.643e-01	1.003e-01 -4.157752513885498	1.0
chr19_44993738_C_T_b38	2	1.34533e-04	1.643e-01	1.003e-01 -4.129593372344972	1.0
chr19_44976780_A_G_b38	2	1.34533e-04	1.643e-01	1.003e-01 -4.138150215148927	1.0
chr19_44994594_G_A_b38	2	1.34533e-04	1.643e-01	1.003e-01 -4.124475955963135	1.0
chr19_44992410_G_C_b38	2	1.34533e-04	1.643e-01	1.003e-01 -4.188396453857422	1.0
chr19_44982208_G_A_b38	2	1.34533e-04	1.643e-01	1.003e-01 -4.156470775604248	1.0
chr19_44978627_C_T_b38	2	1.34533e-04	1.643e-01	1.003e-01 -4.1959099769592285	1.0
chr19_44971423_C_T_b38	2	1.14276e-04	1.527e-01	9.845e-02 -4.041501045227052	1.0
chr19_44971580_T_G_b38	2	1.14276e-04	1.527e-01	9.845e-02 -4.0397305488586435	1.0
chr19_44971619_C_T_b38	2	1.14276e-04	1.527e-01	9.845e-02 -4.040985107421875	1.0
chr19_44987378_T_C_b38	2	8.49917e-05	-1.213e-01	1.128e-01 4.418854236602783	1.0
chr19_44987916_A_G_b38	2	8.49917e-05	-1.213e-01	1.128e-01 4.429899215698242	1.0
chr19_45005589_C_G_b38	2	6.83210e-05	1.797e-01	1.030e-01 -4.125521659851073	1.0
chr19_44935386_A_G_b38	3	8.37092e-04	2.175e-01	7.963e-02 1.2516863800052669	1.0
