chr1_112673095_C_T_b38	1	2.75814e-01	9.152e-02	2.157e-02 -7.676438808441162	1.0
chr1_112673015_C_T_b38	1	2.30134e-01	9.075e-02	2.163e-02 -7.688223838806152	1.0
chr1_112674689_G_C_b38	1	1.16588e-01	1.087e-01	2.438e-02 -5.930749244012247	1.0
chr1_112659581_TCTCTC_T_b38	1	4.81657e-02	1.065e-01	2.293e-02 -6.862126757672436	1.0
chr1_112680611_G_A_b38	1	3.47651e-02	9.603e-02	2.184e-02 -7.634502511822466	1.0
chr1_112694549_A_G_b38	1	2.56792e-02	9.415e-02	2.097e-02 -7.6965413093566895	1.0
chr1_112694059_C_T_b38	1	1.71064e-02	9.184e-02	2.093e-02 -7.696408271789551	1.0
chr1_112692264_T_C_b38	1	1.71064e-02	9.184e-02	2.093e-02 -7.7254981994628915	1.0
chr1_112695971_G_A_b38	1	1.71064e-02	9.184e-02	2.093e-02 -7.716238975524902	1.0
chr1_112697484_A_T_b38	1	1.71064e-02	9.184e-02	2.093e-02 -7.718014240264893	1.0
chr1_112691557_C_T_b38	1	1.71064e-02	9.184e-02	2.093e-02 -7.736246585845947	1.0
chr1_112693912_A_T_b38	1	1.71064e-02	9.184e-02	2.093e-02 -7.6925811767578125	1.0
chr1_112691076_T_C_b38	1	1.71064e-02	9.184e-02	2.093e-02 -7.718419551849365	1.0
chr1_112659949_G_A_b38	1	1.33033e-02	9.255e-02	2.139e-02 -7.677719593048097	1.0
chr1_112664621_C_A_b38	1	9.72688e-03	8.792e-02	2.160e-02 -7.656267642974853	1.0
chr1_112648185_A_C_b38	1	9.67217e-03	9.143e-02	2.154e-02 -7.696475505828857	1.0
chr1_112688664_T_C_b38	1	8.12814e-03	9.066e-02	2.160e-02 -7.616119384765625	1.0
chr1_112693608_G_A_b38	1	8.12814e-03	9.066e-02	2.160e-02 -7.595089912414551	1.0
chr1_112699500_T_G_b38	1	7.47271e-03	9.228e-02	2.079e-02 -7.682476043701173	1.0
chr1_112654274_G_A_b38	1	7.11215e-03	1.038e-01	2.486e-02 -5.9053168296813965	1.0
chr1_112698168_G_T_b38	1	6.11943e-03	9.180e-02	2.092e-02 -7.71724271774292	1.0
chr1_112698430_T_C_b38	1	5.67413e-03	9.143e-02	2.092e-02 -7.710350036621094	1.0
chr1_112696760_G_A_b38	1	5.60195e-03	8.808e-02	2.148e-02 -7.618443012237549	1.0
chr1_112700426_C_T_b38	1	5.43377e-03	9.121e-02	2.093e-02 -7.694627285003662	1.0
chr1_112639098_AC_A_b38	1	3.88875e-03	9.261e-02	2.163e-02 -7.8494149628798535	1.0
chr1_112627045_T_G_b38	1	3.12919e-03	9.097e-02	2.153e-02 -7.68387508392334	1.0
chr1_112673164_A_G_b38	2	1.14280e-02	-2.362e-02	1.988e-02 -4.601024150848389	1.0
chr1_112673921_A_G_b38	2	3.84904e-03	-2.373e-02	1.978e-02 -4.599433898925781	1.0
chr1_112671475_G_A_b38	2	1.77976e-03	-2.371e-02	1.979e-02 -4.592843532562256	1.0
chr1_112676019_TGGG_T_b38	2	1.03270e-03	2.324e-02	1.985e-02 4.703554907887326	1.0
chr1_112676766_A_T_b38	2	8.73869e-04	-2.039e-02	1.878e-02 -4.624667644500732	1.0
chr1_112664298_A_G_b38	2	5.54335e-04	-2.405e-02	1.972e-02 -4.558868408203125	1.0
chr1_112667912_A_C_b38	2	5.52533e-04	-2.397e-02	1.970e-02 -4.5884318351745605	1.0
chr1_112682292_T_C_b38	2	5.22594e-04	-2.251e-02	1.902e-02 -4.709978103637695	1.0
chr1_112663880_G_C_b38	2	4.77380e-04	2.084e-02	1.993e-02 4.669942855834961	1.0
chr1_112649983_G_A_b38	2	3.16397e-04	-2.715e-02	1.968e-02 -4.60872220993042	1.0
chr1_112655469_A_T_b38	2	2.62457e-04	-2.378e-02	1.969e-02 -4.573013782501222	1.0
chr1_112655347_C_T_b38	2	2.62457e-04	-2.378e-02	1.969e-02 -4.573277473449707	1.0
chr1_112658175_G_A_b38	2	2.62457e-04	-2.378e-02	1.969e-02 -4.563024044036865	1.0
chr1_112658790_G_C_b38	2	2.62457e-04	-2.378e-02	1.969e-02 -4.562968254089356	1.0
chr1_112648562_T_C_b38	2	2.49456e-04	-2.274e-02	1.966e-02 -4.6822907754812215	1.0
chr1_112686001_G_A_b38	2	2.33709e-04	2.121e-02	1.982e-02 4.654323101043701	1.0
chr1_112650742_G_A_b38	2	2.33707e-04	-2.136e-02	1.972e-02 -4.70810079574585	1.0
chr1_112655500_C_CA_b38	2	1.66682e-04	-1.804e-02	1.890e-02 -4.652523528350726	1.0
chr1_112688136_A_G_b38	2	1.38701e-04	-1.813e-03	2.154e-02 -5.449976921081543	1.0
chr1_112632807_T_A_b38	2	7.73832e-05	-2.414e-02	1.971e-02 -4.602431297302246	1.0
chr1_112634448_G_T_b38	2	7.73832e-05	-2.414e-02	1.971e-02 -4.60260534286499	1.0
chr1_112646431_G_A_b38	2	3.65902e-05	-2.087e-02	1.967e-02 -4.61116886138916	1.0
chr1_112675881_T_C_b38	3	1.32602e-03	-5.704e-02	1.799e-02 0.4671071469783783	1.0
chr1_112671759_T_G_b38	3	9.58791e-04	-5.310e-02	1.857e-02 -0.07626532018184662	1.0
chr1_112665417_T_C_b38	3	2.69166e-04	-4.940e-02	1.666e-02 2.062154531478882	1.0
chr1_112664909_T_C_b38	3	2.69166e-04	-4.940e-02	1.666e-02 2.062142848968506	1.0
chr1_112693799_G_A_b38	3	2.67371e-04	-5.321e-02	1.666e-02 0.4909636974334717	1.0
chr1_112679834_G_T_b38	3	2.10809e-04	-4.772e-02	1.663e-02 2.0505354404449463	1.0
chr1_112680472_C_T_b38	3	2.10809e-04	-4.772e-02	1.663e-02 1.7000823962275435	1.0
chr1_112679036_G_A_b38	3	2.10809e-04	-4.772e-02	1.663e-02 1.9327467679977417	1.0
chr1_112691834_G_A_b38	3	1.44866e-04	-4.957e-02	1.662e-02 2.0088083744049072	1.0
chr1_112693465_C_T_b38	3	1.44866e-04	-4.957e-02	1.662e-02 1.9814578294754028	1.0
chr1_112690571_G_A_b38	3	1.40944e-04	-4.948e-02	1.665e-02 2.0251226425170903	1.0
chr1_112653167_G_A_b38	3	1.37501e-04	-4.940e-02	1.666e-02 2.0225377082824707	1.0
chr1_112659795_G_A_b38	3	1.37501e-04	-4.940e-02	1.666e-02 2.0923111438751216	1.0
chr1_112658049_T_G_b38	3	1.37501e-04	-4.940e-02	1.666e-02 2.068316698074341	1.0
chr1_112655108_G_A_b38	3	1.32998e-04	-4.931e-02	1.669e-02 2.0518951416015625	1.0
chr1_112655178_A_G_b38	3	1.32998e-04	-4.931e-02	1.669e-02 2.0551044940948486	1.0
chr1_112638779_A_G_b38	3	1.29868e-04	-5.766e-02	1.745e-02 0.5225850343704224	1.0
chr1_112624254_C_A_b38	3	1.25192e-04	-5.753e-02	1.747e-02 0.4665597677230835	1.0
chr1_112626827_G_A_b38	3	4.53422e-05	-4.931e-02	1.669e-02 2.0265121459960938	1.0
chr1_112608583_T_C_b38	3	4.35867e-05	5.773e-02	1.748e-02 -0.4778804779052734	1.0
chr1_112628967_C_T_b38	3	3.02777e-05	-4.691e-02	1.673e-02 0.7916789650917053	1.0
chr1_112633640_T_A_b38	3	2.96069e-05	-4.850e-02	1.740e-02 0.8763158917427063	1.0
chr1_112586182_G_C_b38	3	2.68186e-05	5.450e-02	1.736e-02 -0.473749190568924	1.0
chr1_112703607_T_A_b38	3	2.67538e-05	-4.449e-02	1.618e-02 0.38687026500701904	1.0
chr1_112704505_G_C_b38	3	2.58585e-05	-4.402e-02	1.608e-02 0.3117283880710602	1.0
chr1_112602772_A_G_b38	3	1.62334e-05	4.918e-02	1.656e-02 -1.953261137008667	1.0
chr1_112601641_T_C_b38	3	1.62334e-05	4.918e-02	1.656e-02 -1.939708113670349	1.0
chr1_112589739_T_C_b38	3	1.56597e-05	4.901e-02	1.658e-02 -1.917643427848816	1.0
chr1_112589771_A_G_b38	3	1.56597e-05	4.901e-02	1.658e-02 -1.935757279396057	1.0
chr1_112613804_C_T_b38	3	1.56597e-05	4.901e-02	1.658e-02 -1.9658023118972776	1.0
chr1_112593607_T_C_b38	3	1.56597e-05	4.901e-02	1.658e-02 -1.9260950088500977	1.0
chr1_112581112_A_C_b38	3	1.56597e-05	4.901e-02	1.658e-02 -1.9351958036422732	1.0
chr1_112614432_C_T_b38	3	1.56597e-05	4.901e-02	1.658e-02 -1.990731120109558	1.0
chr1_112614238_A_AAAAC_b38	3	1.56597e-05	4.901e-02	1.658e-02 -1.8156151090737944	1.0
chr1_112611778_C_T_b38	3	1.56597e-05	4.901e-02	1.658e-02 -1.981080651283264	1.0
chr1_112580334_T_G_b38	3	1.56597e-05	4.901e-02	1.658e-02 -1.934830904006958	1.0
