chr3_72999194_G_C_b38	1	5.58657e-02	-2.376e-01	4.581e-02 4.509369850158691	1.0
chr3_73009568_T_C_b38	1	2.77651e-02	-2.406e-01	4.499e-02 4.1923418045043945	1.0
chr3_72999210_G_C_b38	1	2.60108e-02	-2.326e-01	4.731e-02 4.23677921295166	1.0
chr3_73001604_G_A_b38	1	1.94862e-02	-2.326e-01	4.731e-02 4.258623123168944	1.0
chr3_73001763_T_C_b38	1	1.94862e-02	-2.326e-01	4.731e-02 4.253870964050293	1.0
chr3_73026903_C_T_b38	1	1.84325e-02	-2.481e-01	4.440e-02 4.2590012550353995	1.0
chr3_73031297_T_C_b38	1	1.84325e-02	-2.481e-01	4.440e-02 4.211443901062012	1.0
chr3_73027133_G_A_b38	1	1.84325e-02	-2.481e-01	4.440e-02 4.259007453918457	1.0
chr3_73025591_A_G_b38	1	1.84325e-02	-2.481e-01	4.440e-02 4.2673702239990225	1.0
chr3_72998886_A_C_b38	1	1.70125e-02	-2.331e-01	4.762e-02 3.5726735591888428	1.0
chr3_73024972_T_C_b38	1	1.58181e-02	-2.447e-01	4.358e-02 3.651692152023315	1.0
chr3_73003897_T_A_b38	1	1.37091e-02	-2.326e-01	4.731e-02 4.22857141494751	1.0
chr3_73002523_A_G_b38	1	1.37091e-02	-2.326e-01	4.731e-02 4.218528270721436	1.0
chr3_73004125_T_C_b38	1	1.37091e-02	-2.326e-01	4.731e-02 4.235563278198241	1.0
chr3_73003288_C_T_b38	1	1.37091e-02	-2.326e-01	4.731e-02 4.257542133331299	1.0
chr3_73005620_C_G_b38	1	1.37091e-02	-2.326e-01	4.731e-02 4.2283979740400905	1.0
chr3_73006377_T_G_b38	1	1.37091e-02	-2.326e-01	4.731e-02 4.195111274719238	1.0
chr3_73001803_G_A_b38	1	1.37091e-02	-2.326e-01	4.731e-02 4.2283979740400905	1.0
chr3_73004793_A_C_b38	1	1.37091e-02	-2.326e-01	4.731e-02 4.2349228858947745	1.0
chr3_73001798_A_T_b38	1	1.37091e-02	-2.326e-01	4.731e-02 4.2283979740400905	1.0
chr3_73001483_AG_A_b38	1	1.12716e-02	-2.310e-01	4.766e-02 3.552754779094806	1.0
chr3_73001463_A_C_b38	1	1.12716e-02	-2.310e-01	4.766e-02 3.6870718002319336	1.0
chr3_73004448_A_G_b38	1	8.96585e-03	-2.331e-01	4.762e-02 3.612614154815674	1.0
chr3_73002027_AATC_A_b38	1	8.96585e-03	-2.331e-01	4.762e-02 3.552754779094806	1.0
chr3_73026259_G_A_b38	1	8.85038e-03	-2.433e-01	4.463e-02 3.6154496669769287	1.0
chr3_73028893_A_G_b38	1	8.05179e-03	-2.421e-01	4.456e-02 3.644801616668701	1.0
chr3_73027252_A_T_b38	1	8.05179e-03	-2.421e-01	4.456e-02 3.6443333625793457	1.0
chr3_73028063_C_G_b38	1	8.05179e-03	-2.421e-01	4.456e-02 3.6451516151428223	1.0
chr3_73006681_A_C_b38	1	7.92992e-03	-2.310e-01	4.766e-02 3.6255600452423096	1.0
chr3_73003199_T_C_b38	1	7.92992e-03	-2.310e-01	4.766e-02 3.6439688205718994	1.0
chr3_73001804_T_G_b38	1	7.92992e-03	-2.310e-01	4.766e-02 3.552754779094806	1.0
chr3_73003614_C_A_b38	1	7.92992e-03	-2.310e-01	4.766e-02 3.6450510025024414	1.0
chr3_73005761_G_A_b38	1	7.92992e-03	-2.310e-01	4.766e-02 3.6172609329223633	1.0
chr3_73004736_A_G_b38	1	7.92992e-03	-2.310e-01	4.766e-02 3.646142959594727	1.0
chr3_73003903_A_T_b38	1	7.92992e-03	-2.310e-01	4.766e-02 3.648136854171753	1.0
chr3_73004337_G_A_b38	1	7.92992e-03	-2.310e-01	4.766e-02 3.654192924499512	1.0
chr3_73007072_T_C_b38	1	7.81921e-03	-2.326e-01	4.731e-02 4.197439670562743	1.0
chr3_73015259_C_A_b38	1	7.81921e-03	-2.326e-01	4.731e-02 4.207133293151856	1.0
chr3_73019660_A_C_b38	1	7.81921e-03	-2.326e-01	4.731e-02 4.237802982330321	1.0
chr3_73016081_C_A_b38	1	7.81921e-03	-2.326e-01	4.731e-02 4.210314750671387	1.0
chr3_73017357_G_GT_b38	1	7.81921e-03	-2.326e-01	4.731e-02 4.2283979740400905	1.0
chr3_73015226_G_C_b38	1	7.81921e-03	-2.326e-01	4.731e-02 4.265969753265382	1.0
chr3_73008543_C_T_b38	1	7.81921e-03	-2.326e-01	4.731e-02 4.1891517639160165	1.0
chr3_73008747_A_C_b38	1	7.81921e-03	-2.326e-01	4.731e-02 4.207322597503662	1.0
chr3_73013729_C_T_b38	1	7.81921e-03	-2.326e-01	4.731e-02 4.197112083435059	1.0
chr3_73007347_G_T_b38	1	7.81921e-03	-2.326e-01	4.731e-02 4.1711063385009775	1.0
chr3_73017346_T_C_b38	1	7.81921e-03	-2.326e-01	4.731e-02 4.211721897125243	1.0
chr3_73013027_C_A_b38	1	7.81921e-03	-2.326e-01	4.731e-02 4.184630393981934	1.0
chr3_73008296_T_A_b38	1	7.81921e-03	-2.326e-01	4.731e-02 4.200459957122804	1.0
chr3_73013492_A_AAAAG_b38	1	7.81921e-03	-2.326e-01	4.731e-02 4.2283979740400905	1.0
chr3_73010820_A_G_b38	1	7.81921e-03	-2.326e-01	4.731e-02 4.173510074615479	1.0
chr3_73016418_T_C_b38	1	7.81921e-03	-2.326e-01	4.731e-02 4.2129478454589835	1.0
chr3_73006945_T_TG_b38	1	7.81921e-03	-2.326e-01	4.731e-02 4.2283979740400905	1.0
chr3_73011025_C_CTGA_b38	1	7.81921e-03	-2.326e-01	4.731e-02 4.2283979740400905	1.0
chr3_73016226_A_G_b38	1	7.81921e-03	-2.326e-01	4.731e-02 4.211181640625	1.0
chr3_73012387_G_C_b38	1	7.81921e-03	-2.326e-01	4.731e-02 4.187581062316895	1.0
chr3_73013779_C_T_b38	1	7.81921e-03	-2.326e-01	4.731e-02 4.204854488372804	1.0
chr3_73011186_G_T_b38	1	7.81921e-03	-2.326e-01	4.731e-02 4.194343090057373	1.0
chr3_73011953_C_A_b38	1	7.78800e-03	-2.357e-01	4.658e-02 3.619132518768311	1.0
chr3_73011373_C_T_b38	1	7.78800e-03	-2.357e-01	4.658e-02 3.616260051727295	1.0
chr3_73034749_A_T_b38	1	7.76099e-03	-2.534e-01	4.769e-02 3.9478580951690674	1.0
chr3_73039481_G_A_b38	1	7.48575e-03	-2.440e-01	4.606e-02 1.9702107906341555	1.0
chr3_73020543_G_T_b38	1	5.32188e-03	-2.340e-01	4.763e-02 3.5857112407684326	1.0
chr3_73019015_T_TG_b38	1	5.11315e-03	-2.331e-01	4.762e-02 3.6460705354839504	1.0
chr3_73012323_G_A_b38	1	5.11315e-03	-2.331e-01	4.762e-02 3.5521457195281982	1.0
chr3_73016125_T_C_b38	1	5.11315e-03	-2.331e-01	4.762e-02 3.578988790512085	1.0
chr3_73015216_G_A_b38	1	5.11315e-03	-2.331e-01	4.762e-02 3.632634162902832	1.0
chr3_73016459_G_C_b38	1	5.11315e-03	-2.331e-01	4.762e-02 3.5802433490753174	1.0
chr3_73026501_A_ATT_b38	1	5.06391e-03	-2.426e-01	4.695e-02 4.246775154943365	1.0
chr3_73007834_G_A_b38	1	4.85970e-03	-2.317e-01	4.752e-02 3.6255600452423096	1.0
chr3_73009097_A_C_b38	1	4.52232e-03	-2.310e-01	4.766e-02 3.599179744720459	1.0
chr3_73009699_C_T_b38	1	4.52232e-03	-2.310e-01	4.766e-02 3.588675737380981	1.0
chr3_73012023_T_G_b38	1	4.52232e-03	-2.310e-01	4.766e-02 3.58471155166626	1.0
chr3_73013825_G_C_b38	1	4.52232e-03	-2.310e-01	4.766e-02 3.619981527328491	1.0
chr3_73007999_C_A_b38	1	4.52232e-03	-2.310e-01	4.766e-02 3.620032548904419	1.0
chr3_73010801_G_C_b38	1	4.52232e-03	-2.310e-01	4.766e-02 3.582784414291382	1.0
chr3_73008727_A_T_b38	1	4.52232e-03	-2.310e-01	4.766e-02 3.6250698566436768	1.0
chr3_73016019_G_A_b38	1	4.52232e-03	-2.310e-01	4.766e-02 3.6179466247558594	1.0
chr3_73009676_G_A_b38	1	4.52232e-03	-2.310e-01	4.766e-02 3.588675737380981	1.0
chr3_73008114_G_GCTT_b38	1	4.52232e-03	-2.310e-01	4.766e-02 3.552754779094806	1.0
chr3_73009145_A_T_b38	1	4.52232e-03	-2.310e-01	4.766e-02 3.633013486862183	1.0
chr3_73019054_C_T_b38	1	4.52232e-03	-2.310e-01	4.766e-02 3.6308622360229488	1.0
chr3_73007928_ATTAC_A_b38	1	4.52232e-03	-2.310e-01	4.766e-02 3.552754779094806	1.0
chr3_73014775_A_G_b38	1	4.52232e-03	-2.310e-01	4.766e-02 3.617039442062378	1.0
chr3_73015594_G_C_b38	1	4.52232e-03	-2.310e-01	4.766e-02 3.6187570095062256	1.0
chr3_73012401_G_A_b38	1	4.52232e-03	-2.310e-01	4.766e-02 3.6007421016693115	1.0
chr3_73008295_G_A_b38	1	4.52232e-03	-2.310e-01	4.766e-02 3.7431974411010738	1.0
chr3_73067286_C_G_b38	1	3.91332e-03	-2.559e-01	4.578e-02 3.808417320251465	1.0
chr3_73050457_A_T_b38	1	3.91332e-03	-2.559e-01	4.578e-02 3.888223886489868	1.0
chr3_73070357_T_C_b38	1	3.33940e-03	-2.505e-01	4.531e-02 1.53193461894989	1.0
chr3_73040434_T_C_b38	1	2.79184e-03	-2.445e-01	4.817e-02 3.864495754241944	1.0
chr3_73038238_A_G_b38	1	2.79184e-03	-2.445e-01	4.817e-02 3.776231050491333	1.0
chr3_73042686_A_C_b38	1	2.79184e-03	-2.445e-01	4.817e-02 3.671436309814453	1.0
chr3_73040840_T_A_b38	1	2.79184e-03	-2.445e-01	4.817e-02 3.8589775562286377	1.0
chr3_73046109_A_G_b38	1	2.79184e-03	-2.445e-01	4.817e-02 3.9527063369750977	1.0
chr3_73039337_G_A_b38	1	2.79184e-03	-2.445e-01	4.817e-02 3.798554182052612	1.0
chr3_73036872_ATTG_A_b38	1	2.79184e-03	-2.445e-01	4.817e-02 3.7089087894762938	1.0
chr3_73023551_A_G_b38	1	2.54891e-03	-2.326e-01	4.731e-02 4.2282676696777335	1.0
chr3_73041311_G_T_b38	1	2.54891e-03	-2.326e-01	4.731e-02 4.260473728179932	1.0
chr3_73023091_A_G_b38	1	2.54891e-03	-2.326e-01	4.731e-02 4.2294111251831055	1.0
chr3_73023296_T_TCTC_b38	1	2.54891e-03	-2.326e-01	4.731e-02 4.269579278622117	1.0
chr3_73022727_G_A_b38	1	2.54891e-03	-2.326e-01	4.731e-02 4.229703426361084	1.0
chr3_73022463_A_T_b38	1	2.54891e-03	-2.326e-01	4.731e-02 4.22635555267334	1.0
chr3_72996291_A_C_b38	1	2.20290e-03	-1.606e-01	7.571e-02 2.980854034423828	1.0
chr3_72996500_T_C_b38	1	2.20290e-03	-1.606e-01	7.571e-02 2.908357858657837	1.0
chr3_72996720_A_G_b38	1	2.20290e-03	-1.606e-01	7.571e-02 2.9295103549957275	1.0
chr3_73060593_TGAGTCTC_T_b38	1	2.09654e-03	-2.511e-01	4.571e-02 3.7068164139895265	1.0
chr3_73050459_A_G_b38	1	2.09485e-03	-2.444e-01	4.556e-02 2.011272668838501	1.0
chr3_73045804_C_T_b38	1	2.02034e-03	-2.372e-01	4.792e-02 3.883182048797608	1.0
chr3_73038684_G_A_b38	1	2.02034e-03	-2.372e-01	4.792e-02 3.76392126083374	1.0
chr3_73071592_G_T_b38	1	1.93201e-03	-2.492e-01	4.741e-02 3.5218601226806636	1.0
chr3_73070417_G_A_b38	1	1.93201e-03	-2.492e-01	4.741e-02 3.5729613304138184	1.0
chr3_73029574_A_AAG_b38	1	1.91449e-03	-2.328e-01	4.704e-02 3.4870455486725134	1.0
chr3_73021346_G_A_b38	1	1.90393e-03	-2.313e-01	5.398e-02 4.237555503845215	1.0
chr3_73009090_T_G_b38	1	1.68386e-03	-2.093e-01	4.840e-02 1.780803918838501	1.0
chr3_73021527_C_T_b38	1	1.68386e-03	-2.093e-01	4.840e-02 1.8043183088302608	1.0
chr3_72995342_T_C_b38	1	1.65322e-03	-1.935e-01	6.702e-02 2.8454413414001465	1.0
chr3_73044871_T_G_b38	1	1.61733e-03	-2.393e-01	4.921e-02 4.123349666595459	1.0
chr3_73041857_A_C_b38	1	1.61733e-03	-2.393e-01	4.921e-02 4.1063857078552255	1.0
chr3_73043790_T_G_b38	1	1.61050e-03	-2.412e-01	5.066e-02 4.50972318649292	1.0
chr3_73071752_G_A_b38	1	1.58634e-03	-2.520e-01	4.857e-02 3.70475959777832	1.0
chr3_73049572_G_C_b38	1	1.55439e-03	-2.410e-01	4.626e-02 4.304114818572998	1.0
chr3_73023008_A_G_b38	1	1.47481e-03	-2.310e-01	4.766e-02 3.6374700069427486	1.0
chr3_73022884_TG_T_b38	1	1.47481e-03	-2.310e-01	4.766e-02 3.6460705354839504	1.0
chr3_73060089_G_A_b38	1	1.31084e-03	-2.415e-01	4.698e-02 4.442710876464844	1.0
chr3_73071011_C_T_b38	1	1.30861e-03	-2.414e-01	4.691e-02 2.679452896118164	1.0
chr3_72997357_G_C_b38	1	1.23310e-03	-1.790e-01	6.842e-02 3.0076680183410645	1.0
chr3_73026674_T_G_b38	1	1.12618e-03	-2.285e-01	4.653e-02 1.7271182537078855	1.0
chr3_73022333_A_AT_b38	1	1.08978e-03	-2.258e-01	4.797e-02 1.832628531181744	1.0
chr3_72997410_C_T_b38	1	9.90102e-04	-1.626e-01	8.621e-02 2.560845375061035	1.0
chr3_73034104_C_T_b38	1	9.40210e-04	-2.248e-01	5.059e-02 3.9208950996398926	1.0
chr3_72996072_C_T_b38	1	8.18227e-04	-1.639e-01	7.737e-02 2.8390674591064453	1.0
chr3_72996037_A_G_b38	1	8.18227e-04	-1.639e-01	7.737e-02 3.214954992977872	1.0
chr3_73045893_G_A_b38	1	7.83429e-04	-2.254e-01	5.132e-02 4.333677291870116	1.0
chr3_73043102_T_TAGTG_b38	1	7.83429e-04	-2.254e-01	5.132e-02 4.361894023084304	1.0
chr3_73041017_A_ATTT_b38	1	7.83429e-04	-2.254e-01	5.132e-02 4.269579278622117	1.0
chr3_73045927_T_C_b38	1	7.83429e-04	-2.254e-01	5.132e-02 4.337246894836427	1.0
chr3_73039713_G_A_b38	1	7.83429e-04	-2.254e-01	5.132e-02 4.2564239501953125	1.0
chr3_73042958_A_G_b38	1	7.83429e-04	-2.254e-01	5.132e-02 4.330094337463379	1.0
chr3_73039331_T_C_b38	1	7.83429e-04	-2.254e-01	5.132e-02 4.262667179107666	1.0
chr3_73043300_G_GAAATT_b38	1	7.83429e-04	-2.254e-01	5.132e-02 4.361894023084304	1.0
chr3_73044568_G_A_b38	1	7.83429e-04	-2.254e-01	5.132e-02 4.3177576065063485	1.0
chr3_73033178_T_C_b38	1	7.83429e-04	-2.254e-01	5.132e-02 4.233426570892334	1.0
chr3_73036972_T_C_b38	1	7.83429e-04	-2.254e-01	5.132e-02 4.2606844902038565	1.0
chr3_73039539_G_A_b38	1	7.83429e-04	-2.254e-01	5.132e-02 4.255541801452637	1.0
chr3_73039828_A_G_b38	1	7.83429e-04	-2.254e-01	5.132e-02 4.262696266174316	1.0
chr3_73041073_A_G_b38	1	7.83429e-04	-2.254e-01	5.132e-02 4.361912250518799	1.0
chr3_72991990_C_A_b38	1	7.70366e-04	-1.992e-01	6.341e-02 1.9886747598648071	1.0
chr3_73032395_TCTCCTGCCTCAGC_T_b38	1	7.62782e-04	-2.107e-01	4.690e-02 3.4695134297266543	1.0
chr3_73053324_C_T_b38	1	7.15694e-04	-2.340e-01	4.552e-02 4.270891189575194	1.0
chr3_73060925_G_A_b38	1	7.15694e-04	-2.340e-01	4.552e-02 4.249186992645264	1.0
chr3_73049422_C_T_b38	1	7.15694e-04	-2.340e-01	4.552e-02 4.302030086517334	1.0
chr3_73051049_C_G_b38	1	7.15694e-04	-2.340e-01	4.552e-02 4.2942094802856445	1.0
chr3_73052583_TTTG_T_b38	1	7.15694e-04	-2.340e-01	4.552e-02 4.315366115929848	1.0
chr3_73053091_T_C_b38	1	7.15694e-04	-2.340e-01	4.552e-02 4.295835494995116	1.0
chr3_73051003_C_T_b38	1	7.15694e-04	-2.340e-01	4.552e-02 4.295204639434815	1.0
chr3_73054018_A_G_b38	1	7.15694e-04	-2.340e-01	4.552e-02 4.2796339988708505	1.0
chr3_73048901_G_T_b38	1	7.15694e-04	-2.340e-01	4.552e-02 4.299034118652344	1.0
chr3_73053691_T_C_b38	1	7.15694e-04	-2.340e-01	4.552e-02 4.278244495391847	1.0
chr3_73054038_A_G_b38	1	7.15694e-04	-2.340e-01	4.552e-02 4.278638839721681	1.0
chr3_73047865_C_T_b38	1	7.15694e-04	-2.340e-01	4.552e-02 4.311275005340576	1.0
chr3_73049175_G_A_b38	1	7.15694e-04	-2.340e-01	4.552e-02 4.3071322441101065	1.0
chr3_72997393_T_C_b38	1	7.01947e-04	-1.606e-01	7.571e-02 3.0079901218414307	1.0
chr3_73028014_T_C_b38	1	6.49607e-04	-2.251e-01	4.584e-02 3.6449859142303462	1.0
chr3_72991938_A_G_b38	2	4.03150e-02	-2.085e-01	6.250e-02 1.4892820119857788	1.0
chr3_72996737_G_A_b38	2	2.06040e-02	-9.656e-02	9.061e-02 0.5616273880004883	1.0
chr3_73024552_A_C_b38	2	3.96498e-04	-2.177e-01	5.522e-02 3.630706310272217	1.0
chr3_72996649_C_CCTGGGG_b38	3	2.51311e-04	-7.909e-02	1.291e-01 -0.9668473785469498	1.0
