chr12_56314792_G_A_b38	1	6.61695e-02	3.131e-01	5.807e-02 7.874088764190674	1.0
chr12_56263432_A_C_b38	1	3.88086e-02	3.214e-01	3.992e-02 7.953192710876465	1.0
chr12_56265536_C_T_b38	1	3.88086e-02	3.214e-01	3.992e-02 7.981875896453857	1.0
chr12_56312637_T_C_b38	1	3.73477e-02	3.114e-01	4.171e-02 7.883313655853271	1.0
chr12_56313138_A_C_b38	1	3.73477e-02	3.114e-01	4.171e-02 7.883313655853271	1.0
chr12_56297989_AC_A_b38	1	2.93412e-02	3.226e-01	4.222e-02 7.925878969137432	1.0
chr12_56308228_C_A_b38	1	2.52537e-02	3.115e-01	4.158e-02 7.9011168479919425	1.0
chr12_56307595_G_C_b38	1	2.52537e-02	3.115e-01	4.158e-02 7.893523216247559	1.0
chr12_56324638_T_C_b38	1	2.50267e-02	3.115e-01	4.158e-02 8.002925872802733	1.0
chr12_56324021_G_A_b38	1	2.50267e-02	3.115e-01	4.158e-02 7.874088764190674	1.0
chr12_56325666_G_A_b38	1	2.50267e-02	3.115e-01	4.158e-02 7.873198509216309	1.0
chr12_56321800_G_A_b38	1	2.50267e-02	3.115e-01	4.158e-02 7.874088764190674	1.0
chr12_56273820_T_C_b38	1	1.78889e-02	3.155e-01	4.089e-02 7.921870231628418	1.0
chr12_56295751_G_A_b38	1	1.68645e-02	3.128e-01	4.130e-02 7.946853760655182	1.0
chr12_56293788_G_T_b38	1	1.32590e-02	3.117e-01	4.135e-02 7.897599220275879	1.0
chr12_56301676_G_GT_b38	1	1.32590e-02	3.117e-01	4.135e-02 7.946853760655182	1.0
chr12_56299736_C_A_b38	1	1.32590e-02	3.117e-01	4.135e-02 7.909656047821045	1.0
chr12_56301033_A_G_b38	1	1.32590e-02	3.117e-01	4.135e-02 7.88070011138916	1.0
chr12_56305176_G_A_b38	1	1.32590e-02	3.117e-01	4.135e-02 7.9011168479919425	1.0
chr12_56302272_A_G_b38	1	1.32590e-02	3.117e-01	4.135e-02 7.8946003913879395	1.0
chr12_56302958_T_C_b38	1	1.32590e-02	3.117e-01	4.135e-02 7.872616291046143	1.0
chr12_56306209_A_C_b38	1	1.32590e-02	3.117e-01	4.135e-02 7.893523216247559	1.0
chr12_56302170_C_T_b38	1	1.32590e-02	3.117e-01	4.135e-02 7.893552303314209	1.0
chr12_56304419_T_TC_b38	1	1.32590e-02	3.117e-01	4.135e-02 7.946853760655182	1.0
chr12_56293675_T_C_b38	1	1.32590e-02	3.117e-01	4.135e-02 7.882353782653809	1.0
chr12_56293213_C_T_b38	1	1.32590e-02	3.117e-01	4.135e-02 7.897599220275879	1.0
chr12_56296878_G_A_b38	1	1.32590e-02	3.117e-01	4.135e-02 7.897541522979736	1.0
chr12_56332565_A_G_b38	1	1.27361e-02	3.117e-01	4.135e-02 7.7857608795166025	1.0
chr12_56332556_C_T_b38	1	1.27361e-02	3.117e-01	4.135e-02 7.772361755371094	1.0
chr12_56330549_C_T_b38	1	1.27361e-02	3.117e-01	4.135e-02 7.946853760655182	1.0
chr12_56329935_T_C_b38	1	1.27361e-02	3.117e-01	4.135e-02 7.946853760655182	1.0
chr12_56339747_G_A_b38	1	1.27361e-02	3.117e-01	4.135e-02 7.874441623687744	1.0
chr12_56331337_A_G_b38	1	1.27361e-02	3.117e-01	4.135e-02 7.874175548553468	1.0
chr12_56333921_G_A_b38	1	1.27361e-02	3.117e-01	4.135e-02 7.874175548553468	1.0
chr12_56329802_A_G_b38	1	1.27361e-02	3.117e-01	4.135e-02 7.854184627532959	1.0
chr12_56335955_A_G_b38	1	1.27361e-02	3.117e-01	4.135e-02 7.874239444732666	1.0
chr12_56336643_T_TA_b38	1	1.27361e-02	3.117e-01	4.135e-02 7.946853760655182	1.0
chr12_56332197_GA_G_b38	1	1.27361e-02	3.117e-01	4.135e-02 7.946853760655182	1.0
chr12_56334353_T_C_b38	1	1.27361e-02	3.117e-01	4.135e-02 7.874175548553468	1.0
chr12_56352004_T_C_b38	1	7.14866e-03	3.149e-01	4.099e-02 7.951430797576903	1.0
chr12_56350638_G_A_b38	1	7.14866e-03	3.149e-01	4.099e-02 7.958024024963379	1.0
chr12_56356953_C_T_b38	1	7.14866e-03	3.149e-01	4.099e-02 7.995888710021973	1.0
chr12_56358370_C_T_b38	1	7.14866e-03	3.149e-01	4.099e-02 8.100724220275879	1.0
chr12_56356420_C_T_b38	1	7.14866e-03	3.149e-01	4.099e-02 7.994877815246582	1.0
chr12_56360038_C_A_b38	1	7.14866e-03	3.149e-01	4.099e-02 8.020162582397461	1.0
chr12_56352774_C_T_b38	1	7.14866e-03	3.149e-01	4.099e-02 7.959433555603027	1.0
chr12_56359090_A_G_b38	1	7.14866e-03	3.149e-01	4.099e-02 8.013280868530272	1.0
chr12_56350661_T_C_b38	1	7.14866e-03	3.149e-01	4.099e-02 7.95811653137207	1.0
chr12_56357088_G_C_b38	1	6.98394e-03	3.154e-01	4.109e-02 7.991796970367432	1.0
chr12_56285967_A_G_b38	1	5.16889e-03	3.121e-01	4.077e-02 7.90110445022583	1.0
chr12_56291014_C_T_b38	1	5.16889e-03	3.121e-01	4.077e-02 7.90971565246582	1.0
chr12_56290191_C_T_b38	1	5.16889e-03	3.121e-01	4.077e-02 7.90110445022583	1.0
chr12_56277363_G_A_b38	1	5.16889e-03	3.121e-01	4.077e-02 7.946853760655182	1.0
chr12_56278322_T_A_b38	1	5.16889e-03	3.121e-01	4.077e-02 7.917508125305176	1.0
chr12_56273316_A_G_b38	1	5.16889e-03	3.121e-01	4.077e-02 7.915024280548097	1.0
chr12_56267121_G_T_b38	1	5.16889e-03	3.121e-01	4.077e-02 7.992539405822754	1.0
chr12_56286187_A_G_b38	1	5.16889e-03	3.121e-01	4.077e-02 7.90110445022583	1.0
chr12_56274110_C_T_b38	1	5.16889e-03	3.121e-01	4.077e-02 7.902549743652344	1.0
chr12_56286852_A_G_b38	1	5.16889e-03	3.121e-01	4.077e-02 7.904672145843506	1.0
chr12_56277426_C_G_b38	1	5.16889e-03	3.121e-01	4.077e-02 7.899645805358888	1.0
chr12_56284195_T_A_b38	1	5.16889e-03	3.121e-01	4.077e-02 7.922648906707764	1.0
chr12_56273514_T_C_b38	1	5.16889e-03	3.121e-01	4.077e-02 7.926687717437744	1.0
chr12_56270447_C_T_b38	1	5.16889e-03	3.121e-01	4.077e-02 7.934020042419434	1.0
chr12_56290873_CA_C_b38	1	5.16889e-03	3.121e-01	4.077e-02 7.946853760655182	1.0
chr12_56284551_T_C_b38	1	5.16889e-03	3.121e-01	4.077e-02 7.933380603790282	1.0
chr12_56286747_T_C_b38	1	5.16889e-03	3.121e-01	4.077e-02 7.90110445022583	1.0
chr12_56283033_CT_C_b38	1	5.16889e-03	3.121e-01	4.077e-02 7.946853760655182	1.0
chr12_56283477_G_A_b38	1	5.16889e-03	3.121e-01	4.077e-02 7.919336795806885	1.0
chr12_56346898_C_G_b38	1	5.05264e-03	3.121e-01	4.077e-02 7.865411758422852	1.0
chr12_56345032_GC_G_b38	1	5.05264e-03	3.121e-01	4.077e-02 7.946853760655182	1.0
chr12_56347444_G_A_b38	1	5.05264e-03	3.121e-01	4.077e-02 7.892501354217528	1.0
chr12_56346073_GCC_G_b38	1	5.05264e-03	3.121e-01	4.077e-02 7.946853760655182	1.0
chr12_56346229_GAGA_G_b38	1	5.05264e-03	3.121e-01	4.077e-02 7.946853760655182	1.0
chr12_56342206_G_T_b38	1	5.05264e-03	3.121e-01	4.077e-02 7.879786968231201	1.0
chr12_56345773_A_G_b38	1	5.05264e-03	3.121e-01	4.077e-02 7.8816566467285165	1.0
chr12_56294453_G_A_b38	1	5.04040e-03	3.079e-01	4.143e-02 7.903117656707764	1.0
chr12_56252429_A_C_b38	1	3.99280e-03	3.044e-01	3.904e-02 7.917416095733643	1.0
chr12_56233835_A_G_b38	1	3.99280e-03	3.044e-01	3.904e-02 7.872350215911865	1.0
chr12_56251102_A_G_b38	1	3.99280e-03	3.044e-01	3.904e-02 7.913115978240968	1.0
chr12_56260130_G_C_b38	1	1.91570e-03	3.122e-01	4.057e-02 7.974554061889647	1.0
chr12_56264104_A_G_b38	1	1.91570e-03	3.122e-01	4.057e-02 7.968602180480957	1.0
chr12_56259857_T_TGAG_b38	1	1.91570e-03	3.122e-01	4.057e-02 7.946853760655182	1.0
chr12_56264924_C_T_b38	1	1.91570e-03	3.122e-01	4.057e-02 8.031328201293945	1.0
chr12_56259510_G_A_b38	1	1.91570e-03	3.122e-01	4.057e-02 7.97517728805542	1.0
chr12_56259776_A_G_b38	1	1.91570e-03	3.122e-01	4.057e-02 7.967705249786378	1.0
chr12_56262481_G_A_b38	1	1.91570e-03	3.122e-01	4.057e-02 7.9710731506347665	1.0
chr12_56353960_C_T_b38	1	1.78435e-03	3.059e-01	4.059e-02 7.954736097995745	1.0
chr12_56308392_C_T_b38	2	2.17963e-03	-7.758e-02	7.241e-02 -7.933140754699707	1.0
chr12_56307025_G_A_b38	2	1.73600e-03	-6.742e-02	7.361e-02 -7.941404342651367	1.0
chr12_56308088_T_C_b38	2	1.20186e-03	-4.386e-02	6.757e-02 -7.933883190155028	1.0
chr12_56323682_C_T_b38	2	1.19106e-03	-4.386e-02	6.757e-02 -7.913483142852782	1.0
chr12_56302761_T_G_b38	2	9.15028e-04	8.241e-02	1.252e-01 7.893552303314209	1.0
chr12_56300477_C_A_b38	2	9.11825e-04	-6.845e-02	7.486e-02 -7.949453830718994	1.0
chr12_56303326_G_A_b38	2	9.11825e-04	-6.845e-02	7.486e-02 -7.941932678222656	1.0
chr12_56295941_G_C_b38	2	9.11825e-04	-6.845e-02	7.486e-02 -7.806432277073666	1.0
chr12_56337293_C_G_b38	2	7.46906e-04	6.190e-02	7.539e-02 7.914167881011963	1.0
chr12_56305839_A_G_b38	2	6.22688e-04	-4.752e-02	7.348e-02 -7.931997299194336	1.0
chr12_56334474_GA_G_b38	2	5.98131e-04	4.797e-02	7.396e-02 7.806432277073666	1.0
chr12_56334216_G_A_b38	2	5.98131e-04	4.797e-02	7.396e-02 7.9137325286865225	1.0
chr12_56329046_C_T_b38	2	5.98131e-04	-4.797e-02	7.396e-02 -7.914673328399657	1.0
chr12_56332734_G_A_b38	2	5.98131e-04	-4.797e-02	7.396e-02 -7.905333518981934	1.0
chr12_56288587_C_T_b38	2	3.47035e-04	-1.099e-01	9.574e-02 -7.9555907249450675	1.0
chr12_56290712_TAGGAA_T_b38	2	3.47035e-04	-1.099e-01	9.574e-02 -7.806432277073666	1.0
chr12_56280982_G_A_b38	2	3.47035e-04	-1.099e-01	9.574e-02 -8.007167816162111	1.0
chr12_56236980_G_A_b38	2	3.44858e-04	2.420e-01	2.491e-01 7.936106204986572	1.0
chr12_56253459_C_T_b38	2	3.44858e-04	2.420e-01	2.491e-01 7.9157042503356925	1.0
chr12_56236283_C_T_b38	2	3.44858e-04	2.420e-01	2.491e-01 7.962155342102051	1.0
chr12_56249900_C_T_b38	2	3.44858e-04	2.420e-01	2.491e-01 7.912552833557129	1.0
chr12_56233516_A_G_b38	2	3.44858e-04	2.420e-01	2.491e-01 7.9287781715393075	1.0
chr12_56244293_T_C_b38	2	3.44858e-04	2.420e-01	2.491e-01 7.913796424865723	1.0
chr12_56233868_A_C_b38	2	3.44858e-04	2.420e-01	2.491e-01 7.925076484680176	1.0
chr12_56243191_C_G_b38	2	3.44858e-04	2.420e-01	2.491e-01 8.058295249938965	1.0
chr12_56250467_C_T_b38	2	3.44858e-04	2.420e-01	2.491e-01 7.9223198890686035	1.0
chr12_56254993_C_T_b38	2	3.44858e-04	2.420e-01	2.491e-01 7.9440369606018075	1.0
chr12_56244483_T_C_b38	2	3.44858e-04	2.420e-01	2.491e-01 7.897974967956543	1.0
chr12_56246557_G_A_b38	2	3.44858e-04	2.420e-01	2.491e-01 7.886893272399902	1.0
chr12_56352611_AATGC_A_b38	2	2.52089e-04	4.596e-02	5.761e-02 8.124300425294454	1.0
chr12_56349583_T_C_b38	2	2.52089e-04	4.596e-02	5.761e-02 7.986317157745361	1.0
chr12_56350492_C_G_b38	2	2.52089e-04	4.596e-02	5.761e-02 8.012920379638674	1.0
chr12_56344189_A_G_b38	2	2.02101e-04	3.902e-02	5.848e-02 7.9385504722595215	1.0
chr12_56241296_G_C_b38	2	1.96142e-04	1.440e-01	3.404e-01 7.934813976287843	1.0
chr12_56240855_G_C_b38	2	1.94799e-04	2.915e-01	4.034e-02 7.651140689849853	1.0
chr12_56229563_C_T_b38	2	9.69748e-05	2.800e-01	4.056e-02 7.1424007415771475	1.0
