chr10_94296102_C_T_b38	1	1.51180e-01	4.831e-01	9.740e-02 -4.323823928833009	1.0
chr10_94317819_C_T_b38	1	1.06860e-01	4.579e-01	9.921e-02 -4.54472541809082	1.0
chr10_94318821_G_A_b38	1	9.38699e-02	4.697e-01	1.004e-01 -4.551724433898926	1.0
chr10_94317911_G_A_b38	1	6.12231e-02	4.622e-01	1.005e-01 -4.52561616897583	1.0
chr10_94307485_G_A_b38	1	5.75209e-02	4.696e-01	1.003e-01 -4.5297818183898935	1.0
chr10_94284392_G_T_b38	1	5.13830e-02	4.828e-01	9.717e-02 -4.298276424407959	1.0
chr10_94284398_G_T_b38	1	5.13830e-02	4.828e-01	9.717e-02 -4.2971105575561515	1.0
chr10_94323139_T_C_b38	1	4.35854e-02	4.620e-01	1.003e-01 -4.614584445953369	1.0
chr10_94296565_C_T_b38	1	3.09701e-02	4.511e-01	9.608e-02 -4.326646327972412	1.0
chr10_94333875_C_G_b38	1	3.03752e-02	4.693e-01	1.000e-01 -4.650481700897217	1.0
chr10_94327971_A_G_b38	1	3.03752e-02	4.693e-01	1.000e-01 -4.633938789367676	1.0
chr10_94332885_A_T_b38	1	3.03752e-02	4.693e-01	1.000e-01 -4.6435956954956055	1.0
chr10_94298676_G_A_b38	1	2.92154e-02	4.693e-01	1.000e-01 -4.520127773284912	1.0
chr10_94327299_A_C_b38	1	1.97029e-02	4.615e-01	9.985e-02 -4.631908416748047	1.0
chr10_94336243_C_A_b38	1	1.97029e-02	4.615e-01	9.985e-02 -4.616691589355469	1.0
chr10_94338987_C_T_b38	1	1.97018e-02	4.615e-01	9.985e-02 -4.657332897186278	1.0
chr10_94338268_G_A_b38	1	1.97018e-02	4.615e-01	9.985e-02 -4.628735065460205	1.0
chr10_94330140_G_T_b38	1	1.86583e-02	4.381e-01	9.566e-02 -4.375657558441162	1.0
chr10_94338616_C_T_b38	1	1.86583e-02	4.381e-01	9.566e-02 -4.377828121185304	1.0
chr10_94344329_G_A_b38	1	1.76061e-02	4.836e-01	9.924e-02 -4.8376312255859375	1.0
chr10_94359373_C_T_b38	1	1.11262e-02	4.742e-01	9.908e-02 -4.9194655418396	1.0
chr10_94361032_T_C_b38	1	9.99202e-03	4.498e-01	9.494e-02 -4.66360330581665	1.0
chr10_94296227_A_G_b38	1	9.51960e-03	4.028e-01	9.151e-02 -3.5852785110473637	1.0
chr10_94298973_C_T_b38	1	5.81143e-03	3.904e-01	9.103e-02 -3.517368793487549	1.0
chr10_94294032_G_A_b38	1	4.99965e-03	3.869e-01	9.109e-02 -3.530388355255127	1.0
chr10_94356662_G_A_b38	1	4.74677e-03	4.665e-01	1.015e-01 -4.933326721191406	1.0
chr10_94360639_T_C_b38	1	4.74677e-03	4.665e-01	1.015e-01 -4.885164260864258	1.0
chr10_94361335_T_C_b38	1	4.74677e-03	4.665e-01	1.015e-01 -4.9001126289367685	1.0
chr10_94360189_G_A_b38	1	4.74677e-03	4.665e-01	1.015e-01 -4.893153667449951	1.0
chr10_94356187_C_T_b38	1	3.09483e-03	4.586e-01	1.020e-01 -4.895459175109863	1.0
chr10_94354883_T_C_b38	1	3.09483e-03	4.586e-01	1.020e-01 -4.872054100036621	1.0
chr10_94342645_A_G_b38	1	3.09483e-03	4.586e-01	1.020e-01 -4.816427707672119	1.0
chr10_94356663_A_G_b38	1	3.09483e-03	4.586e-01	1.020e-01 -4.734815761029758	1.0
chr10_94340870_A_G_b38	1	1.94585e-03	4.478e-01	1.023e-01 -3.989432811737061	1.0
chr10_94368119_G_A_b38	1	1.83168e-03	4.323e-01	9.358e-02 -3.9715862274169917	1.0
chr10_94311455_T_C_b38	1	1.52879e-03	3.273e-01	9.198e-02 -3.6178736686706543	1.0
chr10_94315182_T_G_b38	2	9.30197e-03	-4.694e-02	1.390e-01 -2.711878061294556	1.0
chr10_94315676_T_C_b38	2	8.89921e-03	-3.453e-02	1.354e-01 -2.63953161239624	1.0
chr10_94314400_T_C_b38	2	4.11412e-03	-1.266e-01	1.042e-01 -2.010479688644409	1.0
chr10_94313806_T_C_b38	2	1.84992e-03	-1.268e-01	1.044e-01 -2.0125069618225098	1.0
chr10_94313568_C_T_b38	2	1.84992e-03	-1.268e-01	1.044e-01 -2.0230059623718257	1.0
chr10_94310618_A_G_b38	2	1.56846e-03	-1.680e-01	1.208e-01 -2.510713815689087	1.0
chr10_94319852_C_CTCAAAGG_b38	2	1.17271e-03	-1.375e-01	1.223e-01 -2.6263010821075845	1.0
chr10_94312471_G_A_b38	2	8.67305e-04	-3.327e-02	1.374e-01 -2.649390697479248	1.0
chr10_94324163_G_A_b38	2	8.66205e-04	-1.292e-01	1.591e-01 -3.3212604522705083	1.0
chr10_94324615_A_AT_b38	2	6.88905e-04	-3.476e-02	1.854e-01 -3.2944693631506743	1.0
chr10_94309297_T_G_b38	2	5.84329e-04	-1.238e-01	1.301e-01 -2.759333848953247	1.0
chr10_94308190_A_G_b38	2	5.63792e-04	-1.253e-01	1.067e-01 -2.225590705871582	1.0
chr10_94321380_C_T_b38	2	5.28516e-04	-2.783e-03	1.485e-01 -2.818047523498535	1.0
chr10_94310118_G_A_b38	2	5.24348e-04	-8.185e-02	1.493e-01 -2.589036464691162	1.0
chr10_94323695_A_G_b38	2	5.09107e-04	-2.928e-02	1.414e-01 -2.6996090412139893	1.0
chr10_94305937_T_C_b38	2	5.06821e-04	-1.121e-01	1.049e-01 -2.205206632614136	1.0
chr10_94309648_T_G_b38	2	4.86739e-04	-1.050e-01	1.096e-01 -2.246087074279785	1.0
chr10_94309451_C_T_b38	2	4.85975e-04	-6.256e-02	1.464e-01 -2.751986265182495	1.0
chr10_94308723_A_G_b38	2	4.58182e-04	-8.701e-02	1.199e-01 -2.3003358840942383	1.0
chr10_94306584_A_G_b38	2	4.19121e-04	-7.142e-02	1.171e-01 -2.246739387512207	1.0
chr10_94333618_C_T_b38	2	2.95362e-04	-1.225e-01	1.701e-01 -3.3219416141510014	1.0
chr10_94327740_C_T_b38	2	2.56947e-04	-2.196e-02	1.949e-01 -3.3157613277435303	1.0
chr10_94303522_T_A_b38	2	2.07100e-04	-1.281e-01	9.112e-02 -2.155970811843872	1.0
chr10_94304411_C_A_b38	2	2.04323e-04	8.167e-02	1.641e-01 -3.007208108901977	1.0
chr10_94279840_G_C_b38	2	1.85462e-04	-1.636e-01	7.667e-02 0.7224445939064026	1.0
chr10_94300853_C_G_b38	2	1.68582e-04	-7.554e-02	1.193e-01 -2.203390121459961	1.0
chr10_94301090_T_A_b38	2	1.68582e-04	-7.554e-02	1.193e-01 -2.2065694332122803	1.0
chr10_94301118_A_G_b38	2	1.68582e-04	-7.554e-02	1.193e-01 -2.2102410793304443	1.0
chr10_94335697_A_G_b38	2	1.56033e-04	7.577e-04	1.519e-01 -2.7260725498199463	1.0
chr10_94339354_G_GAGTT_b38	2	1.55978e-04	-6.365e-03	1.522e-01 -2.6775019615575784	1.0
chr10_94326321_T_G_b38	2	1.55978e-04	-6.365e-03	1.522e-01 -2.7292251586914062	1.0
chr10_94329950_T_A_b38	2	1.55978e-04	-6.365e-03	1.522e-01 -2.7320852279663086	1.0
chr10_94330382_C_T_b38	2	1.55978e-04	-6.365e-03	1.522e-01 -2.7324659824371342	1.0
chr10_94329636_A_G_b38	2	1.55978e-04	-6.365e-03	1.522e-01 -2.721182107925415	1.0
chr10_94330162_G_GCTTT_b38	2	1.55978e-04	-6.365e-03	1.522e-01 -2.6775019615575784	1.0
chr10_94330915_A_G_b38	2	1.55978e-04	-6.365e-03	1.522e-01 -2.7260637283325195	1.0
chr10_94278929_G_A_b38	2	1.36811e-04	-1.627e-01	7.778e-02 0.7335104942321777	1.0
chr10_94298541_C_T_b38	2	1.28448e-04	1.991e-03	1.468e-01 -2.716480493545532	1.0
chr10_94363069_C_T_b38	2	4.83935e-05	1.494e-01	1.933e-01 -3.1172263622283936	1.0
chr10_94287212_C_CATTT_b38	2	2.65522e-05	-1.539e-01	9.371e-02 -2.3142052435222933	1.0
chr10_94351055_T_C_b38	2	2.62474e-05	-1.475e-01	1.112e-01 -3.550685167312622	1.0
chr10_94283975_A_G_b38	2	2.27017e-05	-1.355e-01	9.029e-02 -2.150885820388794	1.0
chr10_94253193_G_T_b38	2	1.51688e-05	-1.604e-01	7.571e-02 0.5117369294166565	1.0
chr10_94256036_C_G_b38	2	1.47049e-05	-1.603e-01	7.640e-02 0.7546402215957642	1.0
chr10_94263320_T_C_b38	2	1.47049e-05	-1.603e-01	7.640e-02 0.7588617205619812	1.0
chr10_94254865_C_G_b38	2	1.47049e-05	-1.603e-01	7.640e-02 0.7621427774429321	1.0
chr10_94311804_G_A_b38	3	3.12185e-04	2.733e-01	1.029e-01 -2.6508564949035645	1.0
chr10_94321383_T_C_b38	3	2.32541e-04	2.690e-01	9.660e-02 -2.9582519148331867	1.0
chr10_94348940_ATAACCC_A_b38	3	1.01848e-05	-2.530e-01	9.756e-02 2.9285311160052343	1.0
