chr20_62394830_G_T_b38	1	8.40349e-01	4.727e-01	4.813e-02 -4.844362258911133	1.0
chr20_62397090_T_C_b38	1	6.45059e-02	4.486e-01	4.567e-02 -4.782898426055908	1.0
chr20_62396271_A_C_b38	1	5.63105e-02	4.474e-01	4.476e-02 -4.954366207122803	1.0
chr20_62389245_C_T_b38	1	2.06819e-02	4.462e-01	4.321e-02 -4.8538312911987305	1.0
chr20_62386215_T_C_b38	1	1.60224e-02	4.379e-01	4.258e-02 -5.003378391265869	1.0
chr20_62395535_C_T_b38	2	7.75129e-01	4.112e-01	6.020e-02 -4.666167259216309	1.0
chr20_62403468_C_G_b38	2	1.59222e-01	3.552e-01	5.175e-02 -5.714607238769531	1.0
chr20_62401873_G_A_b38	2	2.75556e-02	3.382e-01	5.209e-02 -5.689342975616455	1.0
chr20_62401667_A_G_b38	2	2.75556e-02	3.382e-01	5.209e-02 -5.70134162902832	1.0
chr20_62407941_C_T_b38	2	8.40711e-03	3.553e-01	5.115e-02 -5.18629789352417	1.0
chr20_62406338_T_C_b38	3	1.74476e-01	-2.183e-01	6.531e-02 0.9369725584983826	1.0
chr20_62404846_A_G_b38	3	8.16312e-02	-2.344e-01	7.040e-02 0.8216871619224548	1.0
chr20_62406100_C_A_b38	3	4.46856e-02	-2.186e-01	6.982e-02 0.8929211497306824	1.0
chr20_62403622_G_A_b38	3	2.24091e-02	-2.189e-01	6.981e-02 0.9614711999893188	1.0
chr20_62402203_G_A_b38	3	1.28137e-02	-2.204e-01	6.927e-02 0.8086867928504944	1.0
chr20_62396454_T_C_b38	3	6.56764e-03	-2.204e-01	6.927e-02 0.9659066200256348	1.0
chr20_62383778_C_G_b38	3	2.51021e-03	-2.336e-01	8.544e-02 -0.14823544025421145	1.0
chr20_62394456_G_C_b38	3	2.50867e-03	-2.148e-01	7.774e-02 1.0212002992630005	1.0
chr20_62400426_G_A_b38	3	2.09768e-03	-1.846e-01	7.842e-02 1.0190738439559937	1.0
chr20_62393491_A_G_b38	3	1.77383e-03	-1.939e-01	7.395e-02 0.9800270795822144	1.0
chr20_62411719_A_G_b38	4	1.71477e-02	3.154e-01	1.030e-01 1.7675777673721311	1.0
