chr9_33687890_C_T_b38	1	3.77679e-02	1.177e+00	1.415e-01 5.404303550720215	1.0
chr9_33687631_C_T_b38	1	3.77679e-02	1.177e+00	1.415e-01 5.415943145751953	1.0
chr9_33687513_C_G_b38	1	3.77679e-02	1.177e+00	1.415e-01 5.404632568359375	1.0
chr9_33688471_T_A_b38	1	3.77679e-02	1.177e+00	1.415e-01 5.404181003570557	1.0
chr9_33691385_A_C_b38	1	3.77679e-02	1.177e+00	1.415e-01 5.397533893585205	1.0
chr9_33677187_G_C_b38	1	2.36011e-02	1.183e+00	1.401e-01 5.659457708960471	1.0
chr9_33716806_A_C_b38	1	1.70584e-02	1.179e+00	1.409e-01 5.397071361541748	1.0
chr9_33719797_T_C_b38	1	1.70584e-02	1.179e+00	1.409e-01 5.394933700561523	1.0
chr9_33721195_C_T_b38	1	1.70584e-02	1.179e+00	1.409e-01 5.393362045288086	1.0
chr9_33717760_A_T_b38	1	1.70584e-02	1.179e+00	1.409e-01 5.389977931976318	1.0
chr9_33710242_C_T_b38	1	1.70584e-02	1.179e+00	1.409e-01 5.394031524658203	1.0
chr9_33676829_G_T_b38	1	1.59786e-02	1.179e+00	1.409e-01 5.40401029586792	1.0
chr9_33677351_GT_G_b38	1	1.59786e-02	1.179e+00	1.409e-01 5.559627099234484	1.0
chr9_33681811_G_A_b38	1	1.59786e-02	1.179e+00	1.409e-01 5.396006107330322	1.0
chr9_33673937_C_T_b38	1	1.59786e-02	1.179e+00	1.409e-01 5.371345520019531	1.0
chr9_33683800_C_G_b38	1	1.59786e-02	1.179e+00	1.409e-01 5.397975444793701	1.0
chr9_33673794_A_G_b38	1	1.59786e-02	1.179e+00	1.409e-01 5.371113300323486	1.0
chr9_33685273_C_T_b38	1	1.59786e-02	1.179e+00	1.409e-01 5.397703647613525	1.0
chr9_33679356_G_A_b38	1	1.59786e-02	1.179e+00	1.409e-01 5.393461227416992	1.0
chr9_33687193_A_G_b38	1	1.59786e-02	1.179e+00	1.409e-01 5.404942035675049	1.0
chr9_33677182_A_G_b38	1	1.59786e-02	1.179e+00	1.409e-01 5.665510656475317	1.0
chr9_33677151_G_C_b38	1	1.59786e-02	1.179e+00	1.409e-01 5.665510656475317	1.0
chr9_33677341_A_C_b38	1	1.59786e-02	1.179e+00	1.409e-01 5.404797554016113	1.0
chr9_33678307_G_A_b38	1	1.59786e-02	1.179e+00	1.409e-01 5.3928422927856445	1.0
chr9_33677170_T_TC_b38	1	1.59786e-02	1.179e+00	1.409e-01 5.665510656475317	1.0
chr9_33680603_G_T_b38	1	1.59786e-02	1.179e+00	1.409e-01 5.3950605392456055	1.0
chr9_33686112_A_G_b38	1	1.59786e-02	1.179e+00	1.409e-01 5.404999732971191	1.0
chr9_33673798_C_A_b38	1	1.59786e-02	1.179e+00	1.409e-01 5.371345520019531	1.0
chr9_33684949_T_C_b38	1	1.59786e-02	1.179e+00	1.409e-01 5.397858619689941	1.0
chr9_33677004_C_G_b38	1	1.59786e-02	1.179e+00	1.409e-01 5.559627099234484	1.0
chr9_33680994_T_C_b38	1	1.59786e-02	1.179e+00	1.409e-01 5.396135330200195	1.0
chr9_33672538_C_A_b38	1	1.59786e-02	1.179e+00	1.409e-01 5.369553565979004	1.0
chr9_33674503_C_T_b38	1	1.59786e-02	1.179e+00	1.409e-01 5.372222423553467	1.0
chr9_33682137_C_CGT_b38	1	1.59786e-02	1.179e+00	1.409e-01 5.559627099234484	1.0
chr9_33676175_C_T_b38	1	1.59786e-02	1.179e+00	1.409e-01 5.391792297363281	1.0
chr9_33681450_A_C_b38	1	1.59786e-02	1.179e+00	1.409e-01 5.559627099234484	1.0
chr9_33679508_G_A_b38	1	1.59786e-02	1.179e+00	1.409e-01 5.393949508666992	1.0
chr9_33685399_G_A_b38	1	1.59786e-02	1.179e+00	1.409e-01 5.4045891761779785	1.0
chr9_33683742_T_C_b38	1	1.59786e-02	1.179e+00	1.409e-01 5.514179229736328	1.0
chr9_33683569_G_C_b38	1	1.59786e-02	1.179e+00	1.409e-01 5.394296646118164	1.0
chr9_33676775_G_C_b38	1	1.59786e-02	1.179e+00	1.409e-01 5.40401029586792	1.0
chr9_33682141_A_C_b38	1	1.59786e-02	1.179e+00	1.409e-01 5.559627099234484	1.0
chr9_33677476_C_T_b38	1	1.59786e-02	1.179e+00	1.409e-01 5.397721767425537	1.0
chr9_33679602_ATG_A_b38	1	1.59786e-02	1.179e+00	1.409e-01 5.559627099234484	1.0
chr9_33685837_C_T_b38	1	1.59786e-02	1.179e+00	1.409e-01 5.404870510101318	1.0
chr9_33679778_G_A_b38	1	1.59786e-02	1.179e+00	1.409e-01 5.395086288452148	1.0
chr9_33669376_A_G_b38	1	6.19490e-03	1.177e+00	1.397e-01 5.392423023516289	1.0
chr9_33664734_C_G_b38	1	6.19490e-03	1.177e+00	1.397e-01 5.336063385009767	1.0
chr9_33669651_A_G_b38	1	6.19490e-03	1.177e+00	1.397e-01 5.559627099234484	1.0
chr9_33662559_G_C_b38	1	6.19490e-03	1.177e+00	1.397e-01 5.381800651550293	1.0
chr9_33669386_A_G_b38	1	6.19490e-03	1.177e+00	1.397e-01 5.559627099234484	1.0
chr9_33667282_G_A_b38	1	6.19490e-03	1.177e+00	1.397e-01 5.4720920529075245	1.0
chr9_33663503_C_T_b38	1	6.19490e-03	1.177e+00	1.397e-01 5.382661819458008	1.0
chr9_33672344_T_A_b38	1	6.19490e-03	1.177e+00	1.397e-01 5.559627099234484	1.0
chr9_33667566_C_T_b38	1	6.19490e-03	1.177e+00	1.397e-01 5.559627099234484	1.0
chr9_33666718_T_C_b38	1	6.19490e-03	1.177e+00	1.397e-01 5.3595805168151855	1.0
chr9_33672393_T_C_b38	1	6.19490e-03	1.177e+00	1.397e-01 5.37071418762207	1.0
chr9_33662085_G_T_b38	1	6.19490e-03	1.177e+00	1.397e-01 5.3664512634277335	1.0
chr9_33662916_C_G_b38	1	6.19490e-03	1.177e+00	1.397e-01 5.382455348968506	1.0
chr9_33663770_T_G_b38	1	6.19490e-03	1.177e+00	1.397e-01 5.388913154602051	1.0
chr9_33669134_G_A_b38	1	6.19490e-03	1.177e+00	1.397e-01 5.559627099234484	1.0
chr9_33667639_G_A_b38	1	6.19490e-03	1.177e+00	1.397e-01 5.559627099234484	1.0
chr9_33662952_T_C_b38	1	6.19490e-03	1.177e+00	1.397e-01 5.465286731719972	1.0
chr9_33667157_T_C_b38	1	6.19490e-03	1.177e+00	1.397e-01 5.559627099234484	1.0
chr9_33662426_G_A_b38	1	6.19490e-03	1.177e+00	1.397e-01 5.386557102203369	1.0
chr9_33662595_G_A_b38	1	6.19490e-03	1.177e+00	1.397e-01 5.391884803771973	1.0
chr9_33662787_A_C_b38	1	6.19490e-03	1.177e+00	1.397e-01 5.384422779083252	1.0
chr9_33667496_T_A_b38	1	6.19490e-03	1.177e+00	1.397e-01 5.559627099234484	1.0
chr9_33732649_C_G_b38	1	5.42023e-03	1.178e+00	1.394e-01 5.198183059692383	1.0
chr9_33681448_A_C_b38	1	1.26825e-03	1.115e+00	1.367e-01 5.473345720482934	1.0
chr9_33706454_G_T_b38	2	3.43217e-01	2.932e-01	6.415e-02 -0.002664374187588692	1.0
chr9_33702341_G_A_b38	2	2.72557e-01	2.883e-01	6.534e-02 0.00331949652172625	1.0
chr9_33711038_G_GAATA_b38	2	1.49133e-01	2.938e-01	6.413e-02 -0.12137488967481624	1.0
chr9_33729689_C_T_b38	2	4.95133e-02	2.996e-01	6.342e-02 -0.025177551433444027	1.0
chr9_33731482_A_G_b38	2	4.95133e-02	2.996e-01	6.342e-02 -0.0946611613035202	1.0
chr9_33728485_C_CTTTTAT_b38	2	4.95133e-02	2.996e-01	6.342e-02 -0.1375638603537021	1.0
chr9_33667343_T_C_b38	2	2.48353e-02	2.906e-01	6.396e-02 -0.034831926636721224	1.0
chr9_33751722_G_C_b38	2	1.27114e-02	3.049e-01	6.067e-02 0.25913000106811523	1.0
chr9_33767358_A_G_b38	2	6.51693e-03	3.100e-01	5.706e-02 0.4255670607089996	1.0
chr9_33767273_G_A_b38	2	6.51693e-03	3.100e-01	5.706e-02 0.4251730144023895	1.0
chr9_33768384_G_A_b38	2	6.51693e-03	3.100e-01	5.706e-02 0.4249352514743805	1.0
chr9_33767842_T_TAGACAC_b38	2	6.51693e-03	3.100e-01	5.706e-02 0.20011294123159026	1.0
chr9_33767519_A_G_b38	2	6.51693e-03	3.100e-01	5.706e-02 0.4263479709625244	1.0
chr9_33767894_G_A_b38	2	5.33609e-03	3.097e-01	5.801e-02 0.20011294123159026	1.0
chr9_33749365_G_C_b38	2	5.05576e-03	3.059e-01	5.687e-02 0.2554844915866852	1.0
chr9_33750455_A_ACACAG_b38	2	5.05576e-03	3.059e-01	5.687e-02 0.15761698569834562	1.0
chr9_33751336_G_C_b38	2	8.73583e-04	2.944e-01	6.149e-02 0.37879347801208496	1.0
chr9_33697030_T_C_b38	3	5.58400e-02	1.792e-01	8.141e-02 3.0938138961791988	1.0
chr9_33697186_C_A_b38	3	5.58400e-02	1.792e-01	8.141e-02 3.093314409255981	1.0
chr9_33696983_G_T_b38	3	5.58400e-02	1.792e-01	8.141e-02 3.095228910446167	1.0
chr9_33696849_G_A_b38	3	2.10691e-02	1.792e-01	8.141e-02 3.0939955711364746	1.0
chr9_33696720_G_A_b38	3	2.10691e-02	1.792e-01	8.141e-02 2.883684277365385	1.0
chr9_33696705_G_A_b38	3	2.10691e-02	1.792e-01	8.141e-02 2.883684277365385	1.0
chr9_33697521_C_CTTTTG_b38	3	1.96467e-02	1.743e-01	8.108e-02 -0.34186563415706833	1.0
chr9_33697527_G_GAA_b38	3	1.96467e-02	1.743e-01	8.108e-02 -0.34186563415706833	1.0
chr9_33697525_C_CT_b38	3	1.96467e-02	1.743e-01	8.108e-02 -0.34186563415706833	1.0
chr9_33697529_C_CTTTTGTTTGGTTGTCAA_b38	3	1.96467e-02	1.743e-01	8.108e-02 -0.34186563415706833	1.0
chr9_33698274_CTG_C_b38	3	1.72569e-02	1.791e-01	8.141e-02 2.883684277365385	1.0
chr9_33695133_A_G_b38	3	9.42448e-03	1.791e-01	8.144e-02 3.0974466800689697	1.0
chr9_33695796_C_T_b38	3	9.42448e-03	1.791e-01	8.144e-02 3.0871472358703613	1.0
chr9_33695437_T_G_b38	3	9.42448e-03	1.791e-01	8.144e-02 3.0925874710083012	1.0
chr9_33695720_T_C_b38	3	9.42448e-03	1.791e-01	8.144e-02 3.0902228355407715	1.0
chr9_33699375_G_T_b38	3	9.08918e-03	1.791e-01	8.144e-02 3.098424196243286	1.0
chr9_33699676_T_C_b38	3	9.08918e-03	1.791e-01	8.144e-02 3.098428010940552	1.0
chr9_33699879_G_A_b38	3	9.08918e-03	1.791e-01	8.144e-02 2.883684277365385	1.0
chr9_33699150_T_C_b38	3	9.08918e-03	1.791e-01	8.144e-02 3.0984435081481934	1.0
chr9_33699232_G_A_b38	3	9.08918e-03	1.791e-01	8.144e-02 3.098424196243286	1.0
chr9_33699310_G_C_b38	3	9.08918e-03	1.791e-01	8.144e-02 3.059075117111206	1.0
chr9_33699590_A_T_b38	3	9.08918e-03	1.791e-01	8.144e-02 3.0984280109405518	1.0
chr9_33699091_C_T_b38	3	9.08918e-03	1.791e-01	8.144e-02 3.0910570621490483	1.0
chr9_33700779_C_A_b38	3	5.55144e-03	1.791e-01	8.145e-02 3.094688415527344	1.0
chr9_33702358_A_G_b38	3	5.55144e-03	1.791e-01	8.145e-02 3.091529130935669	1.0
chr9_33700525_AT_A_b38	3	5.55144e-03	1.791e-01	8.145e-02 2.883684277365385	1.0
chr9_33694711_T_C_b38	3	4.79234e-03	1.791e-01	8.145e-02 3.087407112121582	1.0
chr9_33693250_A_G_b38	3	4.79234e-03	1.791e-01	8.145e-02 3.089632511138916	1.0
chr9_33694163_C_G_b38	3	4.79234e-03	1.791e-01	8.145e-02 3.089111328125	1.0
chr9_33693958_T_C_b38	3	4.79234e-03	1.791e-01	8.145e-02 3.0974345207214355	1.0
chr9_33694140_C_A_b38	3	4.79234e-03	1.791e-01	8.145e-02 3.0879607200622563	1.0
chr9_33703956_T_C_b38	3	3.56727e-03	1.791e-01	8.143e-02 3.1305832862854004	1.0
chr9_33703236_T_C_b38	3	3.56727e-03	1.791e-01	8.143e-02 3.091071367263794	1.0
chr9_33692077_AG_A_b38	3	3.32673e-03	1.791e-01	8.143e-02 2.883684277365385	1.0
chr9_33699548_C_A_b38	3	2.88940e-03	1.740e-01	8.119e-02 -0.7718209028244019	1.0
chr9_33661288_A_G_b38	3	2.51161e-03	-1.931e-01	6.494e-02 -2.708062171936035	1.0
chr9_33692920_G_C_b38	3	1.27174e-03	1.739e-01	8.100e-02 -0.7958325147628784	1.0
chr9_33692948_C_T_b38	3	1.13578e-03	1.790e-01	8.127e-02 -0.6847595572471619	1.0
chr9_33716190_G_T_b38	3	1.12338e-03	1.789e-01	8.128e-02 3.13103461265564	1.0
chr9_33708795_A_G_b38	3	1.12338e-03	1.789e-01	8.128e-02 3.1194210052490234	1.0
chr9_33709612_C_G_b38	3	8.51317e-04	2.024e-01	8.192e-02 -0.16232166582830515	1.0
chr9_33692390_A_G_b38	3	5.74202e-04	1.792e-01	8.149e-02 -0.6811158061027527	1.0
chr9_33707703_C_G_b38	3	1.75944e-04	1.575e-01	7.578e-02 3.2037553787231445	1.0
