chr3_73060925_G_A_b38	1	1.27422e-01	2.119e-01	4.529e-02 4.249186992645264	1.0
chr3_73054038_A_G_b38	1	6.66474e-02	2.230e-01	5.122e-02 4.278638839721681	1.0
chr3_73062658_A_G_b38	1	5.75167e-02	2.053e-01	4.315e-02 4.374284744262694	1.0
chr3_73062217_T_C_b38	1	5.75167e-02	2.053e-01	4.315e-02 4.412782669067383	1.0
chr3_73052583_TTTG_T_b38	1	4.79844e-02	2.179e-01	4.687e-02 4.315366115929848	1.0
chr3_73059517_C_T_b38	1	4.42811e-02	2.059e-01	4.187e-02 4.410872936248778	1.0
chr3_73054018_A_G_b38	1	3.75825e-02	2.149e-01	4.440e-02 4.2796339988708505	1.0
chr3_73060089_G_A_b38	1	3.71622e-02	2.049e-01	4.198e-02 4.442710876464844	1.0
chr3_73064377_C_G_b38	1	3.50357e-02	2.093e-01	3.808e-02 4.350468158721924	1.0
chr3_73053324_C_T_b38	1	3.13757e-02	2.133e-01	4.414e-02 4.270891189575194	1.0
chr3_73053091_T_C_b38	1	2.99817e-02	2.122e-01	4.300e-02 4.295835494995116	1.0
chr3_73051049_C_G_b38	1	2.93275e-02	2.184e-01	4.681e-02 4.2942094802856445	1.0
chr3_73062847_C_T_b38	1	2.87429e-02	2.042e-01	4.181e-02 4.435274124145508	1.0
chr3_73053691_T_C_b38	1	2.61666e-02	2.120e-01	4.271e-02 4.278244495391847	1.0
chr3_73051003_C_T_b38	1	2.58070e-02	2.165e-01	4.496e-02 4.295204639434815	1.0
chr3_73066635_T_C_b38	1	1.78971e-02	2.026e-01	3.814e-02 4.401397705078125	1.0
chr3_73048901_G_T_b38	1	1.77663e-02	2.136e-01	4.439e-02 4.299034118652344	1.0
chr3_73063823_A_T_b38	1	1.71503e-02	1.991e-01	3.773e-02 4.419823169708252	1.0
chr3_73049175_G_A_b38	1	1.70749e-02	2.127e-01	4.326e-02 4.3071322441101065	1.0
chr3_73049422_C_T_b38	1	1.58969e-02	2.115e-01	4.090e-02 4.302030086517334	1.0
chr3_73056016_T_C_b38	1	1.50996e-02	2.061e-01	4.161e-02 4.440863132476807	1.0
chr3_73055226_G_A_b38	1	1.19995e-02	2.021e-01	3.790e-02 4.437925815582275	1.0
chr3_73047865_C_T_b38	1	1.02424e-02	2.071e-01	3.972e-02 4.311275005340576	1.0
chr3_73055135_C_G_b38	1	9.53033e-03	2.032e-01	3.814e-02 4.218377590179443	1.0
chr3_73045047_C_G_b38	1	9.02035e-03	2.061e-01	4.124e-02 4.518286228179932	1.0
chr3_73045927_T_C_b38	1	8.35229e-03	2.068e-01	3.954e-02 4.337246894836427	1.0
chr3_73045893_G_A_b38	1	8.35229e-03	2.068e-01	3.954e-02 4.333677291870116	1.0
chr3_73042958_A_G_b38	1	8.35229e-03	2.068e-01	3.954e-02 4.330094337463379	1.0
chr3_73043102_T_TAGTG_b38	1	8.19031e-03	2.062e-01	3.885e-02 4.361894023084304	1.0
chr3_73047440_A_ATAAT_b38	1	7.71949e-03	2.052e-01	3.792e-02 4.347856150530651	1.0
chr3_73063227_A_G_b38	1	7.49105e-03	1.944e-01	3.627e-02 4.41907262802124	1.0
chr3_73041311_G_T_b38	1	7.35648e-03	2.043e-01	3.836e-02 4.260473728179932	1.0
chr3_73063768_T_TA_b38	1	7.34913e-03	1.942e-01	3.623e-02 4.279035429477275	1.0
chr3_73043300_G_GAAATT_b38	1	5.82115e-03	2.039e-01	3.689e-02 4.361894023084304	1.0
chr3_73039539_G_A_b38	1	5.65460e-03	2.033e-01	3.690e-02 4.255541801452637	1.0
chr3_73036972_T_C_b38	1	5.64392e-03	2.032e-01	3.728e-02 4.2606844902038565	1.0
chr3_73041017_A_ATTT_b38	1	5.37790e-03	2.029e-01	3.716e-02 4.269579278622117	1.0
chr3_73039713_G_A_b38	1	5.37790e-03	2.029e-01	3.716e-02 4.2564239501953125	1.0
chr3_73039828_A_G_b38	1	5.37790e-03	2.029e-01	3.716e-02 4.262696266174316	1.0
chr3_73005620_C_G_b38	1	4.50879e-03	2.132e-01	3.668e-02 4.2283979740400905	1.0
chr3_73044907_C_T_b38	1	4.16336e-03	1.988e-01	3.520e-02 4.470500946044922	1.0
chr3_73041073_A_G_b38	1	3.58811e-03	1.998e-01	3.494e-02 4.361912250518799	1.0
chr3_73017346_T_C_b38	1	2.67502e-03	2.029e-01	3.526e-02 4.211721897125243	1.0
chr3_73017357_G_GT_b38	1	2.67502e-03	2.029e-01	3.526e-02 4.2283979740400905	1.0
chr3_73016418_T_C_b38	1	2.57874e-03	2.026e-01	3.547e-02 4.2129478454589835	1.0
chr3_73016226_A_G_b38	1	2.55202e-03	2.026e-01	3.546e-02 4.211181640625	1.0
chr3_73012387_G_C_b38	1	2.53010e-03	2.025e-01	3.544e-02 4.187581062316895	1.0
chr3_73013779_C_T_b38	1	2.50991e-03	2.024e-01	3.543e-02 4.204854488372804	1.0
chr3_73016081_C_A_b38	1	2.45162e-03	2.022e-01	3.488e-02 4.210314750671387	1.0
chr3_73044568_G_A_b38	1	2.43020e-03	1.977e-01	3.469e-02 4.3177576065063485	1.0
chr3_73019660_A_C_b38	1	2.39987e-03	2.020e-01	3.548e-02 4.237802982330321	1.0
chr3_73022463_A_T_b38	1	2.39276e-03	2.020e-01	3.546e-02 4.22635555267334	1.0
chr3_73023551_A_G_b38	1	2.38919e-03	2.020e-01	3.548e-02 4.2282676696777335	1.0
chr3_73033178_T_C_b38	1	1.91040e-03	2.020e-01	3.594e-02 4.233426570892334	1.0
chr3_73025591_A_G_b38	1	1.85170e-03	1.995e-01	3.270e-02 4.2673702239990225	1.0
chr3_73026903_C_T_b38	1	1.76691e-03	1.992e-01	3.268e-02 4.2590012550353995	1.0
chr3_73027133_G_A_b38	1	1.76067e-03	1.992e-01	3.269e-02 4.259007453918457	1.0
chr3_73031297_T_C_b38	1	1.72784e-03	1.985e-01	3.185e-02 4.211443901062012	1.0
chr3_73015259_C_A_b38	1	1.63138e-03	1.985e-01	3.190e-02 4.207133293151856	1.0
chr3_73015226_G_C_b38	1	1.63138e-03	1.985e-01	3.190e-02 4.265969753265382	1.0
chr3_73067565_A_T_b38	1	1.59850e-03	1.869e-01	3.165e-02 4.408714771270752	1.0
chr3_73039331_T_C_b38	1	1.54898e-03	1.934e-01	3.208e-02 4.262667179107666	1.0
chr3_73002523_A_G_b38	1	1.37286e-03	2.048e-01	3.510e-02 4.218528270721436	1.0
chr3_73023296_T_TCTC_b38	1	1.35172e-03	1.988e-01	3.212e-02 4.269579278622117	1.0
chr3_73026501_A_ATT_b38	1	1.34775e-03	1.982e-01	3.202e-02 4.246775154943365	1.0
chr3_73023091_A_G_b38	1	1.22068e-03	1.982e-01	3.213e-02 4.2294111251831055	1.0
chr3_73068684_C_T_b38	2	1.67625e-02	-1.464e-01	4.938e-02 3.5219526290893555	1.0
chr3_73061902_A_G_b38	2	1.63024e-02	-9.353e-02	5.834e-02 3.9551920890808105	1.0
chr3_73059826_C_T_b38	2	7.22215e-03	-1.146e-01	5.238e-02 3.5926311016082764	1.0
chr3_73058101_CTTAAAAATA_C_b38	2	4.95596e-03	-1.144e-01	5.145e-02 3.5902037805615623	1.0
chr3_73062822_A_G_b38	2	3.72005e-03	-1.385e-01	1.187e-01 4.398716449737549	1.0
chr3_73079745_C_G_b38	2	2.61047e-03	-1.167e-01	4.580e-02 1.3858633041381836	1.0
chr3_73071592_G_T_b38	2	2.57030e-03	-1.394e-01	6.379e-02 3.5218601226806636	1.0
chr3_73060593_TGAGTCTC_T_b38	2	2.54049e-03	-9.357e-02	6.692e-02 3.7068164139895265	1.0
chr3_73070417_G_A_b38	2	2.15623e-03	-1.427e-01	6.791e-02 3.5729613304138184	1.0
chr3_73056543_GTGT_G_b38	2	1.95348e-03	-9.661e-02	4.646e-02 1.687661862491583	1.0
chr3_73056296_TAC_T_b38	2	1.93275e-03	-9.675e-02	4.666e-02 1.687661862491583	1.0
chr3_73051994_T_C_b38	2	1.66480e-03	-1.057e-01	5.227e-02 3.6929318904876713	1.0
chr3_73084769_G_C_b38	2	1.51373e-03	-1.086e-01	4.655e-02 1.319798469543457	1.0
chr3_73083549_C_T_b38	2	1.50852e-03	-1.090e-01	4.676e-02 1.398528218269348	1.0
chr3_73083869_G_A_b38	2	1.47465e-03	-1.085e-01	4.685e-02 1.3152451515197754	1.0
chr3_73052990_C_T_b38	2	1.26459e-03	-9.737e-02	5.225e-02 3.665605306625366	1.0
chr3_73013027_C_A_b38	2	1.13972e-03	1.844e-01	8.610e-02 4.184630393981934	1.0
chr3_73086104_G_T_b38	2	1.12668e-03	-1.030e-01	4.627e-02 1.5347578525543213	1.0
chr3_73083486_A_G_b38	2	1.04277e-03	-1.008e-01	4.610e-02 1.4930799007415771	1.0
chr3_73013729_C_T_b38	2	9.94366e-04	1.806e-01	9.411e-02 4.197112083435059	1.0
chr3_73048661_C_G_b38	2	9.53258e-04	1.377e-01	1.083e-01 4.257925033569337	1.0
chr3_73083873_G_A_b38	2	8.49969e-04	-9.577e-02	4.596e-02 1.4683802127838137	1.0
chr3_73083443_C_A_b38	2	8.45817e-04	-9.618e-02	4.621e-02 1.6513983760385005	1.0
chr3_73071752_G_A_b38	2	8.32051e-04	-1.281e-01	6.123e-02 3.70475959777832	1.0
chr3_73067286_C_G_b38	2	8.00004e-04	-8.948e-02	6.451e-02 3.808417320251465	1.0
chr3_73013492_A_AAAAG_b38	2	6.82659e-04	1.310e-01	1.986e-01 4.2283979740400905	1.0
chr3_73049572_G_C_b38	2	6.58829e-04	4.698e-02	1.721e-01 4.304114818572998	1.0
chr3_73020543_G_T_b38	2	5.59281e-04	-1.218e-01	4.983e-02 3.5857112407684326	1.0
chr3_73034104_C_T_b38	2	5.47907e-04	1.720e-01	9.204e-02 3.9208950996398926	1.0
chr3_73043790_T_G_b38	2	5.29911e-04	-5.568e-02	1.775e-01 4.50972318649292	1.0
chr3_73019015_T_TG_b38	2	4.82661e-04	-1.182e-01	4.990e-02 3.6460705354839504	1.0
chr3_73016125_T_C_b38	2	4.30974e-04	-1.164e-01	4.989e-02 3.578988790512085	1.0
chr3_73016459_G_C_b38	2	4.30974e-04	-1.164e-01	4.989e-02 3.5802433490753174	1.0
chr3_73036872_ATTG_A_b38	2	3.49456e-04	-1.028e-01	6.571e-02 3.7089087894762938	1.0
chr3_73022727_G_A_b38	2	2.94484e-04	1.751e-01	8.153e-02 4.229703426361084	1.0
chr3_73045804_C_T_b38	2	2.85072e-04	-8.821e-02	5.789e-02 3.883182048797608	1.0
chr3_73026259_G_A_b38	2	2.76927e-04	-1.082e-01	4.862e-02 3.6154496669769287	1.0
chr3_73038684_G_A_b38	2	2.71526e-04	-8.903e-02	5.765e-02 3.76392126083374	1.0
chr3_73038238_A_G_b38	2	2.48840e-04	-9.082e-02	6.447e-02 3.776231050491333	1.0
chr3_73040840_T_A_b38	2	2.48547e-04	-9.187e-02	6.600e-02 3.8589775562286377	1.0
chr3_73041857_A_C_b38	2	2.47322e-04	-9.102e-02	6.400e-02 4.1063857078552255	1.0
chr3_73039337_G_A_b38	2	2.46090e-04	-8.997e-02	6.447e-02 3.798554182052612	1.0
chr3_73012023_T_G_b38	2	2.42690e-04	-1.148e-01	5.177e-02 3.58471155166626	1.0
chr3_73015216_G_A_b38	2	2.26457e-04	-1.102e-01	4.986e-02 3.632634162902832	1.0
chr3_73021346_G_A_b38	2	1.99053e-04	-2.132e-01	9.662e-02 4.237555503845215	1.0
chr3_73040434_T_C_b38	2	1.86196e-04	-8.445e-02	6.656e-02 3.864495754241944	1.0
chr3_73046109_A_G_b38	2	1.82469e-04	-8.220e-02	6.610e-02 3.9527063369750977	1.0
chr3_73012323_G_A_b38	2	1.78333e-04	-1.056e-01	4.962e-02 3.5521457195281982	1.0
chr3_73042686_A_C_b38	2	1.74355e-04	-7.690e-02	6.674e-02 3.671436309814453	1.0
chr3_73039481_G_A_b38	2	1.71303e-04	-6.917e-02	5.204e-02 1.9702107906341555	1.0
chr3_73050457_A_T_b38	2	1.67081e-04	-6.976e-02	6.809e-02 3.888223886489868	1.0
chr3_73014775_A_G_b38	2	1.65440e-04	-1.169e-01	5.192e-02 3.617039442062378	1.0
chr3_73019054_C_T_b38	2	1.65440e-04	-1.169e-01	5.192e-02 3.6308622360229488	1.0
chr3_73050459_A_G_b38	2	1.65357e-04	-6.689e-02	5.220e-02 2.011272668838501	1.0
chr3_73022884_TG_T_b38	2	1.62837e-04	-1.173e-01	5.226e-02 3.6460705354839504	1.0
chr3_73044871_T_G_b38	2	1.35590e-04	-2.826e-02	9.171e-02 4.123349666595459	1.0
chr3_73012401_G_A_b38	2	1.30440e-04	-1.140e-01	5.182e-02 3.6007421016693115	1.0
chr3_73023008_A_G_b38	2	1.19236e-04	-1.110e-01	5.165e-02 3.6374700069427486	1.0
chr3_73032395_TCTCCTGCCTCAGC_T_b38	2	1.15980e-04	-1.044e-01	4.887e-02 3.4695134297266543	1.0
chr3_73013825_G_C_b38	2	1.13567e-04	-1.090e-01	5.149e-02 3.619981527328491	1.0
chr3_73024552_A_C_b38	2	1.11230e-04	-1.085e-01	5.147e-02 3.630706310272217	1.0
chr3_73016019_G_A_b38	2	1.10667e-04	-1.091e-01	5.189e-02 3.6179466247558594	1.0
chr3_73028014_T_C_b38	2	1.08636e-04	-1.007e-01	4.830e-02 3.6449859142303462	1.0
chr3_73011953_C_A_b38	2	8.01981e-05	-1.040e-01	5.090e-02 3.619132518768311	1.0
chr3_73024972_T_C_b38	2	7.62350e-05	-1.007e-01	4.998e-02 3.651692152023315	1.0
chr3_73015594_G_C_b38	2	7.38485e-05	-1.026e-01	5.165e-02 3.6187570095062256	1.0
chr3_73026674_T_G_b38	2	7.32289e-05	-9.242e-02	4.707e-02 1.7271182537078855	1.0
chr3_73028893_A_G_b38	2	6.27441e-05	-9.511e-02	5.039e-02 3.644801616668701	1.0
chr3_73027252_A_T_b38	2	6.27441e-05	-9.511e-02	5.039e-02 3.6443333625793457	1.0
chr3_73029574_A_AAG_b38	2	6.21079e-05	-9.387e-02	4.993e-02 3.4870455486725134	1.0
chr3_72991938_A_G_b38	2	6.13139e-05	-1.069e-01	4.378e-02 1.4892820119857788	1.0
chr3_73028063_C_G_b38	2	6.00002e-05	-9.354e-02	5.038e-02 3.6451516151428223	1.0
chr3_73022333_A_AT_b38	2	5.75915e-05	-8.425e-02	4.648e-02 1.832628531181744	1.0
chr3_73002027_AATC_A_b38	2	5.55745e-05	-1.206e-01	5.001e-02 3.552754779094806	1.0
chr3_73004448_A_G_b38	2	4.73743e-05	-1.162e-01	4.985e-02 3.612614154815674	1.0
chr3_73021527_C_T_b38	2	2.56793e-05	-7.038e-02	4.570e-02 1.8043183088302608	1.0
chr3_72998886_A_C_b38	2	2.50660e-05	-1.083e-01	4.898e-02 3.5726735591888428	1.0
chr3_73003199_T_C_b38	2	2.48319e-05	-1.139e-01	5.132e-02 3.6439688205718994	1.0
chr3_73001804_T_G_b38	2	2.38141e-05	-1.127e-01	5.124e-02 3.552754779094806	1.0
chr3_73003903_A_T_b38	2	2.15194e-05	-1.095e-01	5.113e-02 3.648136854171753	1.0
chr3_73061366_G_A_b38	3	5.52391e-04	-5.638e-02	1.053e-01 1.037040948867798	1.0
chr3_73060740_G_A_b38	3	1.78140e-04	2.660e-02	1.079e-01 1.0307087898254397	1.0
