chr3_120583797_A_G_b38	1	9.98091e-01	1.051e+00	1.106e-01 -2.5583209650711445	1.0
chr3_120425010_C_T_b38	2	1.07830e-01	-2.338e-01	4.496e-02 5.111740112304688	1.0
chr3_120416687_C_T_b38	2	1.04987e-01	2.343e-01	4.510e-02 -4.912765979766847	1.0
chr3_120417570_C_T_b38	2	9.75664e-02	-2.337e-01	4.511e-02 4.897529602050781	1.0
chr3_120418749_C_CAT_b38	2	9.24358e-02	-2.335e-01	4.516e-02 4.941351319580444	1.0
chr3_120421854_C_G_b38	2	6.95794e-02	-2.301e-01	4.502e-02 5.02941370010376	1.0
chr3_120422138_C_A_b38	2	6.95794e-02	-2.301e-01	4.502e-02 5.004312515258789	1.0
chr3_120421014_T_C_b38	2	6.95794e-02	-2.301e-01	4.502e-02 5.0763750076293945	1.0
chr3_120384162_C_T_b38	2	4.93629e-02	2.166e-01	4.488e-02 -5.0191311836242685	1.0
chr3_120382491_G_A_b38	2	4.93629e-02	2.166e-01	4.488e-02 -5.064196586608887	1.0
chr3_120387589_G_A_b38	2	4.93629e-02	2.166e-01	4.488e-02 -5.022698402404785	1.0
chr3_120387192_T_A_b38	2	4.93629e-02	2.166e-01	4.488e-02 -5.008613586425781	1.0
chr3_120386591_G_C_b38	2	4.93629e-02	2.166e-01	4.488e-02 -5.020477294921875	1.0
chr3_120387674_A_G_b38	2	4.48442e-02	2.175e-01	4.527e-02 -5.1417274475097665	1.0
chr3_120419849_G_A_b38	2	1.52898e-02	-2.214e-01	4.631e-02 5.164135456085205	1.0
chr3_120389096_G_A_b38	2	1.13244e-02	2.261e-01	5.063e-02 -3.6299104690551762	1.0
chr3_120425062_G_A_b38	2	1.12693e-02	-2.408e-01	5.130e-02 3.532740354537964	1.0
chr3_120383861_C_T_b38	2	9.61035e-03	2.246e-01	5.070e-02 -3.642166614532471	1.0
chr3_120376213_G_T_b38	2	7.18263e-03	2.002e-01	4.556e-02 -4.669571506700977	1.0
chr3_120375194_C_T_b38	2	7.18263e-03	2.002e-01	4.556e-02 -4.669571506700977	1.0
chr3_120376178_C_G_b38	2	7.18263e-03	2.002e-01	4.556e-02 -4.669571506700977	1.0
chr3_120424685_G_A_b38	2	5.59930e-03	-2.311e-01	5.096e-02 3.5342013835906982	1.0
chr3_120407530_T_C_b38	2	1.23028e-03	2.110e-01	5.054e-02 -3.367021083831787	1.0
chr3_120410331_G_A_b38	2	1.23028e-03	2.110e-01	5.054e-02 -3.3567862510681152	1.0
chr3_119944933_G_A_b38	3	1.44236e-02	5.698e-01	1.339e-01 -0.4189803302288056	1.0
