chr12_117002415_G_A_b38	1	8.73962e-02	3.386e-01	8.932e-02 -7.087430477142334	1.0
chr12_117026101_T_C_b38	1	7.43837e-02	3.991e-01	8.317e-02 -6.961251735687256	1.0
chr12_116998194_G_C_b38	1	6.23791e-02	-3.867e-01	8.699e-02 7.061559677124023	1.0
chr12_116997211_T_C_b38	1	5.59571e-02	-3.957e-01	8.687e-02 7.123922824859619	1.0
chr12_116982975_A_C_b38	1	5.28892e-02	-4.097e-01	8.634e-02 7.151554584503174	1.0
chr12_117001134_T_C_b38	1	5.01703e-02	-3.789e-01	8.967e-02 7.460294246673584	1.0
chr12_117003484_A_ATTG_b38	1	4.77141e-02	3.789e-01	8.967e-02 -7.386171392760439	1.0
chr12_117024777_C_T_b38	1	3.16293e-02	4.007e-01	8.721e-02 -7.141827583312987	1.0
chr12_116999067_A_G_b38	1	3.05342e-02	-3.790e-01	8.956e-02 7.436665058135986	1.0
chr12_117012197_G_GCACTA_b38	1	2.58148e-02	3.719e-01	8.691e-02 -7.009023512722626	1.0
chr12_117012194_G_T_b38	1	2.58148e-02	3.719e-01	8.691e-02 -7.009023512722626	1.0
chr12_117012192_G_T_b38	1	2.58148e-02	3.719e-01	8.691e-02 -7.009023512722626	1.0
chr12_117012190_C_CTCATT_b38	1	2.58148e-02	3.719e-01	8.691e-02 -7.009023512722626	1.0
chr12_117012196_G_C_b38	1	2.58148e-02	3.719e-01	8.691e-02 -7.009023512722626	1.0
chr12_116993398_G_A_b38	1	2.39871e-02	4.283e-01	9.798e-02 -6.210842609405518	1.0
chr12_117024980_G_A_b38	1	2.30647e-02	3.888e-01	8.636e-02 -7.4225568771362305	1.0
chr12_116998721_TC_T_b38	1	1.83743e-02	-3.618e-01	8.931e-02 7.203127086807745	1.0
chr12_117005786_C_T_b38	1	1.81922e-02	3.618e-01	8.931e-02 -7.262905597686768	1.0
chr12_116984310_C_T_b38	1	1.79222e-02	-3.972e-01	8.932e-02 7.607626914978027	1.0
chr12_117004499_G_A_b38	1	1.54309e-02	3.389e-01	8.909e-02 -7.10398530960083	1.0
chr12_117021054_G_A_b38	1	1.13888e-02	3.834e-01	8.911e-02 -7.145185470581055	1.0
chr12_116993044_A_G_b38	1	1.09805e-02	-3.618e-01	8.931e-02 7.261105060577393	1.0
chr12_116994199_A_G_b38	1	1.09584e-02	-3.507e-01	8.725e-02 7.086154460906982	1.0
chr12_117015117_A_G_b38	1	1.08024e-02	3.731e-01	8.777e-02 -7.049985885620117	1.0
chr12_116987267_A_G_b38	1	9.30955e-03	-3.792e-01	8.944e-02 7.5010738372802725	1.0
chr12_116987169_C_T_b38	1	9.30955e-03	-3.792e-01	8.944e-02 7.488399028778076	1.0
chr12_116987235_G_A_b38	1	9.30955e-03	-3.792e-01	8.944e-02 7.504836559295653	1.0
chr12_117016492_A_AT_b38	1	8.92688e-03	3.539e-01	8.537e-02 -6.962840579829093	1.0
chr12_116984587_G_T_b38	1	8.75883e-03	-3.682e-01	8.741e-02 7.488655090332031	1.0
chr12_116956219_G_A_b38	1	7.20293e-03	-3.870e-01	8.678e-02 7.0351433753967285	1.0
chr12_116996407_A_T_b38	1	7.02913e-03	-3.313e-01	8.653e-02 7.0772132873535165	1.0
chr12_117005097_A_G_b38	1	6.96471e-03	3.272e-01	8.924e-02 -7.000444412231445	1.0
chr12_117029567_G_A_b38	1	6.87157e-03	3.916e-01	8.800e-02 -7.36061954498291	1.0
chr12_116975545_A_G_b38	1	6.86552e-03	-3.971e-01	8.900e-02 7.0513529777526855	1.0
chr12_116998380_C_CT_b38	1	6.67072e-03	-3.369e-01	9.159e-02 7.3861715720936445	1.0
chr12_116999646_G_A_b38	1	6.67072e-03	-3.369e-01	9.159e-02 7.461515426635742	1.0
chr12_116997566_C_T_b38	1	6.67072e-03	-3.369e-01	9.159e-02 7.465208053588867	1.0
chr12_116985459_G_A_b38	1	6.01133e-03	-3.677e-01	8.976e-02 7.043259620666504	1.0
chr12_117013235_CCAT_C_b38	1	5.65747e-03	3.621e-01	8.917e-02 -7.2031266407252525	1.0
chr12_116984117_G_A_b38	1	5.12030e-03	-3.638e-01	9.025e-02 7.587470531463622	1.0
chr12_116982333_C_G_b38	1	5.12030e-03	-3.638e-01	9.025e-02 7.60165548324585	1.0
chr12_116971326_T_C_b38	1	3.53014e-03	-3.792e-01	8.944e-02 7.504384517669678	1.0
chr12_116969695_C_T_b38	1	3.53014e-03	-3.792e-01	8.944e-02 7.5151329040527335	1.0
chr12_116972354_G_T_b38	1	3.41352e-03	-3.743e-01	8.857e-02 7.323292255401611	1.0
chr12_116958292_G_C_b38	1	3.41352e-03	-3.743e-01	8.857e-02 7.31188440322876	1.0
chr12_116986701_T_A_b38	1	2.20902e-03	-3.352e-01	9.037e-02 7.295166015625	1.0
chr12_116987631_A_G_b38	1	2.14163e-03	-3.186e-01	8.756e-02 7.1069016456604	1.0
chr12_117036857_G_A_b38	1	2.12550e-03	3.713e-01	9.276e-02 -5.9260191917419425	1.0
chr12_116970343_T_C_b38	1	1.99443e-03	-3.473e-01	8.750e-02 7.587051391601562	1.0
chr12_116968196_G_C_b38	1	1.94084e-03	-3.638e-01	9.025e-02 7.494187831878662	1.0
chr12_116976153_C_T_b38	1	1.60341e-03	-3.412e-01	8.758e-02 6.932156085968018	1.0
chr12_116960643_T_C_b38	1	1.41600e-03	-3.542e-01	8.836e-02 7.507993698120117	1.0
chr12_117026880_A_G_b38	1	1.38550e-03	3.063e-01	8.839e-02 -7.331698894500732	1.0
chr12_116970410_G_A_b38	1	1.35894e-03	-3.351e-01	8.716e-02 7.0220398902893075	1.0
chr12_117012683_A_T_b38	1	1.27583e-03	3.085e-01	9.021e-02 -7.448943614959718	1.0
chr12_116936703_G_A_b38	1	1.01350e-03	-3.829e-01	8.632e-02 7.476285934448242	1.0
chr12_116925652_T_A_b38	1	1.01350e-03	-3.829e-01	8.632e-02 7.3861715720936445	1.0
chr12_116946604_G_C_b38	1	1.01350e-03	-3.829e-01	8.632e-02 7.494199752807617	1.0
chr12_116928533_C_A_b38	1	1.01350e-03	-3.829e-01	8.632e-02 7.479046821594237	1.0
chr12_116926026_A_G_b38	1	1.01350e-03	-3.829e-01	8.632e-02 7.4830265045166025	1.0
chr12_116931536_C_T_b38	1	9.79290e-04	-3.780e-01	8.542e-02 7.269558906555176	1.0
chr12_116925361_G_T_b38	1	9.79290e-04	-3.780e-01	8.542e-02 7.3095784187316895	1.0
chr12_117030562_C_G_b38	1	9.04957e-04	3.420e-01	8.878e-02 -7.335087776184082	1.0
chr12_117003153_T_C_b38	2	3.79215e-02	3.972e-01	1.918e-01 -6.309370517730713	1.0
chr12_116999056_C_T_b38	2	2.55089e-02	-3.768e-01	1.511e-01 6.246048450469972	1.0
chr12_117025965_C_T_b38	2	2.23645e-03	4.018e-01	2.120e-01 -4.22768497467041	1.0
chr12_116976985_C_G_b38	2	9.37666e-04	4.446e-01	1.825e-01 -6.256389141082764	1.0
chr12_116971947_A_G_b38	2	3.14434e-04	3.808e-01	1.776e-01 -6.230508804321289	1.0
chr12_117039277_G_A_b38	2	2.90899e-04	3.599e-01	2.012e-01 -5.419487476348877	1.0
chr12_117048028_AC_A_b38	2	9.97942e-05	3.800e-01	1.946e-01 -5.486932767422808	1.0
chr12_117002828_T_C_b38	3	5.60434e-04	3.300e-03	1.461e-01 -2.455073118209839	1.0
