chr12_38905901_C_T_b38	1	2.62874e-01	-3.319e-01	7.540e-02 3.805986881256104	1.0
chr12_38904621_A_T_b38	1	1.25924e-01	-3.319e-01	7.540e-02 3.9464612007141113	1.0
chr12_38850359_C_T_b38	1	9.13687e-02	-3.786e-01	7.211e-02 4.125676155090332	1.0
chr12_38896737_G_A_b38	1	8.79661e-02	-3.399e-01	7.482e-02 3.971992015838623	1.0
chr12_38884065_T_C_b38	1	5.71652e-02	-3.469e-01	7.455e-02 4.070637226104736	1.0
chr12_38889317_A_G_b38	1	5.33316e-02	-3.428e-01	7.395e-02 4.047330856323241	1.0
chr12_38893865_G_T_b38	1	5.33316e-02	-3.428e-01	7.395e-02 4.04515552520752	1.0
chr12_38909837_C_A_b38	1	5.31943e-02	-3.214e-01	7.499e-02 4.06243371963501	1.0
chr12_38908445_G_T_b38	1	4.80237e-02	-3.160e-01	7.633e-02 4.0345458984375	1.0
chr12_38863966_A_G_b38	1	2.90095e-02	-3.530e-01	7.525e-02 4.184380531311035	1.0
chr12_38869969_T_C_b38	1	2.90095e-02	-3.530e-01	7.525e-02 4.2386817932128915	1.0
chr12_38847438_A_G_b38	1	2.36045e-02	-3.612e-01	7.331e-02 4.161546230316162	1.0
chr12_38832189_A_T_b38	1	7.29576e-03	-3.448e-01	7.439e-02 4.216259002685547	1.0
chr12_38837273_TCTAA_T_b38	1	7.29576e-03	-3.448e-01	7.439e-02 4.217965214442262	1.0
chr12_38830122_G_A_b38	1	6.22567e-03	-3.438e-01	7.491e-02 4.319906234741212	1.0
chr12_38835897_C_T_b38	1	6.22567e-03	-3.438e-01	7.491e-02 4.337255001068115	1.0
chr12_38824311_T_C_b38	1	4.18819e-03	-3.317e-01	7.421e-02 4.419629096984863	1.0
chr12_38839969_A_G_b38	1	3.08734e-03	-3.361e-01	7.640e-02 4.337022304534912	1.0
chr12_38906939_T_C_b38	2	3.97545e-02	-2.279e-01	1.395e-01 1.6659538745880127	1.0
chr12_38905751_A_G_b38	2	4.36696e-03	-6.258e-02	1.346e-01 1.689231038093567	1.0
chr12_38909534_G_GA_b38	2	4.32741e-03	-2.162e-01	1.403e-01 1.8152117972949549	1.0
chr12_38909300_A_G_b38	2	3.44405e-03	-1.891e-01	1.351e-01 1.7057901620864868	1.0
chr12_38912782_A_G_b38	2	2.05738e-03	1.938e-01	1.385e-01 -1.247490406036377	1.0
chr12_38915912_T_C_b38	2	1.81091e-03	1.874e-01	1.396e-01 -1.3738933801651	1.0
chr12_38913816_A_C_b38	2	1.81091e-03	1.874e-01	1.396e-01 -1.1821811199188232	1.0
chr12_38898635_T_A_b38	2	1.80895e-03	1.918e-01	1.353e-01 -0.8628032207489014	1.0
chr12_38912682_G_A_b38	2	1.57485e-03	1.716e-01	1.415e-01 -1.2446125745773315	1.0
chr12_38929941_G_A_b38	2	7.67393e-04	2.252e-01	1.425e-01 -1.3779518604278564	1.0
chr12_38916928_T_C_b38	2	5.05333e-04	2.004e-01	1.440e-01 -1.376859426498413	1.0
chr12_38916849_T_C_b38	2	5.05333e-04	2.004e-01	1.440e-01 -1.3749885559082031	1.0
chr12_38918029_A_G_b38	2	5.05333e-04	2.004e-01	1.440e-01 -1.3718425035476685	1.0
chr12_38916789_A_T_b38	2	5.05333e-04	2.004e-01	1.440e-01 -1.366199016571045	1.0
chr12_38925181_AGAGAAATGTAACAG_A_b38	2	5.05333e-04	2.004e-01	1.440e-01 -1.2872300907672218	1.0
chr12_38919333_C_T_b38	2	5.05333e-04	2.004e-01	1.440e-01 -1.373605728149414	1.0
chr12_38926913_T_C_b38	2	5.05333e-04	2.004e-01	1.440e-01 -1.3939297199249268	1.0
chr12_38925150_A_G_b38	2	5.05333e-04	2.004e-01	1.440e-01 -1.3888320922851562	1.0
chr12_38924035_C_G_b38	2	5.05333e-04	2.004e-01	1.440e-01 -1.382389783859253	1.0
chr12_38885740_T_G_b38	2	5.01351e-04	2.028e-01	1.394e-01 -0.8811712265014648	1.0
chr12_38926255_AC_A_b38	2	3.28142e-04	1.700e-01	1.421e-01 -0.6321503859443348	1.0
chr12_38909060_T_G_b38	3	7.57653e-04	-3.219e-01	1.343e-01 3.4700732231140137	1.0
chr12_38956395_G_A_b38	3	5.06310e-05	-3.414e-01	1.267e-01 3.120055675506592	1.0
