chr1_36294989_C_T_b38	1	5.47069e-01	-2.534e-01	4.320e-02 -7.056844711303711	1.0
chr1_36292460_C_T_b38	1	2.26617e-01	-2.432e-01	4.291e-02 -7.05855131149292	1.0
chr1_36323945_A_G_b38	1	1.20916e-01	-2.355e-01	4.280e-02 -7.086024761199951	1.0
chr1_36286551_C_T_b38	1	6.41280e-02	-2.346e-01	4.370e-02 -7.0480780601501465	1.0
chr1_36322287_G_A_b38	1	2.96802e-02	-2.251e-01	4.351e-02 -7.052316665649414	1.0
chr1_36233260_C_T_b38	1	7.54417e-03	-2.328e-01	4.334e-02 -6.7682895328258095	1.0
chr1_36406188_T_C_b38	2	2.12544e-02	-2.006e-01	5.059e-02 -1.3691097497940063	1.0
chr1_36405593_A_G_b38	2	2.12544e-02	-2.006e-01	5.059e-02 -1.3590291738510132	1.0
chr1_36406277_A_G_b38	2	2.12544e-02	-2.006e-01	5.059e-02 -1.3810029029846191	1.0
chr1_36405283_A_T_b38	2	2.10824e-02	-2.006e-01	5.067e-02 -1.3470187187194824	1.0
chr1_36406928_A_G_b38	2	3.33858e-03	-2.005e-01	5.053e-02 -1.360411524772644	1.0
chr1_36407897_C_A_b38	2	3.33858e-03	-2.005e-01	5.053e-02 -1.312149167060852	1.0
chr1_36407345_A_G_b38	2	3.33858e-03	-2.005e-01	5.053e-02 -1.3795522793173665	1.0
chr1_36408190_T_C_b38	2	3.33858e-03	-2.005e-01	5.053e-02 -1.3051595687866209	1.0
chr1_36408507_A_G_b38	2	3.33858e-03	-2.005e-01	5.053e-02 -1.312825083732605	1.0
chr1_36408641_A_G_b38	2	3.33858e-03	-2.005e-01	5.053e-02 -1.2740893363952637	1.0
chr1_36408444_T_C_b38	2	3.33858e-03	-2.005e-01	5.053e-02 -1.3795522793173665	1.0
chr1_36408443_T_C_b38	2	3.33858e-03	-2.005e-01	5.053e-02 -1.3795522793173665	1.0
chr1_36407064_T_C_b38	2	3.33858e-03	-2.005e-01	5.053e-02 -1.3471616506576538	1.0
chr1_36408372_T_C_b38	2	3.33858e-03	-2.005e-01	5.053e-02 -1.2946569919586182	1.0
chr1_36407575_A_G_b38	2	3.33858e-03	-2.005e-01	5.053e-02 -1.315699815750122	1.0
chr1_36408042_T_C_b38	2	3.33858e-03	-2.005e-01	5.053e-02 -1.3175390958786009	1.0
chr1_36409022_C_T_b38	2	3.33858e-03	-2.005e-01	5.053e-02 -1.2701719999313354	1.0
chr1_36409039_G_A_b38	2	3.33858e-03	-2.005e-01	5.053e-02 -1.2762240171432495	1.0
chr1_36407163_T_A_b38	2	3.33858e-03	-2.005e-01	5.053e-02 -1.355959415435791	1.0
chr1_36408445_G_A_b38	2	3.33858e-03	-2.005e-01	5.053e-02 -1.293396234512329	1.0
chr1_36407337_T_C_b38	2	3.33858e-03	-2.005e-01	5.053e-02 -1.335519790649414	1.0
chr1_36407717_A_G_b38	2	3.33858e-03	-2.005e-01	5.053e-02 -1.31930410861969	1.0
chr1_36400514_T_A_b38	2	2.01536e-03	-1.454e-01	4.543e-02 -2.583735369884662	1.0
chr1_36394508_A_T_b38	2	1.76842e-03	-1.413e-01	4.488e-02 -2.6819028854370117	1.0
chr1_36394564_C_T_b38	2	1.76842e-03	-1.413e-01	4.488e-02 -2.680375230850243	1.0
chr1_36394549_G_A_b38	2	1.76842e-03	-1.413e-01	4.488e-02 -2.682760000228882	1.0
chr1_36394578_A_G_b38	2	1.76842e-03	-1.413e-01	4.488e-02 -2.6834068298339844	1.0
chr1_36394725_A_G_b38	2	1.76842e-03	-1.413e-01	4.488e-02 -2.6866331100463867	1.0
chr1_36398102_A_G_b38	2	1.12623e-03	-1.321e-01	4.384e-02 -2.7165119647979736	1.0
chr1_36394979_T_C_b38	2	1.06938e-03	-1.331e-01	4.453e-02 -2.6931402683258057	1.0
chr1_36400585_T_C_b38	2	1.06938e-03	-1.331e-01	4.453e-02 -2.6428725719451904	1.0
chr1_36396490_C_G_b38	2	1.06938e-03	-1.331e-01	4.453e-02 -2.666126251220703	1.0
chr1_36400563_C_T_b38	2	1.05337e-03	-1.328e-01	4.454e-02 -2.6263015270233154	1.0
chr1_36396095_C_T_b38	2	1.05337e-03	-1.328e-01	4.454e-02 -2.672538541456718	1.0
chr1_36397005_A_G_b38	2	1.05337e-03	-1.328e-01	4.454e-02 -2.6649084091186523	1.0
chr1_36395405_C_T_b38	2	1.05337e-03	-1.328e-01	4.454e-02 -2.678915023803711	1.0
chr1_36395225_G_A_b38	2	1.05337e-03	-1.328e-01	4.454e-02 -2.656548500061035	1.0
chr1_36400569_G_A_b38	2	1.05337e-03	-1.328e-01	4.454e-02 -2.6326346397399902	1.0
chr1_36399791_A_G_b38	2	1.05337e-03	-1.328e-01	4.454e-02 -2.6749789714813232	1.0
chr1_36399086_C_T_b38	2	1.05337e-03	-1.328e-01	4.454e-02 -2.699750661849976	1.0
chr1_36401278_T_C_b38	2	1.05337e-03	-1.328e-01	4.454e-02 -2.7058370113372803	1.0
chr1_36399101_T_C_b38	2	1.05337e-03	-1.328e-01	4.454e-02 -2.6825222969055176	1.0
chr1_36399199_CAA_C_b38	2	1.05337e-03	-1.328e-01	4.454e-02 -2.672538541456718	1.0
chr1_36396128_CAGG_C_b38	2	1.05337e-03	-1.328e-01	4.454e-02 -2.672538541456718	1.0
chr1_36396694_G_A_b38	2	1.05337e-03	-1.328e-01	4.454e-02 -2.669837951660156	1.0
chr1_36398425_C_T_b38	2	1.05337e-03	-1.328e-01	4.454e-02 -2.682869434356689	1.0
chr1_36395141_G_A_b38	2	1.05337e-03	-1.328e-01	4.454e-02 -2.682204008102417	1.0
chr1_36399678_T_C_b38	2	1.05337e-03	-1.328e-01	4.454e-02 -2.677333116531372	1.0
chr1_36398220_G_A_b38	2	1.05337e-03	-1.328e-01	4.454e-02 -2.670811414718628	1.0
chr1_36395199_A_T_b38	2	1.05337e-03	-1.328e-01	4.454e-02 -2.6813607215881348	1.0
chr1_36395106_T_C_b38	2	1.05337e-03	-1.328e-01	4.454e-02 -2.676120519638061	1.0
chr1_36398615_A_C_b38	2	1.05337e-03	-1.328e-01	4.454e-02 -2.680760622024536	1.0
chr1_36395706_A_G_b38	2	1.05337e-03	-1.328e-01	4.454e-02 -2.669921636581421	1.0
chr1_36395518_G_C_b38	2	1.05337e-03	-1.328e-01	4.454e-02 -2.679930686950684	1.0
chr1_36398470_CA_C_b38	2	1.05337e-03	-1.328e-01	4.454e-02 -2.672538541456718	1.0
chr1_36398053_T_C_b38	2	6.39573e-04	-1.276e-01	4.469e-02 -2.6784687042236333	1.0
chr1_36402199_C_T_b38	2	5.80555e-04	-1.228e-01	4.355e-02 -2.532132148742676	1.0
chr1_36401762_T_C_b38	2	5.80555e-04	-1.228e-01	4.355e-02 -2.5222554206848145	1.0
chr1_36399051_G_A_b38	2	5.80555e-04	-1.228e-01	4.355e-02 -2.537441730499268	1.0
chr1_36410046_CA_C_b38	2	2.42658e-04	-1.738e-01	5.270e-02 -1.5878169386471	1.0
chr1_36411406_A_G_b38	2	1.94843e-04	-1.698e-01	5.270e-02 -1.5204704999923706	1.0
chr1_36410445_G_A_b38	2	1.94843e-04	-1.698e-01	5.270e-02 -1.573377251625061	1.0
chr1_36412465_G_A_b38	2	1.94843e-04	-1.698e-01	5.270e-02 -1.483400821685791	1.0
chr1_36439159_G_A_b38	2	1.94843e-04	-1.698e-01	5.270e-02 -1.4593061208724976	1.0
chr1_36412122_G_T_b38	2	1.94843e-04	-1.698e-01	5.270e-02 -1.5052022933959959	1.0
chr1_36436248_C_T_b38	2	1.94843e-04	-1.698e-01	5.270e-02 -1.4497122764587402	1.0
chr1_36414917_C_A_b38	2	1.94843e-04	-1.698e-01	5.270e-02 -1.492856502532959	1.0
chr1_36413985_G_A_b38	2	1.94843e-04	-1.698e-01	5.270e-02 -1.477011799812317	1.0
chr1_36411043_T_C_b38	2	1.94843e-04	-1.698e-01	5.270e-02 -1.5591173171997068	1.0
chr1_36410385_T_C_b38	2	1.94843e-04	-1.698e-01	5.270e-02 -1.5744504928588867	1.0
chr1_36410672_C_T_b38	2	1.94843e-04	-1.698e-01	5.270e-02 -1.5658438205718994	1.0
chr1_36415236_T_C_b38	2	1.94843e-04	-1.698e-01	5.270e-02 -1.4532688856124878	1.0
chr1_36411066_T_C_b38	2	1.94843e-04	-1.698e-01	5.270e-02 -1.5586596727371216	1.0
chr1_36411616_T_TGTGCA_b38	2	1.94843e-04	-1.698e-01	5.270e-02 -1.56346011719512	1.0
chr1_36412423_A_C_b38	2	1.94843e-04	-1.698e-01	5.270e-02 -1.4741148948669434	1.0
chr1_36411195_C_T_b38	2	1.94843e-04	-1.698e-01	5.270e-02 -1.56346011719512	1.0
chr1_36410976_A_G_b38	2	1.94843e-04	-1.698e-01	5.270e-02 -1.5352818965911863	1.0
chr1_36410540_C_T_b38	2	1.94843e-04	-1.698e-01	5.270e-02 -1.5693072080612185	1.0
chr1_36410388_G_T_b38	2	1.94843e-04	-1.698e-01	5.270e-02 -1.570323824882507	1.0
chr1_36430316_C_G_b38	2	1.94843e-04	-1.698e-01	5.270e-02 -1.4095114469528198	1.0
chr1_36265738_A_G_b38	3	1.25852e-03	2.732e-01	1.029e-01 2.4499568939208984	1.0
