chr2_101697147_G_C_b38	1	2.93604e-01	1.551e-01	2.937e-02 4.736929416656494	1.0
chr2_101685127_A_G_b38	1	1.14836e-01	1.581e-01	2.705e-02 4.847321510314941	1.0
chr2_101760293_G_A_b38	1	9.68742e-02	1.899e-01	3.017e-02 5.694334506988525	1.0
chr2_101693221_C_CCTCT_b38	1	8.52090e-02	1.569e-01	2.843e-02 4.512032281864042	1.0
chr2_101692769_G_GTCC_b38	1	5.69375e-02	1.542e-01	2.849e-02 4.432483378928322	1.0
chr2_101776802_A_G_b38	1	5.40409e-02	1.882e-01	3.042e-02 5.354623226885648	1.0
chr2_101755669_T_C_b38	1	5.40409e-02	1.882e-01	3.042e-02 5.63198709487915	1.0
chr2_101681520_T_C_b38	1	5.14792e-02	1.523e-01	2.674e-02 4.827658176422119	1.0
chr2_101680925_T_C_b38	1	4.29014e-02	1.517e-01	2.671e-02 5.011695861816406	1.0
chr2_101714709_A_G_b38	1	3.33964e-02	1.632e-01	2.990e-02 4.6830573081970215	1.0
chr2_101720403_C_T_b38	1	1.39296e-02	1.579e-01	2.967e-02 4.62641191482544	1.0
chr2_101713988_T_G_b38	1	1.39296e-02	1.579e-01	2.967e-02 4.656208038330078	1.0
chr2_101720326_G_A_b38	1	1.39296e-02	1.579e-01	2.967e-02 4.627997875213623	1.0
chr2_101801030_GT_G_b38	1	8.84100e-03	1.882e-01	3.042e-02 5.354623226885648	1.0
chr2_101827580_C_T_b38	1	8.82178e-03	1.867e-01	3.017e-02 5.692894458770753	1.0
chr2_101708003_C_T_b38	1	8.39002e-03	1.549e-01	2.958e-02 4.624632835388184	1.0
chr2_101707725_T_C_b38	1	8.39002e-03	1.549e-01	2.958e-02 4.623361736473222	1.0
chr2_101716268_G_C_b38	1	8.39002e-03	1.549e-01	2.958e-02 4.621231339975409	1.0
chr2_101717984_T_C_b38	1	3.88763e-03	1.500e-01	2.896e-02 4.593120098114014	1.0
chr2_101703388_C_T_b38	2	1.98121e-02	1.783e-01	5.971e-02 1.0871008634567259	1.0
chr2_101703846_A_G_b38	2	1.11247e-02	1.532e-01	5.558e-02 0.7082679867744446	1.0
chr2_101705543_G_T_b38	2	9.43046e-03	1.588e-01	5.934e-02 1.085999846458435	1.0
chr2_101734306_G_A_b38	2	3.03685e-03	1.777e-01	5.967e-02 1.1227961778640747	1.0
chr2_101892624_A_G_b38	2	1.15346e-04	1.789e-01	5.677e-02 1.5590705871582031	1.0
chr2_101695898_AAAAC_A_b38	3	5.39195e-04	7.051e-02	4.226e-02 2.4902553431407357	1.0
chr2_101695941_T_C_b38	3	2.10790e-04	4.829e-02	3.982e-02 2.42997407913208	1.0
chr2_101698859_C_T_b38	3	1.01555e-04	5.592e-02	4.195e-02 2.35379695892334	1.0
chr2_101694939_C_CAATA_b38	3	6.35349e-05	4.792e-02	4.143e-02 2.4902553431407357	1.0
chr2_101688390_A_G_b38	3	3.83871e-05	8.344e-02	4.264e-02 2.454965829849243	1.0
chr2_101699471_A_T_b38	3	3.38988e-05	9.400e-02	2.758e-02 2.109748363494873	1.0
chr2_101703268_T_G_b38	3	3.29862e-05	7.488e-02	4.292e-02 2.3684027194976807	1.0
chr2_101686516_C_T_b38	3	1.51497e-05	9.997e-02	2.659e-02 2.238884925842285	1.0
