chr16_30023148_T_G_b38	1	2.24621e-01	-2.301e-01	4.724e-02 8.439326286315918	1.0
chr16_30022868_A_G_b38	1	2.24621e-01	-2.301e-01	4.724e-02 8.435441017150879	1.0
chr16_30023203_T_C_b38	1	2.24621e-01	-2.301e-01	4.724e-02 8.438583374023438	1.0
chr16_30022107_A_G_b38	1	3.51522e-02	-2.254e-01	4.676e-02 8.419463157653809	1.0
chr16_30039173_G_A_b38	1	2.92036e-02	-2.461e-01	4.747e-02 8.478534698486326	1.0
chr16_30044429_T_C_b38	1	2.54546e-02	-2.700e-01	5.231e-02 9.58938217163086	1.0
chr16_30037232_C_T_b38	1	2.54546e-02	-2.700e-01	5.231e-02 9.60917854309082	1.0
chr16_30007399_C_T_b38	1	1.72951e-02	-2.694e-01	5.291e-02 9.471546173095703	1.0
chr16_30016373_G_A_b38	1	1.48432e-02	-2.399e-01	4.931e-02 9.48190212249756	1.0
chr16_30025807_A_C_b38	1	1.31939e-02	-2.239e-01	4.711e-02 8.461084365844728	1.0
chr16_30027327_G_C_b38	1	1.09259e-02	-2.195e-01	4.664e-02 8.343738964700702	1.0
chr16_30027326_A_G_b38	1	1.09259e-02	-2.195e-01	4.664e-02 8.343738964700702	1.0
chr16_30031789_T_G_b38	1	8.91296e-03	-2.239e-01	4.711e-02 8.503775596618652	1.0
chr16_30033260_G_A_b38	1	8.91296e-03	-2.239e-01	4.711e-02 8.510900497436522	1.0
chr16_30028857_C_G_b38	1	8.91296e-03	-2.239e-01	4.711e-02 8.49862003326416	1.0
chr16_30017814_A_G_b38	1	8.47089e-03	-2.196e-01	4.648e-02 8.378759384155272	1.0
chr16_30049334_A_G_b38	1	8.39151e-03	-2.700e-01	5.231e-02 9.56321620941162	1.0
chr16_30028357_C_A_b38	1	6.69069e-03	-2.167e-01	4.628e-02 8.520955085754395	1.0
chr16_30022312_T_C_b38	1	6.29721e-03	-2.179e-01	5.119e-02 9.527520179748537	1.0
chr16_30018227_C_T_b38	1	4.91231e-03	-2.336e-01	5.079e-02 9.48246955871582	1.0
chr16_30015148_G_A_b38	1	4.88393e-03	-2.346e-01	5.100e-02 9.495494842529297	1.0
chr16_30037732_GC_G_b38	1	4.52612e-03	-2.239e-01	4.711e-02 8.381876560479443	1.0
chr16_30034721_G_A_b38	1	4.52612e-03	-2.239e-01	4.711e-02 8.501585006713867	1.0
chr16_30036756_C_G_b38	1	4.52612e-03	-2.239e-01	4.711e-02 8.501828193664549	1.0
chr16_30039991_A_G_b38	1	4.52612e-03	-2.239e-01	4.711e-02 8.472567558288574	1.0
chr16_30036609_G_A_b38	1	4.52612e-03	-2.239e-01	4.711e-02 8.50039005279541	1.0
chr16_30039184_C_T_b38	1	4.52612e-03	-2.239e-01	4.711e-02 8.47815990447998	1.0
chr16_30034584_C_CAAT_b38	1	3.74809e-03	-2.195e-01	4.664e-02 8.381876560479443	1.0
chr16_30044228_T_C_b38	1	3.74809e-03	-2.195e-01	4.664e-02 8.459638595581055	1.0
chr16_30061209_T_C_b38	1	3.53641e-03	-2.288e-01	4.618e-02 8.109703063964844	1.0
chr16_30030645_A_G_b38	1	2.77397e-03	-2.166e-01	4.850e-02 8.548416137695312	1.0
chr16_30019378_T_C_b38	1	2.49325e-03	-2.218e-01	5.104e-02 9.488839149475098	1.0
chr16_30018874_A_C_b38	1	2.49325e-03	-2.218e-01	5.104e-02 9.488739967346193	1.0
chr16_30011243_A_G_b38	1	2.47243e-03	-2.190e-01	4.736e-02 8.343290328979492	1.0
chr16_30011836_T_C_b38	1	2.47243e-03	-2.190e-01	4.736e-02 8.344873428344728	1.0
chr16_30022806_G_C_b38	2	1.16347e-02	-3.484e-02	7.805e-02 5.969778537750244	1.0
