chr5_181204817_T_C_b38	1	2.34700e-01	4.017e-01	1.129e-01 -5.29364538192749	1.0
chr5_181210221_T_G_b38	1	1.12069e-01	4.371e-01	1.061e-01 -5.429841041564941	1.0
chr5_181199505_A_G_b38	1	9.18831e-02	4.540e-01	1.082e-01 -5.351156234741211	1.0
chr5_181199927_A_G_b38	1	9.18831e-02	4.540e-01	1.082e-01 -5.438007354736328	1.0
chr5_181201432_A_G_b38	1	7.58472e-02	4.319e-01	1.091e-01 -5.426599025726318	1.0
chr5_181204387_G_A_b38	1	5.71371e-02	4.124e-01	1.190e-01 -4.787223815917969	1.0
chr5_181202812_C_A_b38	1	5.68777e-02	3.980e-01	1.096e-01 -5.392688274383545	1.0
chr5_181205744_TC_T_b38	1	4.33201e-02	3.395e-01	1.086e-01 -5.295692272083382	1.0
chr5_181206194_G_A_b38	1	3.98549e-02	3.673e-01	1.096e-01 -5.146789073944092	1.0
chr5_181204121_G_C_b38	1	2.45271e-02	4.215e-01	1.147e-01 -4.741226673126222	1.0
chr5_181202606_T_G_b38	1	2.17715e-02	3.943e-01	1.084e-01 -5.367504518007678	1.0
chr5_181201826_A_G_b38	1	1.44647e-02	4.233e-01	1.137e-01 -4.753945827484131	1.0
chr5_181188933_T_C_b38	1	1.38323e-02	4.373e-01	1.066e-01 -5.100630760192871	1.0
chr5_181205454_C_T_b38	2	1.23812e-01	6.870e-01	2.682e-01 -0.996753454208374	1.0
chr5_181204433_G_A_b38	2	4.79218e-02	6.874e-01	2.682e-01 -1.2687983512878418	1.0
chr5_181207501_A_G_b38	2	2.01722e-02	6.619e-01	2.610e-01 -0.9632790088653564	1.0
chr5_181209678_A_C_b38	2	1.20441e-02	6.650e-01	2.608e-01 -0.8786783861927342	1.0
chr5_181209662_T_C_b38	2	1.20441e-02	6.650e-01	2.608e-01 -0.9912407109138172	1.0
chr5_181209698_TCAA_T_b38	2	1.20441e-02	6.650e-01	2.608e-01 -0.9811087992434324	1.0
chr5_181199030_G_A_b38	2	8.63082e-03	6.955e-01	2.683e-01 -0.9618501663208008	1.0
chr5_181198487_C_A_b38	2	8.63082e-03	6.955e-01	2.683e-01 -0.95452880859375	1.0
chr5_181211203_A_T_b38	2	8.20622e-03	6.670e-01	2.612e-01 -0.9074772596359252	1.0
chr5_181211281_G_A_b38	2	8.20622e-03	6.670e-01	2.612e-01 -0.9765828847885132	1.0
chr5_181211275_G_T_b38	2	8.20622e-03	6.670e-01	2.612e-01 -0.8995676636695862	1.0
chr5_181210354_C_T_b38	2	8.20622e-03	6.670e-01	2.612e-01 -0.9753116369247437	1.0
chr5_181210325_C_T_b38	2	8.20622e-03	6.670e-01	2.612e-01 -0.96417897939682	1.0
chr5_181214577_G_A_b38	2	8.20622e-03	6.670e-01	2.612e-01 -0.8606123924255371	1.0
chr5_181209450_G_A_b38	2	4.82479e-03	4.417e-01	2.145e-01 -1.205074742347565	1.0
chr5_181209955_G_GT_b38	2	3.84901e-03	4.616e-01	2.371e-01 -0.7750151160300512	1.0
chr5_181188956_T_C_b38	2	2.51234e-03	7.542e-01	2.607e-01 -1.0016747713088991	1.0
chr5_181204894_G_A_b38	3	2.26703e-03	-1.562e-01	2.169e-01 0.02525169774889946	1.0
chr5_181204544_CA_C_b38	3	5.43604e-04	-5.417e-02	2.278e-01 -0.2521264513680585	1.0
chr5_181206680_C_G_b38	3	2.09490e-04	-6.193e-02	2.349e-01 -0.10883890837430954	1.0
chr5_181206854_T_G_b38	3	2.09490e-04	-6.193e-02	2.349e-01 -0.04293984919786453	1.0
chr5_181200917_C_T_b38	3	7.58492e-05	-4.363e-02	2.372e-01 -0.15380316972732544	1.0
chr5_181197516_A_C_b38	3	4.54623e-05	-1.112e-01	2.175e-01 -0.057911422103643424	1.0
chr5_181197569_A_G_b38	3	4.54623e-05	-1.112e-01	2.175e-01 -0.2850693464279175	1.0
chr5_181197520_G_A_b38	3	4.54623e-05	-1.112e-01	2.175e-01 -0.057911422103643424	1.0
chr5_181197570_G_T_b38	3	4.54623e-05	-1.112e-01	2.175e-01 -0.2866086065769196	1.0
chr5_181196021_G_A_b38	3	4.54623e-05	-1.112e-01	2.175e-01 -0.03977532684803009	1.0
chr5_181196320_T_C_b38	3	4.40532e-05	-2.548e-02	2.384e-01 -0.17645919093113066	1.0
chr5_181199305_G_A_b38	3	3.44505e-05	-1.502e-01	2.086e-01 -0.09404893578804814	1.0
chr5_181197592_C_G_b38	3	3.44505e-05	-1.502e-01	2.086e-01 -0.08675821870565414	1.0
chr5_181199313_C_T_b38	3	3.44505e-05	-1.502e-01	2.086e-01 -0.08506202697753906	1.0
chr5_181197590_T_A_b38	3	3.44505e-05	-1.502e-01	2.086e-01 -0.09035851061344148	1.0
