chr5_78144844_G_GTTGTTGTTGTTT_b38	1	5.48252e-02	1.411e-01	2.739e-02 -7.996132643961345	1.0
chr5_78233320_G_A_b38	1	4.82318e-02	1.148e-01	2.430e-02 -9.667454719543457	1.0
chr5_78225228_T_C_b38	1	3.88752e-02	1.128e-01	2.416e-02 -9.655674934387207	1.0
chr5_78209182_T_C_b38	1	2.93824e-02	1.081e-01	2.350e-02 -9.425285339355467	1.0
chr5_78210052_C_T_b38	1	2.79078e-02	1.081e-01	2.355e-02 -9.50241470336914	1.0
chr5_78234482_G_C_b38	1	2.36290e-02	1.076e-01	2.364e-02 -9.692819595336914	1.0
chr5_78224412_T_C_b38	1	2.36290e-02	1.076e-01	2.364e-02 -9.668087005615234	1.0
chr5_78244113_T_C_b38	1	2.36290e-02	1.076e-01	2.364e-02 -9.73629379272461	1.0
chr5_78201953_C_G_b38	1	2.36290e-02	1.076e-01	2.364e-02 -9.477007865905762	1.0
chr5_78233350_C_G_b38	1	2.24971e-02	1.076e-01	2.370e-02 -9.666232109069824	1.0
chr5_78233478_G_A_b38	1	2.24971e-02	1.076e-01	2.370e-02 -9.631226539611816	1.0
chr5_78242771_A_G_b38	1	2.24971e-02	1.076e-01	2.370e-02 -9.637579917907717	1.0
chr5_78223688_G_T_b38	1	2.24971e-02	1.076e-01	2.370e-02 -9.620466232299805	1.0
chr5_78236685_G_C_b38	1	2.24971e-02	1.076e-01	2.370e-02 -9.62546443939209	1.0
chr5_78211132_C_T_b38	1	2.24971e-02	1.076e-01	2.370e-02 -9.544278144836426	1.0
chr5_78199207_A_G_b38	1	1.46770e-02	1.046e-01	2.356e-02 -9.48674201965332	1.0
chr5_78219232_C_A_b38	1	1.20899e-02	1.025e-01	2.334e-02 -9.705652236938477	1.0
chr5_78123273_G_A_b38	1	8.28435e-03	1.112e-01	2.364e-02 -9.323709743169909	1.0
chr5_78083986_T_A_b38	1	7.56966e-03	1.043e-01	2.230e-02 -9.471739768981934	1.0
chr5_78067449_C_G_b38	1	6.64944e-03	1.251e-01	2.679e-02 -6.432707786560059	1.0
chr5_78094149_G_A_b38	1	6.54280e-03	1.045e-01	2.250e-02 -9.345565795898438	1.0
chr5_78077676_T_G_b38	1	6.54280e-03	1.045e-01	2.250e-02 -9.417298316955566	1.0
chr5_78096063_T_C_b38	1	6.54280e-03	1.045e-01	2.250e-02 -9.18294033401101	1.0
chr5_78139239_T_C_b38	1	6.49096e-03	1.130e-01	2.430e-02 -9.671648025512695	1.0
chr5_78144372_G_C_b38	1	6.49096e-03	1.130e-01	2.430e-02 -9.553488731384276	1.0
chr5_78116187_A_G_b38	1	6.26571e-03	1.062e-01	2.292e-02 -9.463095664978027	1.0
chr5_78107897_G_A_b38	1	6.20924e-03	1.055e-01	2.279e-02 -9.4215669631958	1.0
chr5_78098152_G_T_b38	1	6.05572e-03	1.084e-01	2.342e-02 -9.105391248912488	1.0
chr5_78095026_C_T_b38	1	5.81434e-03	1.038e-01	2.249e-02 -9.31120777130127	1.0
chr5_78158596_A_C_b38	1	5.76687e-03	1.120e-01	2.425e-02 -9.543910026550293	1.0
chr5_78169253_ATG_A_b38	1	5.69125e-03	1.125e-01	2.437e-02 -9.588394453784119	1.0
chr5_78113018_A_C_b38	1	5.63290e-03	1.049e-01	2.275e-02 -9.380921363830566	1.0
chr5_78132429_A_G_b38	1	5.14471e-03	1.108e-01	2.412e-02 -9.506196975708008	1.0
chr5_78075123_G_C_b38	1	5.08303e-03	1.081e-01	2.357e-02 -8.291642189025879	1.0
chr5_78077028_C_T_b38	1	4.86584e-03	1.036e-01	2.265e-02 -9.518733024597168	1.0
chr5_78105328_G_A_b38	1	4.86584e-03	1.036e-01	2.265e-02 -9.509790420532227	1.0
chr5_78134602_G_A_b38	1	4.68181e-03	1.058e-01	2.316e-02 -9.670087814331056	1.0
chr5_78077683_G_GC_b38	1	4.54909e-03	1.082e-01	2.370e-02 -9.26492115537842	1.0
chr5_78079801_A_C_b38	1	4.54909e-03	1.082e-01	2.370e-02 -9.390674591064453	1.0
chr5_78085617_C_G_b38	1	4.54909e-03	1.082e-01	2.370e-02 -9.394132614135742	1.0
chr5_78105263_AGTGGACTAACAAC_A_b38	1	4.54909e-03	1.082e-01	2.370e-02 -9.26492115537842	1.0
chr5_78096222_G_A_b38	1	4.54909e-03	1.082e-01	2.370e-02 -9.26492115537842	1.0
chr5_78086752_T_C_b38	1	4.54909e-03	1.082e-01	2.370e-02 -9.385875701904297	1.0
chr5_78079509_C_A_b38	1	4.54909e-03	1.082e-01	2.370e-02 -9.390674591064453	1.0
chr5_78084270_C_T_b38	1	4.54909e-03	1.082e-01	2.370e-02 -9.392304420471193	1.0
chr5_78089857_C_T_b38	1	4.49503e-03	1.049e-01	2.302e-02 -9.372530937194824	1.0
chr5_78104740_C_A_b38	1	4.40211e-03	1.084e-01	2.379e-02 -9.388962745666504	1.0
chr5_78099760_G_A_b38	1	4.40211e-03	1.084e-01	2.379e-02 -9.367531776428224	1.0
chr5_78080407_C_T_b38	1	4.40211e-03	1.084e-01	2.379e-02 -9.297698974609377	1.0
chr5_78076425_G_A_b38	1	4.34795e-03	1.030e-01	2.264e-02 -9.398090362548828	1.0
chr5_78129012_C_T_b38	1	4.33348e-03	1.067e-01	2.344e-02 -9.693524360656738	1.0
chr5_78082820_C_G_b38	1	4.24706e-03	1.040e-01	2.289e-02 -9.475403785705566	1.0
chr5_78078224_T_C_b38	1	4.06863e-03	1.032e-01	2.277e-02 -9.4996976852417	1.0
chr5_78085699_A_T_b38	1	4.06863e-03	1.032e-01	2.277e-02 -9.423745155334473	1.0
chr5_78096729_A_G_b38	1	4.06863e-03	1.032e-01	2.277e-02 -9.29102013965132	1.0
chr5_78083053_C_T_b38	1	4.06863e-03	1.032e-01	2.277e-02 -9.49122142791748	1.0
chr5_78084343_T_C_b38	1	4.06863e-03	1.032e-01	2.277e-02 -9.453432083129883	1.0
chr5_78106733_C_T_b38	1	4.01309e-03	1.070e-01	2.362e-02 -9.453248977661133	1.0
chr5_78096676_G_A_b38	1	3.99606e-03	1.067e-01	2.354e-02 -9.26492115537842	1.0
chr5_78096293_A_G_b38	1	3.96112e-03	1.020e-01	2.252e-02 -9.235352967887962	1.0
chr5_78101858_G_A_b38	1	3.94262e-03	1.038e-01	2.293e-02 -9.470858573913574	1.0
chr5_78101788_T_A_b38	1	3.94262e-03	1.038e-01	2.293e-02 -9.445480346679688	1.0
chr5_78098693_T_C_b38	1	3.87970e-03	1.073e-01	2.371e-02 -9.36874771118164	1.0
chr5_78102805_G_A_b38	1	3.87970e-03	1.073e-01	2.371e-02 -9.392413139343262	1.0
chr5_78135999_A_AT_b38	1	3.86479e-03	1.085e-01	2.398e-02 -9.61125660909148	1.0
chr5_78176609_T_C_b38	1	3.79888e-03	1.075e-01	2.378e-02 -9.474774360656738	1.0
chr5_78177341_A_G_b38	1	3.79888e-03	1.075e-01	2.378e-02 -9.472132682800293	1.0
chr5_78161871_T_C_b38	1	3.79888e-03	1.075e-01	2.378e-02 -9.502815246582033	1.0
chr5_78180465_A_G_b38	1	3.79888e-03	1.075e-01	2.378e-02 -9.483962059020996	1.0
chr5_78150901_T_C_b38	1	3.79207e-03	1.089e-01	2.410e-02 -9.567116737365724	1.0
chr5_78146967_A_C_b38	1	3.79207e-03	1.089e-01	2.410e-02 -9.575692176818848	1.0
chr5_78143883_T_C_b38	1	3.79207e-03	1.089e-01	2.410e-02 -9.543501853942873	1.0
chr5_78143808_G_A_b38	1	3.79207e-03	1.089e-01	2.410e-02 -9.550456047058104	1.0
chr5_78103226_G_A_b38	1	3.73424e-03	1.029e-01	2.280e-02 -9.445621490478516	1.0
chr5_78079102_C_T_b38	1	3.73424e-03	1.029e-01	2.280e-02 -9.377984046936037	1.0
chr5_78092032_T_G_b38	1	3.73424e-03	1.029e-01	2.280e-02 -9.399293899536133	1.0
chr5_78099157_T_A_b38	1	3.73424e-03	1.029e-01	2.280e-02 -9.425271987915039	1.0
chr5_78091615_A_G_b38	1	3.73424e-03	1.029e-01	2.280e-02 -9.397998809814453	1.0
chr5_78145135_G_A_b38	1	3.62952e-03	1.090e-01	2.418e-02 -9.512346267700195	1.0
chr5_78159614_G_C_b38	1	3.60629e-03	1.075e-01	2.385e-02 -9.531310081481934	1.0
chr5_78243787_GAGTA_G_b38	1	3.36188e-03	9.334e-02	2.301e-02 -8.233493127372725	1.0
chr5_78122430_T_C_b38	1	3.30213e-03	1.060e-01	2.364e-02 -9.47942352294922	1.0
chr5_78109329_C_T_b38	1	3.30213e-03	1.060e-01	2.364e-02 -9.477058410644533	1.0
chr5_78193520_A_G_b38	1	3.23217e-03	1.062e-01	2.370e-02 -9.527260780334473	1.0
chr5_78120466_C_T_b38	1	3.22871e-03	1.064e-01	2.375e-02 -9.39538860321045	1.0
chr5_78123610_C_A_b38	1	3.22871e-03	1.064e-01	2.375e-02 -9.297718030970687	1.0
chr5_78123839_C_G_b38	1	3.22871e-03	1.064e-01	2.375e-02 -9.297718030970687	1.0
chr5_78123244_C_G_b38	1	3.22871e-03	1.064e-01	2.375e-02 -9.297718030970687	1.0
chr5_78124151_G_C_b38	1	3.22871e-03	1.064e-01	2.375e-02 -9.38064193725586	1.0
chr5_78098043_G_A_b38	1	2.93070e-03	1.068e-01	2.395e-02 -9.256535900674507	1.0
chr5_78167126_C_T_b38	1	2.77918e-03	1.055e-01	2.374e-02 -9.55030918121338	1.0
chr5_78158490_GCTAA_G_b38	1	2.77918e-03	1.055e-01	2.374e-02 -9.643716928411981	1.0
chr5_78145475_C_A_b38	1	2.67611e-03	1.072e-01	2.416e-02 -9.51285457611084	1.0
chr5_78160257_G_A_b38	1	2.67192e-03	1.057e-01	2.383e-02 -9.530016899108887	1.0
chr5_78169278_C_T_b38	1	2.67192e-03	1.057e-01	2.383e-02 -9.435368537902832	1.0
chr5_78136062_A_G_b38	1	2.66390e-03	1.046e-01	2.360e-02 -9.735552787780762	1.0
chr5_78140223_C_A_b38	1	2.66390e-03	1.046e-01	2.360e-02 -9.67412281036377	1.0
chr5_78143436_G_GTAAA_b38	1	2.66390e-03	1.046e-01	2.360e-02 -9.637116327925133	1.0
chr5_78100576_T_G_b38	1	2.40759e-03	1.011e-01	2.295e-02 -9.552972793579102	1.0
chr5_78174335_G_C_b38	1	2.37669e-03	1.050e-01	2.383e-02 -9.529912948608398	1.0
chr5_78091167_G_A_b38	1	2.37555e-03	1.045e-01	2.371e-02 -9.337431907653807	1.0
chr5_78141518_G_A_b38	1	2.34160e-03	1.036e-01	2.354e-02 -9.660676956176758	1.0
chr5_78140611_C_T_b38	1	2.34160e-03	1.036e-01	2.354e-02 -9.67006778717041	1.0
chr5_78142973_G_T_b38	1	2.34160e-03	1.036e-01	2.354e-02 -9.647748947143556	1.0
chr5_78189304_C_G_b38	1	2.32814e-03	1.046e-01	2.376e-02 -9.532708168029783	1.0
chr5_78136983_C_T_b38	1	2.17489e-03	1.033e-01	2.357e-02 -9.660772323608398	1.0
chr5_78141467_C_T_b38	1	2.13491e-03	1.031e-01	2.355e-02 -9.657336235046387	1.0
chr5_78142862_C_T_b38	1	1.99317e-03	1.028e-01	2.357e-02 -9.595834732055664	1.0
chr5_78142638_TAA_T_b38	1	1.99317e-03	1.028e-01	2.357e-02 -9.66951533584022	1.0
chr5_78165484_AGTT_A_b38	1	1.88215e-03	1.043e-01	2.398e-02 -9.602847450473137	1.0
chr5_78155004_G_C_b38	1	1.86392e-03	1.022e-01	2.352e-02 -9.51735782623291	1.0
chr5_78294185_G_C_b38	2	3.87900e-03	2.229e-02	2.534e-02 1.3860796689987185	1.0
chr5_78293127_C_A_b38	2	1.63888e-03	2.159e-02	2.578e-02 1.3781952857971191	1.0
chr5_78293248_G_A_b38	2	1.46462e-03	1.799e-02	2.517e-02 1.3390852212905884	1.0
chr5_78291493_T_C_b38	2	1.00127e-03	2.103e-02	2.602e-02 1.376859188079834	1.0
chr5_78292199_C_T_b38	2	1.00127e-03	2.103e-02	2.602e-02 1.3875763416290283	1.0
chr5_78291982_T_C_b38	2	9.91760e-04	2.148e-02	2.580e-02 1.3883951902389526	1.0
chr5_78298186_C_T_b38	2	9.67147e-04	1.541e-02	2.517e-02 1.4586296081542969	1.0
chr5_78299356_T_C_b38	2	9.67147e-04	1.541e-02	2.517e-02 1.476042628288269	1.0
chr5_78291060_G_A_b38	2	8.84673e-04	1.640e-02	2.607e-02 1.3690527677536009	1.0
chr5_78290366_C_CA_b38	2	8.84673e-04	1.640e-02	2.607e-02 1.3928235774540794	1.0
chr5_78291039_C_A_b38	2	8.79408e-04	1.651e-02	2.612e-02 1.369560480117798	1.0
chr5_78289765_T_G_b38	2	8.75649e-04	1.697e-02	2.591e-02 1.3705668449401855	1.0
chr5_78290588_AG_A_b38	2	8.75649e-04	1.697e-02	2.591e-02 1.3928235774540794	1.0
chr5_78290223_A_G_b38	2	8.75649e-04	1.697e-02	2.591e-02 1.3557463884353638	1.0
chr5_78290039_C_G_b38	2	8.75649e-04	1.697e-02	2.591e-02 1.3621718883514404	1.0
chr5_78290877_A_G_b38	2	8.75649e-04	1.697e-02	2.591e-02 1.3645970821380615	1.0
chr5_78290382_C_G_b38	2	8.75649e-04	1.697e-02	2.591e-02 1.3646156787872314	1.0
chr5_78290683_A_G_b38	2	8.75649e-04	1.697e-02	2.591e-02 1.3621190786361694	1.0
chr5_78270505_G_T_b38	2	6.33404e-04	3.832e-02	2.547e-02 1.065444827079773	1.0
chr5_78270511_C_T_b38	2	6.33404e-04	3.832e-02	2.547e-02 1.06814706325531	1.0
chr5_78269983_C_G_b38	2	6.33404e-04	3.832e-02	2.547e-02 1.0510238409042358	1.0
chr5_78271690_C_T_b38	2	6.33404e-04	3.832e-02	2.547e-02 1.15603768825531	1.0
chr5_78271034_A_G_b38	2	6.33404e-04	3.832e-02	2.547e-02 1.0606776475906372	1.0
chr5_78272036_T_C_b38	2	6.33404e-04	3.832e-02	2.547e-02 1.1579852104187012	1.0
chr5_78270915_C_T_b38	2	6.33404e-04	3.832e-02	2.547e-02 1.0770306587219238	1.0
chr5_78272282_G_GT_b38	2	5.84742e-04	3.714e-02	2.555e-02 1.2272575004819497	1.0
chr5_78286064_T_C_b38	2	5.62990e-04	2.062e-02	2.560e-02 1.3874289989471436	1.0
chr5_78285143_GGA_G_b38	2	5.47261e-04	1.852e-02	2.586e-02 1.3928235774540794	1.0
chr5_78285080_T_A_b38	2	5.47261e-04	1.852e-02	2.586e-02 1.3621306419372559	1.0
chr5_78285204_A_G_b38	2	5.47261e-04	1.852e-02	2.586e-02 1.3817136892422714	1.0
chr5_78285096_A_C_b38	2	5.47261e-04	1.852e-02	2.586e-02 1.3612037897109983	1.0
chr5_78288606_G_A_b38	2	5.09498e-04	1.625e-02	2.617e-02 1.4051281213760376	1.0
chr5_78287866_A_T_b38	2	5.07192e-04	1.688e-02	2.601e-02 1.3805445432662964	1.0
chr5_78287968_A_T_b38	2	5.07192e-04	1.688e-02	2.601e-02 1.3980627059936523	1.0
chr5_78287902_A_G_b38	2	5.07192e-04	1.688e-02	2.601e-02 1.3616703748703003	1.0
chr5_78288761_C_T_b38	2	5.07192e-04	1.688e-02	2.601e-02 1.4042166471481323	1.0
chr5_78289066_G_T_b38	2	5.07192e-04	1.688e-02	2.601e-02 1.4026196002960205	1.0
chr5_78288327_A_C_b38	2	5.07192e-04	1.688e-02	2.601e-02 1.4052387475967407	1.0
chr5_78287421_G_C_b38	2	5.07192e-04	1.688e-02	2.601e-02 1.375338792800903	1.0
chr5_78289036_C_CT_b38	2	5.07192e-04	1.688e-02	2.601e-02 1.3928235774540794	1.0
chr5_78288204_C_T_b38	2	5.07192e-04	1.688e-02	2.601e-02 1.40241801738739	1.0
chr5_78302596_C_T_b38	2	4.56621e-04	1.761e-02	2.473e-02 1.5718377828598022	1.0
chr5_78300994_T_C_b38	2	4.20470e-04	1.548e-02	2.486e-02 1.4258708953857422	1.0
chr5_78286485_C_T_b38	2	3.85435e-04	8.585e-03	2.592e-02 2.294210910797119	1.0
chr5_78285350_C_A_b38	2	3.63054e-04	8.291e-03	2.564e-02 2.2389488220214844	1.0
chr5_78301385_C_A_b38	2	2.86396e-04	6.253e-03	2.471e-02 2.24497652053833	1.0
chr5_78302910_T_A_b38	2	2.85341e-04	4.783e-03	2.525e-02 2.278637647628784	1.0
chr5_78303030_C_T_b38	2	2.85341e-04	4.783e-03	2.525e-02 2.2771871089935303	1.0
chr5_78274704_A_C_b38	2	2.58810e-04	2.431e-02	2.637e-02 1.366075038909912	1.0
chr5_78282664_G_A_b38	2	2.58810e-04	2.431e-02	2.637e-02 1.3760921955108645	1.0
chr5_78284265_T_C_b38	2	2.58810e-04	2.431e-02	2.637e-02 1.3806028366088867	1.0
chr5_78276615_C_A_b38	2	2.33235e-04	1.978e-02	2.678e-02 1.3599287271499634	1.0
chr5_78280606_G_C_b38	2	2.33235e-04	1.978e-02	2.678e-02 1.3715733289718628	1.0
chr5_78277191_G_C_b38	2	2.33235e-04	1.978e-02	2.678e-02 1.3601189851760864	1.0
chr5_78275839_T_C_b38	2	2.33235e-04	1.978e-02	2.678e-02 1.3584542274475098	1.0
chr5_78279189_C_G_b38	2	2.33235e-04	1.978e-02	2.678e-02 1.3381612300872805	1.0
chr5_78279201_T_G_b38	2	2.33235e-04	1.978e-02	2.678e-02 1.323444366455078	1.0
chr5_78280863_C_T_b38	2	2.33235e-04	1.978e-02	2.678e-02 1.3663036823272705	1.0
chr5_78276771_A_T_b38	2	2.33235e-04	1.978e-02	2.678e-02 1.3716533184051514	1.0
chr5_78275999_A_G_b38	2	2.33235e-04	1.978e-02	2.678e-02 1.3535627126693726	1.0
chr5_78280981_A_AT_b38	2	2.33235e-04	1.978e-02	2.678e-02 1.4509079981563573	1.0
chr5_78281250_C_T_b38	2	2.33235e-04	1.978e-02	2.678e-02 1.161143779754639	1.0
chr5_78277490_C_G_b38	2	2.33235e-04	1.978e-02	2.678e-02 1.3654788732528689	1.0
chr5_78283463_C_G_b38	2	2.33235e-04	1.978e-02	2.678e-02 1.3607946634292605	1.0
chr5_78280960_T_C_b38	2	2.33235e-04	1.978e-02	2.678e-02 1.366317868232727	1.0
chr5_78281654_T_C_b38	2	2.33235e-04	1.978e-02	2.678e-02 1.3460952043533323	1.0
chr5_78281262_C_G_b38	2	2.33235e-04	1.978e-02	2.678e-02 1.1671690940856934	1.0
chr5_78279684_A_G_b38	2	2.33235e-04	1.978e-02	2.678e-02 1.3553436994552612	1.0
chr5_78281383_A_G_b38	2	2.33235e-04	1.978e-02	2.678e-02 1.363290786743164	1.0
chr5_78281192_T_C_b38	2	2.33235e-04	1.978e-02	2.678e-02 1.369261384010315	1.0
chr5_78277928_TCATATTTGC_T_b38	2	2.33235e-04	1.978e-02	2.678e-02 1.4509079981563573	1.0
chr5_78281882_G_A_b38	2	2.33235e-04	1.978e-02	2.678e-02 1.3743343353271484	1.0
chr5_78282569_T_C_b38	2	2.33235e-04	1.978e-02	2.678e-02 1.344322681427002	1.0
chr5_78279326_C_T_b38	2	2.33235e-04	1.978e-02	2.678e-02 1.353235363960266	1.0
chr5_78281307_A_G_b38	2	2.33235e-04	1.978e-02	2.678e-02 1.3353819847106934	1.0
chr5_78281252_T_C_b38	2	2.33235e-04	1.978e-02	2.678e-02 1.1501336097717283	1.0
chr5_78279507_GA_G_b38	2	2.33235e-04	1.978e-02	2.678e-02 1.4509079981563573	1.0
chr5_78273922_A_T_b38	2	2.33235e-04	1.978e-02	2.678e-02 1.353710651397705	1.0
chr5_78273548_G_A_b38	2	2.33235e-04	1.978e-02	2.678e-02 1.3616125583648682	1.0
chr5_78284257_T_C_b38	2	2.33235e-04	1.978e-02	2.678e-02 1.37920343875885	1.0
chr5_78283826_CT_C_b38	2	2.33235e-04	1.978e-02	2.678e-02 1.4509079981563573	1.0
chr5_78280683_AAAC_A_b38	2	2.16342e-04	1.792e-02	2.709e-02 1.496904129601069	1.0
chr5_78269139_T_C_b38	2	2.04366e-04	4.335e-02	2.376e-02 1.13658607006073	1.0
chr5_78279555_A_G_b38	2	2.01140e-04	1.646e-02	2.676e-02 1.3300418853759766	1.0
chr5_78264811_T_C_b38	2	1.53902e-04	4.004e-02	2.399e-02 1.150668382644653	1.0
chr5_78260287_C_A_b38	2	1.53902e-04	4.004e-02	2.399e-02 1.0704668760299685	1.0
chr5_78260581_G_A_b38	2	1.53902e-04	4.004e-02	2.399e-02 1.0658420324325562	1.0
chr5_78260525_C_T_b38	2	1.53902e-04	4.004e-02	2.399e-02 1.0664730072021484	1.0
chr5_78264553_C_T_b38	2	1.53902e-04	4.004e-02	2.399e-02 1.1088629961013794	1.0
chr5_78263838_C_T_b38	2	1.53902e-04	4.004e-02	2.399e-02 1.0578829050064087	1.0
chr5_78276543_A_G_b38	2	1.52912e-04	5.034e-03	2.736e-02 2.2603654861450195	1.0
chr5_78274829_G_C_b38	2	1.52011e-04	8.954e-04	2.818e-02 2.261894702911377	1.0
chr5_78266107_A_AT_b38	2	1.49908e-04	3.971e-02	2.393e-02 1.2057878925919492	1.0
chr5_78266358_T_C_b38	2	1.49908e-04	3.971e-02	2.393e-02 1.1382836103439329	1.0
chr5_78266429_T_A_b38	2	1.49908e-04	3.971e-02	2.393e-02 1.1359083652496338	1.0
chr5_78267081_C_G_b38	2	1.49908e-04	3.971e-02	2.393e-02 1.1362403631210327	1.0
chr5_78267352_A_G_b38	2	1.49908e-04	3.971e-02	2.393e-02 1.1032156944274902	1.0
chr5_78269206_A_AC_b38	2	1.49908e-04	3.971e-02	2.393e-02 1.2057878925919492	1.0
chr5_78249552_A_G_b38	2	1.48149e-04	3.748e-02	2.322e-02 1.3566296100616455	1.0
chr5_78251307_G_A_b38	2	1.48149e-04	3.748e-02	2.322e-02 1.2926033735275269	1.0
chr5_78257452_T_A_b38	2	1.46866e-04	3.771e-02	2.356e-02 1.2833160161972046	1.0
chr5_78254698_G_A_b38	2	1.46866e-04	3.771e-02	2.356e-02 1.2876601219177246	1.0
chr5_78257979_C_A_b38	2	1.12198e-04	3.800e-02	2.432e-02 1.3029367923736572	1.0
chr5_78322355_C_T_b38	2	1.01319e-04	3.391e-02	2.382e-02 1.5846468210220337	1.0
chr5_78296290_ATAGT_A_b38	3	3.30767e-04	-7.057e-02	5.102e-02 2.6595930260867684	1.0
chr5_78291136_A_G_b38	3	2.43819e-04	-7.680e-02	4.610e-02 2.448632001876831	1.0
chr5_78286374_C_T_b38	3	1.43815e-04	-8.294e-02	5.171e-02 2.572518110275269	1.0
chr5_78289704_T_C_b38	3	1.43815e-04	-8.294e-02	5.171e-02 2.5566680431365967	1.0
chr5_78311722_A_G_b38	3	1.11568e-04	-9.789e-02	5.076e-02 1.7120916843414309	1.0
chr5_78303339_G_T_b38	3	1.11063e-04	-7.615e-02	5.267e-02 2.569788932800293	1.0
chr5_78302966_GA_G_b38	3	1.11063e-04	-7.615e-02	5.267e-02 2.6595930260867684	1.0
chr5_78289378_T_A_b38	3	1.09231e-04	-6.456e-02	4.680e-02 2.46604061126709	1.0
chr5_78274579_C_G_b38	3	7.46095e-05	-8.294e-02	5.171e-02 2.6292667388916016	1.0
chr5_78276563_T_TC_b38	3	7.46095e-05	-8.294e-02	5.171e-02 2.669549674349656	1.0
chr5_78277794_C_G_b38	3	7.46095e-05	-8.294e-02	5.171e-02 2.6142642498016357	1.0
chr5_78283905_A_G_b38	3	7.46095e-05	-8.294e-02	5.171e-02 2.563298225402832	1.0
chr5_78282368_C_T_b38	3	7.46095e-05	-8.294e-02	5.171e-02 2.669549674349656	1.0
chr5_78275495_G_T_b38	3	7.34999e-05	-7.325e-02	4.505e-02 2.494438886642456	1.0
chr5_78302693_C_A_b38	3	6.82173e-05	-4.333e-02	4.625e-02 2.3838765621185303	1.0
chr5_78280422_G_A_b38	3	6.28436e-05	-7.291e-02	5.011e-02 2.585782289505005	1.0
chr5_78279619_A_G_b38	3	5.75592e-05	-6.635e-02	4.789e-02 2.5935304164886475	1.0
