chr5_181206194_G_A_b38	1	2.78137e-01	2.832e-01	7.371e-02 -5.146789073944092	1.0
chr5_181204387_G_A_b38	1	7.39730e-02	3.225e-01	8.167e-02 -4.787223815917969	1.0
chr5_181204121_G_C_b38	1	7.39730e-02	3.225e-01	8.167e-02 -4.741226673126222	1.0
chr5_181206954_A_G_b38	1	6.74494e-02	3.325e-01	8.841e-02 -4.621082782745361	1.0
chr5_181204828_G_C_b38	1	6.22637e-02	3.403e-01	8.713e-02 -4.373912334442139	1.0
chr5_181201826_A_G_b38	1	4.40518e-02	3.225e-01	8.167e-02 -4.753945827484131	1.0
chr5_181207878_ATATAT_A_b38	1	4.00094e-02	3.361e-01	8.892e-02 -4.63605163395667	1.0
chr5_181204497_C_G_b38	1	2.90311e-02	3.055e-01	8.352e-02 -5.426856994628906	1.0
chr5_181211092_G_C_b38	1	2.62176e-02	3.325e-01	8.841e-02 -4.583641052246094	1.0
chr5_181208951_A_C_b38	1	2.62176e-02	3.325e-01	8.841e-02 -4.601346015930176	1.0
chr5_181214992_A_G_b38	1	2.08173e-02	3.304e-01	8.668e-02 -4.44757080078125	1.0
chr5_181205744_TC_T_b38	1	1.13759e-02	2.143e-01	7.991e-02 -5.295692272083382	1.0
chr5_181204817_T_C_b38	1	1.10804e-02	2.488e-01	7.495e-02 -5.29364538192749	1.0
chr5_181212588_C_G_b38	1	1.00469e-02	2.875e-01	8.056e-02 -5.2987470626831055	1.0
chr5_181198254_G_A_b38	1	9.83640e-03	3.212e-01	8.927e-02 -4.617721080780028	1.0
chr5_181199550_G_T_b38	1	9.83640e-03	3.212e-01	8.927e-02 -4.1342525482177725	1.0
chr5_181207407_TG_T_b38	1	9.63791e-03	2.577e-01	7.841e-02 -5.2613987457471465	1.0
chr5_181207754_C_T_b38	1	9.63791e-03	2.577e-01	7.841e-02 -5.2817959785461435	1.0
chr5_181207677_A_G_b38	1	9.63791e-03	2.577e-01	7.841e-02 -5.273450374603272	1.0
chr5_181192438_G_A_b38	1	8.98081e-03	3.412e-01	8.907e-02 -4.469416618347168	1.0
chr5_181202606_T_G_b38	1	8.90638e-03	2.578e-01	7.527e-02 -5.367504518007678	1.0
chr5_181202812_C_A_b38	1	8.90638e-03	2.578e-01	7.527e-02 -5.392688274383545	1.0
chr5_181201432_A_G_b38	1	7.82362e-03	2.529e-01	7.482e-02 -5.426599025726318	1.0
chr5_181205629_G_C_b38	1	6.33486e-03	2.096e-01	8.729e-02 -4.501522064208984	1.0
chr5_181291125_A_C_b38	2	2.01180e-02	-9.271e-01	2.230e-01 0.0	1.0
