chr11_18634724_C_T_b38	1	3.72358e-01	-1.517e-01	3.691e-02 -7.563331604003906	1.0
chr11_18634515_G_C_b38	1	3.72358e-01	-1.517e-01	3.691e-02 -7.563560009002685	1.0
chr11_18633142_C_CT_b38	1	6.36547e-02	-1.520e-01	3.681e-02 -7.564518884241357	1.0
chr11_18635385_C_T_b38	1	5.54657e-02	-1.429e-01	3.717e-02 -7.572181701660156	1.0
chr11_18632410_C_G_b38	1	3.35964e-02	-1.453e-01	3.590e-02 -7.452383995056152	1.0
chr11_18622012_G_A_b38	1	1.58614e-02	-1.544e-01	3.646e-02 -7.582770824432372	1.0
chr11_18624121_T_C_b38	1	1.27485e-02	-1.526e-01	3.661e-02 -7.568806171417236	1.0
chr11_18624296_C_A_b38	1	1.27485e-02	-1.526e-01	3.661e-02 -7.568818092346191	1.0
chr11_18611437_T_C_b38	1	8.52476e-03	-1.487e-01	3.672e-02 -7.375851154327393	1.0
chr11_18617165_A_T_b38	1	8.52476e-03	-1.487e-01	3.672e-02 -7.335586071014402	1.0
chr11_18642694_T_G_b38	1	6.12873e-03	-1.378e-01	3.720e-02 -7.6425514221191415	1.0
chr11_18617816_T_C_b38	1	3.21898e-03	-1.423e-01	3.350e-02 -7.208922386169434	1.0
chr11_18634627_G_A_b38	2	1.74922e-01	1.981e-01	7.683e-02 1.5530339479446411	1.0
chr11_18641738_A_G_b38	2	1.14876e-02	1.988e-01	7.705e-02 1.5574691295623782	1.0
chr11_18643305_G_A_b38	2	1.14876e-02	1.988e-01	7.705e-02 1.599315166473389	1.0
chr11_18646039_G_A_b38	2	7.03836e-03	2.087e-01	7.565e-02 1.640328884124756	1.0
chr11_18635211_G_A_b38	3	4.56776e-03	1.064e-01	8.282e-02 2.998783826828003	1.0
chr11_18640847_G_A_b38	3	2.96707e-04	1.069e-01	8.293e-02 3.0394742488861084	1.0
chr11_18641417_G_A_b38	3	2.65038e-04	8.682e-02	6.712e-02 2.9811725616455083	1.0
chr11_18620290_G_A_b38	3	1.62209e-04	1.080e-01	6.672e-02 2.9456496238708496	1.0
chr11_18645744_T_C_b38	3	1.22923e-04	1.035e-01	8.224e-02 2.9364802837371826	1.0
chr11_18645969_A_G_b38	3	1.21063e-04	9.948e-02	7.938e-02 2.402198314666748	1.0
chr11_18659558_C_T_b38	3	1.17111e-04	9.757e-02	8.069e-02 2.2551214694976807	1.0
chr11_18652403_G_A_b38	3	1.17111e-04	9.757e-02	8.069e-02 2.384440898895264	1.0
chr11_18653415_G_A_b38	3	1.17111e-04	9.757e-02	8.069e-02 2.37479019165039	1.0
chr11_18647641_A_T_b38	3	1.17111e-04	9.757e-02	8.069e-02 2.3396084308624268	1.0
chr11_18655923_C_T_b38	3	1.17111e-04	9.757e-02	8.069e-02 2.273402214050293	1.0
chr11_18650490_C_G_b38	3	1.17111e-04	9.757e-02	8.069e-02 2.3923914432525635	1.0
chr11_18651493_A_G_b38	3	1.17111e-04	9.757e-02	8.069e-02 2.384955883026123	1.0
chr11_18648103_A_C_b38	3	1.02587e-04	8.595e-02	8.232e-02 2.754734992980957	1.0
chr11_18677473_C_T_b38	3	7.01933e-05	1.441e-01	8.430e-02 1.880160927772522	1.0
chr11_18605287_A_C_b38	3	6.19606e-05	1.387e-01	8.554e-02 2.9751906394958496	1.0
chr11_18678937_G_A_b38	3	4.27788e-05	1.041e-01	7.197e-02 2.0031895637512207	1.0
chr11_18669551_A_C_b38	3	3.76189e-05	1.021e-01	8.393e-02 2.796370506286621	1.0
chr11_18664979_G_A_b38	3	3.69020e-05	9.757e-02	8.069e-02 2.246149778366089	1.0
chr11_18663080_C_T_b38	3	3.69020e-05	9.757e-02	8.069e-02 2.3176712697152917	1.0
chr11_18663662_T_G_b38	3	3.69020e-05	9.757e-02	8.069e-02 2.3176712697152917	1.0
chr11_18663748_C_CA_b38	3	3.64287e-05	9.698e-02	8.282e-02 2.577316868558904	1.0
