chr9_120720469_C_T_b38	1	1.35986e-01	-2.182e-01	6.468e-02 -7.970991134643555	1.0
chr9_120720944_CTT_C_b38	1	9.06071e-02	-2.080e-01	6.446e-02 -7.905044914947246	1.0
chr9_120720343_C_A_b38	1	9.06071e-02	-2.080e-01	6.446e-02 -7.971047878265381	1.0
chr9_120721343_G_A_b38	1	5.75415e-02	-2.159e-01	6.470e-02 -7.971282482147218	1.0
chr9_120721281_G_A_b38	1	4.25451e-02	-2.080e-01	6.446e-02 -8.005373001098633	1.0
chr9_120721390_A_G_b38	1	2.32519e-02	-1.934e-01	6.452e-02 -7.949553966522218	1.0
chr9_120718588_G_T_b38	1	2.30098e-02	-2.182e-01	6.448e-02 -7.8850483894348145	1.0
chr9_120721877_A_C_b38	1	2.27583e-02	-2.155e-01	6.467e-02 -7.843139171600343	1.0
chr9_120721837_A_G_b38	1	2.06933e-02	-2.123e-01	6.437e-02 -7.9887542724609375	1.0
chr9_120714674_G_A_b38	1	1.68356e-02	-2.259e-01	6.410e-02 -8.066304206848145	1.0
chr9_120719238_G_C_b38	1	1.46437e-02	-2.097e-01	6.506e-02 -7.856173038482666	1.0
chr9_120711138_G_A_b38	1	1.39528e-02	-2.244e-01	6.485e-02 -7.6857547760009775	1.0
chr9_120717343_G_A_b38	1	1.37032e-02	-2.159e-01	6.470e-02 -7.881733417510986	1.0
chr9_120721954_G_A_b38	1	1.36744e-02	-2.019e-01	6.416e-02 -7.962839603424072	1.0
chr9_120719284_A_AG_b38	1	1.07619e-02	-2.010e-01	6.468e-02 -7.905044914947246	1.0
chr9_120718418_A_G_b38	1	1.07619e-02	-2.010e-01	6.468e-02 -7.917095184326173	1.0
chr9_120718928_T_A_b38	1	1.02677e-02	-2.007e-01	6.496e-02 -7.898301124572754	1.0
chr9_120725625_A_G_b38	1	1.00693e-02	-2.142e-01	6.635e-02 -7.906230926513673	1.0
chr9_120717179_A_G_b38	1	9.99709e-03	-2.097e-01	6.506e-02 -7.911949157714844	1.0
chr9_120718091_T_C_b38	1	9.99709e-03	-2.097e-01	6.506e-02 -7.882925510406494	1.0
chr9_120716932_C_T_b38	1	9.98525e-03	-2.077e-01	6.445e-02 -7.9267005920410165	1.0
chr9_120722988_C_T_b38	1	9.13920e-03	-2.000e-01	6.686e-02 -7.80176830291748	1.0
chr9_120711772_T_C_b38	1	8.69141e-03	-2.143e-01	6.503e-02 -7.765196323394775	1.0
chr9_120718100_C_T_b38	1	7.34705e-03	-2.010e-01	6.467e-02 -7.992279052734375	1.0
chr9_120723055_T_C_b38	1	6.89831e-03	-1.936e-01	6.729e-02 -7.802889823913574	1.0
chr9_120718325_C_T_b38	1	6.47891e-03	-1.904e-01	6.548e-02 -7.9355430603027335	1.0
chr9_120702526_A_G_b38	1	6.12373e-03	-2.244e-01	6.484e-02 -7.720691204071045	1.0
chr9_120730298_T_G_b38	1	5.92578e-03	-2.112e-01	6.619e-02 -7.7382199736984845	1.0
chr9_120718322_C_A_b38	1	5.71171e-03	-1.870e-01	6.549e-02 -7.930931568145753	1.0
chr9_120722659_T_A_b38	1	5.59265e-03	-1.885e-01	6.758e-02 -7.772604465484619	1.0
chr9_120730297_T_TA_b38	1	5.15665e-03	-2.085e-01	6.640e-02 -7.7382199736984845	1.0
chr9_120726163_T_C_b38	1	5.15169e-03	-2.096e-01	6.677e-02 -7.8276166915893555	1.0
chr9_120726662_T_A_b38	1	5.15169e-03	-2.096e-01	6.677e-02 -7.943957328796388	1.0
chr9_120716491_T_A_b38	1	4.97175e-03	-1.916e-01	6.485e-02 -7.924882888793945	1.0
chr9_120687877_C_G_b38	1	3.92004e-03	-2.357e-01	6.436e-02 -7.8142242431640625	1.0
chr9_120706809_C_T_b38	1	3.82476e-03	-2.139e-01	6.489e-02 -7.8264198303222665	1.0
chr9_120730761_T_C_b38	1	3.81731e-03	-2.172e-01	6.610e-02 -7.801994800567628	1.0
chr9_120726601_C_T_b38	1	3.75869e-03	-2.009e-01	6.659e-02 -7.921884059906006	1.0
chr9_120727537_C_T_b38	1	3.75869e-03	-2.009e-01	6.659e-02 -7.7922935485839835	1.0
chr9_120704050_G_C_b38	1	3.21406e-03	-2.104e-01	6.505e-02 -7.693259239196777	1.0
chr9_120730573_A_G_b38	1	2.97649e-03	-1.948e-01	6.658e-02 -7.834348678588867	1.0
chr9_120730682_G_A_b38	1	2.74409e-03	-2.174e-01	6.863e-02 -7.825592041015625	1.0
chr9_120675847_C_T_b38	1	2.24514e-03	-2.279e-01	6.550e-02 -7.638199329376222	1.0
chr9_120691034_G_A_b38	1	2.13718e-03	-2.245e-01	6.483e-02 -7.811483383178711	1.0
chr9_120684047_C_T_b38	1	2.13718e-03	-2.245e-01	6.483e-02 -7.817048072814941	1.0
chr9_120741160_G_A_b38	1	2.05794e-03	-2.031e-01	6.647e-02 -7.620413303375244	1.0
chr9_120710262_T_C_b38	1	2.05044e-03	-2.012e-01	6.562e-02 -7.681231021881103	1.0
chr9_120698491_A_C_b38	1	2.01544e-03	-2.000e-01	6.539e-02 -7.704208850860597	1.0
chr9_120684946_T_C_b38	1	1.91940e-03	-2.229e-01	6.507e-02 -7.722198009490968	1.0
chr9_120745577_T_C_b38	1	1.86411e-03	-1.969e-01	6.527e-02 -7.4298973083496085	1.0
chr9_120705292_C_T_b38	1	1.85602e-03	-1.948e-01	6.437e-02 -7.9755492210388175	1.0
chr9_120708343_A_G_b38	1	1.76877e-03	-1.974e-01	6.565e-02 -7.784868240356445	1.0
chr9_120731711_A_C_b38	1	1.42749e-03	-1.921e-01	6.602e-02 -7.837246894836426	1.0
chr9_120745668_G_A_b38	2	3.16679e-03	-2.470e-01	1.048e-01 -2.71729063987732	1.0
chr9_120676955_G_C_b38	2	1.20035e-03	-2.498e-01	1.019e-01 -2.569981336593628	1.0
