chr1_37942492_G_A_b38	1	1.22641e-01	-1.479e-01	2.554e-02 -8.400412559509277	1.0
chr1_37921517_A_G_b38	1	5.37213e-02	-1.498e-01	2.657e-02 -6.991154670715332	1.0
chr1_37921931_T_C_b38	1	5.37213e-02	-1.498e-01	2.657e-02 -6.992824077606201	1.0
chr1_37921893_T_A_b38	1	5.37213e-02	-1.498e-01	2.657e-02 -6.992464542388916	1.0
chr1_37923036_G_A_b38	1	3.89136e-02	-1.499e-01	2.690e-02 -7.008258819580077	1.0
chr1_37920179_G_C_b38	1	3.89136e-02	-1.499e-01	2.690e-02 -6.9757561683654785	1.0
chr1_37923530_A_G_b38	1	3.71158e-02	-1.489e-01	2.676e-02 -6.9959373474121085	1.0
chr1_37924790_A_C_b38	1	3.71158e-02	-1.489e-01	2.676e-02 -6.990805625915527	1.0
chr1_37933022_C_T_b38	1	3.53520e-02	-1.495e-01	2.691e-02 -6.981396675109862	1.0
chr1_37930275_A_T_b38	1	3.53520e-02	-1.495e-01	2.691e-02 -6.971497058868407	1.0
chr1_37925398_G_A_b38	1	2.36657e-02	1.473e-01	2.692e-02 7.008516311645508	1.0
chr1_37818573_G_A_b38	1	1.92090e-02	-1.489e-01	2.583e-02 -7.381649971008301	1.0
chr1_37987369_G_A_b38	1	1.91383e-02	-1.243e-01	2.519e-02 -9.713765144348145	1.0
chr1_37987358_C_T_b38	1	1.91383e-02	-1.243e-01	2.519e-02 -9.719477653503418	1.0
chr1_37916939_C_T_b38	1	1.84814e-02	-1.440e-01	2.661e-02 -6.939119338989258	1.0
chr1_37910175_C_T_b38	1	1.84814e-02	-1.440e-01	2.661e-02 -6.928221225738525	1.0
chr1_37910217_T_A_b38	1	1.84814e-02	-1.440e-01	2.661e-02 -6.939059734344482	1.0
chr1_37943196_C_G_b38	1	1.79798e-02	-1.423e-01	2.633e-02 -8.667518615722656	1.0
chr1_37943174_A_G_b38	1	1.79798e-02	-1.423e-01	2.633e-02 -8.669017791748049	1.0
chr1_37931697_C_T_b38	1	1.30544e-02	-1.385e-01	2.596e-02 -8.700128555297853	1.0
chr1_37931669_G_A_b38	1	1.30544e-02	-1.385e-01	2.596e-02 -8.698518753051758	1.0
chr1_37932916_T_C_b38	1	1.30544e-02	-1.385e-01	2.596e-02 -8.678583145141603	1.0
chr1_37914613_G_A_b38	1	1.21991e-02	-1.426e-01	2.678e-02 -6.968374729156494	1.0
chr1_37911409_C_T_b38	1	1.21991e-02	1.426e-01	2.678e-02 6.8802757263183585	1.0
chr1_37941474_A_G_b38	1	1.01613e-02	-1.391e-01	2.633e-02 -8.701037406921388	1.0
chr1_37936787_G_A_b38	1	1.01613e-02	-1.391e-01	2.633e-02 -8.697903633117676	1.0
chr1_37941342_C_T_b38	1	1.01613e-02	-1.391e-01	2.633e-02 -8.682973861694336	1.0
chr1_37939686_A_G_b38	1	1.01613e-02	-1.391e-01	2.633e-02 -8.664478302001951	1.0
chr1_37942291_G_A_b38	1	1.01613e-02	-1.391e-01	2.633e-02 -8.684611320495605	1.0
chr1_37939585_T_C_b38	1	1.01613e-02	-1.391e-01	2.633e-02 -8.674531936645508	1.0
chr1_37986909_A_G_b38	1	9.22350e-03	1.179e-01	2.472e-02 8.49512767791748	1.0
chr1_37913707_A_G_b38	1	8.44964e-03	-1.421e-01	2.707e-02 -6.917171955108643	1.0
chr1_37983491_C_T_b38	1	7.92093e-03	-1.244e-01	2.520e-02 -9.682377815246582	1.0
chr1_37983126_C_G_b38	1	7.92093e-03	-1.244e-01	2.520e-02 -9.67763900756836	1.0
chr1_37981314_G_A_b38	1	7.92093e-03	-1.244e-01	2.520e-02 -9.683279037475586	1.0
chr1_37983893_T_C_b38	1	7.92093e-03	-1.244e-01	2.520e-02 -9.688849449157717	1.0
chr1_37934886_C_T_b38	1	6.39328e-03	-1.362e-01	2.625e-02 -8.696252822875978	1.0
chr1_37979077_T_C_b38	1	5.97761e-03	1.203e-01	2.464e-02 8.392317771911621	1.0
chr1_37996149_C_T_b38	1	5.42822e-03	-1.166e-01	2.509e-02 -10.189367294311523	1.0
chr1_37921055_G_A_b38	1	4.91983e-03	-1.315e-01	2.567e-02 -9.540915489196776	1.0
chr1_37943401_A_G_b38	1	3.19607e-03	-1.283e-01	2.548e-02 -9.183403968811037	1.0
chr1_37979982_T_A_b38	1	2.57179e-03	1.152e-01	2.455e-02 8.718227386474611	1.0
chr1_37990219_G_C_b38	1	2.52020e-03	-1.109e-01	2.482e-02 -10.135973930358887	1.0
chr1_37952824_C_T_b38	1	2.10112e-03	-1.245e-01	2.520e-02 -9.681830406188963	1.0
chr1_37944649_G_A_b38	1	1.93844e-03	-1.274e-01	2.578e-02 -8.347550392150879	1.0
chr1_37934144_G_A_b38	1	1.87274e-03	-1.273e-01	2.590e-02 -9.638628959655762	1.0
chr1_37943431_G_C_b38	1	1.87274e-03	-1.273e-01	2.590e-02 -9.50429916381836	1.0
chr1_37968634_G_A_b38	1	1.75597e-03	1.135e-01	2.462e-02 8.655791282653809	1.0
chr1_37943302_T_C_b38	1	1.68499e-03	-1.274e-01	2.606e-02 -9.456860542297363	1.0
chr1_37950638_C_T_b38	1	1.39911e-03	-1.238e-01	2.555e-02 -9.56494140625	1.0
chr1_37953546_C_T_b38	1	1.38270e-03	-1.217e-01	2.513e-02 -9.625273704528807	1.0
chr1_38009833_G_A_b38	2	3.90451e-02	1.213e-01	5.147e-02 0.6901617050170898	1.0
chr1_38007131_C_T_b38	2	1.73360e-02	1.256e-01	5.446e-02 -1.2938523292541504	1.0
chr1_38007045_G_T_b38	2	9.11857e-03	1.066e-01	5.429e-02 -1.285372614860535	1.0
chr1_38013784_G_A_b38	2	7.41280e-03	1.058e-01	5.100e-02 0.9685754179954528	1.0
chr1_38004507_GTC_G_b38	2	4.27301e-03	1.044e-01	5.475e-02 -1.1089652371332035	1.0
chr1_38017826_A_G_b38	2	4.09159e-03	1.048e-01	5.037e-02 0.9756086468696594	1.0
chr1_38006372_AC_A_b38	2	4.02704e-03	1.023e-01	5.419e-02 -0.9744933826333384	1.0
chr1_38032297_G_A_b38	2	1.22162e-03	1.026e-01	5.084e-02 0.9784416556358336	1.0
chr1_38024563_T_C_b38	2	1.03533e-03	-9.417e-02	4.763e-02 -1.3174489079154423	1.0
chr1_38036607_T_C_b38	2	1.07736e-04	1.028e-01	4.866e-02 1.034126043319702	1.0
chr1_38038787_G_A_b38	2	1.03669e-04	1.032e-01	4.928e-02 1.0077183246612549	1.0
chr1_38037834_G_C_b38	2	1.03669e-04	1.032e-01	4.928e-02 1.0085439682006836	1.0
chr1_38036732_C_G_b38	2	1.03669e-04	1.032e-01	4.928e-02 1.0116385221481323	1.0
chr1_38049594_G_T_b38	2	7.42500e-05	9.310e-02	4.891e-02 1.0414306716431954	1.0
chr1_38041651_G_A_b38	2	7.23720e-05	9.236e-02	4.891e-02 1.0169883966445925	1.0
chr1_38050709_C_T_b38	2	7.23720e-05	9.236e-02	4.891e-02 0.98276686668396	1.0
chr1_38042996_G_GAGA_b38	2	7.23720e-05	9.236e-02	4.891e-02 1.0384606045176203	1.0
chr1_38041361_G_C_b38	2	7.23720e-05	9.236e-02	4.891e-02 1.0133938789367676	1.0
chr1_38044861_G_GA_b38	2	7.23720e-05	9.236e-02	4.891e-02 1.0384606045176203	1.0
chr1_38040108_G_T_b38	2	7.23720e-05	9.236e-02	4.891e-02 1.0087891817092896	1.0
chr1_38040024_C_A_b38	2	7.23720e-05	9.236e-02	4.891e-02 1.0396952629089355	1.0
chr1_38041769_G_C_b38	2	7.23720e-05	9.236e-02	4.891e-02 1.017232894897461	1.0
chr1_38041053_C_A_b38	2	7.23720e-05	9.236e-02	4.891e-02 1.0135259628295898	1.0
chr1_38043276_G_C_b38	2	7.23720e-05	9.236e-02	4.891e-02 1.0036391019821167	1.0
chr1_38041508_G_A_b38	2	7.23720e-05	9.236e-02	4.891e-02 1.006458044052124	1.0
chr1_38040593_C_G_b38	2	7.23720e-05	9.236e-02	4.891e-02 1.0138832330703735	1.0
chr1_38043123_C_T_b38	2	7.23720e-05	9.236e-02	4.891e-02 1.0107394456863403	1.0
chr1_38051675_G_A_b38	2	7.23720e-05	9.236e-02	4.891e-02 0.9806059002876282	1.0
chr1_38048973_C_T_b38	2	7.23720e-05	9.236e-02	4.891e-02 1.0887138843536377	1.0
chr1_38053614_C_T_b38	2	6.66972e-05	9.094e-02	4.972e-02 0.7292871242256297	1.0
chr1_38057091_G_A_b38	2	6.66972e-05	9.094e-02	4.972e-02 0.5715839862823486	1.0
chr1_38053613_A_C_b38	2	6.66972e-05	9.094e-02	4.972e-02 0.7292871242256297	1.0
chr1_38051638_C_T_b38	2	5.12144e-05	8.081e-02	4.871e-02 0.9803671836853028	1.0
chr1_38009097_G_A_b38	3	4.91245e-03	-1.167e-01	5.233e-02 -1.8104295730590818	1.0
chr1_38008356_C_T_b38	3	1.72973e-04	9.046e-02	5.703e-02 0.5620706677436829	1.0
