chr17_61412532_T_C_b38	1	6.58954e-01	-2.794e-01	7.145e-02 -13.31064224243164	1.0
chr17_61402219_C_G_b38	1	1.63175e-01	-2.814e-01	7.459e-02 -13.354774475097654	1.0
chr17_61398527_A_C_b38	1	8.72543e-02	-2.908e-01	7.880e-02 -13.425009727478027	1.0
chr17_61399054_T_C_b38	1	8.72543e-02	-2.908e-01	7.880e-02 -13.346485137939453	1.0
chr17_61414023_A_G_b38	2	2.33879e-01	-1.408e-01	4.138e-02 -18.685396194458008	1.0
chr17_61414629_C_G_b38	2	1.10693e-01	-1.376e-01	4.181e-02 -18.654993057250977	1.0
chr17_61419436_G_C_b38	2	6.41480e-02	1.203e-01	3.382e-02 13.777425765991213	1.0
chr17_61419916_A_G_b38	2	5.95496e-02	-1.387e-01	4.315e-02 -18.74978828430176	1.0
chr17_61420691_A_G_b38	2	5.95496e-02	-1.387e-01	4.315e-02 -18.777069091796875	1.0
chr17_61420889_A_G_b38	2	5.19589e-02	-1.361e-01	4.254e-02 -18.71990966796875	1.0
chr17_61414907_A_T_b38	2	3.49223e-02	-1.135e-01	3.728e-02 -18.555200576782227	1.0
chr17_61415353_A_G_b38	2	3.17183e-02	-1.132e-01	3.766e-02 -18.569759368896484	1.0
chr17_61415647_T_C_b38	2	3.11196e-02	-1.129e-01	3.764e-02 -18.577350616455078	1.0
chr17_61417213_C_T_b38	2	1.94548e-02	-1.128e-01	3.652e-02 -18.611164093017575	1.0
chr17_61419288_T_C_b38	2	1.90097e-02	-1.145e-01	3.827e-02 -17.926125729457148	1.0
chr17_61393721_A_G_b38	3	1.61241e-01	2.355e-01	5.681e-02 -10.142171859741213	1.0
chr17_61411037_G_C_b38	4	1.77997e-03	-9.102e-02	5.294e-02 -1.8757420778274536	1.0
chr17_61409412_G_C_b38	4	6.35578e-04	-9.134e-02	5.288e-02 -1.87460458278656	1.0
chr17_61395722_C_T_b38	4	3.72210e-04	-1.377e-01	5.631e-02 -1.504143476486206	1.0
chr17_61415559_G_A_b38	4	2.74045e-04	-9.115e-02	5.286e-02 -1.9086626768112185	1.0
chr17_61414628_C_T_b38	4	2.74045e-04	-9.115e-02	5.286e-02 -1.9026962518692017	1.0
chr17_61396519_G_A_b38	4	2.02205e-04	-1.291e-01	5.555e-02 -1.494425654411316	1.0
chr17_61393481_A_G_b38	4	1.84771e-04	-1.249e-01	5.396e-02 -1.415535807609558	1.0
chr17_61419566_T_C_b38	4	1.75155e-04	-9.684e-02	5.064e-02 -2.0056750774383545	1.0
chr17_61401230_C_G_b38	4	1.41121e-04	-1.149e-01	5.304e-02 -1.8563797473907468	1.0
chr17_61418048_G_T_b38	4	1.36950e-04	-9.073e-02	5.288e-02 -1.9153226613998413	1.0
chr17_61420422_G_GTC_b38	4	1.36950e-04	-9.073e-02	5.288e-02 -1.8424500663185859	1.0
chr17_61419499_T_A_b38	4	1.36950e-04	-9.073e-02	5.288e-02 -1.9451360702514648	1.0
chr17_61397958_T_TAC_b38	4	1.32244e-04	-1.135e-01	5.320e-02 -1.6012375115285034	1.0
chr17_61398222_C_T_b38	4	1.32244e-04	-1.135e-01	5.320e-02 -1.7614870071411133	1.0
chr17_61400542_C_A_b38	4	1.30974e-04	-1.139e-01	5.355e-02 -1.7557616233825684	1.0
chr17_61399531_C_T_b38	4	1.30974e-04	-1.139e-01	5.355e-02 -1.877748966217041	1.0
chr17_61398545_G_C_b38	4	1.30974e-04	-1.139e-01	5.355e-02 -1.7879353761672974	1.0
chr17_61399149_G_C_b38	4	1.30753e-04	-1.134e-01	5.330e-02 -1.8781229257583616	1.0
chr17_61420738_C_T_b38	4	1.21934e-04	-8.607e-02	5.239e-02 -1.8817702531814573	1.0
chr17_61403916_C_T_b38	4	9.69123e-05	-9.055e-02	5.285e-02 -1.8510633707046509	1.0
chr17_61404939_G_C_b38	4	9.69123e-05	-9.055e-02	5.285e-02 -1.8631888628005981	1.0
chr17_61418192_C_T_b38	4	6.28461e-05	-8.190e-02	5.086e-02 -1.9245290756225584	1.0
chr17_61417174_C_T_b38	4	5.78626e-05	-7.852e-02	5.047e-02 -1.924657702445984	1.0
