chr1_22032080_T_C_b38	1	4.30735e-02	-9.954e-02	2.335e-02 -7.526156425476074	1.0
chr1_22043928_A_G_b38	1	2.18187e-02	-8.685e-02	2.236e-02 -7.590377330780028	1.0
chr1_22033429_T_C_b38	1	2.07200e-02	-9.289e-02	2.282e-02 -7.535951222386628	1.0
chr1_22033556_T_C_b38	1	2.07200e-02	-9.289e-02	2.282e-02 -7.535951222386628	1.0
chr1_22035011_G_A_b38	1	2.07200e-02	-9.289e-02	2.282e-02 -7.523749828338622	1.0
chr1_22034979_C_T_b38	1	2.07200e-02	-9.289e-02	2.282e-02 -7.57135009765625	1.0
chr1_22034088_T_G_b38	1	2.07200e-02	-9.289e-02	2.282e-02 -7.516395568847656	1.0
chr1_22036447_G_T_b38	1	2.07200e-02	-9.289e-02	2.282e-02 -7.503242492675781	1.0
chr1_22034327_C_CTT_b38	1	2.07200e-02	-9.289e-02	2.282e-02 -7.535951222386628	1.0
chr1_22034863_G_C_b38	1	2.07200e-02	-9.289e-02	2.282e-02 -7.523012638092041	1.0
chr1_22033890_G_A_b38	1	2.07200e-02	-9.289e-02	2.282e-02 -7.515318870544434	1.0
chr1_22034196_T_C_b38	1	2.07200e-02	-9.289e-02	2.282e-02 -7.519949913024902	1.0
chr1_22034569_T_C_b38	1	2.07200e-02	-9.289e-02	2.282e-02 -7.521901607513428	1.0
chr1_22036546_A_G_b38	1	2.07200e-02	-9.289e-02	2.282e-02 -7.503143310546875	1.0
chr1_22034375_C_T_b38	1	2.07200e-02	-9.289e-02	2.282e-02 -7.535951222386628	1.0
chr1_22034362_C_T_b38	1	2.07200e-02	-9.289e-02	2.282e-02 -7.535951222386628	1.0
chr1_22033968_G_A_b38	1	2.07200e-02	-9.289e-02	2.282e-02 -7.535951222386628	1.0
chr1_22034376_C_T_b38	1	2.07200e-02	-9.289e-02	2.282e-02 -7.535951222386628	1.0
chr1_22032589_G_C_b38	1	2.07200e-02	-9.289e-02	2.282e-02 -7.513304233551025	1.0
chr1_22032640_ACAGT_A_b38	1	2.07200e-02	-9.289e-02	2.282e-02 -7.535951222386628	1.0
chr1_22032413_T_C_b38	1	2.07200e-02	-9.289e-02	2.282e-02 -7.535951222386628	1.0
chr1_22034477_C_T_b38	1	2.07200e-02	-9.289e-02	2.282e-02 -7.519835948944093	1.0
chr1_22034636_C_T_b38	1	2.07200e-02	-9.289e-02	2.282e-02 -7.522444725036621	1.0
chr1_22032899_A_G_b38	1	2.07200e-02	-9.289e-02	2.282e-02 -7.512753009796143	1.0
chr1_22034383_C_T_b38	1	2.07200e-02	-9.289e-02	2.282e-02 -7.535951222386628	1.0
chr1_22033501_A_G_b38	1	2.07200e-02	-9.289e-02	2.282e-02 -7.535951222386628	1.0
chr1_22035704_A_G_b38	1	2.07200e-02	-9.289e-02	2.282e-02 -7.504955768585205	1.0
chr1_22037014_A_G_b38	1	2.07200e-02	-9.289e-02	2.282e-02 -7.502095699310303	1.0
chr1_22034307_G_A_b38	1	2.07200e-02	-9.289e-02	2.282e-02 -7.535951222386628	1.0
chr1_22035933_C_T_b38	1	2.07200e-02	-9.289e-02	2.282e-02 -7.503483295440674	1.0
chr1_22033205_T_C_b38	1	2.07200e-02	-9.289e-02	2.282e-02 -7.505789279937744	1.0
chr1_22037153_A_C_b38	1	2.07200e-02	-9.289e-02	2.282e-02 -7.501826286315918	1.0
chr1_22034418_A_G_b38	1	2.07200e-02	-9.289e-02	2.282e-02 -7.535951222386628	1.0
chr1_22037425_G_A_b38	1	2.07200e-02	-9.289e-02	2.282e-02 -7.501585960388184	1.0
chr1_22033767_G_T_b38	1	2.07200e-02	-9.289e-02	2.282e-02 -7.51737117767334	1.0
chr1_22036224_C_T_b38	1	2.07200e-02	-9.289e-02	2.282e-02 -7.502067565917969	1.0
chr1_22035701_T_C_b38	1	2.07200e-02	-9.289e-02	2.282e-02 -7.504955768585205	1.0
chr1_22034089_T_C_b38	1	1.81319e-02	-9.224e-02	2.289e-02 -7.514795780181885	1.0
chr1_22032254_T_C_b38	1	1.73418e-02	-9.127e-02	2.267e-02 -7.59872804984168	1.0
chr1_22036312_T_G_b38	1	1.23539e-02	-8.972e-02	2.286e-02 -7.503115177154541	1.0
chr1_22034321_A_G_b38	1	1.13959e-02	-8.617e-02	2.219e-02 -7.542151603021084	1.0
chr1_22102282_TAC_T_b38	1	7.89711e-03	-9.047e-02	2.204e-02 -8.210328920433955	1.0
chr1_22099694_C_A_b38	1	7.89711e-03	-9.047e-02	2.204e-02 -8.053177833557129	1.0
chr1_22042624_C_T_b38	1	6.27529e-03	-8.345e-02	2.233e-02 -7.692455768585205	1.0
chr1_22026998_C_T_b38	1	4.78863e-03	-8.823e-02	2.257e-02 -7.484322071075439	1.0
chr1_22041849_C_T_b38	1	4.68401e-03	-8.153e-02	2.242e-02 -7.575760841369629	1.0
chr1_22035352_G_A_b38	1	2.36583e-03	-7.542e-02	2.197e-02 -6.03396463394165	1.0
chr1_22022094_C_A_b38	1	1.95077e-03	-8.050e-02	2.199e-02 -5.973677158355713	1.0
chr1_22149156_T_C_b38	1	1.54942e-03	-9.005e-02	2.238e-02 -8.880473136901855	1.0
chr1_22109230_G_C_b38	1	1.53106e-03	-8.785e-02	2.188e-02 -8.084959030151367	1.0
chr1_22025547_G_T_b38	1	1.42837e-03	-8.050e-02	2.225e-02 -6.005503177642822	1.0
chr1_22147165_T_C_b38	1	1.32402e-03	-8.961e-02	2.253e-02 -8.963388442993164	1.0
chr1_22117394_G_T_b38	1	1.25711e-03	-8.635e-02	2.178e-02 -8.052118301391603	1.0
chr1_22148932_G_T_b38	1	1.20095e-03	-8.868e-02	2.245e-02 -8.942827224731445	1.0
chr1_22122832_G_A_b38	1	1.07099e-03	-8.563e-02	2.187e-02 -8.069586753845215	1.0
chr1_22147298_C_T_b38	1	1.02664e-03	-8.821e-02	2.260e-02 -8.948254585266113	1.0
chr1_22104599_T_C_b38	1	8.47625e-04	-8.468e-02	2.205e-02 -8.2806396484375	1.0
chr1_22119498_C_T_b38	1	8.41958e-04	-8.399e-02	2.184e-02 -8.256045341491701	1.0
chr1_22119615_C_CT_b38	1	7.47331e-04	-8.192e-02	2.146e-02 -8.093387714127028	1.0
chr1_22132677_G_A_b38	1	7.27603e-04	-8.468e-02	2.227e-02 -8.650600433349611	1.0
chr1_22128649_G_A_b38	1	6.71650e-04	-8.377e-02	2.217e-02 -8.652986526489258	1.0
chr1_22133261_A_G_b38	1	6.12061e-04	-8.410e-02	2.243e-02 -8.803659439086914	1.0
chr1_22023122_G_A_b38	1	5.86492e-04	-7.397e-02	2.225e-02 -6.201230049133301	1.0
chr1_22024341_T_C_b38	1	5.86492e-04	-7.397e-02	2.225e-02 -6.217850685119629	1.0
chr1_22126221_C_T_b38	1	5.77205e-04	-8.139e-02	2.185e-02 -8.269036293029785	1.0
chr1_22129235_C_T_b38	1	5.68304e-04	-8.270e-02	2.215e-02 -8.698363304138184	1.0
chr1_22053035_C_G_b38	2	9.42268e-02	-1.135e-01	5.109e-02 -6.740358113403483	1.0
chr1_22055068_C_T_b38	2	1.25163e-02	-1.037e-01	5.033e-02 -7.002781229632894	1.0
chr1_22053744_T_C_b38	2	1.25163e-02	-1.037e-01	5.033e-02 -6.973614692687987	1.0
chr1_22056729_C_T_b38	2	8.16527e-03	-1.037e-01	5.035e-02 -6.9738383293151855	1.0
chr1_22053178_T_G_b38	2	7.11843e-03	-5.808e-02	5.124e-02 -6.993634223937987	1.0
chr1_22053519_T_C_b38	2	7.11843e-03	-5.808e-02	5.124e-02 -6.988842487335205	1.0
chr1_22053176_C_G_b38	2	7.11843e-03	-5.808e-02	5.124e-02 -7.000971413578325	1.0
chr1_22059898_TC_T_b38	2	4.35981e-03	-1.040e-01	5.046e-02 -7.002781229632894	1.0
chr1_22050856_A_G_b38	2	3.35284e-03	-5.801e-02	5.137e-02 -6.99122953414917	1.0
chr1_22050454_A_G_b38	2	3.35284e-03	-5.801e-02	5.137e-02 -6.994254112243652	1.0
chr1_22057604_C_G_b38	2	2.15499e-03	-5.802e-02	5.146e-02 -6.99081563949585	1.0
chr1_22063579_G_T_b38	2	2.15492e-03	-1.041e-01	5.057e-02 -6.974818229675293	1.0
chr1_22064323_GCT_G_b38	2	2.15492e-03	-1.041e-01	5.057e-02 -7.002781229632894	1.0
chr1_22043837_A_C_b38	2	2.33720e-04	-8.849e-02	5.255e-02 -7.043327331542969	1.0
chr1_22046913_A_G_b38	2	1.83258e-04	-8.905e-02	6.013e-02 -5.51261043548584	1.0
chr1_22060378_A_T_b38	2	1.76799e-04	-9.338e-02	5.454e-02 -6.990237712860107	1.0
chr1_22059568_GA_G_b38	2	1.76799e-04	-9.338e-02	5.454e-02 -7.000971413578325	1.0
chr1_22062398_G_C_b38	2	1.76799e-04	-9.338e-02	5.454e-02 -6.99069356918335	1.0
chr1_22059011_GA_G_b38	2	1.76799e-04	-9.338e-02	5.454e-02 -7.000971413578325	1.0
chr1_22057786_T_C_b38	2	1.76799e-04	-9.338e-02	5.454e-02 -6.986971855163574	1.0
chr1_22059571_T_G_b38	2	1.76799e-04	-9.338e-02	5.454e-02 -7.000971413578325	1.0
chr1_22045218_G_T_b38	2	8.83011e-05	-5.290e-02	3.928e-02 -5.488299369812012	1.0
chr1_22047907_G_A_b38	3	7.70265e-04	9.805e-02	4.493e-02 -0.8141446113586426	1.0
chr1_22057028_C_T_b38	3	4.35489e-04	5.972e-02	5.248e-02 -0.9934940338134766	1.0
