chr20_62386309_T_C_b38	1	8.29442e-01	-3.546e-01	5.908e-02 -5.579760074615479	1.0
chr20_62394395_C_T_b38	1	8.52127e-02	-3.330e-01	5.402e-02 -5.56505012512207	1.0
chr20_62393540_A_G_b38	1	8.52127e-02	-3.330e-01	5.402e-02 -5.55817174911499	1.0
chr20_62384638_G_T_b38	2	2.43741e-01	-1.725e-01	4.094e-02 -4.899683952331543	1.0
chr20_62387568_T_C_b38	2	1.61323e-01	-1.344e-01	3.360e-02 -4.286799430847168	1.0
chr20_62383213_T_C_b38	2	1.52467e-01	-2.035e-01	4.901e-02 -5.304184913635254	1.0
chr20_62382714_C_G_b38	2	1.52467e-01	-2.035e-01	4.901e-02 -5.297494888305664	1.0
chr20_62404002_CA_C_b38	2	6.15461e-02	-1.434e-01	3.279e-02 -4.534373956748088	1.0
chr20_62373987_A_G_b38	2	6.06509e-02	-1.575e-01	3.675e-02 -4.791268825531006	1.0
chr20_62373994_G_C_b38	2	1.87996e-02	-1.907e-01	4.898e-02 -5.1929898262023935	1.0
chr20_62363592_C_T_b38	2	1.40291e-02	1.210e-01	3.065e-02 4.277154445648193	1.0
chr20_62386713_A_G_b38	2	1.38320e-02	-8.561e-02	3.600e-02 -5.008211612701416	1.0
chr20_62375692_TCCTGGCGGCCAGGGTAGGG_T_b38	2	9.47733e-03	1.402e-01	3.688e-02 4.989392992421262	1.0
chr20_62404314_T_C_b38	2	9.38528e-03	-1.403e-01	3.574e-02 -4.751869201660156	1.0
chr20_62380505_A_G_b38	2	8.62263e-03	-1.760e-01	5.058e-02 -5.294566631317139	1.0
chr20_62383052_C_T_b38	2	7.69222e-03	-1.543e-01	4.660e-02 -5.317689895629883	1.0
chr20_62385088_A_G_b38	2	6.54665e-03	-1.404e-01	4.603e-02 -5.4250335693359375	1.0
chr20_62386215_T_C_b38	2	6.20170e-03	-8.581e-02	3.617e-02 -5.003378391265869	1.0
chr20_62383318_A_T_b38	2	4.88083e-03	-1.169e-01	3.575e-02 -4.907308101654053	1.0
chr20_62397053_C_T_b38	2	4.64978e-03	-1.218e-01	3.216e-02 -4.275437355041504	1.0
chr20_62388719_T_A_b38	2	4.31173e-03	-8.918e-02	3.244e-02 -4.934500217437744	1.0
chr20_62385155_G_A_b38	2	3.92907e-03	-1.063e-01	3.331e-02 -4.2113189697265625	1.0
chr20_62388132_G_C_b38	2	3.83046e-03	-8.697e-02	2.871e-02 -5.028626163440546	1.0
chr20_62372156_T_C_b38	2	3.31454e-03	-1.281e-01	3.572e-02 -4.753668308258057	1.0
chr20_62383595_T_C_b38	2	2.99005e-03	-1.136e-01	3.695e-02 -4.978590965270996	1.0
chr20_62383362_T_C_b38	2	2.99005e-03	-1.136e-01	3.695e-02 -4.9138503074646	1.0
chr20_62371181_C_T_b38	2	2.90149e-03	-1.428e-01	4.012e-02 -4.582631587982178	1.0
chr20_62377949_C_A_b38	2	2.64308e-03	-1.485e-01	4.600e-02 -5.324071884155273	1.0
chr20_62381861_C_A_b38	2	2.64308e-03	-1.485e-01	4.600e-02 -5.312280654907227	1.0
chr20_62379832_G_A_b38	2	2.41439e-03	-1.477e-01	4.573e-02 -5.3578314781188965	1.0
chr20_62389066_G_A_b38	2	2.37336e-03	-8.176e-02	2.811e-02 -4.797529697418213	1.0
chr20_62396271_A_C_b38	2	2.29392e-03	-9.487e-02	5.004e-02 -4.954366207122803	1.0
chr20_62400669_C_T_b38	2	2.23386e-03	-1.152e-01	3.222e-02 -4.357088565826416	1.0
chr20_62400671_G_T_b38	2	2.23386e-03	-1.152e-01	3.222e-02 -4.357533931732179	1.0
chr20_62386115_T_C_b38	3	7.65915e-03	-5.450e-02	2.866e-02 -0.3471285700798035	1.0
chr20_62389245_C_T_b38	3	3.79138e-03	-4.123e-02	6.663e-02 -4.8538312911987305	1.0
chr20_62396454_T_C_b38	3	2.68305e-03	-1.181e-01	5.732e-02 0.9659066200256348	1.0
chr20_62403305_T_C_b38	3	2.16659e-03	-6.757e-02	3.278e-02 -5.0265703201293945	1.0
chr20_62402808_T_G_b38	3	2.16659e-03	-6.757e-02	3.278e-02 -5.0335469245910645	1.0
chr20_62387999_T_C_b38	3	1.98710e-03	-2.755e-02	5.239e-02 -0.8270304799079895	1.0
chr20_62388124_G_GC_b38	3	1.85183e-03	-2.069e-02	5.502e-02 -0.7041762414431909	1.0
chr20_62394830_G_T_b38	3	1.84663e-03	-5.581e-02	2.849e-02 -4.844362258911133	1.0
chr20_62385820_A_G_b38	3	1.73623e-03	-2.577e-02	5.229e-02 -1.0173804759979248	1.0
chr20_62401644_A_G_b38	3	1.45398e-03	-6.175e-02	2.815e-02 -5.056580543518066	1.0
chr20_62404618_A_G_b38	3	1.45328e-03	-6.176e-02	2.814e-02 -5.050820350646973	1.0
chr20_62397090_T_C_b38	3	1.42678e-03	-6.096e-02	2.793e-02 -4.782898426055908	1.0
chr20_62399152_A_G_b38	3	1.30766e-03	-5.997e-02	2.801e-02 -4.894394874572754	1.0
chr20_62403622_G_A_b38	3	1.27925e-03	-1.180e-01	5.683e-02 0.9614711999893188	1.0
chr20_62403872_T_G_b38	3	1.24266e-03	-5.948e-02	2.814e-02 -4.976782321929932	1.0
chr20_62402203_G_A_b38	3	1.19336e-03	-1.147e-01	5.650e-02 0.8086867928504944	1.0
chr20_62406100_C_A_b38	3	1.19336e-03	-1.147e-01	5.650e-02 0.8929211497306824	1.0
chr20_62392095_C_G_b38	3	1.18412e-03	-4.882e-02	2.791e-02 -4.781274318695068	1.0
chr20_62393491_A_G_b38	3	1.02154e-03	-8.280e-02	6.334e-02 0.9800270795822144	1.0
chr20_62404846_A_G_b38	3	1.00175e-03	-1.098e-01	5.726e-02 0.8216871619224548	1.0
chr20_62400494_A_G_b38	3	9.58645e-04	-5.554e-02	2.806e-02 -4.887351989746094	1.0
chr20_62393272_T_C_b38	3	7.74357e-04	-4.601e-02	3.692e-02 -0.792232871055603	1.0
chr20_62394401_T_C_b38	3	7.69757e-04	-4.791e-02	2.821e-02 -0.2563052773475647	1.0
chr20_62402141_T_G_b38	3	7.63716e-04	-5.371e-02	2.816e-02 -4.851493835449219	1.0
chr20_62394547_T_C_b38	3	6.23954e-04	-4.454e-02	2.829e-02 -0.15800319612026215	1.0
chr20_62396250_G_C_b38	3	5.92983e-04	-2.044e-02	5.594e-02 -0.7895404696464539	1.0
chr20_62394456_G_C_b38	3	5.70717e-04	-4.044e-02	6.402e-02 1.0212002992630005	1.0
chr20_62401454_C_T_b38	3	3.11440e-04	-4.745e-02	3.165e-02 -0.813069760799408	1.0
chr20_62369354_C_T_b38	3	2.83087e-04	-4.382e-02	3.207e-02 -0.9402423165417882	1.0
chr20_62408210_C_T_b38	3	2.80942e-04	-3.560e-02	4.300e-02 -0.7834926843643188	1.0
chr20_62369360_G_A_b38	3	2.79499e-04	-4.349e-02	3.208e-02 -1.3702110052108765	1.0
chr20_62405414_A_C_b38	3	2.48441e-04	-4.298e-02	2.994e-02 -0.5111704468727112	1.0
chr20_62406566_C_G_b38	3	2.48432e-04	-3.111e-02	4.565e-02 -0.8032277226448059	1.0
chr20_62400454_G_A_b38	3	2.47370e-04	-3.172e-02	4.588e-02 -0.8200094103813171	1.0
chr20_62399300_G_C_b38	3	2.46029e-04	-3.135e-02	4.686e-02 -0.8174705505371094	1.0
chr20_62397018_T_C_b38	3	2.44561e-04	-2.977e-02	4.748e-02 -0.8076384663581848	1.0
chr20_62397377_T_G_b38	3	2.44368e-04	-2.781e-02	4.976e-02 -0.8219462633132935	1.0
chr20_62401582_T_C_b38	3	2.43068e-04	-3.282e-03	6.429e-02 -0.8260729908943176	1.0
chr20_62397825_C_G_b38	3	2.42478e-04	-2.823e-02	4.906e-02 -0.8314887285232544	1.0
chr20_62400426_G_A_b38	3	2.39434e-04	-3.245e-02	6.272e-02 1.0190738439559937	1.0
chr20_62400843_T_C_b38	3	2.35637e-04	-2.527e-02	5.087e-02 -0.8195008039474487	1.0
chr20_62400425_C_T_b38	3	2.35637e-04	-2.527e-02	5.087e-02 -0.8178577423095703	1.0
chr20_62400976_C_T_b38	3	2.35637e-04	-2.527e-02	5.087e-02 -0.8193204402923584	1.0
chr20_62402039_T_C_b38	3	2.35637e-04	-2.527e-02	5.087e-02 -0.7384536458926462	1.0
chr20_62400698_C_T_b38	3	2.35637e-04	-2.527e-02	5.087e-02 -0.8186582922935486	1.0
chr20_62410168_C_T_b38	3	2.35637e-04	-2.527e-02	5.087e-02 -0.7139426469802856	1.0
chr20_62406427_T_TA_b38	3	2.35637e-04	-2.527e-02	5.087e-02 -0.7384536458926462	1.0
chr20_62401468_T_C_b38	3	2.35637e-04	-2.527e-02	5.087e-02 -0.8072323799133301	1.0
chr20_62406436_C_CTGAA_b38	3	2.35637e-04	-2.527e-02	5.087e-02 -0.7384536458926462	1.0
chr20_62406292_T_C_b38	3	2.35637e-04	-2.527e-02	5.087e-02 -0.7981361746788025	1.0
chr20_62400783_G_A_b38	3	2.35637e-04	-2.527e-02	5.087e-02 -0.8157694339752197	1.0
chr20_62401712_A_G_b38	3	2.32643e-04	-2.240e-02	5.278e-02 -0.8205187320709229	1.0
chr20_62408595_C_T_b38	3	2.31410e-04	-2.678e-02	4.880e-02 -0.7716194391250609	1.0
chr20_62406968_C_T_b38	3	2.15070e-04	-2.520e-02	4.845e-02 -0.8274375200271606	1.0
chr20_62415106_G_A_b38	3	9.21358e-05	-4.620e-02	3.532e-02 0.6658031344413757	1.0
chr20_62412681_C_T_b38	3	7.55089e-05	-3.956e-02	3.428e-02 0.07015835493803024	1.0
chr20_62388764_G_A_b38	4	7.10655e-04	-1.282e-01	4.965e-02 0.7229018807411194	1.0
