chr1_109274570_A_G_b38	1	5.00529e-01	3.219e-01	3.797e-02 4.705712795257568	1.0
chr1_109274968_G_T_b38	1	4.94642e-01	3.228e-01	3.818e-02 4.979031562805176	1.0
chr1_109250113_A_ACGC_b38	2	1.55717e-01	1.009e-01	3.704e-02 -2.022787080656032	1.0
chr1_109253431_C_T_b38	2	8.57822e-03	-8.776e-02	3.612e-02 1.994518756866455	1.0
chr1_109266488_G_A_b38	2	8.13578e-04	8.747e-02	3.862e-02 -2.831434965133667	1.0
chr1_109180468_T_C_b38	3	6.07582e-03	-1.374e-01	3.413e-02 -0.5656062960624695	1.0
chr1_109182617_C_T_b38	3	2.15098e-03	-1.299e-01	3.480e-02 -0.5540056824684143	1.0
chr1_109162357_A_T_b38	3	9.05108e-04	-1.296e-01	3.717e-02 -0.9235739707946776	1.0
chr1_109181018_C_T_b38	3	3.40574e-04	-1.117e-01	3.503e-02 -0.5239908695220947	1.0
chr1_109175320_G_A_b38	3	3.00429e-04	1.067e-01	3.413e-02 0.4969840943813324	1.0
chr1_109171781_C_A_b38	3	2.78697e-04	1.055e-01	3.395e-02 0.5400657653808594	1.0
chr1_109165442_A_G_b38	3	2.74415e-04	1.040e-01	3.352e-02 0.4693261086940765	1.0
chr1_109166410_G_A_b38	3	2.45940e-04	1.041e-01	3.375e-02 0.4502590894699097	1.0
chr1_109171395_T_C_b38	3	2.31800e-04	1.031e-01	3.366e-02 0.5605477094650269	1.0
chr1_109171492_T_C_b38	3	2.31800e-04	1.031e-01	3.366e-02 0.561229944229126	1.0
chr1_109169401_A_G_b38	3	2.31800e-04	1.031e-01	3.366e-02 0.5144297480583191	1.0
chr1_109168775_T_A_b38	3	2.31800e-04	1.031e-01	3.366e-02 0.5033448934555054	1.0
chr1_109169225_A_G_b38	3	2.31800e-04	1.031e-01	3.366e-02 0.5094119310379028	1.0
chr1_109169128_T_C_b38	3	2.31800e-04	1.031e-01	3.366e-02 0.5098848938941956	1.0
chr1_109167174_A_C_b38	3	2.31800e-04	1.031e-01	3.366e-02 0.4938248693943024	1.0
chr1_109167263_A_C_b38	3	2.31800e-04	1.031e-01	3.366e-02 0.4994334876537323	1.0
chr1_109168641_A_G_b38	3	2.31800e-04	1.031e-01	3.366e-02 0.5423715710639954	1.0
chr1_109169002_T_C_b38	3	2.31800e-04	1.031e-01	3.366e-02 0.5099779963493347	1.0
chr1_109171276_A_G_b38	3	2.31800e-04	1.031e-01	3.366e-02 0.5590165853500366	1.0
chr1_109178158_T_C_b38	3	2.30491e-04	1.037e-01	3.383e-02 0.5522350072860718	1.0
chr1_109179968_C_T_b38	3	2.26928e-04	1.035e-01	3.384e-02 0.5650399923324585	1.0
chr1_109175997_G_T_b38	3	2.26928e-04	1.035e-01	3.384e-02 0.5240869522094727	1.0
chr1_109178438_T_A_b38	3	2.26928e-04	1.035e-01	3.384e-02 0.5504453778266907	1.0
chr1_109174368_A_G_b38	3	2.26928e-04	1.035e-01	3.384e-02 0.5048847198486328	1.0
chr1_109178656_A_C_b38	3	2.26928e-04	1.035e-01	3.384e-02 0.5511140823364258	1.0
chr1_109175136_C_T_b38	3	2.26928e-04	1.035e-01	3.384e-02 0.5056408047676086	1.0
chr1_109176069_T_G_b38	3	2.26928e-04	1.035e-01	3.384e-02 0.5267941951751709	1.0
chr1_109179403_T_C_b38	3	2.26928e-04	1.035e-01	3.384e-02 0.4760348284029332	1.0
chr1_109175684_C_A_b38	3	2.26928e-04	1.035e-01	3.384e-02 0.5055437684059143	1.0
chr1_109178954_T_G_b38	3	2.26928e-04	1.035e-01	3.384e-02 0.4639789041847374	1.0
chr1_109174699_G_A_b38	3	2.26928e-04	1.035e-01	3.384e-02 0.5230141282081604	1.0
chr1_109179530_C_G_b38	3	2.26928e-04	1.035e-01	3.384e-02 0.5420553684234619	1.0
chr1_109174175_G_A_b38	3	2.26928e-04	1.035e-01	3.384e-02 0.5161038041114807	1.0
chr1_109178360_G_A_b38	3	2.26928e-04	1.035e-01	3.384e-02 0.540185809135437	1.0
chr1_109176332_G_A_b38	3	2.26928e-04	1.035e-01	3.384e-02 0.4990224242210388	1.0
chr1_109179013_C_T_b38	3	2.26928e-04	1.035e-01	3.384e-02 0.5466727614402771	1.0
chr1_109172128_T_C_b38	3	2.00769e-04	1.013e-01	3.356e-02 0.5188411474227905	1.0
chr1_109172297_A_G_b38	3	2.00769e-04	1.013e-01	3.356e-02 0.5167307853698729	1.0
chr1_109175329_A_G_b38	3	1.67979e-04	9.956e-02	3.369e-02 0.4633072018623352	1.0
chr1_109175441_A_G_b38	3	1.67979e-04	9.956e-02	3.369e-02 0.4658295214176178	1.0
chr1_109175247_T_C_b38	3	1.67979e-04	9.956e-02	3.369e-02 0.4639931917190552	1.0
chr1_109169356_C_T_b38	3	1.59013e-04	9.778e-02	3.344e-02 0.411388486623764	1.0
chr1_109165289_T_C_b38	3	6.42438e-05	8.425e-02	3.261e-02 0.432767391204834	1.0
