chr9_113415305_G_A_b38	1	1.24723e-01	-2.506e-01	5.678e-02 -6.034519672393799	1.0
chr9_113426298_A_G_b38	1	7.52876e-02	-2.415e-01	5.278e-02 -6.086565017700195	1.0
chr9_113422027_C_T_b38	1	3.79667e-02	-2.465e-01	5.576e-02 -6.058246612548827	1.0
chr9_113406475_G_A_b38	1	2.62403e-02	-2.254e-01	5.592e-02 -6.2974281311035165	1.0
chr9_113424264_A_G_b38	1	2.54373e-02	-2.466e-01	5.709e-02 -6.082427501678468	1.0
chr9_113502702_A_C_b38	1	2.14697e-02	-2.549e-01	5.384e-02 -6.054306983947754	1.0
chr9_113458253_TC_T_b38	1	1.97683e-02	-2.541e-01	5.658e-02 -5.844619913657743	1.0
chr9_113427668_C_G_b38	1	1.85512e-02	-2.310e-01	5.457e-02 -6.106951713562013	1.0
chr9_113428561_C_T_b38	1	1.85512e-02	-2.310e-01	5.457e-02 -6.025932788848878	1.0
chr9_113437775_A_G_b38	1	1.49204e-02	-2.508e-01	5.675e-02 -6.083535671234131	1.0
chr9_113501734_T_C_b38	1	1.12895e-02	-2.417e-01	5.276e-02 -6.046844482421875	1.0
chr9_113488538_G_A_b38	1	1.12895e-02	-2.417e-01	5.276e-02 -6.063793659210205	1.0
chr9_113510621_C_A_b38	1	1.12895e-02	-2.417e-01	5.276e-02 -6.056258201599121	1.0
chr9_113501124_C_T_b38	1	1.12895e-02	-2.417e-01	5.276e-02 -6.0467896461486825	1.0
chr9_113498732_C_T_b38	1	1.12895e-02	-2.417e-01	5.276e-02 -6.047301292419434	1.0
chr9_113500990_G_A_b38	1	1.12895e-02	-2.417e-01	5.276e-02 -6.0470967292785645	1.0
chr9_113510401_T_C_b38	1	1.12895e-02	-2.417e-01	5.276e-02 -6.056578636169434	1.0
chr9_113502467_C_T_b38	1	1.12895e-02	-2.417e-01	5.276e-02 -6.047041893005371	1.0
chr9_113498485_T_G_b38	1	1.12895e-02	-2.417e-01	5.276e-02 -6.047301292419434	1.0
chr9_113509145_C_T_b38	1	1.12895e-02	-2.417e-01	5.276e-02 -6.059393882751465	1.0
chr9_113502336_C_T_b38	1	1.12895e-02	-2.417e-01	5.276e-02 -6.047062397003174	1.0
chr9_113493868_C_G_b38	1	1.12895e-02	-2.417e-01	5.276e-02 -6.04526948928833	1.0
chr9_113508696_C_A_b38	1	1.12895e-02	-2.417e-01	5.276e-02 -6.059175968170166	1.0
chr9_113470337_G_A_b38	1	1.12895e-02	-2.417e-01	5.276e-02 -6.035879611968994	1.0
chr9_113474562_A_G_b38	1	1.12895e-02	-2.417e-01	5.276e-02 -6.037781715393066	1.0
chr9_113496275_G_A_b38	1	1.12895e-02	-2.417e-01	5.276e-02 -6.051145553588867	1.0
chr9_113501174_T_C_b38	1	1.12895e-02	-2.417e-01	5.276e-02 -6.046810626983643	1.0
chr9_113469226_G_A_b38	1	1.12895e-02	-2.417e-01	5.276e-02 -6.045952796936035	1.0
chr9_113466645_G_A_b38	1	1.12895e-02	-2.417e-01	5.276e-02 -6.046273231506348	1.0
chr9_113502808_T_C_b38	1	1.12895e-02	-2.417e-01	5.276e-02 -6.047335147857666	1.0
chr9_113482702_T_C_b38	1	1.08602e-02	-2.419e-01	5.293e-02 -6.067488193511963	1.0
chr9_113428889_A_G_b38	1	1.06018e-02	-2.289e-01	5.601e-02 -6.0518555641174325	1.0
chr9_113450961_C_A_b38	1	9.84471e-03	-2.347e-01	5.446e-02 -6.073884010314941	1.0
chr9_113459774_C_T_b38	1	9.59851e-03	-2.344e-01	5.446e-02 -6.082490921020508	1.0
chr9_113494393_T_C_b38	1	9.52470e-03	-2.399e-01	5.286e-02 -6.045146942138673	1.0
chr9_113460275_C_T_b38	1	9.51555e-03	-2.358e-01	5.478e-02 -6.083036422729492	1.0
chr9_113455552_G_A_b38	1	9.22541e-03	-2.346e-01	5.463e-02 -6.074687957763673	1.0
chr9_113454539_T_C_b38	1	9.22541e-03	-2.346e-01	5.463e-02 -6.074606418609619	1.0
chr9_113437747_G_C_b38	1	8.62257e-03	-2.353e-01	5.505e-02 -6.034550666809082	1.0
chr9_113587080_G_T_b38	1	7.95945e-03	-2.733e-01	5.568e-02 -6.09820032119751	1.0
chr9_113463458_CT_C_b38	1	7.08507e-03	-2.545e-01	5.685e-02 -5.9228184248760725	1.0
chr9_113484374_T_C_b38	1	6.99051e-03	-2.413e-01	5.402e-02 -6.045375267429298	1.0
chr9_113524189_T_C_b38	1	6.42867e-03	-2.557e-01	5.272e-02 -6.1208457946777335	1.0
chr9_113503522_G_T_b38	1	5.60514e-03	-2.509e-01	5.674e-02 -6.048034191131593	1.0
chr9_113505837_A_G_b38	1	5.60514e-03	-2.509e-01	5.674e-02 -6.04310417175293	1.0
chr9_113468940_G_C_b38	1	5.60514e-03	-2.509e-01	5.674e-02 -6.069753170013428	1.0
chr9_113406731_G_T_b38	1	4.66494e-03	-1.918e-01	5.448e-02 -6.0801634277297305	1.0
chr9_113517421_G_T_b38	1	3.95157e-03	-2.550e-01	5.375e-02 -6.133833408355713	1.0
chr9_113551686_TAAC_T_b38	1	3.93720e-03	-2.540e-01	5.341e-02 -6.16601606326317	1.0
chr9_113513295_T_TC_b38	1	3.71801e-03	-2.556e-01	5.390e-02 -6.045375267429298	1.0
chr9_113585832_A_G_b38	1	3.46400e-03	-2.539e-01	5.373e-02 -6.1200056076049805	1.0
chr9_113575479_G_A_b38	1	3.36589e-03	-2.499e-01	5.309e-02 -6.064863204956055	1.0
chr9_113547493_G_A_b38	1	2.99456e-03	-2.501e-01	5.333e-02 -6.1347174644470215	1.0
chr9_113548978_C_T_b38	1	2.99456e-03	-2.501e-01	5.333e-02 -6.134513854980469	1.0
chr9_113556316_C_A_b38	1	2.99456e-03	-2.501e-01	5.333e-02 -6.150016784667969	1.0
chr9_113557827_TA_T_b38	1	2.99456e-03	-2.501e-01	5.333e-02 -5.96773561837372	1.0
chr9_113555901_G_A_b38	1	2.99456e-03	-2.501e-01	5.333e-02 -6.148727416992188	1.0
chr9_113548713_C_T_b38	1	2.71737e-03	-2.491e-01	5.337e-02 -6.1347174644470215	1.0
chr9_113548795_C_T_b38	1	2.71737e-03	-2.491e-01	5.337e-02 -6.132739543914795	1.0
chr9_113497159_G_A_b38	1	2.71189e-03	-2.314e-01	5.456e-02 -6.0544257164001465	1.0
chr9_113474906_T_C_b38	1	2.71189e-03	-2.314e-01	5.456e-02 -6.050182819366455	1.0
chr9_113463287_C_G_b38	1	2.60426e-03	-2.315e-01	5.472e-02 -6.051490783691406	1.0
chr9_113496586_T_C_b38	1	2.60426e-03	-2.315e-01	5.472e-02 -6.055318832397461	1.0
chr9_113515683_C_A_b38	1	2.13187e-03	-2.435e-01	5.286e-02 -6.119114398956299	1.0
chr9_113535184_T_C_b38	1	2.06284e-03	-2.430e-01	5.284e-02 -6.132503986358643	1.0
chr9_113546520_C_T_b38	1	2.02533e-03	-2.644e-01	5.712e-02 -6.078206062316895	1.0
chr9_113512300_A_G_b38	1	1.96875e-03	-2.420e-01	5.276e-02 -6.116938591003418	1.0
chr9_113529110_C_T_b38	1	1.96875e-03	-2.420e-01	5.276e-02 -6.124805927276611	1.0
chr9_113521087_G_T_b38	1	1.96875e-03	-2.420e-01	5.276e-02 -6.125812530517577	1.0
chr9_113527636_C_G_b38	1	1.96875e-03	-2.420e-01	5.276e-02 -6.128187656402588	1.0
chr9_113524460_A_G_b38	1	1.96875e-03	-2.420e-01	5.276e-02 -6.115586280822754	1.0
chr9_113520026_C_T_b38	1	1.96875e-03	-2.420e-01	5.276e-02 -6.13340425491333	1.0
chr9_113515824_C_T_b38	1	1.96875e-03	-2.420e-01	5.276e-02 -6.118828773498535	1.0
chr9_113527137_G_A_b38	1	1.96875e-03	-2.420e-01	5.276e-02 -6.128187656402588	1.0
chr9_113517934_G_A_b38	1	1.96875e-03	-2.420e-01	5.276e-02 -6.118828773498535	1.0
chr9_113515108_C_T_b38	1	1.96875e-03	-2.420e-01	5.276e-02 -6.119114398956299	1.0
chr9_113526663_G_A_b38	1	1.96875e-03	-2.420e-01	5.276e-02 -6.1279358863830575	1.0
chr9_113524820_T_A_b38	1	1.96875e-03	-2.420e-01	5.276e-02 -6.121203422546388	1.0
chr9_113517924_T_C_b38	1	1.96875e-03	-2.420e-01	5.276e-02 -6.119080543518066	1.0
chr9_113520927_T_C_b38	1	1.96875e-03	-2.420e-01	5.276e-02 -6.119114398956299	1.0
chr9_113534875_C_T_b38	1	1.96875e-03	-2.420e-01	5.276e-02 -6.140408992767334	1.0
chr9_113511920_G_C_b38	1	1.96875e-03	-2.420e-01	5.276e-02 -6.116673469543457	1.0
chr9_113517600_T_C_b38	1	1.96875e-03	-2.420e-01	5.276e-02 -6.119114398956299	1.0
chr9_113526193_T_C_b38	1	1.96875e-03	-2.420e-01	5.276e-02 -6.120951652526856	1.0
chr9_113519834_G_A_b38	1	1.96875e-03	-2.420e-01	5.276e-02 -6.11890983581543	1.0
chr9_113514298_A_G_b38	1	1.96875e-03	-2.420e-01	5.276e-02 -6.116264343261719	1.0
chr9_113522613_C_G_b38	1	1.96875e-03	-2.420e-01	5.276e-02 -6.118828773498535	1.0
chr9_113513302_A_C_b38	1	1.96875e-03	-2.420e-01	5.276e-02 -6.049651664598884	1.0
chr9_113532237_C_T_b38	1	1.96875e-03	-2.420e-01	5.276e-02 -6.140408992767334	1.0
chr9_113526495_C_T_b38	1	1.96875e-03	-2.420e-01	5.276e-02 -6.128187656402588	1.0
chr9_113523149_T_C_b38	1	1.96875e-03	-2.420e-01	5.276e-02 -6.120951652526856	1.0
chr9_113517823_C_T_b38	1	1.96875e-03	-2.420e-01	5.276e-02 -6.112978458404541	1.0
chr9_113530737_C_G_b38	1	1.96875e-03	-2.420e-01	5.276e-02 -6.128098487854004	1.0
chr9_113582368_G_A_b38	1	1.94650e-03	-2.411e-01	5.260e-02 -6.092329025268555	1.0
chr9_113506144_A_G_b38	1	1.88490e-03	-2.284e-01	5.508e-02 -6.046267509460449	1.0
chr9_113551302_A_C_b38	1	1.80330e-03	-2.429e-01	5.318e-02 -6.136664390563965	1.0
chr9_113532378_AAG_A_b38	1	1.74654e-03	-2.412e-01	5.292e-02 -6.109491757771188	1.0
chr9_113533216_G_A_b38	1	1.63779e-03	-2.411e-01	5.308e-02 -6.140694618225098	1.0
chr9_113581933_G_A_b38	1	1.53981e-03	-2.409e-01	5.320e-02 -6.03542423248291	1.0
chr9_113516420_C_T_b38	1	1.52925e-03	-2.423e-01	5.352e-02 -6.118739604949951	1.0
chr9_113599806_A_C_b38	1	1.50342e-03	-2.749e-01	6.029e-02 -4.44315242767334	1.0
chr9_113515960_G_A_b38	1	1.50165e-03	-2.394e-01	5.295e-02 -6.14789628982544	1.0
chr9_113540535_C_T_b38	1	1.49555e-03	-2.390e-01	5.287e-02 -6.124981880187987	1.0
chr9_113560506_C_T_b38	1	1.49555e-03	-2.390e-01	5.287e-02 -6.093657493591309	1.0
chr9_113579077_AC_A_b38	1	1.49555e-03	-2.390e-01	5.287e-02 -6.049651664598884	1.0
chr9_113578836_T_C_b38	1	1.49555e-03	-2.390e-01	5.287e-02 -6.087724208831787	1.0
chr9_113571234_A_G_b38	1	1.49555e-03	-2.390e-01	5.287e-02 -6.0627689361572275	1.0
chr9_113554120_A_G_b38	1	1.49555e-03	-2.390e-01	5.287e-02 -6.106433868408202	1.0
chr9_113543709_A_G_b38	1	1.49555e-03	-2.390e-01	5.287e-02 -6.091946601867676	1.0
chr9_113580764_G_A_b38	1	1.49555e-03	-2.390e-01	5.287e-02 -6.092119693756104	1.0
chr9_113581368_G_A_b38	1	1.49555e-03	-2.390e-01	5.287e-02 -6.0884552001953125	1.0
chr9_113567706_T_C_b38	1	1.49555e-03	-2.390e-01	5.287e-02 -6.062033176422119	1.0
chr9_113578722_T_G_b38	1	1.49555e-03	-2.390e-01	5.287e-02 -6.063187122344972	1.0
chr9_113544537_C_T_b38	1	1.49555e-03	-2.390e-01	5.287e-02 -6.090492248535156	1.0
chr9_113547138_G_T_b38	1	1.49555e-03	-2.390e-01	5.287e-02 -6.0901851654052725	1.0
chr9_113572247_T_C_b38	1	1.49555e-03	-2.390e-01	5.287e-02 -6.0680179595947275	1.0
chr9_113561455_C_T_b38	1	1.49555e-03	-2.390e-01	5.287e-02 -6.0871405601501465	1.0
chr9_113565773_A_G_b38	1	1.49555e-03	-2.390e-01	5.287e-02 -6.0615553855896	1.0
chr9_113564879_C_T_b38	1	1.49555e-03	-2.390e-01	5.287e-02 -6.048842906951903	1.0
chr9_113574502_G_A_b38	1	1.49555e-03	-2.390e-01	5.287e-02 -6.069709300994872	1.0
chr9_113557514_T_C_b38	1	1.49555e-03	-2.390e-01	5.287e-02 -6.106549263000487	1.0
chr9_113542672_G_A_b38	1	1.49555e-03	-2.390e-01	5.287e-02 -6.0832295417785645	1.0
chr9_113571031_T_C_b38	1	1.49555e-03	-2.390e-01	5.287e-02 -6.0599236488342285	1.0
chr9_113564608_T_C_b38	1	1.49555e-03	-2.390e-01	5.287e-02 -6.061521053314209	1.0
chr9_113566844_T_C_b38	1	1.49555e-03	-2.390e-01	5.287e-02 -6.061896324157715	1.0
chr9_113540696_G_T_b38	1	1.49555e-03	-2.390e-01	5.287e-02 -6.0904579162597665	1.0
chr9_113561054_T_C_b38	1	1.49555e-03	-2.390e-01	5.287e-02 -6.085250854492188	1.0
chr9_113564596_C_T_b38	1	1.49555e-03	-2.390e-01	5.287e-02 -6.0615553855896	1.0
chr9_113571129_C_T_b38	1	1.49555e-03	-2.390e-01	5.287e-02 -6.04848051071167	1.0
chr9_113564698_T_C_b38	1	1.49555e-03	-2.390e-01	5.287e-02 -6.0614871978759775	1.0
chr9_113567753_T_G_b38	1	1.49555e-03	-2.390e-01	5.287e-02 -6.062251091003418	1.0
chr9_113557380_A_G_b38	1	1.49555e-03	-2.390e-01	5.287e-02 -6.122702598571777	1.0
chr9_113538487_G_A_b38	1	1.49555e-03	-2.390e-01	5.287e-02 -6.112846374511719	1.0
chr9_113578291_G_T_b38	1	1.49555e-03	-2.390e-01	5.287e-02 -6.062838554382324	1.0
chr9_113554926_C_G_b38	1	1.49555e-03	-2.390e-01	5.287e-02 -6.106433868408202	1.0
chr9_113563612_G_C_b38	1	1.49555e-03	-2.390e-01	5.287e-02 -6.061657428741455	1.0
chr9_113559415_G_A_b38	1	1.49555e-03	-2.390e-01	5.287e-02 -6.093418598175049	1.0
chr9_113566670_T_C_b38	1	1.49555e-03	-2.390e-01	5.287e-02 -6.0615553855896	1.0
chr9_113583191_T_C_b38	1	1.49555e-03	-2.390e-01	5.287e-02 -6.094278335571289	1.0
chr9_113540784_G_A_b38	1	1.49555e-03	-2.390e-01	5.287e-02 -6.090492248535156	1.0
chr9_113559564_A_G_b38	1	1.49555e-03	-2.390e-01	5.287e-02 -6.093657493591309	1.0
chr9_113543532_G_A_b38	1	1.49555e-03	-2.390e-01	5.287e-02 -6.089694499969482	1.0
chr9_113569891_T_C_b38	1	1.49555e-03	-2.390e-01	5.287e-02 -6.048293113708496	1.0
chr9_113559700_G_A_b38	1	1.49555e-03	-2.390e-01	5.287e-02 -6.0842247009277335	1.0
chr9_113574294_C_T_b38	1	1.49555e-03	-2.390e-01	5.287e-02 -6.056159496307372	1.0
chr9_113567128_A_G_b38	1	1.49555e-03	-2.390e-01	5.287e-02 -6.0615553855896	1.0
chr9_113577070_G_A_b38	1	1.49555e-03	-2.390e-01	5.287e-02 -6.04529333114624	1.0
chr9_113572007_A_G_b38	1	1.49555e-03	-2.390e-01	5.287e-02 -6.0630760192871085	1.0
chr9_113522803_T_C_b38	1	1.49058e-03	-2.396e-01	5.300e-02 -6.120951652526856	1.0
chr9_113568652_C_T_b38	1	1.36023e-03	-2.379e-01	5.290e-02 -6.062251091003418	1.0
chr9_113541885_G_A_b38	1	1.35929e-03	-2.379e-01	5.290e-02 -6.0911192893981925	1.0
chr9_113586371_A_G_b38	1	1.34896e-03	-2.376e-01	5.286e-02 -6.097064971923827	1.0
chr9_113576096_G_T_b38	1	1.29118e-03	-2.414e-01	5.383e-02 -6.049651664598884	1.0
chr9_113551074_T_C_b38	1	1.27856e-03	-2.402e-01	5.330e-02 -6.137755393981934	1.0
chr9_113551955_T_A_b38	1	1.24602e-03	-2.373e-01	5.303e-02 -6.091289520263673	1.0
chr9_113062662_A_T_b38	2	3.97257e-02	-1.716e-01	3.612e-02 -0.5956078912999689	1.0
chr9_113058239_G_A_b38	2	2.96752e-02	-1.695e-01	3.615e-02 -0.39219099283218384	1.0
chr9_113096943_A_G_b38	2	9.01363e-03	-1.603e-01	3.587e-02 -0.5763860940933228	1.0
chr9_113088882_C_T_b38	2	7.74551e-03	-1.539e-01	3.457e-02 -0.2093241333552518	1.0
chr9_113056970_C_T_b38	2	6.24248e-03	-1.590e-01	3.619e-02 -0.3654078543186188	1.0
chr9_113062843_A_G_b38	2	3.16554e-03	-1.474e-01	3.454e-02 -0.5587160717635028	1.0
chr9_113062528_C_G_b38	2	2.91570e-04	-1.399e-01	3.582e-02 -0.6510045623358087	1.0
chr9_113133055_A_G_b38	2	1.65958e-04	-1.342e-01	3.549e-02 -0.9753851890563964	1.0
chr9_113131960_G_A_b38	2	1.45922e-04	-1.329e-01	3.548e-02 -1.0338588953018188	1.0
chr9_113111981_C_T_b38	2	1.32857e-04	-1.304e-01	3.505e-02 -0.8643776178359985	1.0
chr9_113129848_C_T_b38	2	1.30833e-04	-1.325e-01	3.566e-02 -0.9973827600479126	1.0
chr9_113112891_A_G_b38	2	6.99621e-05	-1.299e-01	3.571e-02 -0.7630859384679779	1.0
chr9_113112898_G_T_b38	2	5.48215e-05	-1.275e-01	3.573e-02 -0.7630859384679779	1.0
chr9_113112899_CCAGGA_C_b38	2	5.48215e-05	-1.275e-01	3.573e-02 -0.7630859384679779	1.0
chr9_113112920_C_T_b38	2	5.48215e-05	-1.275e-01	3.573e-02 -0.7254306523049596	1.0
chr9_113112906_CAGAGAGCAAGGGA_C_b38	2	5.48215e-05	-1.275e-01	3.573e-02 -0.7630859384679779	1.0
chr9_113431651_AT_A_b38	3	6.10753e-04	-1.512e-01	4.561e-02 -5.2289095186122285	1.0
chr9_113410739_A_G_b38	3	5.90928e-04	6.506e-02	7.444e-02 -0.2824293148065467	1.0
chr9_113410387_T_C_b38	3	5.68374e-04	6.111e-02	7.446e-02 -0.23018234968185425	1.0
chr9_113410926_G_A_b38	3	5.68374e-04	6.111e-02	7.446e-02 -0.2296326756477356	1.0
chr9_113410901_T_A_b38	3	5.68374e-04	6.111e-02	7.446e-02 -0.2304510921239853	1.0
chr9_113414767_C_CA_b38	3	2.99819e-04	-1.108e-01	4.229e-02 -4.716282140012188	1.0
chr9_113457153_G_A_b38	3	2.74678e-04	-1.523e-01	4.538e-02 -5.079775333404541	1.0
chr9_113411339_C_T_b38	3	1.66566e-04	6.464e-02	7.471e-02 -0.2444315403699875	1.0
chr9_113411429_G_C_b38	3	1.66389e-04	6.454e-02	7.468e-02 -0.2433331757783889	1.0
chr9_113451778_G_A_b38	3	1.61130e-04	-1.444e-01	4.546e-02 -5.07122278213501	1.0
chr9_113426445_G_T_b38	3	1.12933e-04	-1.150e-01	4.246e-02 -4.433978080749512	1.0
chr9_113411703_G_A_b38	3	7.93224e-05	7.387e-02	7.430e-02 -0.24090318381786344	1.0
chr9_113412130_A_G_b38	3	6.96779e-05	7.152e-02	7.431e-02 -0.2477723360061645	1.0
chr9_113412797_C_A_b38	3	6.96779e-05	7.152e-02	7.431e-02 -0.2975943088531494	1.0
chr9_113409043_G_A_b38	3	6.19058e-05	6.626e-02	7.383e-02 -0.3412603735923767	1.0
chr9_113408995_G_A_b38	3	6.19058e-05	6.626e-02	7.383e-02 -0.3413879871368408	1.0
chr9_113409423_A_T_b38	3	5.86157e-05	6.030e-02	7.423e-02 -0.3409908711910248	1.0
chr9_113405962_G_C_b38	3	4.30924e-05	9.077e-02	7.429e-02 -0.326838880777359	1.0
chr9_113413283_C_A_b38	3	4.22855e-05	8.156e-02	7.488e-02 -0.29418107867240906	1.0
chr9_113414432_G_A_b38	3	4.12204e-05	7.918e-02	7.443e-02 -0.2374730706214905	1.0
chr9_113406788_G_A_b38	3	2.79108e-05	7.262e-02	7.442e-02 -0.3329710364341736	1.0
chr9_113407452_TA_T_b38	3	2.72171e-05	7.013e-02	7.383e-02 -0.2824293148065467	1.0
chr9_113419619_G_GAGTTATA_b38	3	1.91273e-05	7.703e-02	7.439e-02 -0.2824293148065467	1.0
chr9_113419806_T_A_b38	3	1.91273e-05	7.703e-02	7.439e-02 -0.18283475935459131	1.0
chr9_113420619_A_C_b38	3	1.91273e-05	7.703e-02	7.439e-02 -0.17148377001285553	1.0
chr9_113420603_A_AG_b38	3	1.91273e-05	7.703e-02	7.439e-02 -0.2824293148065467	1.0
chr9_113419620_C_T_b38	3	1.91273e-05	7.703e-02	7.439e-02 -0.2824293148065467	1.0
chr9_113418293_A_G_b38	3	1.91273e-05	7.703e-02	7.439e-02 -0.20527563989162445	1.0
chr9_113419463_G_A_b38	3	1.86984e-05	7.496e-02	7.440e-02 -0.18734918534755707	1.0
chr9_113417085_G_A_b38	3	1.83680e-05	7.329e-02	7.441e-02 -0.21434415876865387	1.0
chr9_113397865_T_A_b38	3	1.12969e-05	8.530e-02	7.614e-02 -0.16138975092228264	1.0
chr9_113397580_G_A_b38	3	1.10145e-05	8.362e-02	7.753e-02 0.8584129214286804	1.0
