chr3_113110314_G_C_b38	1	2.61251e-01	-7.152e-01	7.841e-02 7.067592144012451	1.0
chr3_113110595_G_A_b38	1	2.61251e-01	-7.152e-01	7.841e-02 7.088467121124268	1.0
chr3_113110550_T_C_b38	1	2.61251e-01	-7.152e-01	7.841e-02 7.078154563903809	1.0
chr3_113108538_T_C_b38	1	6.21253e-02	-7.062e-01	7.956e-02 7.150918960571289	1.0
chr3_113109431_G_T_b38	1	5.06213e-02	-7.056e-01	7.938e-02 7.155947685241699	1.0
chr3_113107834_C_T_b38	1	5.06213e-02	-7.056e-01	7.938e-02 7.213791847229004	1.0
chr3_113106726_A_G_b38	1	5.06213e-02	-7.056e-01	7.938e-02 7.173404216766357	1.0
chr3_113019778_C_T_b38	2	2.44601e-01	-2.757e-01	8.425e-02 -1.7619935274124146	1.0
chr3_113019471_C_T_b38	2	1.79321e-01	-2.611e-01	8.278e-02 -1.132558822631836	1.0
chr3_113021298_C_T_b38	2	4.38675e-02	-2.799e-01	8.509e-02 -1.763777494430542	1.0
chr3_113016511_G_A_b38	2	1.49201e-02	3.030e-01	1.009e-01 2.0875802040100098	1.0
chr3_113018940_A_G_b38	2	1.14479e-02	-2.095e-01	8.694e-02 -1.0891358852386477	1.0
chr3_113014633_A_G_b38	2	8.74719e-03	-2.690e-01	9.464e-02 -2.636829137802124	1.0
chr3_113016439_TAAGA_T_b38	2	4.78609e-03	-2.194e-01	8.322e-02 -1.2644018837965725	1.0
chr3_113012998_A_G_b38	2	4.62592e-03	-2.805e-01	9.912e-02 -2.0959925651550293	1.0
chr3_112986826_C_G_b38	2	3.27019e-03	-2.708e-01	8.093e-02 -1.874920129776001	1.0
chr3_113014557_G_A_b38	2	3.23554e-03	-2.133e-01	8.696e-02 -1.1102571487426758	1.0
chr3_112989438_C_A_b38	2	3.01864e-03	-2.679e-01	8.066e-02 -1.9406554698944087	1.0
chr3_113010921_A_T_b38	2	2.57942e-03	-2.194e-01	8.322e-02 -1.0011817216873171	1.0
chr3_113011918_T_C_b38	3	2.02640e-03	-3.050e-01	1.440e-01 -1.3499201536178589	1.0
chr3_113074908_C_A_b38	3	1.01401e-04	-2.395e-01	1.191e-01 -1.0771335363388062	1.0
