chr11_207359_C_CGGCCACAGCCGCCTCAGACGT_b38	1	9.99872e-01	-2.485e-01	2.999e-02 5.701953202096021	1.0
chr11_207275_C_G_b38	2	4.98907e-01	-2.776e-01	4.336e-02 4.0433783531188965	1.0
chr11_207410_C_T_b38	2	4.98907e-01	-2.776e-01	4.336e-02 4.0628299713134775	1.0
chr11_207254_CG_C_b38	2	1.33948e-03	-2.600e-01	7.326e-02 4.01843375886413	1.0
chr11_223119_T_C_b38	3	9.94490e-01	-2.164e-01	3.988e-02 -1.929134011268616	1.0
chr11_207400_A_G_b38	4	2.57640e-02	6.414e-02	3.265e-02 3.472254991531372	1.0
chr11_207462_A_G_b38	4	2.12356e-02	5.592e-02	2.944e-02 3.89315128326416	1.0
chr11_205198_C_A_b38	4	1.09981e-02	6.850e-02	2.986e-02 3.85608983039856	1.0
chr11_202253_G_A_b38	4	2.59671e-03	6.994e-02	3.183e-02 5.526405811309815	1.0
chr11_206986_CGA_C_b38	5	5.91639e-04	2.561e-02	6.367e-02 -0.4020465369278627	1.0
chr11_211841_T_C_b38	5	6.22196e-05	1.092e-02	5.348e-02 -0.13303302228450775	1.0
chr11_211482_C_T_b38	5	6.05358e-05	4.601e-03	5.314e-02 -0.2924551367759705	1.0
