chr19_43580251_G_A_b38	1	3.08623e-01	1.718e-01	3.594e-02 7.2906126976013175	1.0
chr19_43583574_C_G_b38	1	8.22854e-02	1.727e-01	3.497e-02 7.292532444000244	1.0
chr19_43578398_C_A_b38	1	5.61915e-02	1.713e-01	3.617e-02 7.245827198028564	1.0
chr19_43578277_C_A_b38	1	5.61915e-02	1.713e-01	3.617e-02 7.2407188415527335	1.0
chr19_43581675_C_T_b38	1	5.09488e-02	1.713e-01	3.617e-02 7.288818836212157	1.0
chr19_43577584_T_G_b38	1	4.55152e-02	1.735e-01	3.597e-02 7.246121406555176	1.0
chr19_43574316_T_G_b38	1	4.52972e-02	1.767e-01	3.552e-02 7.268715858459473	1.0
chr19_43565589_T_A_b38	1	3.96666e-02	1.825e-01	3.529e-02 7.252719402313232	1.0
chr19_43564554_T_C_b38	1	3.96666e-02	1.825e-01	3.529e-02 7.250791072845459	1.0
chr19_43558535_G_A_b38	1	3.71352e-02	1.826e-01	3.556e-02 7.445706844329834	1.0
chr19_43571109_TCA_T_b38	1	3.38723e-02	1.721e-01	3.541e-02 7.168867497227353	1.0
chr19_43564249_G_A_b38	1	3.00915e-02	1.803e-01	3.558e-02 7.26315975189209	1.0
chr19_43570060_A_G_b38	1	2.31375e-02	1.740e-01	3.530e-02 7.349050045013428	1.0
chr19_43568381_C_T_b38	1	2.00298e-02	1.775e-01	3.628e-02 7.2872676849365225	1.0
chr19_43567861_G_T_b38	1	2.00298e-02	1.775e-01	3.628e-02 7.248978137969972	1.0
chr19_43564041_C_T_b38	1	1.98237e-02	1.771e-01	3.624e-02 7.26061201095581	1.0
chr19_43567108_C_A_b38	1	1.62367e-02	1.712e-01	3.567e-02 7.326446533203125	1.0
chr19_43533218_C_G_b38	1	1.09354e-02	1.806e-01	3.664e-02 7.417213439941406	1.0
chr19_43546814_T_C_b38	1	1.09354e-02	1.806e-01	3.664e-02 7.404145240783691	1.0
chr19_43549390_G_A_b38	1	1.09354e-02	1.806e-01	3.664e-02 7.436112880706787	1.0
chr19_43536845_T_C_b38	1	1.09354e-02	1.806e-01	3.664e-02 7.41765022277832	1.0
chr19_43540396_C_T_b38	1	1.04782e-02	1.800e-01	3.659e-02 7.38478422164917	1.0
chr19_43541349_C_T_b38	1	1.04782e-02	1.800e-01	3.659e-02 7.395325183868407	1.0
chr19_43562442_AT_A_b38	1	5.35932e-03	1.656e-01	3.703e-02 7.101262546762499	1.0
chr19_43541393_A_G_b38	2	1.39752e-01	-1.148e-01	2.568e-02 3.020727634429932	1.0
chr19_43541825_C_T_b38	2	1.39752e-01	-1.148e-01	2.568e-02 3.0252068042755127	1.0
chr19_43578639_T_C_b38	2	9.74534e-02	9.467e-02	2.604e-02 -2.9248502254486084	1.0
chr19_43551574_T_C_b38	2	9.15456e-02	-1.124e-01	2.575e-02 2.999972105026245	1.0
chr19_43577449_G_C_b38	2	7.01324e-02	9.606e-02	2.602e-02 -2.88377332687378	1.0
chr19_43530194_A_C_b38	2	3.50894e-02	-1.127e-01	2.550e-02 2.975736379623413	1.0
chr19_43583372_G_A_b38	2	2.67379e-02	8.962e-02	2.628e-02 -2.9590451717376713	1.0
chr19_43541325_G_T_b38	2	2.06830e-02	-1.007e-01	2.516e-02 3.0185225009918213	1.0
chr19_43568650_G_A_b38	2	1.73912e-02	9.547e-02	2.598e-02 -2.8661978244781494	1.0
chr19_43561236_C_T_b38	2	1.60727e-02	9.023e-02	2.460e-02 -3.3561491966247563	1.0
chr19_43554989_G_T_b38	2	1.27688e-02	9.806e-02	2.519e-02 -3.0461905002593994	1.0
chr19_43534154_T_C_b38	2	1.12300e-02	-9.764e-02	2.527e-02 3.0084750652313232	1.0
chr19_43559365_C_A_b38	2	1.11099e-02	9.292e-02	2.602e-02 -2.774482727050781	1.0
chr19_43526846_C_T_b38	2	9.52486e-03	-1.094e-01	2.648e-02 2.7820074558258057	1.0
chr19_43521083_T_A_b38	2	8.66570e-03	-1.094e-01	2.663e-02 2.844576835632324	1.0
chr19_43500955_T_C_b38	2	8.43652e-03	-1.080e-01	2.637e-02 2.8597373962402344	1.0
chr19_43500267_T_C_b38	2	7.16400e-03	-1.076e-01	2.649e-02 2.8110785484313965	1.0
chr19_43508728_A_G_b38	2	7.16400e-03	-1.076e-01	2.649e-02 2.8100647926330566	1.0
chr19_43500414_A_G_b38	2	5.88083e-03	-1.074e-01	2.668e-02 2.8536911010742188	1.0
chr19_43521303_T_C_b38	2	1.53156e-03	-1.005e-01	2.582e-02 2.8205790519714355	1.0
chr19_43521049_T_C_b38	2	1.53156e-03	-1.005e-01	2.582e-02 2.8202366828918457	1.0
chr19_43523238_T_C_b38	2	1.45223e-03	-1.011e-01	2.604e-02 2.858321189880371	1.0
chr19_43508457_T_C_b38	2	1.18018e-03	-9.818e-02	2.573e-02 2.8193399906158447	1.0
chr19_43517614_A_T_b38	2	1.18018e-03	-9.818e-02	2.573e-02 2.8576438426971436	1.0
chr19_43513773_A_G_b38	2	1.18018e-03	-9.818e-02	2.573e-02 2.852468729019165	1.0
chr19_43502860_G_A_b38	2	8.57947e-04	-9.636e-02	2.587e-02 2.745483636856079	1.0
chr19_43502996_TA_T_b38	2	8.57947e-04	-9.636e-02	2.587e-02 2.97310607001499	1.0
chr19_43503007_A_T_b38	2	8.57947e-04	-9.636e-02	2.587e-02 2.97310607001499	1.0
chr19_43503009_TA_T_b38	2	8.57947e-04	-9.636e-02	2.587e-02 2.97310607001499	1.0
chr19_43509108_G_A_b38	2	8.57947e-04	-9.636e-02	2.587e-02 2.86691689491272	1.0
chr19_43502998_GATCTGT_G_b38	2	8.57947e-04	-9.636e-02	2.587e-02 2.97310607001499	1.0
chr19_43520790_G_T_b38	2	7.02704e-04	-1.031e-01	2.832e-02 2.815741539001465	1.0
chr19_43580520_G_C_b38	3	1.47129e-02	1.005e-01	6.838e-02 -1.7853641510009766	1.0
chr19_43579630_G_GGTTCAC_b38	3	3.12372e-03	1.021e-01	6.840e-02 -1.8633673287722563	1.0
chr19_43582803_T_G_b38	3	7.59623e-04	1.002e-01	6.833e-02 -1.8131513595581052	1.0
