chr19_43475287_T_C_b38	1	9.99616e-01	3.481e-01	6.962e-02 3.593916654586792	1.0
chr19_43470726_TCTC_T_b38	2	2.80991e-01	2.398e-01	5.175e-02 0.4155579676557978	1.0
chr19_43502664_C_CA_b38	2	1.35201e-01	1.814e-01	4.833e-02 -0.4242493894824303	1.0
chr19_43472309_T_C_b38	2	1.09606e-01	2.316e-01	5.201e-02 0.6786872148513794	1.0
chr19_43464117_A_G_b38	2	1.02847e-01	2.371e-01	5.337e-02 0.7214088439941406	1.0
chr19_43471711_CTG_C_b38	2	9.61882e-02	2.289e-01	5.175e-02 0.4366265212298944	1.0
chr19_43512988_G_A_b38	2	8.68122e-02	1.856e-01	4.773e-02 -0.4096245765686035	1.0
chr19_43487681_C_T_b38	2	6.50999e-02	2.116e-01	5.201e-02 0.25493693351745605	1.0
chr19_43495047_G_A_b38	2	5.24664e-02	1.827e-01	4.801e-02 -0.4048823714256287	1.0
chr19_43517907_G_A_b38	2	2.55607e-02	1.859e-01	4.800e-02 -0.4150747954845429	1.0
chr19_43492580_G_A_b38	2	1.19542e-02	1.759e-01	4.681e-02 -0.39064958691596985	1.0
chr19_43543164_C_T_b38	3	6.45409e-01	2.188e-01	4.905e-02 6.963157925275343	1.0
chr19_43501293_C_T_b38	3	3.20990e-02	1.450e-01	4.567e-02 6.597778797149657	1.0
chr19_43551093_G_A_b38	3	2.03277e-02	1.602e-01	4.324e-02 7.255998611450195	1.0
chr19_43549390_G_A_b38	3	9.81988e-03	1.496e-01	4.281e-02 7.436112880706787	1.0
chr19_43541349_C_T_b38	3	8.99219e-03	1.479e-01	4.263e-02 7.395325183868407	1.0
chr19_43540396_C_T_b38	3	8.99219e-03	1.479e-01	4.263e-02 7.38478422164917	1.0
chr19_43546814_T_C_b38	3	6.18531e-03	1.434e-01	4.271e-02 7.404145240783691	1.0
chr19_43536845_T_C_b38	3	5.91705e-03	1.428e-01	4.270e-02 7.41765022277832	1.0
chr19_43487175_T_G_b38	4	1.67074e-01	-2.407e-01	6.411e-02 -2.3952364921569824	1.0
chr19_43527989_G_A_b38	5	1.07942e-02	-1.762e-01	4.854e-02 2.5504064559936523	1.0
chr19_43536101_A_G_b38	5	9.06433e-03	-2.093e-01	5.448e-02 2.4474425315856934	1.0
chr19_43549765_C_G_b38	5	9.06433e-03	-2.093e-01	5.448e-02 2.3392727375030518	1.0
chr19_43511173_A_C_b38	5	6.96114e-03	-1.562e-01	4.793e-02 2.6064131259918213	1.0
chr19_43499033_A_G_b38	5	5.69981e-03	-1.540e-01	4.778e-02 2.617339611053467	1.0
chr19_43553422_G_A_b38	5	5.06600e-03	-1.975e-01	5.358e-02 2.5105817317962646	1.0
chr19_43553896_G_A_b38	5	5.06600e-03	-1.975e-01	5.358e-02 2.473660945892334	1.0
chr19_43574076_ATTATT_A_b38	5	3.73638e-03	-2.149e-01	5.478e-02 2.3589179365918564	1.0
chr19_43495843_G_A_b38	5	3.68471e-03	-1.498e-01	4.788e-02 2.6153652667999268	1.0
chr19_43527218_C_T_b38	5	1.98548e-03	-1.561e-01	4.757e-02 2.5275840759277344	1.0
chr19_43547432_C_T_b38	5	1.83506e-03	-1.885e-01	5.331e-02 2.4928102493286133	1.0
chr19_43491087_C_T_b38	5	1.83421e-03	-1.541e-01	4.780e-02 2.630934238433838	1.0
chr19_43542576_T_C_b38	5	1.63157e-03	-1.861e-01	5.312e-02 2.545159339904785	1.0
chr19_43538047_A_G_b38	5	1.63157e-03	-1.861e-01	5.312e-02 2.517184972763061	1.0
chr19_43534795_G_A_b38	5	1.63157e-03	-1.861e-01	5.312e-02 2.514532804489136	1.0
chr19_43549744_G_GGTCTC_b38	5	1.63157e-03	-1.861e-01	5.312e-02 2.4151387089700926	1.0
chr19_43545709_G_T_b38	5	1.03174e-03	-1.830e-01	5.335e-02 2.4828734397888184	1.0
chr19_43499065_T_A_b38	5	8.60918e-04	-1.220e-01	4.268e-02 2.633321046829224	1.0
chr19_43488685_C_T_b38	5	8.17551e-04	-1.452e-01	4.801e-02 2.640007972717285	1.0
chr19_43428364_A_G_b38	6	1.91255e-03	1.994e-01	5.129e-02 -0.9491928815841676	1.0
chr19_43428356_C_G_b38	6	4.31310e-04	1.832e-01	5.037e-02 -0.9430419802665708	1.0
chr19_43428029_C_A_b38	6	1.11582e-04	1.720e-01	4.911e-02 -0.9471654891967772	1.0
chr19_43428126_C_T_b38	6	9.24679e-05	1.710e-01	4.912e-02 -0.963873028755188	1.0
chr19_43428395_C_T_b38	6	2.81383e-05	1.659e-01	4.953e-02 -0.9000588655471802	1.0
chr19_43428005_C_A_b38	6	2.65778e-05	1.637e-01	4.915e-02 -0.9576157927513124	1.0
chr19_43428039_C_A_b38	6	2.53540e-05	1.629e-01	4.914e-02 -0.9134106040000916	1.0
