chr6_56955365_G_A_b38	1	9.79473e-01	3.676e-01	6.966e-02 4.104846477508545	1.0
chr6_56976601_G_A_b38	1	2.04426e-02	3.645e-01	6.765e-02 4.115256786346436	1.0
chr6_56955450_A_G_b38	2	2.90863e-01	-3.459e-01	7.982e-02 -4.69063663482666	1.0
chr6_56955607_C_G_b38	2	2.90863e-01	-3.459e-01	7.982e-02 -4.690239429473877	1.0
chr6_56954048_G_C_b38	2	5.76486e-02	-3.461e-01	7.950e-02 -4.65214204788208	1.0
chr6_56950356_T_A_b38	2	3.29653e-02	-3.461e-01	7.898e-02 -4.630312442779541	1.0
chr6_56950509_A_G_b38	2	3.29653e-02	-3.461e-01	7.898e-02 -4.631622791290283	1.0
chr6_56949777_A_C_b38	2	1.97148e-02	-3.460e-01	7.886e-02 -4.630831718444824	1.0
chr6_56948841_G_A_b38	2	1.97148e-02	-3.460e-01	7.886e-02 -4.628415584564209	1.0
chr6_56958627_T_C_b38	2	1.88087e-02	-3.295e-01	7.909e-02 -4.72171688079834	1.0
chr6_56958303_G_C_b38	2	1.88087e-02	-3.295e-01	7.909e-02 -4.71430253982544	1.0
chr6_56958200_C_G_b38	2	1.88087e-02	-3.295e-01	7.909e-02 -4.680129051208496	1.0
chr6_56963138_T_A_b38	2	1.21226e-02	-3.297e-01	7.883e-02 -4.721938610076903	1.0
chr6_56947919_T_C_b38	2	1.08626e-02	-3.312e-01	7.706e-02 -4.638886251359018	1.0
chr6_56966849_C_T_b38	2	1.02081e-02	-3.473e-01	7.721e-02 -4.723491191864014	1.0
chr6_56973686_A_G_b38	2	1.02081e-02	-3.473e-01	7.721e-02 -4.743005752563477	1.0
chr6_56977477_T_G_b38	2	1.02081e-02	-3.473e-01	7.721e-02 -4.756999492645264	1.0
chr6_56978917_C_T_b38	2	1.02081e-02	-3.473e-01	7.721e-02 -4.762641906738281	1.0
chr6_56976474_C_T_b38	2	1.02081e-02	-3.473e-01	7.721e-02 -4.754563331604004	1.0
chr6_56967910_T_C_b38	2	1.02081e-02	-3.473e-01	7.721e-02 -4.719544887542725	1.0
chr6_56977965_G_C_b38	2	1.02081e-02	-3.473e-01	7.721e-02 -4.757781028747559	1.0
chr6_56976297_G_A_b38	2	1.02081e-02	-3.473e-01	7.721e-02 -4.752212524414063	1.0
chr6_56946326_G_A_b38	2	9.27801e-03	3.329e-01	7.830e-02 4.676410675048828	1.0
chr6_56947412_A_T_b38	2	9.27801e-03	-3.329e-01	7.830e-02 -4.707077503204347	1.0
chr6_56969387_G_A_b38	2	6.96094e-03	-3.264e-01	7.416e-02 -4.716901779174805	1.0
chr6_56945741_G_A_b38	2	6.60664e-03	3.296e-01	7.920e-02 4.662323474884033	1.0
chr6_56965751_G_T_b38	2	5.67294e-03	-3.332e-01	7.679e-02 -4.710829734802246	1.0
chr6_56968685_G_A_b38	2	5.65399e-03	-3.316e-01	7.650e-02 -4.730092525482178	1.0
chr6_56966734_T_C_b38	2	5.65399e-03	-3.316e-01	7.650e-02 -4.722201347351074	1.0
chr6_56944074_G_A_b38	2	5.04510e-03	3.333e-01	7.781e-02 4.654853343963623	1.0
chr6_56943919_C_T_b38	2	5.04510e-03	3.333e-01	7.781e-02 4.67185640335083	1.0
chr6_56944524_A_G_b38	2	5.04510e-03	3.333e-01	7.781e-02 4.658578395843506	1.0
chr6_57002239_C_T_b38	2	3.64243e-03	-3.482e-01	7.580e-02 -4.618144035339356	1.0
chr6_56989608_TC_T_b38	2	3.64243e-03	-3.482e-01	7.580e-02 -4.638886251359018	1.0
chr6_56986959_T_C_b38	2	3.64243e-03	-3.482e-01	7.580e-02 -4.6194915771484375	1.0
chr6_57004631_G_A_b38	2	3.64243e-03	-3.482e-01	7.580e-02 -4.601901054382324	1.0
chr6_56983015_A_G_b38	2	3.64243e-03	-3.482e-01	7.580e-02 -4.635915756225586	1.0
chr6_57002817_CA_C_b38	2	3.64243e-03	-3.482e-01	7.580e-02 -4.638886251359018	1.0
chr6_56998111_G_A_b38	2	3.64243e-03	-3.482e-01	7.580e-02 -4.619351863861084	1.0
chr6_56998007_A_G_b38	2	3.64243e-03	-3.482e-01	7.580e-02 -4.61961841583252	1.0
chr6_56956393_G_T_b38	3	8.87020e-03	2.445e-01	1.336e-01 0.3420635461807251	1.0
chr6_56952181_C_T_b38	3	4.97942e-03	2.428e-01	1.315e-01 0.3349806368350983	1.0
chr6_56957601_T_C_b38	3	2.29105e-03	-4.808e-02	1.278e-01 0.3975094556808472	1.0
chr6_56960992_TGTAGAA_T_b38	3	2.28489e-03	2.137e-01	1.334e-01 0.4689854640428625	1.0
chr6_56977254_G_A_b38	3	1.28043e-03	2.414e-01	1.291e-01 0.3734694719314575	1.0
chr6_56971511_G_T_b38	3	1.28043e-03	2.414e-01	1.291e-01 0.3651654124259949	1.0
chr6_56968614_G_A_b38	3	1.28043e-03	2.414e-01	1.291e-01 0.3623477518558502	1.0
chr6_56968952_G_C_b38	3	1.28043e-03	2.414e-01	1.291e-01 0.3589910864830017	1.0
chr6_56969886_G_A_b38	3	1.28043e-03	2.414e-01	1.291e-01 0.3827707469463349	1.0
chr6_56951150_A_C_b38	3	1.21221e-03	-7.296e-02	1.241e-01 0.3995604515075684	1.0
chr6_56944046_G_A_b38	3	9.29041e-04	2.127e-01	1.334e-01 0.30904361605644226	1.0
chr6_56960282_AT_A_b38	3	6.63140e-04	-5.265e-02	1.275e-01 0.4622985996590532	1.0
chr6_56946092_G_A_b38	3	6.06114e-04	-6.791e-02	1.180e-01 0.308357834815979	1.0
chr6_56930753_A_C_b38	3	3.50388e-04	9.704e-02	1.267e-01 0.3862173855304718	1.0
chr6_56931314_A_T_b38	3	3.50388e-04	9.704e-02	1.267e-01 0.385366290807724	1.0
chr6_56939593_T_A_b38	3	3.50388e-04	9.704e-02	1.267e-01 0.36870476603508	1.0
chr6_56936546_G_A_b38	3	3.50388e-04	9.704e-02	1.267e-01 0.3278674781322479	1.0
chr6_56941295_T_C_b38	3	3.50388e-04	9.704e-02	1.267e-01 0.41653740406036377	1.0
chr6_56982388_G_A_b38	3	3.46711e-04	2.395e-01	1.291e-01 0.4663996696472168	1.0
chr6_56976749_C_T_b38	3	2.92918e-04	-6.662e-02	1.228e-01 0.4480660855770111	1.0
chr6_56971752_C_T_b38	3	2.92918e-04	-6.662e-02	1.228e-01 0.42448890209198	1.0
chr6_56972172_G_A_b38	3	2.92918e-04	-6.662e-02	1.228e-01 0.3724625408649445	1.0
chr6_56977822_T_C_b38	3	2.92918e-04	-6.662e-02	1.228e-01 0.4408251345157623	1.0
chr6_56975755_C_T_b38	3	2.92918e-04	-6.662e-02	1.228e-01 0.4365936517715454	1.0
chr6_56968365_G_A_b38	3	2.76871e-04	-4.335e-02	1.269e-01 0.4153771102428436	1.0
chr6_56970974_C_A_b38	3	2.76871e-04	-4.335e-02	1.269e-01 0.4640854299068451	1.0
chr6_56973371_C_T_b38	3	2.76871e-04	-4.335e-02	1.269e-01 0.4697990417480469	1.0
chr6_56975548_A_G_b38	3	2.76871e-04	-4.335e-02	1.269e-01 0.4785624444484711	1.0
chr6_56969072_T_G_b38	3	2.76871e-04	-4.335e-02	1.269e-01 0.4622985996590532	1.0
chr6_56912379_T_C_b38	3	1.15096e-04	9.704e-02	1.267e-01 0.5237653255462646	1.0
chr6_56915413_C_G_b38	3	1.15096e-04	9.704e-02	1.267e-01 0.4538528621196747	1.0
chr6_56905528_G_A_b38	3	1.15096e-04	9.704e-02	1.267e-01 0.5243839621543884	1.0
chr6_56923093_C_A_b38	3	1.15096e-04	9.704e-02	1.267e-01 0.4119767844676971	1.0
chr6_56921036_G_A_b38	3	1.15096e-04	9.704e-02	1.267e-01 0.4178638160228729	1.0
chr6_56921033_C_T_b38	3	1.15096e-04	9.704e-02	1.267e-01 0.4178638160228729	1.0
chr6_56919638_C_T_b38	3	1.15096e-04	9.704e-02	1.267e-01 0.42308953404426575	1.0
chr6_56921766_CA_C_b38	3	1.15096e-04	9.704e-02	1.267e-01 0.4689854640428625	1.0
chr6_57011433_T_C_b38	3	1.08990e-04	2.395e-01	1.291e-01 0.34267401695251465	1.0
chr6_56911674_T_C_b38	3	9.89486e-05	5.708e-02	1.244e-01 0.5330458879470825	1.0
chr6_56909645_T_C_b38	3	9.89486e-05	5.708e-02	1.244e-01 0.5153014659881592	1.0
chr6_56980273_C_T_b38	3	9.56899e-05	-6.662e-02	1.228e-01 0.4458720088005066	1.0
chr6_56996820_T_C_b38	3	8.31908e-05	-4.336e-03	1.180e-01 0.4717379808425903	1.0
chr6_56992890_A_ATAT_b38	3	8.31908e-05	-4.336e-03	1.180e-01 0.4646238299581703	1.0
chr6_56999286_T_C_b38	3	8.31908e-05	-4.336e-03	1.180e-01 0.4692350625991821	1.0
chr6_56990826_C_T_b38	3	8.31908e-05	-4.336e-03	1.180e-01 0.484349399805069	1.0
chr6_57002310_GC_G_b38	3	8.31908e-05	-4.336e-03	1.180e-01 0.4646238299581703	1.0
chr6_57012719_G_A_b38	3	6.38980e-05	1.800e-01	1.260e-01 0.34693437814712524	1.0
chr6_57023709_G_A_b38	3	5.20639e-05	1.453e-01	1.169e-01 0.5059995055198669	1.0
chr6_56957820_G_A_b38	4	1.33885e-04	-2.783e-01	1.553e-01 -4.107322692871094	1.0
chr6_56969634_A_T_b38	4	1.05714e-04	-4.380e-01	1.709e-01 -4.118594169616698	1.0
chr6_56953348_G_T_b38	4	8.62458e-05	-1.270e-01	1.594e-01 -4.029904842376709	1.0
chr6_56960828_G_C_b38	4	5.49986e-05	-2.783e-01	1.553e-01 -4.0818753242492685	1.0
