chr22_35257480_C_T_b38	1	1.80009e-01	1.154e-01	2.712e-02 5.03079080581665	1.0
chr22_35258140_T_G_b38	1	8.24366e-02	1.121e-01	2.610e-02 4.8101348876953125	1.0
chr22_35256702_C_T_b38	1	6.16595e-02	1.142e-01	2.720e-02 4.885881413555773	1.0
chr22_35258642_C_T_b38	1	4.71538e-02	1.149e-01	2.629e-02 4.817521095275879	1.0
chr22_35256248_C_T_b38	1	3.55889e-02	1.158e-01	2.698e-02 5.114176273345947	1.0
chr22_35259557_TA_T_b38	1	3.27199e-02	1.133e-01	2.648e-02 4.705826701551546	1.0
chr22_35262029_G_A_b38	1	2.31888e-02	1.133e-01	2.648e-02 4.796621322631836	1.0
chr22_35261388_A_C_b38	1	2.31888e-02	1.133e-01	2.648e-02 4.795151710510254	1.0
chr22_35255438_T_C_b38	1	1.77826e-02	1.097e-01	2.667e-02 4.560004711151123	1.0
chr22_35261293_A_G_b38	1	1.61504e-02	1.094e-01	2.612e-02 4.797379016876222	1.0
chr22_35262232_A_G_b38	1	1.61504e-02	1.094e-01	2.612e-02 4.785843372344972	1.0
chr22_35264882_G_T_b38	1	1.43870e-02	1.133e-01	2.647e-02 4.8870697021484375	1.0
chr22_35248750_G_C_b38	1	1.20970e-02	1.136e-01	2.680e-02 5.302306175231934	1.0
chr22_35250661_GAC_G_b38	1	1.03495e-02	1.141e-01	2.717e-02 4.885881413555773	1.0
chr22_35250868_A_C_b38	1	1.03495e-02	1.141e-01	2.717e-02 5.1048312187194815	1.0
chr22_35272786_T_G_b38	1	1.01391e-02	1.148e-01	2.627e-02 4.788234233856201	1.0
chr22_35271493_G_A_b38	1	1.01391e-02	1.148e-01	2.627e-02 4.791732311248778	1.0
chr22_35271468_A_G_b38	1	1.01391e-02	1.148e-01	2.627e-02 4.783973693847656	1.0
chr22_35273448_A_G_b38	1	1.01391e-02	1.148e-01	2.627e-02 4.790061473846436	1.0
chr22_35280145_C_CT_b38	1	1.01391e-02	1.148e-01	2.627e-02 4.705826701551546	1.0
chr22_35279402_G_A_b38	1	8.39616e-03	1.125e-01	2.603e-02 4.775709629058838	1.0
chr22_35272365_CAAAG_C_b38	1	7.05459e-03	1.133e-01	2.647e-02 4.705826701551546	1.0
chr22_35273802_T_C_b38	1	7.05459e-03	1.133e-01	2.647e-02 4.781052112579347	1.0
chr22_35281578_G_A_b38	1	7.05459e-03	1.133e-01	2.647e-02 4.777353286743164	1.0
chr22_35276190_G_A_b38	1	7.05459e-03	1.133e-01	2.647e-02 4.7747464179992685	1.0
chr22_35276519_G_A_b38	1	7.05459e-03	1.133e-01	2.647e-02 4.774613380432129	1.0
chr22_35279489_A_G_b38	1	7.05459e-03	1.133e-01	2.647e-02 4.774906635284424	1.0
chr22_35268948_T_C_b38	1	5.73644e-03	1.100e-01	2.602e-02 4.646624565124512	1.0
chr22_35248800_TC_T_b38	1	5.48623e-03	1.076e-01	2.667e-02 4.677747048034642	1.0
chr22_35251729_A_G_b38	1	5.35486e-03	1.087e-01	2.698e-02 5.102045059204102	1.0
chr22_35267530_C_T_b38	1	5.14923e-03	1.128e-01	2.687e-02 4.662559509277344	1.0
chr22_35243199_T_C_b38	1	5.09177e-03	1.121e-01	2.674e-02 4.462840557098389	1.0
chr22_35283665_C_T_b38	1	4.95082e-03	1.134e-01	2.566e-02 4.808375358581543	1.0
chr22_35280158_G_A_b38	1	4.92522e-03	1.094e-01	2.612e-02 4.774791717529297	1.0
chr22_35278918_G_A_b38	1	4.92522e-03	1.094e-01	2.612e-02 4.785459041595459	1.0
chr22_35273520_T_C_b38	1	4.92522e-03	1.094e-01	2.612e-02 4.780170917510986	1.0
chr22_35276850_T_G_b38	1	4.92522e-03	1.094e-01	2.612e-02 4.77276611328125	1.0
chr22_35281585_A_G_b38	1	4.92522e-03	1.094e-01	2.612e-02 4.784893035888672	1.0
chr22_35274744_G_C_b38	1	4.92522e-03	1.094e-01	2.612e-02 4.769524097442627	1.0
chr22_35277850_T_C_b38	1	4.92522e-03	1.094e-01	2.612e-02 4.772561073303223	1.0
chr22_35279544_G_A_b38	1	4.92522e-03	1.094e-01	2.612e-02 4.7683143615722665	1.0
chr22_35278784_G_A_b38	1	4.92522e-03	1.094e-01	2.612e-02 4.77257776260376	1.0
chr22_35272059_T_C_b38	1	4.92522e-03	1.094e-01	2.612e-02 4.781841278076172	1.0
chr22_35273816_C_T_b38	1	4.92522e-03	1.094e-01	2.612e-02 4.778639793395996	1.0
chr22_35281708_T_C_b38	1	4.92522e-03	1.094e-01	2.612e-02 4.788917064666748	1.0
chr22_35277108_C_G_b38	1	4.81415e-03	1.092e-01	2.612e-02 4.769616603851318	1.0
chr22_35252176_G_C_b38	1	4.68897e-03	1.064e-01	2.667e-02 4.55008602142334	1.0
chr22_35307329_T_G_b38	1	4.58046e-03	1.155e-01	2.626e-02 4.697780132293701	1.0
chr22_35307135_T_C_b38	1	4.35474e-03	1.147e-01	2.615e-02 4.775331020355225	1.0
chr22_35268334_T_C_b38	1	4.25678e-03	1.069e-01	2.576e-02 4.147695541381837	1.0
chr22_35271982_A_G_b38	1	4.23255e-03	1.098e-01	2.647e-02 4.78684663772583	1.0
chr22_35294186_T_C_b38	1	4.07431e-03	1.148e-01	2.627e-02 4.78640079498291	1.0
chr22_35289096_C_T_b38	1	4.07431e-03	1.148e-01	2.627e-02 4.771000862121582	1.0
chr22_35288860_G_A_b38	1	4.07431e-03	1.148e-01	2.627e-02 4.7939720153808585	1.0
chr22_35305616_C_T_b38	1	4.01317e-03	1.147e-01	2.627e-02 4.706422805786133	1.0
chr22_35306748_A_AC_b38	1	4.01317e-03	1.147e-01	2.627e-02 4.73949593954083	1.0
chr22_35305433_G_A_b38	1	4.01317e-03	1.147e-01	2.627e-02 4.705122470855713	1.0
chr22_35303766_G_A_b38	1	4.01317e-03	1.147e-01	2.627e-02 4.700747489929199	1.0
chr22_35246573_G_C_b38	1	3.94732e-03	1.120e-01	2.714e-02 5.305787086486816	1.0
chr22_35304495_A_T_b38	1	3.91540e-03	1.158e-01	2.656e-02 4.589324122892701	1.0
chr22_35252831_A_G_b38	1	3.82832e-03	1.026e-01	2.683e-02 4.60471773147583	1.0
chr22_35244950_T_C_b38	1	3.75372e-03	1.097e-01	2.666e-02 4.560762405395508	1.0
chr22_35245699_T_C_b38	1	3.75372e-03	1.097e-01	2.666e-02 4.568338394165039	1.0
chr22_35282263_A_G_b38	1	3.64785e-03	1.057e-01	2.571e-02 3.636315902029485	1.0
chr22_35246344_G_A_b38	1	3.64552e-03	1.097e-01	2.671e-02 4.554617404937744	1.0
chr22_35297379_AAAAT_A_b38	1	3.36972e-03	1.135e-01	2.626e-02 4.714670837663271	1.0
chr22_35243504_G_C_b38	1	2.84883e-03	1.075e-01	2.661e-02 4.737387180328369	1.0
chr22_35285373_C_T_b38	1	2.83483e-03	1.133e-01	2.647e-02 4.777070999145508	1.0
chr22_35298900_C_A_b38	1	2.83483e-03	1.133e-01	2.647e-02 4.7663679122924805	1.0
chr22_35287245_T_C_b38	1	2.83483e-03	1.133e-01	2.647e-02 4.7766313552856445	1.0
chr22_35302422_G_A_b38	1	2.83483e-03	1.133e-01	2.647e-02 4.757340431213379	1.0
chr22_35299680_GC_G_b38	1	2.83483e-03	1.133e-01	2.647e-02 4.7360280758804665	1.0
chr22_35296550_A_C_b38	1	2.83483e-03	1.133e-01	2.647e-02 4.76888370513916	1.0
chr22_35283418_G_A_b38	1	2.63350e-03	1.092e-01	2.563e-02 4.798144817352295	1.0
chr22_35250485_C_T_b38	1	2.55521e-03	1.026e-01	2.683e-02 4.591601371765137	1.0
chr22_35297785_T_C_b38	1	2.37815e-03	1.101e-01	2.599e-02 4.778331756591797	1.0
chr22_35285900_G_C_b38	1	2.27785e-03	1.103e-01	2.611e-02 4.782035827636719	1.0
chr22_35307373_T_C_b38	1	2.21315e-03	1.100e-01	2.610e-02 4.686439037322998	1.0
chr22_35290400_C_T_b38	1	2.20743e-03	1.101e-01	2.612e-02 4.787047386169434	1.0
chr22_35307288_A_G_b38	1	2.12292e-03	1.094e-01	2.600e-02 4.7101101875305185	1.0
chr22_35297751_G_C_b38	1	2.04282e-03	1.131e-01	2.695e-02 4.659332275390625	1.0
chr22_35292505_T_A_b38	1	1.97916e-03	1.094e-01	2.612e-02 4.78149938583374	1.0
chr22_35299809_G_A_b38	1	1.97916e-03	1.094e-01	2.612e-02 4.756324291229248	1.0
chr22_35290190_A_G_b38	1	1.97916e-03	1.094e-01	2.612e-02 4.784574031829834	1.0
chr22_35298216_G_A_b38	1	1.97916e-03	1.094e-01	2.612e-02 4.772368907928467	1.0
chr22_35298302_A_G_b38	1	1.97916e-03	1.094e-01	2.612e-02 4.772368907928467	1.0
chr22_35294539_A_G_b38	1	1.97916e-03	1.094e-01	2.612e-02 4.777654647827148	1.0
chr22_35295842_C_A_b38	1	1.97916e-03	1.094e-01	2.612e-02 4.7773165702819815	1.0
chr22_35295124_CT_C_b38	1	1.97916e-03	1.094e-01	2.612e-02 4.7360280758804665	1.0
chr22_35294190_A_G_b38	1	1.97916e-03	1.094e-01	2.612e-02 4.777355194091797	1.0
chr22_35288066_C_T_b38	1	1.97916e-03	1.094e-01	2.612e-02 4.783407688140869	1.0
chr22_35289081_A_G_b38	1	1.97916e-03	1.094e-01	2.612e-02 4.780386924743652	1.0
chr22_35287809_G_A_b38	1	1.97916e-03	1.094e-01	2.612e-02 4.784124374389648	1.0
chr22_35286895_TTATGA_T_b38	1	1.97916e-03	1.094e-01	2.612e-02 4.705826701551546	1.0
chr22_35286451_T_C_b38	1	1.97916e-03	1.094e-01	2.612e-02 4.78402042388916	1.0
chr22_35287062_G_T_b38	1	1.97916e-03	1.094e-01	2.612e-02 4.78402042388916	1.0
chr22_35301399_A_G_b38	1	1.97916e-03	1.094e-01	2.612e-02 4.762804985046387	1.0
chr22_35301811_C_CT_b38	1	1.97916e-03	1.094e-01	2.612e-02 4.7360280758804665	1.0
chr22_35289055_A_G_b38	1	1.97916e-03	1.094e-01	2.612e-02 4.751837253570557	1.0
chr22_35303052_A_C_b38	1	1.95118e-03	1.093e-01	2.611e-02 4.686503887176514	1.0
chr22_35305730_G_A_b38	1	1.95118e-03	1.093e-01	2.611e-02 4.73949593954083	1.0
chr22_35304262_A_G_b38	1	1.95118e-03	1.093e-01	2.611e-02 4.683867454528809	1.0
chr22_35304774_G_A_b38	1	1.95118e-03	1.093e-01	2.611e-02 4.6938910484313965	1.0
chr22_35305230_G_A_b38	1	1.95118e-03	1.093e-01	2.611e-02 4.692965507507324	1.0
chr22_35302498_G_A_b38	1	1.95118e-03	1.093e-01	2.611e-02 4.686437606811523	1.0
chr22_35305580_A_G_b38	1	1.95118e-03	1.093e-01	2.611e-02 4.692051887512207	1.0
chr22_35303772_G_A_b38	1	1.95118e-03	1.093e-01	2.611e-02 4.691647529602051	1.0
chr22_35303670_G_A_b38	1	1.95118e-03	1.093e-01	2.611e-02 4.683405876159668	1.0
chr22_35304770_A_G_b38	1	1.95118e-03	1.093e-01	2.611e-02 4.684491157531738	1.0
chr22_35306181_A_T_b38	1	1.95118e-03	1.093e-01	2.611e-02 4.700984477996826	1.0
chr22_35305729_T_G_b38	1	1.95118e-03	1.093e-01	2.611e-02 4.73949593954083	1.0
chr22_35304811_A_T_b38	1	1.95118e-03	1.093e-01	2.611e-02 4.6876091957092285	1.0
chr22_35305905_A_AGAGTG_b38	1	1.95118e-03	1.093e-01	2.611e-02 4.73949593954083	1.0
chr22_35303460_A_G_b38	1	1.95118e-03	1.093e-01	2.611e-02 4.683405876159668	1.0
chr22_35303890_C_T_b38	1	1.95118e-03	1.093e-01	2.611e-02 4.68341875076294	1.0
chr22_35304526_G_T_b38	1	1.95118e-03	1.093e-01	2.611e-02 4.73949593954083	1.0
chr22_35303589_C_T_b38	1	1.95118e-03	1.093e-01	2.611e-02 4.68535852432251	1.0
chr22_35256778_G_A_b38	2	6.41132e-03	4.269e-02	4.962e-02 -1.68554425239563	1.0
chr22_35239718_C_A_b38	2	3.22539e-04	5.150e-02	4.833e-02 -1.59825599193573	1.0
chr22_35240443_G_A_b38	2	3.22539e-04	5.150e-02	4.833e-02 -1.6286699771881104	1.0
chr22_35241002_C_T_b38	2	3.20174e-04	5.106e-02	4.845e-02 -1.348609447479248	1.0
chr22_35235143_AT_A_b38	2	2.94400e-04	4.801e-02	4.873e-02 -0.9860661934760276	1.0
chr22_35218945_A_C_b38	2	1.60449e-04	7.132e-02	4.689e-02 -1.0779591798782349	1.0
chr22_35216304_C_T_b38	2	1.35982e-04	6.392e-02	4.633e-02 -1.0590640306472778	1.0
chr22_35218968_T_C_b38	2	1.35982e-04	6.392e-02	4.633e-02 -1.078891038894653	1.0
chr22_35215043_A_T_b38	2	1.35982e-04	6.392e-02	4.633e-02 -1.0585653781890871	1.0
chr22_35213640_A_T_b38	2	1.15499e-04	6.216e-02	4.829e-02 -1.0424667596817017	1.0
chr22_35222312_A_G_b38	2	1.11077e-04	5.844e-02	4.546e-02 -1.0067296028137207	1.0
chr22_35224037_T_C_b38	2	1.11077e-04	5.844e-02	4.546e-02 -1.014057755470276	1.0
chr22_35220736_A_G_b38	2	1.04144e-04	5.379e-02	4.315e-02 -1.0036550760269165	1.0
chr22_35226296_G_A_b38	2	1.02754e-04	5.453e-02	4.488e-02 -1.0140693187713623	1.0
chr22_35225928_A_G_b38	2	8.18185e-05	4.997e-02	4.523e-02 -0.9345434904098512	1.0
chr22_35220217_C_T_b38	2	6.87484e-05	3.938e-02	4.384e-02 -1.0702239274978638	1.0
chr22_35290612_C_T_b38	2	5.06227e-05	1.187e-02	5.252e-02 -1.277632236480713	1.0
chr22_35297514_G_A_b38	2	4.75283e-05	2.950e-02	4.173e-02 -1.7767568826675415	1.0
chr22_35170103_A_G_b38	2	2.20732e-05	7.012e-02	4.771e-02 -0.9376456141471864	1.0
chr22_35186087_G_A_b38	2	1.93269e-05	6.423e-02	4.765e-02 -0.9308050274848938	1.0
chr22_35171532_C_G_b38	2	1.93269e-05	6.423e-02	4.765e-02 -0.9303632378578186	1.0
chr22_35183147_C_G_b38	2	1.93269e-05	6.423e-02	4.765e-02 -0.9462270736694336	1.0
chr22_35179356_G_A_b38	2	1.92778e-05	6.404e-02	4.751e-02 -0.9424957036972046	1.0
chr22_35178058_G_A_b38	2	1.92778e-05	6.404e-02	4.751e-02 -0.93666672706604	1.0
chr22_35170077_A_G_b38	2	1.92778e-05	6.404e-02	4.751e-02 -0.9308398962020874	1.0
chr22_35204460_C_T_b38	2	1.92778e-05	6.404e-02	4.751e-02 -0.9220539927482604	1.0
chr22_35183419_TC_T_b38	2	1.92778e-05	6.404e-02	4.751e-02 -0.9446993458250316	1.0
chr22_35160808_A_G_b38	2	1.92778e-05	6.404e-02	4.751e-02 -0.9431442022323608	1.0
chr22_35164325_A_C_b38	2	1.92778e-05	6.404e-02	4.751e-02 -0.9243783950805664	1.0
chr22_35197639_A_C_b38	2	1.92778e-05	6.404e-02	4.751e-02 -0.9043728709220886	1.0
chr22_35181889_C_T_b38	2	1.92778e-05	6.404e-02	4.751e-02 -0.9406352639198304	1.0
chr22_35187696_C_T_b38	2	1.92778e-05	6.404e-02	4.751e-02 -0.9544800519943236	1.0
chr22_35194596_C_T_b38	2	1.92778e-05	6.404e-02	4.751e-02 -0.9261675477027892	1.0
chr22_35203190_T_C_b38	2	1.92778e-05	6.404e-02	4.751e-02 -0.9086872339248656	1.0
chr22_35175717_G_A_b38	2	1.92778e-05	6.404e-02	4.751e-02 -0.9765192866325378	1.0
chr22_35197465_A_T_b38	2	1.92778e-05	6.404e-02	4.751e-02 -0.904326856136322	1.0
chr22_35177955_G_A_b38	2	1.92778e-05	6.404e-02	4.751e-02 -0.9340239763259888	1.0
chr22_35197049_C_T_b38	2	1.92778e-05	6.404e-02	4.751e-02 -0.8079994320869446	1.0
chr22_35190168_G_A_b38	2	1.92778e-05	6.404e-02	4.751e-02 -0.9407557845115662	1.0
chr22_35198111_G_A_b38	2	1.92778e-05	6.404e-02	4.751e-02 -0.9045657515525818	1.0
chr22_35200120_G_C_b38	2	1.92778e-05	6.404e-02	4.751e-02 -0.9446993458250316	1.0
chr22_35178789_A_G_b38	2	1.86840e-05	6.281e-02	4.795e-02 -0.9352571368217468	1.0
chr22_35199994_G_A_b38	2	1.86300e-05	6.224e-02	4.720e-02 -0.8979905843734741	1.0
chr22_35181390_AG_A_b38	2	1.49150e-05	5.024e-02	4.571e-02 -0.7289019558153031	1.0
chr22_35314879_C_CTCATGAGA_b38	2	1.39636e-05	-2.738e-02	5.128e-02 -0.5974089097909585	1.0
