chr17_68295121_TGAG_T_b38	1	1.98736e-01	1.777e-01	4.367e-02 6.87135963016668	1.0
chr17_68297719_G_A_b38	1	8.66359e-02	1.737e-01	4.382e-02 7.551989555358888	1.0
chr17_68305422_C_T_b38	1	4.58657e-02	1.738e-01	4.374e-02 7.546964645385742	1.0
chr17_68302882_G_A_b38	1	4.23188e-02	1.733e-01	4.388e-02 7.468181610107423	1.0
chr17_68301729_ACT_A_b38	1	4.23188e-02	1.733e-01	4.388e-02 7.115970716644528	1.0
chr17_68290054_T_A_b38	1	3.61774e-02	1.446e-01	4.382e-02 7.4082698822021475	1.0
chr17_68288654_C_T_b38	1	1.58785e-02	1.419e-01	4.431e-02 7.203373432159424	1.0
chr17_68288059_C_A_b38	1	1.53434e-02	1.403e-01	4.394e-02 7.209588050842285	1.0
chr17_68288494_T_G_b38	1	1.43731e-02	1.405e-01	4.434e-02 7.201982021331787	1.0
chr17_68283781_G_A_b38	1	9.39839e-03	1.406e-01	4.462e-02 7.105369567871094	1.0
chr17_68284976_G_T_b38	1	7.34141e-03	1.372e-01	4.497e-02 7.1620259284973145	1.0
chr17_68285269_A_G_b38	1	7.10890e-03	1.370e-01	4.514e-02 7.141510009765625	1.0
chr17_68285646_C_A_b38	1	7.10890e-03	1.370e-01	4.514e-02 7.144989013671875	1.0
chr17_68285539_G_A_b38	1	7.10890e-03	1.370e-01	4.514e-02 7.1443705558776855	1.0
chr17_68290916_CCTAA_C_b38	2	1.06498e-01	1.346e-01	4.867e-02 4.7028042461843755	1.0
chr17_68290996_A_C_b38	2	6.56775e-02	1.266e-01	5.164e-02 5.034095287322998	1.0
chr17_68292900_T_G_b38	2	2.37428e-02	1.368e-01	4.853e-02 5.053657054901123	1.0
chr17_68289252_G_C_b38	2	6.47482e-03	1.086e-01	5.639e-02 4.6998066902160645	1.0
chr17_68287047_A_G_b38	2	4.15258e-03	1.132e-01	5.404e-02 4.68150806427002	1.0
chr17_68286614_T_C_b38	2	4.15258e-03	1.132e-01	5.404e-02 4.64326810836792	1.0
chr17_68284941_T_C_b38	2	2.91559e-03	1.147e-01	5.352e-02 4.641997337341309	1.0
chr17_68286010_C_T_b38	2	1.54470e-03	9.604e-02	5.886e-02 4.655828952789307	1.0
chr17_68388413_A_T_b38	3	7.88072e-04	-1.438e-01	4.216e-02 1.137218356132507	1.0
chr17_68400993_A_T_b38	3	9.01573e-05	-1.367e-01	4.238e-02 0.9913797974586488	1.0
chr17_68401599_A_G_b38	3	6.33346e-05	-1.330e-01	4.264e-02 0.9890262484550476	1.0
chr17_68413306_A_G_b38	3	5.89863e-05	-1.316e-01	4.266e-02 0.9569478599184096	1.0
chr17_68416790_T_TAGA_b38	3	5.74606e-05	-1.331e-01	4.282e-02 0.9909885277642556	1.0
chr17_68397897_G_T_b38	3	3.96392e-05	-1.223e-01	4.095e-02 1.0437911748886108	1.0
chr17_68416276_C_T_b38	3	3.16608e-05	-1.238e-01	4.259e-02 1.171744704246521	1.0
chr17_68421261_AT_A_b38	3	2.89009e-05	-1.228e-01	4.271e-02 1.036393089666571	1.0
chr17_68411788_C_T_b38	3	2.57114e-05	-1.208e-01	4.253e-02 0.8293778211901806	1.0
chr17_68399585_A_C_b38	3	2.43320e-05	-1.174e-01	4.156e-02 1.0090947151184082	1.0
chr17_68425062_T_C_b38	3	1.56433e-05	-1.141e-01	4.270e-02 1.3416497707366943	1.0
