chr9_33687890_C_T_b38	1	3.27436e-02	1.891e+00	1.322e-01 5.404303550720215	1.0
chr9_33688471_T_A_b38	1	3.27436e-02	1.891e+00	1.322e-01 5.404181003570557	1.0
chr9_33687513_C_G_b38	1	3.27436e-02	1.891e+00	1.322e-01 5.404632568359375	1.0
chr9_33687631_C_T_b38	1	3.27436e-02	1.891e+00	1.322e-01 5.415943145751953	1.0
chr9_33691385_A_C_b38	1	3.27436e-02	1.891e+00	1.322e-01 5.397533893585205	1.0
chr9_33677351_GT_G_b38	1	1.81942e-02	1.891e+00	1.322e-01 5.559627099234484	1.0
chr9_33678307_G_A_b38	1	1.81942e-02	1.891e+00	1.322e-01 5.3928422927856445	1.0
chr9_33683569_G_C_b38	1	1.81942e-02	1.891e+00	1.322e-01 5.394296646118164	1.0
chr9_33685399_G_A_b38	1	1.81942e-02	1.891e+00	1.322e-01 5.4045891761779785	1.0
chr9_33672538_C_A_b38	1	1.81942e-02	1.891e+00	1.322e-01 5.369553565979004	1.0
chr9_33686112_A_G_b38	1	1.81942e-02	1.891e+00	1.322e-01 5.404999732971191	1.0
chr9_33680994_T_C_b38	1	1.81942e-02	1.891e+00	1.322e-01 5.396135330200195	1.0
chr9_33677004_C_G_b38	1	1.81942e-02	1.891e+00	1.322e-01 5.559627099234484	1.0
chr9_33681811_G_A_b38	1	1.81942e-02	1.891e+00	1.322e-01 5.396006107330322	1.0
chr9_33682137_C_CGT_b38	1	1.81942e-02	1.891e+00	1.322e-01 5.559627099234484	1.0
chr9_33679602_ATG_A_b38	1	1.81942e-02	1.891e+00	1.322e-01 5.559627099234484	1.0
chr9_33687193_A_G_b38	1	1.81942e-02	1.891e+00	1.322e-01 5.404942035675049	1.0
chr9_33676829_G_T_b38	1	1.81942e-02	1.891e+00	1.322e-01 5.40401029586792	1.0
chr9_33682141_A_C_b38	1	1.81942e-02	1.891e+00	1.322e-01 5.559627099234484	1.0
chr9_33677476_C_T_b38	1	1.81942e-02	1.891e+00	1.322e-01 5.397721767425537	1.0
chr9_33676775_G_C_b38	1	1.81942e-02	1.891e+00	1.322e-01 5.40401029586792	1.0
chr9_33674503_C_T_b38	1	1.81942e-02	1.891e+00	1.322e-01 5.372222423553467	1.0
chr9_33677341_A_C_b38	1	1.81942e-02	1.891e+00	1.322e-01 5.404797554016113	1.0
chr9_33680603_G_T_b38	1	1.81942e-02	1.891e+00	1.322e-01 5.3950605392456055	1.0
chr9_33679778_G_A_b38	1	1.81942e-02	1.891e+00	1.322e-01 5.395086288452148	1.0
chr9_33677182_A_G_b38	1	1.81942e-02	1.891e+00	1.322e-01 5.665510656475317	1.0
chr9_33673937_C_T_b38	1	1.81942e-02	1.891e+00	1.322e-01 5.371345520019531	1.0
chr9_33685273_C_T_b38	1	1.81942e-02	1.891e+00	1.322e-01 5.397703647613525	1.0
chr9_33683800_C_G_b38	1	1.81942e-02	1.891e+00	1.322e-01 5.397975444793701	1.0
chr9_33683742_T_C_b38	1	1.81942e-02	1.891e+00	1.322e-01 5.514179229736328	1.0
chr9_33685837_C_T_b38	1	1.81942e-02	1.891e+00	1.322e-01 5.404870510101318	1.0
chr9_33676175_C_T_b38	1	1.81942e-02	1.891e+00	1.322e-01 5.391792297363281	1.0
chr9_33673794_A_G_b38	1	1.81942e-02	1.891e+00	1.322e-01 5.371113300323486	1.0
chr9_33677170_T_TC_b38	1	1.81942e-02	1.891e+00	1.322e-01 5.665510656475317	1.0
chr9_33673798_C_A_b38	1	1.81942e-02	1.891e+00	1.322e-01 5.371345520019531	1.0
chr9_33677151_G_C_b38	1	1.81942e-02	1.891e+00	1.322e-01 5.665510656475317	1.0
chr9_33681450_A_C_b38	1	1.81942e-02	1.891e+00	1.322e-01 5.559627099234484	1.0
chr9_33679356_G_A_b38	1	1.81942e-02	1.891e+00	1.322e-01 5.393461227416992	1.0
chr9_33684949_T_C_b38	1	1.81942e-02	1.891e+00	1.322e-01 5.397858619689941	1.0
chr9_33719797_T_C_b38	1	1.72084e-02	1.891e+00	1.322e-01 5.394933700561523	1.0
chr9_33716806_A_C_b38	1	1.72084e-02	1.891e+00	1.322e-01 5.397071361541748	1.0
chr9_33721195_C_T_b38	1	1.72084e-02	1.891e+00	1.322e-01 5.393362045288086	1.0
chr9_33717760_A_T_b38	1	1.72084e-02	1.891e+00	1.322e-01 5.389977931976318	1.0
chr9_33710242_C_T_b38	1	1.72084e-02	1.891e+00	1.322e-01 5.394031524658203	1.0
chr9_33672393_T_C_b38	1	5.96247e-03	1.890e+00	1.318e-01 5.37071418762207	1.0
chr9_33667566_C_T_b38	1	5.96247e-03	1.890e+00	1.318e-01 5.559627099234484	1.0
chr9_33669134_G_A_b38	1	5.96247e-03	1.890e+00	1.318e-01 5.559627099234484	1.0
chr9_33672344_T_A_b38	1	5.96247e-03	1.890e+00	1.318e-01 5.559627099234484	1.0
chr9_33667639_G_A_b38	1	5.96247e-03	1.890e+00	1.318e-01 5.559627099234484	1.0
chr9_33667496_T_A_b38	1	5.96247e-03	1.890e+00	1.318e-01 5.559627099234484	1.0
chr9_33669376_A_G_b38	1	5.96247e-03	1.890e+00	1.318e-01 5.392423023516289	1.0
chr9_33669386_A_G_b38	1	5.96247e-03	1.890e+00	1.318e-01 5.559627099234484	1.0
chr9_33669651_A_G_b38	1	5.96247e-03	1.890e+00	1.318e-01 5.559627099234484	1.0
chr9_33662595_G_A_b38	1	5.94801e-03	1.890e+00	1.318e-01 5.391884803771973	1.0
chr9_33667282_G_A_b38	1	5.94801e-03	1.890e+00	1.318e-01 5.4720920529075245	1.0
chr9_33664734_C_G_b38	1	5.94801e-03	1.890e+00	1.318e-01 5.336063385009767	1.0
chr9_33662559_G_C_b38	1	5.94801e-03	1.890e+00	1.318e-01 5.381800651550293	1.0
chr9_33663770_T_G_b38	1	5.94801e-03	1.890e+00	1.318e-01 5.388913154602051	1.0
chr9_33662952_T_C_b38	1	5.94801e-03	1.890e+00	1.318e-01 5.465286731719972	1.0
chr9_33667157_T_C_b38	1	5.94801e-03	1.890e+00	1.318e-01 5.559627099234484	1.0
chr9_33662085_G_T_b38	1	5.94801e-03	1.890e+00	1.318e-01 5.3664512634277335	1.0
chr9_33662916_C_G_b38	1	5.94801e-03	1.890e+00	1.318e-01 5.382455348968506	1.0
chr9_33662426_G_A_b38	1	5.94801e-03	1.890e+00	1.318e-01 5.386557102203369	1.0
chr9_33663503_C_T_b38	1	5.94801e-03	1.890e+00	1.318e-01 5.382661819458008	1.0
chr9_33662787_A_C_b38	1	5.94801e-03	1.890e+00	1.318e-01 5.384422779083252	1.0
chr9_33666718_T_C_b38	1	5.94801e-03	1.890e+00	1.318e-01 5.3595805168151855	1.0
chr9_33696707_TTAAAAA_T_b38	2	5.34975e-02	1.912e-01	6.118e-02 0.3572228655884304	1.0
chr9_33698806_G_T_b38	2	2.74248e-02	1.912e-01	6.119e-02 0.4218167960643768	1.0
chr9_33695732_T_C_b38	2	1.47492e-02	-1.758e-01	5.928e-02 -0.26586294174194336	1.0
chr9_33700903_C_T_b38	2	9.63712e-03	-1.758e-01	5.929e-02 -0.2627967000007629	1.0
chr9_33699331_A_G_b38	2	8.15894e-03	1.794e-01	7.325e-02 0.04575566574931145	1.0
chr9_33704586_G_GGC_b38	2	6.76958e-03	-1.758e-01	5.929e-02 -0.2749194276134433	1.0
chr9_33704676_T_G_b38	2	6.76958e-03	-1.758e-01	5.929e-02 -0.2670561969280243	1.0
chr9_33704587_T_TTTGCACTACGGG_b38	2	6.76958e-03	-1.758e-01	5.929e-02 -0.2749194276134433	1.0
chr9_33688472_T_A_b38	2	6.73389e-03	-1.795e-01	5.920e-02 -0.2494540959596634	1.0
chr9_33721937_A_G_b38	2	4.87465e-03	1.910e-01	6.130e-02 0.417094349861145	1.0
chr9_33680618_A_C_b38	2	4.42928e-03	1.871e-01	6.132e-02 0.3912792503833771	1.0
chr9_33674679_C_T_b38	2	4.42928e-03	1.871e-01	6.132e-02 0.3110949099063873	1.0
chr9_33685364_A_G_b38	2	3.76546e-03	-1.795e-01	5.920e-02 -0.23288196325302124	1.0
chr9_33713525_G_A_b38	2	3.04082e-03	-1.758e-01	5.929e-02 -0.28783488273620605	1.0
chr9_33716777_T_G_b38	2	3.04082e-03	-1.758e-01	5.929e-02 -0.2715631127357483	1.0
chr9_33711247_A_T_b38	2	3.04082e-03	-1.758e-01	5.929e-02 -0.2749194276134433	1.0
chr9_33711248_T_C_b38	2	3.04082e-03	-1.758e-01	5.929e-02 -0.2749194276134433	1.0
chr9_33680504_G_T_b38	2	2.85345e-03	-1.730e-01	5.945e-02 -0.2422139048576355	1.0
chr9_33682234_C_T_b38	2	2.85345e-03	-1.730e-01	5.945e-02 -0.2377590388059616	1.0
chr9_33673027_T_C_b38	2	2.85345e-03	-1.730e-01	5.945e-02 -0.25686097361353605	1.0
chr9_33683010_C_G_b38	2	2.85345e-03	-1.730e-01	5.945e-02 -0.2379584461450577	1.0
chr9_33692211_T_G_b38	2	2.30030e-03	1.774e-01	7.370e-02 0.04764225706458092	1.0
chr9_33717586_A_G_b38	2	2.21591e-03	1.973e-01	7.366e-02 0.003257414326071739	1.0
chr9_33721010_T_G_b38	2	2.21591e-03	1.973e-01	7.366e-02 -0.01181428600102663	1.0
chr9_33743490_G_A_b38	2	1.83159e-03	1.943e-01	6.128e-02 0.1116458773612976	1.0
chr9_33741594_G_C_b38	2	1.83159e-03	1.943e-01	6.128e-02 0.1142835095524788	1.0
chr9_33778401_G_A_b38	2	1.30742e-03	-2.095e-01	5.895e-02 0.6029999852180481	1.0
chr9_33785247_G_A_b38	2	1.23576e-03	-1.723e-01	5.546e-02 -1.506466512296912	1.0
chr9_33791035_G_T_b38	2	1.18012e-03	-1.718e-01	5.547e-02 -1.7297189235687256	1.0
chr9_33791166_T_C_b38	2	1.18012e-03	-1.718e-01	5.547e-02 -1.8123891353607176	1.0
chr9_33797058_A_T_b38	2	1.18012e-03	-1.718e-01	5.547e-02 -1.7514551877975464	1.0
chr9_33739742_T_C_b38	2	1.13000e-03	-1.789e-01	5.930e-02 0.05014093965291977	1.0
chr9_33733862_T_G_b38	2	1.13000e-03	-1.789e-01	5.930e-02 -0.2663811147212982	1.0
chr9_33745605_G_T_b38	2	1.13000e-03	-1.789e-01	5.930e-02 0.05600854381918907	1.0
chr9_33739702_T_G_b38	2	1.13000e-03	-1.789e-01	5.930e-02 0.0508604533970356	1.0
chr9_33761288_C_T_b38	2	1.12056e-03	2.037e-01	5.986e-02 -0.08376427739858627	1.0
chr9_33731381_T_C_b38	2	1.09858e-03	-1.771e-01	5.880e-02 -0.3115524649620056	1.0
chr9_33778631_T_C_b38	2	8.93685e-04	2.053e-01	6.092e-02 -0.4315415024757385	1.0
chr9_33776184_C_A_b38	2	8.81932e-04	-1.999e-01	5.882e-02 0.5343157649040222	1.0
chr9_33664302_T_A_b38	2	8.80051e-04	-1.740e-01	5.933e-02 -0.2593141496181488	1.0
chr9_33778047_TA_T_b38	2	8.65642e-04	-2.004e-01	5.894e-02 0.3136434245030253	1.0
chr9_33671781_T_C_b38	2	7.53214e-04	-1.730e-01	5.945e-02 -0.17095576226711273	1.0
chr9_33769184_A_G_b38	2	1.10534e-04	-1.914e-01	5.930e-02 0.2370332181453705	1.0
chr9_33770141_A_ACT_b38	2	1.10534e-04	-1.914e-01	5.930e-02 0.14366168031793586	1.0
chr9_33612585_A_G_b38	2	1.10434e-04	2.160e-01	6.934e-02 0.2484970092773437	1.0
chr9_33613662_G_T_b38	2	1.10434e-04	2.160e-01	6.934e-02 0.2192364037036896	1.0
chr9_33613837_A_G_b38	2	1.10434e-04	2.160e-01	6.934e-02 0.18927767872810364	1.0
chr9_33748876_C_T_b38	2	1.07436e-04	1.943e-01	6.128e-02 0.11673052608966827	1.0
chr9_33909006_T_TTAAATAAA_b38	2	9.92973e-05	1.900e-01	5.699e-02 1.6929855753533023	1.0
chr9_33754114_T_C_b38	2	9.62852e-05	-1.853e-01	5.888e-02 0.049739755690097816	1.0
chr9_33766538_G_A_b38	2	8.79330e-05	-1.724e-01	5.741e-02 0.17956931983527802	1.0
chr9_33382976_C_T_b38	3	3.29833e-03	-7.034e-01	1.351e-01 -0.15615667402744293	1.0
