chr14_24374848_A_G_b38	1	3.88281e-01	-1.900e-01	3.993e-02 -10.423982620239258	1.0
chr14_24376635_T_C_b38	1	1.39650e-01	-1.802e-01	4.004e-02 -10.291130065917967	1.0
chr14_24380285_G_A_b38	1	5.70281e-02	1.754e-01	4.003e-02 8.993576049804688	1.0
chr14_24379997_G_A_b38	1	5.06627e-02	-1.730e-01	4.063e-02 -8.714319229125978	1.0
chr14_24385019_G_A_b38	1	4.13228e-02	-1.707e-01	4.057e-02 -8.536820411682129	1.0
chr14_24386309_C_T_b38	1	4.13228e-02	-1.707e-01	4.057e-02 -8.613762855529785	1.0
chr14_24384635_G_T_b38	1	4.13228e-02	-1.707e-01	4.057e-02 -8.686003684997559	1.0
chr14_24386253_G_A_b38	1	4.13228e-02	-1.707e-01	4.057e-02 -8.575276374816895	1.0
chr14_24378745_C_T_b38	1	2.69938e-02	-1.672e-01	4.070e-02 -8.735516548156737	1.0
chr14_24374493_C_T_b38	1	2.69938e-02	-1.672e-01	4.070e-02 -8.726133346557617	1.0
chr14_24374414_T_C_b38	1	2.69938e-02	-1.672e-01	4.070e-02 -8.719482421875	1.0
chr14_24381996_C_T_b38	1	2.22460e-02	-1.650e-01	4.064e-02 -8.705019950866701	1.0
chr14_24375948_C_A_b38	1	2.22460e-02	-1.650e-01	4.064e-02 -8.696578979492188	1.0
chr14_24379921_C_T_b38	1	1.24992e-03	1.443e-01	4.148e-02 8.327425003051758	1.0
chr14_24353980_G_T_b38	1	9.96214e-04	-1.419e-01	3.862e-02 -9.117027282714844	1.0
chr14_24400545_C_T_b38	2	2.23275e-01	1.682e-01	4.514e-02 0.02153756469488144	1.0
chr14_24400306_T_C_b38	2	2.23275e-01	1.682e-01	4.514e-02 -0.0005339322378858924	1.0
chr14_24399956_A_T_b38	2	2.00854e-01	-1.445e-01	3.942e-02 -1.725160002708435	1.0
chr14_24396320_C_T_b38	3	1.66038e-01	2.234e-01	6.171e-02 0.48287433385849	1.0
chr14_24394307_C_G_b38	3	6.55268e-02	2.076e-01	6.120e-02 -0.4892367422580719	1.0
chr14_24394466_C_T_b38	3	2.41533e-02	1.896e-01	6.161e-02 0.4252014458179474	1.0
chr14_24398387_C_T_b38	4	3.25280e-03	2.774e-02	7.957e-02 -2.394190549850464	1.0
