chr20_44885569_T_C_b38	1	2.16596e-01	-1.372e-01	3.167e-02 6.675859451293945	1.0
chr20_44885696_G_T_b38	1	2.16596e-01	-1.372e-01	3.167e-02 6.707761764526367	1.0
chr20_44885562_C_T_b38	1	2.16596e-01	-1.372e-01	3.167e-02 6.540561199188232	1.0
chr20_44886629_C_T_b38	1	6.58882e-02	-1.366e-01	3.165e-02 6.5014076232910165	1.0
chr20_44888560_A_G_b38	1	2.20466e-02	-1.372e-01	3.166e-02 6.716586112976074	1.0
chr20_44888400_C_T_b38	1	2.07169e-02	-1.366e-01	3.165e-02 6.528067588806152	1.0
chr20_44894084_A_G_b38	1	1.70144e-02	-1.392e-01	3.191e-02 6.719471454620361	1.0
chr20_44893533_C_G_b38	1	1.70144e-02	-1.392e-01	3.191e-02 6.7065043449401855	1.0
chr20_44890896_A_G_b38	1	1.52480e-02	-1.372e-01	3.166e-02 6.720776081085205	1.0
chr20_44895564_C_A_b38	1	1.52480e-02	-1.372e-01	3.166e-02 6.71875	1.0
chr20_44891649_CAT_C_b38	1	1.52480e-02	-1.372e-01	3.166e-02 6.560404567357309	1.0
chr20_44894193_C_T_b38	1	1.43283e-02	-1.366e-01	3.165e-02 6.5324344635009775	1.0
chr20_44901038_T_C_b38	1	7.73861e-03	-1.372e-01	3.166e-02 6.707691669464111	1.0
chr20_44899568_T_C_b38	1	7.73861e-03	-1.372e-01	3.166e-02 6.7096824645996085	1.0
chr20_44908559_T_C_b38	1	7.73861e-03	-1.372e-01	3.166e-02 6.558760276700534	1.0
chr20_44901593_A_C_b38	1	7.73861e-03	-1.372e-01	3.166e-02 6.717750072479247	1.0
chr20_44903747_A_G_b38	1	7.73861e-03	-1.372e-01	3.166e-02 6.708381652832031	1.0
chr20_44898696_C_T_b38	1	7.73861e-03	-1.372e-01	3.166e-02 6.708050727844237	1.0
chr20_44896322_C_T_b38	1	7.27184e-03	-1.366e-01	3.165e-02 6.530980110168457	1.0
chr20_44907814_C_T_b38	1	7.27184e-03	-1.366e-01	3.165e-02 6.540117263793945	1.0
chr20_44903797_T_C_b38	1	7.27184e-03	-1.366e-01	3.165e-02 6.511950492858888	1.0
chr20_44899880_G_A_b38	1	7.27184e-03	-1.366e-01	3.165e-02 6.505246162414551	1.0
chr20_44900321_G_T_b38	1	7.27184e-03	-1.366e-01	3.165e-02 6.5337114334106445	1.0
chr20_44909956_G_T_b38	1	5.62302e-03	-1.370e-01	3.226e-02 6.6469807624816895	1.0
chr20_44906262_G_A_b38	1	5.62302e-03	-1.370e-01	3.226e-02 6.679952621459961	1.0
chr20_44914941_A_G_b38	1	5.44069e-03	-1.378e-01	3.038e-02 6.144587516784668	1.0
chr20_44914026_T_C_b38	1	5.11186e-03	-1.373e-01	3.037e-02 5.987849712371826	1.0
chr20_44904645_T_G_b38	1	5.02905e-03	-1.384e-01	3.284e-02 6.5676636695861825	1.0
chr20_44912542_G_C_b38	1	3.59752e-03	-1.363e-01	3.079e-02 6.144363880157473	1.0
chr20_44911680_G_A_b38	1	3.38309e-03	-1.371e-01	3.107e-02 6.140138626098633	1.0
chr20_44887515_G_A_b38	1	2.34446e-03	-1.189e-01	3.390e-02 7.076026916503906	1.0
chr20_44885402_A_G_b38	2	7.52271e-02	-2.874e-01	1.202e-01 0.5496510267257689	1.0
chr20_44885172_C_T_b38	3	4.34182e-04	-4.515e-02	1.189e-01 0.36623862385749817	1.0
