chr4_10050512_A_G_b38	1	3.78897e-02	-3.485e-01	5.210e-02 4.9019432067871085	1.0
chr4_10051531_C_G_b38	1	3.78897e-02	-3.485e-01	5.210e-02 4.912058830261231	1.0
chr4_10033309_T_C_b38	1	2.81383e-02	-3.567e-01	5.210e-02 4.916231155395508	1.0
chr4_10026766_G_A_b38	1	2.40324e-02	-3.620e-01	5.180e-02 5.487327575683594	1.0
chr4_10050048_A_C_b38	1	2.31390e-02	-3.453e-01	5.230e-02 4.9213175773620605	1.0
chr4_10051807_C_T_b38	1	2.22074e-02	-3.456e-01	5.241e-02 5.402755737304688	1.0
chr4_10011549_T_G_b38	1	1.96313e-02	-3.560e-01	5.121e-02 5.0480990409851065	1.0
chr4_10034566_C_T_b38	1	1.69316e-02	-3.559e-01	5.265e-02 5.309252262115479	1.0
chr4_10034715_A_G_b38	1	1.69316e-02	-3.559e-01	5.265e-02 5.32634973526001	1.0
chr4_10034882_T_C_b38	1	1.69316e-02	-3.559e-01	5.265e-02 5.325977325439453	1.0
chr4_10033830_G_A_b38	1	1.69316e-02	-3.559e-01	5.265e-02 5.317976951599121	1.0
chr4_10051337_G_T_b38	1	1.57280e-02	-3.421e-01	5.236e-02 5.3374762535095215	1.0
chr4_10019971_C_T_b38	1	1.50202e-02	-3.572e-01	5.172e-02 5.052918434143066	1.0
chr4_10023539_T_A_b38	1	1.49991e-02	-3.577e-01	5.179e-02 5.054762363433838	1.0
chr4_10015244_T_C_b38	1	1.49991e-02	-3.577e-01	5.179e-02 5.033375263214111	1.0
chr4_10015191_T_C_b38	1	1.49991e-02	-3.577e-01	5.179e-02 5.033346652984619	1.0
chr4_10016529_C_A_b38	1	1.49991e-02	-3.577e-01	5.179e-02 5.04503870010376	1.0
chr4_10009697_C_G_b38	1	1.49991e-02	-3.577e-01	5.179e-02 4.979912281036377	1.0
chr4_10046647_C_T_b38	1	1.34709e-02	-3.452e-01	5.233e-02 5.3421478271484375	1.0
chr4_10047425_T_C_b38	1	1.34709e-02	-3.452e-01	5.233e-02 5.306282997131348	1.0
chr4_10009721_A_G_b38	1	1.31883e-02	-3.610e-01	5.243e-02 5.430038928985597	1.0
chr4_10019666_G_C_b38	1	1.31883e-02	-3.610e-01	5.243e-02 5.451217651367188	1.0
chr4_10042740_T_C_b38	1	1.31391e-02	-3.486e-01	5.194e-02 4.9127702713012695	1.0
chr4_10037300_G_T_b38	1	1.31391e-02	-3.486e-01	5.194e-02 4.841649532318115	1.0
chr4_10043160_T_C_b38	1	1.31391e-02	-3.486e-01	5.194e-02 4.915402412414551	1.0
chr4_10031914_C_A_b38	1	1.31391e-02	-3.486e-01	5.194e-02 4.8582763671875	1.0
chr4_10042558_C_T_b38	1	1.31391e-02	-3.486e-01	5.194e-02 4.917491436004639	1.0
chr4_10038565_C_G_b38	1	1.31391e-02	-3.486e-01	5.194e-02 4.846168518066406	1.0
chr4_10044159_G_A_b38	1	1.31391e-02	-3.486e-01	5.194e-02 4.917634010314941	1.0
chr4_10043024_A_G_b38	1	1.31391e-02	-3.486e-01	5.194e-02 4.9138503074646	1.0
chr4_10043521_G_A_b38	1	1.31391e-02	-3.486e-01	5.194e-02 4.916656970977783	1.0
chr4_10017215_T_C_b38	1	1.23687e-02	-3.521e-01	5.125e-02 5.446413993835449	1.0
chr4_10016980_C_A_b38	1	1.23687e-02	-3.521e-01	5.125e-02 5.4462761878967285	1.0
chr4_10084391_T_C_b38	1	1.16689e-02	-3.543e-01	5.159e-02 4.950431346893311	1.0
chr4_10013022_A_C_b38	1	1.12272e-02	-3.542e-01	5.169e-02 5.43926477432251	1.0
chr4_10012237_C_T_b38	1	1.12272e-02	-3.542e-01	5.169e-02 5.429658889770508	1.0
chr4_10037595_T_TA_b38	1	1.04077e-02	-3.458e-01	5.184e-02 4.849527071373222	1.0
chr4_10011578_C_T_b38	1	9.64471e-03	-3.559e-01	5.211e-02 5.464379787445068	1.0
chr4_10017514_C_G_b38	1	9.64471e-03	-3.559e-01	5.211e-02 5.45073127746582	1.0
chr4_10016004_C_T_b38	1	9.64471e-03	-3.559e-01	5.211e-02 5.44882869720459	1.0
chr4_10015617_G_A_b38	1	9.64471e-03	-3.559e-01	5.211e-02 5.454370498657227	1.0
chr4_10024956_G_A_b38	1	9.64471e-03	-3.559e-01	5.211e-02 5.515844345092773	1.0
chr4_10017912_C_T_b38	1	9.64471e-03	-3.559e-01	5.211e-02 5.450536727905273	1.0
chr4_10018108_C_T_b38	1	9.64471e-03	-3.559e-01	5.211e-02 5.451542377471924	1.0
chr4_10015763_G_C_b38	1	9.64471e-03	-3.559e-01	5.211e-02 5.454906463623047	1.0
chr4_10016811_G_A_b38	1	9.64471e-03	-3.559e-01	5.211e-02 5.449779987335205	1.0
chr4_10011754_G_A_b38	1	9.64471e-03	-3.559e-01	5.211e-02 5.467531681060791	1.0
chr4_10018856_C_T_b38	1	9.64471e-03	-3.559e-01	5.211e-02 5.455458164215088	1.0
chr4_10017766_G_A_b38	1	9.64471e-03	-3.559e-01	5.211e-02 5.4567975997924805	1.0
chr4_10027331_T_C_b38	1	9.64471e-03	-3.559e-01	5.211e-02 5.479779243469238	1.0
chr4_10013018_A_T_b38	1	9.64471e-03	-3.559e-01	5.211e-02 5.443122863769531	1.0
chr4_10019133_A_G_b38	1	9.64471e-03	-3.559e-01	5.211e-02 5.472086429595947	1.0
chr4_10020435_T_C_b38	1	9.64471e-03	-3.559e-01	5.211e-02 5.465436458587647	1.0
chr4_10018940_G_A_b38	1	9.64471e-03	-3.559e-01	5.211e-02 5.456459999084473	1.0
chr4_10021824_C_T_b38	1	9.64471e-03	-3.559e-01	5.211e-02 5.480009078979492	1.0
chr4_10011839_T_A_b38	1	9.64471e-03	-3.559e-01	5.211e-02 5.459517478942871	1.0
chr4_10027105_T_C_b38	1	9.64471e-03	-3.559e-01	5.211e-02 5.463209629058838	1.0
chr4_10011667_TAGAC_T_b38	1	9.64471e-03	-3.559e-01	5.211e-02 5.374468998387412	1.0
chr4_10016920_T_C_b38	1	9.64471e-03	-3.559e-01	5.211e-02 5.444890975952148	1.0
chr4_10046301_G_A_b38	1	9.57103e-03	-3.405e-01	5.211e-02 4.905292987823486	1.0
chr4_10049882_G_A_b38	1	9.37835e-03	-3.400e-01	5.206e-02 5.299722194671631	1.0
chr4_10050031_C_T_b38	1	9.21680e-03	-3.380e-01	5.253e-02 4.909319877624512	1.0
chr4_10044674_A_G_b38	1	6.88184e-03	-3.452e-01	5.233e-02 5.293668746948242	1.0
chr4_10035637_C_A_b38	1	6.88184e-03	-3.452e-01	5.233e-02 5.306612014770508	1.0
chr4_10041404_C_A_b38	1	6.88184e-03	-3.452e-01	5.233e-02 5.320679187774658	1.0
chr4_10039480_C_T_b38	1	6.88184e-03	-3.452e-01	5.233e-02 5.291640758514403	1.0
chr4_10037904_C_A_b38	1	6.88184e-03	-3.452e-01	5.233e-02 5.21392822265625	1.0
chr4_10039875_A_C_b38	1	6.88184e-03	-3.452e-01	5.233e-02 5.293498992919922	1.0
chr4_10042262_A_C_b38	1	6.88184e-03	-3.452e-01	5.233e-02 5.3006625175476065	1.0
chr4_10041291_T_A_b38	1	6.88184e-03	-3.452e-01	5.233e-02 5.2929110527038565	1.0
chr4_10036004_T_C_b38	1	6.88184e-03	-3.452e-01	5.233e-02 5.317767143249512	1.0
chr4_10044203_A_G_b38	1	6.88184e-03	-3.452e-01	5.233e-02 5.29419469833374	1.0
chr4_10030940_CTAAAACTAAGAAGT_C_b38	1	6.88184e-03	-3.452e-01	5.233e-02 5.314704120339778	1.0
chr4_10040536_C_T_b38	1	6.88184e-03	-3.452e-01	5.233e-02 5.295166969299316	1.0
chr4_10035722_T_C_b38	1	6.88184e-03	-3.452e-01	5.233e-02 5.305020809173584	1.0
chr4_10041218_C_T_b38	1	6.88184e-03	-3.452e-01	5.233e-02 5.2958760261535645	1.0
chr4_10030937_C_T_b38	1	6.88184e-03	-3.452e-01	5.233e-02 5.168899059295653	1.0
chr4_10044015_A_ATTT_b38	1	5.58123e-03	-3.437e-01	5.240e-02 4.826354103278871	1.0
chr4_10021357_C_T_b38	1	5.08988e-03	-3.494e-01	5.203e-02 5.48671817779541	1.0
chr4_10043765_C_T_b38	1	4.88915e-03	-3.405e-01	5.211e-02 4.908312797546387	1.0
chr4_10016355_C_T_b38	1	3.95023e-03	-3.399e-01	5.095e-02 5.082934379577637	1.0
chr4_10008293_G_A_b38	1	3.04492e-03	-3.515e-01	5.305e-02 5.3638834953308105	1.0
chr4_10029444_G_A_b38	1	2.60997e-03	-3.452e-01	5.233e-02 5.250748157501222	1.0
chr4_10016581_C_T_b38	1	2.36182e-03	-3.456e-01	5.255e-02 5.030794143676758	1.0
chr4_10049191_T_C_b38	1	1.94389e-03	-3.252e-01	5.213e-02 4.894144058227539	1.0
chr4_10094396_C_T_b38	1	1.80826e-03	3.542e-01	5.420e-02 -4.54453182220459	1.0
chr4_10005681_G_T_b38	1	1.39171e-03	-3.415e-01	5.268e-02 5.317461013793945	1.0
chr4_10091675_T_C_b38	1	1.29422e-03	3.542e-01	5.470e-02 -4.630328178405762	1.0
chr4_10093307_G_A_b38	1	1.22916e-03	3.526e-01	5.454e-02 -4.554754734039307	1.0
chr4_10003119_C_G_b38	1	1.06753e-03	-3.504e-01	5.266e-02 5.289368629455566	1.0
chr4_10014241_C_T_b38	1	9.35358e-04	-3.359e-01	5.243e-02 5.4043402671813965	1.0
chr4_9998253_C_T_b38	1	6.60835e-04	-3.478e-01	5.294e-02 5.282142639160156	1.0
chr4_9995910_C_T_b38	1	6.60835e-04	-3.478e-01	5.294e-02 5.220200061798097	1.0
chr4_10052111_A_G_b38	1	5.12065e-04	-3.279e-01	5.582e-02 3.960617065429688	1.0
chr4_10049384_C_T_b38	2	1.58631e-02	-4.052e-01	1.514e-01 -0.31280216574668884	1.0
chr4_10154553_T_G_b38	2	3.90541e-04	-2.840e-01	1.120e-01 -0.20585468411445615	1.0
