chr22_45447028_A_G_b38	1	1.63323e-01	-2.084e-01	5.697e-02 8.267627716064451	1.0
chr22_45447892_T_C_b38	1	1.20021e-01	-1.914e-01	5.756e-02 8.426549911499022	1.0
chr22_45450591_C_A_b38	1	1.15039e-01	-2.124e-01	5.979e-02 8.084251403808594	1.0
chr22_45448044_G_C_b38	1	1.04905e-01	-1.949e-01	5.944e-02 8.253152847290039	1.0
chr22_45439871_CA_C_b38	1	1.49907e-02	-1.663e-01	5.045e-02 0.0	1.0
chr22_45450490_C_T_b38	1	1.12820e-02	-1.692e-01	6.179e-02 8.019731521606445	1.0
chr22_45451084_G_A_b38	1	1.00858e-02	-1.666e-01	6.188e-02 8.15379524230957	1.0
chr22_45436458_A_T_b38	1	9.25280e-03	-1.655e-01	4.959e-02 7.110435962677003	1.0
chr22_45436539_G_C_b38	1	9.25280e-03	-1.655e-01	4.959e-02 7.112595558166504	1.0
chr22_45456568_T_C_b38	1	7.40980e-03	-1.739e-01	5.924e-02 8.098222732543945	1.0
chr22_45453675_G_A_b38	1	7.08214e-03	-1.695e-01	6.155e-02 8.106070518493652	1.0
chr22_45445396_T_A_b38	1	6.89538e-03	-1.642e-01	6.058e-02 8.439407348632812	1.0
chr22_45437022_A_G_b38	1	6.15894e-03	-1.594e-01	4.978e-02 0.0	1.0
chr22_45451315_G_T_b38	1	6.09819e-03	-1.666e-01	6.188e-02 8.011746406555176	1.0
chr22_45442765_T_C_b38	1	5.70662e-03	-1.681e-01	5.864e-02 8.450520515441895	1.0
chr22_45430153_A_G_b38	1	5.29258e-03	-1.534e-01	4.868e-02 7.274953842163086	1.0
chr22_45456632_G_A_b38	1	4.07204e-03	-1.625e-01	6.024e-02 8.08934211730957	1.0
chr22_45443175_G_A_b38	1	3.88275e-03	-1.642e-01	6.058e-02 8.440799713134767	1.0
chr22_45442936_C_T_b38	1	3.88275e-03	-1.642e-01	6.058e-02 8.440807342529299	1.0
chr22_45456143_A_C_b38	1	2.80516e-03	-1.469e-01	5.769e-02 8.101348876953125	1.0
chr22_45441081_CA_C_b38	1	2.57079e-03	-1.522e-01	6.000e-02 0.0	1.0
chr22_45441012_G_T_b38	1	1.84738e-03	-1.424e-01	5.961e-02 8.278926849365233	1.0
chr22_45440426_TG_T_b38	1	1.22446e-03	-1.363e-01	5.957e-02 0.0	1.0
chr22_45448800_C_A_b38	2	2.09593e-01	-2.650e-01	9.147e-02 -0.9080920815467834	1.0
chr22_45439292_G_T_b38	2	5.54280e-03	-2.313e-01	9.376e-02 -0.9177964925765992	1.0
chr22_45436993_C_G_b38	2	4.86358e-03	-2.103e-01	7.949e-02 0.0	1.0
chr22_45437338_C_T_b38	2	3.22334e-03	-2.352e-01	9.423e-02 -0.8328760862350464	1.0
chr22_45450482_G_A_b38	3	1.07992e-03	-2.828e-02	1.255e-01 -2.053541898727417	1.0
