chr6_130053316_T_A_b38	1	9.99861e-01	-4.193e-01	3.426e-02 -18.66963005065918	1.0
chr6_130013264_A_G_b38	2	2.35783e-02	8.029e-02	3.964e-02 -13.21541690826416	1.0
chr6_130015408_T_C_b38	2	3.73516e-03	8.387e-02	4.323e-02 -14.281767845153807	1.0
chr6_130010120_A_G_b38	2	2.02855e-03	7.676e-02	4.204e-02 -14.170783996582033	1.0
chr6_130007494_G_A_b38	2	1.50959e-03	8.037e-02	3.960e-02 -13.180335998535154	1.0
chr6_130017576_A_AAAAT_b38	2	1.11053e-03	6.136e-02	4.896e-02 -14.100525665219159	1.0
chr6_130007104_A_AAG_b38	2	9.18109e-04	7.115e-02	4.217e-02 -13.69892282216634	1.0
chr6_130004310_A_ACTGT_b38	2	8.46898e-04	6.667e-02	4.064e-02 -13.633269872567213	1.0
chr6_130010523_A_G_b38	2	7.50608e-04	3.797e-02	3.461e-02 -9.362749099731444	1.0
chr6_130005567_C_T_b38	2	4.49534e-04	4.109e-02	3.491e-02 -10.102785110473633	1.0
chr6_130006558_G_GCAGAATTTGTTGGAA_b38	2	4.29538e-04	3.737e-02	4.803e-02 -13.599959394298079	1.0
chr6_130008353_T_C_b38	2	4.13921e-04	3.797e-02	3.461e-02 -9.336099624633787	1.0
chr6_130008048_A_C_b38	2	4.13921e-04	3.797e-02	3.461e-02 -9.33978271484375	1.0
chr6_130005525_G_A_b38	2	3.98302e-04	3.646e-02	3.478e-02 -9.253265380859377	1.0
chr6_130007407_G_A_b38	2	3.98302e-04	3.646e-02	3.478e-02 -9.362785339355467	1.0
chr6_130007254_C_A_b38	2	3.82853e-04	3.439e-02	3.476e-02 -9.381078720092773	1.0
chr6_130005535_T_C_b38	2	3.77562e-04	3.420e-02	3.473e-02 -9.25589084625244	1.0
chr6_130005911_G_A_b38	2	3.76100e-04	3.404e-02	3.461e-02 -9.316776275634766	1.0
chr6_130004551_C_A_b38	2	3.36854e-04	2.800e-02	3.506e-02 -9.31740665435791	1.0
chr6_130027974_C_T_b38	2	3.26996e-04	-1.544e-02	6.938e-02 -18.11189079284668	1.0
chr6_130014178_G_A_b38	3	4.32109e-04	-3.947e-02	8.596e-02 -4.200124263763429	1.0
chr6_130013132_C_T_b38	3	2.25916e-04	-6.241e-02	9.510e-02 -4.160394191741943	1.0
chr6_130013150_T_G_b38	3	2.25916e-04	-6.241e-02	9.510e-02 -4.159599781036377	1.0
chr6_130014260_G_A_b38	3	1.45078e-04	-3.104e-02	8.491e-02 -4.064545631408691	1.0
chr6_130015964_G_T_b38	3	7.56271e-05	-2.044e-02	8.240e-02 -4.049830913543701	1.0
