chr1_92559287_C_T_b38	1	2.90518e-02	-2.171e-01	3.737e-02 9.995417594909668	1.0
chr1_92557593_A_C_b38	1	1.85959e-02	-2.138e-01	3.750e-02 9.995512008666992	1.0
chr1_92567026_T_C_b38	1	1.85959e-02	-2.138e-01	3.750e-02 9.98664093017578	1.0
chr1_92566068_T_C_b38	1	1.85959e-02	-2.138e-01	3.750e-02 9.97433376312256	1.0
chr1_92565178_T_C_b38	1	1.85959e-02	-2.138e-01	3.750e-02 9.975140571594238	1.0
chr1_92547205_T_C_b38	1	1.85959e-02	-2.138e-01	3.750e-02 10.024466067181619	1.0
chr1_92553756_T_C_b38	1	1.85959e-02	-2.138e-01	3.750e-02 9.995512008666992	1.0
chr1_92568466_G_T_b38	1	1.85959e-02	-2.138e-01	3.750e-02 10.024466067181619	1.0
chr1_92556726_A_G_b38	1	1.85959e-02	-2.138e-01	3.750e-02 9.995512008666992	1.0
chr1_92558337_T_TCA_b38	1	1.85959e-02	-2.138e-01	3.750e-02 10.024466067181619	1.0
chr1_92543163_G_T_b38	1	1.85959e-02	-2.138e-01	3.750e-02 9.989228248596193	1.0
chr1_92543881_C_A_b38	1	1.85959e-02	-2.138e-01	3.750e-02 9.996551513671877	1.0
chr1_92562357_G_A_b38	1	1.85959e-02	-2.138e-01	3.750e-02 10.001086235046387	1.0
chr1_92556334_T_C_b38	1	1.85959e-02	-2.138e-01	3.750e-02 9.994803428649902	1.0
chr1_92549476_T_A_b38	1	1.85959e-02	-2.138e-01	3.750e-02 9.863453333412911	1.0
chr1_92563896_A_G_b38	1	1.85959e-02	-2.138e-01	3.750e-02 9.988133430480957	1.0
chr1_92547412_G_A_b38	1	1.85959e-02	-2.138e-01	3.750e-02 10.024466067181619	1.0
chr1_92551282_CT_C_b38	1	1.85959e-02	-2.138e-01	3.750e-02 10.024466067181619	1.0
chr1_92562686_TTTTG_T_b38	1	1.85959e-02	-2.138e-01	3.750e-02 10.024466067181619	1.0
chr1_92548786_C_A_b38	1	1.85959e-02	-2.138e-01	3.750e-02 10.024466067181619	1.0
chr1_92559731_G_A_b38	1	1.85959e-02	-2.138e-01	3.750e-02 10.024466067181619	1.0
chr1_92566963_T_C_b38	1	1.85959e-02	-2.138e-01	3.750e-02 9.986404418945312	1.0
chr1_92562305_G_A_b38	1	1.85959e-02	-2.138e-01	3.750e-02 10.001086235046387	1.0
chr1_92564141_T_G_b38	1	1.85959e-02	-2.138e-01	3.750e-02 9.98477268218994	1.0
chr1_92568664_G_A_b38	1	1.85959e-02	-2.138e-01	3.750e-02 10.024466067181619	1.0
chr1_92547062_T_A_b38	1	1.85959e-02	-2.138e-01	3.750e-02 10.024466067181619	1.0
chr1_92546690_T_C_b38	1	1.85959e-02	-2.138e-01	3.750e-02 9.996456146240234	1.0
chr1_92545351_T_C_b38	1	1.85959e-02	-2.138e-01	3.750e-02 9.996220588684082	1.0
chr1_92559735_G_C_b38	1	1.85959e-02	-2.138e-01	3.750e-02 10.024466067181619	1.0
chr1_92566910_G_A_b38	1	1.85959e-02	-2.138e-01	3.750e-02 10.016762733459473	1.0
chr1_92557121_C_G_b38	1	1.60573e-02	-2.129e-01	3.759e-02 9.995512008666992	1.0
chr1_92551602_A_T_b38	1	1.15030e-02	-2.117e-01	3.779e-02 9.998299598693848	1.0
chr1_92549418_C_T_b38	1	1.09203e-02	-2.100e-01	3.758e-02 10.024466067181619	1.0
chr1_92563235_C_G_b38	1	1.07560e-02	-2.095e-01	3.745e-02 9.994047164916992	1.0
chr1_92547573_G_A_b38	1	8.32511e-03	-2.096e-01	3.786e-02 9.99579620361328	1.0
chr1_92546015_A_G_b38	1	5.53760e-03	-2.088e-01	3.843e-02 9.997685432434082	1.0
chr1_92569463_C_T_b38	1	4.97669e-03	-2.016e-01	3.705e-02 10.024466067181619	1.0
chr1_92527990_A_C_b38	1	2.84590e-03	-2.150e-01	3.673e-02 9.996740341186523	1.0
chr1_92523035_C_A_b38	1	2.84590e-03	-2.150e-01	3.673e-02 9.998394012451172	1.0
chr1_92523160_A_C_b38	1	2.84590e-03	-2.150e-01	3.673e-02 9.993244171142578	1.0
chr1_92527070_G_A_b38	1	2.84590e-03	-2.150e-01	3.673e-02 9.9966459274292	1.0
chr1_92530170_C_A_b38	1	2.84590e-03	-2.150e-01	3.673e-02 9.996834754943848	1.0
chr1_92528476_G_A_b38	1	2.84590e-03	-2.150e-01	3.673e-02 9.996740341186523	1.0
chr1_92531813_A_G_b38	1	2.84590e-03	-2.150e-01	3.673e-02 9.99948024749756	1.0
chr1_92527240_T_C_b38	1	2.84590e-03	-2.150e-01	3.673e-02 9.996740341186523	1.0
chr1_92537342_C_CT_b38	1	2.84590e-03	-2.150e-01	3.673e-02 10.024466067181619	1.0
chr1_92527599_C_T_b38	1	2.84590e-03	-2.150e-01	3.673e-02 9.996740341186523	1.0
chr1_92535873_C_T_b38	1	2.84590e-03	-2.150e-01	3.673e-02 9.996834754943848	1.0
chr1_92522018_A_G_b38	1	2.84590e-03	-2.150e-01	3.673e-02 9.99598503112793	1.0
chr1_92539449_T_C_b38	1	2.84590e-03	-2.150e-01	3.673e-02 9.996881484985352	1.0
chr1_92534775_C_A_b38	1	2.84590e-03	-2.150e-01	3.673e-02 10.024466067181619	1.0
chr1_92538662_A_C_b38	1	2.84590e-03	-2.150e-01	3.673e-02 9.996881484985352	1.0
chr1_92521873_C_T_b38	1	2.84590e-03	-2.150e-01	3.673e-02 9.998771667480467	1.0
chr1_92528250_C_T_b38	1	2.84590e-03	-2.150e-01	3.673e-02 9.996740341186523	1.0
chr1_92538013_A_G_b38	1	2.84590e-03	-2.150e-01	3.673e-02 10.005575180053713	1.0
chr1_92541259_T_C_b38	1	2.84590e-03	-2.150e-01	3.673e-02 9.996881484985352	1.0
chr1_92535017_T_C_b38	1	2.84590e-03	-2.150e-01	3.673e-02 9.996834754943848	1.0
chr1_92487586_TG_T_b38	1	2.65990e-03	-2.150e-01	3.682e-02 10.024466067181619	1.0
chr1_92480922_G_A_b38	1	2.01455e-03	-2.134e-01	3.668e-02 9.947489738464355	1.0
chr1_92520957_G_T_b38	1	1.20527e-03	-2.072e-01	3.673e-02 9.917221988721279	1.0
chr1_92505396_C_T_b38	1	1.15222e-03	-2.108e-01	3.671e-02 9.983120918273926	1.0
chr1_92500412_T_C_b38	1	1.15222e-03	-2.108e-01	3.671e-02 9.985922813415527	1.0
chr1_92506271_T_A_b38	1	1.15222e-03	-2.108e-01	3.671e-02 9.980064392089844	1.0
chr1_92511033_G_A_b38	1	1.15222e-03	-2.108e-01	3.671e-02 10.023487091064453	1.0
chr1_92514124_TTA_T_b38	1	1.15222e-03	-2.108e-01	3.671e-02 10.024466067181619	1.0
chr1_92487304_A_G_b38	1	1.15222e-03	-2.108e-01	3.671e-02 9.96044921875	1.0
chr1_92507518_A_C_b38	1	1.15222e-03	-2.108e-01	3.671e-02 9.980863571166992	1.0
chr1_92506394_T_C_b38	1	1.15222e-03	-2.108e-01	3.671e-02 9.980393409729004	1.0
chr1_92513797_A_G_b38	1	1.15222e-03	-2.108e-01	3.671e-02 10.010719299316406	1.0
chr1_92502755_T_C_b38	1	1.15222e-03	-2.108e-01	3.671e-02 9.993522644042967	1.0
chr1_92510466_T_G_b38	1	1.15222e-03	-2.108e-01	3.671e-02 10.023722648620604	1.0
chr1_92511718_A_G_b38	1	1.15222e-03	-2.108e-01	3.671e-02 10.023487091064453	1.0
chr1_92505213_C_T_b38	1	1.15222e-03	-2.108e-01	3.671e-02 9.979547500610352	1.0
chr1_92509038_G_A_b38	1	1.15222e-03	-2.108e-01	3.671e-02 9.991436004638672	1.0
chr1_92505917_CT_C_b38	1	1.15222e-03	-2.108e-01	3.671e-02 10.024466067181619	1.0
chr1_92506900_T_C_b38	1	1.15222e-03	-2.108e-01	3.671e-02 9.98166275024414	1.0
chr1_92519778_C_T_b38	1	1.15222e-03	-2.108e-01	3.671e-02 9.991640090942383	1.0
chr1_92539435_T_C_b38	1	1.13959e-03	-2.090e-01	3.649e-02 9.99787425994873	1.0
chr1_92532113_C_CA_b38	1	7.68480e-04	-2.135e-01	3.798e-02 10.10267464710858	1.0
chr1_92476795_G_A_b38	1	5.63341e-04	-2.066e-01	3.616e-02 9.916728019714355	1.0
chr1_92485682_A_G_b38	1	5.63341e-04	-2.066e-01	3.616e-02 9.952535629272461	1.0
chr1_92470802_A_G_b38	1	5.56514e-04	2.138e-01	3.742e-02 -9.022597312927246	1.0
chr1_92494915_A_G_b38	1	5.23238e-04	-2.074e-01	3.640e-02 9.985129356384276	1.0
chr1_92507376_T_C_b38	1	5.23238e-04	-2.074e-01	3.640e-02 9.981947898864746	1.0
chr1_92503296_T_C_b38	1	5.23238e-04	-2.074e-01	3.640e-02 9.994039535522461	1.0
chr1_92464918_G_C_b38	1	4.85199e-04	2.146e-01	3.750e-02 -8.9703369140625	1.0
chr1_92481467_T_C_b38	1	3.93032e-04	-2.059e-01	3.623e-02 9.953493118286133	1.0
chr1_92464449_T_G_b38	1	3.06658e-04	2.107e-01	3.738e-02 -8.985736846923828	1.0
chr1_92465839_A_G_b38	1	3.06658e-04	2.107e-01	3.738e-02 -8.982419967651367	1.0
chr1_92460405_T_G_b38	1	3.06658e-04	2.107e-01	3.738e-02 -8.971270561218262	1.0
chr1_92794676_G_A_b38	2	3.10931e-02	-1.261e-01	4.292e-02 9.265481948852539	1.0
chr1_92789287_A_G_b38	2	1.92884e-02	-1.287e-01	4.393e-02 9.258410453796387	1.0
chr1_92758297_G_A_b38	2	1.86698e-02	-1.542e-01	3.292e-02 9.289450645446776	1.0
chr1_92801391_C_T_b38	2	1.50997e-02	-1.334e-01	4.059e-02 9.150846481323242	1.0
chr1_92787447_C_T_b38	2	1.29563e-02	-1.206e-01	4.470e-02 9.27197265625	1.0
chr1_92792062_C_T_b38	2	1.29285e-02	4.859e-02	3.248e-02 -5.8614182472229	1.0
chr1_92744283_C_T_b38	2	1.10166e-02	-1.505e-01	3.401e-02 9.533459663391113	1.0
chr1_92711884_T_A_b38	2	1.09981e-02	-1.615e-01	2.879e-02 9.55951976776123	1.0
chr1_92572885_A_G_b38	2	8.69785e-03	-1.705e-01	2.885e-02 9.54556369781494	1.0
chr1_92632513_A_C_b38	2	8.45000e-03	-1.710e-01	2.895e-02 9.428867778182775	1.0
chr1_92632515_T_G_b38	2	8.45000e-03	-1.710e-01	2.895e-02 9.428867778182775	1.0
chr1_92768538_G_C_b38	2	7.41298e-03	-1.314e-01	3.997e-02 9.525524139404297	1.0
chr1_92791656_G_A_b38	2	6.22246e-03	5.091e-02	3.192e-02 -5.552748680114746	1.0
chr1_92768045_A_G_b38	2	5.61986e-03	-1.279e-01	4.122e-02 9.4847412109375	1.0
chr1_92758662_T_A_b38	2	5.22988e-03	-1.380e-01	3.683e-02 9.473666191101074	1.0
chr1_92754532_ACAAG_A_b38	2	5.22988e-03	-1.380e-01	3.683e-02 9.385043627496891	1.0
chr1_92696163_C_T_b38	2	4.85877e-03	-1.558e-01	2.844e-02 9.51810073852539	1.0
chr1_92753126_A_G_b38	2	4.28691e-03	-1.370e-01	3.700e-02 9.701473266414133	1.0
chr1_92753219_A_G_b38	2	4.28691e-03	-1.370e-01	3.700e-02 9.714115142822266	1.0
chr1_92751415_C_G_b38	2	3.64257e-03	-1.348e-01	3.771e-02 9.704614639282227	1.0
chr1_92750161_T_C_b38	2	3.25099e-03	-1.339e-01	3.828e-02 9.705564498901367	1.0
chr1_92790096_G_C_b38	2	2.47459e-03	4.855e-02	3.250e-02 -5.895781517028809	1.0
chr1_92797917_C_T_b38	2	1.99815e-03	6.775e-02	3.601e-02 -6.074707984924316	1.0
chr1_92789310_GCTT_G_b38	2	1.93109e-03	5.278e-02	3.245e-02 -5.7351919761628745	1.0
chr1_92795816_A_G_b38	2	1.90615e-03	5.278e-02	3.245e-02 -5.588235378265381	1.0
chr1_92795941_T_C_b38	2	1.90615e-03	5.278e-02	3.245e-02 -5.58305549621582	1.0
chr1_92796459_G_A_b38	2	1.90615e-03	5.278e-02	3.245e-02 -5.59273624420166	1.0
chr1_92757240_C_A_b38	2	1.51085e-03	-1.370e-01	2.886e-02 9.709030151367188	1.0
chr1_92711321_T_A_b38	2	1.46643e-03	-1.449e-01	2.775e-02 9.746359825134276	1.0
chr1_92714639_G_A_b38	2	1.46643e-03	-1.449e-01	2.775e-02 9.736327171325684	1.0
chr1_92788406_G_A_b38	2	1.44086e-03	4.662e-02	3.220e-02 -5.839125633239746	1.0
chr1_92750039_T_C_b38	2	1.34764e-03	-1.365e-01	2.901e-02 9.710829734802246	1.0
chr1_92780901_G_C_b38	2	1.31577e-03	-1.065e-01	4.990e-02 9.585426330566406	1.0
chr1_92735367_A_G_b38	2	1.09876e-03	-1.431e-01	2.762e-02 9.703938484191896	1.0
chr1_92705007_G_A_b38	2	1.07078e-03	-1.435e-01	2.772e-02 9.71583080291748	1.0
chr1_92699650_T_A_b38	2	1.07078e-03	-1.435e-01	2.772e-02 9.714937210083008	1.0
chr1_92726577_A_G_b38	2	1.07078e-03	-1.435e-01	2.772e-02 9.73845100402832	1.0
chr1_92710257_C_T_b38	2	9.58607e-04	-1.431e-01	2.777e-02 9.719999313354492	1.0
chr1_92780447_C_CT_b38	2	9.15792e-04	-9.776e-02	5.204e-02 9.717089377534592	1.0
chr1_92779423_C_T_b38	2	9.15792e-04	-9.776e-02	5.204e-02 9.585180282592773	1.0
chr1_92778058_G_A_b38	2	5.65058e-04	5.326e-02	3.168e-02 -5.7525997161865225	1.0
chr1_92767766_A_G_b38	2	5.35647e-04	5.199e-02	3.137e-02 -5.877979755401611	1.0
chr1_92765411_A_C_b38	2	4.21167e-04	6.640e-02	3.321e-02 -5.876194953918457	1.0
chr1_92748715_AC_A_b38	2	4.21167e-04	6.640e-02	3.321e-02 -5.753138672891683	1.0
chr1_92766823_T_A_b38	2	4.21167e-04	6.640e-02	3.321e-02 -5.875889301300049	1.0
chr1_92752395_G_A_b38	2	3.40981e-04	9.262e-02	4.559e-02 -6.457653522491455	1.0
chr1_92745319_T_C_b38	2	3.14425e-04	5.959e-02	3.240e-02 -6.174592971801758	1.0
chr1_92746363_C_A_b38	2	3.14425e-04	5.959e-02	3.240e-02 -6.2139763832092285	1.0
chr1_92792120_A_G_b38	3	3.08024e-04	-1.290e-01	4.830e-02 6.3736023902893075	1.0
chr1_92782671_T_C_b38	3	1.57357e-05	-1.725e-01	5.038e-02 6.252495765686035	1.0
chr1_92791817_A_G_b38	3	1.50058e-05	-1.290e-01	4.830e-02 6.391059398651122	1.0
chr1_92783294_G_A_b38	3	1.47689e-05	-1.702e-01	5.001e-02 6.275646686553955	1.0
chr1_92785337_C_T_b38	3	1.47689e-05	-1.702e-01	5.001e-02 6.274733543395996	1.0
chr1_92792943_A_G_b38	3	1.28947e-05	-1.290e-01	4.830e-02 6.37478494644165	1.0
chr1_92784550_CTCCG_C_b38	3	1.10291e-05	-1.648e-01	4.988e-02 6.266452205721394	1.0
chr1_92785438_T_C_b38	3	1.08729e-05	-1.686e-01	5.110e-02 6.285279273986816	1.0
chr1_92774847_T_G_b38	3	1.07861e-05	-1.765e-01	5.033e-02 6.2832984924316415	1.0
chr1_92768838_A_G_b38	3	1.06527e-05	-1.771e-01	5.057e-02 6.267271995544434	1.0
chr1_92771853_C_T_b38	3	1.06474e-05	-1.756e-01	5.013e-02 6.2687177658081055	1.0
