chr3_157163213_T_C_b38	1	9.44056e-02	-7.390e-01	7.040e-02 -8.877243041992188	1.0
chr3_157163770_A_G_b38	1	8.81549e-02	-7.292e-01	7.052e-02 -8.876968383789062	1.0
chr3_157163603_T_G_b38	1	8.81549e-02	-7.292e-01	7.052e-02 -8.877007484436035	1.0
chr3_157163799_C_T_b38	1	8.81549e-02	-7.292e-01	7.052e-02 -8.882169723510742	1.0
chr3_157166845_A_G_b38	1	7.67473e-02	-7.610e-01	7.154e-02 -8.949980708072111	1.0
chr3_157162784_T_C_b38	1	5.42032e-02	-7.390e-01	7.040e-02 -8.877431869506836	1.0
chr3_157165907_G_A_b38	1	3.12286e-02	-7.452e-01	7.142e-02 -8.76456356048584	1.0
chr3_157163150_T_C_b38	1	2.94698e-02	-7.292e-01	7.052e-02 -8.87670612335205	1.0
chr3_157163094_C_T_b38	1	2.94698e-02	-7.292e-01	7.052e-02 -8.875746726989746	1.0
chr3_157163156_A_T_b38	1	2.94698e-02	-7.292e-01	7.052e-02 -8.889301300048828	1.0
chr3_157159487_CAA_C_b38	1	2.19209e-02	-7.401e-01	7.069e-02 -8.912519127870981	1.0
chr3_157157552_G_A_b38	1	1.94550e-02	-7.390e-01	7.040e-02 -8.877299308776855	1.0
chr3_157162798_A_G_b38	1	1.69201e-02	-7.292e-01	7.052e-02 -8.873536109924316	1.0
chr3_157168833_C_A_b38	1	1.66745e-02	-7.452e-01	7.142e-02 -8.958919525146484	1.0
chr3_157167354_A_T_b38	1	1.66745e-02	-7.452e-01	7.142e-02 -8.878437995910645	1.0
chr3_157160600_C_G_b38	1	1.43579e-02	-7.333e-01	7.043e-02 -8.875690460205078	1.0
chr3_157170695_T_A_b38	1	1.39324e-02	-7.499e-01	7.167e-02 -8.887664794921875	1.0
chr3_157169997_C_G_b38	1	1.12643e-02	-7.452e-01	7.142e-02 -8.879450798034668	1.0
chr3_157170937_G_A_b38	1	1.12643e-02	-7.452e-01	7.142e-02 -8.879450798034668	1.0
chr3_157173665_C_A_b38	1	1.12643e-02	-7.452e-01	7.142e-02 -8.8916597366333	1.0
chr3_157166098_A_T_b38	1	9.65784e-03	-7.351e-01	7.154e-02 -8.87956714630127	1.0
chr3_157165890_G_A_b38	1	9.65784e-03	-7.351e-01	7.154e-02 -8.87956714630127	1.0
chr3_157153027_A_G_b38	1	8.62801e-03	-7.390e-01	7.040e-02 -8.878588676452637	1.0
chr3_157159568_T_C_b38	1	8.37139e-03	-7.292e-01	7.052e-02 -8.876510620117188	1.0
chr3_157159654_C_T_b38	1	8.37139e-03	-7.292e-01	7.052e-02 -8.875690460205078	1.0
chr3_157161331_T_G_b38	1	8.37139e-03	-7.292e-01	7.052e-02 -8.875600814819336	1.0
chr3_157159014_T_G_b38	1	8.37139e-03	-7.292e-01	7.052e-02 -8.875690460205078	1.0
chr3_157161308_A_G_b38	1	8.37139e-03	-7.292e-01	7.052e-02 -8.875600814819336	1.0
chr3_157159741_G_A_b38	1	8.37139e-03	-7.292e-01	7.052e-02 -8.875600814819336	1.0
chr3_157168538_T_A_b38	1	6.42709e-03	-7.395e-01	7.175e-02 -8.884370803833008	1.0
chr3_157154287_G_A_b38	1	6.07309e-03	-7.292e-01	7.052e-02 -8.887805938720703	1.0
chr3_157158785_A_G_b38	1	6.07309e-03	-7.292e-01	7.052e-02 -8.872358322143555	1.0
chr3_157181896_A_T_b38	1	5.72015e-03	-7.452e-01	7.142e-02 -8.949047088623047	1.0
chr3_157186091_C_T_b38	1	5.72015e-03	-7.452e-01	7.142e-02 -8.946023941040039	1.0
chr3_157187764_T_C_b38	1	5.72015e-03	-7.452e-01	7.142e-02 -8.943493843078613	1.0
chr3_157185825_G_A_b38	1	5.72015e-03	-7.452e-01	7.142e-02 -8.94458293914795	1.0
chr3_157188386_T_C_b38	1	5.72015e-03	-7.452e-01	7.142e-02 -8.94467544555664	1.0
chr3_157188895_C_T_b38	1	5.72015e-03	-7.452e-01	7.142e-02 -8.947494506835938	1.0
chr3_157183371_G_A_b38	1	5.72015e-03	-7.452e-01	7.142e-02 -8.945784568786621	1.0
chr3_157180432_C_T_b38	1	5.72015e-03	-7.452e-01	7.142e-02 -8.94841194152832	1.0
chr3_157166843_AC_A_b38	1	5.15681e-03	-7.351e-01	7.154e-02 -8.822506277385337	1.0
chr3_157167614_A_AC_b38	1	5.15681e-03	-7.351e-01	7.154e-02 -8.822506277385337	1.0
chr3_157167984_T_C_b38	1	5.15681e-03	-7.351e-01	7.154e-02 -8.87601089477539	1.0
chr3_157166878_C_G_b38	1	5.15681e-03	-7.351e-01	7.154e-02 -8.877357482910156	1.0
chr3_157176975_T_G_b38	1	4.86316e-03	-7.464e-01	7.168e-02 -8.941192626953125	1.0
chr3_157173313_A_C_b38	1	3.48363e-03	-7.351e-01	7.154e-02 -8.904816627502441	1.0
chr3_157173256_G_A_b38	1	3.48363e-03	-7.351e-01	7.154e-02 -8.883435249328613	1.0
chr3_157150661_T_C_b38	1	2.69333e-03	-7.292e-01	7.052e-02 -8.873176574707031	1.0
chr3_157146853_T_A_b38	1	2.69333e-03	-7.292e-01	7.052e-02 -8.876742362976074	1.0
chr3_157145575_A_G_b38	1	2.69333e-03	-7.292e-01	7.052e-02 -8.87795352935791	1.0
chr3_157152270_C_T_b38	1	2.69333e-03	-7.292e-01	7.052e-02 -8.878721237182617	1.0
chr3_157188194_G_A_b38	1	2.20480e-03	-7.395e-01	7.175e-02 -8.944624900817871	1.0
chr3_157184304_GC_G_b38	1	2.20480e-03	-7.395e-01	7.175e-02 -8.834500733979182	1.0
chr3_157193664_T_C_b38	1	1.88574e-03	-7.452e-01	7.142e-02 -8.952900886535645	1.0
chr3_157190931_G_A_b38	1	1.88574e-03	-7.452e-01	7.142e-02 -8.939054489135742	1.0
chr3_157210562_C_G_b38	1	1.88574e-03	-7.452e-01	7.142e-02 -8.95107650756836	1.0
chr3_157207049_C_T_b38	1	1.88574e-03	-7.452e-01	7.142e-02 -8.957921028137207	1.0
chr3_157183834_A_G_b38	1	1.76903e-03	-7.351e-01	7.154e-02 -8.943201065063477	1.0
chr3_157181941_A_G_b38	1	1.76903e-03	-7.351e-01	7.154e-02 -8.945834159851074	1.0
chr3_157187772_G_A_b38	1	1.76903e-03	-7.351e-01	7.154e-02 -8.939961433410645	1.0
chr3_157187654_A_T_b38	1	1.76903e-03	-7.351e-01	7.154e-02 -8.942144393920898	1.0
chr3_157180110_G_A_b38	1	1.76903e-03	-7.351e-01	7.154e-02 -8.933990478515625	1.0
chr3_157177638_T_G_b38	1	1.76903e-03	-7.351e-01	7.154e-02 -8.937761306762695	1.0
chr3_157188442_T_C_b38	1	1.76903e-03	-7.351e-01	7.154e-02 -8.941184997558594	1.0
chr3_157187195_T_C_b38	1	1.76903e-03	-7.351e-01	7.154e-02 -8.942144393920898	1.0
chr3_157174647_C_G_b38	1	1.76903e-03	-7.351e-01	7.154e-02 -8.979260444641113	1.0
chr3_157174732_C_G_b38	1	1.55519e-03	-7.365e-01	7.179e-02 -8.910124778747559	1.0
chr3_157139178_C_T_b38	1	1.41911e-03	-7.263e-01	7.082e-02 -8.915522575378418	1.0
chr3_157207177_C_G_b38	1	1.05952e-03	-7.511e-01	7.251e-02 -8.959805488586426	1.0
chr3_157163324_GCTC_G_b38	2	1.90961e-02	-3.262e-01	1.580e-01 0.4060933275924276	1.0
