chr21_39389619_T_G_b38	1	2.76167e-01	-6.109e-01	7.768e-02 -5.580156326293945	1.0
chr21_39389381_A_G_b38	1	2.76167e-01	-6.109e-01	7.768e-02 -5.5822272300720215	1.0
chr21_39389130_G_C_b38	1	2.76167e-01	-6.109e-01	7.768e-02 -5.578805446624756	1.0
chr21_39388679_A_T_b38	1	3.50146e-02	-5.670e-01	1.214e-01 -5.5905494689941415	1.0
chr21_39387956_T_C_b38	1	2.88752e-02	-5.343e-01	1.225e-01 -5.55222225189209	1.0
chr21_39401561_C_T_b38	1	1.97671e-02	-5.765e-01	1.143e-01 -5.4962687492370605	1.0
chr21_39391969_T_C_b38	1	1.68815e-02	-5.681e-01	1.220e-01 -5.607182502746582	1.0
chr21_39397685_G_GATTAA_b38	1	1.07956e-02	-5.374e-01	1.326e-01 -5.4674292623091665	1.0
chr21_39392513_A_AT_b38	1	9.28669e-03	-5.367e-01	1.275e-01 -5.4674292623091665	1.0
chr21_39398959_C_T_b38	1	9.28669e-03	-5.367e-01	1.275e-01 -5.5819358825683585	1.0
chr21_39392123_G_A_b38	1	9.28669e-03	-5.367e-01	1.275e-01 -5.556808471679688	1.0
chr21_39400510_T_C_b38	1	9.28669e-03	-5.367e-01	1.275e-01 -5.586552619934082	1.0
chr21_39400558_C_T_b38	1	9.28669e-03	-5.367e-01	1.275e-01 -5.5833096504211435	1.0
chr21_39390329_G_A_b38	1	9.28669e-03	-5.367e-01	1.275e-01 -5.63230037689209	1.0
chr21_39383115_G_A_b38	2	1.06148e-01	-2.725e-01	9.685e-02 -5.14954137802124	1.0
chr21_39379885_G_A_b38	2	5.13609e-02	1.266e-01	6.478e-02 5.291764736175537	1.0
chr21_39375657_T_C_b38	2	6.89112e-03	1.289e-01	5.703e-02 5.224854946136475	1.0
chr21_39375597_A_G_b38	2	6.89112e-03	1.289e-01	5.703e-02 5.224255561828613	1.0
chr21_39381081_C_T_b38	2	5.18879e-03	-7.303e-02	9.471e-02 -5.2138094902038565	1.0
chr21_39375698_T_C_b38	2	3.81320e-03	1.111e-01	5.551e-02 5.20631742477417	1.0
chr21_39376080_T_C_b38	2	3.81320e-03	1.111e-01	5.551e-02 5.190676212310791	1.0
chr21_39376875_A_G_b38	2	3.37410e-03	1.034e-01	5.141e-02 4.829798221588135	1.0
chr21_39372725_A_C_b38	2	3.34685e-03	1.144e-01	5.182e-02 5.0581536293029785	1.0
chr21_39384749_G_A_b38	2	3.05764e-03	-1.226e-01	1.274e-01 -5.491842746734619	1.0
chr21_39384068_T_C_b38	2	3.05764e-03	-1.226e-01	1.274e-01 -5.533048152923584	1.0
chr21_39379247_G_T_b38	2	2.25540e-03	2.984e-02	5.378e-02 4.809014797210693	1.0
chr21_39392060_T_G_b38	2	1.98344e-03	-3.848e-01	2.720e-01 -5.58022928237915	1.0
chr21_39383015_G_A_b38	2	1.14462e-03	-5.578e-02	6.170e-02 -4.1035332679748535	1.0
chr21_39397091_G_T_b38	2	1.01887e-03	-2.360e-01	2.669e-01 -5.587876796722412	1.0
chr21_39396344_C_T_b38	2	1.01887e-03	-2.360e-01	2.669e-01 -5.603503227233887	1.0
chr21_39394255_G_T_b38	2	1.01887e-03	-2.360e-01	2.669e-01 -5.577242851257324	1.0
chr21_39385961_G_A_b38	2	9.27388e-04	1.582e-01	8.456e-02 -4.8129706382751465	1.0
chr21_39378513_A_C_b38	2	8.59722e-04	1.108e-02	5.386e-02 4.822129249572754	1.0
chr21_39398686_T_C_b38	2	8.51705e-04	-2.026e-01	2.767e-01 -5.582952976226807	1.0
chr21_39397364_A_G_b38	2	8.51705e-04	-2.026e-01	2.767e-01 -5.567827224731445	1.0
chr21_39371604_A_G_b38	2	7.80807e-04	6.934e-02	5.285e-02 5.66538667678833	1.0
chr21_39371139_A_G_b38	2	7.80807e-04	6.934e-02	5.285e-02 5.6642208099365225	1.0
chr21_39380075_G_A_b38	3	1.92726e-03	1.053e-02	8.249e-02 1.2056405544281006	1.0
chr21_39378475_T_G_b38	3	2.58198e-04	-3.573e-02	8.484e-02 1.1907659769058228	1.0
chr21_39379005_G_A_b38	3	2.58198e-04	-3.573e-02	8.484e-02 1.1936616897583008	1.0
chr21_39378195_C_A_b38	3	2.33700e-04	-2.145e-02	8.598e-02 1.2248783111572266	1.0
chr21_39374484_C_T_b38	3	7.25006e-05	-1.861e-02	8.637e-02 1.2493832111358645	1.0
chr21_39374608_G_C_b38	3	7.25006e-05	-1.861e-02	8.637e-02 1.2209511995315552	1.0
chr21_39373126_G_A_b38	3	4.30528e-05	1.161e-02	8.256e-02 1.3373454809188845	1.0
