chr1_88685915_T_G_b38	1	3.58717e-01	8.748e-02	2.051e-02 -10.457232475280762	1.0
chr1_88688172_A_G_b38	1	2.29611e-01	8.712e-02	2.049e-02 -10.489781379699707	1.0
chr1_88681952_T_C_b38	1	3.17431e-02	-7.343e-02	2.055e-02 11.817845344543455	1.0
chr1_88682237_A_T_b38	1	3.17431e-02	-7.343e-02	2.055e-02 11.81874942779541	1.0
chr1_88733302_G_A_b38	1	2.52874e-02	-8.771e-02	2.042e-02 10.48315143585205	1.0
chr1_88681076_C_T_b38	1	1.86855e-02	-7.360e-02	2.050e-02 11.816925048828125	1.0
chr1_88681642_T_C_b38	1	1.86855e-02	-7.360e-02	2.050e-02 11.817008972167967	1.0
chr1_88681530_A_T_b38	1	1.86855e-02	-7.360e-02	2.050e-02 11.80509090423584	1.0
chr1_88677622_C_T_b38	1	1.21074e-02	7.968e-02	2.202e-02 -10.51616096496582	1.0
chr1_88676459_C_A_b38	1	1.01565e-02	-7.372e-02	2.047e-02 11.819564819335938	1.0
chr1_88678159_C_T_b38	1	1.01565e-02	-7.372e-02	2.047e-02 11.81852912902832	1.0
chr1_88748771_C_CA_b38	1	8.72283e-03	-8.773e-02	2.041e-02 10.373844631406604	1.0
chr1_88693330_T_C_b38	1	7.86031e-03	-7.206e-02	2.069e-02 11.684715270996096	1.0
chr1_88708570_A_T_b38	1	6.02153e-03	-7.448e-02	2.043e-02 11.678460121154785	1.0
chr1_88706048_T_TG_b38	1	6.02153e-03	-7.448e-02	2.043e-02 11.513576596962896	1.0
chr1_88712322_G_A_b38	1	4.18601e-03	-8.439e-02	2.219e-02 10.320281982421877	1.0
chr1_88696576_T_A_b38	1	4.02238e-03	-7.261e-02	2.062e-02 11.683621406555176	1.0
chr1_88684130_C_T_b38	2	2.62795e-02	8.555e-02	6.716e-02 -1.2785629034042358	1.0
chr1_88686528_A_G_b38	2	4.19934e-03	7.727e-02	6.186e-02 -1.143221139907837	1.0
chr1_88685502_G_A_b38	2	3.66480e-03	6.953e-02	6.184e-02 -0.7900848984718323	1.0
chr1_88686682_C_A_b38	2	3.66480e-03	6.953e-02	6.184e-02 -0.7866644859313965	1.0
chr1_88689127_G_A_b38	2	2.52005e-03	7.731e-02	6.235e-02 -1.1401058435440063	1.0
chr1_88687520_G_A_b38	2	2.52005e-03	7.731e-02	6.235e-02 -1.1409531831741333	1.0
chr1_88688139_G_A_b38	2	2.52005e-03	7.731e-02	6.235e-02 -1.1408172845840454	1.0
chr1_88687756_CCAAA_C_b38	2	2.52005e-03	7.731e-02	6.235e-02 -1.220980723617867	1.0
chr1_88686756_G_A_b38	2	2.52005e-03	7.731e-02	6.235e-02 -1.142858386039734	1.0
chr1_88688916_A_C_b38	2	2.45723e-03	8.270e-02	6.771e-02 -1.287733793258667	1.0
chr1_88693879_GT_G_b38	2	1.41249e-03	7.785e-02	6.314e-02 -1.220980723617867	1.0
chr1_88691204_T_C_b38	2	1.41249e-03	7.785e-02	6.314e-02 -1.1394230127334597	1.0
chr1_88693665_C_T_b38	2	1.29900e-03	7.973e-02	6.752e-02 -1.287424921989441	1.0
chr1_88693779_T_C_b38	2	1.25822e-03	6.920e-02	6.325e-02 -0.7887653708457947	1.0
chr1_88694393_G_A_b38	2	1.03579e-03	1.015e-01	6.123e-02 -1.1153082847595217	1.0
chr1_88696969_C_G_b38	2	5.93042e-04	7.395e-02	6.238e-02 -1.1311928033828735	1.0
chr1_88694275_C_T_b38	2	5.93042e-04	7.395e-02	6.238e-02 -1.1398886442184448	1.0
chr1_88696638_C_A_b38	2	5.93042e-04	7.395e-02	6.238e-02 -1.137635588645935	1.0
chr1_88694778_T_G_b38	2	5.23196e-04	6.464e-02	6.229e-02 -0.7866401076316833	1.0
chr1_88696449_G_A_b38	2	5.23196e-04	6.464e-02	6.229e-02 -0.7859533429145813	1.0
chr1_88698557_G_A_b38	2	4.08271e-04	4.493e-02	6.162e-02 -1.124255657196045	1.0
chr1_88705451_C_T_b38	2	4.08271e-04	4.493e-02	6.162e-02 -1.120409607887268	1.0
chr1_88702197_T_G_b38	2	4.08271e-04	4.493e-02	6.162e-02 -1.1194586753845217	1.0
chr1_88698783_A_G_b38	2	4.08271e-04	4.493e-02	6.162e-02 -1.119926929473877	1.0
chr1_88702967_A_G_b38	2	4.08271e-04	4.493e-02	6.162e-02 -1.119926691055298	1.0
chr1_88707665_C_A_b38	2	4.08271e-04	4.493e-02	6.162e-02 -1.119837999343872	1.0
chr1_88704729_G_A_b38	2	4.03539e-04	4.407e-02	6.115e-02 -1.120063543319702	1.0
chr1_88708994_G_A_b38	2	3.90254e-04	4.097e-02	6.347e-02 -1.2700294256210327	1.0
chr1_88699672_A_G_b38	2	3.90254e-04	4.097e-02	6.347e-02 -1.2699334621429443	1.0
chr1_88704238_A_G_b38	2	3.72765e-04	3.505e-02	6.039e-02 -0.7712594270706177	1.0
chr1_88699344_T_C_b38	2	3.72765e-04	3.505e-02	6.039e-02 -0.7569347023963928	1.0
chr1_88698515_T_C_b38	2	3.72765e-04	3.505e-02	6.039e-02 -0.7674441933631897	1.0
chr1_88706091_A_G_b38	2	3.72765e-04	3.505e-02	6.039e-02 -0.7713918685913086	1.0
chr1_88700452_C_T_b38	2	3.72765e-04	3.505e-02	6.039e-02 -0.772381067276001	1.0
chr1_88698843_C_T_b38	2	3.72765e-04	3.505e-02	6.039e-02 -0.7371111512184143	1.0
chr1_88708884_G_C_b38	2	3.72765e-04	3.505e-02	6.039e-02 -0.7709212899208069	1.0
chr1_88706529_G_A_b38	2	3.42784e-04	8.814e-03	6.659e-02 -1.3192245960235596	1.0
chr1_88683564_CA_C_b38	3	7.48611e-04	-4.052e-02	5.496e-02 -3.1453771284588394	1.0
chr1_88691845_CAT_C_b38	3	8.87607e-05	-3.765e-02	5.348e-02 -3.1725256492019973	1.0
chr1_88677959_C_T_b38	3	8.18931e-05	-4.476e-02	5.208e-02 -3.1491603851318364	1.0
chr1_88665593_A_G_b38	3	5.23431e-05	-6.243e-02	5.513e-02 -2.0341992378234863	1.0
chr1_88667168_G_C_b38	3	5.23431e-05	-6.243e-02	5.513e-02 -2.0416653156280518	1.0
chr1_88666018_T_TA_b38	3	5.23431e-05	-6.243e-02	5.513e-02 -1.5383629266265917	1.0
chr1_88698914_C_T_b38	3	4.33959e-05	-5.219e-02	4.885e-02 -2.9813952445983887	1.0
chr1_88706615_G_T_b38	3	3.96497e-05	-4.483e-02	5.180e-02 -3.1042330265045166	1.0
chr1_88710043_T_A_b38	3	2.63550e-05	-7.359e-02	4.515e-02 -3.017073392868042	1.0
chr1_88647503_T_C_b38	3	1.95055e-05	-6.896e-02	5.475e-02 -1.862230658531189	1.0
chr1_88639711_G_C_b38	3	1.95055e-05	-6.896e-02	5.475e-02 -1.8677952289581297	1.0
chr1_88644898_A_G_b38	3	1.95055e-05	-6.896e-02	5.475e-02 -1.8647916316986084	1.0
chr1_88637599_C_A_b38	3	1.95055e-05	-6.896e-02	5.475e-02 -1.8695020675659182	1.0
chr1_88644481_G_GC_b38	3	1.95055e-05	-6.896e-02	5.475e-02 -1.8120421965449167	1.0
chr1_88639953_C_T_b38	3	1.60593e-05	-5.575e-02	5.805e-02 -1.877248764038086	1.0
chr1_88648722_C_A_b38	3	1.60593e-05	-5.575e-02	5.805e-02 -1.8744592666625977	1.0
chr1_88644234_CT_C_b38	3	1.60593e-05	-5.575e-02	5.805e-02 -1.9631497896643664	1.0
chr1_88640038_G_A_b38	3	1.60593e-05	-5.575e-02	5.805e-02 -1.884380340576172	1.0
chr1_88640976_T_C_b38	3	1.60593e-05	-5.575e-02	5.805e-02 -1.875746488571167	1.0
chr1_88651692_C_T_b38	3	1.55676e-05	-5.271e-02	5.748e-02 -1.941800594329834	1.0
chr1_88721860_A_T_b38	3	1.54544e-05	-4.976e-02	6.223e-02 -2.1713285446166988	1.0
chr1_88646424_CT_C_b38	3	1.49281e-05	-4.751e-02	6.019e-02 -1.9631497896643664	1.0
chr1_88655178_A_T_b38	3	1.31046e-05	-3.358e-02	5.541e-02 -2.037822723388672	1.0
