chr10_58513429_ACGGC_A_b38	1	4.06947e-02	7.437e-02	2.777e-02 4.2320882822933195	1.0
chr10_58513395_C_A_b38	1	3.89385e-02	7.373e-02	2.771e-02 4.2168054580688485	1.0
chr10_58513361_T_C_b38	1	3.89385e-02	7.373e-02	2.771e-02 4.226908683776856	1.0
chr10_58512488_C_T_b38	1	1.64189e-02	7.402e-02	2.754e-02 4.1881394386291495	1.0
chr10_58512609_T_C_b38	1	1.54352e-02	7.373e-02	2.771e-02 4.2172040939331055	1.0
chr10_58512227_G_A_b38	1	1.54352e-02	7.373e-02	2.771e-02 4.209007740020752	1.0
chr10_58512180_T_C_b38	1	1.54352e-02	7.373e-02	2.771e-02 4.208296775817871	1.0
chr10_58513670_G_A_b38	1	1.40920e-02	7.397e-02	2.772e-02 4.209168434143066	1.0
chr10_58514138_G_A_b38	1	1.38140e-02	7.373e-02	2.771e-02 4.219476222991943	1.0
chr10_58512085_C_CA_b38	1	1.37494e-02	8.543e-02	2.921e-02 3.89448057795779	1.0
chr10_58514676_CCT_C_b38	1	1.06135e-02	7.727e-02	2.753e-02 4.029944968631407	1.0
chr10_58512064_G_A_b38	1	8.98321e-03	7.844e-02	2.834e-02 2.733204841613769	1.0
chr10_58515390_A_G_b38	1	7.36011e-03	7.373e-02	2.771e-02 4.243647575378418	1.0
chr10_58515181_C_T_b38	1	7.36011e-03	7.373e-02	2.771e-02 4.2381134033203125	1.0
chr10_58514453_T_C_b38	1	7.36011e-03	7.373e-02	2.771e-02 4.2358880043029785	1.0
chr10_58515168_C_T_b38	1	7.36011e-03	7.373e-02	2.771e-02 4.22446346282959	1.0
chr10_58514289_C_A_b38	1	7.36011e-03	7.373e-02	2.771e-02 4.234811782836913	1.0
chr10_58514422_C_T_b38	1	7.36011e-03	7.373e-02	2.771e-02 4.235635757446288	1.0
chr10_58514846_T_C_b38	1	7.36011e-03	7.373e-02	2.771e-02 4.238115787506104	1.0
chr10_58515210_T_G_b38	1	7.36011e-03	7.373e-02	2.771e-02 4.2418174743652335	1.0
chr10_58514217_C_T_b38	1	7.36011e-03	7.373e-02	2.771e-02 4.231905937194823	1.0
chr10_58511612_T_A_b38	1	6.17529e-03	7.292e-02	2.782e-02 4.254012584686278	1.0
chr10_58511771_A_G_b38	1	5.73982e-03	7.211e-02	2.783e-02 4.317283153533936	1.0
chr10_58517729_C_T_b38	1	5.06346e-03	7.402e-02	2.754e-02 4.241714000701903	1.0
chr10_58516609_T_C_b38	1	5.06346e-03	7.402e-02	2.754e-02 4.240175247192384	1.0
chr10_58516323_T_G_b38	1	5.06346e-03	7.402e-02	2.754e-02 4.240734100341797	1.0
chr10_58517155_C_T_b38	1	5.06346e-03	7.402e-02	2.754e-02 4.23895263671875	1.0
chr10_58517789_A_C_b38	1	5.06346e-03	7.402e-02	2.754e-02 4.241725444793701	1.0
chr10_58517990_ATAT_A_b38	1	5.06346e-03	7.402e-02	2.754e-02 4.232422055690146	1.0
chr10_58516495_G_GT_b38	1	5.06346e-03	7.402e-02	2.754e-02 4.232422055690146	1.0
chr10_58517069_C_T_b38	1	5.06346e-03	7.402e-02	2.754e-02 4.241546630859375	1.0
chr10_58516531_C_T_b38	1	5.06346e-03	7.402e-02	2.754e-02 4.243760108947754	1.0
chr10_58517489_G_A_b38	1	5.06346e-03	7.402e-02	2.754e-02 4.241788864135741	1.0
chr10_58517146_C_T_b38	1	5.06346e-03	7.402e-02	2.754e-02 4.2416157722473145	1.0
chr10_58508510_G_A_b38	1	4.02110e-03	7.292e-02	2.782e-02 4.243687629699707	1.0
chr10_58509978_G_A_b38	1	4.02110e-03	7.292e-02	2.782e-02 4.234146118164063	1.0
chr10_58510475_G_T_b38	1	4.02110e-03	7.292e-02	2.782e-02 4.244445323944092	1.0
chr10_58510500_T_G_b38	1	4.02110e-03	7.292e-02	2.782e-02 4.244047164916991	1.0
chr10_58509995_G_T_b38	1	4.02110e-03	7.292e-02	2.782e-02 4.23416805267334	1.0
chr10_58509931_A_G_b38	1	4.02110e-03	7.292e-02	2.782e-02 4.231437683105469	1.0
chr10_58508638_C_T_b38	1	4.02110e-03	7.292e-02	2.782e-02 4.242477893829347	1.0
chr10_58509566_T_A_b38	1	4.02110e-03	7.292e-02	2.782e-02 4.246440887451172	1.0
chr10_58509023_T_C_b38	1	4.02110e-03	7.292e-02	2.782e-02 4.2420525550842285	1.0
chr10_58508157_T_A_b38	1	4.02110e-03	7.292e-02	2.782e-02 4.245946407318115	1.0
chr10_58509217_T_C_b38	1	4.02110e-03	7.292e-02	2.782e-02 4.245271682739259	1.0
chr10_58509340_C_A_b38	1	4.02110e-03	7.292e-02	2.782e-02 4.2391624450683585	1.0
chr10_58508839_C_T_b38	1	4.02110e-03	7.292e-02	2.782e-02 4.245299339294434	1.0
chr10_58509120_A_C_b38	1	4.02110e-03	7.292e-02	2.782e-02 4.2452659606933585	1.0
chr10_58504981_A_T_b38	1	3.80680e-03	7.807e-02	2.790e-02 4.355509281158446	1.0
chr10_58518727_C_T_b38	1	3.38840e-03	7.582e-02	2.756e-02 4.216716766357422	1.0
chr10_58517295_G_A_b38	1	3.24842e-03	6.935e-02	2.772e-02 4.207045555114746	1.0
chr10_58517329_C_T_b38	1	3.24842e-03	6.935e-02	2.772e-02 4.207045555114746	1.0
chr10_58516422_A_G_b38	1	3.24842e-03	6.935e-02	2.772e-02 4.2060632705688485	1.0
chr10_58505896_G_A_b38	1	2.93130e-03	7.642e-02	2.838e-02 2.450161933898926	1.0
chr10_58518495_G_A_b38	1	2.88273e-03	7.402e-02	2.754e-02 4.248532772064209	1.0
chr10_58520563_C_T_b38	1	2.88273e-03	7.402e-02	2.754e-02 4.245780944824219	1.0
chr10_58519982_G_A_b38	1	2.88273e-03	7.402e-02	2.754e-02 4.245682716369629	1.0
chr10_58520876_CAT_C_b38	1	2.88273e-03	7.402e-02	2.754e-02 4.232422055690146	1.0
chr10_58519874_T_C_b38	1	2.88273e-03	7.402e-02	2.754e-02 4.245694637298584	1.0
chr10_58522783_C_T_b38	1	2.88273e-03	7.402e-02	2.754e-02 4.232422055690146	1.0
chr10_58520668_A_G_b38	1	2.88273e-03	7.402e-02	2.754e-02 4.2484402656555185	1.0
chr10_58518380_C_T_b38	1	2.88273e-03	7.402e-02	2.754e-02 4.234596252441406	1.0
chr10_58521640_A_G_b38	1	2.88273e-03	7.402e-02	2.754e-02 4.246880531311035	1.0
chr10_58521507_C_T_b38	1	2.88273e-03	7.402e-02	2.754e-02 4.246568679809569	1.0
chr10_58522318_T_C_b38	1	2.88273e-03	7.402e-02	2.754e-02 4.247715950012207	1.0
chr10_58521660_CT_C_b38	1	2.88273e-03	7.402e-02	2.754e-02 4.232422055690146	1.0
chr10_58520149_G_A_b38	1	2.88273e-03	7.402e-02	2.754e-02 4.247874736785889	1.0
chr10_58519207_T_C_b38	1	2.88273e-03	7.402e-02	2.754e-02 4.246427536010741	1.0
chr10_58521330_C_T_b38	1	2.88273e-03	7.402e-02	2.754e-02 4.246166229248047	1.0
chr10_58521151_T_G_b38	1	2.88273e-03	7.402e-02	2.754e-02 4.245780944824219	1.0
chr10_58519941_T_C_b38	1	2.88273e-03	7.402e-02	2.754e-02 4.245694637298584	1.0
chr10_58522587_C_A_b38	1	2.88273e-03	7.402e-02	2.754e-02 4.232422055690146	1.0
chr10_58521594_C_T_b38	1	2.88273e-03	7.402e-02	2.754e-02 4.246358394622804	1.0
chr10_58522810_G_C_b38	1	2.88273e-03	7.402e-02	2.754e-02 4.232422055690146	1.0
chr10_58522721_A_C_b38	1	2.88273e-03	7.402e-02	2.754e-02 4.232422055690146	1.0
chr10_58520070_G_A_b38	1	2.88273e-03	7.402e-02	2.754e-02 4.245694637298584	1.0
chr10_58522578_G_C_b38	1	2.88273e-03	7.402e-02	2.754e-02 4.232422055690146	1.0
chr10_58518813_C_T_b38	1	2.88273e-03	7.402e-02	2.754e-02 4.248520851135254	1.0
chr10_58520112_C_T_b38	1	2.86955e-03	7.397e-02	2.754e-02 4.247874736785889	1.0
chr10_58505644_A_G_b38	1	2.68955e-03	7.380e-02	2.772e-02 4.250567436218262	1.0
chr10_58521856_G_A_b38	1	2.55087e-03	7.282e-02	2.761e-02 4.2471704483032235	1.0
chr10_58518580_A_G_b38	1	2.46174e-03	7.204e-02	2.745e-02 4.254844004904133	1.0
chr10_58506880_T_C_b38	1	2.43668e-03	7.292e-02	2.782e-02 4.258683681488037	1.0
chr10_58507377_G_A_b38	1	2.43668e-03	7.292e-02	2.782e-02 4.2445411682128915	1.0
chr10_58506795_A_C_b38	1	2.43668e-03	7.292e-02	2.782e-02 4.252138137817384	1.0
chr10_58507916_G_GAT_b38	1	2.43668e-03	7.292e-02	2.782e-02 4.312204469412094	1.0
chr10_58506197_C_A_b38	1	2.43668e-03	7.292e-02	2.782e-02 4.265552520751953	1.0
chr10_58506392_T_C_b38	1	2.43668e-03	7.292e-02	2.782e-02 4.274289131164552	1.0
chr10_58507079_A_G_b38	1	2.43668e-03	7.292e-02	2.782e-02 4.2509765625	1.0
chr10_58505862_T_C_b38	1	2.43668e-03	7.292e-02	2.782e-02 4.262131690979004	1.0
chr10_58526311_C_G_b38	1	1.93318e-03	7.671e-02	2.747e-02 4.223623275756837	1.0
chr10_58537814_A_G_b38	1	1.93318e-03	7.671e-02	2.747e-02 4.203556537628174	1.0
chr10_58524773_C_T_b38	1	1.93318e-03	7.671e-02	2.747e-02 4.2320882822933195	1.0
chr10_58523549_T_G_b38	1	1.93318e-03	7.671e-02	2.747e-02 4.2320882822933195	1.0
chr10_58537902_T_C_b38	1	1.93318e-03	7.671e-02	2.747e-02 4.2022762298583975	1.0
chr10_58520393_C_A_b38	1	1.85051e-03	6.935e-02	2.772e-02 4.218127727508545	1.0
chr10_58519564_G_A_b38	1	1.85051e-03	6.935e-02	2.772e-02 4.216045379638672	1.0
chr10_58529614_C_G_b38	1	1.70352e-03	-7.533e-02	2.746e-02 -4.388791561126709	1.0
chr10_58527056_T_C_b38	1	1.65395e-03	-7.524e-02	2.755e-02 -4.253194808959962	1.0
chr10_58526268_C_T_b38	1	1.57045e-03	-7.464e-02	2.753e-02 -4.253086566925049	1.0
chr10_58507550_G_A_b38	1	1.56307e-03	6.772e-02	2.785e-02 4.202124118804932	1.0
chr10_58507880_A_C_b38	1	1.56307e-03	6.772e-02	2.785e-02 4.2061190605163565	1.0
chr10_58529638_C_A_b38	1	1.48090e-03	-7.402e-02	2.754e-02 -4.249492168426514	1.0
chr10_58531210_A_G_b38	1	1.48090e-03	-7.402e-02	2.754e-02 -4.294905662536621	1.0
chr10_58537342_T_C_b38	1	1.48090e-03	-7.402e-02	2.754e-02 -4.231640338897705	1.0
chr10_58529847_A_G_b38	1	1.48090e-03	-7.402e-02	2.754e-02 -4.254337787628174	1.0
chr10_58529579_A_G_b38	1	1.48090e-03	-7.402e-02	2.754e-02 -4.2526607513427725	1.0
chr10_58532148_A_C_b38	1	1.48090e-03	-7.402e-02	2.754e-02 -4.1829471588134775	1.0
chr10_58529271_A_G_b38	1	1.48090e-03	-7.402e-02	2.754e-02 -4.254337787628174	1.0
chr10_58527204_T_C_b38	1	1.48090e-03	-7.402e-02	2.754e-02 -4.2320882944466875	1.0
chr10_58532151_A_T_b38	1	1.48090e-03	-7.402e-02	2.754e-02 -4.182514667510986	1.0
chr10_58523248_A_C_b38	1	1.48090e-03	-7.402e-02	2.754e-02 -4.232422046067024	1.0
chr10_58532623_A_G_b38	1	1.48090e-03	-7.402e-02	2.754e-02 -4.252776622772217	1.0
chr10_58524912_A_G_b38	1	1.48090e-03	-7.402e-02	2.754e-02 -4.232422046067024	1.0
chr10_58531934_G_A_b38	1	1.48090e-03	-7.402e-02	2.754e-02 -4.248044967651366	1.0
chr10_58531882_A_T_b38	1	1.48090e-03	-7.402e-02	2.754e-02 -4.2520952224731445	1.0
chr10_58532674_A_C_b38	1	1.48090e-03	-7.402e-02	2.754e-02 -4.255244731903076	1.0
chr10_58529791_C_T_b38	1	1.48090e-03	-7.402e-02	2.754e-02 -4.254337787628174	1.0
chr10_58527875_G_C_b38	1	1.48090e-03	-7.402e-02	2.754e-02 -4.253144264221191	1.0
chr10_58526060_G_A_b38	1	1.48090e-03	-7.402e-02	2.754e-02 -4.253115653991698	1.0
chr10_58534301_A_T_b38	1	1.48090e-03	-7.402e-02	2.754e-02 -4.254186153411865	1.0
chr10_58524146_A_G_b38	1	1.48090e-03	-7.402e-02	2.754e-02 -4.232422046067024	1.0
chr10_58530860_G_A_b38	1	1.48090e-03	-7.402e-02	2.754e-02 -4.251842498779297	1.0
chr10_58532904_A_G_b38	1	1.48090e-03	-7.402e-02	2.754e-02 -4.253041744232179	1.0
chr10_58527208_T_C_b38	1	1.48090e-03	-7.402e-02	2.754e-02 -4.2320882944466875	1.0
chr10_58529173_C_T_b38	1	1.48090e-03	-7.402e-02	2.754e-02 -4.253544330596924	1.0
chr10_58523810_G_A_b38	1	1.48090e-03	-7.402e-02	2.754e-02 -4.232422046067024	1.0
chr10_58536209_A_T_b38	1	1.48090e-03	-7.402e-02	2.754e-02 -4.231640338897705	1.0
chr10_58524191_A_C_b38	1	1.48090e-03	-7.402e-02	2.754e-02 -4.232422046067024	1.0
chr10_58526164_A_G_b38	1	1.48090e-03	-7.402e-02	2.754e-02 -4.246795177459717	1.0
chr10_58527206_T_G_b38	1	1.48090e-03	-7.402e-02	2.754e-02 -4.2320882944466875	1.0
chr10_58529680_T_A_b38	1	1.48090e-03	-7.402e-02	2.754e-02 -4.255500793457031	1.0
chr10_58526107_A_G_b38	1	1.48090e-03	-7.402e-02	2.754e-02 -4.253115653991698	1.0
chr10_58528780_T_A_b38	1	1.48090e-03	-7.402e-02	2.754e-02 -4.232422046067024	1.0
chr10_58528571_A_G_b38	1	1.48090e-03	-7.402e-02	2.754e-02 -4.253109931945802	1.0
chr10_58528771_T_C_b38	1	1.48090e-03	-7.402e-02	2.754e-02 -4.232422046067024	1.0
chr10_58532282_T_C_b38	1	1.48090e-03	-7.402e-02	2.754e-02 -4.252776622772217	1.0
chr10_58528321_A_T_b38	1	1.48090e-03	-7.402e-02	2.754e-02 -4.253138542175293	1.0
chr10_58526969_T_C_b38	1	1.48090e-03	-7.402e-02	2.754e-02 -4.232422046067024	1.0
chr10_58523402_C_T_b38	1	1.48090e-03	-7.402e-02	2.754e-02 -4.232422046067024	1.0
chr10_58528351_T_C_b38	1	1.48090e-03	-7.402e-02	2.754e-02 -4.2530694007873535	1.0
chr10_58523330_C_T_b38	1	1.48090e-03	-7.402e-02	2.754e-02 -4.232422046067024	1.0
chr10_58531206_T_C_b38	1	1.48090e-03	-7.402e-02	2.754e-02 -4.2976160049438485	1.0
chr10_58533095_AT_A_b38	1	1.48090e-03	-7.402e-02	2.754e-02 -4.2392904053477585	1.0
chr10_58523427_G_A_b38	1	1.48090e-03	-7.402e-02	2.754e-02 -4.232422046067024	1.0
chr10_58534925_A_T_b38	1	1.48090e-03	-7.402e-02	2.754e-02 -4.2544803619384775	1.0
chr10_58529935_T_C_b38	1	1.48090e-03	-7.402e-02	2.754e-02 -4.2518978118896475	1.0
chr10_58528390_T_G_b38	1	1.48090e-03	-7.402e-02	2.754e-02 -4.252117156982422	1.0
chr10_58537415_C_T_b38	1	1.48090e-03	-7.402e-02	2.754e-02 -4.231644630432129	1.0
chr10_58528783_G_A_b38	1	1.48090e-03	-7.402e-02	2.754e-02 -4.232422046067024	1.0
chr10_58532357_T_A_b38	1	1.48090e-03	-7.402e-02	2.754e-02 -4.248914718627931	1.0
chr10_58533534_C_T_b38	1	1.48090e-03	-7.402e-02	2.754e-02 -4.253059387207031	1.0
chr10_58534410_C_T_b38	1	1.48090e-03	-7.402e-02	2.754e-02 -4.2530765533447275	1.0
chr10_58526399_C_T_b38	1	1.48090e-03	-7.402e-02	2.754e-02 -4.253115653991698	1.0
chr10_58534146_A_G_b38	1	1.48090e-03	-7.402e-02	2.754e-02 -4.254191875457764	1.0
chr10_58535556_A_G_b38	1	1.48090e-03	-7.402e-02	2.754e-02 -4.2318711280822745	1.0
chr10_58524644_T_G_b38	1	1.46494e-03	-7.403e-02	2.760e-02 -4.214956762853643	1.0
chr10_58525003_C_A_b38	1	1.44530e-03	7.592e-02	2.843e-02 2.671822261093251	1.0
chr10_58525991_C_CT_b38	1	1.44155e-03	-7.395e-02	2.764e-02 -4.206776086380156	1.0
chr10_58525702_T_TAAAATA_b38	1	1.43570e-03	-7.448e-02	2.787e-02 -4.2094136032242675	1.0
chr10_58505404_A_AC_b38	1	1.42873e-03	6.667e-02	2.789e-02 4.262905000244766	1.0
chr10_58535396_A_AAACCTT_b38	1	1.39217e-03	-7.369e-02	2.770e-02 -4.16610430862832	1.0
chr10_58532684_G_A_b38	1	1.35512e-03	-7.288e-02	2.749e-02 -4.252741813659668	1.0
chr10_58527540_C_G_b38	1	1.30769e-03	-7.250e-02	2.750e-02 -4.253115653991698	1.0
chr10_58525684_T_C_b38	1	1.26816e-03	-7.195e-02	2.741e-02 -4.2371080300297495	1.0
chr10_58525712_A_T_b38	1	1.26816e-03	-7.195e-02	2.741e-02 -4.248705700860036	1.0
chr10_58524045_A_C_b38	1	1.25742e-03	-7.214e-02	2.753e-02 -4.20149402488028	1.0
chr10_58525734_A_G_b38	1	1.16436e-03	-7.104e-02	2.744e-02 -4.248705700860036	1.0
chr10_58525749_A_G_b38	1	1.16436e-03	-7.104e-02	2.744e-02 -4.248705700860036	1.0
chr10_58525718_T_A_b38	1	1.07248e-03	-6.989e-02	2.735e-02 -4.305004364179497	1.0
chr10_58529629_A_T_b38	1	9.50633e-04	-6.931e-02	2.771e-02 -4.208306784771941	1.0
chr10_58534619_T_C_b38	1	9.50633e-04	-6.931e-02	2.771e-02 -4.2120633125305185	1.0
chr10_58535582_T_G_b38	1	9.50633e-04	-6.931e-02	2.771e-02 -4.196327686309815	1.0
chr10_58527372_G_A_b38	1	9.50633e-04	-6.931e-02	2.771e-02 -4.208306784771941	1.0
chr10_58532642_A_G_b38	1	9.17725e-04	-6.891e-02	2.772e-02 -4.218107223510741	1.0
chr10_58578993_T_C_b38	1	7.98654e-04	8.764e-02	2.723e-02 4.088996410369873	1.0
chr10_58541534_A_T_b38	1	6.95834e-04	7.667e-02	2.746e-02 4.200385570526123	1.0
chr10_58548798_T_C_b38	1	6.95834e-04	7.667e-02	2.746e-02 4.2237420082092285	1.0
chr10_58552951_T_G_b38	1	6.95834e-04	7.667e-02	2.746e-02 4.2397990226745605	1.0
chr10_58556451_A_G_b38	1	6.95834e-04	7.667e-02	2.746e-02 4.2008562088012695	1.0
chr10_58545086_TTG_T_b38	1	6.95834e-04	7.667e-02	2.746e-02 4.16610426955094	1.0
chr10_58605995_A_G_b38	1	6.69837e-04	-8.654e-02	2.740e-02 -3.7647337913513184	1.0
chr10_58583878_T_C_b38	1	6.65257e-04	-8.626e-02	2.733e-02 -3.9653944969177246	1.0
chr10_58545104_A_C_b38	1	6.55915e-04	-7.628e-02	2.755e-02 -4.180061340332031	1.0
chr10_58587650_C_T_b38	1	6.52118e-04	-8.620e-02	2.737e-02 -3.9622724056243896	1.0
chr10_58589126_G_A_b38	1	6.52118e-04	-8.620e-02	2.737e-02 -3.964728593826294	1.0
chr10_58591464_C_A_b38	1	6.49600e-04	-8.594e-02	2.730e-02 -3.981595516204834	1.0
chr10_58579338_A_C_b38	1	6.29140e-04	-8.623e-02	2.749e-02 -4.042859554290772	1.0
chr10_58582174_G_T_b38	1	6.29140e-04	-8.623e-02	2.749e-02 -4.040132522583009	1.0
chr10_58554969_T_C_b38	1	5.74596e-04	-7.482e-02	2.754e-02 -4.232612133026123	1.0
chr10_58542755_G_A_b38	1	5.73152e-04	-7.471e-02	2.751e-02 -4.232664108276366	1.0
chr10_58550720_C_G_b38	1	5.53347e-04	-7.450e-02	2.758e-02 -4.204193115234375	1.0
chr10_58544566_C_T_b38	1	5.47873e-04	-7.416e-02	2.749e-02 -4.230192184448241	1.0
chr10_58548647_C_T_b38	1	5.33037e-04	-7.397e-02	2.754e-02 -4.255960464477538	1.0
chr10_58545480_T_C_b38	1	5.33037e-04	-7.397e-02	2.754e-02 -4.2323288917541495	1.0
chr10_58551354_A_T_b38	1	5.33037e-04	-7.397e-02	2.754e-02 -4.235285758972168	1.0
chr10_58546156_G_C_b38	1	5.33037e-04	-7.397e-02	2.754e-02 -4.236982822418213	1.0
chr10_58539391_T_G_b38	1	5.33037e-04	-7.397e-02	2.754e-02 -4.231644630432129	1.0
chr10_58538524_A_C_b38	1	5.33037e-04	-7.397e-02	2.754e-02 -4.236122608184815	1.0
chr10_58558516_G_A_b38	1	5.33037e-04	-7.397e-02	2.754e-02 -4.256649971008302	1.0
chr10_58539181_G_A_b38	1	5.33037e-04	-7.397e-02	2.754e-02 -4.231644630432129	1.0
chr10_58549847_G_A_b38	1	5.33037e-04	-7.397e-02	2.754e-02 -4.1708526611328125	1.0
chr10_58557327_G_A_b38	1	5.33037e-04	-7.397e-02	2.754e-02 -4.255666255950929	1.0
chr10_58557166_G_T_b38	1	5.33037e-04	-7.397e-02	2.754e-02 -4.255671977996826	1.0
chr10_58549455_G_A_b38	1	5.33037e-04	-7.397e-02	2.754e-02 -4.257103443145752	1.0
chr10_58558354_G_A_b38	1	5.33037e-04	-7.397e-02	2.754e-02 -4.25569486618042	1.0
chr10_58546329_G_C_b38	1	5.33037e-04	-7.397e-02	2.754e-02 -4.234919548034668	1.0
chr10_58562237_A_G_b38	1	5.33037e-04	-7.397e-02	2.754e-02 -4.224057674407959	1.0
chr10_58538448_C_T_b38	1	5.33037e-04	-7.397e-02	2.754e-02 -4.2316503524780265	1.0
chr10_58538352_G_A_b38	1	5.33037e-04	-7.397e-02	2.754e-02 -4.2336506843566895	1.0
chr10_58541622_T_C_b38	1	5.33037e-04	-7.397e-02	2.754e-02 -4.230157375335693	1.0
chr10_58546626_T_G_b38	1	5.33037e-04	-7.397e-02	2.754e-02 -4.256988525390625	1.0
chr10_58539486_C_A_b38	1	5.33037e-04	-7.397e-02	2.754e-02 -4.2316503524780265	1.0
chr10_58553414_G_A_b38	1	5.33037e-04	-7.397e-02	2.754e-02 -4.263737201690674	1.0
chr10_58552839_T_C_b38	1	5.33037e-04	-7.397e-02	2.754e-02 -4.2438249588012695	1.0
chr10_58543935_G_A_b38	1	5.33037e-04	-7.397e-02	2.754e-02 -4.2313146591186515	1.0
chr10_58538301_GAACCAAGAA_G_b38	1	5.33037e-04	-7.397e-02	2.754e-02 -4.2392904053477585	1.0
chr10_58554423_A_C_b38	1	5.33037e-04	-7.397e-02	2.754e-02 -4.2555508613586435	1.0
chr10_58542956_T_C_b38	1	5.33037e-04	-7.397e-02	2.754e-02 -4.168205738067627	1.0
chr10_58547690_ATATT_A_b38	1	5.33037e-04	-7.397e-02	2.754e-02 -4.2392904053477585	1.0
chr10_58547010_G_A_b38	1	5.33037e-04	-7.397e-02	2.754e-02 -4.235978126525879	1.0
chr10_58555055_A_T_b38	1	5.33037e-04	-7.397e-02	2.754e-02 -4.234968185424806	1.0
chr10_58541006_C_G_b38	1	5.33037e-04	-7.397e-02	2.754e-02 -4.23435640335083	1.0
chr10_58583767_C_A_b38	1	5.29275e-04	-8.434e-02	2.741e-02 -4.024636745452882	1.0
chr10_58583325_C_G_b38	1	5.28441e-04	-8.421e-02	2.737e-02 -4.021454334259033	1.0
chr10_58583270_A_G_b38	1	5.26797e-04	-8.407e-02	2.733e-02 -4.026046276092528	1.0
chr10_58549842_T_C_b38	1	5.21882e-04	-7.374e-02	2.754e-02 -4.194381713867188	1.0
chr10_58549368_G_A_b38	1	5.20225e-04	7.592e-02	2.843e-02 2.6024515628814697	1.0
chr10_58546788_C_A_b38	1	5.20225e-04	7.592e-02	2.843e-02 2.6037001609802246	1.0
chr10_58545400_G_A_b38	1	5.20225e-04	7.592e-02	2.843e-02 2.589385271072388	1.0
chr10_58593128_G_A_b38	1	5.08356e-04	-8.401e-02	2.743e-02 -3.9367601871490483	1.0
chr10_58604603_G_A_b38	1	5.07651e-04	-8.380e-02	2.736e-02 -3.967194795608521	1.0
chr10_58599331_C_T_b38	1	5.07651e-04	-8.380e-02	2.736e-02 -3.9868440628051762	1.0
chr10_58600663_C_A_b38	1	5.07651e-04	-8.380e-02	2.736e-02 -3.978081703186035	1.0
chr10_58554865_AT_A_b38	1	4.97937e-04	-7.310e-02	2.749e-02 -3.9323140780752577	1.0
chr10_58581755_C_T_b38	1	4.91922e-04	-8.349e-02	2.736e-02 -4.032609939575194	1.0
chr10_58581638_G_A_b38	1	4.91922e-04	-8.349e-02	2.736e-02 -4.038681507110597	1.0
chr10_58555883_T_C_b38	1	4.84396e-04	-7.320e-02	2.766e-02 -4.22421932220459	1.0
chr10_58559106_AC_A_b38	1	4.50262e-04	-7.200e-02	2.750e-02 -4.252323825455954	1.0
chr10_58512249_C_G_b38	2	6.23488e-03	-3.437e-02	7.278e-02 0.4692731201648712	1.0
chr10_58512448_G_A_b38	2	6.23488e-03	-3.437e-02	7.278e-02 0.4586878418922424	1.0
chr10_58525266_A_G_b38	2	3.43876e-04	4.821e-03	7.612e-02 -0.88428584503776	1.0
