chr4_151408252_A_G_b38	1	1.10373e-01	-8.362e-01	5.942e-02 -7.197703361511231	1.0
chr4_151409342_G_C_b38	1	9.80706e-02	-8.392e-01	6.043e-02 -7.1251843459770905	1.0
chr4_151413510_G_A_b38	1	6.80359e-02	-8.441e-01	5.928e-02 -7.118168830871582	1.0
chr4_151428807_G_C_b38	1	2.24022e-02	-8.442e-01	5.924e-02 -7.052664756774902	1.0
chr4_151427270_T_G_b38	1	2.24022e-02	-8.442e-01	5.924e-02 -7.0948920249938965	1.0
chr4_151434116_C_T_b38	1	2.24022e-02	-8.442e-01	5.924e-02 -7.0739479064941415	1.0
chr4_151425783_G_GCAT_b38	1	2.24022e-02	-8.442e-01	5.924e-02 -7.0959455031023415	1.0
chr4_151429153_A_G_b38	1	2.24022e-02	-8.442e-01	5.924e-02 -7.046516008059669	1.0
chr4_151424951_T_G_b38	1	2.24022e-02	-8.442e-01	5.924e-02 -7.095562934875487	1.0
chr4_151425285_G_A_b38	1	2.24022e-02	-8.442e-01	5.924e-02 -7.09516716003418	1.0
chr4_151433753_G_C_b38	1	2.24022e-02	-8.442e-01	5.924e-02 -7.093416213989258	1.0
chr4_151431820_C_T_b38	1	2.24022e-02	-8.442e-01	5.924e-02 -7.09390115737915	1.0
chr4_151431863_T_C_b38	1	2.24022e-02	-8.442e-01	5.924e-02 -7.093843936920166	1.0
chr4_151432223_A_G_b38	1	2.24022e-02	-8.442e-01	5.924e-02 -7.093728542327881	1.0
chr4_151422736_G_T_b38	1	2.24022e-02	-8.442e-01	5.924e-02 -7.096304416656494	1.0
chr4_151420726_A_G_b38	1	2.24022e-02	-8.442e-01	5.924e-02 -7.129068374633789	1.0
chr4_151426912_A_G_b38	1	2.24022e-02	-8.442e-01	5.924e-02 -7.094851016998291	1.0
chr4_151431071_C_G_b38	1	2.24022e-02	-8.442e-01	5.924e-02 -7.098176956176758	1.0
chr4_151428810_G_T_b38	1	2.24022e-02	-8.442e-01	5.924e-02 -7.051540851593018	1.0
chr4_151430008_A_G_b38	1	2.24022e-02	-8.442e-01	5.924e-02 -7.093843936920166	1.0
chr4_151432262_G_A_b38	1	1.51140e-02	-8.397e-01	5.916e-02 -7.094403266906737	1.0
chr4_151430348_A_G_b38	1	1.08981e-02	-8.366e-01	5.917e-02 -7.105175018310548	1.0
chr4_151419294_T_C_b38	1	1.08981e-02	-8.366e-01	5.917e-02 -7.123930931091309	1.0
chr4_151436292_T_C_b38	1	8.81848e-03	-8.443e-01	5.921e-02 -7.109396934509277	1.0
chr4_151442620_T_C_b38	1	8.81848e-03	-8.443e-01	5.921e-02 -7.111842155456543	1.0
chr4_151459117_T_C_b38	1	8.81848e-03	-8.443e-01	5.921e-02 -7.1207642555236825	1.0
chr4_151451353_A_G_b38	1	8.81848e-03	-8.443e-01	5.921e-02 -7.087223529815674	1.0
chr4_151456470_A_G_b38	1	8.81848e-03	-8.443e-01	5.921e-02 -7.1220130920410165	1.0
chr4_151434238_C_T_b38	1	8.81848e-03	-8.443e-01	5.921e-02 -7.099842071533202	1.0
chr4_151437834_C_T_b38	1	8.81848e-03	-8.443e-01	5.921e-02 -7.121156215667725	1.0
chr4_151454165_A_AGTG_b38	1	8.81848e-03	-8.443e-01	5.921e-02 -7.0959455031023415	1.0
chr4_151435167_ACTATAGTC_A_b38	1	8.81848e-03	-8.443e-01	5.921e-02 -7.0959455031023415	1.0
chr4_151444411_C_A_b38	1	8.81848e-03	-8.443e-01	5.921e-02 -7.152242660522461	1.0
chr4_151455643_T_C_b38	1	8.81848e-03	-8.443e-01	5.921e-02 -7.120476245880128	1.0
chr4_151454898_C_T_b38	1	8.81848e-03	-8.443e-01	5.921e-02 -7.121955871582031	1.0
chr4_151446152_A_G_b38	1	8.81848e-03	-8.443e-01	5.921e-02 -7.123362064361572	1.0
chr4_151449485_T_C_b38	1	8.81848e-03	-8.443e-01	5.921e-02 -7.121625900268555	1.0
chr4_151435967_A_G_b38	1	8.81848e-03	-8.443e-01	5.921e-02 -7.111545085906982	1.0
chr4_151454272_T_G_b38	1	8.81848e-03	-8.443e-01	5.921e-02 -7.121955871582031	1.0
chr4_151434231_T_C_b38	1	8.81848e-03	-8.443e-01	5.921e-02 -7.0997843742370605	1.0
chr4_151447060_C_T_b38	1	8.81848e-03	-8.443e-01	5.921e-02 -7.123362064361572	1.0
chr4_151450212_G_A_b38	1	8.81848e-03	-8.443e-01	5.921e-02 -7.123970985412598	1.0
chr4_151444424_G_A_b38	1	8.81848e-03	-8.443e-01	5.921e-02 -7.127339839935303	1.0
chr4_151458499_G_A_b38	1	8.81848e-03	-8.443e-01	5.921e-02 -7.123486518859862	1.0
chr4_151458242_C_G_b38	1	8.81848e-03	-8.443e-01	5.921e-02 -7.1252641677856445	1.0
chr4_151450840_T_C_b38	1	8.81848e-03	-8.443e-01	5.921e-02 -7.123197555541992	1.0
chr4_151447965_G_A_b38	1	8.81848e-03	-8.443e-01	5.921e-02 -7.123362064361572	1.0
chr4_151426673_T_G_b38	1	6.09137e-03	-8.423e-01	5.989e-02 -7.095304489135742	1.0
chr4_151460648_A_T_b38	1	2.52963e-03	-8.445e-01	5.915e-02 -7.097827911376952	1.0
chr4_151473102_A_G_b38	1	2.52963e-03	-8.445e-01	5.915e-02 -7.095489978790282	1.0
chr4_151462810_T_C_b38	1	2.52963e-03	-8.445e-01	5.915e-02 -7.096634864807129	1.0
chr4_151479946_A_T_b38	1	2.52963e-03	-8.445e-01	5.915e-02 -7.0785064697265625	1.0
chr4_151486084_T_C_b38	1	2.52963e-03	-8.445e-01	5.915e-02 -7.103926181793213	1.0
chr4_151468834_CT_C_b38	1	2.52963e-03	-8.445e-01	5.915e-02 -7.133252544302813	1.0
chr4_151505613_C_T_b38	1	2.52963e-03	-8.445e-01	5.915e-02 -7.1426429748535165	1.0
chr4_151474581_A_G_b38	1	2.52963e-03	-8.445e-01	5.915e-02 -7.092811107635497	1.0
chr4_151468012_T_C_b38	1	2.52963e-03	-8.445e-01	5.915e-02 -7.133252544302813	1.0
chr4_151488325_A_C_b38	1	2.52963e-03	-8.445e-01	5.915e-02 -7.101276397705077	1.0
chr4_151476402_T_G_b38	1	2.52963e-03	-8.445e-01	5.915e-02 -7.102436065673827	1.0
chr4_151502904_C_G_b38	1	2.52963e-03	-8.445e-01	5.915e-02 -7.128320693969728	1.0
chr4_151509026_T_C_b38	1	2.52963e-03	-8.445e-01	5.915e-02 -7.14317798614502	1.0
chr4_151488449_A_G_b38	1	2.52963e-03	-8.445e-01	5.915e-02 -7.106132984161378	1.0
chr4_151477979_G_A_b38	1	2.52963e-03	-8.445e-01	5.915e-02 -7.1014161109924325	1.0
chr4_151491451_T_C_b38	1	2.52963e-03	-8.445e-01	5.915e-02 -7.103342533111572	1.0
chr4_151462887_A_G_b38	1	2.52963e-03	-8.445e-01	5.915e-02 -7.095547676086426	1.0
chr4_151461482_A_G_b38	1	2.52963e-03	-8.445e-01	5.915e-02 -7.095259666442871	1.0
chr4_151504806_A_C_b38	1	2.52963e-03	-8.445e-01	5.915e-02 -7.140347480773926	1.0
chr4_151472115_T_C_b38	1	2.52963e-03	-8.445e-01	5.915e-02 -7.095375061035156	1.0
chr4_151470078_T_C_b38	1	2.52963e-03	-8.445e-01	5.915e-02 -7.095547676086426	1.0
chr4_151460898_A_G_b38	1	2.52963e-03	-8.445e-01	5.915e-02 -7.098881244659424	1.0
chr4_151470884_G_T_b38	1	2.52963e-03	-8.445e-01	5.915e-02 -7.095489978790282	1.0
chr4_151462680_A_G_b38	1	2.52963e-03	-8.445e-01	5.915e-02 -7.095547676086426	1.0
chr4_151486747_G_A_b38	1	2.52963e-03	-8.445e-01	5.915e-02 -7.10760498046875	1.0
chr4_151469261_A_C_b38	1	2.52963e-03	-8.445e-01	5.915e-02 -7.096083164215088	1.0
chr4_151506354_G_A_b38	1	2.52963e-03	-8.445e-01	5.915e-02 -7.1426429748535165	1.0
chr4_151494863_C_T_b38	1	2.52963e-03	-8.445e-01	5.915e-02 -7.1195878982543945	1.0
chr4_151499604_C_T_b38	1	1.21358e-03	-8.373e-01	5.896e-02 -7.125975608825684	1.0
chr4_151489388_G_T_b38	1	1.21358e-03	-8.373e-01	5.896e-02 -7.112476825714111	1.0
chr4_151476103_G_T_b38	1	1.21358e-03	-8.373e-01	5.896e-02 -7.112960815429688	1.0
chr4_151506534_C_T_b38	1	1.21358e-03	-8.373e-01	5.896e-02 -7.153455257415772	1.0
chr4_151410962_A_G_b38	2	1.32719e-02	3.361e-01	1.566e-01 0.3584175407886505	1.0
chr4_151411720_G_T_b38	2	7.30228e-03	3.367e-01	1.566e-01 0.35990628600120544	1.0
chr4_151437391_C_T_b38	2	8.94674e-04	3.107e-01	1.327e-01 0.5850360989570618	1.0
chr4_151458642_T_C_b38	2	6.98851e-04	3.398e-01	1.568e-01 0.5479751825332642	1.0
chr4_151370261_T_C_b38	2	2.51044e-04	2.907e-01	1.332e-01 0.4707258939743042	1.0
chr4_151365426_G_A_b38	2	2.49774e-04	2.811e-01	1.281e-01 0.38914719223976135	1.0
chr4_151361574_G_A_b38	2	2.49774e-04	2.811e-01	1.281e-01 0.3688308596611023	1.0
chr4_151359494_A_G_b38	2	2.49774e-04	2.811e-01	1.281e-01 0.3878382742404938	1.0
chr4_151363298_ATTAT_A_b38	2	2.49774e-04	2.811e-01	1.281e-01 0.4427622970335837	1.0
chr4_151366223_T_C_b38	2	2.49774e-04	2.811e-01	1.281e-01 0.4424648284912109	1.0
chr4_151496483_A_G_b38	2	1.81066e-04	3.406e-01	1.309e-01 0.5916969776153564	1.0
chr4_151492453_G_T_b38	2	1.81066e-04	3.406e-01	1.309e-01 0.6019176840782166	1.0
chr4_151488491_A_G_b38	2	1.31050e-04	3.234e-01	1.324e-01 0.6000609397888184	1.0
chr4_151342148_G_A_b38	2	9.03183e-05	3.262e-01	1.380e-01 0.3970975577831268	1.0
chr4_151344280_T_C_b38	2	9.03183e-05	3.262e-01	1.380e-01 0.3771809637546539	1.0
chr4_151336945_C_G_b38	2	9.03183e-05	3.262e-01	1.380e-01 0.40170472860336304	1.0
chr4_151336946_T_G_b38	2	9.03183e-05	3.262e-01	1.380e-01 0.4019428789615631	1.0
chr4_151334789_A_G_b38	2	9.03183e-05	3.262e-01	1.380e-01 0.4052034020423889	1.0
chr4_151343705_C_T_b38	2	9.03183e-05	3.262e-01	1.380e-01 0.3779173493385315	1.0
chr4_151356747_C_A_b38	2	7.63472e-05	3.035e-01	1.325e-01 0.35045263171195984	1.0
chr4_151353467_A_C_b38	2	7.63472e-05	3.035e-01	1.325e-01 0.3269388377666473	1.0
chr4_151356945_C_T_b38	2	7.63472e-05	3.035e-01	1.325e-01 0.3412266671657562	1.0
chr4_151357327_G_A_b38	2	7.63472e-05	3.035e-01	1.325e-01 0.34177446365356445	1.0
chr4_151356746_G_A_b38	2	7.63472e-05	3.035e-01	1.325e-01 0.350673645734787	1.0
chr4_151379036_C_T_b38	2	5.46410e-05	1.675e-01	1.155e-01 0.20606912672519684	1.0
chr4_151410100_G_C_b38	3	5.89157e-04	-7.641e-01	2.144e-01 -7.1124677658081055	1.0
chr4_151404233_C_G_b38	3	4.49188e-04	-8.088e-01	5.971e-02 -7.102117538452148	1.0
chr4_151401419_C_T_b38	3	4.06236e-04	-8.147e-01	5.980e-02 -7.099247455596924	1.0
chr4_151400994_C_T_b38	3	4.06236e-04	-8.147e-01	5.980e-02 -7.100314140319824	1.0
chr4_151410968_G_T_b38	3	3.19649e-04	-8.085e-01	6.023e-02 -7.118755340576173	1.0
chr4_151401507_C_G_b38	3	2.44086e-04	-8.088e-01	5.971e-02 -7.112881183624268	1.0
chr4_151394987_T_C_b38	3	2.32389e-04	-8.147e-01	5.980e-02 -7.101759433746338	1.0
chr4_151389636_A_G_b38	3	2.32389e-04	-8.147e-01	5.980e-02 -7.105294704437256	1.0
chr4_151414046_G_GTTTT_b38	3	2.24885e-04	-8.051e-01	5.987e-02 -6.9400605315108255	1.0
chr4_151452928_A_G_b38	3	2.13354e-04	-8.195e-01	5.957e-02 -7.120828151702881	1.0
chr4_151390723_A_G_b38	3	1.38286e-04	-8.088e-01	5.971e-02 -7.08971380211441	1.0
chr4_151385400_T_C_b38	3	1.38286e-04	-8.088e-01	5.971e-02 -7.1236982345581055	1.0
chr4_151397893_C_T_b38	3	1.38286e-04	-8.088e-01	5.971e-02 -7.123201370239258	1.0
chr4_151414597_A_G_b38	3	1.36538e-04	-8.085e-01	6.023e-02 -7.113381385803223	1.0
chr4_151495230_T_C_b38	3	5.82150e-05	-8.280e-01	6.022e-02 -7.1295247077941895	1.0
chr4_151383576_G_A_b38	3	4.73902e-05	-8.088e-01	5.971e-02 -7.126893997192383	1.0
