chr17_18241406_C_T_b38	1	2.48851e-01	1.106e-01	2.840e-02 -7.643937587738037	1.0
chr17_18239426_C_G_b38	1	1.48720e-01	-1.075e-01	2.993e-02 7.621669292449951	1.0
chr17_18249987_A_G_b38	1	1.25769e-01	1.086e-01	3.134e-02 -7.705761022879651	1.0
chr17_18231040_C_T_b38	1	3.65946e-02	-1.065e-01	3.131e-02 7.6563663482666025	1.0
chr17_18236582_G_T_b38	1	2.95191e-02	-9.139e-02	3.978e-02 7.690572738647461	1.0
chr17_18226830_T_C_b38	1	2.65825e-02	-1.009e-01	3.176e-02 8.231663703918457	1.0
chr17_18224600_C_G_b38	1	1.66419e-02	9.659e-02	3.465e-02 -7.836489677429199	1.0
chr17_18227773_C_T_b38	1	1.15027e-02	-9.450e-02	3.803e-02 7.977133750915527	1.0
chr17_18218612_T_C_b38	1	6.37222e-03	8.583e-02	4.164e-02 -7.674601554870605	1.0
chr17_18258430_C_T_b38	2	1.81850e-01	1.146e-01	3.477e-02 -3.280848503112793	1.0
chr17_18259948_C_T_b38	2	5.06405e-02	8.809e-02	3.526e-02 -3.5663957595825195	1.0
chr17_18245171_G_A_b38	2	1.70968e-02	1.101e-01	3.388e-02 -3.3131837844848637	1.0
chr17_18257439_T_A_b38	2	1.63062e-02	9.070e-02	3.551e-02 -3.557074546813965	1.0
chr17_18229665_A_G_b38	2	1.43479e-02	-1.179e-01	3.303e-02 3.294474601745605	1.0
chr17_18265686_CCCT_C_b38	2	1.01555e-02	9.441e-02	3.585e-02 -3.461111860590657	1.0
chr17_18269021_G_A_b38	2	1.01555e-02	9.441e-02	3.585e-02 -3.4562380313873287	1.0
chr17_18251196_T_C_b38	2	9.91687e-03	9.360e-02	3.568e-02 -3.534292459487915	1.0
chr17_18248110_C_G_b38	2	7.13602e-03	9.576e-02	3.511e-02 -3.5986557006835938	1.0
chr17_18247500_G_A_b38	2	7.05062e-03	9.902e-02	3.567e-02 -3.453797578811645	1.0
chr17_18344707_T_C_b38	2	5.74578e-03	1.177e-01	3.203e-02 -3.1820318698883057	1.0
chr17_18237133_A_G_b38	2	5.39244e-03	-9.658e-02	3.581e-02 3.535616159439087	1.0
chr17_18236479_A_C_b38	2	5.30169e-03	-9.602e-02	3.581e-02 3.648524761199951	1.0
chr17_18243407_A_C_b38	2	4.81822e-03	9.594e-02	3.589e-02 -3.5956430435180664	1.0
chr17_18250501_T_C_b38	2	4.81438e-03	9.261e-02	3.520e-02 -3.569823741912842	1.0
chr17_18274401_G_A_b38	2	4.56973e-03	9.377e-02	3.581e-02 -3.4443726539611816	1.0
chr17_18279079_G_A_b38	2	4.56973e-03	9.377e-02	3.581e-02 -3.4469912052154537	1.0
chr17_18352252_T_G_b38	2	3.31878e-03	1.102e-01	3.193e-02 -3.2276434898376465	1.0
chr17_18347085_A_C_b38	2	3.11365e-03	1.118e-01	3.213e-02 -3.281869649887085	1.0
chr17_18356566_C_G_b38	2	3.11365e-03	1.118e-01	3.213e-02 -3.3081650733947754	1.0
chr17_18349597_T_C_b38	2	3.11365e-03	1.118e-01	3.213e-02 -3.2976152896881104	1.0
chr17_18349554_C_G_b38	2	3.11365e-03	1.118e-01	3.213e-02 -3.2969989776611333	1.0
chr17_18351765_T_G_b38	2	3.11365e-03	1.118e-01	3.213e-02 -3.314081907272339	1.0
chr17_18350290_C_T_b38	2	3.11365e-03	1.118e-01	3.213e-02 -3.297837734222412	1.0
chr17_18350508_C_T_b38	2	3.11365e-03	1.118e-01	3.213e-02 -3.3127532005310063	1.0
chr17_18230399_G_T_b38	2	2.62801e-03	-1.019e-01	3.501e-02 3.5953640937805176	1.0
chr17_18230181_G_A_b38	2	2.62801e-03	-1.019e-01	3.501e-02 3.5949628353118896	1.0
chr17_18230952_T_C_b38	2	2.62801e-03	-1.019e-01	3.501e-02 3.582770109176636	1.0
chr17_18230474_C_T_b38	2	2.62801e-03	-1.019e-01	3.501e-02 3.595439910888672	1.0
chr17_18231553_C_G_b38	2	2.62801e-03	-1.019e-01	3.501e-02 3.5812397003173837	1.0
chr17_18230951_C_A_b38	2	2.62801e-03	-1.019e-01	3.501e-02 3.670637177426385	1.0
chr17_18231460_A_G_b38	2	2.44240e-03	-1.011e-01	3.535e-02 3.5403254032135014	1.0
chr17_18295753_C_G_b38	2	2.25107e-03	1.002e-01	3.500e-02 -3.561887502670288	1.0
chr17_18227922_C_T_b38	2	2.22823e-03	-9.978e-02	3.548e-02 3.5371129512786865	1.0
chr17_18228271_T_A_b38	2	1.86397e-03	-9.161e-02	3.451e-02 3.311997890472412	1.0
chr17_18233827_A_G_b38	2	1.79595e-03	-9.679e-02	3.577e-02 3.516352415084839	1.0
chr17_18232439_T_C_b38	2	1.77653e-03	-9.698e-02	3.574e-02 3.4574897289276123	1.0
chr17_18233674_T_C_b38	2	1.77653e-03	-9.698e-02	3.574e-02 3.4426877498626713	1.0
chr17_18295836_G_A_b38	2	1.63000e-03	9.343e-02	3.495e-02 -3.3018462657928467	1.0
chr17_18288634_C_G_b38	2	1.53185e-03	9.531e-02	3.571e-02 -3.4458467960357666	1.0
chr17_18289843_G_A_b38	2	1.53185e-03	9.531e-02	3.571e-02 -3.445384979248047	1.0
chr17_18299682_C_T_b38	2	1.53185e-03	9.531e-02	3.571e-02 -3.4638800621032715	1.0
chr17_18297708_G_A_b38	2	1.53185e-03	9.531e-02	3.571e-02 -3.5329885715552325	1.0
chr17_18310121_T_G_b38	2	1.53185e-03	9.531e-02	3.571e-02 -3.450939655303955	1.0
chr17_18290697_C_A_b38	2	1.53185e-03	9.531e-02	3.571e-02 -3.445875883102417	1.0
chr17_18226818_G_C_b38	2	1.51725e-03	-9.467e-02	3.613e-02 3.4182372093200684	1.0
chr17_18228299_T_C_b38	2	1.47599e-03	-9.444e-02	3.622e-02 3.3860085010528564	1.0
chr17_18212230_T_A_b38	2	1.05171e-03	8.086e-02	3.353e-02 -0.7212930917739868	1.0
chr17_18223604_A_C_b38	2	8.52244e-04	7.762e-02	3.321e-02 -0.8393168449401855	1.0
chr17_18210914_G_A_b38	2	7.52855e-04	7.625e-02	3.343e-02 -0.7227117419242859	1.0
chr17_18214865_A_G_b38	2	7.52855e-04	7.625e-02	3.343e-02 -0.7051387429237366	1.0
chr17_18213459_G_A_b38	2	7.52855e-04	7.625e-02	3.343e-02 -0.7206809520721436	1.0
chr17_18220120_G_T_b38	2	7.52855e-04	7.625e-02	3.343e-02 -0.7163108587265015	1.0
chr17_18211180_C_G_b38	2	7.52855e-04	7.625e-02	3.343e-02 -0.7226210236549377	1.0
chr17_18219171_G_A_b38	2	7.52855e-04	7.625e-02	3.343e-02 -0.693260908126831	1.0
chr17_18354275_C_T_b38	2	7.11668e-04	1.077e-01	3.265e-02 -3.487533569335937	1.0
chr17_18222531_T_C_b38	2	6.35870e-04	7.323e-02	3.298e-02 -0.7167438864707947	1.0
chr17_18222637_C_G_b38	2	6.35870e-04	7.323e-02	3.298e-02 -0.7071356177330017	1.0
chr17_18221429_G_A_b38	2	6.18214e-04	7.408e-02	3.337e-02 -1.1249382495880127	1.0
chr17_18222563_G_A_b38	2	3.06231e-04	7.798e-02	3.551e-02 -1.1143349409103394	1.0
chr17_18212994_T_C_b38	2	3.00577e-04	7.372e-02	3.344e-02 -0.7127637267112732	1.0
chr17_18179482_C_G_b38	2	2.56994e-04	9.134e-02	3.545e-02 -1.2192566394805908	1.0
chr17_18260834_G_T_b38	3	9.96103e-03	1.001e-01	4.362e-02 -4.9630866050720215	1.0
chr17_18259902_GTT_G_b38	3	5.09129e-03	9.878e-02	3.943e-02 -4.993663623406173	1.0
chr17_18261090_C_T_b38	3	2.99809e-03	1.038e-01	4.263e-02 -4.9633822441101065	1.0
chr17_18268612_C_G_b38	3	1.57332e-04	8.201e-02	3.709e-02 -4.71750020980835	1.0
chr17_18278480_A_G_b38	3	4.36591e-05	7.119e-02	3.288e-02 -4.520400047302246	1.0
chr17_18282285_A_G_b38	3	4.36591e-05	7.119e-02	3.288e-02 -4.516365051269531	1.0
chr17_18283161_T_G_b38	3	4.36591e-05	7.119e-02	3.288e-02 -4.5163540840148935	1.0
chr17_18274698_C_CG_b38	3	4.16097e-05	8.152e-02	3.646e-02 -4.765280884723778	1.0
chr17_18271367_G_A_b38	3	3.80529e-05	7.987e-02	3.662e-02 -4.718580722808838	1.0
chr17_18284242_G_A_b38	3	3.75044e-05	8.056e-02	3.709e-02 -4.7292680740356445	1.0
chr17_18280697_G_T_b38	3	3.75044e-05	8.056e-02	3.709e-02 -4.73031759262085	1.0
