chr1_109278889_T_G_b38	1	2.37655e-01	-1.803e-01	3.870e-02 -4.510140895843506	1.0
chr1_109278685_G_T_b38	1	1.61177e-01	-1.790e-01	3.926e-02 -4.768527030944824	1.0
chr1_109279521_G_A_b38	1	1.49552e-01	-1.777e-01	3.908e-02 -4.721502304077148	1.0
chr1_109279544_G_A_b38	1	1.49552e-01	-1.777e-01	3.908e-02 -4.736955642700195	1.0
chr1_109275216_T_C_b38	1	1.99848e-02	-1.610e-01	3.915e-02 -4.712809085845947	1.0
chr1_109275536_C_CT_b38	1	1.73539e-02	-1.596e-01	3.922e-02 -4.455075784382178	1.0
chr1_109275908_C_T_b38	1	1.37597e-02	-1.588e-01	3.967e-02 -4.888753890991211	1.0
chr1_109275684_G_T_b38	1	1.37597e-02	-1.588e-01	3.967e-02 -4.826676845550537	1.0
chr1_109274968_G_T_b38	1	6.32251e-03	1.528e-01	4.055e-02 4.979031562805176	1.0
chr1_109655596_A_T_b38	2	2.03212e-02	-1.688e-01	3.402e-02 -1.324017882347107	1.0
chr1_109652373_C_T_b38	2	2.69031e-03	-1.549e-01	3.439e-02 -1.2200051546096802	1.0
chr1_109652606_G_A_b38	2	2.69031e-03	-1.549e-01	3.439e-02 -1.2218166589736938	1.0
chr1_109652492_G_C_b38	2	2.69031e-03	-1.549e-01	3.439e-02 -1.2211493253707886	1.0
chr1_109653807_G_A_b38	2	2.68171e-03	-1.549e-01	3.439e-02 -1.247768759727478	1.0
chr1_109653322_C_A_b38	2	2.68171e-03	-1.549e-01	3.439e-02 -1.2093915939331057	1.0
chr1_109654513_T_C_b38	2	2.68171e-03	-1.549e-01	3.439e-02 -1.223289966583252	1.0
chr1_109653242_A_C_b38	2	2.68171e-03	-1.549e-01	3.439e-02 -1.2219043970108032	1.0
chr1_109654825_G_A_b38	2	2.68171e-03	-1.549e-01	3.439e-02 -1.284923076629639	1.0
chr1_109653683_A_T_b38	2	2.53925e-03	-1.546e-01	3.444e-02 -1.241943120956421	1.0
chr1_109558291_T_C_b38	2	1.89072e-03	1.493e-01	3.404e-02 2.710574150085449	1.0
chr1_109651633_A_G_b38	2	1.76838e-03	1.526e-01	3.474e-02 1.3144285678863523	1.0
chr1_109650144_A_G_b38	2	1.76838e-03	1.526e-01	3.474e-02 1.3432337045669556	1.0
chr1_109652287_C_T_b38	2	1.76838e-03	-1.526e-01	3.474e-02 -1.3019174337387085	1.0
chr1_109650086_AT_A_b38	2	1.76838e-03	1.526e-01	3.474e-02 1.355954506116798	1.0
chr1_109650768_A_G_b38	2	1.19619e-03	1.469e-01	3.421e-02 1.2430864572525024	1.0
chr1_109643941_C_T_b38	2	4.60628e-04	1.341e-01	3.310e-02 0.5631265640258789	1.0
chr1_109632269_A_G_b38	2	8.94649e-05	1.324e-01	3.434e-02 1.9661989212036133	1.0
chr1_109627335_A_G_b38	2	8.91337e-05	1.315e-01	3.417e-02 2.060770273208618	1.0
chr1_109629724_T_TG_b38	2	8.91337e-05	1.315e-01	3.417e-02 1.833735427298788	1.0
chr1_109629083_A_C_b38	2	8.18108e-05	1.306e-01	3.410e-02 2.0872447490692143	1.0
chr1_109628274_T_C_b38	2	7.64765e-05	1.304e-01	3.420e-02 2.1232559680938716	1.0
chr1_109632870_T_C_b38	2	7.46091e-05	1.319e-01	3.481e-02 2.1682443618774414	1.0
chr1_109634225_T_C_b38	2	7.46091e-05	1.319e-01	3.481e-02 2.1804983615875244	1.0
chr1_109626266_C_G_b38	2	7.14609e-05	1.282e-01	3.382e-02 1.8651082515716555	1.0
chr1_109281628_G_A_b38	3	4.34020e-02	2.503e-01	6.330e-02 1.971067786216736	1.0
chr1_109270863_C_T_b38	3	4.05595e-02	3.091e-01	6.729e-02 2.2163736820220947	1.0
chr1_109292541_C_T_b38	3	1.75450e-02	2.538e-01	6.215e-02 1.723345160484314	1.0
chr1_109288603_G_A_b38	3	1.74647e-02	2.497e-01	6.097e-02 1.9235368967056277	1.0
chr1_109288371_C_T_b38	3	1.74647e-02	2.497e-01	6.097e-02 1.9406281709671018	1.0
chr1_109296770_A_G_b38	3	1.51993e-02	-2.234e-01	5.323e-02 -1.4485251903533936	1.0
chr1_109290565_G_A_b38	3	8.19052e-03	2.370e-01	6.191e-02 1.661518692970276	1.0
chr1_109292316_C_T_b38	3	8.19052e-03	2.370e-01	6.191e-02 1.6620116233825684	1.0
chr1_109241460_G_A_b38	3	6.11201e-03	2.729e-01	6.354e-02 2.7511818408966064	1.0
chr1_109217933_T_C_b38	3	3.58460e-03	2.871e-01	6.372e-02 2.6236610412597656	1.0
chr1_109214673_G_A_b38	3	3.58460e-03	2.871e-01	6.372e-02 2.599808931350708	1.0
chr1_109296778_C_T_b38	3	1.16257e-03	2.144e-01	6.569e-02 1.3836034536361694	1.0
chr1_109301124_G_C_b38	3	6.23915e-04	2.102e-01	6.703e-02 1.5842310190200806	1.0
chr1_109318458_C_G_b38	3	1.99609e-04	2.121e-01	6.568e-02 1.6428005695343018	1.0
chr1_109329495_C_T_b38	3	1.99609e-04	2.121e-01	6.568e-02 1.6190788745880127	1.0
chr1_109352159_T_G_b38	3	7.09611e-05	2.121e-01	6.568e-02 1.6256250143051147	1.0
chr1_109379694_T_C_b38	3	7.09611e-05	2.121e-01	6.568e-02 1.6272130012512207	1.0
chr1_109354478_T_C_b38	3	7.09611e-05	2.121e-01	6.568e-02 1.62363600730896	1.0
chr1_109363156_G_A_b38	3	7.09611e-05	2.121e-01	6.568e-02 1.6440272331237793	1.0
chr1_109372968_T_C_b38	3	7.09611e-05	2.121e-01	6.568e-02 1.6506515741348269	1.0
chr1_109376903_G_A_b38	3	7.09611e-05	2.121e-01	6.568e-02 1.6297173500061035	1.0
chr1_109382296_T_A_b38	3	7.09611e-05	2.121e-01	6.568e-02 1.6298484802246094	1.0
chr1_109378599_C_T_b38	3	7.09611e-05	2.121e-01	6.568e-02 1.62802255153656	1.0
chr1_109341191_T_C_b38	3	7.09611e-05	2.121e-01	6.568e-02 1.6244864463806152	1.0
chr1_109379361_G_A_b38	3	7.09611e-05	2.121e-01	6.568e-02 1.6279314756393433	1.0
chr1_109376517_G_GGATAAAGAAAATATGGTCTATA_b38	3	7.09611e-05	2.121e-01	6.568e-02 1.5271957076746383	1.0
