chr12_3245750_C_T_b38	1	1.04427e-01	5.990e-01	1.066e-01 7.314331531524657	1.0
chr12_3244696_T_C_b38	1	1.04427e-01	5.990e-01	1.066e-01 7.288609504699707	1.0
chr12_3244396_C_T_b38	1	1.04427e-01	5.990e-01	1.066e-01 7.167874813079834	1.0
chr12_3253040_ACT_A_b38	1	4.95344e-02	5.684e-01	1.044e-01 7.2464850104441725	1.0
chr12_3247120_C_T_b38	1	4.95344e-02	5.684e-01	1.044e-01 7.467109203338622	1.0
chr12_3250340_T_A_b38	1	4.95344e-02	5.684e-01	1.044e-01 7.384232044219973	1.0
chr12_3255370_G_T_b38	1	4.94840e-02	5.684e-01	1.044e-01 7.394824981689452	1.0
chr12_3255474_A_ACTTTCTCCCCACTCAGCC_b38	1	4.92825e-02	5.686e-01	1.044e-01 7.2464850104441725	1.0
chr12_3266614_G_A_b38	1	2.54320e-02	5.460e-01	1.030e-01 7.3078651428222665	1.0
chr12_3274546_TGTCA_T_b38	1	2.54320e-02	5.460e-01	1.030e-01 7.0632278519094855	1.0
chr12_3269973_T_C_b38	1	2.54320e-02	5.460e-01	1.030e-01 7.2750654220581055	1.0
chr12_3279547_G_A_b38	1	2.54320e-02	5.460e-01	1.030e-01 7.511600971221924	1.0
chr12_3283497_C_T_b38	1	2.54320e-02	5.460e-01	1.030e-01 7.605857372283935	1.0
chr12_3257920_G_A_b38	1	2.54320e-02	5.460e-01	1.030e-01 7.338051319122314	1.0
chr12_3281414_C_T_b38	1	2.54320e-02	5.460e-01	1.030e-01 7.5239176750183105	1.0
chr12_3281637_G_A_b38	1	2.54320e-02	5.460e-01	1.030e-01 7.241983890533447	1.0
chr12_3264657_G_C_b38	1	2.54320e-02	5.460e-01	1.030e-01 7.375568866729736	1.0
chr12_3281031_C_T_b38	1	2.54320e-02	5.460e-01	1.030e-01 7.5103044509887695	1.0
chr12_3258973_G_T_b38	1	2.54320e-02	5.460e-01	1.030e-01 7.341843128204347	1.0
chr12_3283934_C_T_b38	1	2.54320e-02	5.460e-01	1.030e-01 7.6882686614990225	1.0
chr12_3274823_C_A_b38	1	2.54320e-02	5.460e-01	1.030e-01 7.483637809753418	1.0
chr12_3244190_C_T_b38	1	1.79641e-02	5.277e-01	1.010e-01 7.108406066894531	1.0
chr12_3248972_C_T_b38	1	1.26429e-02	5.275e-01	1.027e-01 7.362810134887695	1.0
chr12_3060652_T_C_b38	2	2.68442e-02	-1.650e-01	4.824e-02 0.38385358452796936	1.0
chr12_3064725_T_C_b38	2	2.29799e-02	-1.674e-01	5.010e-02 0.6495901942253113	1.0
chr12_3062780_T_G_b38	2	2.29799e-02	-1.674e-01	5.010e-02 0.642547070980072	1.0
chr12_3065268_A_G_b38	2	2.03519e-02	-1.655e-01	5.014e-02 0.5727136731147766	1.0
chr12_3065551_C_T_b38	2	2.03519e-02	-1.655e-01	5.014e-02 0.566561758518219	1.0
chr12_3064680_C_T_b38	2	2.03015e-02	-1.656e-01	5.014e-02 0.586419939994812	1.0
chr12_3062263_C_T_b38	2	2.03015e-02	-1.656e-01	5.014e-02 0.5789965987205505	1.0
chr12_3064193_A_C_b38	2	2.03015e-02	-1.656e-01	5.014e-02 0.59623783826828	1.0
chr12_3062721_A_C_b38	2	2.03015e-02	-1.656e-01	5.014e-02 0.5959991812705994	1.0
chr12_3060964_A_C_b38	2	2.02512e-02	-1.656e-01	5.014e-02 0.6023690700531006	1.0
chr12_3058417_A_T_b38	2	1.91032e-02	-1.597e-01	4.817e-02 0.2529068887233734	1.0
chr12_3061514_T_C_b38	2	1.54924e-02	-1.617e-01	5.022e-02 0.5858302712440491	1.0
chr12_3058734_G_A_b38	2	1.35985e-02	-1.547e-01	4.835e-02 -0.1502971649169922	1.0
chr12_3063231_C_T_b38	2	8.11769e-03	1.639e-01	5.542e-02 -0.786188006401062	1.0
chr12_3062344_C_T_b38	2	5.43265e-03	-1.346e-01	4.633e-02 0.3400903344154358	1.0
chr12_3055192_A_T_b38	2	5.25641e-03	-1.415e-01	4.953e-02 0.3620887100696564	1.0
chr12_3055757_C_T_b38	2	5.15454e-03	-1.400e-01	4.908e-02 0.32024621963500977	1.0
chr12_3061289_C_T_b38	2	4.63636e-03	1.546e-01	5.628e-02 -0.8073703050613403	1.0
chr12_3066712_G_A_b38	2	1.87491e-03	-1.195e-01	4.837e-02 0.914037585258484	1.0
chr12_3044528_G_T_b38	2	1.52000e-03	-1.443e-01	5.242e-02 0.22298114001750946	1.0
chr12_3048253_G_A_b38	2	1.35970e-03	-1.389e-01	5.053e-02 0.038154255598783486	1.0
chr12_3049631_G_A_b38	2	7.16994e-04	-1.333e-01	4.985e-02 -0.15754079818725586	1.0
chr12_3046817_C_T_b38	2	6.21925e-04	-1.324e-01	5.030e-02 -0.022993095219135284	1.0
chr12_3044302_G_A_b38	2	5.04800e-04	-1.305e-01	5.128e-02 0.0976102203130722	1.0
chr12_3044421_C_T_b38	2	4.09987e-04	-1.267e-01	5.169e-02 0.11286462098360063	1.0
chr12_3047904_G_A_b38	2	4.07474e-04	-1.242e-01	5.069e-02 -0.014458829537034038	1.0
chr12_3038853_C_T_b38	2	1.91789e-04	-1.189e-01	4.984e-02 0.08742508292198181	1.0
chr12_3032329_C_T_b38	2	1.67308e-04	-1.255e-01	5.242e-02 0.4337324500083923	1.0
chr12_3037006_G_A_b38	2	1.53858e-04	-1.138e-01	4.988e-02 0.14863212406635284	1.0
chr12_3038726_G_C_b38	2	1.45430e-04	-1.128e-01	4.841e-02 0.09468216449022293	1.0
chr12_3030447_C_T_b38	2	1.44084e-04	-1.218e-01	5.232e-02 0.5022209882736206	1.0
chr12_3039835_G_T_b38	2	1.43819e-04	-1.149e-01	4.980e-02 0.31700628995895386	1.0
chr12_3040317_A_G_b38	2	1.25521e-04	-1.109e-01	4.931e-02 0.2135748714208603	1.0
chr12_3041008_G_A_b38	2	1.24312e-04	-1.110e-01	4.974e-02 0.19856221973896027	1.0
chr12_3039698_T_G_b38	2	1.17030e-04	-1.080e-01	4.860e-02 0.2622087895870209	1.0
chr12_3092194_G_A_b38	3	1.04860e-02	-1.843e-01	5.482e-02 -2.2012720108032227	1.0
chr12_3090225_TG_T_b38	3	3.39018e-03	-1.786e-01	5.639e-02 -1.8981110465145437	1.0
chr12_3097192_T_A_b38	3	8.98089e-04	-1.853e-01	5.562e-02 -2.240628957748413	1.0
chr12_3099347_T_C_b38	3	8.98089e-04	-1.853e-01	5.562e-02 -2.304778814315796	1.0
chr12_3091135_G_C_b38	3	8.49126e-04	-1.790e-01	5.405e-02 -2.0141193866729736	1.0
chr12_3094026_CTAAT_C_b38	3	7.77904e-04	-1.823e-01	5.557e-02 -2.5377970721192207	1.0
chr12_3090777_AATAATGAGGAATAGACCGCAGAG_A_b38	3	7.13361e-04	-1.785e-01	5.492e-02 -2.191956135276449	1.0
chr12_3100670_C_A_b38	3	6.71621e-04	-1.797e-01	5.565e-02 -2.3160419464111333	1.0
chr12_3095933_T_G_b38	3	6.26352e-04	-1.785e-01	5.571e-02 -2.35824425768432	1.0
chr12_3090721_G_A_b38	3	4.58871e-04	-1.695e-01	5.485e-02 -2.372666835784912	1.0
chr12_3105399_T_C_b38	3	3.45808e-04	-1.859e-01	5.562e-02 -2.303828716278076	1.0
chr12_3104383_C_T_b38	3	2.99854e-04	-1.836e-01	5.576e-02 -2.2940807342529297	1.0
chr12_3103440_G_A_b38	3	2.50144e-04	-1.797e-01	5.565e-02 -2.3284149169921875	1.0
chr12_3090053_A_G_b38	3	2.20280e-04	-1.515e-01	5.400e-02 -2.2868399620056152	1.0
chr12_3090635_A_G_b38	3	1.78636e-04	-1.466e-01	5.392e-02 -2.505819797515869	1.0
chr12_3109201_G_A_b38	3	2.67398e-05	-1.276e-01	5.556e-02 -4.116572364330104	1.0
