chr4_89836121_G_A_b38	1	6.69988e-02	-3.267e-01	8.872e-02 -4.303915500640868	1.0
chr4_89836243_G_C_b38	1	6.69988e-02	-3.267e-01	8.872e-02 -4.2995285987854	1.0
chr4_89838405_C_T_b38	1	5.35582e-02	-3.608e-01	8.934e-02 -4.239638328552246	1.0
chr4_89839732_C_T_b38	1	3.39920e-02	-3.621e-01	8.971e-02 -4.26389217376709	1.0
chr4_89840795_G_A_b38	1	3.39920e-02	-3.621e-01	8.971e-02 -4.361727564488429	1.0
chr4_89842209_C_A_b38	1	2.77048e-02	-3.684e-01	8.974e-02 -4.2640910148620605	1.0
chr4_89844868_C_T_b38	1	2.26615e-02	-3.609e-01	8.840e-02 -4.023673534393311	1.0
chr4_89843901_C_T_b38	1	2.26615e-02	-3.609e-01	8.840e-02 -4.0223779678344735	1.0
chr4_89845079_T_C_b38	1	2.26615e-02	-3.609e-01	8.840e-02 -4.023673534393311	1.0
chr4_89844918_C_T_b38	1	2.26615e-02	-3.609e-01	8.840e-02 -4.025725364685059	1.0
chr4_89844129_A_G_b38	1	2.26615e-02	-3.609e-01	8.840e-02 -4.023835182189941	1.0
chr4_89844072_G_A_b38	1	2.26615e-02	-3.609e-01	8.840e-02 -4.02341890335083	1.0
chr4_89845553_G_A_b38	1	2.26615e-02	-3.609e-01	8.840e-02 -4.02329158782959	1.0
chr4_89844595_G_A_b38	1	2.26615e-02	-3.609e-01	8.840e-02 -4.024066925048828	1.0
chr4_89845912_G_A_b38	1	2.26344e-02	-3.609e-01	8.841e-02 -4.023274421691895	1.0
chr4_89846208_C_T_b38	1	2.26344e-02	-3.609e-01	8.841e-02 -4.021631717681885	1.0
chr4_89845835_T_C_b38	1	2.26344e-02	-3.609e-01	8.841e-02 -4.023280143737793	1.0
chr4_89845959_C_T_b38	1	2.26344e-02	-3.609e-01	8.841e-02 -4.023274421691895	1.0
chr4_89843548_C_T_b38	1	2.19961e-02	-3.640e-01	9.003e-02 -4.2690720558166495	1.0
chr4_89842359_A_T_b38	1	2.19961e-02	-3.640e-01	9.003e-02 -4.263998508453368	1.0
chr4_89842980_G_A_b38	1	2.19961e-02	-3.640e-01	9.003e-02 -4.266124725341797	1.0
chr4_89843037_G_A_b38	1	2.19961e-02	-3.640e-01	9.003e-02 -4.266883850097656	1.0
chr4_89842552_A_C_b38	1	2.19961e-02	-3.640e-01	9.003e-02 -4.263998508453368	1.0
chr4_89837286_G_GT_b38	1	1.66281e-02	-3.291e-01	8.924e-02 -4.315432172934602	1.0
chr4_89837238_G_C_b38	1	1.66281e-02	-3.291e-01	8.924e-02 -4.286611557006837	1.0
chr4_89846726_C_T_b38	1	1.05641e-02	-3.618e-01	8.854e-02 -3.856562852859497	1.0
chr4_89851751_C_G_b38	1	1.05641e-02	-3.618e-01	8.854e-02 -4.065754567097944	1.0
chr4_89849996_T_A_b38	1	1.05641e-02	-3.618e-01	8.854e-02 -4.006899833679198	1.0
chr4_89848328_T_C_b38	1	1.05641e-02	-3.618e-01	8.854e-02 -4.024354934692384	1.0
chr4_89848773_C_T_b38	1	1.05641e-02	-3.618e-01	8.854e-02 -4.024083137512207	1.0
chr4_89848578_T_G_b38	1	1.05641e-02	-3.618e-01	8.854e-02 -4.024516582489014	1.0
chr4_89850906_G_T_b38	1	1.05641e-02	-3.618e-01	8.854e-02 -4.008953094482422	1.0
chr4_89856893_A_G_b38	1	1.05641e-02	-3.618e-01	8.854e-02 -4.044748783111571	1.0
chr4_89846722_A_G_b38	1	1.05641e-02	-3.618e-01	8.854e-02 -3.856562852859497	1.0
chr4_89852637_AC_A_b38	1	1.05641e-02	-3.618e-01	8.854e-02 -4.065754567097944	1.0
chr4_89854894_A_G_b38	1	1.05641e-02	-3.618e-01	8.854e-02 -4.00606107711792	1.0
chr4_89854568_T_G_b38	1	1.05641e-02	-3.618e-01	8.854e-02 -4.009230613708496	1.0
chr4_89856623_C_T_b38	1	1.05641e-02	-3.618e-01	8.854e-02 -4.003428936004639	1.0
chr4_89854340_T_A_b38	1	1.05641e-02	-3.618e-01	8.854e-02 -4.009230613708496	1.0
chr4_89854772_G_A_b38	1	1.05641e-02	-3.618e-01	8.854e-02 -4.0097336769103995	1.0
chr4_89853152_A_G_b38	1	1.05641e-02	-3.618e-01	8.854e-02 -4.00850772857666	1.0
chr4_89855014_G_A_b38	1	1.05641e-02	-3.618e-01	8.854e-02 -4.00892972946167	1.0
chr4_89849104_T_C_b38	1	1.05641e-02	-3.618e-01	8.854e-02 -4.024424076080321	1.0
chr4_89854610_C_G_b38	1	1.05641e-02	-3.618e-01	8.854e-02 -4.014840126037599	1.0
chr4_89853777_G_T_b38	1	1.05641e-02	-3.618e-01	8.854e-02 -4.008825778961182	1.0
chr4_89856686_G_C_b38	1	1.05641e-02	-3.618e-01	8.854e-02 -4.028398513793944	1.0
chr4_89853464_A_T_b38	1	1.05641e-02	-3.618e-01	8.854e-02 -4.0087971687316895	1.0
chr4_89850200_C_A_b38	1	1.05641e-02	-3.618e-01	8.854e-02 -4.01024866104126	1.0
chr4_89851734_G_C_b38	1	1.04826e-02	-3.617e-01	8.855e-02 -4.0007057189941415	1.0
chr4_89837794_A_G_b38	1	7.43206e-03	-3.209e-01	8.849e-02 -4.301322937011719	1.0
chr4_89834758_G_A_b38	1	4.15223e-03	-3.151e-01	9.089e-02 -4.15265417098999	1.0
chr4_89835399_C_G_b38	1	4.15223e-03	-3.151e-01	9.089e-02 -4.163129806518556	1.0
chr4_89833141_T_C_b38	1	2.58126e-03	-3.171e-01	9.123e-02 -4.158832550048828	1.0
chr4_89884342_T_C_b38	1	2.51471e-03	-3.620e-01	8.945e-02 -4.1501102447509775	1.0
chr4_89886101_T_C_b38	1	1.30547e-03	-3.606e-01	9.141e-02 -4.2139506340026855	1.0
chr4_89864190_G_A_b38	1	1.07478e-03	-3.494e-01	8.942e-02 -4.250977516174316	1.0
chr4_89884509_C_T_b38	1	8.14354e-04	-3.466e-01	9.001e-02 -2.871816396713257	1.0
chr4_89883165_T_G_b38	1	8.14354e-04	-3.466e-01	9.001e-02 -2.826235055923462	1.0
chr4_89884350_C_T_b38	1	8.14354e-04	-3.466e-01	9.001e-02 -2.8038899898529053	1.0
chr4_89821488_G_C_b38	1	7.65514e-04	-3.110e-01	8.780e-02 -2.860071420669556	1.0
chr4_89894872_A_G_b38	1	7.55303e-04	-3.628e-01	8.919e-02 -3.9320392608642583	1.0
chr4_89898810_T_C_b38	1	7.55303e-04	-3.628e-01	8.919e-02 -3.9836640357971187	1.0
chr4_89897942_T_C_b38	1	7.55303e-04	-3.628e-01	8.919e-02 -3.944090366363525	1.0
chr4_89863519_G_A_b38	1	6.30024e-04	-3.422e-01	9.109e-02 -4.2610692977905265	1.0
chr4_89881847_G_A_b38	1	5.68958e-04	-3.412e-01	9.172e-02 -4.208515167236328	1.0
chr4_89869086_G_A_b38	1	5.10267e-04	-3.337e-01	9.021e-02 -4.217682361602783	1.0
chr4_89896160_A_G_b38	1	2.44062e-04	-3.976e-01	7.861e-02 -2.5713653564453125	1.0
chr4_89897363_T_C_b38	1	2.44062e-04	-3.976e-01	7.861e-02 -2.575079202651977	1.0
chr4_89898044_C_T_b38	1	2.44062e-04	-3.976e-01	7.861e-02 -2.569448709487915	1.0
chr4_89898418_T_C_b38	1	2.44062e-04	-3.976e-01	7.861e-02 -2.582904577255249	1.0
chr4_89896840_C_T_b38	1	2.44062e-04	-3.976e-01	7.861e-02 -2.5717451572418213	1.0
chr4_89897875_T_C_b38	1	2.44062e-04	-3.976e-01	7.861e-02 -2.567439317703247	1.0
chr4_89898240_A_C_b38	1	2.44062e-04	-3.976e-01	7.861e-02 -2.5828626155853267	1.0
chr4_89896108_G_A_b38	1	2.44062e-04	-3.976e-01	7.861e-02 -2.5760390758514404	1.0
chr4_89898256_C_G_b38	1	2.44062e-04	-3.976e-01	7.861e-02 -2.5713367462158203	1.0
chr4_89863913_C_CT_b38	1	2.24435e-04	-3.758e-01	7.849e-02 -2.664012840581049	1.0
chr4_89870230_A_G_b38	1	2.12385e-04	-3.734e-01	7.824e-02 -2.846376895904541	1.0
chr4_89871079_T_G_b38	1	2.12385e-04	-3.734e-01	7.824e-02 -2.871721029281616	1.0
chr4_89870479_AATT_A_b38	1	2.12385e-04	-3.734e-01	7.824e-02 -2.737879640916726	1.0
chr4_89895639_T_A_b38	1	1.65299e-04	-3.856e-01	7.771e-02 -2.575817823410034	1.0
chr4_89898635_C_G_b38	1	1.65299e-04	-3.856e-01	7.771e-02 -2.5981624126434326	1.0
chr4_89892370_A_C_b38	1	1.65299e-04	-3.856e-01	7.771e-02 -2.589200496673584	1.0
chr4_89870668_G_T_b38	1	1.46524e-04	-3.801e-01	8.119e-02 -4.242170810699463	1.0
chr4_89836790_C_CT_b38	2	4.75817e-01	-6.283e-01	1.753e-01 -1.3340868195927698	1.0
chr4_89834926_T_G_b38	2	1.04877e-01	-6.401e-01	1.758e-01 -1.193481206893921	1.0
chr4_89831495_C_A_b38	2	7.15151e-02	-6.400e-01	1.758e-01 -1.3225277662277222	1.0
chr4_89828815_C_T_b38	2	3.80774e-02	-6.397e-01	1.758e-01 -1.122180461883545	1.0
chr4_89818097_T_C_b38	2	1.30935e-02	-6.408e-01	1.767e-01 -1.29170823097229	1.0
chr4_89823177_G_A_b38	2	1.30935e-02	-6.408e-01	1.767e-01 -1.2723627090454102	1.0
chr4_89794988_C_G_b38	2	2.52493e-03	-6.485e-01	1.743e-01 -1.304980754852295	1.0
chr4_89812228_G_T_b38	2	2.35265e-03	-6.038e-01	1.793e-01 -1.3094298839569092	1.0
chr4_89811968_TGA_T_b38	2	2.35265e-03	-6.038e-01	1.793e-01 -1.2899230165684858	1.0
chr4_89812954_C_G_b38	2	2.35265e-03	-6.038e-01	1.793e-01 -1.314043641090393	1.0
chr4_89817041_CT_C_b38	2	2.35265e-03	-6.038e-01	1.793e-01 -1.2899230165684858	1.0
chr4_89813182_T_C_b38	2	2.35265e-03	-6.038e-01	1.793e-01 -1.3094524145126345	1.0
chr4_89813275_T_C_b38	2	2.35265e-03	-6.038e-01	1.793e-01 -1.3169045448303225	1.0
chr4_89820652_A_G_b38	2	2.35265e-03	-6.038e-01	1.793e-01 -1.2796869277954102	1.0
chr4_89792108_G_A_b38	2	1.47742e-03	-6.632e-01	1.812e-01 -1.3137081861495972	1.0
chr4_89850841_G_T_b38	2	1.26308e-03	-5.743e-01	1.770e-01 -0.8075613975524902	1.0
chr4_89858997_T_G_b38	2	1.26308e-03	-5.743e-01	1.770e-01 -0.8989412188529968	1.0
chr4_89853310_A_T_b38	2	1.26308e-03	-5.743e-01	1.770e-01 -0.8051667213439941	1.0
chr4_89850836_T_G_b38	2	1.26308e-03	-5.743e-01	1.770e-01 -0.8069907426834106	1.0
chr4_89855716_GAT_G_b38	2	1.26308e-03	-5.743e-01	1.770e-01 -0.8109588073641711	1.0
chr4_89848708_G_C_b38	2	1.26308e-03	-5.743e-01	1.770e-01 -0.8697217702865601	1.0
chr4_89849257_A_G_b38	2	1.26308e-03	-5.743e-01	1.770e-01 -0.8066573143005371	1.0
chr4_89851778_G_T_b38	2	1.26308e-03	-5.743e-01	1.770e-01 -0.8130821585655212	1.0
chr4_89850246_T_C_b38	2	1.26308e-03	-5.743e-01	1.770e-01 -0.8074514865875244	1.0
chr4_89850475_C_T_b38	2	1.26308e-03	-5.743e-01	1.770e-01 -0.8069907426834106	1.0
chr4_89852980_A_G_b38	2	1.26308e-03	-5.743e-01	1.770e-01 -0.8040586113929749	1.0
chr4_89836161_C_T_b38	3	7.42388e-03	4.756e-02	2.591e-01 -1.1371655464172363	1.0
chr4_89838486_A_G_b38	3	5.18030e-04	-1.027e-01	2.721e-01 -0.9593814015388488	1.0
chr4_89843173_A_G_b38	3	5.77347e-05	-1.544e-02	2.211e-01 -0.7453869581222534	1.0
chr4_89827815_T_A_b38	3	5.54111e-05	2.144e-02	2.604e-01 -1.1302653551101685	1.0
