chr19_43580251_G_A_b38	1	5.14480e-01	3.831e-01	5.989e-02 7.2906126976013175	1.0
chr19_43581675_C_T_b38	1	9.50959e-02	3.829e-01	5.990e-02 7.288818836212157	1.0
chr19_43578398_C_A_b38	1	8.05249e-02	3.822e-01	5.991e-02 7.245827198028564	1.0
chr19_43578277_C_A_b38	1	8.05249e-02	3.822e-01	5.991e-02 7.2407188415527335	1.0
chr19_43577584_T_G_b38	1	7.66225e-02	3.942e-01	6.113e-02 7.246121406555176	1.0
chr19_43574316_T_G_b38	1	1.10341e-02	3.683e-01	6.022e-02 7.268715858459473	1.0
chr19_43564249_G_A_b38	1	6.17768e-03	3.676e-01	5.978e-02 7.26315975189209	1.0
chr19_43558535_G_A_b38	1	4.17194e-03	3.656e-01	6.028e-02 7.445706844329834	1.0
chr19_43564041_C_T_b38	1	2.44781e-03	3.501e-01	5.660e-02 7.26061201095581	1.0
chr19_43580003_G_A_b38	2	1.59290e-01	-1.817e-01	5.727e-02 3.9614334106445312	1.0
chr19_43584228_A_AGAAGTGACT_b38	2	6.56287e-02	-2.297e-01	6.404e-02 4.075343230944041	1.0
chr19_43584226_A_ACC_b38	2	6.56287e-02	-2.297e-01	6.404e-02 4.075343230944041	1.0
chr19_43573237_A_G_b38	2	5.24639e-02	-2.025e-01	5.542e-02 3.8047170639038086	1.0
chr19_43578793_T_C_b38	2	2.51936e-02	-1.818e-01	5.726e-02 3.896578550338745	1.0
chr19_43570844_CT_C_b38	2	2.39943e-02	-1.893e-01	5.551e-02 3.9647074692702993	1.0
chr19_43577136_A_G_b38	2	2.34204e-02	-1.846e-01	5.615e-02 3.892662048339844	1.0
chr19_43573108_A_T_b38	2	2.12519e-02	-1.876e-01	5.565e-02 3.799121141433716	1.0
chr19_43572012_A_T_b38	2	2.01385e-02	-1.859e-01	5.548e-02 3.762675523757935	1.0
chr19_43570445_T_G_b38	2	1.05075e-02	-1.869e-01	5.481e-02 3.818028688430786	1.0
chr19_43566034_A_G_b38	2	1.05075e-02	-1.869e-01	5.481e-02 3.8082664012908936	1.0
chr19_43567851_T_C_b38	2	7.52304e-03	-1.885e-01	5.585e-02 3.786149740219116	1.0
chr19_43569117_G_A_b38	2	7.15560e-03	-1.895e-01	5.654e-02 3.6124881528054495	1.0
chr19_43568024_A_G_b38	2	6.77636e-03	-1.817e-01	5.447e-02 3.782952308654785	1.0
chr19_43558367_A_G_b38	2	1.52305e-03	-1.572e-01	5.418e-02 3.4392662048339844	1.0
chr19_43555849_A_G_b38	2	1.49440e-03	-1.573e-01	5.436e-02 3.458564281463623	1.0
chr19_43556662_A_G_b38	2	1.49440e-03	-1.573e-01	5.436e-02 3.4455687999725337	1.0
chr19_43558502_A_G_b38	2	1.49440e-03	-1.573e-01	5.436e-02 3.4297220706939697	1.0
chr19_43580520_G_C_b38	3	6.77328e-03	-1.003e-01	1.420e-01 -1.7853641510009766	1.0
chr19_43579630_G_GGTTCAC_b38	3	2.50214e-03	-1.254e-01	1.498e-01 -1.8633673287722563	1.0
chr19_43582803_T_G_b38	3	8.53171e-04	-9.863e-02	1.419e-01 -1.8131513595581052	1.0
chr19_43560351_G_A_b38	3	4.38108e-05	-9.671e-02	1.421e-01 -1.7880479097366333	1.0
chr19_43567459_G_A_b38	3	4.38108e-05	-9.671e-02	1.421e-01 -1.7857906818389893	1.0
