chr12_56267121_G_T_b38	1	2.26957e-01	-2.133e-01	5.670e-02 7.992539405822754	1.0
chr12_56273820_T_C_b38	1	5.51226e-02	-2.286e-01	5.605e-02 7.921870231628418	1.0
chr12_56259857_T_TGAG_b38	1	3.95535e-02	-2.372e-01	5.911e-02 7.946853760655182	1.0
chr12_56270447_C_T_b38	1	2.90592e-02	-2.133e-01	5.670e-02 7.934020042419434	1.0
chr12_56264924_C_T_b38	1	2.83115e-02	-2.103e-01	5.850e-02 8.031328201293945	1.0
chr12_56264104_A_G_b38	1	2.82825e-02	-2.133e-01	5.670e-02 7.968602180480957	1.0
chr12_56262481_G_A_b38	1	2.79071e-02	-2.132e-01	5.672e-02 7.9710731506347665	1.0
chr12_56284551_T_C_b38	1	2.55781e-02	-2.375e-01	5.838e-02 7.933380603790282	1.0
chr12_56259510_G_A_b38	1	2.20852e-02	-2.271e-01	5.906e-02 7.97517728805542	1.0
chr12_56247102_C_T_b38	1	2.19774e-02	1.957e-01	4.884e-02 -7.940629482269287	1.0
chr12_56265536_C_T_b38	1	1.89348e-02	-1.938e-01	5.594e-02 7.981875896453857	1.0
chr12_56273514_T_C_b38	1	1.83325e-02	-2.133e-01	5.670e-02 7.926687717437744	1.0
chr12_56273316_A_G_b38	1	1.83325e-02	-2.133e-01	5.670e-02 7.915024280548097	1.0
chr12_56274110_C_T_b38	1	1.72722e-02	-2.137e-01	5.706e-02 7.902549743652344	1.0
chr12_56263432_A_C_b38	1	1.72404e-02	-2.017e-01	5.587e-02 7.953192710876465	1.0
chr12_56294453_G_A_b38	1	1.49424e-02	-2.561e-01	6.097e-02 7.903117656707764	1.0
chr12_56250467_C_T_b38	1	1.18684e-02	-2.230e-01	5.806e-02 7.9223198890686035	1.0
chr12_56260130_G_C_b38	1	1.12301e-02	-2.121e-01	5.829e-02 7.974554061889647	1.0
chr12_56290873_CA_C_b38	1	9.50432e-03	-2.143e-01	5.668e-02 7.946853760655182	1.0
chr12_56290191_C_T_b38	1	8.91560e-03	-2.133e-01	5.670e-02 7.90110445022583	1.0
chr12_56286747_T_C_b38	1	8.91560e-03	-2.133e-01	5.670e-02 7.90110445022583	1.0
chr12_56278322_T_A_b38	1	8.91560e-03	-2.133e-01	5.670e-02 7.917508125305176	1.0
chr12_56283033_CT_C_b38	1	8.91560e-03	-2.133e-01	5.670e-02 7.946853760655182	1.0
chr12_56286852_A_G_b38	1	8.91560e-03	-2.133e-01	5.670e-02 7.904672145843506	1.0
chr12_56291014_C_T_b38	1	8.91560e-03	-2.133e-01	5.670e-02 7.90971565246582	1.0
chr12_56283477_G_A_b38	1	8.91560e-03	-2.133e-01	5.670e-02 7.919336795806885	1.0
chr12_56284195_T_A_b38	1	8.91560e-03	-2.133e-01	5.670e-02 7.922648906707764	1.0
chr12_56285967_A_G_b38	1	8.91560e-03	-2.133e-01	5.670e-02 7.90110445022583	1.0
chr12_56286187_A_G_b38	1	8.91560e-03	-2.133e-01	5.670e-02 7.90110445022583	1.0
chr12_56251102_A_G_b38	1	6.78610e-03	-2.036e-01	5.546e-02 7.913115978240968	1.0
chr12_56277426_C_G_b38	1	6.21423e-03	-2.181e-01	5.964e-02 7.899645805358888	1.0
chr12_56246557_G_A_b38	1	6.06590e-03	-2.030e-01	5.582e-02 7.886893272399902	1.0
chr12_56243191_C_G_b38	1	6.06590e-03	-2.030e-01	5.582e-02 8.058295249938965	1.0
chr12_56244293_T_C_b38	1	6.06590e-03	-2.030e-01	5.582e-02 7.913796424865723	1.0
chr12_56249900_C_T_b38	1	6.06590e-03	-2.030e-01	5.582e-02 7.912552833557129	1.0
chr12_56253459_C_T_b38	1	6.06590e-03	-2.030e-01	5.582e-02 7.9157042503356925	1.0
chr12_56244483_T_C_b38	1	6.06590e-03	-2.030e-01	5.582e-02 7.897974967956543	1.0
chr12_56254993_C_T_b38	1	6.06590e-03	-2.030e-01	5.582e-02 7.9440369606018075	1.0
chr12_56277363_G_A_b38	1	5.94944e-03	-2.120e-01	5.821e-02 7.946853760655182	1.0
chr12_56252429_A_C_b38	1	4.28732e-03	-1.938e-01	5.495e-02 7.917416095733643	1.0
chr12_56259776_A_G_b38	1	3.40036e-03	-2.137e-01	6.573e-02 7.967705249786378	1.0
chr12_56304419_T_TC_b38	1	3.33347e-03	-2.138e-01	5.671e-02 7.946853760655182	1.0
chr12_56295751_G_A_b38	1	3.26084e-03	-2.133e-01	5.667e-02 7.946853760655182	1.0
chr12_56302170_C_T_b38	1	3.24115e-03	-2.133e-01	5.670e-02 7.893552303314209	1.0
chr12_56306209_A_C_b38	1	3.24115e-03	-2.133e-01	5.670e-02 7.893523216247559	1.0
chr12_56296878_G_A_b38	1	3.24115e-03	-2.133e-01	5.670e-02 7.897541522979736	1.0
chr12_56293675_T_C_b38	1	3.24115e-03	-2.133e-01	5.670e-02 7.882353782653809	1.0
chr12_56301676_G_GT_b38	1	3.24115e-03	-2.133e-01	5.670e-02 7.946853760655182	1.0
chr12_56299736_C_A_b38	1	3.24115e-03	-2.133e-01	5.670e-02 7.909656047821045	1.0
chr12_56307595_G_C_b38	1	3.24115e-03	-2.133e-01	5.670e-02 7.893523216247559	1.0
chr12_56305176_G_A_b38	1	3.24115e-03	-2.133e-01	5.670e-02 7.9011168479919425	1.0
chr12_56308228_C_A_b38	1	3.24115e-03	-2.133e-01	5.670e-02 7.9011168479919425	1.0
chr12_56314792_G_A_b38	1	3.24115e-03	-2.133e-01	5.670e-02 7.874088764190674	1.0
chr12_56301033_A_G_b38	1	3.24115e-03	-2.133e-01	5.670e-02 7.88070011138916	1.0
chr12_56293213_C_T_b38	1	3.24115e-03	-2.133e-01	5.670e-02 7.897599220275879	1.0
chr12_56313138_A_C_b38	1	3.24115e-03	-2.133e-01	5.670e-02 7.883313655853271	1.0
chr12_56293788_G_T_b38	1	3.24115e-03	-2.133e-01	5.670e-02 7.897599220275879	1.0
chr12_56302272_A_G_b38	1	3.20200e-03	-2.131e-01	5.671e-02 7.8946003913879395	1.0
chr12_56302761_T_G_b38	1	3.08729e-03	-2.438e-01	6.489e-02 7.893552303314209	1.0
chr12_56254127_G_C_b38	1	2.97299e-03	1.621e-01	4.760e-02 -8.014628410339355	1.0
chr12_56280982_G_A_b38	1	2.59880e-03	1.624e-01	4.815e-02 -8.007167816162111	1.0
chr12_56290712_TAGGAA_T_b38	1	2.59880e-03	1.624e-01	4.815e-02 -7.806432277073666	1.0
chr12_56288587_C_T_b38	1	2.59880e-03	1.624e-01	4.815e-02 -7.9555907249450675	1.0
chr12_56255817_A_G_b38	1	2.59815e-03	1.601e-01	4.761e-02 -7.9961304664611825	1.0
chr12_56236980_G_A_b38	1	2.34620e-03	-2.029e-01	5.581e-02 7.936106204986572	1.0
chr12_56236283_C_T_b38	1	2.34620e-03	-2.029e-01	5.581e-02 7.962155342102051	1.0
chr12_56233868_A_C_b38	1	2.34620e-03	-2.029e-01	5.581e-02 7.925076484680176	1.0
chr12_56289032_T_C_b38	2	5.62216e-03	-1.687e-01	6.618e-02 -0.8953174352645874	1.0
chr12_56350307_A_C_b38	2	3.49960e-03	-2.287e-01	7.159e-02 -0.2611032128334045	1.0
chr12_56178668_TGAAAGG_T_b38	2	1.44711e-03	-2.503e-01	8.581e-02 1.28099060698853	1.0
chr12_56178676_TCAGAGTTTTGAACAA_T_b38	2	1.44711e-03	-2.503e-01	8.581e-02 1.28099060698853	1.0
chr12_56360682_C_T_b38	2	3.63257e-04	-1.569e-01	6.384e-02 -0.2824972867965698	1.0
chr12_56152290_GC_G_b38	2	1.01381e-04	-2.502e-01	8.589e-02 1.28099060698853	1.0
chr12_56312113_A_C_b38	2	7.82745e-05	6.736e-02	5.439e-02 0.7976183891296387	1.0
chr12_56213233_C_T_b38	2	6.34442e-05	-1.282e-01	6.756e-02 0.9855626225471495	1.0
