chr16_82170153_C_T_b38	1	1.73276e-01	-8.541e-02	2.636e-02 -8.811843872070312	1.0
chr16_82165300_G_A_b38	1	1.01856e-01	-9.341e-02	2.469e-02 -8.728461265563965	1.0
chr16_82166375_C_T_b38	1	1.01443e-01	-9.327e-02	2.480e-02 -8.757699012756348	1.0
chr16_82161408_T_C_b38	1	6.76332e-02	-9.249e-02	2.406e-02 -8.551279067993164	1.0
chr16_82172674_G_A_b38	1	2.53514e-02	-8.129e-02	2.505e-02 -8.427519798278809	1.0
chr16_82138374_G_C_b38	1	2.22877e-02	-9.498e-02	2.362e-02 -8.352778434753418	1.0
chr16_82146733_G_C_b38	1	1.76141e-02	-8.699e-02	2.372e-02 -8.662502288818361	1.0
chr16_82173937_T_C_b38	1	1.50110e-02	-8.116e-02	2.490e-02 -8.404898643493652	1.0
chr16_82173697_T_C_b38	1	1.50110e-02	-8.116e-02	2.490e-02 -8.38386344909668	1.0
chr16_82169838_T_C_b38	1	1.42505e-02	-6.378e-02	2.632e-02 -8.394704818725586	1.0
chr16_82166498_A_C_b38	1	1.30269e-02	-8.069e-02	2.506e-02 -8.694391250610353	1.0
chr16_82162525_T_C_b38	1	1.22923e-02	-7.864e-02	2.328e-02 -8.540341377258299	1.0
chr16_82163203_G_A_b38	1	1.13590e-02	-7.467e-02	2.225e-02 -8.344913482666017	1.0
chr16_82176256_A_G_b38	1	1.01572e-02	-8.141e-02	2.486e-02 -8.420053482055664	1.0
chr16_82170106_G_T_b38	1	8.05542e-03	-5.103e-02	2.337e-02 -8.625998326828373	1.0
chr16_82160800_G_C_b38	1	7.63377e-03	-7.982e-02	2.484e-02 -8.467328071594237	1.0
chr16_82163071_T_C_b38	1	7.58648e-03	-8.034e-02	2.502e-02 -8.586719512939451	1.0
chr16_82168532_G_A_b38	1	6.91314e-03	-6.523e-02	2.329e-02 -8.92001724243164	1.0
chr16_82170527_C_G_b38	1	6.59417e-03	-4.849e-02	2.325e-02 -9.069879531860352	1.0
chr16_82167869_T_C_b38	1	6.21932e-03	-6.411e-02	2.322e-02 -8.923114776611328	1.0
chr16_82170163_G_T_b38	1	5.66552e-03	-4.687e-02	2.338e-02 -8.207558160051898	1.0
chr16_82170100_A_C_b38	1	5.66552e-03	-4.687e-02	2.338e-02 -8.207558160051898	1.0
chr16_82170137_T_C_b38	1	5.66552e-03	-4.687e-02	2.338e-02 -8.586163520812987	1.0
chr16_82169898_T_G_b38	1	5.02285e-03	-4.572e-02	2.363e-02 -8.556118011474611	1.0
chr16_82167142_C_T_b38	1	3.58587e-03	-6.411e-02	2.322e-02 -8.90481185913086	1.0
chr16_82168531_C_T_b38	1	3.33581e-03	-5.785e-02	2.304e-02 -8.556254386901855	1.0
chr16_82168128_A_ATTTGT_b38	1	3.08035e-03	-5.709e-02	2.307e-02 -8.148563397262382	1.0
chr16_82168279_G_A_b38	1	3.08035e-03	-5.709e-02	2.307e-02 -8.503827095031737	1.0
chr16_82143510_C_G_b38	1	2.70364e-03	-7.245e-02	2.120e-02 -7.146650320828647	1.0
chr16_82168293_C_A_b38	1	2.51368e-03	-5.423e-02	2.268e-02 -8.357926368713379	1.0
chr16_82159550_A_G_b38	1	2.18374e-03	-7.506e-02	2.515e-02 -8.565166473388674	1.0
chr16_82133588_C_T_b38	1	2.00105e-03	-8.173e-02	2.470e-02 -8.341453552246094	1.0
chr16_82141019_A_G_b38	1	1.97167e-03	-7.125e-02	2.147e-02 -7.4101739582194845	1.0
chr16_82122793_A_C_b38	1	1.84361e-03	8.096e-02	2.466e-02 8.051948547363281	1.0
chr16_82150596_A_C_b38	1	1.83183e-03	-7.348e-02	2.517e-02 -8.342588899943165	1.0
chr16_82150595_A_G_b38	1	1.83183e-03	-7.348e-02	2.517e-02 -8.342588899943165	1.0
chr16_82153114_C_G_b38	1	1.40055e-03	-7.269e-02	2.510e-02 -8.533078193664549	1.0
chr16_82147711_A_G_b38	2	1.61630e-01	-2.614e-01	6.717e-02 0.0	1.0
chr16_82170181_C_G_b38	3	1.79412e-03	-1.658e-02	2.705e-02 -6.254434108734131	1.0
chr16_82171426_T_C_b38	3	1.32989e-03	5.622e-02	3.298e-02 -5.55151891708374	1.0
chr16_82171951_G_A_b38	3	7.07679e-04	3.910e-02	3.905e-02 -5.506370067596436	1.0
chr16_82172430_G_C_b38	3	7.07679e-04	3.910e-02	3.905e-02 -5.528307914733887	1.0
chr16_82172096_C_G_b38	3	7.07679e-04	3.910e-02	3.905e-02 -5.52262544631958	1.0
chr16_82172619_G_C_b38	3	7.07679e-04	3.910e-02	3.905e-02 -5.763148628149318	1.0
chr16_82171932_T_G_b38	3	6.31202e-04	3.415e-02	3.970e-02 -5.502556324005127	1.0
chr16_82171772_A_G_b38	3	6.31202e-04	3.415e-02	3.970e-02 -5.526081562042236	1.0
chr16_82171733_T_C_b38	3	5.34534e-04	2.784e-02	4.140e-02 -5.490391254425049	1.0
chr16_82176596_A_T_b38	3	5.23452e-04	5.739e-02	3.300e-02 -5.476110935211182	1.0
chr16_82172622_C_G_b38	3	4.39478e-04	2.988e-02	3.067e-02 -5.483448433788672	1.0
chr16_82172545_G_A_b38	3	4.33681e-04	2.944e-02	3.080e-02 -5.369560718536377	1.0
chr16_82167765_G_A_b38	3	4.30459e-04	2.255e-02	3.764e-02 -5.548878192901611	1.0
chr16_82167766_C_T_b38	3	4.30459e-04	2.255e-02	3.764e-02 -5.548779487609863	1.0
chr16_82167926_G_A_b38	3	4.30459e-04	2.255e-02	3.764e-02 -5.639289855957031	1.0
chr16_82171717_A_G_b38	3	4.25277e-04	-1.200e-02	3.863e-02 -5.518321514129639	1.0
chr16_82176647_T_C_b38	3	4.06543e-04	5.407e-02	3.431e-02 -5.517383575439453	1.0
chr16_82176928_A_G_b38	3	4.06543e-04	5.407e-02	3.431e-02 -5.465510845184326	1.0
chr16_82176314_G_T_b38	3	3.90829e-04	5.301e-02	3.425e-02 -5.385758876800537	1.0
chr16_82174803_G_A_b38	3	3.76384e-04	3.501e-02	4.217e-02 -5.506237506866455	1.0
chr16_82173450_G_A_b38	3	3.74274e-04	3.730e-02	4.001e-02 -5.523273944854736	1.0
chr16_82173691_A_T_b38	3	3.74274e-04	3.730e-02	4.001e-02 -5.477288246154785	1.0
chr16_82173447_A_G_b38	3	3.74274e-04	3.730e-02	4.001e-02 -5.523705005645752	1.0
chr16_82172748_T_A_b38	3	3.60686e-04	3.567e-02	4.011e-02 -5.43507194519043	1.0
chr16_82173090_T_C_b38	3	3.60686e-04	3.567e-02	4.011e-02 -5.491533756256104	1.0
chr16_82173074_T_C_b38	3	3.60686e-04	3.567e-02	4.011e-02 -5.487275123596191	1.0
chr16_82177010_T_G_b38	3	3.44217e-04	5.008e-02	3.512e-02 -5.442654609680176	1.0
chr16_82174677_G_C_b38	3	2.29558e-04	1.856e-02	4.439e-02 -5.474783420562744	1.0
chr16_82171548_C_T_b38	3	2.29511e-04	7.750e-03	3.025e-02 -5.394993305206299	1.0
chr16_82171892_T_G_b38	3	2.21562e-04	2.980e-03	2.905e-02 -5.350318431854248	1.0
chr16_82174750_G_C_b38	3	2.18981e-04	1.267e-02	4.347e-02 -5.515571594238281	1.0
chr16_82172913_T_G_b38	3	2.13592e-04	1.956e-02	4.249e-02 -5.4569430351257315	1.0
chr16_82175176_T_C_b38	3	1.73534e-04	2.425e-02	3.170e-02 -5.303397178649902	1.0
chr16_82173493_G_A_b38	3	1.68775e-04	2.306e-02	3.159e-02 -5.340277194976807	1.0
chr16_82172853_A_G_b38	3	1.64625e-04	2.198e-02	3.138e-02 -5.281356334686278	1.0
chr16_82175933_A_C_b38	3	1.41652e-04	-3.031e-02	2.116e-02 -5.465433597564697	1.0
chr16_82176938_T_G_b38	3	1.33271e-04	3.075e-02	3.213e-02 -5.215433597564697	1.0
chr16_82177627_T_C_b38	3	1.33271e-04	3.075e-02	3.213e-02 -5.298111915588379	1.0
chr16_82175988_C_A_b38	3	1.20532e-04	2.313e-02	3.507e-02 -3.7875263690948486	1.0
chr16_82172754_A_C_b38	3	1.15946e-04	-1.752e-02	2.112e-02 -5.324919700622559	1.0
chr16_82173657_A_G_b38	3	1.12908e-04	-1.679e-02	2.110e-02 -5.334322452545166	1.0
chr16_82173814_A_G_b38	3	8.78713e-05	-8.088e-03	2.046e-02 -5.339006423950195	1.0
chr16_82179706_A_G_b38	3	8.64539e-05	-2.095e-02	2.012e-02 -3.8952715396881104	1.0
chr16_82178607_T_C_b38	3	8.50321e-05	-2.061e-02	2.010e-02 -3.848623991012573	1.0
chr16_82177498_C_G_b38	3	7.78382e-05	-1.854e-02	2.103e-02 -5.282501697540283	1.0
chr16_82187717_C_A_b38	3	7.57247e-05	-3.100e-02	1.996e-02 -3.736766576766968	1.0
chr16_82177669_TC_T_b38	3	7.10941e-05	-1.603e-02	2.109e-02 -5.255731101650978	1.0
chr16_82161017_T_A_b38	3	6.86600e-05	-1.799e-02	2.054e-02 -5.3905839920043945	1.0
chr16_82185933_G_T_b38	3	6.28537e-05	-2.844e-02	2.010e-02 -3.595812559127808	1.0
chr16_82160585_G_A_b38	3	6.07576e-05	-1.412e-02	2.124e-02 -5.530301094055176	1.0
chr16_82179727_ATCT_A_b38	3	5.92372e-05	-1.023e-02	2.040e-02 -3.7042578541114537	1.0
chr16_82163284_C_T_b38	3	5.85933e-05	-1.303e-02	2.101e-02 -5.59836483001709	1.0
chr16_82164278_G_A_b38	3	5.75053e-05	-1.198e-02	2.133e-02 -5.663623809814452	1.0
chr16_82179279_C_G_b38	3	5.64817e-05	-8.931e-03	1.986e-02 -3.825777053833008	1.0
chr16_82179751_C_T_b38	3	5.62774e-05	-8.651e-03	1.992e-02 -3.8188514709472656	1.0
chr16_82179872_T_C_b38	3	5.62774e-05	-8.651e-03	1.992e-02 -3.8042068481445312	1.0
chr16_82179912_A_T_b38	3	5.62774e-05	-8.651e-03	1.992e-02 -3.8983213901519775	1.0
chr16_82178483_C_A_b38	3	5.61908e-05	-8.662e-03	1.987e-02 -3.84916090965271	1.0
chr16_82178184_G_A_b38	3	5.59797e-05	-8.273e-03	1.998e-02 -3.836630582809448	1.0
chr16_82179335_T_C_b38	3	5.58674e-05	-8.329e-03	1.990e-02 -3.840304136276245	1.0
chr16_82179672_A_G_b38	3	5.58674e-05	-8.329e-03	1.990e-02 -3.833134889602661	1.0
chr16_82149798_T_C_b38	3	5.36541e-05	-2.577e-02	2.115e-02 -5.504823684692383	1.0
chr16_82177366_T_G_b38	3	5.26629e-05	1.700e-03	2.033e-02 -5.309005737304688	1.0
chr16_82180964_G_C_b38	3	4.66063e-05	-2.346e-02	2.007e-02 -3.852581262588501	1.0
chr16_82155052_C_T_b38	3	4.02684e-05	-1.972e-02	2.085e-02 -5.356922626495361	1.0
chr16_82156198_G_A_b38	3	3.94137e-05	-1.922e-02	2.077e-02 -5.3593339920043945	1.0
chr16_82148372_T_C_b38	3	3.91085e-05	-1.881e-02	2.201e-02 -5.641340255737305	1.0
chr16_82148329_T_C_b38	3	3.68521e-05	-1.706e-02	2.205e-02 -5.673992156982423	1.0
chr16_82190466_A_C_b38	3	3.61272e-05	-1.819e-02	2.016e-02 -3.6127097606658936	1.0
chr16_82152157_G_A_b38	3	3.50918e-05	-1.546e-02	2.208e-02 -5.645435333251952	1.0
chr16_82183643_A_G_b38	3	3.43495e-05	-1.691e-02	2.029e-02 -3.706757307052612	1.0
chr16_82183183_A_G_b38	3	3.38645e-05	-1.654e-02	2.026e-02 -3.6933166980743413	1.0
chr16_82186038_C_G_b38	3	3.25546e-05	-1.545e-02	2.029e-02 -3.55562424659729	1.0
chr16_82183032_G_A_b38	3	3.23718e-05	-1.527e-02	2.033e-02 -3.676113367080689	1.0
chr16_82182997_G_A_b38	3	3.20570e-05	-1.506e-02	2.019e-02 -3.6768558025360103	1.0
chr16_82181851_T_G_b38	3	3.19714e-05	-1.527e-02	1.962e-02 -3.685235977172852	1.0
chr16_82181602_G_T_b38	3	3.12517e-05	-1.429e-02	2.022e-02 -3.6102933883666988	1.0
chr16_82186493_AG_A_b38	3	2.96796e-05	-1.233e-02	2.051e-02 -3.785074181454356	1.0
chr16_82185836_A_T_b38	3	2.96040e-05	-1.232e-02	2.043e-02 -3.686855554580689	1.0
chr16_82183017_G_T_b38	3	2.94291e-05	-1.268e-02	1.983e-02 -3.806176900863648	1.0
chr16_82158361_T_C_b38	3	2.90475e-05	-8.592e-03	2.117e-02 -5.452643871307373	1.0
chr16_82149910_T_TA_b38	3	2.89664e-05	-7.380e-03	2.163e-02 -5.380393855526927	1.0
chr16_82180651_G_A_b38	3	2.84713e-05	-1.094e-02	2.033e-02 -3.6896543502807617	1.0
chr16_82181438_G_A_b38	3	2.82249e-05	-1.066e-02	2.028e-02 -3.6959846019744873	1.0
chr16_82153529_C_A_b38	3	2.79158e-05	-6.889e-03	2.086e-02 -5.335780143737793	1.0
chr16_82152778_G_C_b38	3	2.76975e-05	-4.657e-03	2.133e-02 -5.480287551879883	1.0
chr16_82180354_G_T_b38	3	2.66487e-05	-8.651e-03	1.992e-02 -3.8457436561584473	1.0
chr16_82182911_C_A_b38	3	2.57103e-05	-7.321e-03	1.966e-02 -3.840173959732056	1.0
chr16_82181565_C_T_b38	3	2.47169e-05	4.879e-03	1.959e-02 -3.6023097038269043	1.0
chr16_82181301_G_C_b38	3	2.40703e-05	-1.970e-03	1.954e-02 -3.721513271331787	1.0
chr16_82134557_A_T_b38	3	1.04335e-05	-7.673e-03	2.136e-02 -5.3966898918151855	1.0
chr16_82127055_A_C_b38	3	1.00320e-05	4.764e-03	2.130e-02 -4.947211265563965	1.0
