chr10_59709780_T_C_b38	1	2.68855e-01	-2.247e-01	3.165e-02 -9.716057777404783	1.0
chr10_59704749_C_G_b38	1	2.45182e-01	-2.311e-01	3.262e-02 -8.618660926818848	1.0
chr10_59706080_A_G_b38	1	1.88147e-01	-2.306e-01	3.275e-02 -8.598746299743652	1.0
chr10_59707424_G_T_b38	1	1.31775e-01	-2.202e-01	3.153e-02 -9.562848091125488	1.0
chr10_59709332_C_T_b38	1	9.54952e-02	-2.190e-01	3.159e-02 -9.690284729003906	1.0
chr10_59708831_G_T_b38	1	4.91092e-02	-2.147e-01	3.137e-02 -9.628927230834961	1.0
chr10_59697708_G_T_b38	1	1.04550e-02	2.234e-01	3.366e-02 7.639646294472761	1.0
chr10_59699398_TTAC_T_b38	1	4.12942e-03	2.205e-01	3.402e-02 7.639646294472761	1.0
chr10_59702356_G_A_b38	1	3.61684e-03	2.207e-01	3.417e-02 7.5177860260009775	1.0
chr10_59733810_T_A_b38	2	3.04842e-01	1.758e-01	3.900e-02 1.4733724594116209	1.0
chr10_59733661_C_T_b38	2	3.04842e-01	1.758e-01	3.900e-02 1.4755489826202393	1.0
chr10_59739189_C_A_b38	2	1.83228e-01	1.737e-01	3.857e-02 1.4943931102752686	1.0
chr10_59744330_T_C_b38	2	4.63464e-02	1.624e-01	3.786e-02 1.547914981842041	1.0
chr10_59744004_G_T_b38	2	4.63464e-02	1.624e-01	3.786e-02 1.5559039115905762	1.0
chr10_59733168_G_A_b38	2	4.57804e-02	1.624e-01	3.881e-02 1.5328980684280396	1.0
chr10_59740987_G_A_b38	2	2.31287e-02	1.798e-01	4.538e-02 3.0146753787994385	1.0
chr10_59745044_C_T_b38	2	1.56205e-02	1.808e-01	4.517e-02 3.0044140815734863	1.0
chr10_59760180_T_G_b38	2	9.81994e-03	1.834e-01	4.514e-02 3.124719381332397	1.0
chr10_59766304_AT_A_b38	3	1.98483e-02	2.825e-01	8.524e-02 0.0	1.0
