chr2_173968239_G_T_b38	1	3.49519e-01	-3.382e-01	8.557e-02 -7.236067771911621	1.0
chr2_173967851_T_C_b38	1	2.66722e-01	-3.561e-01	8.632e-02 -7.127377510070801	1.0
chr2_173969105_G_A_b38	1	1.74341e-01	-3.532e-01	8.642e-02 -7.0146918296813965	1.0
chr2_173969033_G_A_b38	1	1.66337e-02	-3.239e-01	9.802e-02 -7.053109645843506	1.0
chr2_173969171_C_A_b38	1	1.20789e-02	-3.510e-01	1.098e-01 -6.8926777839660645	1.0
chr2_173963364_G_C_b38	1	1.11299e-02	-3.254e-01	8.967e-02 -7.058349609375	1.0
chr2_173961650_T_C_b38	1	9.25803e-03	-3.254e-01	8.967e-02 -7.045657634735107	1.0
chr2_173966538_A_C_b38	1	6.04309e-03	-3.534e-01	1.094e-01 -6.783613681793213	1.0
chr2_173965538_T_G_b38	1	3.44555e-03	-3.565e-01	1.102e-01 -6.7757811546325675	1.0
chr2_173968715_A_G_b38	2	3.59575e-02	-4.200e-01	2.186e-01 -0.7948532104492188	1.0
chr2_173972874_G_A_b38	2	3.59818e-03	-4.214e-01	2.184e-01 -0.7611625194549559	1.0
chr2_173958768_T_C_b38	2	2.47506e-03	-4.214e-01	2.183e-01 -0.7836785912513733	1.0
chr2_173959448_A_AG_b38	2	2.47506e-03	-4.214e-01	2.183e-01 -0.5265923768618922	1.0
chr2_173967349_C_A_b38	2	2.09102e-03	-1.730e-01	2.694e-01 -0.673895537853241	1.0
chr2_173959016_G_C_b38	2	1.93253e-03	-3.826e-01	2.246e-01 -0.7026728391647339	1.0
chr2_173956763_G_C_b38	2	8.93391e-04	-4.214e-01	2.183e-01 -0.7903018593788147	1.0
chr2_173957198_T_A_b38	2	8.93391e-04	-4.214e-01	2.183e-01 -0.7883034348487854	1.0
chr2_173957932_T_G_b38	2	8.93391e-04	-4.214e-01	2.183e-01 -0.7899165749549866	1.0
chr2_173944605_A_C_b38	2	5.59475e-04	-3.836e-01	2.252e-01 -0.7361704707145691	1.0
chr2_173929478_A_G_b38	2	1.87621e-04	-4.280e-01	2.206e-01 -0.7614960670471191	1.0
chr2_173937959_G_A_b38	2	1.87621e-04	-4.280e-01	2.206e-01 -0.7655656337738037	1.0
chr2_173937272_T_C_b38	2	1.87621e-04	-4.280e-01	2.206e-01 -0.7726573348045349	1.0
chr2_173930353_G_A_b38	2	1.87621e-04	-4.280e-01	2.206e-01 -0.766779363155365	1.0
chr2_173937694_A_T_b38	2	1.87621e-04	-4.280e-01	2.206e-01 -0.7655656337738037	1.0
chr2_173929562_A_T_b38	2	1.87621e-04	-4.280e-01	2.206e-01 -0.766779363155365	1.0
chr2_173938765_A_G_b38	2	1.87621e-04	-4.280e-01	2.206e-01 -0.7642902731895447	1.0
chr2_173968515_C_T_b38	3	6.17997e-03	-1.865e-01	9.198e-02 -6.052105903625487	1.0
chr2_173959941_A_G_b38	3	4.69182e-04	-1.979e-01	8.388e-02 -5.8991756439208975	1.0
chr2_173962539_G_C_b38	3	4.69182e-04	-1.979e-01	8.388e-02 -5.894440650939941	1.0
chr2_173963051_C_T_b38	3	4.69182e-04	-1.979e-01	8.388e-02 -5.876230239868164	1.0
chr2_173958748_C_T_b38	3	4.67783e-04	-1.979e-01	8.388e-02 -5.893670082092285	1.0
chr2_173971041_T_C_b38	3	3.01484e-04	-1.519e-01	9.298e-02 -5.889634609222412	1.0
chr2_173943488_C_T_b38	3	1.68415e-04	-1.979e-01	8.388e-02 -5.901002407073975	1.0
chr2_173954242_C_T_b38	3	1.68415e-04	-1.979e-01	8.388e-02 -5.895227909088135	1.0
chr2_173951312_C_T_b38	3	1.68415e-04	-1.979e-01	8.388e-02 -5.891467094421388	1.0
chr2_173945280_A_T_b38	3	1.68415e-04	-1.979e-01	8.388e-02 -5.898280143737793	1.0
chr2_173934132_C_T_b38	3	7.00072e-05	1.979e-01	8.388e-02 5.951427936553955	1.0
chr2_173931553_A_AGGCTGG_b38	3	7.00072e-05	1.979e-01	8.388e-02 5.889724525540088	1.0
chr2_173932303_T_A_b38	3	7.00072e-05	1.979e-01	8.388e-02 5.951111316680907	1.0
chr2_173928041_A_G_b38	3	7.00072e-05	1.979e-01	8.388e-02 5.902141571044923	1.0
chr2_173933408_C_G_b38	3	7.00072e-05	1.979e-01	8.388e-02 5.941402912139893	1.0
chr2_173935950_C_T_b38	3	7.00072e-05	-1.979e-01	8.388e-02 -5.9114508628845215	1.0
chr2_173929819_G_A_b38	3	7.00072e-05	1.979e-01	8.388e-02 5.903364658355713	1.0
chr2_173920544_A_G_b38	3	4.51953e-05	1.862e-01	8.888e-02 5.5133094787597665	1.0
