chr1_224436689_T_C_b38	1	2.41217e-01	1.134e-01	2.801e-02 8.610289573669434	1.0
chr1_224437373_T_C_b38	1	5.20723e-02	9.083e-02	2.526e-02 6.181715965270996	1.0
chr1_224438125_C_T_b38	1	3.26200e-02	-1.146e-01	2.890e-02 -8.670514106750487	1.0
chr1_224438409_C_G_b38	1	3.01555e-02	-1.062e-01	2.698e-02 -8.56760311126709	1.0
chr1_224439084_C_T_b38	1	3.01555e-02	-1.062e-01	2.698e-02 -8.571340560913086	1.0
chr1_224439415_A_G_b38	1	3.01088e-02	-1.139e-01	2.890e-02 -8.69843864440918	1.0
chr1_224440806_A_T_b38	1	2.91159e-02	1.134e-01	2.800e-02 8.60877513885498	1.0
chr1_224445080_G_A_b38	1	2.49277e-02	-1.136e-01	2.723e-02 -8.638688087463379	1.0
chr1_224444168_G_A_b38	1	2.06064e-02	-1.118e-01	2.716e-02 -8.573733329772951	1.0
chr1_224442000_A_G_b38	1	1.97132e-02	-1.062e-01	2.696e-02 -8.601898171861137	1.0
chr1_224440942_G_A_b38	1	1.97132e-02	-1.062e-01	2.696e-02 -8.57647705078125	1.0
chr1_224441797_T_A_b38	1	1.97132e-02	-1.062e-01	2.696e-02 -8.58988094329834	1.0
chr1_224440478_T_G_b38	1	1.97132e-02	-1.062e-01	2.696e-02 -8.576565742492676	1.0
chr1_224437846_T_G_b38	1	1.94485e-02	9.084e-02	2.526e-02 6.1897149085998535	1.0
chr1_224442342_C_G_b38	1	1.59987e-02	1.134e-01	2.800e-02 8.624207496643066	1.0
chr1_224452913_A_G_b38	1	1.25828e-02	-1.135e-01	2.722e-02 -8.629715919494629	1.0
chr1_224452977_G_A_b38	1	1.25828e-02	-1.135e-01	2.722e-02 -8.689763069152832	1.0
chr1_224452445_T_C_b38	1	1.19790e-02	-1.115e-01	2.682e-02 -8.73945140838623	1.0
chr1_224428268_C_T_b38	1	1.10637e-02	-1.139e-01	2.890e-02 -8.68271541595459	1.0
chr1_224429194_G_A_b38	1	1.10637e-02	-1.139e-01	2.890e-02 -8.681684494018555	1.0
chr1_224428651_C_G_b38	1	1.10637e-02	-1.139e-01	2.890e-02 -8.681065559387207	1.0
chr1_224388129_C_CT_b38	1	1.08579e-02	1.230e-01	2.814e-02 8.613894080127336	1.0
chr1_224442993_C_T_b38	1	1.08302e-02	-1.062e-01	2.695e-02 -8.590043067932129	1.0
chr1_224418011_G_A_b38	1	1.06999e-02	-1.118e-01	2.715e-02 -8.54706859588623	1.0
chr1_224414471_C_CATTTTAATCAGAATA_b38	1	1.06999e-02	-1.118e-01	2.715e-02 -8.816430077404917	1.0
chr1_224432120_G_A_b38	1	1.00187e-02	-1.008e-01	2.672e-02 -8.515076637268066	1.0
chr1_224384768_G_A_b38	1	9.14255e-03	1.296e-01	2.793e-02 8.591750144958496	1.0
chr1_224451381_C_A_b38	1	8.08768e-03	1.134e-01	2.799e-02 8.623058319091799	1.0
chr1_224459191_GCTTAGATCAAGT_G_b38	1	8.08768e-03	1.134e-01	2.799e-02 8.613894080127336	1.0
chr1_224451875_C_T_b38	1	8.08768e-03	1.134e-01	2.799e-02 8.608922958374022	1.0
chr1_224459528_T_G_b38	1	6.54377e-03	-1.078e-01	2.702e-02 -8.677844047546388	1.0
chr1_224456358_G_A_b38	1	6.54377e-03	-1.078e-01	2.702e-02 -8.67875862121582	1.0
chr1_224456465_C_T_b38	1	6.54377e-03	-1.078e-01	2.702e-02 -8.677629470825195	1.0
chr1_224458626_C_T_b38	1	6.54377e-03	-1.078e-01	2.702e-02 -8.677960395812987	1.0
chr1_224460039_T_G_b38	1	6.54377e-03	-1.078e-01	2.702e-02 -8.681350708007812	1.0
chr1_224449679_A_G_b38	1	6.54377e-03	-1.078e-01	2.702e-02 -8.647765159606934	1.0
chr1_224439950_G_A_b38	1	6.25661e-03	9.085e-02	2.526e-02 6.176490783691406	1.0
chr1_224414068_T_C_b38	1	5.62025e-03	-1.139e-01	2.890e-02 -8.693118095397951	1.0
chr1_224426923_C_T_b38	1	5.62025e-03	-1.139e-01	2.890e-02 -8.455081939697267	1.0
chr1_224455152_T_C_b38	1	5.47095e-03	-1.139e-01	2.890e-02 -8.741005897521973	1.0
chr1_224457183_G_A_b38	1	5.47095e-03	-1.139e-01	2.890e-02 -8.737789154052733	1.0
chr1_224450088_T_C_b38	1	5.47095e-03	-1.139e-01	2.890e-02 -8.708670616149902	1.0
chr1_224449368_C_T_b38	1	5.47095e-03	-1.139e-01	2.890e-02 -8.71102237701416	1.0
chr1_224422315_G_C_b38	1	4.64726e-03	-1.036e-01	2.667e-02 -8.549313545227049	1.0
chr1_224414541_G_T_b38	1	4.64726e-03	-1.036e-01	2.667e-02 -8.548800468444824	1.0
chr1_224418123_A_T_b38	1	4.64726e-03	-1.036e-01	2.667e-02 -8.551145553588867	1.0
chr1_224418547_C_G_b38	1	4.64726e-03	-1.036e-01	2.667e-02 -8.549313545227049	1.0
chr1_224401123_T_A_b38	1	4.24585e-03	-1.118e-01	2.715e-02 -8.562582969665527	1.0
chr1_224390453_G_A_b38	1	4.24585e-03	-1.118e-01	2.715e-02 -8.534018516540527	1.0
chr1_224400671_G_A_b38	1	4.24585e-03	-1.118e-01	2.715e-02 -8.556299209594728	1.0
chr1_224459867_G_A_b38	1	3.49594e-03	-1.100e-01	2.886e-02 -8.737789154052733	1.0
chr1_224396224_T_C_b38	1	3.29685e-03	1.134e-01	2.799e-02 8.598447799682617	1.0
chr1_224402880_T_C_b38	1	3.29685e-03	1.134e-01	2.799e-02 8.615115165710451	1.0
chr1_224462666_G_C_b38	1	3.05965e-03	-1.093e-01	2.697e-02 -8.557338963415537	1.0
chr1_224465686_C_T_b38	1	3.03523e-03	1.134e-01	2.799e-02 8.51597785949707	1.0
chr1_224462581_G_A_b38	1	3.03523e-03	1.134e-01	2.799e-02 8.629244804382324	1.0
chr1_224461192_G_A_b38	1	2.88842e-03	-1.067e-01	2.844e-02 -8.759794235229492	1.0
chr1_224423205_T_C_b38	1	2.77554e-03	-1.080e-01	2.892e-02 -8.679571151733397	1.0
chr1_224465511_A_G_b38	1	2.43955e-03	-1.078e-01	2.701e-02 -8.566783905029299	1.0
chr1_224463245_T_C_b38	1	2.43955e-03	-1.078e-01	2.701e-02 -8.654327392578125	1.0
chr1_224464985_A_G_b38	1	2.43955e-03	-1.078e-01	2.701e-02 -8.591633796691895	1.0
chr1_224393178_C_T_b38	1	2.41259e-03	-1.146e-01	2.890e-02 -8.689095497131348	1.0
chr1_224437674_G_A_b38	2	8.38855e-03	-6.960e-02	8.216e-02 0.0	1.0
chr1_224442116_T_C_b38	2	1.32711e-03	-9.079e-02	8.465e-02 0.0	1.0
chr1_224443713_T_A_b38	2	8.04508e-04	-5.738e-03	8.411e-02 0.0	1.0
chr1_224430796_C_T_b38	2	7.42581e-04	3.081e-02	7.086e-02 0.0	1.0
chr1_224448673_C_T_b38	2	4.52610e-04	-8.014e-02	8.481e-02 0.0	1.0
chr1_224415202_G_C_b38	2	3.78851e-04	-6.179e-02	8.240e-02 0.0	1.0
chr1_224426431_G_A_b38	2	3.30604e-04	-4.591e-02	8.145e-02 0.0	1.0
chr1_224426133_C_T_b38	2	3.18136e-04	4.310e-02	7.303e-02 0.0	1.0
chr1_224451081_T_G_b38	2	2.95683e-04	2.795e-02	7.604e-02 0.0	1.0
chr1_224423455_T_C_b38	2	2.74482e-04	2.312e-02	7.107e-02 0.0	1.0
chr1_224452123_C_T_b38	2	2.50171e-04	6.228e-03	7.416e-02 0.0	1.0
chr1_224463121_C_G_b38	2	1.21457e-04	-7.752e-02	8.310e-02 0.0	1.0
chr1_224402685_A_C_b38	2	1.04804e-04	-5.737e-02	8.064e-02 0.0	1.0
chr1_224401548_C_T_b38	2	1.04804e-04	-5.737e-02	8.064e-02 0.0	1.0
chr1_224387671_G_A_b38	2	7.29979e-05	-6.649e-02	6.462e-02 0.0	1.0
chr1_224406462_A_G_b38	2	6.64226e-05	5.506e-02	6.455e-02 0.0	1.0
chr1_224398632_A_G_b38	2	6.64226e-05	5.506e-02	6.455e-02 0.0	1.0
chr1_224388172_C_A_b38	2	6.47976e-05	-1.901e-02	7.197e-02 0.0	1.0
chr1_224393674_C_G_b38	2	5.94106e-05	3.905e-02	6.208e-02 0.0	1.0
chr1_224401206_CAA_C_b38	2	5.94106e-05	3.905e-02	6.208e-02 0.0	1.0
chr1_224409337_G_T_b38	2	5.94106e-05	3.905e-02	6.208e-02 0.0	1.0
chr1_224397642_G_A_b38	2	5.94106e-05	3.905e-02	6.208e-02 0.0	1.0
chr1_224486174_C_T_b38	2	5.87918e-05	-9.771e-03	7.604e-02 0.0	1.0
chr1_224477536_A_C_b38	2	5.87918e-05	-9.771e-03	7.604e-02 0.0	1.0
chr1_224373681_G_A_b38	2	2.79669e-05	-7.811e-02	7.614e-02 0.0	1.0
chr1_224363746_G_A_b38	2	2.41718e-05	-6.040e-02	7.415e-02 0.0	1.0
chr1_224360672_C_T_b38	2	2.41718e-05	-6.040e-02	7.415e-02 0.0	1.0
chr1_224382581_A_G_b38	2	2.41718e-05	-6.040e-02	7.415e-02 0.0	1.0
chr1_224377268_C_T_b38	2	2.41718e-05	-6.040e-02	7.415e-02 0.0	1.0
chr1_224369300_C_T_b38	2	2.41718e-05	-6.040e-02	7.415e-02 0.0	1.0
chr1_224367063_A_C_b38	2	2.41718e-05	-6.040e-02	7.415e-02 0.0	1.0
chr1_224377787_T_G_b38	2	2.41718e-05	-6.040e-02	7.415e-02 0.0	1.0
chr1_224378183_T_C_b38	2	2.41718e-05	-6.040e-02	7.415e-02 0.0	1.0
chr1_224381811_G_C_b38	2	2.41718e-05	-6.040e-02	7.415e-02 0.0	1.0
chr1_224370457_A_G_b38	2	2.41718e-05	-6.040e-02	7.415e-02 0.0	1.0
chr1_224377589_G_A_b38	2	2.41718e-05	-6.040e-02	7.415e-02 0.0	1.0
chr1_224383110_T_C_b38	2	2.41718e-05	-6.040e-02	7.415e-02 0.0	1.0
chr1_224357876_T_C_b38	2	2.41718e-05	-6.040e-02	7.415e-02 0.0	1.0
chr1_224381531_G_A_b38	2	2.41718e-05	-6.040e-02	7.415e-02 0.0	1.0
chr1_224366187_G_T_b38	2	2.41718e-05	-6.040e-02	7.415e-02 0.0	1.0
chr1_224367681_C_G_b38	2	2.41718e-05	-6.040e-02	7.415e-02 0.0	1.0
chr1_224362602_G_A_b38	2	2.41718e-05	-6.040e-02	7.415e-02 0.0	1.0
chr1_224379912_G_T_b38	2	2.41718e-05	-6.040e-02	7.415e-02 0.0	1.0
chr1_224364911_G_A_b38	2	2.27485e-05	-5.169e-02	7.417e-02 0.0	1.0
chr1_224363186_A_G_b38	2	2.01484e-05	-3.341e-02	7.378e-02 0.0	1.0
chr1_224366894_C_T_b38	2	2.01484e-05	-3.341e-02	7.378e-02 0.0	1.0
chr1_224495126_C_A_b38	2	2.00164e-05	2.793e-02	8.354e-02 0.0	1.0
chr1_224492965_A_G_b38	2	1.92049e-05	-9.771e-03	7.604e-02 0.0	1.0
