chr6_84689719_C_G_b38	1	1.09314e-01	-1.969e-01	5.501e-02 -6.067254066467285	1.0
chr6_84692593_T_C_b38	1	7.65959e-02	-1.970e-01	5.504e-02 -6.080527305603027	1.0
chr6_84690353_G_A_b38	1	7.65959e-02	-1.970e-01	5.504e-02 -6.080087184906006	1.0
chr6_84692502_G_C_b38	1	7.65959e-02	-1.970e-01	5.504e-02 -6.079544544219973	1.0
chr6_84710281_C_T_b38	1	4.50717e-02	-2.005e-01	5.256e-02 -6.105112075805664	1.0
chr6_84708376_T_G_b38	1	2.22979e-02	-1.984e-01	5.475e-02 -6.097457885742188	1.0
chr6_84702516_A_G_b38	1	2.22979e-02	-1.984e-01	5.475e-02 -6.141445417243182	1.0
chr6_84700043_C_T_b38	1	2.22979e-02	-1.984e-01	5.475e-02 -6.104920864105225	1.0
chr6_84698672_C_T_b38	1	2.22979e-02	-1.984e-01	5.475e-02 -6.103437900543213	1.0
chr6_84702139_G_C_b38	1	2.22979e-02	-1.984e-01	5.475e-02 -6.106306076049805	1.0
chr6_84705629_G_A_b38	1	2.22979e-02	-1.984e-01	5.475e-02 -6.114098072052003	1.0
chr6_84709273_A_T_b38	1	2.22979e-02	-1.984e-01	5.475e-02 -6.108017921447754	1.0
chr6_84698082_A_C_b38	1	2.22979e-02	-1.984e-01	5.475e-02 -6.09157133102417	1.0
chr6_84708539_C_A_b38	1	2.22979e-02	-1.984e-01	5.475e-02 -6.10819149017334	1.0
chr6_84699804_G_A_b38	1	2.22979e-02	-1.984e-01	5.475e-02 -6.100627899169923	1.0
chr6_84702728_T_C_b38	1	2.22979e-02	-1.984e-01	5.475e-02 -6.1064863204956055	1.0
chr6_84698214_CTT_C_b38	1	2.22979e-02	-1.984e-01	5.475e-02 -6.141445417243182	1.0
chr6_84700019_C_A_b38	1	2.22979e-02	-1.984e-01	5.475e-02 -6.0959835052490225	1.0
chr6_84703109_C_T_b38	1	2.22979e-02	-1.984e-01	5.475e-02 -6.1052303314208975	1.0
chr6_84700454_C_T_b38	1	2.22979e-02	-1.984e-01	5.475e-02 -6.141445417243182	1.0
chr6_84700765_G_T_b38	1	2.22979e-02	-1.984e-01	5.475e-02 -6.141445417243182	1.0
chr6_84711774_C_G_b38	1	2.22979e-02	-1.984e-01	5.475e-02 -6.109360694885254	1.0
chr6_84705023_T_C_b38	1	1.86931e-02	-1.943e-01	5.584e-02 -6.113997936248778	1.0
chr6_84697518_C_T_b38	1	1.82957e-02	-1.799e-01	6.338e-02 -6.0945563316345215	1.0
chr6_84738385_C_T_b38	1	1.69320e-02	-2.169e-01	4.681e-02 -6.228687286376952	1.0
chr6_84723438_T_TC_b38	1	1.57404e-02	-2.061e-01	5.038e-02 -6.0008905358850315	1.0
chr6_84706422_A_AT_b38	1	8.92708e-03	-1.813e-01	6.226e-02 -6.1234257891551875	1.0
chr6_84707317_G_A_b38	1	8.20816e-03	-1.822e-01	6.307e-02 -6.128379821777344	1.0
chr6_84710173_T_C_b38	1	8.20816e-03	-1.822e-01	6.307e-02 -6.129561901092528	1.0
chr6_84701929_C_T_b38	1	8.20816e-03	-1.822e-01	6.307e-02 -6.1234257891551875	1.0
chr6_84727140_G_A_b38	1	8.19564e-03	-2.014e-01	5.330e-02 -6.1449522972106925	1.0
chr6_84713458_G_T_b38	1	8.19564e-03	-2.014e-01	5.330e-02 -6.198323249816895	1.0
chr6_84719486_G_A_b38	1	8.19564e-03	-2.014e-01	5.330e-02 -6.1447696685791025	1.0
chr6_84732185_T_C_b38	1	8.19564e-03	-2.014e-01	5.330e-02 -6.145298957824707	1.0
chr6_84724591_G_T_b38	1	8.19564e-03	-2.014e-01	5.330e-02 -6.139309406280518	1.0
chr6_84726578_G_A_b38	1	8.19564e-03	-2.014e-01	5.330e-02 -6.139309406280518	1.0
chr6_84731889_A_T_b38	1	8.19564e-03	-2.014e-01	5.330e-02 -6.144894599914551	1.0
chr6_84720015_CA_C_b38	1	8.19564e-03	-2.014e-01	5.330e-02 -6.0975594160421664	1.0
chr6_84724773_G_A_b38	1	8.19564e-03	-2.014e-01	5.330e-02 -6.145009994506836	1.0
chr6_84725832_A_G_b38	1	8.19564e-03	-2.014e-01	5.330e-02 -6.139309406280518	1.0
chr6_84715952_G_A_b38	1	8.19564e-03	-2.014e-01	5.330e-02 -6.1442718505859375	1.0
chr6_84717533_T_C_b38	1	8.19564e-03	-2.014e-01	5.330e-02 -6.1447696685791025	1.0
chr6_84718782_G_A_b38	1	8.19564e-03	-2.014e-01	5.330e-02 -6.144596576690674	1.0
chr6_84720299_C_T_b38	1	8.19564e-03	-2.014e-01	5.330e-02 -6.138917922973633	1.0
chr6_84718255_G_A_b38	1	8.19564e-03	-2.014e-01	5.330e-02 -6.144303321838379	1.0
chr6_84718074_T_C_b38	1	2.31262e-03	-1.862e-01	6.118e-02 -6.159382343292236	1.0
chr6_84718760_C_T_b38	1	2.31262e-03	-1.862e-01	6.118e-02 -6.16105842590332	1.0
chr6_84712724_C_G_b38	1	2.31262e-03	-1.862e-01	6.118e-02 -6.1279563903808585	1.0
chr6_84733931_T_C_b38	1	2.31262e-03	-1.862e-01	6.118e-02 -6.169428825378418	1.0
chr6_84731612_T_TAA_b38	1	8.40306e-04	-1.740e-01	6.530e-02 -6.0599567531975636	1.0
chr6_84707489_T_C_b38	2	2.91974e-01	-1.890e-01	3.401e-02 -4.431028366088867	1.0
chr6_84708128_A_G_b38	2	1.10992e-01	-1.834e-01	3.417e-02 -4.4245452880859375	1.0
chr6_84711122_G_C_b38	2	1.10992e-01	-1.834e-01	3.417e-02 -4.436365604400635	1.0
chr6_84704488_A_T_b38	2	1.10992e-01	-1.834e-01	3.417e-02 -4.408531043498936	1.0
chr6_84710034_G_A_b38	2	1.10992e-01	-1.834e-01	3.417e-02 -4.434532165527344	1.0
chr6_84708847_A_G_b38	2	7.36427e-02	-1.804e-01	3.385e-02 -4.456865787506104	1.0
chr6_84715638_G_A_b38	2	4.14557e-02	-1.839e-01	3.384e-02 -4.473348140716553	1.0
chr6_84714008_C_T_b38	2	4.14557e-02	-1.839e-01	3.384e-02 -4.432638645172119	1.0
chr6_84717970_A_C_b38	2	4.14557e-02	-1.839e-01	3.384e-02 -4.471854209899902	1.0
chr6_84729888_C_T_b38	2	4.14557e-02	-1.839e-01	3.384e-02 -4.413498878479004	1.0
chr6_84720360_A_G_b38	2	2.35288e-02	-1.807e-01	3.371e-02 -4.491055488586426	1.0
chr6_84676307_C_T_b38	2	3.35575e-04	-1.631e-01	3.453e-02 -4.42949104309082	1.0
chr6_84686794_G_A_b38	3	1.35674e-01	-1.234e-01	4.574e-02 -6.176389217376709	1.0
chr6_84685246_T_G_b38	3	4.89843e-02	-1.237e-01	4.569e-02 -6.1790809631347665	1.0
chr6_84687675_C_G_b38	3	2.75001e-02	-6.622e-02	3.415e-02 -6.020924091339111	1.0
chr6_84683238_C_T_b38	3	2.55157e-02	-1.228e-01	4.542e-02 -6.179298400878906	1.0
chr6_84684922_C_G_b38	3	1.46743e-02	-1.115e-01	4.421e-02 -6.191105842590332	1.0
chr6_84688270_C_T_b38	3	6.18798e-03	-6.511e-02	3.434e-02 -6.0253005027771	1.0
chr6_84684374_A_C_b38	3	5.94281e-04	-6.721e-02	3.424e-02 -5.9971537590026855	1.0
chr6_84684847_A_G_b38	3	5.94281e-04	-6.721e-02	3.424e-02 -5.996937274932861	1.0
chr6_84745126_T_C_b38	4	1.11037e-03	-2.849e-01	7.242e-02 0.9108911156654358	1.0
chr6_84746130_G_A_b38	4	1.11037e-03	-2.849e-01	7.242e-02 0.916193664073944	1.0
chr6_84760083_C_T_b38	4	1.11037e-03	-2.849e-01	7.242e-02 0.9344855546951294	1.0
chr6_84744185_T_TA_b38	4	1.11037e-03	-2.849e-01	7.242e-02 0.8817956812324125	1.0
chr6_84739351_A_G_b38	4	1.11037e-03	-2.849e-01	7.242e-02 0.8702619671821594	1.0
chr6_84746031_A_C_b38	4	4.34288e-05	-2.216e-01	6.234e-02 0.9269679188728333	1.0
