chr7_77691827_G_A_b38	1	2.51274e-01	-6.770e-01	9.989e-02 -0.9419081807136536	1.0
chr7_77674162_C_T_b38	1	1.53218e-01	-6.598e-01	9.346e-02 -1.0317316055297852	1.0
chr7_77674041_G_A_b38	1	1.53218e-01	-6.598e-01	9.346e-02 -1.050338625907898	1.0
chr7_77691481_G_T_b38	1	1.05525e-01	-6.656e-01	9.498e-02 -0.6605513304208771	1.0
chr7_77685859_C_T_b38	1	8.44276e-02	-6.758e-01	9.933e-02 -0.8884404301643372	1.0
chr7_77684365_C_T_b38	1	8.44276e-02	-6.758e-01	9.933e-02 -0.8997378945350647	1.0
chr7_77658470_T_C_b38	1	3.20935e-02	-6.767e-01	9.926e-02 -1.1633986234664917	1.0
chr7_77666361_G_C_b38	1	3.20935e-02	-6.767e-01	9.926e-02 -1.1085805892944336	1.0
chr7_77660461_C_T_b38	1	3.20935e-02	-6.767e-01	9.926e-02 -1.1597615480422974	1.0
chr7_77662627_A_T_b38	1	3.20935e-02	-6.767e-01	9.926e-02 -1.2000797986984253	1.0
chr7_77650925_G_A_b38	1	2.21384e-02	-6.513e-01	8.379e-02 -1.299149751663208	1.0
chr7_77610139_T_G_b38	1	8.09041e-03	-6.623e-01	8.848e-02 -1.2343720197677612	1.0
chr7_77621763_A_G_b38	1	8.09041e-03	-6.623e-01	8.848e-02 -1.1990393400192259	1.0
chr7_77667060_A_T_b38	1	1.05640e-03	-6.139e-01	8.018e-02 -1.312089204788208	1.0
chr7_77690266_A_G_b38	2	2.96457e-01	2.658e-01	6.093e-02 4.859077453613281	1.0
chr7_77671806_T_A_b38	2	9.27797e-02	2.404e-01	5.735e-02 4.836285591125488	1.0
chr7_77691071_G_A_b38	2	8.54961e-02	2.438e-01	6.037e-02 4.67877721786499	1.0
chr7_77685327_G_A_b38	2	8.43420e-02	2.597e-01	6.058e-02 4.623810768127441	1.0
chr7_77685501_T_G_b38	2	8.43420e-02	2.597e-01	6.058e-02 4.619174003601074	1.0
chr7_77685900_C_A_b38	2	8.43420e-02	2.597e-01	6.058e-02 4.6609392166137695	1.0
chr7_77686304_G_A_b38	2	5.88834e-02	2.685e-01	6.249e-02 4.301976203918457	1.0
chr7_77708530_C_T_b38	2	3.64342e-02	2.699e-01	6.123e-02 4.692916393280028	1.0
chr7_77680725_C_G_b38	2	3.57649e-02	2.454e-01	6.055e-02 4.861961841583252	1.0
chr7_77668098_C_T_b38	2	2.53461e-02	2.387e-01	5.727e-02 4.899040699005127	1.0
chr7_77678978_A_G_b38	2	2.34413e-02	2.399e-01	6.053e-02 4.6818809509277335	1.0
chr7_77680405_G_A_b38	2	2.34395e-02	2.388e-01	6.043e-02 4.720039367675781	1.0
chr7_77646106_G_A_b38	2	1.72997e-02	2.503e-01	5.439e-02 5.360610008239746	1.0
chr7_77658613_G_A_b38	2	7.66971e-03	2.205e-01	5.636e-02 4.8406524658203125	1.0
chr7_77659423_C_T_b38	2	4.83958e-03	2.124e-01	5.464e-02 4.920378684997559	1.0
chr7_77659701_G_A_b38	2	4.83958e-03	2.124e-01	5.464e-02 4.919559955596924	1.0
chr7_77932977_G_A_b38	2	2.70119e-03	-2.781e-01	5.660e-02 -4.968675136566162	1.0
chr7_77724711_C_T_b38	2	2.63694e-03	2.640e-01	5.994e-02 4.586187839508057	1.0
chr7_77733812_G_A_b38	2	2.63694e-03	2.640e-01	5.994e-02 4.6037373542785645	1.0
chr7_77508829_G_A_b38	2	5.25280e-04	2.907e-01	5.915e-02 4.820923761065068	1.0
chr7_77696032_T_C_b38	3	1.63059e-01	3.894e-01	1.523e-01 2.8358974456787114	1.0
chr7_77695276_G_A_b38	3	6.41875e-02	3.942e-01	1.498e-01 2.653642222044772	1.0
chr7_77697431_G_T_b38	3	2.27794e-02	3.971e-01	1.579e-01 2.7788705825805664	1.0
chr7_77700526_G_A_b38	3	1.20002e-02	4.766e-01	1.754e-01 2.7362523078918457	1.0
chr7_77700879_G_A_b38	3	1.02405e-02	4.126e-01	1.614e-01 2.790069103240967	1.0
chr7_77703850_C_T_b38	3	3.14024e-03	3.293e-01	1.355e-01 2.7632927894592285	1.0
chr7_77705076_T_G_b38	3	3.14024e-03	3.293e-01	1.355e-01 2.782942295074463	1.0
chr7_77713268_T_C_b38	3	2.17141e-03	4.554e-01	1.677e-01 2.7981092929840092	1.0
chr7_77688668_T_C_b38	3	1.42006e-03	3.879e-01	1.683e-01 2.745792388916016	1.0
chr7_77714581_A_G_b38	3	6.67479e-04	3.626e-01	1.371e-01 2.815532684326172	1.0
chr7_77709447_G_C_b38	3	6.67479e-04	3.626e-01	1.371e-01 2.7863872051239014	1.0
chr7_77699922_G_A_b38	3	4.93189e-04	3.041e-01	1.402e-01 2.787235975265503	1.0
chr7_77723502_C_T_b38	3	1.84382e-04	5.662e-01	1.264e-01 2.7995643615722656	1.0
chr7_77743683_CAAAT_C_b38	3	1.84382e-04	5.662e-01	1.264e-01 2.7046982484593256	1.0
chr7_77737034_T_G_b38	3	1.84382e-04	5.662e-01	1.264e-01 2.791357517242432	1.0
chr7_77733091_C_T_b38	3	1.84382e-04	5.662e-01	1.264e-01 2.8001477718353267	1.0
chr7_77738853_C_T_b38	3	1.84382e-04	5.662e-01	1.264e-01 2.791405439376831	1.0
chr7_77736095_C_A_b38	3	1.84382e-04	5.662e-01	1.264e-01 2.791821241378784	1.0
chr7_77732629_C_G_b38	3	1.84382e-04	5.662e-01	1.264e-01 2.8206899166107178	1.0
chr7_77743845_G_T_b38	3	1.84382e-04	5.662e-01	1.264e-01 2.780345916748047	1.0
chr7_77708119_C_T_b38	3	1.55883e-04	2.998e-01	1.332e-01 2.776407480239868	1.0
chr7_77692216_G_T_b38	4	1.03311e-03	2.837e-01	1.274e-01 0.7735493779182434	1.0
chr7_77695515_G_C_b38	4	4.57764e-04	3.584e-02	1.395e-01 0.16047731041908264	1.0
