chr17_82195043_G_A_b38	1	1.31733e-01	-3.289e-01	1.554e-01 -5.95035457611084	1.0
chr17_82182422_C_T_b38	1	2.83469e-02	-2.612e-01	3.076e-02 -5.989471912384032	1.0
chr17_82178542_C_T_b38	1	1.58429e-02	-2.549e-01	2.755e-02 -5.992593765258789	1.0
chr17_82179297_C_T_b38	1	1.58429e-02	-2.549e-01	2.755e-02 -5.96890115737915	1.0
chr17_82174003_C_A_b38	1	1.58429e-02	-2.549e-01	2.755e-02 -5.983459949493407	1.0
chr17_82188990_G_A_b38	1	1.39716e-02	-2.760e-01	9.816e-02 -5.949707984924316	1.0
chr17_82188107_T_A_b38	1	1.39716e-02	-2.760e-01	9.816e-02 -5.943837642669678	1.0
chr17_82189315_A_AAAG_b38	1	1.39716e-02	-2.760e-01	9.816e-02 -5.977746533697299	1.0
chr17_82194005_G_A_b38	1	1.39716e-02	-2.760e-01	9.816e-02 -5.929691791534424	1.0
chr17_82192670_G_A_b38	1	1.39716e-02	-2.760e-01	9.816e-02 -5.956832885742188	1.0
chr17_82193929_T_C_b38	1	1.39716e-02	-2.760e-01	9.816e-02 -5.929976463317871	1.0
chr17_82195718_T_C_b38	1	1.39716e-02	-2.760e-01	9.816e-02 -5.928804874420166	1.0
chr17_82188028_C_T_b38	1	1.39716e-02	-2.760e-01	9.816e-02 -5.957962512969972	1.0
chr17_82193625_A_G_b38	1	1.39716e-02	-2.760e-01	9.816e-02 -5.945649147033691	1.0
chr17_82197467_G_A_b38	1	1.21632e-02	-2.626e-01	5.164e-02 -5.940529823303223	1.0
chr17_82196590_C_A_b38	1	1.19947e-02	-2.664e-01	6.861e-02 -5.927668571472168	1.0
chr17_82149938_C_T_b38	1	9.16951e-03	-2.689e-01	5.378e-02 -5.981719493865968	1.0
chr17_82173830_CAGG_C_b38	1	5.86731e-03	-2.760e-01	9.816e-02 -6.007613585632638	1.0
chr17_82164102_A_G_b38	1	5.86731e-03	-2.760e-01	9.816e-02 -5.986328125	1.0
chr17_82170571_G_A_b38	1	5.86731e-03	-2.760e-01	9.816e-02 -5.986032485961914	1.0
chr17_82165177_G_A_b38	1	5.86731e-03	-2.760e-01	9.816e-02 -5.986282825469972	1.0
chr17_82165090_G_C_b38	1	5.86731e-03	-2.760e-01	9.816e-02 -5.98608922958374	1.0
chr17_82168444_C_T_b38	1	5.86731e-03	-2.760e-01	9.816e-02 -5.988059520721436	1.0
chr17_82164451_T_G_b38	1	5.86731e-03	-2.760e-01	9.816e-02 -5.989823341369629	1.0
chr17_82165202_C_T_b38	1	5.86731e-03	-2.760e-01	9.816e-02 -5.98246955871582	1.0
chr17_82163399_A_G_b38	1	5.86731e-03	-2.760e-01	9.816e-02 -5.986271381378174	1.0
chr17_82170770_G_A_b38	1	5.86731e-03	-2.760e-01	9.816e-02 -5.990859031677246	1.0
chr17_82170131_G_A_b38	1	5.86731e-03	-2.760e-01	9.816e-02 -5.989823341369629	1.0
chr17_82169749_A_G_b38	1	5.86731e-03	-2.760e-01	9.816e-02 -6.003324031829834	1.0
chr17_82173506_A_G_b38	1	5.86731e-03	-2.760e-01	9.816e-02 -5.973283767700195	1.0
chr17_82163482_T_C_b38	1	5.86731e-03	-2.760e-01	9.816e-02 -5.982173442840576	1.0
chr17_82168727_T_C_b38	1	5.86731e-03	-2.760e-01	9.816e-02 -5.9886627197265625	1.0
chr17_82165342_T_C_b38	1	5.86731e-03	-2.760e-01	9.816e-02 -5.98192310333252	1.0
chr17_82163706_G_GA_b38	1	5.86731e-03	-2.760e-01	9.816e-02 -5.960425912139535	1.0
chr17_82162950_C_T_b38	1	5.86731e-03	-2.760e-01	9.816e-02 -5.986271381378174	1.0
chr17_82168517_G_A_b38	1	5.86731e-03	-2.760e-01	9.816e-02 -5.974356174468994	1.0
chr17_82166578_T_A_b38	1	5.86731e-03	-2.760e-01	9.816e-02 -5.9838013648986825	1.0
chr17_82170563_G_A_b38	1	5.86731e-03	-2.760e-01	9.816e-02 -5.986032485961914	1.0
chr17_82165393_G_A_b38	1	5.86731e-03	-2.760e-01	9.816e-02 -5.982560634613037	1.0
chr17_82166488_G_A_b38	1	5.86731e-03	-2.760e-01	9.816e-02 -5.982731342315674	1.0
chr17_82167813_G_A_b38	1	5.86731e-03	-2.760e-01	9.816e-02 -5.985942363739014	1.0
chr17_82169949_C_T_b38	1	5.86731e-03	-2.760e-01	9.816e-02 -5.98766040802002	1.0
chr17_82165324_G_A_b38	1	5.86731e-03	-2.760e-01	9.816e-02 -5.98192310333252	1.0
chr17_82167384_CTT_C_b38	1	5.86731e-03	-2.760e-01	9.816e-02 -6.025185754555918	1.0
chr17_82171609_T_C_b38	1	5.86731e-03	-2.760e-01	9.816e-02 -5.977521896362305	1.0
chr17_82165268_G_A_b38	1	5.86731e-03	-2.760e-01	9.816e-02 -5.98246955871582	1.0
chr17_82170450_A_G_b38	1	5.86731e-03	-2.760e-01	9.816e-02 -5.9889583587646475	1.0
chr17_82167389_A_C_b38	1	5.86731e-03	-2.760e-01	9.816e-02 -5.9463167211898185	1.0
chr17_82163937_G_A_b38	1	5.86731e-03	-2.760e-01	9.816e-02 -5.986328125	1.0
chr17_82164562_T_C_b38	1	5.86731e-03	-2.760e-01	9.816e-02 -5.9799766540527335	1.0
chr17_82168540_G_A_b38	1	5.86731e-03	-2.760e-01	9.816e-02 -5.974356174468994	1.0
chr17_82161769_T_C_b38	1	5.70085e-03	-2.565e-01	3.986e-02 -5.870143413543701	1.0
chr17_82209113_G_T_b38	1	5.52125e-03	-2.481e-01	2.836e-02 -5.976531982421875	1.0
chr17_82208032_G_C_b38	1	5.52125e-03	-2.481e-01	2.836e-02 -5.947000980377197	1.0
chr17_82196809_G_A_b38	1	5.39166e-03	-2.495e-01	2.793e-02 -5.91464900970459	1.0
chr17_82168332_C_T_b38	1	4.98574e-03	-2.562e-01	2.826e-02 -5.961711406707764	1.0
chr17_82176611_C_T_b38	1	4.98574e-03	-2.562e-01	2.826e-02 -5.980057239532472	1.0
chr17_82187415_A_T_b38	1	4.52839e-03	-2.506e-01	2.770e-02 -5.747575283050537	1.0
chr17_82117684_G_GA_b38	1	4.24736e-03	2.543e-01	2.753e-02 5.780030362658676	1.0
chr17_82117530_T_C_b38	1	4.24736e-03	2.543e-01	2.753e-02 5.805854320526122	1.0
chr17_82117863_G_A_b38	1	4.24736e-03	2.543e-01	2.753e-02 5.804939270019531	1.0
chr17_82117824_A_G_b38	1	4.24736e-03	2.543e-01	2.753e-02 5.804939270019531	1.0
chr17_82113368_T_C_b38	1	4.24736e-03	2.543e-01	2.753e-02 5.8019042015075675	1.0
chr17_82212478_G_A_b38	1	4.08944e-03	-2.456e-01	2.946e-02 -6.011502742767334	1.0
chr17_82204506_G_A_b38	1	3.96492e-03	-2.481e-01	2.836e-02 -5.973912239074707	1.0
chr17_82204922_C_A_b38	1	3.96492e-03	-2.481e-01	2.836e-02 -5.9803314208984375	1.0
chr17_82204267_G_A_b38	1	3.96492e-03	-2.481e-01	2.836e-02 -5.9748802185058585	1.0
chr17_82203124_T_C_b38	1	3.96492e-03	-2.481e-01	2.836e-02 -5.967469215393066	1.0
chr17_82204400_C_T_b38	1	3.96492e-03	-2.481e-01	2.836e-02 -5.978123664855957	1.0
chr17_82203008_C_G_b38	1	3.96492e-03	-2.481e-01	2.836e-02 -5.993045330047607	1.0
chr17_82204114_C_T_b38	1	3.96492e-03	-2.481e-01	2.836e-02 -5.988696575164795	1.0
chr17_82116440_T_C_b38	1	3.94802e-03	2.550e-01	2.764e-02 5.763850688934326	1.0
chr17_82112992_G_T_b38	1	3.94802e-03	2.550e-01	2.764e-02 5.841479778289795	1.0
chr17_82113173_A_G_b38	1	3.94802e-03	2.550e-01	2.764e-02 5.805504322052003	1.0
chr17_82118640_T_C_b38	1	3.94802e-03	2.550e-01	2.764e-02 5.741699695587157	1.0
chr17_82116640_A_C_b38	1	3.94802e-03	2.550e-01	2.764e-02 5.77199125289917	1.0
chr17_82151417_ACCCCCAGAATCTGACC_A_b38	1	3.87240e-03	-2.573e-01	2.790e-02 -5.794235646200613	1.0
chr17_82160292_C_T_b38	1	3.65096e-03	-2.579e-01	2.798e-02 -5.959090232849121	1.0
chr17_82136604_A_G_b38	1	3.49538e-03	-2.618e-01	5.582e-02 -5.973527147361658	1.0
chr17_82162597_G_A_b38	1	2.73391e-03	-2.569e-01	2.802e-02 -5.977201972318072	1.0
chr17_82139665_A_AT_b38	1	2.72935e-03	-2.578e-01	2.811e-02 -5.960425912139535	1.0
chr17_82154758_G_A_b38	1	2.51321e-03	-2.548e-01	2.784e-02 -5.981081485748291	1.0
chr17_82154723_G_T_b38	1	2.51321e-03	-2.548e-01	2.784e-02 -5.978554248809815	1.0
chr17_82159896_C_G_b38	1	2.45845e-03	-2.533e-01	2.769e-02 -5.985281467437744	1.0
chr17_82212144_G_A_b38	1	2.26982e-03	-2.424e-01	2.903e-02 -5.997030258178711	1.0
chr17_82127450_G_A_b38	1	1.76218e-03	2.511e-01	2.761e-02 5.84176435992562	1.0
chr17_82127465_A_G_b38	1	1.76218e-03	2.511e-01	2.761e-02 5.994911193847656	1.0
chr17_82199890_T_C_b38	1	1.72863e-03	-2.481e-01	2.836e-02 -5.978636741638184	1.0
chr17_82202429_G_A_b38	1	1.72863e-03	-2.481e-01	2.836e-02 -5.973592281341553	1.0
chr17_82199921_G_A_b38	1	1.72863e-03	-2.481e-01	2.836e-02 -5.982553958892822	1.0
chr17_82202618_C_T_b38	1	1.72863e-03	-2.481e-01	2.836e-02 -5.984964370727539	1.0
chr17_82199614_G_C_b38	1	1.72863e-03	-2.481e-01	2.836e-02 -5.979035377502441	1.0
chr17_82200546_A_G_b38	1	1.72863e-03	-2.481e-01	2.836e-02 -5.978669166564941	1.0
chr17_82200449_A_G_b38	1	1.72863e-03	-2.481e-01	2.836e-02 -5.973387241363525	1.0
chr17_82201407_C_A_b38	1	1.72863e-03	-2.481e-01	2.836e-02 -5.973433017730713	1.0
chr17_82133850_A_ACT_b38	1	1.62478e-03	-2.530e-01	2.786e-02 -5.960425912139535	1.0
chr17_82128040_C_T_b38	1	1.62478e-03	2.530e-01	2.786e-02 5.978404998779298	1.0
chr17_82130956_T_C_b38	1	1.62478e-03	-2.530e-01	2.786e-02 -5.987728595733643	1.0
chr17_82128721_C_T_b38	1	1.62478e-03	2.530e-01	2.786e-02 5.988615989685059	1.0
chr17_82135263_C_T_b38	1	1.62478e-03	-2.530e-01	2.786e-02 -5.960425912139535	1.0
chr17_82131464_G_A_b38	1	1.62478e-03	-2.530e-01	2.786e-02 -5.982822895050049	1.0
chr17_82122747_G_A_b38	1	1.62478e-03	2.530e-01	2.786e-02 5.995697021484375	1.0
chr17_82125931_T_C_b38	1	1.62478e-03	2.530e-01	2.786e-02 5.960425418685008	1.0
chr17_82127334_A_G_b38	1	1.62478e-03	2.530e-01	2.786e-02 5.960425418685008	1.0
chr17_82121053_C_T_b38	1	1.62478e-03	2.530e-01	2.786e-02 5.948398995561028	1.0
chr17_82159459_T_C_b38	1	1.62478e-03	-2.530e-01	2.786e-02 -5.987603187561035	1.0
chr17_82156938_T_C_b38	1	1.62478e-03	-2.530e-01	2.786e-02 -5.978895664215088	1.0
chr17_82134065_G_A_b38	1	1.62478e-03	-2.530e-01	2.786e-02 -5.9742512702941895	1.0
chr17_82131169_A_G_b38	1	1.62478e-03	-2.530e-01	2.786e-02 -5.987728595733643	1.0
chr17_82161326_T_C_b38	1	1.62478e-03	-2.530e-01	2.786e-02 -5.988081455230713	1.0
chr17_82151930_C_T_b38	1	1.62478e-03	-2.530e-01	2.786e-02 -5.981308937072754	1.0
chr17_82127268_G_C_b38	1	1.62478e-03	2.530e-01	2.786e-02 5.994080543518066	1.0
chr17_82119974_T_C_b38	1	1.62478e-03	2.530e-01	2.786e-02 5.985042095184326	1.0
chr17_82144403_A_G_b38	1	1.62478e-03	-2.530e-01	2.786e-02 -5.982436180114746	1.0
chr17_82159439_C_A_b38	1	1.62478e-03	-2.530e-01	2.786e-02 -5.987603187561035	1.0
chr17_82161966_A_G_b38	1	1.62478e-03	-2.530e-01	2.786e-02 -5.986271381378174	1.0
chr17_82139342_CCA_C_b38	1	1.62478e-03	-2.530e-01	2.786e-02 -5.960425912139535	1.0
chr17_82158950_T_G_b38	1	1.62478e-03	-2.530e-01	2.786e-02 -5.987261772155763	1.0
chr17_82161048_T_C_b38	1	1.62478e-03	-2.530e-01	2.786e-02 -5.986271381378174	1.0
chr17_82159661_T_C_b38	1	1.62478e-03	-2.530e-01	2.786e-02 -5.987261772155763	1.0
chr17_82129693_T_C_b38	1	1.62478e-03	2.530e-01	2.786e-02 5.984814643859862	1.0
chr17_82141273_A_G_b38	1	1.62478e-03	-2.530e-01	2.786e-02 -5.987557888031006	1.0
chr17_82126663_T_C_b38	1	1.62478e-03	2.530e-01	2.786e-02 5.997233867645264	1.0
chr17_82160734_C_T_b38	1	1.62478e-03	-2.530e-01	2.786e-02 -5.986271381378174	1.0
chr17_82130700_A_G_b38	1	1.62478e-03	-2.530e-01	2.786e-02 -5.988901615142822	1.0
chr17_82158763_G_A_b38	1	1.62478e-03	-2.530e-01	2.786e-02 -5.960425912139535	1.0
chr17_82133300_G_C_b38	1	1.62478e-03	-2.530e-01	2.786e-02 -5.987113952636719	1.0
chr17_82137317_A_G_b38	1	1.62478e-03	-2.530e-01	2.786e-02 -5.9883012771606445	1.0
chr17_82156049_A_G_b38	1	1.62478e-03	-2.530e-01	2.786e-02 -5.976562023162843	1.0
chr17_82152518_C_A_b38	1	1.62478e-03	-2.530e-01	2.786e-02 -5.982094764709473	1.0
chr17_82141610_C_A_b38	1	1.62478e-03	-2.530e-01	2.786e-02 -5.987956523895264	1.0
chr17_82161752_C_T_b38	1	1.62478e-03	-2.530e-01	2.786e-02 -5.986271381378174	1.0
chr17_82137315_C_T_b38	1	1.62478e-03	-2.530e-01	2.786e-02 -5.976065635681152	1.0
chr17_82126234_T_C_b38	1	1.62478e-03	2.530e-01	2.786e-02 6.011189937591553	1.0
chr17_82136838_C_T_b38	1	1.62478e-03	-2.530e-01	2.786e-02 -5.9871368408203125	1.0
chr17_82125437_A_G_b38	1	1.62478e-03	2.530e-01	2.786e-02 5.997745990753174	1.0
chr17_82128519_T_C_b38	1	1.62478e-03	2.530e-01	2.786e-02 5.972373962402344	1.0
chr17_82149385_C_T_b38	1	1.62478e-03	-2.530e-01	2.786e-02 -5.99390983581543	1.0
chr17_82142241_T_C_b38	1	1.62478e-03	-2.530e-01	2.786e-02 -5.984872341156006	1.0
chr17_82149478_G_A_b38	1	1.62478e-03	-2.530e-01	2.786e-02 -5.992612361907959	1.0
chr17_82125658_G_A_b38	1	1.62478e-03	2.530e-01	2.786e-02 5.997745990753174	1.0
chr17_82133841_C_T_b38	1	1.62478e-03	-2.530e-01	2.786e-02 -5.960425912139535	1.0
chr17_82153081_C_T_b38	1	1.62478e-03	-2.530e-01	2.786e-02 -5.968750953674316	1.0
chr17_82128510_C_T_b38	1	1.62478e-03	2.530e-01	2.786e-02 6.076521873474121	1.0
chr17_82142670_G_A_b38	1	1.62478e-03	-2.530e-01	2.786e-02 -5.960425912139535	1.0
chr17_82142374_G_A_b38	1	1.62478e-03	-2.530e-01	2.786e-02 -5.971477031707764	1.0
chr17_82159512_G_A_b38	1	1.62478e-03	-2.530e-01	2.786e-02 -5.987261772155763	1.0
chr17_82158159_T_C_b38	1	1.62478e-03	-2.530e-01	2.786e-02 -5.978952407836914	1.0
chr17_82146886_C_T_b38	1	1.62478e-03	-2.530e-01	2.786e-02 -5.990398406982423	1.0
chr17_82140338_G_A_b38	1	1.62478e-03	-2.530e-01	2.786e-02 -5.986487865447997	1.0
chr17_82158927_G_A_b38	1	1.62478e-03	-2.530e-01	2.786e-02 -5.956282728748676	1.0
chr17_82137060_CTGGA_C_b38	1	1.62478e-03	-2.530e-01	2.786e-02 -5.960425912139535	1.0
chr17_82158759_G_T_b38	1	1.62478e-03	-2.530e-01	2.786e-02 -5.960425912139535	1.0
chr17_82125940_T_C_b38	1	1.62478e-03	2.530e-01	2.786e-02 5.960425418685008	1.0
chr17_82161230_G_A_b38	1	1.62478e-03	-2.530e-01	2.786e-02 -5.985634326934815	1.0
chr17_82126945_C_T_b38	1	1.62478e-03	2.530e-01	2.786e-02 5.990334987640381	1.0
chr17_82126492_C_T_b38	1	1.62478e-03	2.530e-01	2.786e-02 5.9909610748291025	1.0
chr17_82139689_C_CCAGAAAGCT_b38	1	1.62478e-03	-2.530e-01	2.786e-02 -5.960425912139535	1.0
chr17_82134497_G_T_b38	1	1.62478e-03	-2.530e-01	2.786e-02 -5.986999988555907	1.0
chr17_82120889_A_G_b38	1	1.62478e-03	2.530e-01	2.786e-02 6.0143394470214835	1.0
chr17_82153329_A_G_b38	1	1.62478e-03	-2.530e-01	2.786e-02 -5.984575748443604	1.0
chr17_82137766_T_C_b38	1	1.62478e-03	-2.530e-01	2.786e-02 -5.985201835632324	1.0
chr17_82129771_C_A_b38	1	1.62478e-03	-2.530e-01	2.786e-02 -5.985623359680176	1.0
chr17_82125010_T_C_b38	1	1.62478e-03	2.530e-01	2.786e-02 6.0101070404052725	1.0
chr17_82161130_A_G_b38	1	1.62478e-03	-2.530e-01	2.786e-02 -5.986271381378174	1.0
chr17_82158765_T_C_b38	1	1.62478e-03	-2.530e-01	2.786e-02 -5.960425912139535	1.0
chr17_82130218_C_G_b38	1	1.62478e-03	-2.530e-01	2.786e-02 -5.988377571105957	1.0
chr17_82124624_A_C_b38	1	1.62478e-03	2.530e-01	2.786e-02 5.992725849151611	1.0
chr17_82134742_C_G_b38	1	1.62478e-03	-2.530e-01	2.786e-02 -5.986999988555907	1.0
chr17_82134902_C_T_b38	1	1.62478e-03	-2.530e-01	2.786e-02 -5.986999988555907	1.0
chr17_82161788_G_A_b38	1	1.62478e-03	-2.530e-01	2.786e-02 -5.986704349517822	1.0
chr17_82135781_T_C_b38	1	1.62478e-03	-2.530e-01	2.786e-02 -5.989777565002441	1.0
chr17_82133084_G_A_b38	1	1.62478e-03	-2.530e-01	2.786e-02 -5.9853153228759775	1.0
chr17_82161308_A_C_b38	1	1.62478e-03	-2.530e-01	2.786e-02 -5.9905290603637695	1.0
chr17_82134630_C_T_b38	1	1.62478e-03	-2.530e-01	2.786e-02 -5.987113952636719	1.0
chr17_82128987_C_T_b38	1	1.62478e-03	2.530e-01	2.786e-02 5.976015090942383	1.0
chr17_82156269_C_T_b38	1	1.62478e-03	-2.530e-01	2.786e-02 -5.967833042144775	1.0
chr17_82135266_C_T_b38	1	1.62478e-03	-2.530e-01	2.786e-02 -5.960425912139535	1.0
chr17_82155102_G_A_b38	1	1.62478e-03	-2.530e-01	2.786e-02 -5.978554248809815	1.0
chr17_82125933_C_T_b38	1	1.62478e-03	2.530e-01	2.786e-02 5.960425418685008	1.0
chr17_82160824_A_C_b38	1	1.62478e-03	-2.530e-01	2.786e-02 -5.982400894165039	1.0
chr17_82142671_C_A_b38	1	1.62478e-03	-2.530e-01	2.786e-02 -5.983506202697754	1.0
chr17_82153848_A_G_b38	1	1.62478e-03	-2.530e-01	2.786e-02 -5.9772233963012695	1.0
chr17_82138447_T_C_b38	1	1.62478e-03	-2.530e-01	2.786e-02 -5.986999988555907	1.0
chr17_82146475_G_A_b38	1	1.62478e-03	-2.530e-01	2.786e-02 -5.99383020401001	1.0
chr17_82156653_A_G_b38	1	1.62478e-03	-2.530e-01	2.786e-02 -5.9809675216674805	1.0
chr17_82152874_C_T_b38	1	1.62478e-03	-2.530e-01	2.786e-02 -5.984257221221924	1.0
chr17_82156484_C_G_b38	1	1.62478e-03	-2.530e-01	2.786e-02 -5.97758674621582	1.0
chr17_82134773_A_G_b38	1	1.62478e-03	-2.530e-01	2.786e-02 -5.986999988555907	1.0
chr17_82158453_C_T_b38	1	1.62478e-03	-2.530e-01	2.786e-02 -5.9746947288513175	1.0
chr17_82129201_G_A_b38	1	1.62478e-03	2.530e-01	2.786e-02 5.977154731750487	1.0
chr17_82131623_A_G_b38	1	1.62478e-03	-2.530e-01	2.786e-02 -5.987728595733643	1.0
chr17_82146717_G_A_b38	1	1.62478e-03	-2.530e-01	2.786e-02 -5.992680549621582	1.0
chr17_82155446_T_G_b38	1	1.62478e-03	-2.530e-01	2.786e-02 -5.978577136993407	1.0
chr17_82155505_G_C_b38	1	1.62478e-03	-2.530e-01	2.786e-02 -5.978519916534424	1.0
chr17_82162440_A_G_b38	1	1.62478e-03	-2.530e-01	2.786e-02 -5.986271381378174	1.0
chr17_82160137_G_A_b38	1	1.62478e-03	-2.530e-01	2.786e-02 -5.987261772155763	1.0
chr17_82126720_C_T_b38	1	1.62478e-03	2.530e-01	2.786e-02 5.9889464378356925	1.0
chr17_82140457_C_G_b38	1	1.62478e-03	-2.530e-01	2.786e-02 -5.987728595733643	1.0
chr17_82160789_C_G_b38	1	1.62478e-03	-2.530e-01	2.786e-02 -5.986271381378174	1.0
chr17_82122171_T_G_b38	1	1.62478e-03	2.530e-01	2.786e-02 5.99677848815918	1.0
chr17_82145217_CG_C_b38	1	1.62478e-03	-2.530e-01	2.786e-02 -5.960425912139535	1.0
chr17_82161806_C_T_b38	1	1.62478e-03	-2.530e-01	2.786e-02 -5.988218307495117	1.0
chr17_82130232_T_C_b38	1	1.62478e-03	-2.530e-01	2.786e-02 -5.988377571105957	1.0
chr17_82152991_G_A_b38	1	1.62478e-03	-2.530e-01	2.786e-02 -5.984575748443604	1.0
chr17_82121203_C_T_b38	1	1.62478e-03	2.530e-01	2.786e-02 6.021947383880615	1.0
chr17_82129943_C_T_b38	1	1.62478e-03	-2.530e-01	2.786e-02 -5.988741874694824	1.0
chr17_82161706_C_T_b38	1	1.62478e-03	-2.530e-01	2.786e-02 -6.007488250732423	1.0
chr17_82146888_T_C_b38	1	1.62478e-03	-2.530e-01	2.786e-02 -5.9860572814941415	1.0
chr17_82153566_G_C_b38	1	1.62478e-03	-2.530e-01	2.786e-02 -5.9724998474121085	1.0
chr17_82136996_G_T_b38	1	1.62478e-03	-2.530e-01	2.786e-02 -5.960425912139535	1.0
chr17_82140383_A_G_b38	1	1.62478e-03	-2.530e-01	2.786e-02 -5.987728595733643	1.0
chr17_82157571_G_A_b38	1	1.62478e-03	-2.530e-01	2.786e-02 -5.978895664215088	1.0
chr17_82143711_A_T_b38	1	1.62478e-03	-2.530e-01	2.786e-02 -5.981411457061768	1.0
chr17_82159946_G_T_b38	1	1.62478e-03	-2.530e-01	2.786e-02 -5.9874324798583975	1.0
chr17_82151902_A_G_b38	1	1.62478e-03	-2.530e-01	2.786e-02 -5.991849422454834	1.0
chr17_82153150_T_C_b38	1	1.62478e-03	-2.530e-01	2.786e-02 -5.9825615882873535	1.0
chr17_82122092_C_G_b38	1	1.62478e-03	2.530e-01	2.786e-02 5.995412349700928	1.0
chr17_82126204_C_T_b38	1	1.62478e-03	2.530e-01	2.786e-02 5.9974613189697275	1.0
chr17_82155538_T_C_b38	1	1.62478e-03	-2.530e-01	2.786e-02 -5.977495670318604	1.0
chr17_82162548_T_C_b38	1	1.62478e-03	-2.530e-01	2.786e-02 -6.041597843170166	1.0
chr17_82138880_A_G_b38	1	1.62478e-03	-2.530e-01	2.786e-02 -5.987398624420166	1.0
chr17_82161262_T_C_b38	1	1.62478e-03	-2.530e-01	2.786e-02 -5.985634326934815	1.0
chr17_82122020_C_T_b38	1	1.62478e-03	2.530e-01	2.786e-02 5.997063159942628	1.0
chr17_82147372_C_A_b38	1	1.62478e-03	-2.530e-01	2.786e-02 -6.051653861999513	1.0
chr17_82157095_GC_G_b38	1	1.62478e-03	-2.530e-01	2.786e-02 -5.960425912139535	1.0
chr17_82131146_G_T_b38	1	1.62478e-03	-2.530e-01	2.786e-02 -5.987728595733643	1.0
chr17_82128941_C_T_b38	1	1.62478e-03	2.530e-01	2.786e-02 5.9801394969431945	1.0
chr17_82144229_T_C_b38	1	1.62478e-03	-2.530e-01	2.786e-02 -5.983460426330566	1.0
chr17_82157523_A_G_b38	1	1.62478e-03	-2.530e-01	2.786e-02 -5.979316711425781	1.0
chr17_82131065_G_A_b38	1	1.62478e-03	-2.530e-01	2.786e-02 -5.987728595733643	1.0
chr17_82161140_C_G_b38	1	1.62478e-03	-2.530e-01	2.786e-02 -5.986271381378174	1.0
chr17_82142469_A_T_b38	1	1.62478e-03	-2.530e-01	2.786e-02 -5.983734130859375	1.0
chr17_82141272_C_T_b38	1	1.62478e-03	-2.530e-01	2.786e-02 -5.987557888031006	1.0
chr17_82146755_A_G_b38	1	1.62478e-03	-2.530e-01	2.786e-02 -5.992919921875	1.0
chr17_82159614_G_A_b38	1	1.62478e-03	-2.530e-01	2.786e-02 -5.987603187561035	1.0
chr17_82130799_C_A_b38	1	1.62478e-03	-2.530e-01	2.786e-02 -5.987728595733643	1.0
chr17_82139479_T_C_b38	1	1.62478e-03	-2.530e-01	2.786e-02 -5.986999988555907	1.0
chr17_82134793_GCAAACAAA_G_b38	1	1.62478e-03	-2.530e-01	2.786e-02 -5.960425912139535	1.0
chr17_82129963_G_A_b38	1	1.62478e-03	-2.530e-01	2.786e-02 -5.988320827484131	1.0
chr17_82157371_T_G_b38	1	1.62478e-03	-2.530e-01	2.786e-02 -5.978895664215088	1.0
chr17_82137252_A_C_b38	1	1.62478e-03	-2.530e-01	2.786e-02 -5.986999988555907	1.0
chr17_82198806_C_T_b38	1	1.55448e-03	-2.501e-01	2.864e-02 -5.968263149261475	1.0
chr17_82131909_A_G_b38	1	1.47145e-03	-2.562e-01	2.826e-02 -5.981138229370117	1.0
chr17_82155254_T_C_b38	1	1.47145e-03	-2.562e-01	2.826e-02 -5.964064598083496	1.0
chr17_82138779_C_T_b38	1	1.47145e-03	-2.562e-01	2.826e-02 -5.9783263206481925	1.0
chr17_82121559_T_A_b38	1	1.47145e-03	2.562e-01	2.826e-02 5.9630608558654785	1.0
chr17_82126589_T_C_b38	1	1.47145e-03	2.562e-01	2.826e-02 5.990609169006348	1.0
chr17_82130474_C_T_b38	1	1.46519e-03	-2.535e-01	2.797e-02 -5.960425912139535	1.0
chr17_82131292_C_T_b38	1	1.46519e-03	-2.535e-01	2.797e-02 -5.987557888031006	1.0
chr17_82127757_A_G_b38	1	1.46519e-03	2.535e-01	2.797e-02 5.973475933074951	1.0
chr17_82145861_T_C_b38	1	1.46519e-03	-2.535e-01	2.797e-02 -5.978600025177003	1.0
chr17_82152520_C_A_b38	1	1.46519e-03	-2.535e-01	2.797e-02 -5.9818668365478525	1.0
chr17_82141763_C_A_b38	1	1.46519e-03	-2.535e-01	2.797e-02 -5.985645771026611	1.0
chr17_82125453_A_G_b38	1	1.46519e-03	2.535e-01	2.797e-02 5.9954352378845215	1.0
chr17_82143630_A_C_b38	1	1.46519e-03	-2.535e-01	2.797e-02 -5.960425912139535	1.0
chr17_82124184_A_G_b38	1	1.46519e-03	2.535e-01	2.797e-02 5.967602252960205	1.0
chr17_82133517_G_T_b38	1	1.46519e-03	-2.535e-01	2.797e-02 -5.986943244934082	1.0
chr17_82154347_C_T_b38	1	1.43936e-03	-2.527e-01	2.788e-02 -5.96150541305542	1.0
chr17_82127407_C_T_b38	1	1.31827e-03	2.547e-01	2.815e-02 5.66592883896825	1.0
chr17_82209621_T_TA_b38	2	1.26463e-02	3.582e-01	9.824e-02 -5.868154138365117	1.0
chr17_82211647_G_A_b38	2	1.05103e-02	4.004e-01	1.294e-01 -5.9633121490478525	1.0
chr17_82211608_C_T_b38	2	1.05103e-02	4.004e-01	1.294e-01 -5.951111316680907	1.0
chr17_82210221_A_C_b38	2	9.46461e-03	4.063e-01	1.162e-01 -5.970184803009032	1.0
chr17_82203243_T_C_b38	2	6.86236e-04	1.987e-01	2.884e-01 -5.956542491912843	1.0
chr17_82193428_C_T_b38	2	6.60158e-04	-1.519e-01	2.139e-01 -5.938534736633301	1.0
chr17_82189367_C_T_b38	2	6.60158e-04	-1.519e-01	2.139e-01 -5.943814277648926	1.0
chr17_82191656_G_A_b38	2	6.60158e-04	-1.519e-01	2.139e-01 -5.950276851654053	1.0
chr17_82196145_G_A_b38	2	6.60158e-04	-1.519e-01	2.139e-01 -5.923000812530518	1.0
chr17_82189309_A_T_b38	2	6.60158e-04	-1.519e-01	2.139e-01 -5.953569157370369	1.0
chr17_82193225_C_T_b38	2	6.60158e-04	-1.519e-01	2.139e-01 -5.945624351501465	1.0
chr17_82197536_C_T_b38	2	6.60158e-04	-1.519e-01	2.139e-01 -5.922111511230469	1.0
chr17_82190470_C_T_b38	2	6.60158e-04	-1.519e-01	2.139e-01 -5.949265003204347	1.0
chr17_82224796_G_A_b38	2	3.05664e-04	2.760e-01	9.690e-02 -5.950904846191406	1.0
chr17_82222470_C_T_b38	2	3.03586e-04	1.699e-01	1.654e-01 -5.98772668838501	1.0
chr17_82200357_A_T_b38	2	2.99185e-04	1.987e-01	2.884e-01 -5.964189529418945	1.0
chr17_82200780_T_G_b38	2	2.99185e-04	1.987e-01	2.884e-01 -5.957222938537598	1.0
chr17_82201090_T_G_b38	2	2.99185e-04	1.987e-01	2.884e-01 -5.964781284332275	1.0
chr17_82199577_T_C_b38	2	2.99185e-04	1.987e-01	2.884e-01 -5.9709205627441415	1.0
chr17_82224043_T_C_b38	2	1.67936e-04	1.869e-01	1.400e-01 -5.97002649307251	1.0
chr17_82223923_G_A_b38	2	1.63953e-04	1.699e-01	1.654e-01 -5.95009183883667	1.0
chr17_82226048_C_T_b38	2	1.63953e-04	1.699e-01	1.654e-01 -5.997766971588135	1.0
chr17_82205345_T_C_b38	2	1.62461e-04	4.178e-02	1.603e-01 -5.172754764556885	1.0
chr17_82221910_C_T_b38	2	1.26418e-04	-4.509e-02	1.456e-01 -5.254969120025635	1.0
chr17_82213505_C_T_b38	3	5.19738e-04	1.176e-01	5.784e-02 -0.9280011653900146	1.0
