chr9_33677187_G_C_b38	1	1.11986e-01	1.152e+00	1.896e-01 5.659457708960471	1.0
chr9_33676775_G_C_b38	1	7.49825e-02	1.139e+00	1.832e-01 5.40401029586792	1.0
chr9_33677170_T_TC_b38	1	7.49825e-02	1.139e+00	1.832e-01 5.665510656475317	1.0
chr9_33677182_A_G_b38	1	7.49825e-02	1.139e+00	1.832e-01 5.665510656475317	1.0
chr9_33677351_GT_G_b38	1	7.49825e-02	1.139e+00	1.832e-01 5.559627099234484	1.0
chr9_33677151_G_C_b38	1	7.49825e-02	1.139e+00	1.832e-01 5.665510656475317	1.0
chr9_33677004_C_G_b38	1	7.49825e-02	1.139e+00	1.832e-01 5.559627099234484	1.0
chr9_33676829_G_T_b38	1	7.49825e-02	1.139e+00	1.832e-01 5.40401029586792	1.0
chr9_33677341_A_C_b38	1	7.49825e-02	1.139e+00	1.832e-01 5.404797554016113	1.0
chr9_33677476_C_T_b38	1	7.49825e-02	1.139e+00	1.832e-01 5.397721767425537	1.0
chr9_33679602_ATG_A_b38	1	1.02543e-02	1.130e+00	1.714e-01 5.559627099234484	1.0
chr9_33679508_G_A_b38	1	1.02543e-02	1.130e+00	1.714e-01 5.393949508666992	1.0
chr9_33678307_G_A_b38	1	1.02543e-02	1.130e+00	1.714e-01 5.3928422927856445	1.0
chr9_33679356_G_A_b38	1	1.02543e-02	1.130e+00	1.714e-01 5.393461227416992	1.0
chr9_33676175_C_T_b38	1	9.02450e-03	1.130e+00	1.714e-01 5.391792297363281	1.0
chr9_33680994_T_C_b38	1	5.81781e-03	1.130e+00	1.714e-01 5.396135330200195	1.0
chr9_33682137_C_CGT_b38	1	5.81781e-03	1.130e+00	1.714e-01 5.559627099234484	1.0
chr9_33682141_A_C_b38	1	5.81781e-03	1.130e+00	1.714e-01 5.559627099234484	1.0
chr9_33681450_A_C_b38	1	5.81781e-03	1.130e+00	1.714e-01 5.559627099234484	1.0
chr9_33680603_G_T_b38	1	5.81781e-03	1.130e+00	1.714e-01 5.3950605392456055	1.0
chr9_33679778_G_A_b38	1	5.81781e-03	1.130e+00	1.714e-01 5.395086288452148	1.0
chr9_33681811_G_A_b38	1	5.81781e-03	1.130e+00	1.714e-01 5.396006107330322	1.0
chr9_33672538_C_A_b38	1	5.78874e-03	1.130e+00	1.714e-01 5.369553565979004	1.0
chr9_33673794_A_G_b38	1	5.78874e-03	1.130e+00	1.714e-01 5.371113300323486	1.0
chr9_33672344_T_A_b38	1	5.78874e-03	1.130e+00	1.714e-01 5.559627099234484	1.0
chr9_33674503_C_T_b38	1	5.78874e-03	1.130e+00	1.714e-01 5.372222423553467	1.0
chr9_33672393_T_C_b38	1	5.78874e-03	1.130e+00	1.714e-01 5.37071418762207	1.0
chr9_33673937_C_T_b38	1	5.78874e-03	1.130e+00	1.714e-01 5.371345520019531	1.0
chr9_33673798_C_A_b38	1	5.78874e-03	1.130e+00	1.714e-01 5.371345520019531	1.0
chr9_33685273_C_T_b38	1	3.27481e-03	1.138e+00	1.717e-01 5.397703647613525	1.0
chr9_33683800_C_G_b38	1	3.27481e-03	1.138e+00	1.717e-01 5.397975444793701	1.0
chr9_33687193_A_G_b38	1	3.27481e-03	1.138e+00	1.717e-01 5.404942035675049	1.0
chr9_33683742_T_C_b38	1	3.27481e-03	1.138e+00	1.717e-01 5.514179229736328	1.0
chr9_33683569_G_C_b38	1	3.27481e-03	1.138e+00	1.717e-01 5.394296646118164	1.0
chr9_33686112_A_G_b38	1	3.27481e-03	1.138e+00	1.717e-01 5.404999732971191	1.0
chr9_33685399_G_A_b38	1	3.27481e-03	1.138e+00	1.717e-01 5.4045891761779785	1.0
chr9_33685837_C_T_b38	1	3.27481e-03	1.138e+00	1.717e-01 5.404870510101318	1.0
chr9_33684949_T_C_b38	1	3.27481e-03	1.138e+00	1.717e-01 5.397858619689941	1.0
chr9_33667496_T_A_b38	1	2.81052e-03	1.142e+00	1.715e-01 5.559627099234484	1.0
chr9_33669134_G_A_b38	1	2.81052e-03	1.142e+00	1.715e-01 5.559627099234484	1.0
chr9_33669651_A_G_b38	1	2.81052e-03	1.142e+00	1.715e-01 5.559627099234484	1.0
chr9_33667282_G_A_b38	1	2.81052e-03	1.142e+00	1.715e-01 5.4720920529075245	1.0
chr9_33667566_C_T_b38	1	2.81052e-03	1.142e+00	1.715e-01 5.559627099234484	1.0
chr9_33669376_A_G_b38	1	2.81052e-03	1.142e+00	1.715e-01 5.392423023516289	1.0
chr9_33667639_G_A_b38	1	2.81052e-03	1.142e+00	1.715e-01 5.559627099234484	1.0
chr9_33669386_A_G_b38	1	2.81052e-03	1.142e+00	1.715e-01 5.559627099234484	1.0
chr9_33666450_G_A_b38	1	2.41375e-03	1.072e+00	1.594e-01 5.357969284057617	1.0
chr9_33667157_T_C_b38	1	1.41821e-03	1.142e+00	1.715e-01 5.559627099234484	1.0
chr9_33662952_T_C_b38	1	1.41821e-03	1.142e+00	1.715e-01 5.465286731719972	1.0
chr9_33662559_G_C_b38	1	1.41821e-03	1.142e+00	1.715e-01 5.381800651550293	1.0
chr9_33662595_G_A_b38	1	1.41821e-03	1.142e+00	1.715e-01 5.391884803771973	1.0
chr9_33662787_A_C_b38	1	1.41821e-03	1.142e+00	1.715e-01 5.384422779083252	1.0
chr9_33663770_T_G_b38	1	1.41821e-03	1.142e+00	1.715e-01 5.388913154602051	1.0
chr9_33664734_C_G_b38	1	1.41821e-03	1.142e+00	1.715e-01 5.336063385009767	1.0
chr9_33662916_C_G_b38	1	1.41821e-03	1.142e+00	1.715e-01 5.382455348968506	1.0
chr9_33662426_G_A_b38	1	1.41821e-03	1.142e+00	1.715e-01 5.386557102203369	1.0
chr9_33662085_G_T_b38	1	1.41821e-03	1.142e+00	1.715e-01 5.3664512634277335	1.0
chr9_33663503_C_T_b38	1	1.41821e-03	1.142e+00	1.715e-01 5.382661819458008	1.0
chr9_33666718_T_C_b38	1	1.41821e-03	1.142e+00	1.715e-01 5.3595805168151855	1.0
chr9_33691385_A_C_b38	1	1.35586e-03	1.142e+00	1.715e-01 5.397533893585205	1.0
chr9_33687890_C_T_b38	1	1.35586e-03	1.142e+00	1.715e-01 5.404303550720215	1.0
chr9_33687631_C_T_b38	1	1.35586e-03	1.142e+00	1.715e-01 5.415943145751953	1.0
chr9_33688471_T_A_b38	1	1.35586e-03	1.142e+00	1.715e-01 5.404181003570557	1.0
chr9_33687513_C_G_b38	1	1.35586e-03	1.142e+00	1.715e-01 5.404632568359375	1.0
chr9_33677602_T_C_b38	2	1.96701e-01	-2.466e-01	7.911e-02 -2.4321630001068115	1.0
chr9_33677112_A_AC_b38	2	1.96655e-01	-2.466e-01	7.911e-02 -2.3159733738894692	1.0
chr9_33678487_T_G_b38	2	4.44853e-02	-2.642e-01	8.230e-02 -2.4763803482055664	1.0
chr9_33678401_T_C_b38	2	3.52505e-02	-2.600e-01	8.224e-02 -2.468391895294189	1.0
chr9_33679275_T_C_b38	2	2.87929e-02	-2.464e-01	7.908e-02 -2.437304735183716	1.0
chr9_33669771_A_C_b38	2	2.82026e-02	-2.806e-01	8.154e-02 -2.4495072166460954	1.0
chr9_33662183_TCTGTAGCCCCAA_T_b38	2	2.61559e-02	-2.897e-01	7.979e-02 -1.8982782297637912	1.0
chr9_33669755_A_C_b38	2	1.18497e-02	-2.576e-01	7.994e-02 -2.3086524455211865	1.0
chr9_33678415_A_C_b38	2	9.54085e-03	-2.466e-01	7.907e-02 0.42748960852622986	1.0
chr9_33685856_T_C_b38	2	8.96674e-03	-2.463e-01	7.908e-02 -2.443924903869629	1.0
chr9_33683351_T_A_b38	2	8.96674e-03	-2.463e-01	7.908e-02 -2.445279121398926	1.0
chr9_33683715_T_C_b38	2	8.96674e-03	-2.463e-01	7.908e-02 -2.445288896560669	1.0
chr9_33676096_C_G_b38	2	8.39660e-03	-2.466e-01	7.907e-02 0.41480591893196106	1.0
chr9_33675631_A_C_b38	2	8.39660e-03	-2.466e-01	7.907e-02 0.4153278768062592	1.0
chr9_33668657_T_G_b38	2	8.22318e-03	-2.463e-01	7.908e-02 -2.433689832687378	1.0
chr9_33673110_G_A_b38	2	7.25292e-03	-2.535e-01	7.851e-02 0.10748576035308524	1.0
chr9_33667343_T_C_b38	2	6.21984e-03	-2.373e-01	7.187e-02 -0.034831926636721224	1.0
chr9_33690594_C_A_b38	2	5.71657e-03	-2.576e-01	7.994e-02 -2.44614577293396	1.0
chr9_33672809_A_C_b38	2	5.38597e-03	-2.466e-01	7.907e-02 0.4085099697113037	1.0
chr9_33696955_C_T_b38	2	4.79918e-03	-2.600e-01	8.224e-02 -2.4652042388916016	1.0
chr9_33663112_C_A_b38	2	4.14946e-03	-2.463e-01	7.908e-02 -2.4955649375915527	1.0
chr9_33662391_A_G_b38	2	4.14946e-03	-2.463e-01	7.908e-02 -2.491919994354248	1.0
chr9_33663110_C_T_b38	2	4.14946e-03	-2.463e-01	7.908e-02 -2.4915430545806885	1.0
chr9_33688273_G_A_b38	2	3.96706e-03	-2.463e-01	7.908e-02 -2.4619929790496826	1.0
chr9_33692591_G_A_b38	2	3.96706e-03	-2.463e-01	7.908e-02 -2.467491865158081	1.0
chr9_33698106_C_G_b38	2	3.96706e-03	-2.463e-01	7.908e-02 -2.463498830795288	1.0
chr9_33670492_C_G_b38	2	3.30251e-03	-2.466e-01	7.907e-02 0.40183961391448975	1.0
chr9_33708509_A_G_b38	2	2.48820e-03	-2.563e-01	7.848e-02 -2.447164297103882	1.0
chr9_33724896_A_T_b38	2	2.28004e-03	-2.576e-01	7.994e-02 -2.440537929534912	1.0
chr9_33725600_C_T_b38	2	2.28004e-03	-2.576e-01	7.994e-02 -2.4359354972839355	1.0
chr9_33663513_C_T_b38	2	2.44886e-04	-2.472e-01	7.889e-02 0.3705185353755951	1.0
chr9_33666011_C_T_b38	2	2.44886e-04	-2.472e-01	7.889e-02 0.3369849920272827	1.0
chr9_33703777_T_C_b38	2	2.17385e-04	-2.452e-01	7.896e-02 -2.4951171875	1.0
chr9_33715823_T_G_b38	2	2.17385e-04	-2.452e-01	7.896e-02 -2.5171329975128174	1.0
chr9_33706395_A_G_b38	2	2.17385e-04	-2.452e-01	7.896e-02 -2.4904043674468994	1.0
chr9_33726232_G_A_b38	2	2.17385e-04	-2.452e-01	7.896e-02 -2.4595661163330083	1.0
chr9_33715240_T_C_b38	2	2.17385e-04	-2.452e-01	7.896e-02 -2.5205116271972656	1.0
chr9_33719279_C_G_b38	2	2.17385e-04	-2.452e-01	7.896e-02 -2.4825265407562256	1.0
chr9_33713111_TA_T_b38	2	2.17385e-04	-2.452e-01	7.896e-02 -2.3189118138797693	1.0
chr9_33723378_A_G_b38	2	2.17385e-04	-2.452e-01	7.896e-02 -2.461165189743042	1.0
chr9_33722660_T_C_b38	2	2.17385e-04	-2.452e-01	7.896e-02 -2.4693284034729004	1.0
chr9_33677385_GGCC_G_b38	3	5.93761e-03	-3.936e-01	3.497e-01 5.615444988609232	1.0
chr9_33677084_G_A_b38	3	5.25480e-03	-2.186e-01	3.346e-01 5.545782602802461	1.0
chr9_33684438_C_T_b38	3	1.87891e-03	4.464e-01	3.101e-01 5.207794189453125	1.0
chr9_33721195_C_T_b38	3	2.37480e-04	1.203e+00	1.623e-01 5.393362045288086	1.0
chr9_33719797_T_C_b38	3	2.37480e-04	1.203e+00	1.623e-01 5.394933700561523	1.0
chr9_33710242_C_T_b38	3	2.37480e-04	1.203e+00	1.623e-01 5.394031524658203	1.0
chr9_33717760_A_T_b38	3	2.37480e-04	1.203e+00	1.623e-01 5.389977931976318	1.0
chr9_33716806_A_C_b38	3	2.37480e-04	1.203e+00	1.623e-01 5.397071361541748	1.0
chr9_33681448_A_C_b38	3	1.43777e-04	-6.536e-01	1.304e+00 5.473345720482934	1.0
chr9_33675132_C_T_b38	3	4.58820e-05	-2.774e-01	3.354e-01 5.487790584564209	1.0
