chr1_36323945_A_G_b38	1	9.21252e-01	3.068e-01	2.957e-02 -7.086024761199951	1.0
chr1_36322287_G_A_b38	1	7.77392e-02	3.060e-01	2.972e-02 -7.052316665649414	1.0
chr1_36333290_C_T_b38	2	5.11084e-01	-1.666e-01	3.575e-02 0.17837263643741608	1.0
chr1_36325025_A_G_b38	2	8.19358e-02	1.343e-01	3.362e-02 0.2998318672180176	1.0
chr1_36327188_A_AT_b38	2	5.96798e-02	1.369e-01	3.392e-02 0.24973626491069398	1.0
chr1_36321693_G_A_b38	2	5.62124e-02	1.322e-01	3.379e-02 0.2802591323852539	1.0
chr1_36328591_C_T_b38	2	3.37547e-02	1.322e-01	3.379e-02 0.3081533908843994	1.0
chr1_36326477_C_T_b38	2	3.37547e-02	1.322e-01	3.379e-02 0.3026481866836548	1.0
chr1_36315459_C_T_b38	2	3.09344e-02	1.356e-01	3.348e-02 -0.03575428575277328	1.0
chr1_36300537_C_T_b38	2	1.61476e-02	1.359e-01	3.381e-02 0.2561391294002533	1.0
chr1_36301374_G_C_b38	2	1.61476e-02	1.359e-01	3.381e-02 0.2519431710243225	1.0
chr1_36311120_G_A_b38	2	1.30512e-02	1.344e-01	3.391e-02 0.3363344967365265	1.0
chr1_36310144_C_T_b38	2	1.30512e-02	1.344e-01	3.391e-02 0.3401235342025757	1.0
chr1_36301799_C_T_b38	2	1.20235e-02	1.320e-01	3.348e-02 0.3317871391773224	1.0
chr1_36364980_T_C_b38	2	1.16503e-02	-1.415e-01	3.361e-02 0.002853017766028643	1.0
chr1_36367655_T_A_b38	2	8.62835e-03	-1.394e-01	3.371e-02 0.017989644780755043	1.0
chr1_36367479_A_G_b38	2	8.62835e-03	-1.394e-01	3.371e-02 0.03243919461965561	1.0
chr1_36370750_G_C_b38	2	7.95095e-03	-1.361e-01	3.305e-02 0.20434162020683289	1.0
chr1_36364099_T_C_b38	2	7.95095e-03	-1.361e-01	3.305e-02 0.1523064374923706	1.0
chr1_36325757_G_T_b38	2	7.61296e-03	-1.290e-01	3.887e-02 -0.2953568696975708	1.0
chr1_36335460_C_G_b38	2	7.22954e-03	-1.341e-01	3.527e-02 -0.3447416424751282	1.0
chr1_36283547_A_G_b38	2	6.72197e-03	1.367e-01	3.383e-02 0.305166095495224	1.0
chr1_36286832_C_T_b38	2	6.20174e-03	1.359e-01	3.381e-02 0.28169041872024536	1.0
chr1_36370203_A_C_b38	2	5.98544e-03	-1.342e-01	3.316e-02 0.20287017524242398	1.0
chr1_36275231_A_T_b38	2	5.37780e-03	1.349e-01	3.390e-02 0.30369383096694946	1.0
chr1_36323755_G_C_b38	3	1.40603e-02	5.320e-02	5.014e-02 -3.001410007476806	1.0
