chr5_181207677_A_G_b38	1	3.80496e-01	9.096e-01	5.282e-02 -5.273450374603272	1.0
chr5_181207407_TG_T_b38	1	3.80496e-01	9.096e-01	5.282e-02 -5.2613987457471465	1.0
chr5_181207754_C_T_b38	1	2.38919e-01	9.051e-01	5.419e-02 -5.2817959785461435	1.0
chr5_181205744_TC_T_b38	2	9.37045e-03	-8.133e-02	1.304e-01 -5.295692272083382	1.0
chr5_181204497_C_G_b38	2	8.53924e-03	1.887e-01	1.100e-01 -5.426856994628906	1.0
chr5_181212588_C_G_b38	2	6.28115e-03	2.082e-01	1.032e-01 -5.2987470626831055	1.0
chr5_181206194_G_A_b38	2	4.71043e-03	1.609e-03	6.385e-02 -5.146789073944092	1.0
chr5_181206954_A_G_b38	2	4.37940e-03	7.463e-02	9.353e-02 -4.621082782745361	1.0
chr5_181201432_A_G_b38	2	2.82494e-03	1.139e-01	6.576e-02 -5.426599025726318	1.0
chr5_181204817_T_C_b38	2	2.05137e-03	8.025e-02	6.501e-02 -5.29364538192749	1.0
chr5_181207878_ATATAT_A_b38	2	1.71612e-03	6.644e-02	9.272e-02 -4.63605163395667	1.0
chr5_181207160_A_G_b38	2	1.37377e-03	5.109e-02	7.747e-02 -5.273627758026123	1.0
chr5_181211092_G_C_b38	2	1.32337e-03	7.457e-02	9.336e-02 -4.583641052246094	1.0
chr5_181208951_A_C_b38	2	1.32337e-03	7.457e-02	9.336e-02 -4.601346015930176	1.0
chr5_181210221_T_G_b38	2	1.29052e-03	7.541e-02	6.536e-02 -5.429841041564941	1.0
chr5_181207747_C_T_b38	2	1.27311e-03	4.406e-02	7.697e-02 -5.256413459777832	1.0
chr5_181204828_G_C_b38	2	1.16586e-03	1.290e-02	8.766e-02 -4.373912334442139	1.0
chr5_181214992_A_G_b38	2	1.12826e-03	9.789e-02	7.264e-02 -4.44757080078125	1.0
chr5_181199505_A_G_b38	2	6.34710e-04	6.380e-02	6.512e-02 -5.351156234741211	1.0
chr5_181199927_A_G_b38	2	6.34710e-04	6.380e-02	6.512e-02 -5.438007354736328	1.0
chr5_181198254_G_A_b38	2	5.83885e-04	4.013e-02	9.145e-02 -4.617721080780028	1.0
chr5_181202812_C_A_b38	2	5.73948e-04	1.897e-02	6.624e-02 -5.392688274383545	1.0
chr5_181202606_T_G_b38	2	5.35055e-04	8.177e-03	6.574e-02 -5.367504518007678	1.0
chr5_181199550_G_T_b38	2	5.20251e-04	2.311e-02	8.988e-02 -4.1342525482177725	1.0
chr5_181199686_T_C_b38	2	5.09002e-04	3.973e-02	7.574e-02 -5.252998352050781	1.0
chr5_181188933_T_C_b38	2	3.40498e-04	6.814e-02	6.260e-02 -5.100630760192871	1.0
chr5_181192673_G_C_b38	2	2.95001e-04	5.324e-02	7.560e-02 -5.143733024597168	1.0
chr5_181193631_T_C_b38	2	2.79556e-04	4.879e-02	7.516e-02 -5.122039794921875	1.0
chr5_181186456_T_C_b38	2	2.43702e-04	-3.204e-02	8.021e-02 4.139019012451172	1.0
chr5_181186440_T_C_b38	2	2.42241e-04	-3.207e-02	7.976e-02 4.138425827026366	1.0
chr5_181184875_C_T_b38	2	2.19487e-04	-1.738e-02	7.837e-02 4.167848587036134	1.0
chr5_181205629_G_C_b38	3	2.96249e-04	-8.806e-03	7.248e-02 -4.501522064208984	1.0
