chr16_28821776_A_G_b38	1	2.53212e-02	2.746e-01	5.427e-02 4.664557933807373	1.0
chr16_28821061_C_T_b38	1	2.53212e-02	2.746e-01	5.427e-02 4.644862651824951	1.0
chr16_28824359_T_TG_b38	1	2.06730e-02	2.773e-01	5.511e-02 4.727654197928438	1.0
chr16_28814986_A_G_b38	1	1.91862e-02	2.779e-01	5.544e-02 4.596590995788574	1.0
chr16_28816177_T_C_b38	1	1.41454e-02	2.657e-01	5.391e-02 4.676398754119873	1.0
chr16_28814632_A_G_b38	1	1.41454e-02	2.657e-01	5.391e-02 4.784398078918457	1.0
chr16_28814099_C_T_b38	1	1.41454e-02	2.657e-01	5.391e-02 4.692818641662598	1.0
chr16_28814284_G_A_b38	1	1.41454e-02	2.657e-01	5.391e-02 4.6896700859069815	1.0
chr16_28814456_C_T_b38	1	1.41454e-02	2.657e-01	5.391e-02 4.686375617980957	1.0
chr16_28811719_AT_A_b38	1	1.41454e-02	2.657e-01	5.391e-02 4.829955517777101	1.0
chr16_28813779_T_C_b38	1	1.41454e-02	2.657e-01	5.391e-02 4.710051536560059	1.0
chr16_28814545_T_G_b38	1	1.41454e-02	2.657e-01	5.391e-02 4.6845221519470215	1.0
chr16_28811776_A_G_b38	1	1.38684e-02	2.742e-01	5.555e-02 4.58457088470459	1.0
chr16_28813364_T_C_b38	1	1.38684e-02	2.742e-01	5.555e-02 4.628300189971924	1.0
chr16_28820038_T_C_b38	1	1.37830e-02	2.674e-01	5.428e-02 4.656623363494873	1.0
chr16_28821978_C_A_b38	1	1.37830e-02	2.674e-01	5.428e-02 4.6660237312316895	1.0
chr16_28824884_T_C_b38	1	1.15202e-02	2.639e-01	5.401e-02 4.695525169372559	1.0
chr16_28883809_A_G_b38	1	1.05764e-02	2.636e-01	5.416e-02 4.746848583221436	1.0
chr16_28825882_T_G_b38	1	8.57865e-03	2.664e-01	5.522e-02 4.627640247344972	1.0
chr16_28817513_A_C_b38	1	7.87986e-03	2.586e-01	5.395e-02 4.6659746170043945	1.0
chr16_28860668_A_G_b38	1	7.75286e-03	2.593e-01	5.412e-02 4.756631851196289	1.0
chr16_28864161_A_G_b38	1	7.75286e-03	2.593e-01	5.412e-02 4.754942893981934	1.0
chr16_28850560_C_T_b38	1	7.75286e-03	2.593e-01	5.412e-02 4.759631633758545	1.0
chr16_28859275_A_G_b38	1	7.75286e-03	2.593e-01	5.412e-02 4.756631851196289	1.0
chr16_28850413_A_C_b38	1	7.75286e-03	2.593e-01	5.412e-02 4.753746509552002	1.0
chr16_28882088_T_C_b38	1	7.75286e-03	2.593e-01	5.412e-02 4.751405368738884	1.0
chr16_28832963_A_G_b38	1	7.75286e-03	2.593e-01	5.412e-02 4.762404918670653	1.0
chr16_28844406_A_G_b38	1	7.75286e-03	2.593e-01	5.412e-02 4.764166355133057	1.0
chr16_28833044_G_A_b38	1	7.75286e-03	2.593e-01	5.412e-02 4.762444972991943	1.0
chr16_28868163_A_G_b38	1	7.75286e-03	2.593e-01	5.412e-02 4.776955604553223	1.0
chr16_28848481_A_G_b38	1	7.75286e-03	2.593e-01	5.412e-02 4.759815216064453	1.0
chr16_28831797_A_G_b38	1	7.75286e-03	2.593e-01	5.412e-02 4.762145042419434	1.0
chr16_28869881_A_C_b38	1	7.75286e-03	2.593e-01	5.412e-02 4.751357078552246	1.0
chr16_28854571_C_T_b38	1	7.75286e-03	2.593e-01	5.412e-02 4.750993251800537	1.0
chr16_28882211_A_G_b38	1	7.75286e-03	2.593e-01	5.412e-02 4.7756009101867685	1.0
chr16_28863883_A_T_b38	1	7.75286e-03	2.593e-01	5.412e-02 4.754942893981934	1.0
chr16_28844201_G_C_b38	1	7.75286e-03	2.593e-01	5.412e-02 4.764490604400635	1.0
chr16_28863801_T_G_b38	1	7.75286e-03	2.593e-01	5.412e-02 4.754942893981934	1.0
chr16_28880144_C_T_b38	1	7.75286e-03	2.593e-01	5.412e-02 4.761641025543213	1.0
chr16_28878165_C_A_b38	1	7.75286e-03	2.593e-01	5.412e-02 4.7571702003479	1.0
chr16_28878386_CA_C_b38	1	7.75286e-03	2.593e-01	5.412e-02 4.751405368738884	1.0
chr16_28878810_C_A_b38	1	7.75286e-03	2.593e-01	5.412e-02 4.75865650177002	1.0
chr16_28855740_T_C_b38	1	7.75286e-03	2.593e-01	5.412e-02 4.847377533441136	1.0
chr16_28853352_T_C_b38	1	7.75286e-03	2.593e-01	5.412e-02 4.751155376434326	1.0
chr16_28856483_C_T_b38	1	7.75286e-03	2.593e-01	5.412e-02 4.730142593383789	1.0
chr16_28860539_A_G_b38	1	7.75286e-03	2.593e-01	5.412e-02 4.756631851196289	1.0
chr16_28840056_C_CCT_b38	1	7.75286e-03	2.593e-01	5.412e-02 4.751405368738884	1.0
chr16_28863226_C_G_b38	1	7.75286e-03	2.593e-01	5.412e-02 4.752842426300049	1.0
chr16_28831704_C_T_b38	1	7.75286e-03	2.593e-01	5.412e-02 4.762086868286133	1.0
chr16_28871920_A_G_b38	1	7.75286e-03	2.593e-01	5.412e-02 4.778187274932861	1.0
chr16_28860532_C_T_b38	1	7.75286e-03	2.593e-01	5.412e-02 4.757922172546387	1.0
chr16_28833706_TGATCAGGG_T_b38	1	7.75286e-03	2.593e-01	5.412e-02 4.807157182399466	1.0
chr16_28861277_T_C_b38	1	7.75286e-03	2.593e-01	5.412e-02 4.756631851196289	1.0
chr16_28853721_T_C_b38	1	7.75286e-03	2.593e-01	5.412e-02 4.76512336730957	1.0
chr16_28851566_TCTC_T_b38	1	7.75286e-03	2.593e-01	5.412e-02 4.6128629212206285	1.0
chr16_28843448_A_G_b38	1	7.75286e-03	2.593e-01	5.412e-02 4.764166355133057	1.0
chr16_28871103_T_C_b38	1	7.75286e-03	2.593e-01	5.412e-02 4.748736381530762	1.0
chr16_28874610_T_C_b38	1	7.75286e-03	2.593e-01	5.412e-02 4.751148223876953	1.0
chr16_28857374_G_A_b38	1	7.54204e-03	2.588e-01	5.406e-02 4.812353610992432	1.0
chr16_28857641_C_G_b38	1	6.91353e-03	2.563e-01	5.379e-02 4.7802734375	1.0
chr16_28848916_C_G_b38	1	6.39286e-03	2.578e-01	5.431e-02 4.769036769866943	1.0
chr16_28848862_G_A_b38	1	6.39286e-03	2.578e-01	5.431e-02 4.761242389678955	1.0
chr16_28829060_A_G_b38	1	6.32375e-03	2.627e-01	5.525e-02 4.618673801422119	1.0
chr16_28854595_G_A_b38	1	5.79507e-03	2.617e-01	5.529e-02 4.675166606903076	1.0
chr16_28860336_C_A_b38	1	5.79507e-03	2.617e-01	5.529e-02 4.676825523376465	1.0
chr16_28859641_G_A_b38	1	5.79507e-03	2.617e-01	5.529e-02 4.663372039794922	1.0
chr16_28861033_G_C_b38	1	5.79507e-03	2.617e-01	5.529e-02 4.676772594451903	1.0
chr16_28826585_A_G_b38	1	5.75687e-03	2.527e-01	5.353e-02 4.654665946960449	1.0
chr16_28862077_G_A_b38	1	5.47754e-03	2.547e-01	5.410e-02 4.773350238800049	1.0
chr16_28828104_T_C_b38	1	4.41984e-03	2.522e-01	5.407e-02 4.759911060333252	1.0
chr16_28833930_G_A_b38	1	4.41984e-03	2.522e-01	5.407e-02 4.7540717124938965	1.0
chr16_28828609_G_T_b38	1	4.41984e-03	2.522e-01	5.407e-02 4.761205673217773	1.0
chr16_28842675_A_C_b38	1	4.41984e-03	2.522e-01	5.407e-02 4.769271373748778	1.0
chr16_28835828_G_C_b38	1	4.41984e-03	2.522e-01	5.407e-02 4.763314247131348	1.0
chr16_28837497_A_G_b38	1	4.41984e-03	2.522e-01	5.407e-02 4.73388147354126	1.0
chr16_28835545_G_A_b38	1	4.41984e-03	2.522e-01	5.407e-02 4.760306358337402	1.0
chr16_28835519_T_G_b38	1	4.41984e-03	2.522e-01	5.407e-02 4.7583112716674805	1.0
chr16_28874338_C_T_b38	1	4.32203e-03	2.582e-01	5.541e-02 4.675802707672119	1.0
chr16_28878376_C_CT_b38	1	4.32203e-03	2.582e-01	5.541e-02 4.724427770285539	1.0
chr16_28872520_C_T_b38	1	4.32203e-03	2.582e-01	5.541e-02 4.665939331054688	1.0
chr16_28882403_ACT_A_b38	1	4.32203e-03	2.582e-01	5.541e-02 4.724427770285539	1.0
chr16_28837347_T_C_b38	1	4.32203e-03	2.582e-01	5.541e-02 4.678417682647705	1.0
chr16_28882250_T_C_b38	1	4.32203e-03	2.582e-01	5.541e-02 4.69024658203125	1.0
chr16_28839050_T_G_b38	1	4.00800e-03	2.585e-01	5.570e-02 4.606668472290039	1.0
chr16_28515576_T_C_b38	1	3.67421e-03	2.508e-01	5.463e-02 4.885313510894775	1.0
chr16_28518395_C_T_b38	1	3.67421e-03	2.508e-01	5.463e-02 4.872813701629639	1.0
chr16_28520032_C_T_b38	1	3.67421e-03	2.508e-01	5.463e-02 4.871973037719727	1.0
chr16_28806716_C_T_b38	1	3.49994e-03	2.488e-01	5.404e-02 4.616292707433787	1.0
chr16_28520867_T_G_b38	1	3.34714e-03	2.467e-01	5.389e-02 4.801047325134277	1.0
chr16_28828414_C_G_b38	1	3.33029e-03	2.546e-01	5.542e-02 4.672612190246582	1.0
chr16_28830456_C_T_b38	1	3.33029e-03	2.546e-01	5.542e-02 4.691431999206543	1.0
chr16_28831263_G_GGTTGT_b38	1	3.33029e-03	2.546e-01	5.542e-02 4.797456463333959	1.0
chr16_28503533_G_T_b38	1	3.20019e-03	2.671e-01	5.775e-02 3.485067129135132	1.0
chr16_28501050_A_C_b38	1	3.20019e-03	2.671e-01	5.775e-02 3.4836647510528564	1.0
chr16_28477048_A_T_b38	1	3.12644e-03	2.673e-01	5.787e-02 4.753698825836182	1.0
chr16_28473820_T_C_b38	1	3.12644e-03	2.673e-01	5.787e-02 4.752755165100098	1.0
chr16_28502209_C_T_b38	1	2.75438e-03	2.598e-01	5.668e-02 3.6334755420684814	1.0
chr16_28607387_C_T_b38	1	2.71076e-03	-2.253e-01	5.515e-02 -3.511979818344116	1.0
chr16_28527319_A_G_b38	1	2.70594e-03	2.571e-01	5.616e-02 3.616508007049561	1.0
chr16_28524513_G_A_b38	1	2.70594e-03	2.571e-01	5.616e-02 3.6864125728607178	1.0
chr16_28528527_C_T_b38	1	2.69293e-03	2.477e-01	5.491e-02 4.839844703674316	1.0
chr16_28525152_C_T_b38	1	2.69293e-03	2.477e-01	5.491e-02 4.812126159667969	1.0
chr16_28521750_C_T_b38	1	2.69293e-03	2.477e-01	5.491e-02 4.756612300872803	1.0
chr16_28525441_T_C_b38	1	2.69293e-03	2.477e-01	5.491e-02 4.936334580825352	1.0
chr16_28527972_A_G_b38	1	2.69293e-03	2.477e-01	5.491e-02 4.936334580825352	1.0
chr16_28522717_C_T_b38	1	2.69293e-03	2.477e-01	5.491e-02 4.808008193969727	1.0
chr16_28729915_C_A_b38	1	2.64944e-03	2.334e-01	6.288e-02 4.431295727474604	1.0
chr16_28530073_T_C_b38	1	2.63149e-03	2.482e-01	5.508e-02 4.862670973895624	1.0
chr16_28828071_G_A_b38	1	2.49594e-03	2.510e-01	5.553e-02 4.666350364685059	1.0
chr16_28523682_A_G_b38	1	2.18946e-03	2.466e-01	5.509e-02 4.825597286224365	1.0
chr16_28534128_A_G_b38	1	2.18946e-03	2.466e-01	5.509e-02 4.825161933898926	1.0
chr16_28526650_T_C_b38	1	2.18946e-03	2.466e-01	5.509e-02 4.840632915496826	1.0
chr16_28523984_A_G_b38	1	2.18946e-03	2.466e-01	5.509e-02 4.811110496520996	1.0
chr16_28475735_A_G_b38	1	2.13874e-03	2.602e-01	5.756e-02 4.816932678222656	1.0
chr16_28485738_T_A_b38	1	2.13874e-03	2.602e-01	5.756e-02 4.8060150146484375	1.0
chr16_28481189_C_A_b38	1	2.13874e-03	2.602e-01	5.756e-02 4.782991409301758	1.0
chr16_28517460_G_A_b38	1	1.93230e-03	2.495e-01	5.554e-02 3.4569478034973145	1.0
chr16_28642202_C_T_b38	1	1.88658e-03	1.918e-01	5.348e-02 4.800832621636713	1.0
chr16_28532060_G_A_b38	1	1.87948e-03	2.433e-01	5.498e-02 4.7864646911621085	1.0
chr16_28519966_A_G_b38	1	1.82974e-03	2.629e-01	5.866e-02 3.66532314838735	1.0
chr16_28518628_T_C_b38	1	1.65732e-03	2.408e-01	5.412e-02 4.8154168128967285	1.0
chr16_28496748_C_T_b38	1	1.64229e-03	2.479e-01	5.571e-02 4.685587406158447	1.0
chr16_28592014_T_C_b38	1	1.61974e-03	2.278e-01	5.782e-02 3.5419428348541264	1.0
chr16_28806466_A_G_b38	1	1.59336e-03	2.437e-01	5.535e-02 4.597358014775767	1.0
chr16_28881816_G_A_b38	1	1.53984e-03	2.587e-01	5.881e-02 4.394403835731542	1.0
chr16_28594839_G_T_b38	1	1.41795e-03	2.205e-01	5.655e-02 3.59611177444458	1.0
chr16_28588880_G_GT_b38	1	1.41795e-03	2.205e-01	5.655e-02 3.5686913939072613	1.0
chr16_28595749_A_G_b38	1	1.41795e-03	2.205e-01	5.655e-02 3.588983058929444	1.0
chr16_28596909_G_A_b38	1	1.41795e-03	2.205e-01	5.655e-02 3.5980358123779297	1.0
chr16_28594594_T_A_b38	1	1.41795e-03	2.205e-01	5.655e-02 3.5938937664031982	1.0
chr16_28511823_T_C_b38	1	1.41032e-03	2.482e-01	5.627e-02 3.456379175186157	1.0
chr16_28515900_C_T_b38	1	1.41032e-03	2.482e-01	5.627e-02 3.47189736366272	1.0
chr16_28516005_G_A_b38	1	1.41032e-03	2.482e-01	5.627e-02 3.4734799861907963	1.0
chr16_28591847_T_A_b38	1	1.33116e-03	2.187e-01	5.638e-02 3.5385346412658687	1.0
chr16_28597425_A_C_b38	1	1.33116e-03	2.187e-01	5.638e-02 3.561844110488892	1.0
chr16_28597020_T_C_b38	1	1.33116e-03	2.187e-01	5.638e-02 3.5521671772003174	1.0
chr16_28588770_C_T_b38	1	1.33116e-03	2.187e-01	5.638e-02 3.543110609054565	1.0
chr16_28592334_T_G_b38	1	1.33116e-03	2.187e-01	5.638e-02 3.5405271053314213	1.0
chr16_28598008_A_T_b38	1	1.33116e-03	2.187e-01	5.638e-02 3.6048967838287367	1.0
chr16_28484431_C_T_b38	1	1.27578e-03	2.559e-01	5.834e-02 4.888222217559815	1.0
chr16_28479196_T_C_b38	1	1.24284e-03	2.516e-01	5.746e-02 4.86552095413208	1.0
chr16_28462144_G_A_b38	1	1.15371e-03	2.608e-01	5.982e-02 4.8032074584885045	1.0
chr16_28597617_C_G_b38	1	1.07565e-03	2.165e-01	5.672e-02 3.577432870864868	1.0
chr16_28496727_A_G_b38	1	8.99021e-04	2.388e-01	5.567e-02 4.741611957550049	1.0
chr16_28899803_TA_T_b38	1	8.08034e-04	-2.406e-01	5.697e-02 -4.272031513590057	1.0
chr16_28592021_A_G_b38	1	8.07468e-04	2.160e-01	5.791e-02 3.5193023681640625	1.0
chr16_28620700_T_G_b38	1	7.89561e-04	-2.028e-01	5.452e-02 -4.8866705894470215	1.0
chr16_28501808_T_C_b38	1	7.16778e-04	2.460e-01	5.814e-02 3.280747175216675	1.0
chr16_28369704_A_C_b38	1	6.62843e-04	2.848e-01	6.115e-02 4.375620638997943	1.0
chr16_28495551_A_G_b38	1	6.59773e-04	2.350e-01	5.588e-02 4.779653549194336	1.0
chr16_28496323_C_G_b38	1	6.59773e-04	2.350e-01	5.588e-02 4.756821632385254	1.0
chr16_28754838_A_G_b38	1	6.22548e-04	1.814e-01	5.028e-02 4.194602906774268	1.0
chr16_28629858_T_C_b38	1	5.73516e-04	1.930e-01	5.330e-02 4.751072483721076	1.0
chr16_28638330_C_A_b38	1	5.68406e-04	1.918e-01	5.302e-02 4.73675537109375	1.0
chr16_28627726_A_C_b38	1	5.13879e-04	1.918e-01	5.348e-02 4.832883172981738	1.0
chr16_28902466_T_C_b38	1	5.11974e-04	-2.328e-01	5.684e-02 -4.556250095367432	1.0
chr16_28884694_C_T_b38	1	5.11974e-04	2.328e-01	5.684e-02 4.513372421264648	1.0
chr16_28906323_T_C_b38	1	5.11974e-04	-2.328e-01	5.684e-02 -4.443381786346436	1.0
chr16_28894763_G_C_b38	1	5.11974e-04	-2.328e-01	5.684e-02 -4.467816352844238	1.0
chr16_28359201_C_T_b38	1	4.95201e-04	2.753e-01	6.008e-02 4.5575874215789565	1.0
chr16_28499216_A_G_b38	1	4.44683e-04	2.176e-01	5.317e-02 4.864080429077148	1.0
chr16_28609251_C_T_b38	1	4.33575e-04	2.004e-01	5.675e-02 3.800602674484253	1.0
chr16_28638466_G_A_b38	1	4.22481e-04	1.866e-01	5.296e-02 4.6024789165688285	1.0
chr16_28362403_T_C_b38	1	3.96521e-04	2.800e-01	6.183e-02 4.424735483081858	1.0
chr16_28933075_C_G_b38	1	3.90656e-04	-2.432e-01	6.045e-02 -4.343486785888672	1.0
chr16_28826194_T_C_b38	1	3.86252e-04	2.160e-01	5.384e-02 4.791548252105713	1.0
chr16_28886131_G_A_b38	1	3.84740e-04	2.281e-01	5.684e-02 4.483062267303467	1.0
chr16_28499524_A_G_b38	1	3.53782e-04	2.134e-01	5.298e-02 4.853201866149902	1.0
chr16_28507775_T_C_b38	1	3.33572e-04	2.125e-01	5.299e-02 4.792883396148682	1.0
chr16_28506388_T_C_b38	1	3.33572e-04	2.125e-01	5.299e-02 4.785645961761475	1.0
chr16_28499072_C_T_b38	1	3.25793e-04	2.133e-01	5.326e-02 4.855885982513428	1.0
chr16_28362840_G_C_b38	1	3.09223e-04	2.474e-01	5.553e-02 4.578356386412715	1.0
chr16_28607811_T_C_b38	1	3.03457e-04	1.967e-01	5.764e-02 4.2058515548706055	1.0
chr16_28607755_T_C_b38	1	3.03457e-04	1.967e-01	5.764e-02 4.210320949554443	1.0
chr16_28605987_A_G_b38	1	2.98691e-04	1.953e-01	5.732e-02 4.245755862165229	1.0
chr16_28904206_G_A_b38	1	2.97301e-04	-2.304e-01	5.847e-02 -4.355152606964111	1.0
chr16_28903896_G_A_b38	1	2.97301e-04	-2.304e-01	5.847e-02 -4.363391399383545	1.0
chr16_28908262_A_ATT_b38	1	2.97301e-04	-2.304e-01	5.847e-02 -4.3183782764175564	1.0
chr16_28908020_A_G_b38	1	2.97301e-04	-2.304e-01	5.847e-02 -4.3542771339416495	1.0
chr16_28496076_TGGGACAGCCTCAGGAGGGGAGGAGGCC_T_b38	1	2.83306e-04	2.288e-01	5.767e-02 4.609381675587291	1.0
chr16_28608599_A_G_b38	1	2.77629e-04	1.932e-01	5.711e-02 4.232723210125623	1.0
chr16_28910828_C_T_b38	1	2.72123e-04	-2.301e-01	5.878e-02 -4.409526348114014	1.0
chr16_28846324_A_G_b38	1	2.67527e-04	2.095e-01	5.366e-02 4.7448320388793945	1.0
chr16_28558443_G_C_b38	1	2.63592e-04	2.295e-01	5.815e-02 3.4326651096343994	1.0
chr16_28569364_A_G_b38	1	2.63592e-04	2.295e-01	5.815e-02 3.47289776802063	1.0
chr16_28554168_G_A_b38	1	2.63592e-04	2.295e-01	5.815e-02 3.4447934627532963	1.0
chr16_28569717_G_C_b38	1	2.63592e-04	2.295e-01	5.815e-02 3.4724919795989986	1.0
chr16_28579668_C_T_b38	1	2.63592e-04	2.295e-01	5.815e-02 3.4880571365356445	1.0
chr16_28620209_A_T_b38	1	2.60777e-04	1.928e-01	5.735e-02 4.263250827789307	1.0
chr16_28606697_C_T_b38	1	2.59053e-04	1.924e-01	5.728e-02 4.1920600837187365	1.0
chr16_28639930_C_T_b38	2	2.09264e-03	1.842e-01	6.442e-02 -3.0720568841974347	1.0
chr16_28640411_C_T_b38	2	2.77183e-04	1.643e-01	5.950e-02 4.1790380477905265	1.0
chr16_28643032_A_G_b38	2	2.54210e-04	1.591e-01	5.914e-02 3.7543366383768495	1.0
chr16_28639743_A_G_b38	2	2.54112e-04	-5.444e-02	1.231e-01 3.0118689832293484	1.0
chr16_28642463_A_T_b38	2	2.11820e-04	1.504e-01	5.836e-02 3.91396543476776	1.0
chr16_28631979_T_G_b38	2	6.54155e-05	1.672e-01	5.896e-02 4.104853630065918	1.0
chr16_28633138_C_T_b38	2	5.61952e-05	1.669e-01	6.028e-02 4.109055995941162	1.0
chr16_28633806_C_T_b38	2	4.94974e-05	1.598e-01	5.893e-02 4.102046012878418	1.0
chr16_28638496_CA_C_b38	2	4.42267e-05	1.575e-01	5.916e-02 4.056761569308121	1.0
chr16_28633659_G_A_b38	2	3.09851e-05	1.443e-01	5.804e-02 4.2020225524902335	1.0
