chr10_102640355_T_C_b38	1	8.14846e-02	1.496e-01	3.677e-02 12.125776290893555	1.0
chr10_102639493_C_T_b38	1	6.85763e-02	1.481e-01	3.682e-02 12.157584190368652	1.0
chr10_102626552_T_A_b38	1	4.53007e-02	1.559e-01	3.683e-02 12.407037734985352	1.0
chr10_102638825_G_A_b38	1	3.77835e-02	1.481e-01	3.682e-02 12.171122550964355	1.0
chr10_102622916_A_G_b38	1	2.84043e-02	-1.530e-01	3.712e-02 -12.341139793395994	1.0
chr10_102620929_G_A_b38	1	2.42298e-02	-1.486e-01	3.642e-02 -13.113719940185547	1.0
chr10_102615977_TGC_T_b38	1	1.90253e-02	1.559e-01	3.651e-02 13.096082339358325	1.0
chr10_102605732_TG_T_b38	1	1.90253e-02	1.559e-01	3.651e-02 13.096082339358325	1.0
chr10_102608537_A_G_b38	1	1.90253e-02	1.559e-01	3.651e-02 13.136354446411133	1.0
chr10_102595518_A_G_b38	1	1.90253e-02	1.559e-01	3.651e-02 13.128849029541016	1.0
chr10_102618002_T_C_b38	1	1.90253e-02	1.559e-01	3.651e-02 13.135826110839846	1.0
chr10_102598717_G_A_b38	1	1.90253e-02	1.559e-01	3.651e-02 13.141387939453125	1.0
chr10_102610905_T_C_b38	1	1.40972e-02	1.529e-01	3.648e-02 13.13902759552002	1.0
chr10_102618993_G_A_b38	1	9.21846e-03	-1.486e-01	3.642e-02 -13.151748657226562	1.0
chr10_102594667_T_C_b38	1	9.21846e-03	-1.486e-01	3.642e-02 -13.152710914611815	1.0
chr10_102610266_A_G_b38	1	9.21846e-03	-1.486e-01	3.642e-02 -13.11156177520752	1.0
chr10_102614147_G_A_b38	1	9.21846e-03	-1.486e-01	3.642e-02 -13.126445770263672	1.0
chr10_102603362_C_T_b38	1	9.21846e-03	-1.486e-01	3.642e-02 -13.115805625915527	1.0
chr10_102608999_A_C_b38	1	9.21846e-03	-1.486e-01	3.642e-02 -13.109875679016113	1.0
chr10_102598650_C_G_b38	1	9.21846e-03	-1.486e-01	3.642e-02 -13.130575180053713	1.0
chr10_102614001_G_C_b38	1	9.21846e-03	-1.486e-01	3.642e-02 -13.12593936920166	1.0
chr10_102613543_A_G_b38	1	9.21846e-03	-1.486e-01	3.642e-02 -13.12507152557373	1.0
chr10_102603536_T_C_b38	1	9.21846e-03	-1.486e-01	3.642e-02 -13.127119064331055	1.0
chr10_102612684_C_T_b38	1	9.21846e-03	-1.486e-01	3.642e-02 -13.097500801086426	1.0
chr10_102596602_T_C_b38	1	9.21846e-03	-1.486e-01	3.642e-02 -13.1527681350708	1.0
chr10_102618377_A_G_b38	1	9.21846e-03	-1.486e-01	3.642e-02 -13.134297370910645	1.0
chr10_102604895_G_A_b38	1	9.21846e-03	-1.486e-01	3.642e-02 -13.112852096557615	1.0
chr10_102600761_C_T_b38	1	9.21846e-03	-1.486e-01	3.642e-02 -13.129989624023438	1.0
chr10_102615501_G_A_b38	1	9.21846e-03	-1.486e-01	3.642e-02 -13.13441562652588	1.0
chr10_102595047_T_C_b38	1	9.21846e-03	-1.486e-01	3.642e-02 -13.1527681350708	1.0
chr10_102612487_A_G_b38	1	9.21846e-03	-1.486e-01	3.642e-02 -13.118359565734865	1.0
chr10_102606596_T_C_b38	1	9.21846e-03	-1.486e-01	3.642e-02 -13.113770484924315	1.0
chr10_102603651_A_C_b38	1	9.21846e-03	-1.486e-01	3.642e-02 -13.11544704437256	1.0
chr10_102598646_T_C_b38	1	9.21846e-03	-1.486e-01	3.642e-02 -13.131550788879395	1.0
chr10_102606285_T_C_b38	1	9.21846e-03	-1.486e-01	3.642e-02 -13.1138277053833	1.0
chr10_102605967_G_A_b38	1	9.21846e-03	-1.486e-01	3.642e-02 -13.113885879516602	1.0
chr10_102609282_T_TA_b38	1	9.21846e-03	-1.486e-01	3.642e-02 -13.096082339358325	1.0
chr10_102572229_A_G_b38	1	7.81367e-03	-1.574e-01	3.632e-02 -12.992470476359403	1.0
chr10_102463206_T_C_b38	1	7.47662e-03	1.731e-01	3.654e-02 12.137195587158205	1.0
chr10_102467904_T_C_b38	1	6.11961e-03	1.692e-01	3.607e-02 12.265315055847168	1.0
chr10_102580094_T_C_b38	1	6.04684e-03	1.559e-01	3.651e-02 13.132838249206545	1.0
chr10_102577229_G_A_b38	1	6.04684e-03	1.559e-01	3.651e-02 13.144490242004395	1.0
chr10_102586409_T_C_b38	1	5.56953e-03	-1.554e-01	3.657e-02 -13.156003952026367	1.0
chr10_102618806_G_T_b38	1	5.54853e-03	-1.431e-01	3.630e-02 -13.17117404937744	1.0
chr10_102570320_C_T_b38	1	5.35302e-03	1.553e-01	3.664e-02 13.129616737365724	1.0
chr10_102580947_C_T_b38	1	5.35302e-03	1.553e-01	3.664e-02 13.14504623413086	1.0
chr10_102463871_T_C_b38	1	4.58077e-03	1.679e-01	3.631e-02 12.185454368591307	1.0
chr10_102467073_C_T_b38	1	4.24669e-03	1.676e-01	3.639e-02 12.239090919494627	1.0
chr10_102467712_G_A_b38	1	4.24669e-03	1.676e-01	3.639e-02 12.238505363464355	1.0
chr10_102467226_A_G_b38	1	4.24669e-03	1.676e-01	3.639e-02 12.2416353225708	1.0
chr10_102467660_CT_C_b38	1	4.24669e-03	1.676e-01	3.639e-02 12.15505883434517	1.0
chr10_102467676_G_A_b38	1	4.24669e-03	1.676e-01	3.639e-02 12.234825134277346	1.0
chr10_102558565_G_T_b38	1	4.16170e-03	-1.514e-01	3.628e-02 -13.137774467468262	1.0
chr10_102678808_C_T_b38	1	3.94163e-03	-1.448e-01	3.770e-02 -9.916319847106934	1.0
chr10_102563271_G_T_b38	1	3.92349e-03	-1.510e-01	3.634e-02 -13.108229637145994	1.0
chr10_102567827_A_G_b38	1	3.92349e-03	-1.510e-01	3.634e-02 -13.119515419006348	1.0
chr10_102573943_C_T_b38	1	3.92349e-03	-1.510e-01	3.634e-02 -13.132128715515135	1.0
chr10_102567407_A_G_b38	1	3.92349e-03	-1.510e-01	3.634e-02 -13.11732292175293	1.0
chr10_102563346_G_A_b38	1	3.92349e-03	-1.510e-01	3.634e-02 -13.110870361328125	1.0
chr10_102568108_TC_T_b38	1	3.92349e-03	-1.510e-01	3.634e-02 -13.096082339358325	1.0
chr10_102574888_G_A_b38	1	3.92349e-03	-1.510e-01	3.634e-02 -13.12149143218994	1.0
chr10_102559370_TC_T_b38	1	3.92349e-03	-1.510e-01	3.634e-02 -13.088728620294097	1.0
chr10_102560719_G_A_b38	1	3.92349e-03	-1.510e-01	3.634e-02 -13.120157241821287	1.0
chr10_102557435_T_C_b38	1	3.92349e-03	-1.510e-01	3.634e-02 -13.120576858520508	1.0
chr10_102560272_G_T_b38	1	3.92349e-03	-1.510e-01	3.634e-02 -13.120389938354492	1.0
chr10_102569102_G_T_b38	1	3.92349e-03	-1.510e-01	3.634e-02 -13.121796607971193	1.0
chr10_102720118_G_A_b38	1	3.81211e-03	-1.524e-01	3.696e-02 -10.07460880279541	1.0
chr10_102467866_C_T_b38	1	3.36702e-03	1.651e-01	3.629e-02 12.245848655700685	1.0
chr10_102469300_C_CA_b38	1	3.25652e-03	1.664e-01	3.664e-02 12.174675988109202	1.0
chr10_102589726_G_A_b38	1	2.93426e-03	-1.486e-01	3.641e-02 -13.156003952026367	1.0
chr10_102578632_T_C_b38	1	2.93426e-03	-1.486e-01	3.641e-02 -13.15265655517578	1.0
chr10_102589774_A_G_b38	1	2.93426e-03	-1.486e-01	3.641e-02 -13.179028511047365	1.0
chr10_102590205_A_G_b38	1	2.93426e-03	-1.486e-01	3.641e-02 -13.154683113098145	1.0
chr10_102577237_A_C_b38	1	2.93426e-03	-1.486e-01	3.641e-02 -13.11591339111328	1.0
chr10_102582130_C_T_b38	1	2.93426e-03	-1.486e-01	3.641e-02 -13.1478910446167	1.0
chr10_102578188_A_G_b38	1	2.93426e-03	-1.486e-01	3.641e-02 -13.084223739160068	1.0
chr10_102561964_T_C_b38	1	2.93426e-03	-1.486e-01	3.641e-02 -13.111673355102539	1.0
chr10_102592367_C_CCATTT_b38	1	2.93426e-03	-1.486e-01	3.641e-02 -13.096082339358325	1.0
chr10_102557600_G_T_b38	1	2.93426e-03	-1.486e-01	3.641e-02 -13.119446754455565	1.0
chr10_102582218_T_C_b38	1	2.93426e-03	-1.486e-01	3.641e-02 -13.15542984008789	1.0
chr10_102585440_C_T_b38	1	2.93426e-03	-1.486e-01	3.641e-02 -13.156003952026367	1.0
chr10_102587490_A_G_b38	1	2.93426e-03	-1.486e-01	3.641e-02 -13.156003952026367	1.0
chr10_102569928_A_G_b38	1	2.93426e-03	-1.486e-01	3.641e-02 -13.129660606384276	1.0
chr10_102548436_T_C_b38	1	2.75984e-03	1.483e-01	3.649e-02 13.13631820678711	1.0
chr10_102468542_C_A_b38	1	2.54756e-03	1.627e-01	3.630e-02 12.207024574279785	1.0
chr10_102468260_C_A_b38	1	2.54756e-03	1.627e-01	3.630e-02 12.246225357055664	1.0
chr10_102468392_G_A_b38	1	2.54756e-03	1.627e-01	3.630e-02 12.21134090423584	1.0
chr10_102581678_T_C_b38	1	2.40985e-03	-1.463e-01	3.632e-02 -13.153289794921875	1.0
chr10_102464074_G_A_b38	1	2.25472e-03	1.620e-01	3.640e-02 12.254225730895994	1.0
chr10_102666254_T_C_b38	1	1.95820e-03	1.365e-01	4.093e-02 11.074563026428224	1.0
chr10_102665547_A_T_b38	1	1.95820e-03	1.365e-01	4.093e-02 11.034473419189453	1.0
chr10_102652985_G_T_b38	1	1.65704e-03	1.265e-01	4.215e-02 10.965276718139648	1.0
chr10_102650979_C_T_b38	1	1.65704e-03	-1.265e-01	4.215e-02 -10.967377662658693	1.0
chr10_102652201_C_T_b38	1	1.65704e-03	-1.265e-01	4.215e-02 -10.9852876663208	1.0
chr10_102471173_TTCGGTGCTGGG_T_b38	1	1.57244e-03	1.590e-01	3.645e-02 12.267426593887045	1.0
chr10_102471905_G_C_b38	1	1.57244e-03	1.590e-01	3.645e-02 12.236088752746582	1.0
chr10_102473052_T_G_b38	1	1.57244e-03	1.590e-01	3.645e-02 12.25316047668457	1.0
chr10_102470307_T_C_b38	1	1.57244e-03	1.590e-01	3.645e-02 12.239005088806152	1.0
chr10_102470028_C_T_b38	1	1.57244e-03	1.590e-01	3.645e-02 12.237457275390625	1.0
chr10_102471894_A_G_b38	1	1.57244e-03	1.590e-01	3.645e-02 12.236262321472168	1.0
chr10_102470399_A_G_b38	1	1.57244e-03	1.590e-01	3.645e-02 12.237431526184082	1.0
chr10_102472959_G_A_b38	1	1.57244e-03	1.590e-01	3.645e-02 12.235003471374512	1.0
chr10_102471297_A_G_b38	1	1.57244e-03	1.590e-01	3.645e-02 12.240378379821776	1.0
chr10_102697699_G_A_b38	1	1.31053e-03	-1.444e-01	3.771e-02 -9.917521476745604	1.0
chr10_102635328_C_T_b38	1	1.20829e-03	-1.237e-01	4.223e-02 -11.03692626953125	1.0
chr10_102703919_G_A_b38	1	1.09462e-03	-1.420e-01	3.760e-02 -9.920583724975586	1.0
chr10_102498338_A_T_b38	1	1.05763e-03	1.760e-01	4.130e-02 10.086755176262054	1.0
chr10_102694943_T_C_b38	1	1.01387e-03	-1.382e-01	3.678e-02 -10.164402961730957	1.0
chr10_102476221_C_T_b38	1	8.69022e-04	1.540e-01	3.658e-02 12.337995529174805	1.0
chr10_102662255_A_G_b38	1	8.24734e-04	1.278e-01	4.196e-02 10.997652053833008	1.0
chr10_102644402_G_GGGA_b38	2	1.50940e-02	5.112e-02	9.043e-02 -1.3132948529424366	1.0
chr10_102644578_A_T_b38	2	1.50940e-02	5.112e-02	9.043e-02 -0.8487976789474487	1.0
chr10_102648035_G_A_b38	2	1.34958e-03	4.342e-02	9.534e-02 -0.8669022917747498	1.0
chr10_102635652_T_C_b38	2	5.24536e-04	2.560e-02	1.227e-01 -2.3104562759399414	1.0
chr10_102668557_G_A_b38	2	2.12365e-04	-8.761e-02	1.011e-01 -2.3111553192138667	1.0
chr10_102668634_CA_C_b38	2	2.12365e-04	-8.761e-02	1.011e-01 -2.4101108370297273	1.0
chr10_102666479_T_TTTCA_b38	2	2.06715e-04	-8.235e-02	1.046e-01 -2.631741028527433	1.0
chr10_102660321_C_T_b38	2	2.03437e-04	-5.837e-02	1.086e-01 -2.201559543609619	1.0
chr10_102674437_A_G_b38	2	5.51843e-05	-9.847e-02	9.027e-02 -2.292243003845215	1.0
chr10_102672267_T_C_b38	2	5.24942e-05	-9.272e-02	9.084e-02 -2.3666765689849854	1.0
chr10_102673048_G_C_b38	2	4.70564e-05	-8.545e-02	9.213e-02 -2.363929748535156	1.0
chr10_102640376_C_T_b38	3	3.85118e-04	-1.272e-01	6.084e-02 -3.0108211040496826	1.0
chr10_102631788_C_T_b38	3	3.22500e-04	-1.587e-01	6.021e-02 -2.99314546585083	1.0
chr10_102624272_G_A_b38	3	3.22500e-04	-1.587e-01	6.021e-02 -3.0218822956085205	1.0
chr10_102627978_C_T_b38	3	3.04532e-04	-1.581e-01	6.058e-02 -2.962596893310547	1.0
chr10_102626395_A_G_b38	3	3.04526e-04	-1.577e-01	6.042e-02 -3.0078554153442383	1.0
chr10_102628953_T_C_b38	3	3.04526e-04	-1.577e-01	6.042e-02 -2.961726665496826	1.0
chr10_102631870_A_G_b38	3	3.04526e-04	-1.577e-01	6.042e-02 -2.9622790813446045	1.0
chr10_102631528_C_T_b38	3	3.04526e-04	-1.577e-01	6.042e-02 -2.9443776607513428	1.0
chr10_102627177_T_C_b38	3	3.04526e-04	-1.577e-01	6.042e-02 -2.9673857688903813	1.0
chr10_102630546_A_G_b38	3	2.90987e-04	-1.557e-01	6.007e-02 -3.134416103363037	1.0
chr10_102641875_T_C_b38	3	2.73834e-04	-9.398e-02	6.650e-02 -2.9694769382476807	1.0
chr10_102641964_G_A_b38	3	2.73834e-04	-9.398e-02	6.650e-02 -2.969111442565918	1.0
chr10_102641729_A_T_b38	3	2.56403e-04	-9.159e-02	6.989e-02 -2.971407890319824	1.0
chr10_102633732_A_G_b38	3	2.39088e-04	-1.510e-01	6.035e-02 -2.9802134037017822	1.0
chr10_102599593_T_C_b38	3	1.58516e-04	-1.647e-01	5.994e-02 -3.0914537906646733	1.0
chr10_102667859_T_G_b38	3	1.46046e-04	1.259e-01	5.522e-02 3.5636894702911377	1.0
chr10_102652551_C_T_b38	3	1.02814e-04	-9.741e-02	6.600e-02 -2.8502957820892334	1.0
chr10_102659708_G_T_b38	3	9.78012e-05	-1.264e-01	6.187e-02 -2.9647979736328125	1.0
chr10_102624454_C_CT_b38	3	8.61396e-05	-1.312e-01	6.755e-02 -2.9743532837701183	1.0
chr10_102633749_A_G_b38	3	8.61396e-05	-1.312e-01	6.755e-02 -2.9448471069335938	1.0
chr10_102574832_G_A_b38	3	6.81005e-05	-1.713e-01	5.969e-02 -3.0897536277771	1.0
chr10_102575117_G_C_b38	3	6.81005e-05	-1.713e-01	5.969e-02 -3.089709997177124	1.0
chr10_102624580_A_G_b38	3	5.46067e-05	-1.135e-01	6.998e-02 -2.9829297065734863	1.0
chr10_102582449_C_T_b38	3	5.05571e-05	-1.647e-01	5.994e-02 -3.057760000228882	1.0
chr10_102669882_G_A_b38	3	4.93629e-05	1.217e-01	5.512e-02 3.3620481491088867	1.0
chr10_102666420_G_A_b38	3	4.87194e-05	-1.030e-01	6.580e-02 -2.7354278564453125	1.0
chr10_102658860_CAA_C_b38	3	4.87194e-05	-1.030e-01	6.580e-02 -2.8592846091974513	1.0
chr10_102668068_C_T_b38	3	4.80511e-05	-1.032e-01	6.657e-02 -2.6205086708068848	1.0
chr10_102671514_T_C_b38	3	4.67771e-05	1.203e-01	5.519e-02 3.459412097930908	1.0
chr10_102601954_C_T_b38	3	4.14471e-05	-1.407e-01	6.762e-02 -3.0522024631500244	1.0
chr10_102671905_GC_G_b38	3	1.84783e-05	-1.018e-01	6.602e-02 -2.76868916614882	1.0
chr10_102670494_G_A_b38	3	1.84783e-05	-1.018e-01	6.602e-02 -2.5400559902191158	1.0
chr10_102556220_CT_C_b38	3	1.69082e-05	-1.493e-01	6.729e-02 -3.1775879286767967	1.0
chr10_102558028_T_G_b38	3	1.69082e-05	-1.493e-01	6.729e-02 -3.07287335395813	1.0
chr10_102585468_G_A_b38	3	1.32191e-05	-1.407e-01	6.762e-02 -3.0698938369750977	1.0
chr10_102578613_C_G_b38	3	1.32191e-05	-1.407e-01	6.762e-02 -3.07100510597229	1.0
chr10_102561141_C_G_b38	3	1.32191e-05	-1.407e-01	6.762e-02 -3.072649002075196	1.0
chr10_102689687_C_T_b38	3	1.17678e-05	-7.570e-02	6.784e-02 -2.252032518386841	1.0
chr10_102553770_CA_C_b38	3	1.05948e-05	-1.327e-01	6.817e-02 -3.1207690167923814	1.0
chr10_102545362_C_T_b38	3	1.05948e-05	-1.327e-01	6.817e-02 -2.996421337127685	1.0
