chr20_43667902_C_T_b38	1	1.33515e-01	-1.507e-01	3.622e-02 -4.907101631164551	1.0
chr20_43668004_A_C_b38	1	6.68989e-02	-1.275e-01	3.214e-02 -5.131782531738281	1.0
chr20_43666079_T_C_b38	1	6.18901e-02	-1.433e-01	3.656e-02 -4.9866557121276855	1.0
chr20_43666739_C_A_b38	1	6.05847e-02	-1.305e-01	3.585e-02 -4.898363590240479	1.0
chr20_43668771_C_T_b38	1	4.09145e-02	-1.610e-01	4.009e-02 -5.595874309539795	1.0
chr20_43668321_T_C_b38	1	4.09145e-02	-1.610e-01	4.009e-02 -5.595466613769531	1.0
chr20_43665973_T_C_b38	1	2.99786e-02	-1.275e-01	3.234e-02 -5.165536880493164	1.0
chr20_43681869_T_C_b38	1	2.79592e-02	-1.599e-01	3.670e-02 -5.0123443603515625	1.0
chr20_43683215_T_C_b38	1	2.79592e-02	-1.599e-01	3.670e-02 -5.0233025550842285	1.0
chr20_43683664_G_C_b38	1	2.79592e-02	-1.599e-01	3.670e-02 -5.008824348449707	1.0
chr20_43682448_T_C_b38	1	2.79592e-02	-1.599e-01	3.670e-02 -5.012572765350342	1.0
chr20_43683979_G_A_b38	1	2.79592e-02	-1.599e-01	3.670e-02 -5.038708209991455	1.0
chr20_43685427_T_C_b38	1	2.79592e-02	-1.599e-01	3.670e-02 -4.998117923736572	1.0
chr20_43671622_A_G_b38	1	2.61579e-02	-1.610e-01	4.008e-02 -5.4247401390040615	1.0
chr20_43666053_C_T_b38	1	2.36959e-02	-1.304e-01	3.585e-02 -4.90020751953125	1.0
chr20_43666411_G_A_b38	1	2.36959e-02	-1.304e-01	3.585e-02 -4.897997856140137	1.0
chr20_43671274_T_G_b38	1	1.16062e-02	-1.358e-01	3.595e-02 -4.941205978393555	1.0
chr20_43668340_T_A_b38	1	1.12717e-02	-1.304e-01	3.585e-02 -4.903088092803955	1.0
chr20_43665240_C_T_b38	1	1.04001e-02	-1.304e-01	3.585e-02 -4.91965389251709	1.0
chr20_43677652_T_C_b38	1	7.59377e-03	-1.609e-01	4.008e-02 -5.476339591172046	1.0
chr20_43680740_A_G_b38	1	7.59377e-03	-1.609e-01	4.008e-02 -5.610180854797363	1.0
chr20_43680075_T_G_b38	1	7.59377e-03	-1.609e-01	4.008e-02 -5.609319686889648	1.0
chr20_43677669_T_C_b38	1	7.59377e-03	-1.609e-01	4.008e-02 -5.3750406480111375	1.0
chr20_43679577_T_G_b38	1	7.59377e-03	-1.609e-01	4.008e-02 -5.608907699584961	1.0
chr20_43671188_G_A_b38	1	7.28990e-03	-1.304e-01	3.585e-02 -4.9036126136779785	1.0
chr20_43663321_C_T_b38	1	7.14747e-03	-1.134e-01	3.103e-02 -3.9049375057220463	1.0
chr20_43683657_G_C_b38	1	6.69901e-03	-1.275e-01	3.210e-02 -5.163947105407715	1.0
chr20_43681276_C_G_b38	1	6.11416e-03	-1.275e-01	3.232e-02 -5.1854248046875	1.0
chr20_43680308_A_G_b38	1	4.88411e-03	-1.430e-01	3.679e-02 -4.925149440765381	1.0
chr20_43672085_T_C_b38	1	4.87287e-03	-1.329e-01	3.603e-02 -4.925168991088867	1.0
chr20_43686451_G_A_b38	1	4.82864e-03	-1.552e-01	3.993e-02 -5.62058687210083	1.0
chr20_43712044_G_A_b38	1	4.29969e-03	-1.296e-01	3.141e-02 -4.997297286987305	1.0
chr20_43673731_C_T_b38	1	4.09940e-03	-1.303e-01	3.584e-02 -4.906866073608398	1.0
chr20_43685108_T_C_b38	1	4.01676e-03	-1.233e-01	3.223e-02 -5.209443092346191	1.0
chr20_43659661_G_T_b38	1	3.40547e-03	-1.110e-01	3.097e-02 -3.8910858631134033	1.0
chr20_43684208_T_C_b38	1	3.25237e-03	-1.350e-01	3.583e-02 -4.819972515106201	1.0
chr20_43679851_CGG_C_b38	1	3.21550e-03	-1.501e-01	3.983e-02 -5.434159286517058	1.0
chr20_43686371_C_T_b38	1	3.04817e-03	-1.210e-01	3.230e-02 -5.190410137176514	1.0
chr20_43657871_G_A_b38	1	3.03256e-03	-1.100e-01	3.100e-02 -3.856389760971069	1.0
chr20_43658165_C_T_b38	1	3.03256e-03	-1.100e-01	3.100e-02 -3.866775989532471	1.0
chr20_43677667_A_T_b38	1	2.66097e-03	-1.333e-01	3.595e-02 -4.839723493242737	1.0
chr20_43677620_A_G_b38	1	2.66097e-03	-1.333e-01	3.595e-02 -4.9320502281188965	1.0
chr20_43678452_A_T_b38	1	2.66097e-03	-1.333e-01	3.595e-02 -4.93258810043335	1.0
chr20_43597283_A_G_b38	1	2.50934e-03	-1.249e-01	2.916e-02 -3.2525596618652344	1.0
chr20_43695752_A_AG_b38	1	2.16992e-03	-1.248e-01	3.159e-02 -5.044166739959115	1.0
chr20_43709235_C_G_b38	1	2.16992e-03	-1.248e-01	3.159e-02 -5.028352737426758	1.0
chr20_43671841_T_G_b38	1	2.11757e-03	-1.587e-01	4.894e-02 -4.472169876098633	1.0
chr20_43680945_C_T_b38	1	2.10592e-03	-1.303e-01	3.584e-02 -4.906384944915772	1.0
chr20_43681378_A_G_b38	1	2.10592e-03	-1.303e-01	3.584e-02 -4.907806873321533	1.0
chr20_43682171_A_T_b38	1	1.92466e-03	-1.156e-01	3.197e-02 -5.201904296875	1.0
chr20_43652744_A_G_b38	1	1.82277e-03	-1.116e-01	3.103e-02 -3.8596618610430458	1.0
chr20_43654526_G_C_b38	1	1.56376e-03	-1.100e-01	3.100e-02 -3.830863475799561	1.0
chr20_43648004_G_A_b38	1	1.56376e-03	-1.100e-01	3.100e-02 -3.789462804794312	1.0
chr20_43656816_G_T_b38	1	1.56376e-03	-1.100e-01	3.100e-02 -3.8105721473693848	1.0
chr20_43656719_G_T_b38	1	1.56376e-03	-1.100e-01	3.100e-02 -3.820630450855002	1.0
chr20_43649499_ATTC_A_b38	1	1.56376e-03	-1.100e-01	3.100e-02 -3.820630450855002	1.0
chr20_43651087_C_T_b38	1	1.56376e-03	-1.100e-01	3.100e-02 -3.794932365417481	1.0
chr20_43653831_A_G_b38	1	1.56376e-03	-1.100e-01	3.100e-02 -3.82998275756836	1.0
chr20_43653194_A_G_b38	1	1.56376e-03	-1.100e-01	3.100e-02 -3.8100197315216064	1.0
chr20_43649628_G_A_b38	1	1.56376e-03	-1.100e-01	3.100e-02 -3.8159937858581534	1.0
chr20_43642734_T_G_b38	1	1.42484e-03	-1.099e-01	3.122e-02 -3.774552822113037	1.0
chr20_43597037_A_G_b38	1	1.37436e-03	-1.305e-01	3.168e-02 -2.932959794998169	1.0
chr20_43701159_C_T_b38	1	1.29561e-03	-1.185e-01	3.115e-02 -4.89107608795166	1.0
chr20_43698240_A_G_b38	1	1.25732e-03	-1.190e-01	3.135e-02 -4.9862093925476065	1.0
chr20_43708044_C_G_b38	1	1.25732e-03	-1.190e-01	3.135e-02 -5.0548744201660165	1.0
chr20_43666759_G_C_b38	2	2.72162e-02	9.580e-02	7.347e-02 1.4243481159210205	1.0
chr20_43669482_T_A_b38	2	4.58794e-03	9.651e-02	7.263e-02 1.4324804544448853	1.0
chr20_43668976_G_A_b38	2	4.22642e-03	9.320e-02	7.241e-02 1.4303351640701294	1.0
chr20_43675893_C_T_b38	2	1.45439e-03	9.809e-02	7.124e-02 1.4536967277526855	1.0
chr20_43680849_A_G_b38	2	4.17051e-04	1.040e-01	6.460e-02 1.0900921821594238	1.0
chr20_43689506_A_G_b38	2	4.17051e-04	1.040e-01	6.460e-02 1.5927797555923462	1.0
chr20_43687635_C_T_b38	2	4.17051e-04	1.040e-01	6.460e-02 1.5152435302734375	1.0
chr20_43681401_G_C_b38	2	4.17051e-04	1.040e-01	6.460e-02 1.472592830657959	1.0
chr20_43648452_G_A_b38	2	4.14068e-04	1.040e-01	6.460e-02 1.2819584856311834	1.0
chr20_43649385_A_C_b38	2	4.14068e-04	1.040e-01	6.460e-02 1.2673377990722656	1.0
chr20_43647793_G_A_b38	2	4.14068e-04	1.040e-01	6.460e-02 1.2816157341003418	1.0
chr20_43655753_T_C_b38	2	4.14068e-04	1.040e-01	6.460e-02 1.2888725996017456	1.0
chr20_43648520_A_G_b38	2	4.14068e-04	1.040e-01	6.460e-02 1.2673377990722656	1.0
chr20_43652021_T_C_b38	2	4.14068e-04	1.040e-01	6.460e-02 1.2981061935424805	1.0
chr20_43678831_TG_T_b38	2	3.15559e-04	1.018e-01	6.379e-02 1.5079475729425782	1.0
chr20_43701242_T_G_b38	2	6.78156e-05	1.080e-01	6.381e-02 1.599246382713318	1.0
chr20_43706642_G_A_b38	2	6.37913e-05	1.056e-01	6.436e-02 1.7882732152938845	1.0
chr20_43700534_G_A_b38	2	6.37913e-05	1.056e-01	6.436e-02 1.599362850189209	1.0
chr20_43632449_C_T_b38	2	6.17231e-05	1.056e-01	6.436e-02 1.2976078987121582	1.0
chr20_43636013_G_A_b38	2	6.17231e-05	1.056e-01	6.436e-02 1.2722545862197876	1.0
chr20_43633578_C_T_b38	2	6.17231e-05	1.056e-01	6.436e-02 1.2996957302093506	1.0
chr20_43629088_T_C_b38	2	6.17231e-05	1.056e-01	6.436e-02 1.282573103904724	1.0
chr20_43633330_C_T_b38	2	6.17231e-05	1.056e-01	6.436e-02 1.2847816944122314	1.0
chr20_43638663_G_T_b38	2	6.17231e-05	1.056e-01	6.436e-02 1.268296718597412	1.0
chr20_43668346_A_G_b38	3	1.59523e-03	-2.014e-01	7.288e-02 -4.486313343048097	1.0
chr20_43684801_T_C_b38	3	6.11567e-04	-1.586e-01	4.894e-02 -4.526977062225342	1.0
chr20_43679072_A_G_b38	3	6.11567e-04	-1.586e-01	4.894e-02 -4.474816799163818	1.0
chr20_43684774_T_C_b38	3	6.11567e-04	-1.586e-01	4.894e-02 -4.527258396148682	1.0
chr20_43682582_A_C_b38	3	6.11567e-04	-1.586e-01	4.894e-02 -4.484910011291504	1.0
chr20_43684912_T_C_b38	3	6.11567e-04	-1.586e-01	4.894e-02 -4.527611255645752	1.0
chr20_43680514_T_C_b38	3	5.51982e-04	-1.562e-01	4.876e-02 -4.469767093658447	1.0
chr20_43688800_T_C_b38	3	4.54658e-04	-1.497e-01	4.780e-02 -4.529284477233887	1.0
chr20_43690984_C_A_b38	3	4.54658e-04	-1.497e-01	4.780e-02 -4.499015331268311	1.0
chr20_43690876_G_A_b38	3	4.54658e-04	-1.497e-01	4.780e-02 -4.496962547302246	1.0
chr20_43699999_T_C_b38	3	1.62113e-04	-1.497e-01	4.780e-02 -4.515782833099365	1.0
chr20_43714387_C_G_b38	3	1.62113e-04	-1.497e-01	4.780e-02 -4.487703800201416	1.0
chr20_43699582_G_C_b38	3	1.62113e-04	-1.497e-01	4.780e-02 -4.527871131896973	1.0
chr20_43704142_C_T_b38	3	1.62113e-04	-1.497e-01	4.780e-02 -4.536524772644043	1.0
chr20_43701324_A_G_b38	3	1.62113e-04	-1.497e-01	4.780e-02 -4.532439231872559	1.0
chr20_43700109_A_G_b38	3	8.15889e-05	-1.349e-01	4.713e-02 -4.549184799194336	1.0
chr20_43732616_C_T_b38	3	1.11241e-05	-1.502e-01	6.158e-02 -3.4024355411529537	1.0
