chr2_190898782_C_A_b38	1	1.78483e-01	1.300e-01	2.975e-02 5.854465961456299	1.0
chr2_190916443_A_G_b38	1	5.65214e-02	1.288e-01	2.972e-02 5.911771297454834	1.0
chr2_190908462_A_G_b38	1	5.65214e-02	1.288e-01	2.972e-02 5.890890121459961	1.0
chr2_190919066_GAA_G_b38	1	4.80726e-02	1.287e-01	2.999e-02 5.943204833226446	1.0
chr2_190871204_A_G_b38	1	1.99034e-02	1.221e-01	3.007e-02 5.9036622047424325	1.0
chr2_190939306_C_G_b38	1	1.80494e-02	1.289e-01	2.957e-02 5.866342067718506	1.0
chr2_190944157_T_C_b38	1	1.80494e-02	1.289e-01	2.957e-02 5.867558479309082	1.0
chr2_190961043_T_C_b38	1	1.73965e-02	-1.259e-01	2.717e-02 -5.330152988433838	1.0
chr2_190960337_T_C_b38	1	1.73965e-02	-1.259e-01	2.717e-02 -5.35693359375	1.0
chr2_190961656_A_G_b38	1	1.73965e-02	-1.259e-01	2.717e-02 -5.320109844207764	1.0
chr2_190929215_G_A_b38	1	1.53779e-02	1.288e-01	2.987e-02 5.8628411293029785	1.0
chr2_190878629_AT_A_b38	1	1.49575e-02	1.193e-01	2.987e-02 5.835299218409277	1.0
chr2_190877887_G_T_b38	1	1.49575e-02	1.193e-01	2.987e-02 5.8890013694763175	1.0
chr2_190876270_C_T_b38	1	1.49575e-02	1.193e-01	2.987e-02 5.876973628997803	1.0
chr2_190929310_G_A_b38	1	1.43908e-02	1.282e-01	2.996e-02 5.863872051239014	1.0
chr2_190938082_A_G_b38	1	1.31131e-02	1.264e-01	2.970e-02 5.866871356964111	1.0
chr2_190936179_T_C_b38	1	1.31131e-02	1.264e-01	2.970e-02 5.865360736846924	1.0
chr2_190877222_G_A_b38	1	1.08574e-02	1.192e-01	3.078e-02 5.869780540466309	1.0
chr2_190963477_A_T_b38	1	1.07545e-02	-1.243e-01	2.742e-02 -5.256716728210449	1.0
chr2_190963479_C_A_b38	1	1.07545e-02	-1.243e-01	2.742e-02 -5.266130447387695	1.0
chr2_190853263_G_A_b38	1	5.86480e-03	1.179e-01	2.995e-02 5.4989118576049805	1.0
chr2_190854882_G_A_b38	1	5.86480e-03	1.179e-01	2.995e-02 5.50681209564209	1.0
chr2_190850374_A_G_b38	1	5.86480e-03	1.179e-01	2.995e-02 5.504588127136231	1.0
chr2_190854640_A_G_b38	1	5.86480e-03	1.179e-01	2.995e-02 5.477437496185303	1.0
chr2_190846184_A_G_b38	1	5.86480e-03	1.179e-01	2.995e-02 5.475628852844238	1.0
chr2_190850695_T_G_b38	1	5.86480e-03	1.179e-01	2.995e-02 5.504317760467528	1.0
chr2_190967936_T_C_b38	1	5.77553e-03	1.289e-01	2.957e-02 5.746317863464356	1.0
chr2_190859206_T_G_b38	1	5.63359e-03	1.198e-01	3.046e-02 5.6057467460632315	1.0
chr2_190858523_C_G_b38	1	5.63359e-03	1.198e-01	3.046e-02 5.576277256011963	1.0
chr2_190858549_G_C_b38	1	5.63359e-03	1.198e-01	3.046e-02 5.5856900215148935	1.0
chr2_190858617_C_CAATA_b38	1	5.63359e-03	1.198e-01	3.046e-02 5.721830144506445	1.0
chr2_190859774_G_A_b38	1	5.63359e-03	1.198e-01	3.046e-02 5.603650569915772	1.0
chr2_190856039_G_A_b38	1	5.45847e-03	1.191e-01	3.040e-02 5.465826988220215	1.0
chr2_190847844_C_T_b38	1	5.45847e-03	1.191e-01	3.040e-02 5.500045299530028	1.0
chr2_190855644_C_G_b38	1	5.45847e-03	1.191e-01	3.040e-02 5.473537921905519	1.0
chr2_190870481_G_A_b38	1	5.04497e-03	1.068e-01	3.023e-02 5.88115119934082	1.0
chr2_190964403_AGTT_A_b38	1	4.92020e-03	1.288e-01	2.987e-02 6.0062000028580425	1.0
chr2_190863318_G_A_b38	1	4.47548e-03	1.159e-01	3.023e-02 5.655829906463622	1.0
chr2_190865474_G_T_b38	1	4.47548e-03	1.159e-01	3.023e-02 5.614928245544434	1.0
chr2_190863606_T_G_b38	1	4.47548e-03	1.159e-01	3.023e-02 5.656270980834961	1.0
chr2_190865167_C_T_b38	1	4.47548e-03	1.159e-01	3.023e-02 5.6527366638183585	1.0
chr2_190864804_CAG_C_b38	1	4.47548e-03	1.159e-01	3.023e-02 5.684766797116977	1.0
chr2_190944844_C_A_b38	1	3.37958e-03	1.203e-01	3.179e-02 5.876016616821289	1.0
chr2_190979104_A_G_b38	1	2.99148e-03	1.213e-01	2.932e-02 5.723401546478272	1.0
chr2_190868102_A_G_b38	1	2.29532e-03	1.160e-01	3.230e-02 5.872143745422362	1.0
chr2_190973478_C_T_b38	1	2.24391e-03	1.220e-01	3.021e-02 5.66737174987793	1.0
chr2_190971964_C_T_b38	1	2.24391e-03	1.220e-01	3.021e-02 5.718183994293213	1.0
chr2_190977033_G_A_b38	1	2.24391e-03	1.220e-01	3.021e-02 5.637332439422607	1.0
chr2_190977153_A_G_b38	1	2.24391e-03	1.220e-01	3.021e-02 5.656002521514893	1.0
chr2_190868617_A_G_b38	1	2.13940e-03	1.068e-01	3.023e-02 5.87169361114502	1.0
chr2_190876471_C_A_b38	1	2.01945e-03	9.144e-02	3.077e-02 5.478415489196777	1.0
chr2_190894951_AT_A_b38	2	1.15527e-01	-9.110e-02	3.490e-02 -5.082151565629326	1.0
chr2_190894838_G_A_b38	2	6.90229e-02	-8.275e-02	3.788e-02 -5.233238220214844	1.0
chr2_190891675_A_G_b38	2	7.48377e-03	-9.006e-02	3.232e-02 -5.250804424285889	1.0
chr2_190898759_G_C_b38	2	6.42656e-03	-8.797e-02	3.269e-02 -5.229077339172363	1.0
chr2_190900030_AAC_A_b38	2	6.42656e-03	-8.797e-02	3.269e-02 -5.082151565629326	1.0
chr2_190899342_G_A_b38	2	6.42656e-03	-8.797e-02	3.269e-02 -5.2233171463012695	1.0
chr2_190900480_T_C_b38	2	3.01207e-03	-8.369e-02	3.423e-02 -5.218748569488525	1.0
chr2_190912589_A_G_b38	2	2.55226e-03	-9.093e-02	3.145e-02 -5.246269226074219	1.0
chr2_190920049_A_G_b38	2	2.55226e-03	-9.093e-02	3.145e-02 -5.2315406799316415	1.0
chr2_190909215_A_AT_b38	2	2.55226e-03	-9.093e-02	3.145e-02 -5.1884458123351225	1.0
chr2_190917042_G_A_b38	2	2.05937e-03	-8.997e-02	3.019e-02 -5.235037326812744	1.0
chr2_190909382_T_C_b38	2	1.67427e-03	-8.867e-02	3.109e-02 -5.22381067276001	1.0
chr2_190906168_G_A_b38	2	1.67427e-03	-8.867e-02	3.109e-02 -5.229324817657472	1.0
chr2_190987271_T_C_b38	2	1.51654e-03	-1.005e-01	2.590e-02 -2.8761258125305176	1.0
chr2_190910037_C_T_b38	2	1.21792e-03	-7.954e-02	3.419e-02 -3.474472761154175	1.0
chr2_190928121_G_A_b38	2	8.03011e-04	-9.238e-02	2.987e-02 -5.250810623168945	1.0
chr2_190942727_A_G_b38	2	8.03011e-04	-9.238e-02	2.987e-02 -5.234938144683838	1.0
chr2_190943983_T_C_b38	2	8.03011e-04	-9.238e-02	2.987e-02 -5.241124629974365	1.0
chr2_190942620_T_A_b38	2	3.88412e-04	-8.553e-02	3.205e-02 -3.3820807933807373	1.0
chr2_190872147_C_A_b38	2	2.53931e-04	5.491e-02	4.554e-02 5.53983736038208	1.0
chr2_190872738_T_C_b38	2	1.39544e-04	3.802e-02	4.910e-02 5.31471586227417	1.0
chr2_190894575_G_C_b38	3	1.57003e-03	2.051e-01	8.536e-02 0.6857066750526428	1.0
chr2_190942812_CAG_C_b38	3	4.83718e-05	2.086e-01	8.256e-02 0.3777288346926397	1.0
