chr12_28190305_G_C_b38	1	2.87154e-01	-4.762e-01	7.153e-02 -15.973029136657715	1.0
chr12_28209517_G_A_b38	1	9.70843e-02	-4.769e-01	7.132e-02 -15.941164016723633	1.0
chr12_28167603_T_A_b38	1	9.03241e-02	-4.769e-01	7.132e-02 -16.085273742675778	1.0
chr12_28582703_C_A_b38	1	4.13689e-02	-4.998e-01	6.916e-02 -16.550182342529293	1.0
chr12_28227160_T_G_b38	1	3.13145e-02	-4.781e-01	7.085e-02 -15.973970413208008	1.0
chr12_28582853_T_C_b38	1	3.12621e-02	-4.934e-01	6.927e-02 -16.537168502807614	1.0
chr12_28186575_C_T_b38	1	1.95376e-02	-4.079e-01	7.166e-02 -15.70205307006836	1.0
chr12_28186325_A_G_b38	1	1.95376e-02	-4.079e-01	7.166e-02 -15.705178260803224	1.0
chr12_28186322_T_C_b38	1	1.95376e-02	-4.079e-01	7.166e-02 -15.705401420593262	1.0
chr12_28186199_T_C_b38	1	1.95376e-02	-4.079e-01	7.166e-02 -15.705409049987793	1.0
chr12_28575279_T_TC_b38	1	1.68805e-02	-4.962e-01	6.981e-02 -16.53386356686983	1.0
chr12_28261721_T_C_b38	1	1.44568e-02	-4.870e-01	7.094e-02 -16.305486679077152	1.0
chr12_28586694_G_A_b38	1	1.37915e-02	-4.934e-01	6.939e-02 -16.507408142089847	1.0
chr12_28239400_A_T_b38	1	8.65354e-03	-4.818e-01	6.945e-02 -15.972640991210938	1.0
chr12_28561494_TC_T_b38	1	7.46147e-03	-4.906e-01	6.975e-02 -16.44372904530906	1.0
chr12_28568028_C_G_b38	1	7.46147e-03	-4.906e-01	6.975e-02 -16.428810119628903	1.0
chr12_28558612_A_G_b38	1	7.46147e-03	-4.906e-01	6.975e-02 -16.667837142944336	1.0
chr12_28568220_G_C_b38	1	7.46147e-03	-4.906e-01	6.975e-02 -16.427291870117188	1.0
chr12_28561520_A_G_b38	1	7.46147e-03	-4.906e-01	6.975e-02 -16.652673721313473	1.0
chr12_28557876_C_T_b38	1	7.46147e-03	-4.906e-01	6.975e-02 -16.649566650390625	1.0
chr12_28538768_C_G_b38	1	6.57070e-03	-4.912e-01	7.003e-02 -16.206979718754226	1.0
chr12_28539401_A_G_b38	1	5.21708e-03	-4.982e-01	6.943e-02 -16.922500610351562	1.0
chr12_28543645_G_A_b38	1	5.21708e-03	-4.982e-01	6.943e-02 -17.041704177856445	1.0
chr12_28544881_T_C_b38	1	5.21708e-03	-4.982e-01	6.943e-02 -17.03428840637207	1.0
chr12_28535619_T_C_b38	1	5.21708e-03	-4.982e-01	6.943e-02 -16.917078018188473	1.0
chr12_28535711_G_A_b38	1	5.21708e-03	-4.982e-01	6.943e-02 -16.92007827758789	1.0
chr12_28523271_A_G_b38	1	5.21708e-03	-4.982e-01	6.943e-02 -16.395231240443433	1.0
chr12_28500185_TG_T_b38	1	3.80880e-03	-5.177e-01	6.972e-02 -16.739515386321415	1.0
chr12_28184970_T_A_b38	1	3.16434e-03	-4.177e-01	6.774e-02 -15.70041275024414	1.0
chr12_28184788_GT_G_b38	1	3.16434e-03	-4.177e-01	6.774e-02 -15.69661650923372	1.0
chr12_28184645_C_G_b38	1	3.16434e-03	-4.177e-01	6.774e-02 -15.700628280639648	1.0
chr12_28185059_A_AT_b38	1	3.16434e-03	-4.177e-01	6.774e-02 -15.69661650923372	1.0
chr12_28183780_C_T_b38	1	3.16434e-03	-4.177e-01	6.774e-02 -15.70242977142334	1.0
chr12_28184449_C_T_b38	1	3.16434e-03	-4.177e-01	6.774e-02 -15.70041275024414	1.0
chr12_28412347_T_C_b38	1	2.53783e-03	-4.984e-01	6.776e-02 -16.780628204345707	1.0
chr12_28177105_A_G_b38	1	2.40847e-03	-4.431e-01	6.784e-02 -15.75347137451172	1.0
chr12_28390218_C_G_b38	1	2.27987e-03	-5.025e-01	6.730e-02 -16.403345108032227	1.0
chr12_28188383_G_A_b38	2	2.07302e-02	1.825e-01	6.925e-02 8.608319282531737	1.0
chr12_28184723_A_C_b38	2	1.83546e-02	1.764e-01	6.882e-02 8.605704307556152	1.0
chr12_28188207_C_T_b38	2	1.40097e-02	1.756e-01	7.096e-02 8.637340545654299	1.0
chr12_28207688_C_A_b38	2	1.17082e-02	2.335e-01	7.653e-02 6.924592018127441	1.0
chr12_28200849_G_A_b38	2	1.17082e-02	2.335e-01	7.653e-02 6.911363481620217	1.0
chr12_28190100_G_A_b38	2	1.06962e-02	1.825e-01	6.913e-02 8.605380058288574	1.0
chr12_28179757_G_T_b38	2	1.06290e-02	1.894e-01	6.840e-02 8.581560134887695	1.0
chr12_28191043_G_A_b38	2	8.86429e-03	1.765e-01	6.872e-02 8.581789016723633	1.0
chr12_28181603_C_T_b38	2	8.79899e-03	1.765e-01	6.872e-02 8.606192588806152	1.0
chr12_28177156_A_T_b38	2	7.64042e-03	1.825e-01	6.914e-02 8.59028434753418	1.0
chr12_28180573_A_G_b38	2	7.25696e-03	2.090e-01	8.026e-02 7.7147626876831055	1.0
chr12_28199308_TACTA_T_b38	2	6.27368e-03	1.973e-01	6.932e-02 8.471667338607359	1.0
chr12_28138401_C_A_b38	2	4.07313e-03	2.170e-01	7.030e-02 8.520593643188478	1.0
chr12_28168418_T_C_b38	2	3.85066e-03	1.846e-01	6.810e-02 8.596221923828125	1.0
chr12_28171900_C_T_b38	2	3.85066e-03	1.846e-01	6.810e-02 8.560358047485353	1.0
chr12_28171359_T_C_b38	2	3.85066e-03	1.846e-01	6.810e-02 8.559969902038574	1.0
chr12_28168238_G_A_b38	2	3.85066e-03	1.846e-01	6.810e-02 8.590107917785645	1.0
chr12_28165638_T_C_b38	2	3.85066e-03	1.846e-01	6.810e-02 8.588255882263184	1.0
chr12_28172916_A_G_b38	2	3.85066e-03	1.846e-01	6.810e-02 8.570164680480957	1.0
chr12_28169654_C_CA_b38	2	3.85066e-03	1.846e-01	6.810e-02 8.427380843480393	1.0
chr12_28207052_A_G_b38	2	3.71462e-03	1.912e-01	7.207e-02 8.02858829498291	1.0
chr12_28143503_G_T_b38	2	3.14705e-03	2.118e-01	7.066e-02 8.581125259399414	1.0
chr12_28273202_G_A_b38	2	2.46436e-03	2.709e-01	8.094e-02 6.030012102741913	1.0
chr12_28143639_T_C_b38	2	2.27743e-03	2.054e-01	7.080e-02 8.675294876098633	1.0
chr12_28147843_A_G_b38	2	1.94628e-03	2.259e-01	7.921e-02 7.712098121643066	1.0
chr12_28145489_C_T_b38	2	1.79928e-03	1.964e-01	6.964e-02 8.651214599609375	1.0
chr12_28148881_A_C_b38	2	1.63020e-03	1.948e-01	6.867e-02 8.56943416595459	1.0
chr12_28140181_A_C_b38	2	1.54149e-03	1.915e-01	6.929e-02 8.709346771240233	1.0
chr12_28142034_T_C_b38	2	1.54149e-03	1.915e-01	6.929e-02 8.701906204223633	1.0
chr12_28144514_C_A_b38	2	1.39987e-03	1.934e-01	7.094e-02 8.582383155822754	1.0
chr12_28270413_G_T_b38	2	1.30812e-03	2.205e-01	6.986e-02 8.539242744445799	1.0
chr12_28124625_A_T_b38	2	1.03006e-03	2.446e-01	7.768e-02 6.808777332305907	1.0
chr12_28160904_T_C_b38	2	9.21366e-04	1.807e-01	6.803e-02 8.594089508056639	1.0
chr12_28228557_A_G_b38	2	9.06674e-04	1.823e-01	6.847e-02 8.537169456481934	1.0
chr12_28221647_C_G_b38	2	9.06361e-04	1.839e-01	6.907e-02 8.550448417663574	1.0
chr12_28399664_A_G_b38	2	8.67658e-04	2.550e-01	7.044e-02 8.414594650268555	1.0
chr12_28420714_C_G_b38	2	8.67658e-04	2.550e-01	7.044e-02 8.370755195617676	1.0
chr12_28410703_G_T_b38	2	8.67658e-04	2.550e-01	7.044e-02 8.39473819732666	1.0
chr12_28146186_G_C_b38	2	8.63304e-04	1.812e-01	6.889e-02 8.871578216552734	1.0
chr12_28146306_T_C_b38	2	8.63304e-04	1.812e-01	6.889e-02 8.8154296875	1.0
chr12_28251809_A_G_b38	2	8.32458e-04	2.298e-01	7.473e-02 7.978182792663574	1.0
chr12_28137845_C_T_b38	2	7.97154e-04	1.832e-01	7.034e-02 8.230432510375978	1.0
chr12_28156817_T_TA_b38	2	7.95790e-04	1.794e-01	6.919e-02 8.523179865695461	1.0
chr12_28156247_A_T_b38	2	7.95790e-04	1.794e-01	6.919e-02 8.717164039611816	1.0
chr12_28254157_A_T_b38	2	6.94358e-04	2.134e-01	7.082e-02 8.39328670501709	1.0
chr12_28253582_T_C_b38	2	6.94358e-04	2.134e-01	7.082e-02 8.371973037719728	1.0
chr12_28434298_T_G_b38	2	5.14962e-04	-2.701e-01	7.733e-02 -6.587326526641847	1.0
chr12_28201424_A_G_b38	2	4.92701e-04	1.318e-01	6.822e-02 8.451359834823387	1.0
chr12_28398634_A_G_b38	2	3.73017e-04	2.353e-01	6.957e-02 8.031620025634767	1.0
chr12_28229790_GT_G_b38	2	2.19778e-04	1.548e-01	7.084e-02 7.797558899616532	1.0
chr12_28154398_T_C_b38	2	1.49419e-04	1.575e-01	7.484e-02 8.692837715148926	1.0
chr12_28138135_C_T_b38	2	1.46137e-04	1.455e-01	6.867e-02 7.976321697235107	1.0
chr12_28329656_G_A_b38	2	1.31405e-04	2.249e-01	6.987e-02 8.324813842773438	1.0
chr12_28318571_C_T_b38	2	1.29819e-04	2.298e-01	7.157e-02 8.338555335998535	1.0
chr12_28124405_G_T_b38	2	1.06735e-04	1.795e-01	7.052e-02 8.165510177612305	1.0
chr12_28136791_A_C_b38	2	1.06181e-04	1.340e-01	6.817e-02 8.055184364318848	1.0
chr12_28375576_G_A_b38	2	1.05429e-04	2.233e-01	7.104e-02 8.276947975158691	1.0
chr12_28370376_T_G_b38	2	1.05429e-04	2.233e-01	7.104e-02 8.280556678771973	1.0
chr12_28368345_T_C_b38	2	1.05429e-04	2.233e-01	7.104e-02 8.279518127441406	1.0
chr12_28368176_C_T_b38	2	1.05429e-04	2.233e-01	7.104e-02 8.281764984130861	1.0
chr12_28437804_G_A_b38	2	1.01122e-04	-2.923e-01	7.730e-02 -6.612784862518311	1.0
chr12_28363268_A_T_b38	2	9.23194e-05	2.225e-01	7.174e-02 8.19252872467041	1.0
chr12_28297218_C_A_b38	2	8.81311e-05	2.190e-01	7.103e-02 8.288032531738281	1.0
chr12_28289754_C_T_b38	2	8.81311e-05	2.190e-01	7.103e-02 8.368919372558594	1.0
chr12_28289141_C_T_b38	2	8.80621e-05	2.150e-01	6.966e-02 8.376157760620117	1.0
chr12_28316178_T_C_b38	2	8.66137e-05	2.163e-01	7.026e-02 8.326562881469728	1.0
chr12_28313303_G_A_b38	2	8.66137e-05	2.163e-01	7.026e-02 8.338326454162598	1.0
chr12_28400600_C_G_b38	2	8.39945e-05	2.494e-01	8.134e-02 7.472447395324707	1.0
chr12_28132898_T_TA_b38	2	8.02893e-05	1.697e-01	6.976e-02 8.178406696671859	1.0
chr12_28154784_C_T_b38	2	7.84048e-05	1.213e-01	6.848e-02 8.394109725952147	1.0
chr12_28573109_C_T_b38	2	7.47364e-05	-2.805e-01	7.581e-02 -6.59100866317749	1.0
chr12_28571283_T_C_b38	2	7.47364e-05	-2.805e-01	7.581e-02 -6.623048305511475	1.0
chr12_28109762_G_GT_b38	2	7.43677e-05	1.660e-01	6.843e-02 6.7631396996638085	1.0
chr12_28115957_A_G_b38	2	7.43677e-05	1.660e-01	6.843e-02 6.9868507385253915	1.0
chr12_28120723_A_T_b38	2	7.43677e-05	1.660e-01	6.843e-02 7.079432010650635	1.0
chr12_28109716_T_A_b38	2	7.43677e-05	1.660e-01	6.843e-02 6.963927745819093	1.0
chr12_28121472_G_C_b38	2	7.43677e-05	1.660e-01	6.843e-02 7.108527660369872	1.0
chr12_28110120_G_A_b38	2	7.43677e-05	1.660e-01	6.843e-02 6.973438739776611	1.0
chr12_28115920_G_A_b38	2	7.43677e-05	1.660e-01	6.843e-02 6.9882869720458975	1.0
chr12_28112117_T_G_b38	2	7.43677e-05	1.660e-01	6.843e-02 6.953807830810548	1.0
chr12_28120084_C_T_b38	2	7.43677e-05	1.660e-01	6.843e-02 7.080248355865479	1.0
chr12_28113449_A_G_b38	2	7.43677e-05	1.660e-01	6.843e-02 6.969072818756104	1.0
chr12_28109789_T_C_b38	2	7.43677e-05	1.660e-01	6.843e-02 6.9635066986083975	1.0
chr12_28354126_G_A_b38	2	7.23918e-05	2.128e-01	7.050e-02 8.297696113586426	1.0
chr12_28369828_C_T_b38	2	7.23918e-05	2.128e-01	7.050e-02 8.268268585205076	1.0
chr12_28242918_T_C_b38	2	7.15484e-05	1.623e-01	6.867e-02 8.580872535705566	1.0
chr12_28381636_G_C_b38	2	7.11574e-05	2.101e-01	6.972e-02 8.29963493347168	1.0
chr12_28393104_G_A_b38	2	7.07083e-05	2.379e-01	7.892e-02 7.2680602073669425	1.0
chr12_28568481_A_G_b38	2	6.83690e-05	-2.819e-01	7.670e-02 -6.607337951660156	1.0
chr12_28330260_C_T_b38	2	6.62873e-05	2.299e-01	7.691e-02 6.562866687774657	1.0
chr12_28567087_G_A_b38	2	6.51396e-05	-2.803e-01	7.657e-02 -6.656088352203369	1.0
chr12_28569378_C_G_b38	2	6.51396e-05	-2.803e-01	7.657e-02 -6.60597038269043	1.0
chr12_28330302_G_A_b38	2	6.48119e-05	2.081e-01	6.984e-02 8.319916725158691	1.0
chr12_28338224_C_G_b38	2	5.89387e-05	2.091e-01	7.098e-02 8.316664695739746	1.0
chr12_28571106_A_G_b38	2	5.84049e-05	-2.750e-01	7.581e-02 -6.60790491104126	1.0
chr12_28120979_G_A_b38	2	5.83694e-05	1.593e-01	6.877e-02 7.091320991516112	1.0
chr12_28454984_G_A_b38	2	5.30290e-05	-2.540e-01	7.086e-02 -8.314611434936522	1.0
chr12_28178754_A_G_b38	3	1.91348e-04	-2.626e-01	1.398e-01 4.218691349029541	1.0
chr12_28195932_G_A_b38	3	1.72913e-04	-2.612e-01	1.393e-01 4.250322341918944	1.0
