chr4_151419294_T_C_b38	1	8.44128e-02	-7.734e-01	4.972e-02 -7.123930931091309	1.0
chr4_151413510_G_A_b38	1	3.85167e-02	-7.884e-01	5.185e-02 -7.118168830871582	1.0
chr4_151420726_A_G_b38	1	3.85167e-02	-7.884e-01	5.185e-02 -7.129068374633789	1.0
chr4_151422736_G_T_b38	1	3.85167e-02	-7.884e-01	5.185e-02 -7.096304416656494	1.0
chr4_151424951_T_G_b38	1	3.85167e-02	-7.884e-01	5.185e-02 -7.095562934875487	1.0
chr4_151425285_G_A_b38	1	3.85167e-02	-7.884e-01	5.185e-02 -7.09516716003418	1.0
chr4_151476103_G_T_b38	1	1.59082e-02	-7.735e-01	4.971e-02 -7.112960815429688	1.0
chr4_151489388_G_T_b38	1	1.59082e-02	-7.735e-01	4.971e-02 -7.112476825714111	1.0
chr4_151526820_G_A_b38	1	1.59082e-02	-7.735e-01	4.971e-02 -7.158027760460549	1.0
chr4_151531246_G_A_b38	1	1.59082e-02	-7.735e-01	4.971e-02 -7.133251190185548	1.0
chr4_151430348_A_G_b38	1	1.59082e-02	-7.735e-01	4.971e-02 -7.105175018310548	1.0
chr4_151506534_C_T_b38	1	1.59082e-02	-7.735e-01	4.971e-02 -7.153455257415772	1.0
chr4_151528943_C_A_b38	1	1.59082e-02	-7.735e-01	4.971e-02 -7.135201930999756	1.0
chr4_151499604_C_T_b38	1	1.59082e-02	-7.735e-01	4.971e-02 -7.125975608825684	1.0
chr4_151528974_G_A_b38	1	1.59082e-02	-7.735e-01	4.971e-02 -7.13466739654541	1.0
chr4_151434238_C_T_b38	1	6.72883e-03	-7.876e-01	5.195e-02 -7.099842071533202	1.0
chr4_151446152_A_G_b38	1	6.72883e-03	-7.876e-01	5.195e-02 -7.123362064361572	1.0
chr4_151468012_T_C_b38	1	6.72883e-03	-7.876e-01	5.195e-02 -7.133252544302813	1.0
chr4_151432223_A_G_b38	1	6.72883e-03	-7.876e-01	5.195e-02 -7.093728542327881	1.0
chr4_151470078_T_C_b38	1	6.72883e-03	-7.876e-01	5.195e-02 -7.095547676086426	1.0
chr4_151461482_A_G_b38	1	6.72883e-03	-7.876e-01	5.195e-02 -7.095259666442871	1.0
chr4_151454898_C_T_b38	1	6.72883e-03	-7.876e-01	5.195e-02 -7.121955871582031	1.0
chr4_151523479_T_A_b38	1	6.72883e-03	-7.876e-01	5.195e-02 -7.164722442626952	1.0
chr4_151428807_G_C_b38	1	6.72883e-03	-7.876e-01	5.195e-02 -7.052664756774902	1.0
chr4_151468834_CT_C_b38	1	6.72883e-03	-7.876e-01	5.195e-02 -7.133252544302813	1.0
chr4_151450840_T_C_b38	1	6.72883e-03	-7.876e-01	5.195e-02 -7.123197555541992	1.0
chr4_151522121_C_T_b38	1	6.72883e-03	-7.876e-01	5.195e-02 -7.146739959716798	1.0
chr4_151509026_T_C_b38	1	6.72883e-03	-7.876e-01	5.195e-02 -7.14317798614502	1.0
chr4_151512370_G_C_b38	1	6.72883e-03	-7.876e-01	5.195e-02 -7.149200439453125	1.0
chr4_151506354_G_A_b38	1	6.72883e-03	-7.876e-01	5.195e-02 -7.1426429748535165	1.0
chr4_151529148_A_G_b38	1	6.72883e-03	-7.876e-01	5.195e-02 -7.145668983459473	1.0
chr4_151512910_T_G_b38	1	6.72883e-03	-7.876e-01	5.195e-02 -7.092586811920451	1.0
chr4_151469261_A_C_b38	1	6.72883e-03	-7.876e-01	5.195e-02 -7.096083164215088	1.0
chr4_151505613_C_T_b38	1	6.72883e-03	-7.876e-01	5.195e-02 -7.1426429748535165	1.0
chr4_151444411_C_A_b38	1	6.72883e-03	-7.876e-01	5.195e-02 -7.152242660522461	1.0
chr4_151520762_G_A_b38	1	6.72883e-03	-7.876e-01	5.195e-02 -7.158027760460549	1.0
chr4_151476402_T_G_b38	1	6.72883e-03	-7.876e-01	5.195e-02 -7.102436065673827	1.0
chr4_151431820_C_T_b38	1	6.72883e-03	-7.876e-01	5.195e-02 -7.09390115737915	1.0
chr4_151454272_T_G_b38	1	6.72883e-03	-7.876e-01	5.195e-02 -7.121955871582031	1.0
chr4_151450212_G_A_b38	1	6.72883e-03	-7.876e-01	5.195e-02 -7.123970985412598	1.0
chr4_151427270_T_G_b38	1	6.72883e-03	-7.876e-01	5.195e-02 -7.0948920249938965	1.0
chr4_151462680_A_G_b38	1	6.72883e-03	-7.876e-01	5.195e-02 -7.095547676086426	1.0
chr4_151524679_A_C_b38	1	6.72883e-03	-7.876e-01	5.195e-02 -7.163718223571777	1.0
chr4_151502904_C_G_b38	1	6.72883e-03	-7.876e-01	5.195e-02 -7.128320693969728	1.0
chr4_151460648_A_T_b38	1	6.72883e-03	-7.876e-01	5.195e-02 -7.097827911376952	1.0
chr4_151474581_A_G_b38	1	6.72883e-03	-7.876e-01	5.195e-02 -7.092811107635497	1.0
chr4_151431863_T_C_b38	1	6.72883e-03	-7.876e-01	5.195e-02 -7.093843936920166	1.0
chr4_151486084_T_C_b38	1	6.72883e-03	-7.876e-01	5.195e-02 -7.103926181793213	1.0
chr4_151426912_A_G_b38	1	6.72883e-03	-7.876e-01	5.195e-02 -7.094851016998291	1.0
chr4_151447060_C_T_b38	1	6.72883e-03	-7.876e-01	5.195e-02 -7.123362064361572	1.0
chr4_151431071_C_G_b38	1	6.72883e-03	-7.876e-01	5.195e-02 -7.098176956176758	1.0
chr4_151486747_G_A_b38	1	6.72883e-03	-7.876e-01	5.195e-02 -7.10760498046875	1.0
chr4_151517698_G_C_b38	1	6.72883e-03	-7.876e-01	5.195e-02 -7.158149719238281	1.0
chr4_151524075_A_G_b38	1	6.72883e-03	-7.876e-01	5.195e-02 -7.163718223571777	1.0
chr4_151530667_T_C_b38	1	6.72883e-03	-7.876e-01	5.195e-02 -7.133164882659912	1.0
chr4_151470884_G_T_b38	1	6.72883e-03	-7.876e-01	5.195e-02 -7.095489978790282	1.0
chr4_151494863_C_T_b38	1	6.72883e-03	-7.876e-01	5.195e-02 -7.1195878982543945	1.0
chr4_151513053_A_C_b38	1	6.72883e-03	-7.876e-01	5.195e-02 -7.158027760460549	1.0
chr4_151525680_T_A_b38	1	6.72883e-03	-7.876e-01	5.195e-02 -7.1698365211486825	1.0
chr4_151458499_G_A_b38	1	6.72883e-03	-7.876e-01	5.195e-02 -7.123486518859862	1.0
chr4_151435967_A_G_b38	1	6.72883e-03	-7.876e-01	5.195e-02 -7.111545085906982	1.0
chr4_151530976_T_G_b38	1	6.72883e-03	-7.876e-01	5.195e-02 -7.132084369659424	1.0
chr4_151451353_A_G_b38	1	6.72883e-03	-7.876e-01	5.195e-02 -7.087223529815674	1.0
chr4_151444424_G_A_b38	1	6.72883e-03	-7.876e-01	5.195e-02 -7.127339839935303	1.0
chr4_151437834_C_T_b38	1	6.72883e-03	-7.876e-01	5.195e-02 -7.121156215667725	1.0
chr4_151425783_G_GCAT_b38	1	6.72883e-03	-7.876e-01	5.195e-02 -7.0959455031023415	1.0
chr4_151491451_T_C_b38	1	6.72883e-03	-7.876e-01	5.195e-02 -7.103342533111572	1.0
chr4_151433753_G_C_b38	1	6.72883e-03	-7.876e-01	5.195e-02 -7.093416213989258	1.0
chr4_151428810_G_T_b38	1	6.72883e-03	-7.876e-01	5.195e-02 -7.051540851593018	1.0
chr4_151510618_G_A_b38	1	6.72883e-03	-7.876e-01	5.195e-02 -7.145770072937013	1.0
chr4_151434116_C_T_b38	1	6.72883e-03	-7.876e-01	5.195e-02 -7.0739479064941415	1.0
chr4_151511354_C_T_b38	1	6.72883e-03	-7.876e-01	5.195e-02 -7.158027760460549	1.0
chr4_151456470_A_G_b38	1	6.72883e-03	-7.876e-01	5.195e-02 -7.1220130920410165	1.0
chr4_151455643_T_C_b38	1	6.72883e-03	-7.876e-01	5.195e-02 -7.120476245880128	1.0
chr4_151454165_A_AGTG_b38	1	6.72883e-03	-7.876e-01	5.195e-02 -7.0959455031023415	1.0
chr4_151504806_A_C_b38	1	6.72883e-03	-7.876e-01	5.195e-02 -7.140347480773926	1.0
chr4_151462887_A_G_b38	1	6.72883e-03	-7.876e-01	5.195e-02 -7.095547676086426	1.0
chr4_151458242_C_G_b38	1	6.72883e-03	-7.876e-01	5.195e-02 -7.1252641677856445	1.0
chr4_151462810_T_C_b38	1	6.72883e-03	-7.876e-01	5.195e-02 -7.096634864807129	1.0
chr4_151510400_A_G_b38	1	6.72883e-03	-7.876e-01	5.195e-02 -7.1465678215026855	1.0
chr4_151447965_G_A_b38	1	6.72883e-03	-7.876e-01	5.195e-02 -7.123362064361572	1.0
chr4_151530301_G_A_b38	1	6.72883e-03	-7.876e-01	5.195e-02 -7.126835823059082	1.0
chr4_151513619_C_A_b38	1	6.72883e-03	-7.876e-01	5.195e-02 -7.158027760460549	1.0
chr4_151514639_T_A_b38	1	6.72883e-03	-7.876e-01	5.195e-02 -7.158027760460549	1.0
chr4_151430008_A_G_b38	1	6.72883e-03	-7.876e-01	5.195e-02 -7.093843936920166	1.0
chr4_151459117_T_C_b38	1	6.72883e-03	-7.876e-01	5.195e-02 -7.1207642555236825	1.0
chr4_151435167_ACTATAGTC_A_b38	1	6.72883e-03	-7.876e-01	5.195e-02 -7.0959455031023415	1.0
chr4_151512876_G_T_b38	1	6.72883e-03	-7.876e-01	5.195e-02 -7.0636658668518075	1.0
chr4_151442620_T_C_b38	1	6.72883e-03	-7.876e-01	5.195e-02 -7.111842155456543	1.0
chr4_151449485_T_C_b38	1	6.72883e-03	-7.876e-01	5.195e-02 -7.121625900268555	1.0
chr4_151472115_T_C_b38	1	6.72883e-03	-7.876e-01	5.195e-02 -7.095375061035156	1.0
chr4_151429153_A_G_b38	1	6.72883e-03	-7.876e-01	5.195e-02 -7.046516008059669	1.0
chr4_151434231_T_C_b38	1	6.72883e-03	-7.876e-01	5.195e-02 -7.0997843742370605	1.0
chr4_151525854_T_A_b38	1	6.72883e-03	-7.876e-01	5.195e-02 -7.158027760460549	1.0
chr4_151488449_A_G_b38	1	6.72883e-03	-7.876e-01	5.195e-02 -7.106132984161378	1.0
chr4_151511484_C_T_b38	1	6.72883e-03	-7.876e-01	5.195e-02 -7.158027760460549	1.0
chr4_151473102_A_G_b38	1	6.72883e-03	-7.876e-01	5.195e-02 -7.095489978790282	1.0
chr4_151488325_A_C_b38	1	6.72883e-03	-7.876e-01	5.195e-02 -7.101276397705077	1.0
chr4_151460898_A_G_b38	1	6.72883e-03	-7.876e-01	5.195e-02 -7.098881244659424	1.0
chr4_151511348_T_C_b38	1	6.72883e-03	-7.876e-01	5.195e-02 -7.1473493576049805	1.0
chr4_151426673_T_G_b38	1	5.79286e-03	-7.878e-01	5.206e-02 -7.095304489135742	1.0
chr4_151436292_T_C_b38	1	4.09572e-04	-7.476e-01	4.749e-02 -7.109396934509277	1.0
chr4_151515254_A_AC_b38	1	3.81812e-04	-7.480e-01	4.756e-02 -6.879361181406734	1.0
chr4_151325697_G_C_b38	2	3.12999e-01	3.397e-01	4.911e-02 -5.084447383880615	1.0
chr4_151326593_G_T_b38	2	1.63660e-01	3.818e-01	5.439e-02 -5.135690212249756	1.0
chr4_151327641_C_T_b38	2	1.02820e-01	3.818e-01	5.439e-02 -5.1241326332092285	1.0
chr4_151330276_C_CTA_b38	2	7.98521e-02	3.637e-01	5.135e-02 -5.088310411034431	1.0
chr4_151322973_AC_A_b38	2	6.43253e-02	3.818e-01	5.439e-02 -5.060661130216871	1.0
chr4_151322850_A_G_b38	2	6.43253e-02	3.818e-01	5.439e-02 -5.1529502868652335	1.0
chr4_151322849_C_T_b38	2	6.07427e-02	3.830e-01	5.466e-02 -5.175198554992676	1.0
chr4_151322106_C_T_b38	2	6.07427e-02	3.830e-01	5.466e-02 -5.152656078338623	1.0
chr4_151330153_C_T_b38	2	5.82455e-02	3.818e-01	5.439e-02 -5.128188610076903	1.0
chr4_151331361_C_T_b38	2	1.53590e-02	3.701e-01	5.340e-02 -5.119417190551758	1.0
chr4_151331246_T_C_b38	2	1.45934e-02	3.785e-01	5.474e-02 -5.127521514892578	1.0
chr4_151330952_G_A_b38	2	6.42528e-04	3.270e-01	4.983e-02 -5.085685253143311	1.0
chr4_151321014_C_T_b38	2	3.97480e-04	3.483e-01	5.457e-02 -5.018101215362549	1.0
chr4_151326044_T_G_b38	3	1.48144e-02	3.359e-02	2.209e-01 0.0	1.0
chr4_151316550_C_T_b38	3	2.68583e-04	9.349e-03	2.001e-01 0.0	1.0
