chr19_43533218_C_G_b38	1	1.25024e-01	7.298e-01	1.015e-01 7.417213439941406	1.0
chr19_43574316_T_G_b38	1	8.51033e-02	7.253e-01	1.019e-01 7.268715858459473	1.0
chr19_43567861_G_T_b38	1	8.03379e-02	7.444e-01	9.977e-02 7.248978137969972	1.0
chr19_43568381_C_T_b38	1	8.03379e-02	7.444e-01	9.977e-02 7.2872676849365225	1.0
chr19_43564041_C_T_b38	1	8.03379e-02	7.444e-01	9.977e-02 7.26061201095581	1.0
chr19_43564249_G_A_b38	1	8.03379e-02	7.444e-01	9.977e-02 7.26315975189209	1.0
chr19_43536845_T_C_b38	1	6.15576e-02	7.301e-01	1.013e-01 7.41765022277832	1.0
chr19_43549390_G_A_b38	1	6.15576e-02	7.301e-01	1.013e-01 7.436112880706787	1.0
chr19_43546814_T_C_b38	1	6.15576e-02	7.301e-01	1.013e-01 7.404145240783691	1.0
chr19_43540396_C_T_b38	1	5.87820e-02	7.286e-01	9.958e-02 7.38478422164917	1.0
chr19_43541349_C_T_b38	1	5.87820e-02	7.286e-01	9.958e-02 7.395325183868407	1.0
chr19_43580251_G_A_b38	1	2.23617e-02	7.453e-01	9.927e-02 7.2906126976013175	1.0
chr19_43581675_C_T_b38	1	2.23617e-02	7.453e-01	9.927e-02 7.288818836212157	1.0
chr19_43577584_T_G_b38	1	2.23617e-02	7.453e-01	9.927e-02 7.246121406555176	1.0
chr19_43578398_C_A_b38	1	2.23617e-02	7.453e-01	9.927e-02 7.245827198028564	1.0
chr19_43578277_C_A_b38	1	2.23617e-02	7.453e-01	9.927e-02 7.2407188415527335	1.0
chr19_43558535_G_A_b38	1	2.08235e-02	7.310e-01	1.009e-01 7.445706844329834	1.0
chr19_43565589_T_A_b38	1	1.41859e-02	7.036e-01	1.017e-01 7.252719402313232	1.0
chr19_43564554_T_C_b38	1	1.41859e-02	7.036e-01	1.017e-01 7.250791072845459	1.0
chr19_43522406_T_C_b38	1	1.02669e-03	6.260e-01	7.897e-02 5.923320770263673	1.0
chr19_43522915_T_C_b38	1	1.02669e-03	6.260e-01	7.897e-02 5.918691158294678	1.0
chr19_43530194_A_C_b38	2	4.87329e-02	2.624e-01	8.302e-02 2.975736379623413	1.0
chr19_43523238_T_C_b38	2	3.75145e-02	2.392e-01	8.158e-02 2.858321189880371	1.0
chr19_43521049_T_C_b38	2	3.24321e-02	2.501e-01	8.105e-02 2.8202366828918457	1.0
chr19_43521303_T_C_b38	2	3.24321e-02	2.501e-01	8.105e-02 2.8205790519714355	1.0
chr19_43495482_A_C_b38	2	3.10898e-02	2.833e-01	7.395e-02 3.606814622879028	1.0
chr19_43493673_C_G_b38	2	3.10898e-02	2.833e-01	7.395e-02 3.6007463932037367	1.0
chr19_43497739_T_C_b38	2	3.10898e-02	2.833e-01	7.395e-02 3.596233367919922	1.0
chr19_43517614_A_T_b38	2	2.51315e-02	2.531e-01	7.932e-02 2.8576438426971436	1.0
chr19_43513773_A_G_b38	2	1.23390e-02	2.523e-01	7.904e-02 2.852468729019165	1.0
chr19_43526846_C_T_b38	2	9.32788e-03	2.090e-01	8.880e-02 2.7820074558258057	1.0
chr19_43502996_TA_T_b38	2	5.54209e-03	2.277e-01	7.821e-02 2.97310607001499	1.0
chr19_43508457_T_C_b38	2	5.54209e-03	2.277e-01	7.821e-02 2.8193399906158447	1.0
chr19_43503009_TA_T_b38	2	5.54209e-03	2.277e-01	7.821e-02 2.97310607001499	1.0
chr19_43509108_G_A_b38	2	5.54209e-03	2.277e-01	7.821e-02 2.86691689491272	1.0
chr19_43503007_A_T_b38	2	5.54209e-03	2.277e-01	7.821e-02 2.97310607001499	1.0
chr19_43502998_GATCTGT_G_b38	2	5.54209e-03	2.277e-01	7.821e-02 2.97310607001499	1.0
chr19_43502860_G_A_b38	2	5.54209e-03	2.277e-01	7.821e-02 2.745483636856079	1.0
chr19_43521083_T_A_b38	2	3.13104e-03	1.894e-01	9.085e-02 2.844576835632324	1.0
chr19_43520790_G_T_b38	2	1.50721e-03	1.604e-01	8.964e-02 2.815741539001465	1.0
chr19_43478315_A_G_b38	2	1.32215e-03	2.222e-01	7.776e-02 2.646204948425293	1.0
chr19_43534154_T_C_b38	2	8.00294e-04	1.379e-01	7.623e-02 3.0084750652313232	1.0
chr19_43500955_T_C_b38	2	5.55495e-04	1.862e-01	8.539e-02 2.8597373962402344	1.0
chr19_43508728_A_G_b38	2	1.40778e-04	1.721e-01	8.704e-02 2.8100647926330566	1.0
chr19_43541325_G_T_b38	2	7.26053e-05	1.373e-01	7.604e-02 3.0185225009918213	1.0
chr19_43524159_C_T_b38	3	4.01888e-03	-3.377e-01	1.286e-01 -1.866411089897156	1.0
chr19_43522638_C_T_b38	3	1.35229e-03	-3.497e-01	1.283e-01 -1.8746334314346316	1.0
chr19_43543161_ATTCCCAG_A_b38	3	7.25325e-04	-3.340e-01	1.068e-01 -0.7986834534717805	1.0
chr19_43547347_C_T_b38	3	5.52518e-04	-3.296e-01	1.060e-01 -0.6528840065002441	1.0
chr19_43523226_T_C_b38	3	4.17749e-05	-2.058e-01	1.055e-01 -1.865531086921692	1.0
