chr16_724045_TGGGGCAGTGGGTGGGTGG_T_b38	1	1.35827e-01	1.571e-01	4.210e-02 12.523755029360604	1.0
chr16_728820_G_A_b38	1	1.09233e-01	1.560e-01	4.070e-02 12.716318130493164	1.0
chr16_714826_C_T_b38	1	1.05497e-01	1.514e-01	3.958e-02 11.553500175476074	1.0
chr16_718596_G_T_b38	1	1.01206e-01	1.579e-01	4.538e-02 12.765298843383787	1.0
chr16_719538_G_A_b38	1	7.46148e-02	1.509e-01	4.494e-02 12.819161415100098	1.0
chr16_734765_C_T_b38	1	4.50932e-02	1.506e-01	3.879e-02 12.716704368591307	1.0
chr16_717426_T_TG_b38	1	4.02600e-02	1.492e-01	4.521e-02 12.466801148204201	1.0
chr16_719926_C_G_b38	1	3.42713e-02	1.214e-01	3.899e-02 12.60116195678711	1.0
chr16_737738_G_C_b38	1	3.32363e-02	1.501e-01	3.975e-02 11.198118209838867	1.0
chr16_733865_T_C_b38	1	2.95417e-02	1.471e-01	3.835e-02 13.771531105041506	1.0
chr16_733864_C_A_b38	1	2.95417e-02	1.471e-01	3.835e-02 13.78170108795166	1.0
chr16_731633_G_A_b38	1	1.84648e-02	1.520e-01	4.171e-02 12.218525886535645	1.0
chr16_719247_G_A_b38	1	1.72545e-02	1.272e-01	4.722e-02 12.592729568481445	1.0
chr16_719026_G_C_b38	1	1.72545e-02	1.272e-01	4.722e-02 12.560466766357422	1.0
chr16_728024_T_C_b38	1	1.31572e-02	1.142e-01	3.559e-02 12.961296081542967	1.0
chr16_728158_C_G_b38	1	9.58711e-03	1.131e-01	3.604e-02 12.981029510498047	1.0
chr16_732132_C_T_b38	1	8.62889e-03	1.434e-01	4.162e-02 12.22769546508789	1.0
chr16_733156_G_C_b38	1	7.60728e-03	1.354e-01	3.983e-02 12.149584770202635	1.0
chr16_742190_A_G_b38	1	7.36277e-03	1.172e-01	3.458e-02 13.612177848815918	1.0
chr16_714753_C_G_b38	1	7.13960e-03	1.181e-01	3.719e-02 11.741558074951172	1.0
chr16_718597_A_G_b38	1	5.20746e-03	1.032e-01	4.100e-02 12.337656426947243	1.0
chr16_731292_C_T_b38	1	3.78245e-03	1.309e-01	4.139e-02 13.175456047058105	1.0
chr16_719566_C_G_b38	1	3.72119e-03	9.941e-02	5.505e-02 12.59203052520752	1.0
chr16_739618_G_A_b38	1	3.05804e-03	1.247e-01	4.022e-02 10.307644844055176	1.0
chr16_733004_T_C_b38	1	1.92380e-03	1.175e-01	4.045e-02 13.095850944519045	1.0
chr16_720487_T_C_b38	2	2.29771e-01	-1.011e-01	3.799e-02 -2.1250841617584233	1.0
chr16_721234_C_T_b38	2	1.42985e-01	-9.374e-02	3.836e-02 -2.45505166053772	1.0
chr16_721181_C_G_b38	2	1.31683e-01	-9.455e-02	3.852e-02 -2.435250997543335	1.0
chr16_727091_G_C_b38	2	1.92580e-02	-1.015e-01	3.467e-02 -2.325991589184748	1.0
chr16_725954_C_A_b38	2	9.98299e-03	-9.158e-02	3.603e-02 -2.7036573886871342	1.0
chr16_725947_G_C_b38	2	9.98299e-03	-9.158e-02	3.603e-02 -2.76029109954834	1.0
chr16_725955_C_A_b38	2	9.98299e-03	-9.158e-02	3.603e-02 -2.6865274906158447	1.0
chr16_723367_G_T_b38	2	9.28961e-03	-8.270e-02	3.591e-02 -2.3327457904815674	1.0
chr16_727627_C_T_b38	2	3.66844e-03	-8.799e-02	3.580e-02 -2.744060754776001	1.0
chr16_729689_G_C_b38	2	3.13580e-03	-8.501e-02	3.503e-02 -2.809360980987549	1.0
chr16_737827_A_C_b38	2	2.47048e-03	-9.077e-02	3.379e-02 -0.4797019064426422	1.0
chr16_721108_C_A_b38	3	5.14243e-03	5.942e-02	8.388e-02 8.331281022315643	1.0
chr16_720983_G_A_b38	3	4.45014e-03	-6.887e-02	7.742e-02 8.208613395690918	1.0
chr16_721286_C_T_b38	3	3.85528e-03	2.175e-02	7.984e-02 8.884672164916992	1.0
chr16_721750_T_C_b38	3	8.58807e-04	-6.834e-02	8.273e-02 8.16712980927562	1.0
chr16_722061_C_T_b38	3	2.37911e-04	7.419e-02	6.770e-02 8.49183464050293	1.0
chr16_723291_GC_G_b38	3	1.68600e-04	-1.603e-01	1.002e-01 8.003116221693576	1.0
chr16_723341_G_A_b38	3	8.97470e-05	5.972e-02	5.021e-02 8.566178321838379	1.0
chr16_723313_G_GC_b38	3	8.39655e-05	5.472e-02	5.002e-02 8.155882971910865	1.0
