chr19_43567108_C_A_b38	1	2.12150e-01	2.546e-01	4.384e-02 7.326446533203125	1.0
chr19_43571109_TCA_T_b38	1	2.12150e-01	2.546e-01	4.384e-02 7.168867497227353	1.0
chr19_43583574_C_G_b38	1	1.60292e-01	2.500e-01	4.303e-02 7.292532444000244	1.0
chr19_43562442_AT_A_b38	1	1.60220e-01	2.610e-01	4.702e-02 7.101262546762499	1.0
chr19_43570060_A_G_b38	1	1.05694e-01	2.503e-01	4.407e-02 7.349050045013428	1.0
chr19_43543164_C_T_b38	1	1.90963e-02	2.995e-01	6.320e-02 6.963157925275343	1.0
chr19_43541349_C_T_b38	1	1.05680e-02	2.484e-01	5.300e-02 7.395325183868407	1.0
chr19_43540396_C_T_b38	1	1.05680e-02	2.484e-01	5.300e-02 7.38478422164917	1.0
chr19_43549390_G_A_b38	1	1.05680e-02	2.484e-01	5.300e-02 7.436112880706787	1.0
chr19_43533218_C_G_b38	1	1.05680e-02	2.484e-01	5.300e-02 7.417213439941406	1.0
chr19_43536845_T_C_b38	1	1.05680e-02	2.484e-01	5.300e-02 7.41765022277832	1.0
chr19_43546814_T_C_b38	1	1.05680e-02	2.484e-01	5.300e-02 7.404145240783691	1.0
chr19_43580251_G_A_b38	1	8.24324e-03	2.535e-01	5.268e-02 7.2906126976013175	1.0
chr19_43581675_C_T_b38	1	8.24324e-03	2.535e-01	5.268e-02 7.288818836212157	1.0
chr19_43578398_C_A_b38	1	8.24324e-03	2.535e-01	5.268e-02 7.245827198028564	1.0
chr19_43578277_C_A_b38	1	8.24324e-03	2.535e-01	5.268e-02 7.2407188415527335	1.0
chr19_43501293_C_T_b38	1	5.30532e-03	2.380e-01	5.734e-02 6.597778797149657	1.0
chr19_43577584_T_G_b38	1	3.05921e-03	2.501e-01	5.425e-02 7.246121406555176	1.0
chr19_43564041_C_T_b38	1	2.87614e-03	2.533e-01	5.555e-02 7.26061201095581	1.0
chr19_43567861_G_T_b38	1	2.87614e-03	2.533e-01	5.555e-02 7.248978137969972	1.0
chr19_43568381_C_T_b38	1	2.87614e-03	2.533e-01	5.555e-02 7.2872676849365225	1.0
chr19_43558535_G_A_b38	1	2.56747e-03	2.519e-01	5.476e-02 7.445706844329834	1.0
chr19_43565589_T_A_b38	1	1.59593e-03	2.441e-01	5.374e-02 7.252719402313232	1.0
chr19_43564554_T_C_b38	1	1.59593e-03	2.441e-01	5.374e-02 7.250791072845459	1.0
chr19_43564249_G_A_b38	1	2.33695e-04	3.189e-01	3.961e-02 7.26315975189209	1.0
chr19_43512767_G_GA_b38	1	1.12449e-04	2.879e-01	3.838e-02 5.7796022340960995	1.0
chr19_43504696_G_C_b38	2	5.69965e-01	1.296e-01	3.603e-02 5.3094658851623535	1.0
chr19_43504203_C_A_b38	2	2.08639e-01	1.302e-01	3.489e-02 5.3158860206604	1.0
chr19_43509444_C_G_b38	2	7.58365e-02	1.332e-01	3.359e-02 5.3531413078308105	1.0
chr19_43512450_G_C_b38	2	4.27842e-02	1.340e-01	3.336e-02 5.338389873504639	1.0
chr19_43519254_C_T_b38	2	1.79682e-02	1.334e-01	3.354e-02 5.3093905448913565	1.0
chr19_43524879_G_C_b38	2	1.71197e-02	1.333e-01	3.358e-02 5.311929702758789	1.0
chr19_43499556_T_C_b38	2	2.75020e-03	1.189e-01	3.386e-02 5.303678512573242	1.0
chr19_43505212_C_T_b38	3	2.02550e-02	-7.960e-02	7.357e-02 -3.2472243309021	1.0
chr19_43504376_C_T_b38	3	7.13714e-03	-7.063e-02	5.895e-02 -3.243449211120605	1.0
chr19_43504337_G_A_b38	3	7.13714e-03	-7.063e-02	5.895e-02 -3.2437186241149902	1.0
chr19_43503475_G_C_b38	3	3.10889e-03	-6.778e-02	5.521e-02 -3.251777172088623	1.0
chr19_43503344_C_T_b38	3	3.10889e-03	-6.778e-02	5.521e-02 -3.252915859222412	1.0
chr19_43503634_G_T_b38	3	3.10889e-03	-6.778e-02	5.521e-02 -3.251015901565552	1.0
chr19_43501724_CCAAA_C_b38	3	1.68892e-03	-6.710e-02	5.454e-02 -3.2436091880335334	1.0
chr19_43510378_C_T_b38	3	8.68953e-04	-6.021e-02	4.398e-02 -3.254610538482666	1.0
chr19_43512414_A_T_b38	3	8.68953e-04	-6.021e-02	4.398e-02 -3.246527194976806	1.0
chr19_43513551_C_T_b38	3	8.68953e-04	-6.021e-02	4.398e-02 -3.244297504425049	1.0
chr19_43501311_G_A_b38	3	6.98568e-04	-3.387e-02	4.142e-02 -3.243126630783081	1.0
chr19_43517937_A_G_b38	3	3.99663e-04	-6.303e-02	4.529e-02 -3.5592161205365755	1.0
chr19_43515267_A_T_b38	3	3.98418e-04	-6.213e-02	4.392e-02 -3.254959344863892	1.0
chr19_43491805_T_C_b38	3	3.94408e-04	-6.055e-02	4.398e-02 -3.235316276550293	1.0
chr19_43490994_G_A_b38	3	3.94408e-04	-6.055e-02	4.398e-02 -3.2302048206329346	1.0
chr19_43517621_A_G_b38	3	3.83931e-04	-6.055e-02	4.398e-02 -3.326609153163961	1.0
chr19_43518517_C_T_b38	3	3.83931e-04	-6.055e-02	4.398e-02 -3.270400285720825	1.0
chr19_43521282_G_A_b38	3	3.83931e-04	-6.055e-02	4.398e-02 -3.2328457832336426	1.0
chr19_43517122_C_A_b38	3	3.83931e-04	-6.055e-02	4.398e-02 -3.2428622245788574	1.0
chr19_43518511_C_T_b38	3	3.83931e-04	-6.055e-02	4.398e-02 -3.2463686466217037	1.0
chr19_43524143_C_T_b38	3	3.83931e-04	-6.055e-02	4.398e-02 -3.2282650470733643	1.0
chr19_43527400_CAG_C_b38	3	3.83931e-04	-6.055e-02	4.398e-02 -3.326609153163961	1.0
chr19_43522770_A_G_b38	3	3.83931e-04	-6.055e-02	4.398e-02 -3.236069917678833	1.0
chr19_43527172_C_T_b38	3	3.83931e-04	-6.055e-02	4.398e-02 -3.2533795833587646	1.0
chr19_43515620_A_G_b38	3	3.83931e-04	-6.055e-02	4.398e-02 -3.252504587173462	1.0
chr19_43517497_G_A_b38	3	3.00446e-04	-5.395e-02	4.386e-02 -3.3019204139709477	1.0
chr19_43481678_C_T_b38	3	1.94181e-04	-4.256e-02	4.360e-02 -2.975208282470703	1.0
chr19_43481559_G_A_b38	3	1.94181e-04	-4.256e-02	4.360e-02 -2.9766547679901123	1.0
chr19_43529393_A_G_b38	3	1.82424e-04	-4.147e-02	4.288e-02 -3.2188119888305664	1.0
chr19_43525592_T_G_b38	3	1.82424e-04	-4.147e-02	4.288e-02 -3.2599763870239262	1.0
chr19_43477077_T_C_b38	3	1.14565e-04	-6.188e-02	4.352e-02 -3.004610300064087	1.0
chr19_43457467_AG_A_b38	4	2.20838e-03	2.017e-01	5.234e-02 1.416857453434324	1.0
chr19_43478315_A_G_b38	4	2.70654e-04	2.840e-01	7.770e-02 2.646204948425293	1.0
chr19_43483798_C_T_b38	4	2.32300e-04	2.323e-01	7.316e-02 2.659785747528076	1.0
chr19_43459876_A_G_b38	4	2.32359e-05	1.556e-01	5.300e-02 1.4351283311843872	1.0
