chr9_83980583_G_A_b38	1	1.68048e-01	5.520e-02	1.574e-02 8.411330223083496	1.0
chr9_83980886_G_T_b38	1	1.13829e-01	5.305e-02	1.565e-02 8.398117065429688	1.0
chr9_83980656_G_A_b38	1	1.06090e-01	5.269e-02	1.565e-02 8.400815010070799	1.0
chr9_83980816_C_A_b38	1	8.21249e-02	5.152e-02	1.568e-02 8.39063549041748	1.0
chr9_83978399_G_C_b38	1	6.70393e-02	6.249e-02	1.687e-02 8.796380996704102	1.0
chr9_83979883_C_T_b38	1	4.25291e-02	5.282e-02	1.565e-02 8.397451400756836	1.0
chr9_83980155_C_T_b38	1	4.14544e-02	5.269e-02	1.565e-02 8.397451400756836	1.0
chr9_83977111_A_G_b38	1	4.00901e-02	6.202e-02	1.671e-02 8.827502250671387	1.0
chr9_83983275_C_T_b38	1	1.82572e-02	5.520e-02	1.574e-02 8.398442268371582	1.0
chr9_83983529_G_T_b38	1	1.73266e-02	6.239e-02	1.794e-02 8.702413558959961	1.0
chr9_83959653_C_T_b38	1	1.58973e-02	5.909e-02	1.571e-02 8.263473510742188	1.0
chr9_83957660_G_T_b38	1	1.14801e-02	5.797e-02	1.580e-02 8.259471893310549	1.0
chr9_83962626_G_A_b38	1	1.06603e-02	5.759e-02	1.579e-02 8.487049102783201	1.0
chr9_83968008_G_T_b38	1	1.04911e-02	5.788e-02	1.589e-02 8.343574929908714	1.0
chr9_84011385_G_GA_b38	1	1.02081e-02	-6.826e-02	1.752e-02 -8.291125417000888	1.0
chr9_83947774_C_T_b38	1	9.88245e-03	6.330e-02	1.626e-02 8.759756088256836	1.0
chr9_83968010_T_TAATA_b38	1	8.63646e-03	5.689e-02	1.587e-02 8.343574929908714	1.0
chr9_83968161_C_T_b38	1	8.61212e-03	5.692e-02	1.588e-02 8.450440406799316	1.0
chr9_83964010_A_T_b38	1	8.36476e-03	5.748e-02	1.608e-02 8.449569702148438	1.0
chr9_83937290_A_G_b38	1	7.22009e-03	6.168e-02	1.620e-02 8.737743377685549	1.0
chr9_84029166_A_C_b38	1	6.66274e-03	-6.784e-02	1.797e-02 -8.607350678663556	1.0
chr9_83882419_G_A_b38	1	6.26596e-03	6.389e-02	1.567e-02 8.201932907104492	1.0
chr9_83949039_G_T_b38	1	5.25942e-03	5.942e-02	1.598e-02 8.255631221344332	1.0
chr9_83950390_G_C_b38	1	5.10696e-03	6.103e-02	1.646e-02 8.788991928100586	1.0
chr9_83944189_C_T_b38	1	4.99864e-03	5.840e-02	1.576e-02 8.255040168762207	1.0
chr9_83936354_A_G_b38	1	4.99864e-03	5.840e-02	1.576e-02 8.253681182861326	1.0
chr9_83939302_C_T_b38	1	4.99864e-03	5.840e-02	1.576e-02 8.254851341247559	1.0
chr9_83953959_A_G_b38	1	4.99864e-03	5.840e-02	1.576e-02 8.238509178161621	1.0
chr9_83938191_G_C_b38	1	4.99864e-03	5.840e-02	1.576e-02 8.254919052124022	1.0
chr9_83935732_A_G_b38	1	4.89210e-03	5.826e-02	1.575e-02 8.239363670349121	1.0
chr9_83892527_G_C_b38	1	4.87623e-03	6.315e-02	1.575e-02 8.147931098937987	1.0
chr9_84020358_A_C_b38	1	3.85406e-03	-6.019e-02	1.661e-02 -8.519511516318666	1.0
chr9_84002350_A_G_b38	1	3.68355e-03	-5.248e-02	1.572e-02 -8.365289688110353	1.0
chr9_83944298_T_C_b38	1	3.45560e-03	5.670e-02	1.576e-02 8.256734848022461	1.0
chr9_83894415_T_C_b38	1	3.04524e-03	6.231e-02	1.605e-02 8.19404125213623	1.0
chr9_83949037_T_TC_b38	1	2.78739e-03	5.621e-02	1.591e-02 8.255631221344332	1.0
chr9_84019394_T_C_b38	1	2.37571e-03	-6.119e-02	1.761e-02 -8.731856346130371	1.0
chr9_83937134_C_T_b38	1	2.28530e-03	5.508e-02	1.585e-02 8.261069297790527	1.0
chr9_83955160_C_T_b38	1	2.28530e-03	5.508e-02	1.585e-02 8.253447532653809	1.0
chr9_84011854_T_A_b38	1	2.08525e-03	-5.428e-02	1.576e-02 -8.359073638916017	1.0
chr9_84020284_G_C_b38	1	1.98802e-03	-5.816e-02	1.699e-02 -8.532233813125211	1.0
chr9_84043847_T_C_b38	1	1.92276e-03	-6.334e-02	1.693e-02 -8.64653205871582	1.0
chr9_83886064_T_C_b38	1	1.42880e-03	5.643e-02	1.424e-02 6.048149585723878	1.0
chr9_83894500_T_A_b38	1	1.39279e-03	5.634e-02	1.424e-02 6.028188705444336	1.0
chr9_83913943_A_T_b38	1	1.22370e-03	6.069e-02	1.550e-02 8.050746917724611	1.0
chr9_83980813_G_T_b38	2	3.06994e-01	-1.152e-01	3.866e-02 -1.1893764734268188	1.0
chr9_83987799_T_C_b38	3	1.21991e-03	-7.156e-02	3.564e-02 0.20039890706539154	1.0
chr9_84019304_G_A_b38	3	7.14534e-05	-4.227e-02	4.231e-02 0.6609025001525879	1.0
chr9_84029039_T_C_b38	3	5.63910e-05	-3.300e-02	2.785e-02 0.8300449848175049	1.0
