chr6_24673381_A_G_b38	1	2.35968e-01	2.374e-01	4.290e-02 5.128130435943604	1.0
chr6_24666977_T_TCC_b38	1	1.78034e-01	2.056e-01	4.138e-02 4.793108478913386	1.0
chr6_24686063_C_A_b38	1	1.17262e-01	2.374e-01	4.291e-02 5.1429362297058105	1.0
chr6_24688621_C_T_b38	1	8.19383e-02	2.350e-01	4.298e-02 5.1527748107910165	1.0
chr6_24689083_T_C_b38	1	7.28486e-02	2.149e-01	3.963e-02 4.876420974731445	1.0
chr6_24669244_C_G_b38	1	4.69823e-02	2.070e-01	4.105e-02 4.873417854309082	1.0
chr6_24690634_A_G_b38	1	3.47289e-02	2.280e-01	4.280e-02 5.162305413086884	1.0
chr6_24690635_G_C_b38	1	3.47289e-02	2.280e-01	4.280e-02 5.162305413086884	1.0
chr6_24669717_T_C_b38	1	2.39561e-02	2.049e-01	4.077e-02 4.829653739929199	1.0
chr6_24657254_C_G_b38	1	1.78160e-02	2.069e-01	4.103e-02 4.829786777496338	1.0
chr6_24661283_T_C_b38	1	1.78160e-02	2.069e-01	4.103e-02 4.859384536743164	1.0
chr6_24675096_A_G_b38	1	1.67132e-02	2.069e-01	4.103e-02 4.861134809736411	1.0
chr6_24684717_A_ATCCAAGGTATTGTTTATCATGTAATCAATGT_b38	1	1.28429e-02	2.081e-01	4.042e-02 4.870186117015362	1.0
chr6_24681193_A_G_b38	1	7.27600e-03	2.077e-01	4.120e-02 4.861134809736411	1.0
chr6_24684793_A_G_b38	1	7.27600e-03	2.077e-01	4.120e-02 4.884279727935791	1.0
chr6_24684549_A_ACCAGAAATACAGAGTTTC_b38	1	7.01778e-03	2.056e-01	4.094e-02 4.861134809736411	1.0
chr6_24689084_A_G_b38	1	7.01778e-03	2.056e-01	4.094e-02 4.8505825996398935	1.0
chr6_24688730_A_G_b38	1	7.01778e-03	2.056e-01	4.094e-02 4.8505825996398935	1.0
chr6_24687771_T_C_b38	1	7.01778e-03	2.056e-01	4.094e-02 4.850443840026856	1.0
chr6_24681427_T_C_b38	1	7.01778e-03	2.056e-01	4.094e-02 4.822037220001222	1.0
chr6_24688755_A_G_b38	1	7.01778e-03	2.056e-01	4.094e-02 4.86562442779541	1.0
chr6_24690799_A_G_b38	1	7.01778e-03	2.056e-01	4.094e-02 4.851700782775879	1.0
chr6_24684568_C_T_b38	1	7.01778e-03	2.056e-01	4.094e-02 4.861134809736411	1.0
chr6_24687537_A_G_b38	1	7.01778e-03	2.056e-01	4.094e-02 4.861678123474121	1.0
chr6_24684591_A_T_b38	1	7.01778e-03	2.056e-01	4.094e-02 4.861134809736411	1.0
chr6_24653148_G_A_b38	1	6.77360e-03	2.077e-01	4.120e-02 4.7469658851623535	1.0
chr6_24682313_T_C_b38	1	6.73682e-03	2.164e-01	4.301e-02 5.128500461578369	1.0
chr6_24689773_G_T_b38	1	4.92612e-03	2.013e-01	4.061e-02 4.850507736206055	1.0
chr6_24682663_T_C_b38	1	4.24571e-03	1.991e-01	4.005e-02 4.840245723724365	1.0
chr6_24667095_C_T_b38	2	7.51906e-01	2.024e-01	5.382e-02 1.2689379453659058	1.0
chr6_24669514_G_T_b38	2	1.24903e-01	2.025e-01	5.357e-02 1.2788166999816897	1.0
chr6_24665779_T_G_b38	2	7.59833e-03	1.558e-01	5.097e-02 1.2834556102752686	1.0
chr6_24674565_C_T_b38	2	4.89569e-03	1.786e-01	5.304e-02 1.2373024225234983	1.0
chr6_24665112_A_C_b38	2	1.66192e-03	1.322e-01	4.764e-02 0.6215799450874329	1.0
chr6_24679700_A_G_b38	3	2.91650e-02	-2.647e-01	8.047e-02 0.25441625714302063	1.0
chr6_24666511_C_T_b38	3	1.66947e-02	-1.883e-01	9.562e-02 0.3107189834117889	1.0
chr6_24658166_A_C_b38	3	2.57640e-03	-1.879e-01	9.557e-02 0.41155850887298573	1.0
chr6_24657570_T_A_b38	3	2.57640e-03	-1.879e-01	9.557e-02 0.2883965075016022	1.0
chr6_24654815_C_T_b38	3	9.00208e-04	-1.886e-01	9.547e-02 0.292938232421875	1.0
chr6_24673392_G_A_b38	3	2.30971e-04	-5.325e-02	6.441e-02 0.14867942035198212	1.0
chr6_24667434_C_T_b38	4	1.89235e-03	-9.139e-02	4.342e-02 1.103181004524231	1.0
chr6_24668195_G_A_b38	4	2.11833e-04	-9.202e-02	4.311e-02 1.0795351266860962	1.0
chr6_24676622_G_A_b38	4	4.61347e-05	-9.330e-02	4.279e-02 1.0352742477662824	1.0
chr6_24662003_G_A_b38	4	4.45686e-05	-8.924e-02	4.112e-02 1.0170683860778809	1.0
chr6_24660376_T_C_b38	4	4.45686e-05	-8.924e-02	4.112e-02 1.0458215475082395	1.0
chr6_24675404_T_A_b38	4	3.47620e-05	-8.792e-02	4.096e-02 1.1255009691747095	1.0
chr6_24679071_G_A_b38	4	3.18000e-05	-1.035e-01	4.245e-02 1.014283537864685	1.0
