chr6_43034983_A_G_b38	1	1.92441e-01	-2.259e-01	5.540e-02 -6.825711727142334	1.0
chr6_43036394_C_T_b38	1	4.92614e-02	-2.174e-01	5.599e-02 -6.895081996917725	1.0
chr6_43032094_C_G_b38	1	4.74958e-02	-2.149e-01	5.571e-02 -6.686184406280518	1.0
chr6_43028616_T_C_b38	1	3.78189e-02	-2.268e-01	5.582e-02 -6.652029991149902	1.0
chr6_43051928_C_T_b38	1	3.35376e-02	-2.634e-01	6.240e-02 -4.6944613456726065	1.0
chr6_43052450_G_A_b38	1	3.21338e-02	-2.683e-01	6.375e-02 -4.711338520050049	1.0
chr6_43037090_G_C_b38	1	3.17914e-02	-2.174e-01	5.599e-02 -6.8346900939941415	1.0
chr6_43037425_A_ATC_b38	1	3.17914e-02	-2.174e-01	5.599e-02 -6.985711097186433	1.0
chr6_43028811_T_G_b38	1	2.78194e-02	-2.225e-01	5.590e-02 -6.6447410583496085	1.0
chr6_43025070_T_C_b38	1	2.24759e-02	-2.223e-01	5.671e-02 -6.608310222625732	1.0
chr6_43025087_C_G_b38	1	2.24759e-02	-2.223e-01	5.671e-02 -6.674286842346191	1.0
chr6_43040560_C_T_b38	1	1.99775e-02	-2.191e-01	5.635e-02 -6.935357093811035	1.0
chr6_43030817_A_G_b38	1	1.80087e-02	-2.059e-01	5.503e-02 -6.6591877937316895	1.0
chr6_43021675_CGCCGGG_C_b38	1	1.62167e-02	-2.272e-01	5.668e-02 -6.134186558529969	1.0
chr6_43054787_C_T_b38	1	1.43136e-02	-2.449e-01	6.144e-02 -4.725422859191895	1.0
chr6_43054876_A_G_b38	1	1.43136e-02	-2.449e-01	6.144e-02 -4.727819919586182	1.0
chr6_43059076_A_G_b38	1	1.43136e-02	-2.449e-01	6.144e-02 -4.7311668395996085	1.0
chr6_43055633_T_C_b38	1	1.43136e-02	-2.449e-01	6.144e-02 -4.73295783996582	1.0
chr6_43056727_C_T_b38	1	1.43136e-02	-2.449e-01	6.144e-02 -4.720953464508057	1.0
chr6_43055358_C_T_b38	1	1.43136e-02	-2.449e-01	6.144e-02 -4.729746341705322	1.0
chr6_43053535_T_TG_b38	1	1.40741e-02	-2.452e-01	6.158e-02 -4.645205635754916	1.0
chr6_43041770_G_C_b38	1	1.19783e-02	-2.096e-01	5.605e-02 -6.941704273223878	1.0
chr6_43043995_C_T_b38	1	1.19783e-02	-2.096e-01	5.605e-02 -6.977910041809082	1.0
chr6_43041541_C_T_b38	1	1.19783e-02	-2.096e-01	5.605e-02 -6.952937602996826	1.0
chr6_43020039_A_G_b38	1	1.18053e-02	-2.223e-01	5.671e-02 -6.584403038024902	1.0
chr6_43018625_C_T_b38	1	1.14948e-02	-2.330e-01	5.954e-02 -5.148452281951903	1.0
chr6_43027473_A_G_b38	1	8.31335e-03	-1.991e-01	5.489e-02 -6.678386688232423	1.0
chr6_43026929_G_T_b38	1	8.31335e-03	-1.991e-01	5.489e-02 -6.679431438446045	1.0
chr6_43021504_T_C_b38	1	7.64487e-03	-2.143e-01	5.648e-02 -6.6250648498535165	1.0
chr6_43018235_T_C_b38	1	5.10229e-03	-2.048e-01	5.574e-02 -6.581467151641847	1.0
chr6_43019890_T_C_b38	1	5.10229e-03	-2.048e-01	5.574e-02 -6.585415840148926	1.0
chr6_43022582_GGTTT_G_b38	1	5.07896e-03	-2.065e-01	5.621e-02 -6.5851250969076505	1.0
chr6_43067576_C_T_b38	1	5.04401e-03	-2.388e-01	6.043e-02 -4.731626033782959	1.0
chr6_43010588_G_A_b38	1	5.02230e-03	-2.091e-01	5.698e-02 -6.731977462768555	1.0
chr6_42990903_T_G_b38	1	3.56309e-03	-2.122e-01	5.521e-02 -6.086997985839844	1.0
chr6_42988115_A_G_b38	1	3.48187e-03	-2.120e-01	5.522e-02 -6.003264427185059	1.0
chr6_43023470_C_T_b38	1	3.47513e-03	-1.976e-01	5.556e-02 -6.625027656555176	1.0
chr6_43021929_TG_T_b38	1	3.47513e-03	-1.976e-01	5.556e-02 -6.61090441200352	1.0
chr6_42987786_C_T_b38	1	3.37166e-03	-2.218e-01	5.795e-02 -4.466850757598877	1.0
chr6_43063552_G_A_b38	1	3.20559e-03	-2.324e-01	6.081e-02 -4.669214584097131	1.0
chr6_42991162_T_C_b38	1	3.05181e-03	-2.079e-01	5.470e-02 -6.029934406280518	1.0
chr6_43057757_T_G_b38	1	2.43126e-03	-1.977e-01	5.720e-02 -6.489988803863525	1.0
chr6_43000350_A_G_b38	1	1.96315e-03	-2.091e-01	5.698e-02 -6.6824212074279785	1.0
chr6_43005950_T_C_b38	1	1.96315e-03	-2.091e-01	5.698e-02 -6.6935319900512695	1.0
chr6_43002769_T_C_b38	1	1.96315e-03	-2.091e-01	5.698e-02 -6.684277534484862	1.0
chr6_43001835_T_C_b38	1	1.96315e-03	-2.091e-01	5.698e-02 -6.6860785484313965	1.0
chr6_42994182_T_C_b38	1	1.96315e-03	-2.091e-01	5.698e-02 -6.676037311553955	1.0
chr6_43064696_C_T_b38	2	1.85796e-02	2.531e-01	7.660e-02 -0.005796699784696102	1.0
chr6_43002727_A_G_b38	2	3.39077e-04	1.747e-01	8.871e-02 0.4756970703601837	1.0
