chr6_39772996_A_C_b38	1	3.48565e-01	-1.578e-01	2.795e-02 -4.257543087005615	1.0
chr6_39792716_T_G_b38	1	3.23036e-01	-1.576e-01	3.213e-02 -4.2831382751464835	1.0
chr6_39775016_T_G_b38	1	6.88204e-02	-1.737e-01	3.260e-02 -4.475052833557129	1.0
chr6_39795292_G_A_b38	1	4.37350e-02	-1.659e-01	3.356e-02 -4.119413375854491	1.0
chr6_39780204_A_G_b38	1	3.93635e-02	-1.631e-01	3.136e-02 -4.808851718902588	1.0
chr6_39772216_G_A_b38	1	3.93635e-02	-1.631e-01	3.136e-02 -4.835261821746826	1.0
chr6_39788357_G_T_b38	1	2.98363e-02	-1.574e-01	3.213e-02 -4.4506564140319815	1.0
chr6_39779451_G_T_b38	1	1.74715e-02	1.327e-01	2.655e-02 4.345470905303955	1.0
chr6_39801861_G_A_b38	1	1.66452e-02	-1.616e-01	3.335e-02 -4.046628475189209	1.0
chr6_39774749_T_C_b38	1	1.03935e-02	-1.574e-01	3.213e-02 -4.466782093048097	1.0
chr6_39775282_CT_C_b38	1	1.03935e-02	-1.574e-01	3.213e-02 -4.4272843715119805	1.0
chr6_39771373_T_C_b38	1	9.72755e-03	-1.726e-01	3.523e-02 -3.491023063659668	1.0
chr6_39771708_G_A_b38	1	9.72755e-03	-1.726e-01	3.523e-02 -3.4878039360046387	1.0
chr6_39794438_G_A_b38	1	4.56704e-03	-1.388e-01	3.234e-02 -4.028246402740479	1.0
chr6_39793551_TC_T_b38	1	4.56704e-03	-1.388e-01	3.234e-02 -4.359072793107169	1.0
chr6_39794884_C_T_b38	1	4.03534e-03	-1.411e-01	3.241e-02 -4.0166897773742685	1.0
chr6_39791985_T_C_b38	2	3.66895e-02	1.054e-01	6.469e-02 0.0	1.0
chr6_39792965_A_G_b38	2	2.40367e-02	1.357e-01	6.412e-02 0.0	1.0
chr6_39792176_T_C_b38	2	1.40094e-02	3.971e-02	5.684e-02 0.5267645120620728	1.0
chr6_39782808_T_TGTTA_b38	2	6.81680e-03	1.167e-01	4.958e-02 -1.2067961886368046	1.0
chr6_39803180_G_A_b38	2	2.21723e-03	1.374e-01	6.046e-02 0.0	1.0
chr6_39783322_AT_A_b38	2	1.83334e-03	1.063e-01	6.119e-02 0.0	1.0
chr6_39785825_C_T_b38	2	1.83334e-03	1.063e-01	6.119e-02 0.0	1.0
chr6_39804677_T_A_b38	2	1.48002e-03	1.294e-01	6.371e-02 0.0	1.0
chr6_39800631_G_A_b38	2	1.34715e-03	8.583e-02	5.381e-02 -0.1968398243188858	1.0
chr6_39801609_T_C_b38	2	1.25507e-03	8.624e-02	5.723e-02 0.0	1.0
chr6_39801818_T_C_b38	2	1.25507e-03	8.624e-02	5.723e-02 0.0	1.0
chr6_39802027_A_T_b38	2	1.25507e-03	8.624e-02	5.723e-02 0.0	1.0
chr6_39774611_C_G_b38	2	9.12906e-04	1.074e-01	5.941e-02 0.0	1.0
chr6_39810635_G_A_b38	2	8.50376e-04	1.099e-01	6.375e-02 0.0	1.0
chr6_39781822_A_G_b38	2	8.46854e-04	1.065e-01	6.117e-02 0.0	1.0
chr6_39770037_A_G_b38	2	7.93194e-04	1.019e-01	5.970e-02 0.0	1.0
chr6_39780498_T_C_b38	2	7.83505e-04	1.070e-01	6.409e-02 0.0	1.0
chr6_39767544_A_G_b38	2	6.73248e-04	9.528e-02	6.084e-02 0.0	1.0
chr6_39772843_A_G_b38	2	6.73248e-04	9.528e-02	6.084e-02 0.0	1.0
chr6_39775818_G_A_b38	2	6.73248e-04	9.528e-02	6.084e-02 0.0	1.0
chr6_39780504_C_A_b38	2	6.31129e-04	9.598e-02	6.425e-02 0.0	1.0
chr6_39804258_C_A_b38	2	6.17346e-04	8.624e-02	5.723e-02 0.0	1.0
chr6_39803514_T_C_b38	2	6.17346e-04	8.624e-02	5.723e-02 0.0	1.0
chr6_39807458_A_G_b38	2	6.17346e-04	8.624e-02	5.723e-02 0.0	1.0
chr6_39802775_G_C_b38	2	6.17346e-04	8.624e-02	5.723e-02 0.0	1.0
chr6_39776025_G_A_b38	2	5.92997e-04	8.900e-02	6.100e-02 0.0	1.0
chr6_39754196_A_G_b38	2	3.58892e-04	1.120e-01	6.414e-02 0.0	1.0
chr6_39766264_T_TA_b38	2	3.26107e-04	1.019e-01	5.970e-02 0.0	1.0
chr6_39760945_T_C_b38	2	3.26107e-04	1.019e-01	5.970e-02 0.0	1.0
chr6_39755474_C_G_b38	2	2.76794e-04	9.528e-02	6.084e-02 0.0	1.0
chr6_39760306_G_T_b38	2	2.76794e-04	9.528e-02	6.084e-02 0.0	1.0
chr6_39765485_A_C_b38	2	2.76794e-04	9.528e-02	6.084e-02 0.0	1.0
chr6_39575318_C_T_b38	3	1.39313e-03	-8.632e-02	2.009e-02 -0.07742398232221602	1.0
chr6_39575213_A_G_b38	3	1.24136e-03	-8.669e-02	2.037e-02 0.09790531545877457	1.0
chr6_39597931_T_C_b38	3	4.89658e-04	-8.282e-02	2.036e-02 0.247119814157486	1.0
chr6_39591327_C_T_b38	3	4.89658e-04	-8.282e-02	2.036e-02 0.2231988459825516	1.0
chr6_39582797_C_T_b38	3	4.65230e-04	-8.296e-02	2.035e-02 0.2408728897571564	1.0
chr6_39585470_A_G_b38	3	4.65230e-04	-8.296e-02	2.035e-02 0.2417672723531723	1.0
chr6_39582603_T_C_b38	3	4.65230e-04	-8.296e-02	2.035e-02 0.24362245202064514	1.0
chr6_39596510_A_G_b38	3	2.91780e-04	-8.014e-02	2.027e-02 0.2314585745334625	1.0
chr6_39626037_G_C_b38	3	2.07237e-04	-8.136e-02	2.067e-02 0.4835951924324036	1.0
chr6_39615885_A_G_b38	3	1.66734e-04	-8.077e-02	2.082e-02 0.4411547183990479	1.0
chr6_39617623_A_G_b38	3	1.28516e-04	-7.801e-02	2.032e-02 0.4765863716602325	1.0
chr6_39598427_G_A_b38	3	5.97336e-05	-7.569e-02	2.037e-02 -0.05409298464655876	1.0
chr6_39608090_A_C_b38	3	5.97336e-05	-7.569e-02	2.037e-02 -0.02710401639342308	1.0
chr6_39567902_T_C_b38	3	4.50788e-05	-7.879e-02	2.095e-02 0.08641627430915833	1.0
chr6_39634118_G_A_b38	3	3.77250e-05	-7.750e-02	2.053e-02 0.5850262045860289	1.0
chr6_39644319_A_C_b38	3	3.77250e-05	-7.750e-02	2.053e-02 0.6120023131370544	1.0
chr6_39639971_C_T_b38	3	3.77250e-05	-7.750e-02	2.053e-02 0.5992298126220703	1.0
chr6_39635639_C_T_b38	3	3.59004e-05	-7.647e-02	2.036e-02 0.5827318429946899	1.0
chr6_39657878_C_G_b38	3	3.50938e-05	-7.701e-02	2.045e-02 0.6006819605827332	1.0
chr6_39662688_A_C_b38	3	3.50938e-05	7.701e-02	2.045e-02 -0.6704154014587402	1.0
chr6_39640252_T_C_b38	3	3.23225e-05	-7.684e-02	2.058e-02 0.5755489468574524	1.0
chr6_39650665_A_G_b38	3	3.04294e-05	-7.627e-02	2.052e-02 0.5658670663833618	1.0
chr6_39619233_C_T_b38	3	2.91227e-05	-7.568e-02	2.046e-02 0.5141566395759583	1.0
chr6_39623012_G_T_b38	3	2.91227e-05	-7.568e-02	2.046e-02 0.5307779908180237	1.0
chr6_39571841_G_C_b38	3	1.54259e-05	-9.253e-02	2.194e-02 -0.2697411179542541	1.0
