chr2_68255195_A_G_b38	1	2.88506e-01	-3.553e-01	5.138e-02 -3.4926044940948486	1.0
chr2_68251787_A_G_b38	1	9.57452e-02	-3.514e-01	5.225e-02 -3.3263759613037114	1.0
chr2_68262535_A_C_b38	1	5.89518e-02	-3.513e-01	5.224e-02 -3.345000505447388	1.0
chr2_68263838_T_A_b38	1	5.89518e-02	-3.513e-01	5.224e-02 -3.355626344680786	1.0
chr2_68248463_C_A_b38	1	4.90744e-02	-3.512e-01	5.225e-02 -3.413606882095337	1.0
chr2_68247936_C_A_b38	1	4.90744e-02	-3.512e-01	5.225e-02 -3.412581205368042	1.0
chr2_68246325_A_G_b38	1	4.90744e-02	-3.512e-01	5.225e-02 -3.4320752620697017	1.0
chr2_68254587_A_T_b38	1	4.16110e-02	-3.455e-01	5.320e-02 -3.3425958156585693	1.0
chr2_68240778_A_C_b38	1	2.60337e-02	-3.509e-01	5.229e-02 -3.4238054752349854	1.0
chr2_68236189_C_T_b38	1	2.60337e-02	-3.509e-01	5.229e-02 -3.413008689880371	1.0
chr2_68236480_G_A_b38	1	2.60337e-02	-3.509e-01	5.229e-02 -3.4124999046325684	1.0
chr2_68268331_G_A_b38	1	2.46469e-02	-3.509e-01	5.229e-02 -3.3225116729736333	1.0
chr2_68271376_T_C_b38	1	2.46469e-02	-3.509e-01	5.229e-02 -3.310087919235229	1.0
chr2_68216703_A_T_b38	1	2.29736e-02	-3.527e-01	5.152e-02 -3.6183788776397705	1.0
chr2_68259977_A_G_b38	1	1.86732e-02	-3.387e-01	5.293e-02 -3.3365063667297363	1.0
chr2_68265755_G_A_b38	1	1.86717e-02	-3.447e-01	5.308e-02 -3.360104322433472	1.0
chr2_68231288_T_G_b38	1	1.77375e-02	-3.505e-01	5.285e-02 -3.3315751552581787	1.0
chr2_68250116_T_C_b38	1	1.56089e-02	-3.443e-01	5.301e-02 -3.4079747200012207	1.0
chr2_68245110_A_C_b38	1	3.85987e-03	-3.418e-01	5.485e-02 -3.4194910526275635	1.0
chr2_68206699_G_A_b38	1	3.74602e-03	-3.482e-01	5.377e-02 -3.616694450378418	1.0
chr2_68212828_C_T_b38	1	3.74602e-03	-3.482e-01	5.377e-02 -3.649900197982788	1.0
chr2_68209159_A_C_b38	1	3.74602e-03	-3.482e-01	5.377e-02 -3.53012015323441	1.0
chr2_68208148_C_T_b38	1	3.74602e-03	-3.482e-01	5.377e-02 -3.6179721355438232	1.0
chr2_68230148_G_A_b38	1	3.74602e-03	-3.482e-01	5.377e-02 -3.383580207824707	1.0
chr2_68211482_C_T_b38	1	3.74602e-03	-3.482e-01	5.377e-02 -3.6419286727905273	1.0
chr2_68219804_C_T_b38	1	3.74602e-03	-3.482e-01	5.377e-02 -3.555165529251098	1.0
chr2_68209976_A_G_b38	1	3.74602e-03	-3.482e-01	5.377e-02 -3.625066518783569	1.0
chr2_68230441_C_T_b38	1	3.74602e-03	-3.482e-01	5.377e-02 -3.359187364578247	1.0
chr2_68216519_A_G_b38	1	3.74602e-03	-3.482e-01	5.377e-02 -3.61846137046814	1.0
chr2_68211697_G_A_b38	1	3.74602e-03	-3.482e-01	5.377e-02 -3.6395587921142583	1.0
chr2_68208800_G_A_b38	1	3.74602e-03	-3.482e-01	5.377e-02 -3.6511363983154297	1.0
chr2_68212105_A_G_b38	1	3.74602e-03	-3.482e-01	5.377e-02 -3.6371734142303462	1.0
chr2_68208299_C_G_b38	1	3.74602e-03	-3.482e-01	5.377e-02 -3.619463205337525	1.0
chr2_68221233_A_G_b38	1	2.56959e-03	-3.476e-01	5.441e-02 -3.498121738433838	1.0
chr2_68230722_A_G_b38	1	2.56959e-03	-3.476e-01	5.441e-02 -3.3318462371826167	1.0
chr2_68262089_G_C_b38	1	2.42544e-03	-3.035e-01	5.182e-02 -3.352493524551392	1.0
chr2_68237139_A_T_b38	1	2.13105e-03	-3.265e-01	5.358e-02 -3.440962076187134	1.0
chr2_68167852_T_C_b38	1	1.07952e-03	-3.458e-01	5.336e-02 -3.4151406288146973	1.0
chr2_68175703_A_G_b38	1	1.07952e-03	-3.458e-01	5.336e-02 -3.6118533611297607	1.0
chr2_68192938_G_T_b38	1	1.07952e-03	-3.458e-01	5.336e-02 -3.5853214263916016	1.0
chr2_68204127_G_A_b38	1	1.07952e-03	-3.458e-01	5.336e-02 -3.6377458572387695	1.0
chr2_68203793_C_T_b38	1	1.07952e-03	-3.458e-01	5.336e-02 -3.6370608806610103	1.0
chr2_68186305_G_GTTAA_b38	1	1.07952e-03	-3.458e-01	5.336e-02 -3.6543138150677072	1.0
chr2_68184282_G_A_b38	1	1.07952e-03	-3.458e-01	5.336e-02 -3.5917634963989262	1.0
chr2_68191736_A_T_b38	1	1.07952e-03	-3.458e-01	5.336e-02 -3.5795016288757324	1.0
chr2_68184830_G_A_b38	1	1.07952e-03	-3.458e-01	5.336e-02 -3.5910472869873047	1.0
chr2_68196398_G_A_b38	1	1.07952e-03	-3.458e-01	5.336e-02 -3.589200735092163	1.0
chr2_68175698_G_C_b38	1	1.07952e-03	-3.458e-01	5.336e-02 -3.6118533611297607	1.0
chr2_68192355_G_A_b38	1	1.07952e-03	-3.458e-01	5.336e-02 -3.5848498344421387	1.0
chr2_68202500_C_T_b38	1	1.07952e-03	-3.458e-01	5.336e-02 -3.6075441837310787	1.0
chr2_68195639_G_A_b38	1	1.07952e-03	-3.458e-01	5.336e-02 -3.591284990310669	1.0
chr2_68171787_G_C_b38	1	1.07952e-03	-3.458e-01	5.336e-02 -3.619451284408569	1.0
chr2_68193917_G_A_b38	1	1.07952e-03	-3.458e-01	5.336e-02 -3.5883047580718994	1.0
chr2_68177696_G_A_b38	1	1.07952e-03	-3.458e-01	5.336e-02 -3.614969730377197	1.0
chr2_68175654_TTTGCAGTTTC_T_b38	1	1.07952e-03	-3.458e-01	5.336e-02 -3.6543138150677072	1.0
chr2_68185774_C_A_b38	1	1.07952e-03	-3.458e-01	5.336e-02 -3.5763731002807617	1.0
chr2_68265654_A_G_b38	1	2.07878e-04	-2.620e-01	4.955e-02 -3.3795478343963623	1.0
chr2_68221103_A_G_b38	1	1.34158e-04	-2.966e-01	5.294e-02 -3.5132079124450684	1.0
chr2_68212036_C_A_b38	1	1.20101e-04	-2.940e-01	5.271e-02 -3.625002145767212	1.0
chr2_68250817_A_AC_b38	2	4.00799e-01	4.099e-01	8.600e-02 -7.822230190240865	1.0
chr2_68241155_C_T_b38	2	7.73063e-02	3.884e-01	8.545e-02 -8.337189674377441	1.0
chr2_68210670_A_G_b38	2	6.10878e-02	4.103e-01	8.600e-02 -8.309632301330566	1.0
chr2_68213647_C_T_b38	2	6.10878e-02	4.103e-01	8.600e-02 -8.312396049499513	1.0
chr2_68228230_T_C_b38	2	6.10878e-02	4.103e-01	8.600e-02 -8.338007926940918	1.0
chr2_68212973_A_G_b38	2	6.10878e-02	4.103e-01	8.600e-02 -8.311158180236816	1.0
chr2_68218757_C_G_b38	2	6.10878e-02	4.103e-01	8.600e-02 -8.273021697998049	1.0
chr2_68220024_T_TA_b38	2	6.10878e-02	4.103e-01	8.600e-02 -7.744100467517648	1.0
chr2_68208872_G_A_b38	2	6.10826e-02	4.103e-01	8.600e-02 -8.304940223693848	1.0
chr2_68183455_T_C_b38	2	1.30929e-02	4.114e-01	8.592e-02 -8.29056453704834	1.0
chr2_68191995_G_A_b38	2	1.30929e-02	4.114e-01	8.592e-02 -8.258200645446777	1.0
chr2_68201409_C_T_b38	2	8.58117e-03	4.095e-01	8.605e-02 -8.302046775817871	1.0
chr2_68156769_C_T_b38	2	3.38226e-03	4.409e-01	9.335e-02 -7.785068988800049	1.0
chr2_68169363_A_C_b38	2	2.16118e-03	4.381e-01	9.513e-02 -7.9357566833496085	1.0
chr2_68218181_ATTAAT_A_b38	2	1.71736e-03	3.279e-01	7.822e-02 -7.954036995678654	1.0
chr2_68294516_C_G_b38	3	9.81795e-03	3.759e-01	1.140e-01 -1.021887183189392	1.0
chr2_68286270_A_G_b38	3	7.91809e-03	4.087e-01	1.267e-01 -1.0365139245986938	1.0
chr2_68291486_G_T_b38	3	7.91809e-03	4.087e-01	1.267e-01 -1.0304733514785769	1.0
chr2_68297792_G_A_b38	3	7.91809e-03	4.087e-01	1.267e-01 -0.9471192955970764	1.0
chr2_68298109_T_C_b38	3	7.54260e-03	3.825e-01	1.188e-01 -1.0020620822906494	1.0
chr2_68300298_G_T_b38	3	7.54260e-03	3.825e-01	1.188e-01 -0.9565539956092834	1.0
chr2_68290417_T_C_b38	3	7.54260e-03	3.825e-01	1.188e-01 -1.099173069000244	1.0
chr2_68290633_A_C_b38	3	7.54260e-03	3.825e-01	1.188e-01 -1.03827166557312	1.0
chr2_68300510_T_C_b38	3	4.28289e-03	3.271e-01	1.084e-01 -0.7819304466247559	1.0
chr2_68299342_G_A_b38	3	4.28289e-03	3.271e-01	1.084e-01 -0.8475189805030823	1.0
chr2_68300332_C_A_b38	3	4.28289e-03	3.271e-01	1.084e-01 -0.7957237362861633	1.0
chr2_68295792_T_C_b38	3	4.25162e-03	3.085e-01	1.021e-01 -0.8580761551856995	1.0
chr2_68294610_G_A_b38	3	4.25162e-03	3.085e-01	1.021e-01 -0.8835728764533997	1.0
