chr20_33716847_C_G_b38	1	4.29871e-01	-1.968e-01	2.617e-02 -15.462475776672365	1.0
chr20_33717975_A_T_b38	1	3.40310e-01	-1.946e-01	2.623e-02 -15.456501960754395	1.0
chr20_33712828_A_C_b38	1	1.19169e-01	-1.946e-01	2.623e-02 -15.458194732666016	1.0
chr20_33701957_A_G_b38	1	5.95100e-02	-1.926e-01	2.594e-02 -15.42943286895752	1.0
chr20_33700111_C_T_b38	1	3.45655e-02	-1.738e-01	2.369e-02 -15.544730567882965	1.0
chr20_33715102_C_T_b38	1	5.95848e-03	-1.826e-01	2.624e-02 -15.44941234588623	1.0
chr20_33726588_G_T_b38	2	1.52277e-02	-1.125e-01	4.085e-02 1.3421860933303833	1.0
chr20_33729089_T_C_b38	2	7.73330e-03	-1.016e-01	4.121e-02 1.1890816688537598	1.0
chr20_33730892_G_A_b38	2	3.55426e-03	-9.705e-02	4.019e-02 1.1958030462265017	1.0
chr20_33742018_C_T_b38	2	3.55426e-03	-9.705e-02	4.019e-02 1.2170464992523191	1.0
chr20_33764272_T_C_b38	2	1.81135e-03	-9.896e-02	3.768e-02 1.2020654678344729	1.0
chr20_33737909_G_A_b38	2	1.53603e-03	-8.618e-02	4.401e-02 1.105244517326355	1.0
chr20_33766163_G_C_b38	2	1.37932e-03	-9.839e-02	3.956e-02 1.1500612497329712	1.0
chr20_33752907_CAA_C_b38	2	1.37932e-03	-9.839e-02	3.956e-02 1.2538374204140679	1.0
chr20_33756850_G_A_b38	2	1.37932e-03	-9.839e-02	3.956e-02 1.1459447145462036	1.0
chr20_33766031_C_T_b38	2	1.19959e-03	-1.043e-01	4.357e-02 1.116490364074707	1.0
chr20_33674983_C_G_b38	2	8.11236e-04	-1.139e-01	5.408e-02 1.3915467262268066	1.0
chr20_33737523_G_A_b38	2	4.26913e-04	-5.208e-02	4.201e-02 1.0908763408660889	1.0
chr20_33689009_T_C_b38	2	4.11696e-04	-8.839e-02	4.810e-02 1.269157648086548	1.0
chr20_33690190_C_A_b38	2	4.11696e-04	-8.839e-02	4.810e-02 1.2835098505020142	1.0
chr20_33761378_C_A_b38	2	3.99740e-04	-8.151e-02	4.271e-02 1.0236320495605469	1.0
chr20_33745999_C_T_b38	2	3.66222e-04	-7.971e-02	4.296e-02 1.3113979228542751	1.0
chr20_33687284_C_T_b38	2	3.23606e-04	-8.464e-02	5.128e-02 1.263891339302063	1.0
chr20_33695020_GGCC_G_b38	2	2.69041e-04	-7.778e-02	5.141e-02 1.0207901277846194	1.0
chr20_33720469_C_T_b38	3	3.91341e-04	2.024e-03	4.536e-02 -11.904057502746582	1.0
