chr16_75140151_C_G_b38	1	1.15642e-01	-8.934e-02	6.914e-02 -5.439065456390381	1.0
chr16_75125618_C_T_b38	1	9.88680e-02	-9.794e-02	6.040e-02 -5.270857810974121	1.0
chr16_75138219_T_C_b38	1	9.16153e-02	-9.954e-02	6.658e-02 -5.383442401885986	1.0
chr16_75129947_G_T_b38	1	8.42018e-02	-9.357e-02	6.158e-02 -5.147125720977783	1.0
chr16_75129770_C_T_b38	1	8.42018e-02	-9.357e-02	6.158e-02 -5.1356539726257315	1.0
chr16_75129619_C_T_b38	1	8.42018e-02	-9.357e-02	6.158e-02 -5.12956428527832	1.0
chr16_75144532_A_T_b38	1	8.17234e-02	-3.887e-02	7.211e-02 -5.643805503845215	1.0
chr16_75127349_A_T_b38	1	7.91267e-02	-9.069e-02	6.068e-02 -5.120584487915039	1.0
chr16_75126468_A_G_b38	1	7.91267e-02	-9.069e-02	6.068e-02 -5.227836608886719	1.0
chr16_75135755_C_CT_b38	1	7.56521e-02	-9.216e-02	6.647e-02 -5.534236955655516	1.0
chr16_75130243_C_T_b38	1	7.32820e-02	-8.865e-02	6.114e-02 -5.068315505981445	1.0
chr16_75133867_G_T_b38	1	5.21602e-02	-7.595e-02	6.381e-02 -5.280679225921631	1.0
chr16_75148456_G_C_b38	2	4.68702e-01	-4.204e-01	6.405e-02 -6.966036796569824	1.0
chr16_75150763_C_T_b38	2	3.57562e-01	-4.320e-01	6.397e-02 -6.951718807220459	1.0
chr16_75151866_C_T_b38	2	1.03782e-01	-4.289e-01	6.463e-02 -6.9192848205566415	1.0
chr16_75170427_C_T_b38	2	6.86033e-02	-3.866e-01	5.524e-02 -7.086306571960449	1.0
chr16_75166697_CAT_C_b38	2	9.54946e-04	-3.458e-01	5.402e-02 -6.819777466995385	1.0
chr16_75167364_A_G_b38	2	1.92576e-04	-3.521e-01	5.583e-02 -6.847130298614503	1.0
chr16_75149019_G_T_b38	3	3.08610e-01	-4.915e-01	8.964e-02 2.161456088649264	1.0
chr16_75149484_C_T_b38	3	2.90619e-01	-4.904e-01	8.962e-02 2.248498678207397	1.0
chr16_75149066_A_AG_b38	3	2.09422e-01	-5.770e-01	1.065e-01 2.165348200303938	1.0
chr16_75157573_C_A_b38	3	5.30081e-02	-4.899e-01	8.956e-02 2.294972419738769	1.0
chr16_75153780_A_G_b38	3	5.22253e-02	-5.078e-01	9.289e-02 2.2800769805908203	1.0
chr16_75166449_C_T_b38	3	4.53346e-02	-5.398e-01	9.719e-02 2.2822751998901367	1.0
chr16_75162310_A_G_b38	3	2.43436e-02	-5.283e-01	9.774e-02 2.162468671798706	1.0
chr16_75166395_G_C_b38	3	9.48083e-03	-5.610e-01	1.051e-01 2.232085943222046	1.0
chr16_75168341_T_G_b38	3	6.58180e-03	-4.669e-01	8.800e-02 2.2132456302642822	1.0
chr16_75148545_G_C_b38	4	5.61197e-02	-1.202e-01	5.142e-02 0.9672086238861084	1.0
chr16_75132951_G_A_b38	4	2.94862e-05	-1.345e-01	7.787e-02 0.4940358102321625	1.0
chr16_75124394_A_G_b38	5	1.24251e-03	1.320e-01	3.952e-02 5.15718412399292	1.0
chr16_75124326_T_C_b38	5	1.22498e-04	1.185e-01	3.778e-02 5.122933864593506	1.0
