chr16_67717790_C_CGATA_b38	1	9.85226e-02	1.830e-01	4.949e-02 -2.181350660465041	1.0
chr16_67358988_G_A_b38	1	5.51180e-02	3.159e-01	5.963e-02 -8.480034828186035	1.0
chr16_67360508_T_C_b38	1	5.51180e-02	3.159e-01	5.963e-02 -8.479677200317383	1.0
chr16_67376680_C_T_b38	1	5.51180e-02	3.159e-01	5.963e-02 -8.483954429626465	1.0
chr16_67360987_G_A_b38	1	5.51180e-02	3.159e-01	5.963e-02 -8.479701042175293	1.0
chr16_67375867_C_T_b38	1	5.51180e-02	3.159e-01	5.963e-02 -8.484011650085451	1.0
chr16_67322276_A_AAC_b38	1	2.26574e-02	2.919e-01	5.721e-02 -9.155468211163392	1.0
chr16_67277864_G_A_b38	1	1.41914e-02	2.877e-01	5.755e-02 -9.205370903015137	1.0
chr16_67286320_G_A_b38	1	1.41914e-02	2.877e-01	5.755e-02 -9.225619316101074	1.0
chr16_67721905_A_G_b38	1	1.26027e-02	1.440e-01	4.803e-02 -3.054972887039185	1.0
chr16_67322544_T_C_b38	1	1.14127e-02	2.836e-01	5.728e-02 -9.241710662841797	1.0
chr16_67308687_C_T_b38	1	1.14127e-02	2.836e-01	5.728e-02 -9.155468211163392	1.0
chr16_67310029_G_T_b38	1	1.14127e-02	2.836e-01	5.728e-02 -9.304452896118164	1.0
chr16_67308682_TCCCA_T_b38	1	1.14127e-02	2.836e-01	5.728e-02 -9.155468211163392	1.0
chr16_67724875_C_T_b38	1	1.12594e-02	1.857e-01	5.647e-02 1.63128662109375	1.0
chr16_67736925_T_C_b38	1	9.38142e-03	1.947e-01	5.640e-02 1.6142398118972778	1.0
chr16_67390036_A_G_b38	1	9.21999e-03	2.806e-01	5.723e-02 -9.236989974975586	1.0
chr16_67391295_A_G_b38	1	9.21999e-03	2.806e-01	5.723e-02 -9.237235069274902	1.0
chr16_67368685_A_G_b38	1	9.21999e-03	2.806e-01	5.723e-02 -9.224225997924805	1.0
chr16_67351455_T_C_b38	1	9.21999e-03	2.806e-01	5.723e-02 -9.224952697753906	1.0
chr16_67379100_A_T_b38	1	9.21999e-03	2.806e-01	5.723e-02 -9.227652549743652	1.0
chr16_67319062_C_A_b38	1	9.10851e-03	2.815e-01	5.744e-02 -9.240541458129883	1.0
chr16_67739211_C_T_b38	1	8.97115e-03	1.935e-01	5.629e-02 1.6190023422241209	1.0
chr16_67295859_T_C_b38	1	8.10308e-03	2.791e-01	5.727e-02 -9.294925689697266	1.0
chr16_67702708_T_G_b38	1	7.72297e-03	1.912e-01	5.675e-02 1.698506474494934	1.0
chr16_67294550_T_C_b38	1	7.12849e-03	2.783e-01	5.746e-02 -9.294763565063477	1.0
chr16_67296034_T_C_b38	1	7.12849e-03	2.783e-01	5.746e-02 -9.32649040222168	1.0
chr16_67290924_A_G_b38	1	7.12849e-03	2.783e-01	5.746e-02 -9.295312881469727	1.0
chr16_67267204_C_T_b38	1	7.11321e-03	2.826e-01	5.832e-02 -9.285176277160645	1.0
chr16_67298462_T_C_b38	1	6.73000e-03	2.781e-01	5.757e-02 -9.351262092590332	1.0
chr16_67703382_A_C_b38	1	6.09431e-03	1.857e-01	5.647e-02 1.7018469572067259	1.0
chr16_67698283_C_T_b38	1	6.09431e-03	1.857e-01	5.647e-02 1.6947206258773804	1.0
chr16_67708423_G_A_b38	1	6.09431e-03	1.857e-01	5.647e-02 1.7010762691497805	1.0
chr16_67325544_C_T_b38	1	5.93232e-03	2.772e-01	5.773e-02 -9.239960670471193	1.0
chr16_67699419_G_A_b38	1	5.78113e-03	1.848e-01	5.650e-02 1.6969594955444336	1.0
chr16_67282331_C_T_b38	1	5.76222e-03	2.768e-01	5.772e-02 -9.315021514892578	1.0
chr16_67710389_C_CTTTG_b38	1	4.55284e-03	1.590e-01	5.319e-02 1.1890877858625186	1.0
chr16_67733157_A_G_b38	1	2.17778e-03	1.412e-01	4.784e-02 -3.047346830368042	1.0
chr16_67767817_T_C_b38	1	2.14303e-03	1.536e-01	4.694e-02 -2.8027544021606445	1.0
chr16_67768107_C_T_b38	1	2.04544e-03	1.775e-01	5.464e-02 1.5694259405136108	1.0
chr16_67692311_G_GTGGCTCA_b38	1	1.92806e-03	1.819e-01	5.642e-02 1.5136217946597923	1.0
chr16_67769160_G_A_b38	1	1.92793e-03	1.765e-01	5.468e-02 1.5971938371658323	1.0
chr16_67688981_T_C_b38	1	1.81361e-03	1.556e-01	4.850e-02 -2.987965583801269	1.0
chr16_67746218_G_A_b38	1	1.75253e-03	1.536e-01	4.799e-02 -3.0505623817443848	1.0
chr16_67329876_T_C_b38	1	1.59553e-03	2.576e-01	5.743e-02 -9.190434455871582	1.0
chr16_67310496_C_T_b38	1	1.59553e-03	2.576e-01	5.743e-02 -9.21536636352539	1.0
chr16_67684681_A_G_b38	1	1.54205e-03	1.772e-01	5.635e-02 1.712312936782837	1.0
chr16_67767406_G_A_b38	1	1.45338e-03	1.736e-01	5.547e-02 1.5760562419891355	1.0
chr16_67684660_A_C_b38	1	1.43636e-03	1.499e-01	4.792e-02 -3.0237414836883545	1.0
chr16_67763670_TA_T_b38	1	1.37108e-03	1.468e-01	4.711e-02 -2.8614052071776466	1.0
chr16_67762412_A_C_b38	1	1.37108e-03	1.468e-01	4.711e-02 -3.0706582069396973	1.0
chr16_67748665_G_T_b38	1	1.24648e-03	1.764e-01	5.742e-02 1.4778897762298584	1.0
chr16_67748227_C_T_b38	1	1.19628e-03	1.474e-01	4.804e-02 -3.1676023006439213	1.0
chr16_67472212_C_T_b38	1	1.05180e-03	2.132e-01	5.484e-02 -4.886754035949707	1.0
chr16_67681534_A_G_b38	1	1.04698e-03	1.447e-01	4.796e-02 -2.9964795112609863	1.0
chr16_67690954_T_C_b38	1	1.04698e-03	1.447e-01	4.796e-02 -2.9760782718658447	1.0
chr16_67678115_A_G_b38	1	1.04698e-03	1.447e-01	4.796e-02 -2.989835500717163	1.0
chr16_67784351_A_G_b38	1	9.83129e-04	1.568e-01	4.701e-02 -2.9862291812896733	1.0
chr16_67800437_G_A_b38	2	4.35490e-03	2.880e-01	8.898e-02 -2.5405099391937256	1.0
