chr11_61828850_CA_C_b38	1	4.52957e-01	-2.041e-01	4.109e-02 -6.927914816054597	1.0
chr11_61829161_C_T_b38	1	8.10704e-02	-1.816e-01	3.983e-02 -6.929656028747559	1.0
chr11_61830500_A_G_b38	1	6.42523e-02	-2.008e-01	4.078e-02 -7.018244743347168	1.0
chr11_61827448_CT_C_b38	1	5.86464e-02	-2.026e-01	4.151e-02 -6.8320595568729905	1.0
chr11_61825533_A_G_b38	1	4.30788e-02	-1.952e-01	3.963e-02 -6.911155223846436	1.0
chr11_61824890_A_G_b38	1	3.95099e-02	-1.961e-01	3.998e-02 -6.933156490325928	1.0
chr11_61826344_C_T_b38	1	2.61869e-02	-2.000e-01	4.153e-02 -7.041886806488037	1.0
chr11_61807686_A_G_b38	1	2.10852e-02	-2.086e-01	4.131e-02 -6.8852972984313965	1.0
chr11_61839211_G_A_b38	1	1.40935e-02	-1.861e-01	3.894e-02 -6.993896484375	1.0
chr11_61839170_A_G_b38	1	1.40935e-02	-1.861e-01	3.894e-02 -6.997474193572997	1.0
chr11_61837342_C_A_b38	1	1.31055e-02	-1.863e-01	3.913e-02 -6.973232746124268	1.0
chr11_61838027_T_A_b38	1	1.31055e-02	-1.863e-01	3.913e-02 -6.967848300933838	1.0
chr11_61820833_A_G_b38	1	1.17555e-02	-1.924e-01	4.035e-02 -6.946911334991455	1.0
chr11_61811991_A_G_b38	1	9.79640e-03	-2.018e-01	4.137e-02 -6.880338191986084	1.0
chr11_61818856_C_CT_b38	1	9.79640e-03	-2.018e-01	4.137e-02 -6.483492369976691	1.0
chr11_61817672_A_G_b38	1	9.79640e-03	-2.018e-01	4.137e-02 -6.924216747283936	1.0
chr11_61822009_A_G_b38	1	9.15113e-03	-1.921e-01	4.091e-02 -7.29105806350708	1.0
chr11_61852357_C_A_b38	1	8.10462e-03	1.929e-01	3.991e-02 6.242167949676514	1.0
chr11_61813163_C_T_b38	1	6.37781e-03	-2.035e-01	4.264e-02 -7.27353048324585	1.0
chr11_61815236_T_C_b38	1	6.37781e-03	-2.035e-01	4.264e-02 -7.296322822570801	1.0
chr11_61812288_T_C_b38	1	6.37781e-03	-2.035e-01	4.264e-02 -7.284968852996826	1.0
chr11_61790354_T_C_b38	1	6.33055e-03	-2.058e-01	4.120e-02 -6.837382793426514	1.0
chr11_61836038_C_A_b38	1	6.30571e-03	-1.781e-01	3.881e-02 -7.0442891120910645	1.0
chr11_61851136_A_G_b38	1	6.22449e-03	-1.863e-01	3.905e-02 -6.330760002136231	1.0
chr11_61813896_A_G_b38	1	5.89018e-03	-2.026e-01	4.262e-02 -7.246622733941995	1.0
chr11_61832870_A_C_b38	1	4.71759e-03	1.760e-01	4.004e-02 6.952552318572997	1.0
chr11_61829740_C_T_b38	2	1.05881e-02	-1.263e-02	7.039e-02 -5.794913768768311	1.0
chr11_61833906_C_T_b38	2	1.22025e-03	-4.329e-02	7.627e-02 -5.9379005432128915	1.0
chr11_61834400_C_T_b38	2	6.39875e-04	-3.943e-02	7.492e-02 -6.00172233581543	1.0
chr11_61834436_A_G_b38	2	6.39875e-04	-3.943e-02	7.492e-02 -5.963857173919678	1.0
chr11_61824164_C_G_b38	2	3.63221e-04	3.023e-03	6.698e-02 -5.760199546813965	1.0
chr11_61848540_A_G_b38	2	3.18072e-04	-7.105e-02	7.736e-02 -5.272184371948242	1.0
chr11_61847123_G_A_b38	2	3.03687e-04	-6.686e-02	7.763e-02 -5.412622928619385	1.0
chr11_61806068_C_T_b38	2	2.64075e-04	-4.802e-02	7.708e-02 -6.0355753898620605	1.0
chr11_61843744_C_T_b38	2	2.00466e-04	-3.567e-02	7.401e-02 -5.824570178985597	1.0
