chr4_121870446_G_C_b38	1	4.77804e-01	1.547e-01	2.842e-02 -7.87832498550415	1.0
chr4_121854912_A_G_b38	1	3.59567e-02	1.603e-01	2.871e-02 -7.9137282371521	1.0
chr4_121889612_T_C_b38	1	3.25398e-02	1.665e-01	2.988e-02 -6.111725330352782	1.0
chr4_121890017_T_A_b38	1	3.01877e-02	1.657e-01	2.982e-02 -6.219696998596191	1.0
chr4_121875762_G_A_b38	1	2.78241e-02	1.561e-01	2.895e-02 -7.947538375854492	1.0
chr4_121877258_T_C_b38	1	2.78241e-02	1.561e-01	2.895e-02 -7.823521614074707	1.0
chr4_121849522_G_C_b38	1	2.18487e-02	1.575e-01	2.871e-02 -7.8966851234436035	1.0
chr4_121910126_C_T_b38	1	2.11339e-02	1.722e-01	3.026e-02 -6.040053844451903	1.0
chr4_121773644_T_C_b38	1	1.58001e-02	1.612e-01	2.764e-02 -7.356452941894531	1.0
chr4_121773981_C_A_b38	1	1.29895e-02	1.603e-01	2.767e-02 -7.37244176864624	1.0
chr4_121838011_C_T_b38	1	1.27515e-02	1.601e-01	2.868e-02 -7.927294731140138	1.0
chr4_121860247_T_C_b38	1	9.89545e-03	1.515e-01	2.845e-02 -7.922996997833253	1.0
chr4_121825441_A_T_b38	1	7.91685e-03	1.575e-01	2.871e-02 -7.910884380340576	1.0
chr4_121844494_C_T_b38	1	7.91685e-03	1.575e-01	2.871e-02 -7.926453590393066	1.0
chr4_121827841_A_C_b38	1	7.91685e-03	1.575e-01	2.871e-02 -7.888832092285156	1.0
chr4_121829906_G_A_b38	1	7.91685e-03	1.575e-01	2.871e-02 -7.927830219268799	1.0
chr4_121825130_TC_T_b38	1	7.91685e-03	1.575e-01	2.871e-02 -7.944421025420697	1.0
chr4_121839813_G_A_b38	1	7.91685e-03	1.575e-01	2.871e-02 -7.928881645202638	1.0
chr4_121834007_T_C_b38	1	7.91685e-03	1.575e-01	2.871e-02 -7.925824642181396	1.0
chr4_121911189_C_A_b38	1	7.83421e-03	1.675e-01	3.048e-02 -6.062074184417725	1.0
chr4_121908585_A_C_b38	1	7.53562e-03	1.698e-01	3.094e-02 -6.004976272583008	1.0
chr4_121909251_G_A_b38	1	7.53562e-03	1.698e-01	3.094e-02 -5.992990970611572	1.0
chr4_121912159_C_T_b38	1	7.36215e-03	1.674e-01	3.053e-02 -6.0253963470458975	1.0
chr4_121912224_T_C_b38	1	7.36215e-03	1.674e-01	3.053e-02 -6.076333522796631	1.0
chr4_121913885_T_G_b38	1	6.55009e-03	1.677e-01	3.072e-02 -6.090821743011475	1.0
chr4_121781067_C_T_b38	1	6.19814e-03	1.543e-01	2.730e-02 -7.386249542236327	1.0
chr4_121774530_C_T_b38	1	6.05521e-03	1.558e-01	2.758e-02 -7.435527801513673	1.0
chr4_121823883_C_T_b38	1	4.88461e-03	1.549e-01	2.875e-02 -7.924716472625732	1.0
chr4_121787362_GAATGCA_G_b38	1	4.42268e-03	1.536e-01	2.750e-02 -7.2453038474155615	1.0
chr4_121776695_T_A_b38	1	4.42268e-03	1.536e-01	2.750e-02 -7.382471084594727	1.0
chr4_121783896_G_A_b38	1	4.42268e-03	1.536e-01	2.750e-02 -7.39654541015625	1.0
chr4_121783176_T_A_b38	1	4.42268e-03	1.536e-01	2.750e-02 -7.387682914733888	1.0
chr4_121788257_T_C_b38	1	4.42268e-03	1.536e-01	2.750e-02 -7.397889614105225	1.0
chr4_121780352_C_A_b38	1	4.42268e-03	1.536e-01	2.750e-02 -7.382096290588379	1.0
chr4_121778067_T_A_b38	1	4.42268e-03	1.536e-01	2.750e-02 -7.396798133850098	1.0
chr4_121778475_C_G_b38	1	4.42268e-03	1.536e-01	2.750e-02 -7.380246639251709	1.0
chr4_121916468_G_A_b38	1	4.32633e-03	1.665e-01	3.097e-02 -6.041913986206055	1.0
chr4_121915177_G_T_b38	1	4.32633e-03	1.665e-01	3.097e-02 -6.038321495056152	1.0
chr4_121779514_T_A_b38	1	4.15723e-03	1.532e-01	2.749e-02 -7.377222537994385	1.0
chr4_121788111_C_T_b38	1	4.15723e-03	1.532e-01	2.749e-02 -7.396711826324463	1.0
chr4_121789734_G_A_b38	1	4.15723e-03	1.532e-01	2.749e-02 -7.3840012550354	1.0
chr4_122465868_C_T_b38	2	5.87853e-02	2.708e-01	5.094e-02 -3.132054328918457	1.0
chr4_122113805_A_G_b38	2	4.78830e-03	2.129e-01	5.236e-02 -3.0265794630178275	1.0
chr4_122111201_T_C_b38	2	4.78830e-03	2.129e-01	5.236e-02 -3.0265794630178275	1.0
chr4_122115655_C_T_b38	2	2.23008e-03	2.071e-01	5.357e-02 -2.916377536639252	1.0
chr4_122116922_T_A_b38	2	2.23008e-03	2.071e-01	5.357e-02 -2.989971160888672	1.0
chr4_122120316_G_C_b38	2	2.23008e-03	2.071e-01	5.357e-02 -2.8935668468475337	1.0
chr4_122117140_C_A_b38	2	2.14477e-03	2.064e-01	5.354e-02 -2.924381971359253	1.0
chr4_122116375_A_T_b38	2	1.44051e-03	1.889e-01	5.065e-02 -2.8655788898468018	1.0
chr4_122109428_G_A_b38	2	1.44051e-03	1.889e-01	5.065e-02 -2.827510118484497	1.0
chr4_122115605_C_G_b38	2	1.08047e-03	1.852e-01	5.087e-02 -2.8465056135153377	1.0
chr4_122367622_C_G_b38	2	9.80219e-04	2.320e-01	5.506e-02 -2.810321569442749	1.0
chr4_122329498_G_A_b38	2	9.80219e-04	2.320e-01	5.506e-02 -2.8706243038177486	1.0
chr4_122361599_C_T_b38	2	9.80219e-04	2.320e-01	5.506e-02 -2.837823867797852	1.0
chr4_122336776_G_A_b38	2	9.80219e-04	2.320e-01	5.506e-02 -2.884535789489746	1.0
chr4_122361617_G_T_b38	2	9.80219e-04	2.320e-01	5.506e-02 -2.837823867797852	1.0
chr4_122350405_G_A_b38	2	9.80219e-04	2.320e-01	5.506e-02 -2.8463330268859863	1.0
chr4_122329873_C_T_b38	2	9.80219e-04	2.320e-01	5.506e-02 -2.8686728477478027	1.0
chr4_122358360_C_G_b38	2	9.80219e-04	2.320e-01	5.506e-02 -2.8485615253448486	1.0
chr4_122320580_G_A_b38	2	9.80219e-04	2.320e-01	5.506e-02 -2.8750078678131104	1.0
chr4_122355806_G_A_b38	2	4.63569e-04	2.113e-01	5.282e-02 -2.92051100730896	1.0
chr4_122139100_C_T_b38	2	4.52817e-04	2.145e-01	5.369e-02 -2.8976054191589355	1.0
chr4_122340493_T_C_b38	2	4.30168e-04	2.138e-01	5.371e-02 -2.823624610900879	1.0
chr4_122275427_G_T_b38	2	4.30168e-04	2.138e-01	5.371e-02 -2.8412292003631587	1.0
chr4_122166148_C_G_b38	2	4.30168e-04	2.138e-01	5.371e-02 -2.8255128476176106	1.0
chr4_122213003_G_A_b38	2	4.30168e-04	2.138e-01	5.371e-02 -2.8786065578460693	1.0
chr4_122162117_A_G_b38	2	4.30168e-04	2.138e-01	5.371e-02 -2.86936092376709	1.0
chr4_122147243_A_G_b38	2	4.30168e-04	2.138e-01	5.371e-02 -2.873724937438965	1.0
chr4_122150453_G_A_b38	2	4.30168e-04	2.138e-01	5.371e-02 -2.875453472137451	1.0
chr4_122185067_T_C_b38	2	4.30168e-04	2.138e-01	5.371e-02 -2.877507448196411	1.0
chr4_122265899_G_A_b38	2	4.30168e-04	2.138e-01	5.371e-02 -2.8766977787017822	1.0
chr4_122301977_A_G_b38	2	4.30168e-04	2.138e-01	5.371e-02 -2.86575698852539	1.0
chr4_122190714_G_A_b38	2	4.30168e-04	2.138e-01	5.371e-02 -2.877604484558105	1.0
chr4_122293680_A_G_b38	2	4.30168e-04	2.138e-01	5.371e-02 -2.8663887977600098	1.0
chr4_122268794_T_C_b38	2	4.30168e-04	2.138e-01	5.371e-02 -2.8786098957061768	1.0
chr4_122188997_G_A_b38	2	4.30168e-04	2.138e-01	5.371e-02 -2.877604484558105	1.0
chr4_122298258_TTG_T_b38	2	4.30168e-04	2.138e-01	5.371e-02 -2.8255128476176106	1.0
chr4_122154639_C_T_b38	2	4.30168e-04	2.138e-01	5.371e-02 -2.8603756427764893	1.0
chr4_122164527_A_G_b38	2	4.30168e-04	2.138e-01	5.371e-02 -2.8594350814819336	1.0
chr4_122348349_T_G_b38	2	4.30168e-04	2.138e-01	5.371e-02 -2.840783834457397	1.0
chr4_122222203_G_A_b38	2	4.30168e-04	2.138e-01	5.371e-02 -2.8737871646881104	1.0
chr4_122207746_T_A_b38	2	4.30168e-04	2.138e-01	5.371e-02 -2.8775100708007812	1.0
chr4_122147662_T_C_b38	2	4.30168e-04	2.138e-01	5.371e-02 -2.879319429397583	1.0
chr4_122159477_TTTTTA_T_b38	2	4.30168e-04	2.138e-01	5.371e-02 -2.8255128476176106	1.0
chr4_122216851_A_G_b38	2	4.30168e-04	2.138e-01	5.371e-02 -2.8741018772125244	1.0
chr4_122158567_A_G_b38	2	4.30168e-04	2.138e-01	5.371e-02 -2.8700082302093506	1.0
chr4_122227999_C_T_b38	2	4.30168e-04	2.138e-01	5.371e-02 -2.90433120727539	1.0
chr4_122251421_C_G_b38	2	4.30168e-04	2.138e-01	5.371e-02 -2.8733751773834237	1.0
chr4_122139055_A_G_b38	2	4.30168e-04	2.138e-01	5.371e-02 -2.8978726863861084	1.0
chr4_122350440_T_C_b38	2	4.30168e-04	2.138e-01	5.371e-02 -2.830929517745972	1.0
chr4_122166342_A_C_b38	2	4.30168e-04	2.138e-01	5.371e-02 -2.8255128476176106	1.0
chr4_122300410_G_C_b38	2	4.30168e-04	2.138e-01	5.371e-02 -2.866154909133911	1.0
chr4_122264508_C_A_b38	2	4.30168e-04	2.138e-01	5.371e-02 -2.872154951095581	1.0
chr4_122187013_G_A_b38	2	4.30168e-04	2.138e-01	5.371e-02 -2.877604484558105	1.0
chr4_122265439_G_A_b38	2	4.30168e-04	2.138e-01	5.371e-02 -2.877790927886963	1.0
chr4_122170523_C_T_b38	2	4.30168e-04	2.138e-01	5.371e-02 -2.8768765926361084	1.0
chr4_122177684_A_G_b38	2	4.30168e-04	2.138e-01	5.371e-02 -2.8785057067871094	1.0
chr4_122345637_T_C_b38	2	4.30168e-04	2.138e-01	5.371e-02 -2.8411407470703125	1.0
chr4_122144569_C_G_b38	2	4.30168e-04	2.138e-01	5.371e-02 -2.8902761936187744	1.0
chr4_122158440_C_G_b38	2	4.30168e-04	2.138e-01	5.371e-02 -2.8702394962310787	1.0
chr4_122327607_A_C_b38	2	4.30168e-04	2.138e-01	5.371e-02 -2.836242198944092	1.0
chr4_122293825_C_T_b38	2	4.30168e-04	2.138e-01	5.371e-02 -2.8736343383789062	1.0
chr4_122202994_T_A_b38	2	4.30168e-04	2.138e-01	5.371e-02 -2.8775041103363037	1.0
chr4_122261262_CT_C_b38	2	4.30168e-04	2.138e-01	5.371e-02 -2.8255128476176106	1.0
chr4_122148214_G_A_b38	2	4.30168e-04	2.138e-01	5.371e-02 -2.8786623477935787	1.0
chr4_122359548_T_C_b38	2	4.30168e-04	2.138e-01	5.371e-02 -2.8291618824005127	1.0
chr4_122139386_C_T_b38	2	4.30168e-04	2.138e-01	5.371e-02 -2.8973228931427	1.0
chr4_122157057_G_GGGA_b38	2	4.30168e-04	2.138e-01	5.371e-02 -2.8255128476176106	1.0
chr4_122324872_C_CTAG_b38	2	4.30168e-04	2.138e-01	5.371e-02 -2.8255128476176106	1.0
chr4_122298996_T_C_b38	2	4.30168e-04	2.138e-01	5.371e-02 -2.866483211517334	1.0
chr4_122341318_C_G_b38	2	4.30168e-04	2.138e-01	5.371e-02 -2.8565192222595215	1.0
chr4_122340375_A_C_b38	2	4.30168e-04	2.138e-01	5.371e-02 -2.8361082077026367	1.0
chr4_122288204_G_A_b38	2	4.30168e-04	2.138e-01	5.371e-02 -2.8663249015808105	1.0
chr4_122248711_A_G_b38	2	4.30168e-04	2.138e-01	5.371e-02 -2.8733751773834233	1.0
chr4_121736832_C_G_b38	3	1.05385e-03	-1.550e-01	3.808e-02 3.6122624874114986	1.0
