chr16_86638764_G_C_b38	1	3.37990e-01	2.115e-01	5.108e-02 1.3956100940704346	1.0
chr16_86634561_A_G_b38	1	1.62251e-01	-2.064e-01	5.131e-02 -1.7311015129089355	1.0
chr16_86639335_T_C_b38	1	1.55002e-01	-2.016e-01	5.056e-02 -1.5535525083541868	1.0
chr16_86639695_A_G_b38	1	6.75686e-02	-1.914e-01	5.042e-02 -1.4642382860183716	1.0
chr16_86670425_A_G_b38	1	4.95301e-02	-2.047e-01	5.365e-02 -0.778876006603241	1.0
chr16_86642636_T_C_b38	1	4.21146e-02	-1.738e-01	4.474e-02 0.4018703997135161	1.0
chr16_86647014_G_C_b38	1	2.84077e-02	-1.783e-01	4.851e-02 -0.8776955604553223	1.0
chr16_86642267_G_GCCAATCAAAGCTCAGCTGCATCAA_b38	1	1.76799e-02	-1.784e-01	5.120e-02 -1.6837699539215203	1.0
chr16_86645269_T_C_b38	1	1.34345e-02	-1.711e-01	5.028e-02 -0.9550153613090516	1.0
chr16_86727539_A_G_b38	2	6.18201e-01	-2.028e-01	4.795e-02 -0.2242258340120316	1.0
chr16_86728413_T_C_b38	2	1.42937e-01	1.853e-01	4.713e-02 0.334138959646225	1.0
chr16_86720970_A_G_b38	2	4.60685e-02	-2.252e-01	6.672e-02 -0.22025159001350406	1.0
chr16_86717190_A_G_b38	2	3.21874e-03	1.427e-01	4.761e-02 -0.1867058277130127	1.0
chr16_86722852_C_T_b38	2	1.93643e-03	1.070e-01	4.608e-02 0.12911398708820346	1.0
chr16_86717767_A_G_b38	2	9.92562e-04	1.298e-01	4.793e-02 -0.1529032737016678	1.0
chr16_86726318_T_C_b38	2	9.66164e-04	1.230e-01	4.595e-02 0.2043001502752304	1.0
chr16_86731310_A_T_b38	2	8.13638e-04	1.279e-01	4.559e-02 -0.4949438869953156	1.0
chr16_86719464_T_C_b38	2	7.18129e-04	1.227e-01	4.745e-02 -0.15667831897735596	1.0
chr16_86729949_G_C_b38	2	3.82294e-04	1.204e-01	4.604e-02 -0.8758301734924316	1.0
chr16_86728093_T_C_b38	2	3.50174e-04	1.186e-01	4.558e-02 0.39431971311569214	1.0
chr16_86698182_C_G_b38	3	2.28861e-01	-2.781e-01	6.381e-02 -4.929325580596924	1.0
chr16_86672829_C_G_b38	3	1.81823e-01	-2.972e-01	6.584e-02 -4.948957443237305	1.0
chr16_86699915_T_G_b38	3	1.70390e-01	-2.735e-01	6.395e-02 -5.332479953765869	1.0
chr16_86677054_A_G_b38	3	4.67729e-02	-2.460e-01	5.763e-02 -5.341224193572998	1.0
chr16_86681109_G_C_b38	3	3.85662e-02	-2.533e-01	5.952e-02 -6.027261257171631	1.0
chr16_86700124_C_G_b38	3	3.43732e-02	-1.902e-01	4.933e-02 -5.421163558959961	1.0
chr16_86676125_C_G_b38	3	3.29585e-02	-2.411e-01	5.743e-02 -5.128389835357666	1.0
chr16_86692295_C_T_b38	3	1.89814e-03	-2.484e-01	6.838e-02 -4.195570945739746	1.0
chr16_86653968_T_C_b38	3	1.67778e-03	-3.158e-01	6.766e-02 -4.143950939178467	1.0
chr16_86673034_G_C_b38	3	5.47103e-04	-2.444e-01	5.930e-02 -4.977799415588379	1.0
chr16_86707742_C_T_b38	4	7.83126e-02	-3.367e-01	9.310e-02 1.8960207700729368	1.0
chr16_86709006_T_C_b38	4	2.05041e-03	-3.149e-01	1.213e-01 1.7806808948516846	1.0
chr16_86707799_T_C_b38	4	1.73770e-03	-3.106e-01	1.206e-01 1.8410689830780032	1.0
chr16_86707577_G_A_b38	4	1.73770e-03	-3.106e-01	1.206e-01 1.8442151546478271	1.0
chr16_86701805_T_G_b38	4	1.20689e-03	-2.929e-01	1.181e-01 1.9068754911422732	1.0
chr16_86705378_G_A_b38	4	1.17951e-03	-2.940e-01	1.189e-01 1.728024125099182	1.0
chr16_86702297_G_A_b38	4	1.17951e-03	-2.940e-01	1.189e-01 1.7710247039794922	1.0
chr16_86709653_C_T_b38	4	9.76925e-04	-2.995e-01	1.221e-01 1.8536784648895264	1.0
chr16_86721414_T_A_b38	5	6.33745e-04	-1.072e-01	7.192e-02 -0.4551053047180176	1.0
chr16_86724473_A_C_b38	5	5.98180e-04	-1.615e-01	1.040e-01 -0.38151952624320973	1.0
chr16_86725554_C_A_b38	5	5.29343e-04	-1.454e-01	5.794e-02 0.12255239486694335	1.0
chr16_86725140_G_A_b38	5	3.09801e-04	-1.297e-01	5.507e-02 0.17287029325962067	1.0
chr16_86721359_C_A_b38	5	1.84163e-04	-7.211e-02	5.528e-02 -0.9223913550376892	1.0
chr16_86729446_G_C_b38	5	1.04013e-04	-5.373e-02	1.786e-01 -0.07018371671438217	1.0
chr16_86722758_C_T_b38	5	9.78037e-05	-6.380e-02	5.420e-02 -0.12552693486213684	1.0
chr16_86721315_C_T_b38	5	9.64511e-05	-5.828e-02	5.420e-02 -0.1485743373632431	1.0
chr16_86722781_G_A_b38	5	7.76003e-05	-5.785e-02	5.409e-02 -0.12289752811193465	1.0
chr16_86725683_CG_C_b38	5	6.17832e-05	-1.001e-01	5.472e-02 -0.05872463318847376	1.0
chr16_86724933_A_C_b38	5	5.90834e-05	-1.025e-01	5.798e-02 0.1854790449142456	1.0
chr16_86720009_A_G_b38	5	4.72904e-05	-7.289e-02	5.373e-02 -0.5884194374084473	1.0
chr16_86724439_CATGG_C_b38	5	3.17879e-05	-6.781e-02	5.538e-02 -0.3001054362560858	1.0
chr16_86719792_T_C_b38	5	1.74833e-05	-6.385e-02	5.396e-02 -0.3502748331258278	1.0
chr16_86719794_C_G_b38	5	1.74833e-05	-6.385e-02	5.396e-02 -0.3502748331258278	1.0
chr16_86719788_A_G_b38	5	1.74833e-05	-6.385e-02	5.396e-02 -0.3502748331258278	1.0
chr16_86729540_T_C_b38	5	1.42148e-05	1.119e-01	4.660e-02 -0.6203020811080933	1.0
chr16_86727600_G_A_b38	5	1.04135e-05	1.059e-01	4.693e-02 -0.25544318556785583	1.0
