chr2_101962100_A_G_b38	1	2.16736e-01	-2.477e-01	5.835e-02 4.901926040649414	1.0
chr2_101948608_T_C_b38	1	1.05128e-01	-2.777e-01	5.459e-02 4.9182610511779785	1.0
chr2_101949806_T_G_b38	1	1.05128e-01	-2.777e-01	5.459e-02 4.916700839996338	1.0
chr2_101946309_C_A_b38	1	1.05128e-01	-2.777e-01	5.459e-02 4.9128689765930185	1.0
chr2_101961376_C_T_b38	1	6.50702e-02	-2.417e-01	5.916e-02 4.849035263061523	1.0
chr2_101957159_C_T_b38	1	4.39824e-02	-2.521e-01	5.599e-02 4.9508090019226065	1.0
chr2_101958258_C_T_b38	1	4.39824e-02	-2.521e-01	5.599e-02 4.949016571044922	1.0
chr2_101958376_G_T_b38	1	4.39824e-02	-2.521e-01	5.599e-02 4.948689937591553	1.0
chr2_101955414_G_C_b38	1	2.94241e-02	-2.544e-01	5.539e-02 4.942061424255371	1.0
chr2_101957016_G_A_b38	1	2.62914e-02	-2.545e-01	5.472e-02 4.933004856109619	1.0
chr2_101956880_C_T_b38	1	2.62914e-02	-2.545e-01	5.472e-02 4.953008651733398	1.0
chr2_101945463_G_GTC_b38	1	2.32179e-02	-2.626e-01	5.669e-02 4.759830221729173	1.0
chr2_101966187_A_G_b38	1	1.95746e-02	-2.434e-01	5.779e-02 5.06956958770752	1.0
chr2_101938571_C_T_b38	1	1.53953e-02	-2.311e-01	5.845e-02 5.388950824737549	1.0
chr2_101975535_T_C_b38	1	1.29218e-02	-2.580e-01	5.442e-02 4.827310562133789	1.0
chr2_101941052_C_G_b38	1	1.25784e-02	-2.219e-01	5.717e-02 5.522029399871826	1.0
chr2_101937232_G_A_b38	1	1.25784e-02	-2.219e-01	5.717e-02 5.521117210388184	1.0
chr2_101971840_A_C_b38	1	1.22958e-02	-2.542e-01	5.548e-02 4.842237949371338	1.0
chr2_101958354_C_T_b38	1	9.41140e-03	-2.415e-01	5.552e-02 4.927032947540283	1.0
chr2_101972796_A_C_b38	1	6.61106e-03	-2.576e-01	5.342e-02 4.846769332885742	1.0
chr2_101924879_A_G_b38	1	5.74969e-03	-2.392e-01	5.745e-02 5.381661891937256	1.0
chr2_101954623_A_G_b38	1	4.53537e-03	-2.414e-01	5.569e-02 4.915840148925781	1.0
chr2_101926225_A_G_b38	1	4.49917e-03	-2.388e-01	5.776e-02 5.3782453536987305	1.0
chr2_101917420_T_C_b38	1	4.49917e-03	-2.388e-01	5.776e-02 5.386327266693115	1.0
chr2_101921145_G_A_b38	1	4.49917e-03	-2.388e-01	5.776e-02 5.392436981201172	1.0
chr2_101917775_T_A_b38	1	4.49917e-03	-2.388e-01	5.776e-02 5.389066696166992	1.0
chr2_101923475_T_TG_b38	1	4.49917e-03	-2.388e-01	5.776e-02 5.160600659851442	1.0
chr2_101921966_A_G_b38	1	4.49917e-03	-2.388e-01	5.776e-02 5.3555588722229	1.0
chr2_101982099_C_T_b38	1	4.38773e-03	-2.507e-01	5.425e-02 4.843806266784668	1.0
chr2_101962457_T_C_b38	2	1.12356e-01	-1.350e-01	5.864e-02 2.3200359344482417	1.0
chr2_101957184_C_T_b38	2	2.16015e-02	-1.523e-01	6.142e-02 2.2818245887756348	1.0
chr2_101984559_A_G_b38	2	1.36420e-02	-1.614e-01	5.864e-02 1.9799872636795044	1.0
chr2_101952065_C_T_b38	2	1.20880e-02	-1.531e-01	6.306e-02 2.353026866912842	1.0
chr2_101945882_C_T_b38	2	1.10019e-02	-1.622e-01	5.905e-02 1.8421846628189087	1.0
chr2_101970775_T_C_b38	2	1.04850e-02	-1.496e-01	6.156e-02 2.2318036556243896	1.0
chr2_101954596_T_C_b38	2	8.27222e-03	-1.434e-01	6.269e-02 2.306851387023926	1.0
chr2_101949565_G_A_b38	2	6.00496e-03	-1.502e-01	6.090e-02 2.3804128170013428	1.0
chr2_101986680_G_A_b38	2	5.97617e-03	-1.556e-01	6.345e-02 2.2860021591186523	1.0
chr2_101949110_C_T_b38	2	5.44227e-03	-1.546e-01	6.408e-02 2.356021881103516	1.0
chr2_101947072_C_T_b38	2	5.44227e-03	-1.546e-01	6.408e-02 2.361491680145264	1.0
chr2_101974897_G_C_b38	2	5.04982e-03	-1.511e-01	6.260e-02 2.1554949283599854	1.0
chr2_101982478_C_T_b38	2	4.46250e-03	-1.483e-01	6.252e-02 2.0265653133392334	1.0
chr2_101980556_A_C_b38	2	4.41089e-03	-1.484e-01	6.289e-02 2.1156246662139893	1.0
chr2_101969429_C_T_b38	2	2.16168e-03	-1.253e-01	6.761e-02 2.0684068202972408	1.0
chr2_101945519_C_G_b38	2	1.94400e-03	-1.304e-01	5.763e-02 2.302323579788208	1.0
chr2_101989361_C_A_b38	2	1.90436e-03	-1.453e-01	5.575e-02 2.6667461395263667	1.0
chr2_101938946_C_T_b38	2	1.76545e-03	-1.297e-01	5.832e-02 2.504801988601685	1.0
chr2_101942662_C_T_b38	2	1.71439e-03	-1.290e-01	5.845e-02 2.4392201900482178	1.0
chr2_101937818_C_T_b38	2	1.64768e-03	-1.283e-01	5.869e-02 2.6257967948913574	1.0
chr2_101989388_A_AT_b38	2	1.19509e-03	-1.366e-01	5.517e-02 2.4404650022525063	1.0
chr2_101927017_G_A_b38	2	3.77870e-04	-1.457e-01	6.026e-02 2.9380874633789062	1.0
chr2_101924618_G_A_b38	2	3.41797e-04	-1.222e-01	4.909e-02 2.8037257194519043	1.0
chr2_101921890_T_C_b38	2	3.41797e-04	-1.222e-01	4.909e-02 2.766371965408325	1.0
chr2_101921806_A_C_b38	2	3.41797e-04	-1.222e-01	4.909e-02 2.7688672542572017	1.0
chr2_101932062_GT_G_b38	2	3.41797e-04	-1.222e-01	4.909e-02 2.843993758878512	1.0
chr2_101926591_T_C_b38	2	3.41797e-04	-1.222e-01	4.909e-02 2.809157609939575	1.0
chr2_101920688_G_A_b38	2	3.11989e-04	-1.399e-01	5.944e-02 2.9473869800567627	1.0
chr2_101928663_TGGGATAAATCCAGCACATA_T_b38	2	2.94266e-04	-1.369e-01	5.956e-02 2.5754272814319457	1.0
chr2_101934087_T_C_b38	2	2.94266e-04	-1.369e-01	5.956e-02 2.441237449645996	1.0
chr2_101987307_G_T_b38	2	2.70059e-04	-1.414e-01	6.894e-02 2.3513882160186768	1.0
chr2_101919479_A_C_b38	2	2.57503e-04	-1.291e-01	5.611e-02 2.4460344314575195	1.0
chr2_101988187_C_A_b38	2	2.35722e-04	-1.291e-01	6.125e-02 2.7281758785247803	1.0
chr2_101961098_T_A_b38	3	2.27768e-03	-2.282e-01	1.367e-01 0.0	1.0
chr2_101965783_G_T_b38	3	1.41096e-03	-3.922e-01	1.640e-01 0.0	1.0
chr2_101960297_A_C_b38	3	6.95314e-04	-2.322e-01	1.372e-01 0.0	1.0
chr2_101959458_G_A_b38	3	2.98435e-04	-2.275e-01	1.371e-01 0.0	1.0
chr2_101971730_A_AT_b38	3	2.62244e-04	-2.824e-01	1.404e-01 0.0	1.0
chr2_101970345_A_G_b38	3	2.62244e-04	-2.824e-01	1.404e-01 0.0	1.0
chr2_101973900_A_G_b38	3	3.90509e-05	-2.653e-01	1.382e-01 0.0	1.0
chr2_101978441_T_C_b38	3	3.26887e-05	-2.418e-01	1.365e-01 0.0	1.0
chr2_101977122_A_G_b38	3	3.26887e-05	-2.418e-01	1.365e-01 0.0	1.0
chr2_101982630_C_T_b38	3	3.26887e-05	-2.418e-01	1.365e-01 0.0	1.0
chr2_101979301_A_G_b38	3	3.26887e-05	-2.418e-01	1.365e-01 0.0	1.0
chr2_101978324_C_T_b38	3	3.26887e-05	-2.418e-01	1.365e-01 0.0	1.0
chr2_101976307_G_A_b38	3	3.26887e-05	-2.418e-01	1.365e-01 0.0	1.0
