chr15_83901423_A_T_b38	1	2.70240e-02	-3.306e-01	6.017e-02 21.573604583740234	1.0
chr15_83902326_A_C_b38	1	2.70240e-02	-3.306e-01	6.017e-02 21.596004486083984	1.0
chr15_83899343_A_G_b38	1	2.70240e-02	-3.306e-01	6.017e-02 21.530977249145508	1.0
chr15_83897692_T_C_b38	1	2.70240e-02	-3.306e-01	6.017e-02 21.54429626464844	1.0
chr15_83899420_TG_T_b38	1	2.70240e-02	-3.306e-01	6.017e-02 21.480327327747712	1.0
chr15_83899406_T_A_b38	1	2.70240e-02	-3.306e-01	6.017e-02 21.613300323486328	1.0
chr15_83900431_A_G_b38	1	2.70240e-02	-3.306e-01	6.017e-02 21.56138610839844	1.0
chr15_83901041_T_C_b38	1	2.70240e-02	-3.306e-01	6.017e-02 21.57418441772461	1.0
chr15_83896516_A_G_b38	1	2.70240e-02	-3.306e-01	6.017e-02 21.554975509643555	1.0
chr15_83899752_A_G_b38	1	2.70240e-02	-3.306e-01	6.017e-02 21.55289077758789	1.0
chr15_83901510_A_T_b38	1	2.70240e-02	-3.306e-01	6.017e-02 21.574241638183594	1.0
chr15_83896850_C_T_b38	1	2.70240e-02	-3.306e-01	6.017e-02 21.541444778442386	1.0
chr15_83903477_C_G_b38	1	2.70240e-02	-3.306e-01	6.017e-02 21.571456909179688	1.0
chr15_83901281_G_A_b38	1	2.70240e-02	-3.306e-01	6.017e-02 21.573604583740234	1.0
chr15_83896065_G_A_b38	1	2.70240e-02	-3.306e-01	6.017e-02 21.55988121032715	1.0
chr15_83903625_AG_A_b38	1	2.70240e-02	-3.306e-01	6.017e-02 21.41841850251272	1.0
chr15_83896849_G_T_b38	1	2.70240e-02	-3.306e-01	6.017e-02 21.54092025756836	1.0
chr15_83901629_C_T_b38	1	2.70240e-02	-3.306e-01	6.017e-02 21.598464965820312	1.0
chr15_83901982_G_A_b38	1	2.70240e-02	-3.306e-01	6.017e-02 21.60152244567871	1.0
chr15_83899010_T_A_b38	1	2.70240e-02	-3.306e-01	6.017e-02 21.553037643432614	1.0
chr15_83901836_TGA_T_b38	1	2.70240e-02	-3.306e-01	6.017e-02 21.41841850251272	1.0
chr15_83900803_A_G_b38	1	2.70240e-02	-3.306e-01	6.017e-02 21.56100273132324	1.0
chr15_83901190_T_G_b38	1	2.70240e-02	-3.306e-01	6.017e-02 21.574298858642575	1.0
chr15_83902286_G_T_b38	1	2.70240e-02	-3.306e-01	6.017e-02 21.592714309692386	1.0
chr15_83898661_T_C_b38	1	2.70240e-02	-3.306e-01	6.017e-02 21.566410064697266	1.0
chr15_83878792_TTTTCAGGTC_T_b38	1	1.00702e-02	-3.166e-01	6.011e-02 21.245456952458355	1.0
chr15_83884091_C_T_b38	1	1.00702e-02	-3.166e-01	6.011e-02 21.381248474121094	1.0
chr15_83878470_C_T_b38	1	1.00702e-02	-3.166e-01	6.011e-02 21.420076370239254	1.0
chr15_83880676_G_C_b38	1	1.00702e-02	-3.166e-01	6.011e-02 21.409421920776367	1.0
chr15_83880228_C_G_b38	1	1.00702e-02	-3.166e-01	6.011e-02 21.40317153930664	1.0
chr15_83888924_T_G_b38	1	1.00702e-02	-3.166e-01	6.011e-02 21.398067474365234	1.0
chr15_83884314_G_A_b38	1	1.00702e-02	-3.166e-01	6.011e-02 21.381711959838867	1.0
chr15_83879994_A_G_b38	1	1.00702e-02	-3.166e-01	6.011e-02 21.41730499267578	1.0
chr15_83903084_T_A_b38	1	7.89069e-03	-3.164e-01	6.075e-02 19.50403594970703	1.0
chr15_83883742_C_T_b38	1	5.46075e-03	-3.098e-01	6.048e-02 21.379934310913086	1.0
chr15_83904289_T_G_b38	1	4.98051e-03	-3.305e-01	6.013e-02 21.609283447265625	1.0
chr15_83904496_A_G_b38	1	4.98051e-03	-3.305e-01	6.013e-02 21.621692657470703	1.0
chr15_83906776_A_G_b38	1	3.61338e-03	-3.316e-01	6.113e-02 21.59222412109375	1.0
chr15_83915058_T_A_b38	1	3.61338e-03	-3.316e-01	6.113e-02 21.554401397705078	1.0
chr15_83915432_C_T_b38	1	3.61338e-03	-3.316e-01	6.113e-02 21.56766128540039	1.0
chr15_83907556_T_C_b38	1	3.61338e-03	-3.316e-01	6.113e-02 21.59054374694824	1.0
chr15_83911830_A_C_b38	1	3.61338e-03	-3.316e-01	6.113e-02 21.653810501098636	1.0
chr15_83921314_C_T_b38	1	3.61338e-03	-3.316e-01	6.113e-02 21.57863044738769	1.0
chr15_83913372_G_T_b38	1	3.61338e-03	-3.316e-01	6.113e-02 21.5975341796875	1.0
chr15_83912414_T_C_b38	1	3.61338e-03	-3.316e-01	6.113e-02 21.58898162841797	1.0
chr15_83913988_C_T_b38	1	3.61338e-03	-3.316e-01	6.113e-02 21.569128036499023	1.0
chr15_83921188_C_T_b38	1	3.61338e-03	-3.316e-01	6.113e-02 21.57406234741211	1.0
chr15_83920861_T_G_b38	1	3.61338e-03	-3.316e-01	6.113e-02 21.588624954223636	1.0
chr15_83911305_G_A_b38	1	3.61338e-03	-3.316e-01	6.113e-02 21.58892250061035	1.0
chr15_83909739_C_T_b38	1	3.61338e-03	-3.316e-01	6.113e-02 21.590234756469727	1.0
chr15_83919206_C_T_b38	1	3.61338e-03	-3.316e-01	6.113e-02 21.56629943847656	1.0
chr15_83916994_C_T_b38	1	3.61338e-03	-3.316e-01	6.113e-02 21.566251754760746	1.0
chr15_83909040_G_C_b38	1	3.61338e-03	-3.316e-01	6.113e-02 21.590070724487305	1.0
chr15_83917616_G_A_b38	1	3.61338e-03	-3.316e-01	6.113e-02 21.56157112121582	1.0
chr15_83917712_T_C_b38	1	3.61338e-03	-3.316e-01	6.113e-02 21.56654167175293	1.0
chr15_83912853_G_A_b38	1	3.61338e-03	-3.316e-01	6.113e-02 21.589038848876953	1.0
chr15_83917711_A_G_b38	1	3.61338e-03	-3.316e-01	6.113e-02 21.351678462499468	1.0
chr15_83913152_T_C_b38	1	3.61338e-03	-3.316e-01	6.113e-02 21.60799789428711	1.0
chr15_83907407_A_T_b38	1	3.61338e-03	-3.316e-01	6.113e-02 21.589557647705078	1.0
chr15_83917556_A_G_b38	1	3.61338e-03	-3.316e-01	6.113e-02 21.566598892211914	1.0
chr15_83908205_A_G_b38	1	3.61338e-03	-3.316e-01	6.113e-02 21.591121673583984	1.0
chr15_83916207_C_T_b38	1	3.61338e-03	-3.316e-01	6.113e-02 21.56766128540039	1.0
chr15_83921168_G_A_b38	1	3.61338e-03	-3.316e-01	6.113e-02 21.57406234741211	1.0
chr15_83906593_G_A_b38	1	3.61338e-03	-3.316e-01	6.113e-02 21.58720588684082	1.0
chr15_83906523_C_T_b38	1	3.61338e-03	-3.316e-01	6.113e-02 21.59222412109375	1.0
chr15_83910196_G_A_b38	1	3.61338e-03	-3.316e-01	6.113e-02 21.590234756469727	1.0
chr15_83915382_G_C_b38	1	3.61338e-03	-3.316e-01	6.113e-02 21.56766128540039	1.0
chr15_83908598_A_G_b38	1	3.61338e-03	-3.316e-01	6.113e-02 21.588285446166992	1.0
chr15_83916286_A_G_b38	1	3.61338e-03	-3.316e-01	6.113e-02 21.566598892211914	1.0
chr15_83908218_C_G_b38	1	3.61338e-03	-3.316e-01	6.113e-02 21.591064453125	1.0
chr15_83911404_G_A_b38	1	3.61338e-03	-3.316e-01	6.113e-02 21.58892250061035	1.0
chr15_83915047_C_T_b38	1	3.61338e-03	-3.316e-01	6.113e-02 21.554401397705078	1.0
chr15_83909677_T_A_b38	1	3.61338e-03	-3.316e-01	6.113e-02 21.590234756469727	1.0
chr15_83907300_A_G_b38	1	3.61338e-03	-3.316e-01	6.113e-02 21.5911808013916	1.0
chr15_83904739_G_A_b38	1	3.61338e-03	-3.316e-01	6.113e-02 21.550128936767575	1.0
chr15_83919081_A_G_b38	1	3.61338e-03	-3.316e-01	6.113e-02 21.56654167175293	1.0
chr15_83909465_A_T_b38	1	3.61338e-03	-3.316e-01	6.113e-02 21.590070724487305	1.0
chr15_83916786_A_AAAAAT_b38	1	3.61338e-03	-3.316e-01	6.113e-02 21.351678462499468	1.0
chr15_83907596_G_A_b38	1	3.61338e-03	-3.316e-01	6.113e-02 21.6204776763916	1.0
chr15_83908450_C_G_b38	1	3.61338e-03	-3.316e-01	6.113e-02 21.591121673583984	1.0
chr15_83918855_C_T_b38	1	3.61338e-03	-3.316e-01	6.113e-02 21.56618309020996	1.0
chr15_83911675_C_T_b38	1	3.61338e-03	-3.316e-01	6.113e-02 21.588504791259766	1.0
chr15_83908240_A_G_b38	1	3.61338e-03	-3.316e-01	6.113e-02 21.591121673583984	1.0
chr15_83911419_T_C_b38	1	3.61338e-03	-3.316e-01	6.113e-02 21.58892250061035	1.0
chr15_83922158_G_A_b38	1	3.61338e-03	-3.316e-01	6.113e-02 21.574119567871094	1.0
chr15_83922823_A_G_b38	1	3.20339e-03	-3.293e-01	6.101e-02 21.474645614624023	1.0
chr15_83911270_G_A_b38	1	2.25961e-03	-3.283e-01	6.175e-02 21.54194450378418	1.0
chr15_83915207_T_C_b38	1	1.96016e-03	-3.254e-01	6.160e-02 21.50934410095215	1.0
chr15_83845538_C_G_b38	1	3.71958e-04	-2.725e-01	6.144e-02 21.20831871032715	1.0
chr15_83910800_A_G_b38	1	2.97670e-04	-2.994e-01	6.208e-02 20.902102912271506	1.0
chr15_83654343_G_GT_b38	2	1.70678e-02	1.337e-01	1.069e-01 3.4706253614634233	1.0
chr15_83672282_A_G_b38	2	4.40630e-04	1.388e-01	1.051e-01 3.163243293762207	1.0
chr15_83664660_C_T_b38	2	4.37493e-04	1.402e-01	1.076e-01 3.638554573059082	1.0
chr15_83675938_C_T_b38	2	4.37493e-04	1.402e-01	1.076e-01 3.6066391468048096	1.0
chr15_83675695_T_A_b38	2	4.37493e-04	1.402e-01	1.076e-01 3.5884203910827637	1.0
chr15_83677697_A_T_b38	2	4.37493e-04	1.402e-01	1.076e-01 3.5953264236450195	1.0
chr15_83630593_G_A_b38	2	3.82229e-04	1.305e-01	1.080e-01 3.54697847366333	1.0
chr15_83669181_G_A_b38	2	3.16907e-04	1.161e-01	1.098e-01 3.0380704402923584	1.0
chr15_83671015_G_A_b38	2	3.16907e-04	1.161e-01	1.098e-01 3.0274562835693364	1.0
chr15_83670114_C_G_b38	2	3.16907e-04	1.161e-01	1.098e-01 3.0544545650482178	1.0
chr15_83633071_A_G_b38	2	3.07417e-04	1.161e-01	1.098e-01 3.4966535568237305	1.0
chr15_83637608_G_A_b38	2	3.07417e-04	1.161e-01	1.098e-01 3.5234413146972656	1.0
chr15_83642583_TG_T_b38	2	3.07417e-04	1.161e-01	1.098e-01 3.704523337243117	1.0
chr15_83633159_CT_C_b38	2	3.07417e-04	1.161e-01	1.098e-01 3.704523337243117	1.0
chr15_83644010_A_T_b38	2	3.07417e-04	1.161e-01	1.098e-01 3.511484146118164	1.0
chr15_83633990_A_G_b38	2	2.92014e-04	1.078e-01	1.039e-01 3.612981796264648	1.0
chr15_83653986_G_C_b38	3	5.09389e-04	7.242e-02	1.269e-01 1.9119925788435803	1.0
chr15_83655001_C_T_b38	3	1.23168e-04	6.303e-02	1.264e-01 3.2887697219848637	1.0
chr15_83649826_C_T_b38	3	2.39411e-05	2.813e-02	1.268e-01 3.3753511905670166	1.0
chr15_83659238_A_G_b38	3	2.03061e-05	7.242e-02	1.269e-01 3.34281587600708	1.0
chr15_83660741_C_T_b38	3	2.03061e-05	7.242e-02	1.269e-01 3.2392499446868896	1.0
chr15_83661552_C_T_b38	3	1.97833e-05	6.303e-02	1.264e-01 2.9276927849698975	1.0
chr15_83661948_A_C_b38	3	1.95580e-05	5.139e-02	1.302e-01 3.0090946977922086	1.0
chr15_83647760_G_A_b38	3	1.73436e-05	2.813e-02	1.268e-01 3.374552965164185	1.0
