chr1_66925320_G_C_b38	1	2.21123e-01	-1.800e-01	2.313e-02 6.651108741760254	1.0
chr1_66925316_G_C_b38	1	2.21123e-01	-1.800e-01	2.313e-02 6.639115333557129	1.0
chr1_66924733_G_C_b38	1	1.87622e-01	-1.795e-01	2.315e-02 6.644412994384767	1.0
chr1_66924785_C_G_b38	1	1.54093e-01	-1.808e-01	2.339e-02 6.652454853057861	1.0
chr1_66932924_G_C_b38	1	1.47736e-02	-1.800e-01	2.312e-02 6.612261772155763	1.0
chr1_66933233_G_A_b38	1	1.47736e-02	-1.800e-01	2.312e-02 6.601785182952881	1.0
chr1_66947795_A_G_b38	1	7.49574e-03	-1.800e-01	2.312e-02 6.6237430572509775	1.0
chr1_66947235_G_C_b38	1	7.49574e-03	-1.800e-01	2.312e-02 6.610607624053955	1.0
chr1_66938104_G_A_b38	1	7.49574e-03	-1.800e-01	2.312e-02 6.601409435272218	1.0
chr1_66936913_T_C_b38	1	7.49574e-03	-1.800e-01	2.312e-02 6.611647605895996	1.0
chr1_66944488_A_G_b38	1	7.49574e-03	-1.800e-01	2.312e-02 6.601136207580566	1.0
chr1_66952344_C_T_b38	1	6.53290e-03	-1.825e-01	2.302e-02 6.404002189636231	1.0
chr1_66947139_T_G_b38	1	5.94776e-03	-1.811e-01	2.332e-02 6.589885711669923	1.0
chr1_66978286_ATAGG_A_b38	1	5.02802e-03	1.866e-01	2.314e-02 -6.582922832009474	1.0
chr1_66923925_C_T_b38	1	4.95888e-03	-1.717e-01	2.337e-02 6.556670665740968	1.0
chr1_66939227_T_G_b38	1	4.30311e-03	-1.815e-01	2.351e-02 6.581089973449707	1.0
chr1_66937155_T_C_b38	1	4.30311e-03	-1.815e-01	2.351e-02 6.586050033569336	1.0
chr1_66920521_C_T_b38	1	3.38762e-03	-1.726e-01	2.308e-02 6.5756468772888175	1.0
chr1_66922067_G_T_b38	1	3.38762e-03	-1.726e-01	2.308e-02 6.586240768432617	1.0
chr1_66922333_T_C_b38	1	3.38762e-03	-1.726e-01	2.308e-02 6.491388613612746	1.0
chr1_66922332_T_TGA_b38	1	3.38762e-03	-1.726e-01	2.308e-02 6.491388613612746	1.0
chr1_66920268_T_C_b38	1	3.38762e-03	-1.726e-01	2.308e-02 6.574506759643555	1.0
chr1_66950838_ATC_A_b38	1	2.80502e-03	-1.801e-01	2.309e-02 6.582922832009474	1.0
chr1_66964744_A_G_b38	1	2.80502e-03	-1.801e-01	2.309e-02 6.6107444763183585	1.0
chr1_66968919_C_T_b38	1	2.80502e-03	1.801e-01	2.309e-02 -6.609550952911378	1.0
chr1_66972852_A_T_b38	1	2.80502e-03	1.801e-01	2.309e-02 -6.595828533172607	1.0
chr1_66965816_T_C_b38	1	2.80502e-03	-1.801e-01	2.309e-02 6.6104888916015625	1.0
chr1_66954908_C_G_b38	1	2.80502e-03	-1.801e-01	2.309e-02 6.601136207580566	1.0
chr1_66953406_G_A_b38	1	2.80502e-03	-1.801e-01	2.309e-02 6.595181465148926	1.0
chr1_66959628_T_G_b38	1	2.80502e-03	-1.801e-01	2.309e-02 6.609515190124513	1.0
chr1_66964420_G_A_b38	1	2.80502e-03	-1.801e-01	2.309e-02 6.5995845794677725	1.0
chr1_66971360_C_T_b38	1	2.80502e-03	1.801e-01	2.309e-02 -6.6107444763183585	1.0
chr1_66960087_G_A_b38	1	2.80502e-03	-1.801e-01	2.309e-02 6.6085944175720215	1.0
chr1_66958314_T_TTTCTC_b38	1	2.80502e-03	-1.801e-01	2.309e-02 6.582922832009474	1.0
chr1_66968728_A_G_b38	1	2.80502e-03	1.801e-01	2.309e-02 -6.600077629089356	1.0
chr1_66949936_AC_A_b38	1	2.80502e-03	-1.801e-01	2.309e-02 6.582922832009474	1.0
chr1_66965682_A_T_b38	1	2.80502e-03	-1.801e-01	2.309e-02 6.610744476318359	1.0
chr1_66957631_AT_A_b38	1	2.80502e-03	-1.801e-01	2.309e-02 6.582922832009474	1.0
chr1_66956867_C_T_b38	1	2.80502e-03	-1.801e-01	2.309e-02 6.611664295196532	1.0
chr1_66922218_T_C_b38	1	2.73782e-03	-1.737e-01	2.331e-02 6.555734157562256	1.0
chr1_66939374_G_A_b38	1	2.61890e-03	-1.788e-01	2.341e-02 6.5866289138793945	1.0
chr1_66966348_C_T_b38	1	2.21302e-03	1.812e-01	2.325e-02 -6.589152812957764	1.0
chr1_66960540_A_G_b38	1	2.21302e-03	-1.812e-01	2.325e-02 6.577037811279298	1.0
chr1_66920571_C_T_b38	2	8.47676e-03	1.090e-01	5.213e-02 -1.406408190727234	1.0
chr1_66909523_C_T_b38	2	2.40110e-03	1.089e-01	5.211e-02 -1.3868932723999023	1.0
chr1_66973410_G_C_b38	2	8.07007e-04	1.088e-01	5.212e-02 -1.3926733732223509	1.0
chr1_67006140_G_A_b38	2	2.63617e-04	1.088e-01	5.212e-02 -1.3673311471939087	1.0
chr1_67023320_T_C_b38	2	2.63617e-04	1.088e-01	5.212e-02 -1.3769451379776	1.0
chr1_67000923_C_A_b38	2	2.63617e-04	1.088e-01	5.212e-02 -1.39483642578125	1.0
