chr1_17003958_A_G_b38	1	9.68702e-02	-1.592e-01	3.532e-02 -14.678750991821287	1.0
chr1_16986248_C_T_b38	1	8.18428e-02	1.673e-01	3.447e-02 15.406524658203125	1.0
chr1_16987159_C_T_b38	1	7.98215e-02	1.639e-01	3.535e-02 15.868541717529295	1.0
chr1_17010026_G_T_b38	1	7.51815e-02	1.462e-01	3.820e-02 14.52573013305664	1.0
chr1_17001806_T_C_b38	1	7.12712e-02	-1.624e-01	3.513e-02 -14.701191902160645	1.0
chr1_17005181_A_G_b38	1	6.25670e-02	-1.563e-01	3.554e-02 -14.665236473083494	1.0
chr1_16988447_G_A_b38	1	6.14722e-02	1.623e-01	3.550e-02 15.856508255004885	1.0
chr1_16980375_G_A_b38	1	4.57003e-02	1.658e-01	3.514e-02 16.128097421598707	1.0
chr1_17000934_C_T_b38	1	4.30114e-02	1.607e-01	3.614e-02 15.720003128051758	1.0
chr1_17001705_A_T_b38	1	4.30114e-02	1.607e-01	3.614e-02 15.725034713745115	1.0
chr1_16980101_C_T_b38	1	3.44497e-02	1.639e-01	3.522e-02 15.73955383771193	1.0
chr1_16980100_T_C_b38	1	3.44497e-02	1.639e-01	3.522e-02 15.73955383771193	1.0
chr1_16981759_T_C_b38	1	3.10248e-02	1.628e-01	3.517e-02 16.657299041748047	1.0
chr1_16979534_C_A_b38	1	3.10248e-02	1.628e-01	3.517e-02 16.739006042480472	1.0
chr1_16980180_C_G_b38	1	3.10248e-02	1.628e-01	3.517e-02 16.635244369506836	1.0
chr1_16988930_G_A_b38	1	2.80035e-02	1.551e-01	3.536e-02 15.927111625671387	1.0
chr1_16986848_G_A_b38	1	2.52956e-02	1.622e-01	3.548e-02 15.828944206237793	1.0
chr1_16984695_A_G_b38	1	2.52956e-02	1.622e-01	3.548e-02 16.070014953613278	1.0
chr1_16983223_C_T_b38	1	2.52956e-02	1.622e-01	3.548e-02 16.121580123901367	1.0
chr1_16986662_G_A_b38	1	2.45392e-02	1.614e-01	3.527e-02 15.880966186523438	1.0
chr1_16977094_C_T_b38	1	1.16715e-03	1.323e-01	3.549e-02 14.779065132141113	1.0
chr1_17011965_G_A_b38	2	1.37109e-02	-4.229e-02	7.187e-02 -11.049850463867188	1.0
chr1_17013444_T_C_b38	2	4.14111e-03	-7.792e-02	7.036e-02 -10.709887504577637	1.0
chr1_17010896_G_A_b38	2	2.52527e-03	-4.228e-02	7.189e-02 -11.042407989501953	1.0
chr1_17016164_G_T_b38	2	1.97439e-03	-5.447e-02	1.106e-01 13.826427459716795	1.0
chr1_17009758_C_T_b38	2	1.76999e-03	1.989e-02	5.814e-02 -9.425966262817383	1.0
chr1_17015257_T_C_b38	2	1.49638e-03	-4.559e-02	7.270e-02 12.239945411682127	1.0
chr1_17015765_T_C_b38	2	1.49638e-03	-4.559e-02	7.270e-02 12.240862846374512	1.0
chr1_17016288_G_T_b38	2	1.48582e-03	-5.390e-03	8.276e-02 -11.398228645324707	1.0
chr1_17017409_A_C_b38	2	1.31450e-03	-5.447e-02	1.106e-01 13.78625202178955	1.0
chr1_17019382_A_G_b38	2	6.89497e-04	1.772e-02	5.856e-02 -9.610398292541504	1.0
chr1_16987578_A_G_b38	2	4.00235e-04	-3.418e-02	7.227e-02 -11.252460479736328	1.0
chr1_16986959_G_A_b38	2	4.00235e-04	-3.418e-02	7.227e-02 -11.248825073242188	1.0
chr1_16994933_A_T_b38	2	3.00165e-04	5.979e-03	6.256e-02 -9.87159824371338	1.0
chr1_16996703_A_T_b38	2	3.00165e-04	5.979e-03	6.256e-02 -9.853293418884276	1.0
chr1_16988747_T_C_b38	2	3.00165e-04	5.979e-03	6.256e-02 -9.829015731811523	1.0
chr1_16988207_C_T_b38	2	3.00165e-04	5.979e-03	6.256e-02 -9.80355167388916	1.0
chr1_16996871_T_TG_b38	2	3.00165e-04	5.979e-03	6.256e-02 -9.868289273065127	1.0
chr1_16990685_A_AT_b38	2	3.00165e-04	5.979e-03	6.256e-02 -9.978447862079383	1.0
chr1_16998042_G_A_b38	2	3.00165e-04	5.979e-03	6.256e-02 -9.804247856140137	1.0
chr1_16991570_T_C_b38	2	3.00165e-04	5.979e-03	6.256e-02 -9.886760711669922	1.0
chr1_16980453_C_T_b38	2	2.03728e-04	-8.306e-02	6.796e-02 -11.87305736541748	1.0
chr1_16980428_C_T_b38	2	1.75931e-04	-7.774e-02	6.846e-02 -12.381839752197266	1.0
chr1_16986749_CCCCAGGGCTCCT_C_b38	2	1.49786e-04	-7.377e-02	7.226e-02 -10.957862881388852	1.0
chr1_16963416_C_T_b38	2	1.46128e-04	-6.733e-02	6.401e-02 -11.155661582946776	1.0
chr1_16981663_C_T_b38	2	1.06806e-04	-5.667e-02	7.690e-02 -11.938090324401855	1.0
chr1_16975405_AGACAGAACCTGGCACGGGAGCCCG_A_b38	2	9.00146e-05	-7.161e-02	6.282e-02 -12.277352344028484	1.0
chr1_16974953_C_T_b38	2	7.91655e-05	-4.218e-02	7.375e-02 -12.098753331589633	1.0
chr1_16983045_G_A_b38	2	7.29102e-05	-2.181e-02	7.752e-02 -11.855937957763672	1.0
chr1_16985406_T_C_b38	2	6.66367e-05	-2.100e-02	7.403e-02 -11.353962898254395	1.0
chr1_17023460_G_A_b38	3	8.40243e-05	2.747e-02	4.612e-02 -6.530618667602539	1.0
chr1_17035847_G_A_b38	3	1.89899e-05	-3.660e-02	3.994e-02 -8.393194198608397	1.0
