chr2_28424165_T_A_b38	1	1.94942e-01	2.177e-01	3.583e-02 -4.603250503540039	1.0
chr2_28406476_G_T_b38	1	1.41172e-01	-2.267e-01	3.576e-02 5.173940181732178	1.0
chr2_28406500_G_C_b38	1	1.41172e-01	-2.267e-01	3.576e-02 5.168336391448975	1.0
chr2_28412873_T_C_b38	1	1.25692e-01	-2.289e-01	3.628e-02 5.371298313140869	1.0
chr2_28380770_A_C_b38	1	1.00533e-01	2.258e-01	3.509e-02 -5.9747419357299805	1.0
chr2_28407025_T_C_b38	1	7.23781e-02	-2.220e-01	3.572e-02 5.248000144958496	1.0
chr2_28400292_G_A_b38	1	4.89000e-02	-2.228e-01	3.539e-02 5.556241989135742	1.0
chr2_28422935_C_T_b38	1	4.77511e-02	2.145e-01	3.616e-02 -5.020524024963379	1.0
chr2_28385637_C_T_b38	1	4.67430e-02	2.258e-01	3.589e-02 -6.358329772949219	1.0
chr2_28383911_C_T_b38	1	2.75062e-02	2.229e-01	3.598e-02 -6.373037815093994	1.0
chr2_28400180_T_C_b38	1	2.00837e-02	-2.176e-01	3.552e-02 5.742560386657715	1.0
chr2_28423081_C_T_b38	1	1.34958e-02	2.025e-01	3.567e-02 -4.996042251586914	1.0
chr2_28401115_A_G_b38	1	6.94418e-03	-2.081e-01	3.617e-02 5.561330795288086	1.0
chr2_28424217_C_T_b38	1	4.16994e-03	1.940e-01	3.663e-02 -4.318077087402344	1.0
chr2_28400419_GTCTGAATAACACGTT_G_b38	1	2.64294e-03	-2.064e-01	3.600e-02 5.730962903907048	1.0
chr2_28422253_C_A_b38	1	1.99554e-03	1.920e-01	3.641e-02 -5.023636341094972	1.0
chr2_28423707_G_A_b38	2	2.98921e-02	-1.978e-01	7.943e-02 3.461061716079712	1.0
chr2_28387707_C_A_b38	3	7.24764e-04	-2.300e-01	6.767e-02 1.918367624282837	1.0
chr2_28383404_A_C_b38	3	4.48516e-04	-2.236e-01	6.841e-02 1.9638397693634035	1.0
chr2_28388019_T_C_b38	3	1.00246e-04	-2.108e-01	6.999e-02 1.7506471872329712	1.0
chr2_28387928_A_G_b38	3	8.10687e-05	-2.030e-01	6.941e-02 1.8585307598114011	1.0
chr2_28384477_G_A_b38	3	7.08062e-05	-1.762e-01	6.440e-02 1.671556830406189	1.0
chr2_28384589_G_A_b38	3	7.08062e-05	-1.762e-01	6.440e-02 1.6464414596557615	1.0
chr2_28384327_C_T_b38	3	7.08062e-05	-1.762e-01	6.440e-02 1.6427271366119385	1.0
chr2_28384520_G_A_b38	3	7.08062e-05	-1.762e-01	6.440e-02 1.647448182106018	1.0
chr2_28382910_C_T_b38	3	2.95254e-05	-1.610e-01	6.613e-02 1.7094846963882446	1.0
