chr1_155033974_C_A_b38	1	4.51817e-01	1.942e-01	2.916e-02 8.159939765930176	1.0
chr1_155033975_C_G_b38	1	4.51817e-01	1.942e-01	2.916e-02 8.184476852416992	1.0
chr1_155041950_G_A_b38	1	9.63181e-02	2.030e-01	3.048e-02 7.97840404510498	1.0
chr1_155070960_G_C_b38	2	2.62963e-01	-9.647e-02	2.154e-02 -2.757573127746582	1.0
chr1_155060841_T_C_b38	2	2.62883e-01	-1.131e-01	2.360e-02 -1.913734793663025	1.0
chr1_155070831_CT_C_b38	2	2.02789e-01	-9.569e-02	2.166e-02 -2.624686867322251	1.0
chr1_155070410_T_G_b38	2	1.75776e-01	-1.002e-01	2.234e-02 -3.175877809524536	1.0
chr1_155076926_T_C_b38	2	5.65455e-02	-8.876e-02	2.173e-02 -2.6453053951263428	1.0
chr1_155081243_C_T_b38	2	1.19681e-02	-8.402e-02	2.273e-02 -1.8399947881698608	1.0
chr1_155083020_A_G_b38	2	8.36145e-03	-8.164e-02	2.277e-02 -1.7573485374450684	1.0
chr1_155061096_A_G_b38	2	2.59662e-03	-9.047e-02	2.630e-02 -1.8488613367080688	1.0
chr1_155041232_G_A_b38	3	1.84257e-01	1.529e-01	4.715e-02 1.7335271835327148	1.0
chr1_155044956_G_A_b38	3	3.13511e-03	9.297e-02	4.045e-02 2.9678401947021484	1.0
chr1_155054466_A_C_b38	3	4.03339e-04	-6.975e-02	3.267e-02 -3.026598691940308	1.0
chr1_155029453_T_C_b38	4	3.37192e-02	-8.361e-02	2.447e-02 -1.2465105056762695	1.0
chr1_155028528_G_C_b38	4	4.94820e-03	-7.402e-02	2.342e-02 -1.2577837705612185	1.0
chr1_155025198_T_A_b38	4	2.39996e-03	-6.818e-02	2.299e-02 -1.2068108320236206	1.0
chr1_155033615_A_G_b38	4	2.01973e-03	-3.788e-02	2.344e-02 -1.4929014444351196	1.0
chr1_155034523_C_T_b38	4	1.82434e-03	-4.999e-02	2.317e-02 -1.405587673187256	1.0
chr1_155022274_T_C_b38	4	7.85482e-04	-6.288e-02	2.158e-02 -2.0493273735046387	1.0
chr1_155036782_G_A_b38	4	7.61104e-04	-5.654e-02	2.267e-02 -1.3302503824234009	1.0
chr1_155036497_T_C_b38	4	6.17684e-04	-5.495e-02	2.295e-02 -1.661868691444397	1.0
chr1_155035842_C_A_b38	4	6.05101e-04	-4.842e-02	2.292e-02 -1.4512333869934082	1.0
chr1_155034826_C_A_b38	4	6.02991e-04	-4.859e-02	2.306e-02 -1.4448553323745728	1.0
chr1_155034817_C_T_b38	4	6.02991e-04	-4.859e-02	2.306e-02 -1.4432871341705322	1.0
chr1_155035051_A_AATTC_b38	4	5.40722e-04	-4.775e-02	2.333e-02 -1.5017039525073608	1.0
chr1_155037395_T_C_b38	4	5.19558e-04	-5.333e-02	2.304e-02 -1.3892807960510254	1.0
chr1_155027894_C_T_b38	4	5.07002e-04	-6.042e-02	2.400e-02 -1.2684606313705444	1.0
chr1_155021789_T_C_b38	4	4.37644e-04	-5.834e-02	2.165e-02 -2.0759236812591557	1.0
chr1_155044909_T_A_b38	5	6.91127e-04	8.752e-02	2.981e-02 4.243288993835448	1.0
