chr3_9933702_C_G_b38	1	9.99732e-01	5.237e-01	2.326e-02 -13.087188720703125	1.0
chr3_9935180_C_T_b38	2	1.60450e-01	1.262e-01	2.210e-02 4.2760839462280265	1.0
chr3_9940229_C_G_b38	2	1.09711e-01	1.235e-01	2.186e-02 5.929581380625527	1.0
chr3_9940040_G_A_b38	2	9.03577e-02	1.228e-01	2.190e-02 5.904292818939026	1.0
chr3_9939821_C_A_b38	2	8.69223e-02	1.226e-01	2.191e-02 5.8415038969623545	1.0
chr3_9939477_C_T_b38	2	8.69223e-02	1.226e-01	2.191e-02 6.003411293029785	1.0
chr3_9939437_G_A_b38	2	8.64528e-02	1.226e-01	2.190e-02 5.9344116532933135	1.0
chr3_9940050_G_T_b38	2	7.77329e-02	1.219e-01	2.185e-02 5.978141360158503	1.0
chr3_9943773_T_C_b38	2	7.20734e-02	1.218e-01	2.194e-02 6.040982246398926	1.0
chr3_9943972_C_T_b38	2	4.09078e-02	1.226e-01	2.188e-02 6.0012474060058585	1.0
chr3_9937976_A_G_b38	2	3.61861e-02	1.186e-01	2.209e-02 6.0302677154541025	1.0
chr3_9949479_A_G_b38	2	3.41025e-02	1.219e-01	2.192e-02 6.027518272399902	1.0
chr3_9949116_G_C_b38	2	3.41025e-02	1.219e-01	2.192e-02 6.122285842895508	1.0
chr3_9949417_C_G_b38	2	3.41025e-02	1.219e-01	2.192e-02 6.058309078216553	1.0
chr3_9930809_G_A_b38	2	1.47536e-02	-1.191e-01	2.278e-02 -4.3219428062438965	1.0
chr3_9953604_A_T_b38	2	1.22942e-02	1.124e-01	2.120e-02 5.0321245193481445	1.0
chr3_9955370_C_T_b38	2	1.05282e-02	1.148e-01	2.167e-02 5.981654167175293	1.0
chr3_9953832_G_A_b38	2	3.99742e-03	1.079e-01	2.117e-02 5.977115154266357	1.0
chr3_9954742_T_C_b38	2	3.99742e-03	1.079e-01	2.117e-02 5.974344730377197	1.0
chr3_9953720_A_G_b38	2	3.99742e-03	1.079e-01	2.117e-02 5.975589275360107	1.0
chr3_9935260_G_A_b38	3	7.83338e-02	1.368e-01	4.327e-02 0.8594210147857666	1.0
chr3_9931110_G_A_b38	3	5.94248e-02	1.390e-01	4.264e-02 0.3094190359115601	1.0
chr3_9930744_G_A_b38	3	2.55134e-02	1.290e-01	4.415e-02 0.24842604994773865	1.0
chr3_9932520_G_C_b38	3	1.39355e-02	1.062e-01	4.419e-02 0.4749915897846222	1.0
chr3_9933125_G_A_b38	4	2.47370e-03	8.501e-02	4.224e-02 1.991050124168396	1.0
chr3_9935095_A_G_b38	4	1.13751e-03	8.515e-02	4.219e-02 1.961772918701172	1.0
chr3_9929702_A_C_b38	4	4.97454e-04	8.493e-02	4.212e-02 1.9642286300659182	1.0
chr3_9950548_G_T_b38	4	1.70933e-05	9.412e-02	4.487e-02 2.552151918411255	1.0
