chr6_155269675_A_T_b38	1	4.05794e-01	3.988e-01	5.694e-02 7.119229316711426	1.0
chr6_155269950_C_T_b38	1	3.94412e-01	3.988e-01	5.725e-02 7.113446235656737	1.0
chr6_155255311_G_A_b38	1	1.00983e-01	-3.898e-01	5.566e-02 -7.550026893615723	1.0
chr6_155252700_T_C_b38	1	3.25100e-02	-3.910e-01	5.235e-02 -7.601919651031494	1.0
chr6_155247747_A_G_b38	1	9.56855e-03	-3.805e-01	5.248e-02 -7.5801448822021475	1.0
chr6_155246749_A_G_b38	1	8.09751e-03	-3.791e-01	5.315e-02 -7.549286365509032	1.0
chr6_155253064_C_T_b38	1	5.11297e-03	-3.956e-01	4.609e-02 -7.361132144927978	1.0
chr6_155258900_CTGA_C_b38	1	4.79185e-03	3.917e-01	4.614e-02 7.2664458027223535	1.0
chr6_155264099_A_G_b38	2	3.54285e-02	1.232e-01	6.893e-02 6.8695807456970215	1.0
chr6_155263222_T_C_b38	2	9.39590e-03	1.599e-01	1.459e-01 7.343107223510742	1.0
chr6_155265503_CAGA_C_b38	2	6.21167e-03	2.019e-01	1.548e-01 7.2664458027223535	1.0
chr6_155266288_A_G_b38	2	4.49713e-03	1.609e-01	1.475e-01 7.31410551071167	1.0
chr6_155266462_A_C_b38	2	4.49713e-03	1.609e-01	1.475e-01 7.3308963775634775	1.0
chr6_155262539_A_C_b38	2	4.32055e-03	1.609e-01	1.475e-01 7.342967987060548	1.0
chr6_155259207_A_G_b38	2	3.76010e-03	2.008e-01	1.522e-01 7.353122234344482	1.0
chr6_155274993_C_T_b38	2	3.47567e-03	3.156e-01	1.336e-01 7.2199374699947585	1.0
chr6_155265464_A_C_b38	2	3.41489e-03	1.572e-01	1.689e-01 7.299208641052246	1.0
chr6_155261081_T_G_b38	2	2.64023e-03	1.629e-01	1.488e-01 7.33231782913208	1.0
chr6_155259134_T_C_b38	2	2.64023e-03	1.629e-01	1.488e-01 7.352475166320801	1.0
chr6_155260485_G_A_b38	2	2.64023e-03	1.629e-01	1.488e-01 7.34698486328125	1.0
chr6_155260155_C_A_b38	2	2.64023e-03	1.629e-01	1.488e-01 7.346928596496582	1.0
chr6_155260770_C_T_b38	2	2.64023e-03	1.629e-01	1.488e-01 7.345968246459961	1.0
chr6_155260052_C_T_b38	2	2.64023e-03	1.629e-01	1.488e-01 7.35737943649292	1.0
chr6_155267241_T_C_b38	2	2.60612e-03	1.629e-01	1.488e-01 7.316025257110597	1.0
chr6_155267327_G_A_b38	2	2.60612e-03	1.629e-01	1.488e-01 7.336962223052978	1.0
chr6_155266613_A_G_b38	2	2.60612e-03	1.629e-01	1.488e-01 7.2890777587890625	1.0
chr6_155266771_T_C_b38	2	2.60612e-03	1.629e-01	1.488e-01 7.30880069732666	1.0
chr6_155267255_A_G_b38	2	2.60612e-03	1.629e-01	1.488e-01 7.3168487548828125	1.0
chr6_155268639_G_A_b38	2	2.39755e-03	1.615e-01	1.546e-01 7.351728439331055	1.0
chr6_155276552_C_G_b38	2	2.14294e-03	2.798e-01	1.462e-01 7.3353800773620605	1.0
chr6_155276664_C_CTTTTTT_b38	2	2.14294e-03	2.798e-01	1.462e-01 7.2664458027223535	1.0
chr6_155276510_A_G_b38	2	2.14294e-03	2.798e-01	1.462e-01 7.335052490234375	1.0
chr6_155275212_T_C_b38	2	2.14294e-03	2.798e-01	1.462e-01 7.349719047546388	1.0
chr6_155275767_T_C_b38	2	2.14294e-03	2.798e-01	1.462e-01 7.3054261207580575	1.0
chr6_155240662_C_T_b38	2	2.12963e-03	-1.417e-01	6.752e-02 -6.8548946380615225	1.0
chr6_155258547_A_AAT_b38	2	2.08503e-03	2.014e-01	1.524e-01 7.265840057340177	1.0
chr6_155258423_A_G_b38	2	2.08503e-03	2.014e-01	1.524e-01 7.3548622131347665	1.0
chr6_155256240_T_C_b38	2	2.08503e-03	2.014e-01	1.524e-01 7.3285279273986825	1.0
chr6_155260701_T_G_b38	2	2.08477e-03	1.578e-01	1.691e-01 7.3150267601013175	1.0
chr6_155266568_T_C_b38	2	2.05784e-03	1.578e-01	1.691e-01 7.274928092956543	1.0
chr6_155266575_T_G_b38	2	2.05784e-03	1.578e-01	1.691e-01 7.263903617858888	1.0
chr6_155243168_T_G_b38	2	1.85353e-03	-2.736e-01	1.479e-01 -7.2753849029541025	1.0
chr6_155254412_C_G_b38	2	1.39314e-03	-1.772e-01	1.530e-01 -7.246528148651122	1.0
chr6_155273810_T_C_b38	2	1.37045e-03	1.705e-01	1.515e-01 7.344895362854004	1.0
chr6_155272895_A_G_b38	2	1.37045e-03	1.705e-01	1.515e-01 7.3505425453186035	1.0
chr6_155273641_A_T_b38	2	1.37045e-03	1.705e-01	1.515e-01 7.382359027862549	1.0
chr6_155269559_C_T_b38	2	1.37045e-03	1.705e-01	1.515e-01 7.349377155303955	1.0
chr6_155257622_A_T_b38	2	1.35951e-03	1.751e-01	1.532e-01 7.313415050506593	1.0
chr6_155254807_C_T_b38	2	1.32406e-03	-1.705e-01	1.515e-01 -7.3660526275634775	1.0
chr6_155257465_A_T_b38	2	1.32406e-03	1.705e-01	1.515e-01 7.314803123474121	1.0
chr6_155256689_C_T_b38	2	1.14905e-03	1.577e-01	1.521e-01 7.338268280029298	1.0
chr6_155273503_C_T_b38	2	1.06319e-03	1.301e-01	1.343e-01 7.163240909576416	1.0
chr6_155253344_G_A_b38	2	8.08972e-04	-2.138e-01	1.689e-01 -7.35150146484375	1.0
chr6_155274348_G_C_b38	2	7.15589e-04	1.705e-01	1.515e-01 7.34548282623291	1.0
chr6_155275151_A_G_b38	2	7.15589e-04	1.705e-01	1.515e-01 7.2664458027223535	1.0
chr6_155245030_C_A_b38	2	6.98447e-04	-1.704e-01	1.517e-01 -7.287275791168213	1.0
chr6_155257579_AAGAT_A_b38	2	6.72481e-04	7.201e-02	6.838e-02 6.840983037829024	1.0
chr6_155254733_G_A_b38	2	5.89788e-04	-6.519e-02	1.357e-01 -7.306027889251709	1.0
chr6_155258112_A_C_b38	2	5.89788e-04	6.519e-02	1.357e-01 7.331917285919189	1.0
chr6_155242460_T_C_b38	2	5.85862e-04	-1.459e-01	1.451e-01 -7.231724262237549	1.0
chr6_155245265_C_G_b38	2	5.58237e-04	-1.382e-01	1.415e-01 -7.305188179016112	1.0
chr6_155247182_C_T_b38	2	5.39398e-04	-1.355e-01	1.416e-01 -7.295219421386719	1.0
chr6_155243956_C_T_b38	2	5.14451e-04	-1.333e-01	1.449e-01 -7.325586161374832	1.0
chr6_155243955_T_C_b38	2	5.14451e-04	-1.333e-01	1.449e-01 -7.241465091705322	1.0
chr6_155245016_C_T_b38	2	5.14451e-04	-1.333e-01	1.449e-01 -7.284043788909912	1.0
chr6_155254473_G_A_b38	2	5.11335e-04	-3.569e-02	1.243e-01 -7.312456130981445	1.0
chr6_155247685_A_G_b38	2	5.04959e-04	-1.253e-01	1.370e-01 -7.236584186553955	1.0
chr6_155277543_A_C_b38	2	4.96500e-04	8.798e-02	6.797e-02 6.81613826751709	1.0
chr6_155285901_A_G_b38	2	4.96500e-04	8.798e-02	6.797e-02 6.813540458679199	1.0
chr6_155283012_T_C_b38	2	4.96500e-04	8.798e-02	6.797e-02 6.828203201293945	1.0
chr6_155250563_T_C_b38	2	4.79856e-04	-1.223e-01	1.396e-01 -7.341912269592285	1.0
chr6_155248504_G_C_b38	2	4.79856e-04	-1.223e-01	1.396e-01 -7.29610538482666	1.0
chr6_155242154_C_T_b38	2	4.79556e-04	-1.195e-01	1.365e-01 -7.234927654266357	1.0
chr6_155242707_G_A_b38	2	4.43272e-04	-1.275e-01	1.615e-01 -7.221660614013673	1.0
chr6_155254297_C_T_b38	2	4.36906e-04	-1.413e-02	8.283e-02 -7.294158458709718	1.0
chr6_155246727_A_C_b38	2	4.18438e-04	-1.034e-01	1.321e-01 -7.252114295959473	1.0
chr6_155246746_T_C_b38	2	4.18438e-04	-1.034e-01	1.321e-01 -7.307248592376709	1.0
chr6_155252197_A_G_b38	2	3.88133e-04	-1.069e-01	1.596e-01 -7.340052604675293	1.0
chr6_155250202_A_G_b38	2	3.72085e-04	-7.398e-02	6.804e-02 -6.885189533233643	1.0
chr6_155244610_T_C_b38	2	3.71063e-04	-9.771e-02	1.554e-01 -7.166891098022461	1.0
chr6_155264020_G_A_b38	3	1.05004e-03	4.761e-02	7.684e-02 2.7413365840911865	1.0
chr6_155264998_A_G_b38	3	1.98512e-04	4.599e-02	7.676e-02 2.737059593200684	1.0
chr6_155261611_T_G_b38	3	1.17583e-04	6.838e-02	7.026e-02 2.5444631576538086	1.0
chr6_155262733_G_GA_b38	3	1.17583e-04	6.838e-02	7.026e-02 2.587609266544128	1.0
chr6_155259639_T_G_b38	3	4.72822e-05	4.359e-02	7.663e-02 2.549513816833496	1.0
chr6_155255414_T_C_b38	3	2.33698e-05	4.897e-02	7.612e-02 2.6670308113098145	1.0
chr6_155271867_G_A_b38	3	2.32238e-05	4.359e-02	7.663e-02 2.72599458694458	1.0
chr6_155273792_C_T_b38	3	2.20091e-05	3.698e-02	7.598e-02 2.7435295581817627	1.0
chr6_155270501_C_T_b38	3	2.07539e-05	2.569e-02	7.635e-02 2.7254464626312256	1.0
chr6_155258614_G_A_b38	3	2.04424e-05	2.666e-02	7.859e-02 2.6676642894744877	1.0
