chr19_57366514_A_G_b38	1	5.58248e-01	-4.195e-01	7.181e-02 3.779621839523315	1.0
chr19_57366826_G_T_b38	1	1.03483e-01	3.494e-01	9.970e-02 -4.7861738204956055	1.0
chr19_57367730_G_T_b38	1	1.03483e-01	3.494e-01	9.970e-02 -4.765939712524414	1.0
chr19_57367204_G_A_b38	1	5.09011e-02	3.525e-01	9.613e-02 -4.765960693359375	1.0
chr19_57369202_G_A_b38	1	3.85380e-02	-3.761e-01	9.711e-02 3.510872840881348	1.0
chr19_57360805_G_C_b38	1	3.37279e-02	3.096e-01	9.920e-02 -4.58580981231002	1.0
chr19_57358779_G_A_b38	1	1.58516e-02	3.098e-01	1.041e-01 -4.774957180023193	1.0
chr19_57360806_C_T_b38	1	1.58516e-02	3.098e-01	1.041e-01 -4.58580981231002	1.0
chr19_57353714_T_C_b38	2	2.74672e-01	3.122e-01	1.079e-01 -2.8640077114105225	1.0
chr19_57359773_C_A_b38	2	1.00022e-02	2.691e-01	1.294e-01 -2.8347439765930176	1.0
chr19_57363586_C_G_b38	3	3.35132e-03	2.819e-01	3.942e-01 -4.750881671905519	1.0
chr19_57352545_C_T_b38	3	3.25905e-03	2.303e-01	8.858e-02 3.0392003059387207	1.0
chr19_57354163_C_A_b38	3	2.08811e-03	2.853e-01	2.059e-01 -4.8023786544799805	1.0
