chr19_30553937_G_C_b38	1	2.16007e-01	-1.975e-01	6.618e-02 6.149270534515381	1.0
chr19_30558710_G_A_b38	1	3.54154e-02	-2.007e-01	6.548e-02 6.081928253173827	1.0
chr19_30544742_C_A_b38	1	2.00057e-02	-2.018e-01	6.469e-02 6.062634944915772	1.0
chr19_30557686_G_A_b38	1	1.78776e-02	-1.860e-01	6.395e-02 6.125598430633545	1.0
chr19_30550747_T_C_b38	1	1.76330e-02	-1.860e-01	6.313e-02 6.152007102966309	1.0
chr19_30550146_T_C_b38	1	1.63231e-02	-1.855e-01	6.330e-02 6.138672828674316	1.0
chr19_30550076_C_T_b38	1	1.63231e-02	-1.855e-01	6.330e-02 6.140172004699707	1.0
chr19_30535647_G_A_b38	1	1.41187e-02	-2.100e-01	6.409e-02 5.749191761016847	1.0
chr19_30532895_G_T_b38	1	1.41187e-02	-2.100e-01	6.409e-02 5.716584205627441	1.0
chr19_30533848_G_A_b38	1	1.41187e-02	-2.100e-01	6.409e-02 5.737393379211426	1.0
chr19_30560950_C_A_b38	1	1.12908e-02	-2.015e-01	6.617e-02 4.798536777496338	1.0
chr19_30543401_C_A_b38	1	1.07690e-02	-2.012e-01	6.421e-02 6.063167095184326	1.0
chr19_30539861_C_T_b38	1	1.07690e-02	-2.012e-01	6.421e-02 6.035130023956299	1.0
chr19_30543767_G_A_b38	1	1.07690e-02	-2.012e-01	6.421e-02 6.0645084381103525	1.0
chr19_30538421_A_C_b38	1	1.05256e-02	-2.000e-01	6.363e-02 6.027182102203369	1.0
chr19_30542333_C_T_b38	1	1.03573e-02	-2.006e-01	6.415e-02 6.051205635070801	1.0
chr19_30528900_G_A_b38	1	7.76959e-03	-2.221e-01	6.500e-02 5.723193168640138	1.0
chr19_30528873_A_G_b38	1	7.36895e-03	-2.184e-01	6.472e-02 5.722940444946289	1.0
chr19_30511586_G_A_b38	1	6.73626e-03	-2.138e-01	6.444e-02 5.739880561828612	1.0
chr19_30519168_G_A_b38	1	6.29320e-03	-2.143e-01	6.540e-02 5.726450443267822	1.0
chr19_30519482_T_C_b38	1	6.29320e-03	-2.143e-01	6.540e-02 5.741894721984862	1.0
chr19_30518996_C_T_b38	1	6.29320e-03	-2.143e-01	6.540e-02 5.7417731285095215	1.0
chr19_30506996_G_A_b38	1	5.99703e-03	-2.132e-01	6.500e-02 5.697051048278809	1.0
chr19_30559664_A_G_b38	1	5.59731e-03	-1.672e-01	6.087e-02 6.1591668128967285	1.0
chr19_30521642_G_T_b38	1	5.25208e-03	-2.087e-01	6.420e-02 5.734302520751952	1.0
chr19_30519900_A_G_b38	1	5.20893e-03	-2.084e-01	6.447e-02 5.769301414489746	1.0
chr19_30520762_C_T_b38	1	5.20893e-03	-2.084e-01	6.447e-02 5.7499775886535645	1.0
chr19_30520378_A_C_b38	1	5.20893e-03	-2.084e-01	6.447e-02 5.754595279693604	1.0
chr19_30521833_T_C_b38	1	5.20893e-03	-2.084e-01	6.447e-02 5.735785484313965	1.0
chr19_30520248_A_G_b38	1	5.20893e-03	-2.084e-01	6.447e-02 5.755538940429688	1.0
chr19_30521804_G_A_b38	1	5.20893e-03	-2.084e-01	6.447e-02 5.72530460357666	1.0
chr19_30520210_T_C_b38	1	5.20893e-03	-2.084e-01	6.447e-02 5.755538940429688	1.0
chr19_30522514_T_TA_b38	1	4.88833e-03	-2.090e-01	6.434e-02 5.735371262501528	1.0
chr19_30516952_C_T_b38	1	4.69568e-03	-2.060e-01	6.371e-02 5.7734618186950675	1.0
chr19_30523487_G_A_b38	1	4.67058e-03	-2.063e-01	6.414e-02 5.762554168701173	1.0
chr19_30518253_C_T_b38	1	4.63610e-03	-2.058e-01	6.395e-02 5.722493648529053	1.0
chr19_30511275_C_T_b38	1	4.63610e-03	-2.058e-01	6.395e-02 5.721702098846436	1.0
chr19_30518555_A_G_b38	1	4.63610e-03	-2.058e-01	6.395e-02 5.737617015838622	1.0
chr19_30518264_C_T_b38	1	4.63610e-03	-2.058e-01	6.395e-02 5.657512664794923	1.0
chr19_30518632_A_G_b38	1	4.63610e-03	-2.058e-01	6.395e-02 5.740597724914551	1.0
chr19_30525370_T_C_b38	1	4.63384e-03	-2.080e-01	6.427e-02 5.714038848876952	1.0
chr19_30526192_C_T_b38	1	4.63384e-03	-2.080e-01	6.427e-02 5.721820831298827	1.0
chr19_30523873_G_A_b38	1	4.63384e-03	-2.080e-01	6.427e-02 5.719083786010742	1.0
chr19_30523818_A_G_b38	1	4.63384e-03	-2.080e-01	6.427e-02 5.718921184539795	1.0
chr19_30525289_A_G_b38	1	4.63384e-03	-2.080e-01	6.427e-02 5.714249610900879	1.0
chr19_30526270_C_T_b38	1	4.63384e-03	-2.080e-01	6.427e-02 5.7143821716308585	1.0
chr19_30517147_C_G_b38	1	4.63328e-03	-2.055e-01	6.363e-02 5.7838006019592285	1.0
chr19_30522789_C_T_b38	1	4.44616e-03	-2.055e-01	6.430e-02 5.7717933654785165	1.0
chr19_30506001_T_A_b38	1	4.44487e-03	-2.090e-01	6.459e-02 5.72902250289917	1.0
chr19_30511255_G_T_b38	1	4.19045e-03	-2.059e-01	6.423e-02 5.734776020050049	1.0
chr19_30522790_A_G_b38	1	4.11181e-03	-2.037e-01	6.406e-02 5.759113788604736	1.0
chr19_30526779_C_A_b38	1	3.86903e-03	-2.067e-01	6.268e-02 5.674100399017334	1.0
chr19_30550504_A_T_b38	1	3.81630e-03	-1.279e-01	5.012e-02 5.277017116546631	1.0
chr19_30517442_C_T_b38	1	3.81517e-03	-2.017e-01	6.345e-02 5.7850728034973145	1.0
chr19_30524678_G_A_b38	1	3.77133e-03	-2.038e-01	6.402e-02 5.7122459411621085	1.0
chr19_30524940_G_T_b38	1	3.74831e-03	-2.051e-01	6.430e-02 5.711091995239258	1.0
chr19_30562047_G_A_b38	1	3.70964e-03	-1.680e-01	6.279e-02 3.5815751552581787	1.0
chr19_30517557_T_C_b38	1	3.60823e-03	-2.007e-01	6.333e-02 5.773350715637207	1.0
chr19_30514665_C_T_b38	1	3.40571e-03	-1.986e-01	6.099e-02 5.7546162605285645	1.0
chr19_30556362_A_G_b38	1	3.13685e-03	-1.152e-01	5.300e-02 5.962879657745361	1.0
chr19_30510185_A_G_b38	1	2.87469e-03	-1.929e-01	6.028e-02 5.6968345642089835	1.0
chr19_30516138_G_A_b38	1	2.87423e-03	-1.927e-01	6.024e-02 5.775476932525635	1.0
chr19_30515428_A_G_b38	1	2.87423e-03	-1.927e-01	6.024e-02 5.757187843322754	1.0
chr19_30514236_A_G_b38	1	2.87423e-03	-1.927e-01	6.024e-02 5.755420207977295	1.0
chr19_30515278_T_C_b38	1	2.87423e-03	-1.927e-01	6.024e-02 5.756786346435548	1.0
chr19_30524768_TC_T_b38	1	2.81192e-03	-1.973e-01	6.186e-02 5.800677992148078	1.0
chr19_30506157_T_A_b38	1	2.74422e-03	-1.950e-01	6.127e-02 5.675325870513916	1.0
chr19_30561788_TC_T_b38	1	2.48413e-03	-1.422e-01	5.626e-02 4.33287239274903	1.0
chr19_30506513_C_G_b38	1	2.38604e-03	-1.887e-01	6.018e-02 5.710241794586183	1.0
chr19_30506016_T_G_b38	1	2.36858e-03	-1.943e-01	6.208e-02 5.722445964813232	1.0
chr19_30516275_G_A_b38	1	2.28099e-03	-1.884e-01	6.041e-02 5.722756385803223	1.0
chr19_30492899_C_A_b38	1	2.16784e-03	-2.128e-01	6.106e-02 5.844207286834718	1.0
chr19_30554453_T_C_b38	2	2.99382e-02	1.235e-01	6.552e-02 4.241386890411377	1.0
chr19_30553118_A_G_b38	2	3.60770e-03	7.494e-02	7.908e-02 4.2429723739624015	1.0
chr19_30547313_A_C_b38	2	1.71491e-03	-1.054e-01	5.585e-02 5.063157081604004	1.0
chr19_30544460_C_G_b38	2	1.36302e-03	-9.858e-02	5.927e-02 5.0479044914245605	1.0
chr19_30561367_A_G_b38	2	1.35962e-03	-9.126e-02	4.969e-02 3.6930358409881587	1.0
chr19_30548088_T_C_b38	2	8.14681e-04	-7.489e-02	6.884e-02 5.157801151275635	1.0
chr19_30560499_T_C_b38	2	3.47436e-04	1.981e-02	7.353e-02 3.304720640182495	1.0
chr19_30553404_G_A_b38	3	1.57565e-03	-2.420e-02	1.299e-01 0.838331401348114	1.0
chr19_30551577_C_T_b38	3	8.36842e-04	-5.043e-02	1.308e-01 0.843313992023468	1.0
chr19_30558157_T_G_b38	3	4.45119e-04	-2.356e-02	1.246e-01 0.9548230171203612	1.0
chr19_30544779_C_G_b38	3	3.19125e-04	9.969e-02	1.199e-01 0.8741784691810608	1.0
chr19_30560590_G_T_b38	3	2.94498e-04	-7.083e-02	1.078e-01 -0.3067845404148102	1.0
chr19_30541485_G_T_b38	3	1.71348e-04	1.041e-01	1.182e-01 0.8774160146713257	1.0
chr19_30539634_T_C_b38	3	1.70849e-04	1.035e-01	1.181e-01 0.6425682306289673	1.0
chr19_30539575_T_C_b38	3	1.70849e-04	1.035e-01	1.181e-01 0.6374669671058655	1.0
chr19_30539125_C_CA_b38	3	1.49605e-04	2.465e-02	1.377e-01 0.3149385231265029	1.0
chr19_30533924_C_T_b38	3	1.46424e-04	1.150e-02	1.348e-01 0.4819784462451935	1.0
chr19_30521969_A_G_b38	3	6.50372e-05	-8.414e-02	1.313e-01 0.4482498466968536	1.0
chr19_30515132_C_T_b38	3	6.02532e-05	-5.708e-02	1.346e-01 0.4712314307689667	1.0
chr19_30526556_C_G_b38	3	5.16943e-05	1.363e-02	1.214e-01 0.7148261042403519	1.0
chr19_30526551_C_T_b38	3	4.99106e-05	-1.159e-02	1.152e-01 0.7810344762793828	1.0
chr19_30493333_A_G_b38	3	2.20383e-05	-1.010e-01	1.305e-01 0.9090213179588318	1.0
chr19_30500288_A_G_b38	3	1.99377e-05	-7.489e-02	1.328e-01 0.5608067512512207	1.0
chr19_30500444_C_T_b38	3	1.90215e-05	-5.708e-02	1.346e-01 0.6176885962486267	1.0
