chr3_141375927_C_A_b38	1	2.78110e-01	-1.281e-01	2.078e-02 34.01806259155273	1.0
chr3_141396377_T_C_b38	1	1.43752e-01	-1.251e-01	2.071e-02 34.04640579223633	1.0
chr3_141387221_T_C_b38	1	1.17759e-01	-1.243e-01	2.070e-02 34.05936813354492	1.0
chr3_141383991_G_A_b38	1	1.14472e-01	-1.245e-01	2.075e-02 34.06964874267578	1.0
chr3_141381438_A_G_b38	1	7.61216e-02	-1.236e-01	2.087e-02 34.02774810791016	1.0
chr3_141383119_C_T_b38	1	4.96204e-02	-1.218e-01	2.084e-02 34.070999145507805	1.0
chr3_141390506_C_T_b38	1	4.67152e-02	-1.212e-01	2.079e-02 34.087818145751946	1.0
chr3_141390479_A_G_b38	1	3.40026e-02	-1.202e-01	2.083e-02 34.08764266967773	1.0
chr3_141406344_A_G_b38	1	3.00484e-02	-1.191e-01	2.073e-02 34.151721954345696	1.0
chr3_141375367_G_A_b38	1	1.94913e-02	-1.179e-01	2.082e-02 33.985767364501946	1.0
chr3_141391232_A_G_b38	1	1.80212e-02	-1.174e-01	2.078e-02 34.07839584350586	1.0
chr3_141368781_T_C_b38	1	7.89452e-03	-1.153e-01	2.194e-02 28.397663116455078	1.0
chr3_141423849_G_A_b38	1	7.09610e-03	-1.139e-01	2.085e-02 33.446083068847656	1.0
chr3_141402972_A_C_b38	1	5.49353e-03	-1.126e-01	2.081e-02 34.224159240722656	1.0
chr3_141406863_C_G_b38	1	5.49353e-03	-1.126e-01	2.081e-02 34.16115951538086	1.0
chr3_141422126_C_T_b38	1	5.35577e-03	-1.110e-01	2.054e-02 33.654541015625	1.0
chr3_141414608_G_A_b38	1	4.26211e-03	-1.089e-01	2.033e-02 33.83800506591797	1.0
chr3_141311223_A_G_b38	2	3.21665e-02	8.596e-02	2.668e-02 1.7666549682617188	1.0
chr3_141326102_C_T_b38	3	3.83042e-04	8.422e-02	4.170e-02 -5.106688976287842	1.0
