chr20_49220589_G_C_b38	1	2.72188e-01	-9.240e-02	1.679e-02 -13.458022117614744	1.0
chr20_49215517_A_T_b38	1	1.65221e-01	-9.240e-02	1.679e-02 -13.455021858215332	1.0
chr20_49216460_A_G_b38	1	1.65221e-01	-9.240e-02	1.679e-02 -13.454842567443848	1.0
chr20_49227804_A_G_b38	1	1.46325e-01	9.348e-02	1.676e-02 13.367399215698242	1.0
chr20_49235382_T_C_b38	1	6.12374e-02	9.283e-02	1.670e-02 13.338019371032715	1.0
chr20_49219081_G_A_b38	1	2.99240e-02	8.249e-02	1.757e-02 13.466358184814453	1.0
chr20_49200336_C_G_b38	1	1.37995e-02	8.767e-02	1.673e-02 13.619900703430176	1.0
chr20_49220669_C_T_b38	1	1.12525e-02	8.290e-02	1.713e-02 13.482076644897461	1.0
chr20_49201278_G_A_b38	1	9.51948e-03	8.693e-02	1.684e-02 13.614084243774414	1.0
chr20_49218618_T_A_b38	1	9.47233e-03	8.267e-02	1.791e-02 13.467249870300293	1.0
chr20_49254902_A_T_b38	1	7.59039e-03	8.923e-02	1.677e-02 13.36290454864502	1.0
chr20_49186764_A_C_b38	1	6.98230e-03	8.891e-02	1.678e-02 13.528271675109865	1.0
chr20_49184078_C_T_b38	1	6.49013e-03	8.908e-02	1.685e-02 13.55765438079834	1.0
chr20_49262572_C_T_b38	1	5.97253e-03	8.839e-02	1.677e-02 13.367795944213867	1.0
chr20_49177259_G_C_b38	1	5.87296e-03	8.870e-02	1.685e-02 13.544754981994627	1.0
chr20_49310319_C_G_b38	1	4.87031e-03	9.121e-02	1.675e-02 13.331427574157715	1.0
chr20_49223054_C_T_b38	1	4.72685e-03	8.200e-02	1.723e-02 13.476141929626465	1.0
chr20_49225123_G_T_b38	1	4.52436e-03	8.370e-02	1.723e-02 13.498330116271973	1.0
chr20_49177818_A_G_b38	1	3.60308e-03	8.766e-02	1.697e-02 13.546042442321776	1.0
chr20_49189555_G_A_b38	1	3.24462e-03	8.964e-02	1.743e-02 13.508855819702148	1.0
chr20_49121639_CCTTT_C_b38	1	3.23123e-03	8.970e-02	1.668e-02 13.722522333130035	1.0
chr20_49156064_T_C_b38	1	2.66835e-03	8.905e-02	1.668e-02 13.638484001159668	1.0
chr20_49218381_C_T_b38	2	7.31001e-03	3.234e-02	2.644e-02 -0.4795970753246207	1.0
chr20_49217718_A_G_b38	2	4.49640e-03	4.801e-02	3.019e-02 -0.4795970753246207	1.0
chr20_49221331_G_A_b38	2	2.94625e-03	3.119e-02	2.658e-02 -0.4752535820007324	1.0
chr20_49223484_A_G_b38	2	1.58630e-03	2.987e-02	2.635e-02 -0.4671842157840729	1.0
chr20_49228378_C_T_b38	2	9.80793e-04	3.037e-02	2.636e-02 -0.4559002220630646	1.0
chr20_49212153_C_T_b38	2	8.81107e-04	2.876e-02	2.635e-02 -0.5255554914474487	1.0
chr20_49211971_T_C_b38	2	8.72824e-04	2.849e-02	2.634e-02 -0.5255554914474487	1.0
chr20_49213553_A_G_b38	2	8.69985e-04	2.840e-02	2.634e-02 -0.5256441235542297	1.0
chr20_49231050_C_T_b38	2	4.26566e-04	2.986e-02	2.633e-02 -0.4714352488517761	1.0
chr20_49232350_C_T_b38	2	4.26566e-04	2.986e-02	2.633e-02 -0.4770413935184479	1.0
chr20_49230061_G_T_b38	2	4.26566e-04	2.986e-02	2.633e-02 -0.4730127453804016	1.0
chr20_49204859_C_T_b38	2	3.03138e-04	1.285e-02	2.609e-02 -0.7532560229301453	1.0
chr20_49194571_C_CTATGATCTTTCAAATTAT_b38	2	2.89404e-04	-1.159e-02	2.482e-02 0.2877627933383615	1.0
chr20_49202327_C_T_b38	2	2.83867e-04	7.635e-03	2.591e-02 -0.6552184820175171	1.0
chr20_49261677_GCT_G_b38	2	1.87426e-04	3.377e-02	2.672e-02 -0.4795970753246207	1.0
chr20_49264417_T_G_b38	2	1.62161e-04	2.988e-02	2.633e-02 -0.5027958750724792	1.0
chr20_49252058_C_A_b38	2	1.58214e-04	2.926e-02	2.642e-02 -0.5012379884719849	1.0
chr20_49245642_T_TAA_b38	2	1.36147e-04	2.459e-02	2.631e-02 -0.6332780966197226	1.0
chr20_49256259_A_G_b38	2	1.34805e-04	2.428e-02	2.623e-02 -0.5064584016799927	1.0
chr20_49258767_T_C_b38	2	1.34805e-04	2.428e-02	2.623e-02 -0.5006812810897827	1.0
chr20_49256830_C_T_b38	2	1.32823e-04	2.378e-02	2.624e-02 -0.5077157616615295	1.0
chr20_49268018_C_T_b38	2	1.12260e-04	1.813e-02	2.500e-02 -1.2112586498260498	1.0
chr20_49178433_G_A_b38	2	8.61674e-05	1.358e-02	2.611e-02 -0.6044369339942932	1.0
chr20_49279619_C_T_b38	2	3.34441e-05	4.713e-02	3.225e-02 -0.4244613384079898	1.0
chr20_49274656_G_A_b38	2	2.51499e-05	3.521e-02	2.641e-02 -0.4872930347919464	1.0
chr20_49299913_C_T_b38	2	2.18280e-05	3.176e-02	2.655e-02 -0.4904468655586242	1.0
