chr11_61822009_A_G_b38	1	6.60171e-01	-4.551e-01	3.267e-02 -7.29105806350708	1.0
chr11_61813163_C_T_b38	1	7.36003e-02	-4.677e-01	3.358e-02 -7.27353048324585	1.0
chr11_61815236_T_C_b38	1	7.36003e-02	-4.677e-01	3.358e-02 -7.296322822570801	1.0
chr11_61812288_T_C_b38	1	7.36003e-02	-4.677e-01	3.358e-02 -7.284968852996826	1.0
chr11_61813896_A_G_b38	1	6.04614e-02	-4.684e-01	3.387e-02 -7.246622733941995	1.0
chr11_61800281_C_A_b38	1	2.66435e-02	-4.679e-01	3.325e-02 -7.295868873596191	1.0
chr11_61803910_G_A_b38	1	2.66435e-02	-4.679e-01	3.325e-02 -7.2576141357421875	1.0
chr11_61829740_C_T_b38	2	6.61132e-02	-9.995e-02	4.480e-02 -5.794913768768311	1.0
chr11_61824164_C_G_b38	2	5.83613e-03	-1.125e-01	4.400e-02 -5.760199546813965	1.0
chr11_61833906_C_T_b38	2	6.85273e-04	-4.181e-02	5.852e-02 -5.9379005432128915	1.0
chr11_61814292_T_C_b38	3	3.55869e-03	-4.185e-01	8.338e-02 -7.222272872924805	1.0
chr11_61803876_C_G_b38	3	1.27628e-03	-4.211e-01	7.927e-02 -7.18027925491333	1.0
chr11_61828850_CA_C_b38	3	9.38709e-04	-2.059e-02	1.235e-01 -6.927914816054597	1.0
chr11_61829161_C_T_b38	3	9.19531e-04	-2.012e-02	8.602e-02 -6.929656028747559	1.0
chr11_61820833_A_G_b38	3	4.50823e-04	-3.387e-01	1.652e-01 -6.946911334991455	1.0
chr11_61830500_A_G_b38	3	1.99072e-04	-2.134e-02	8.881e-02 -7.018244743347168	1.0
chr11_61827448_CT_C_b38	3	1.54910e-04	-5.344e-05	8.075e-02 -6.8320595568729905	1.0
chr11_61824890_A_G_b38	3	1.49681e-04	-4.848e-02	9.360e-02 -6.933156490325928	1.0
chr11_61813890_C_CG_b38	3	1.36055e-04	-1.217e-01	7.094e-02 -5.817017678912671	1.0
chr11_61830816_C_T_b38	3	1.27681e-04	-4.488e-02	4.844e-02 -3.9848299026489262	1.0
chr11_61825533_A_G_b38	3	1.07588e-04	-1.215e-02	9.975e-02 -6.911155223846436	1.0
chr11_61832855_G_A_b38	3	7.75769e-05	-4.580e-02	4.845e-02 -4.038366794586182	1.0
chr11_61826344_C_T_b38	3	7.42915e-05	-8.826e-04	8.081e-02 -7.041886806488037	1.0
chr11_61832870_A_C_b38	3	7.23323e-05	-1.333e-02	6.408e-02 6.952552318572997	1.0
chr11_61790354_T_C_b38	3	6.53760e-05	-2.512e-01	1.702e-01 -6.837382793426514	1.0
chr11_61781553_G_A_b38	3	5.58118e-05	-2.173e-01	1.631e-01 -6.7646732330322275	1.0
chr11_61818856_C_CT_b38	3	4.72181e-05	-6.897e-02	7.920e-02 -6.483492369976691	1.0
chr11_61817672_A_G_b38	3	4.72181e-05	-6.897e-02	7.920e-02 -6.924216747283936	1.0
chr11_61811991_A_G_b38	3	4.72181e-05	-6.897e-02	7.920e-02 -6.880338191986084	1.0
chr11_61807686_A_G_b38	3	4.36998e-05	-6.580e-02	7.890e-02 -6.8852972984313965	1.0
chr11_61784455_A_C_b38	3	4.10626e-05	-1.924e-01	1.600e-01 -6.859503746032715	1.0
chr11_61836038_C_A_b38	3	3.91319e-05	-1.001e-02	6.740e-02 -7.0442891120910645	1.0
chr11_61838027_T_A_b38	3	3.48233e-05	-1.957e-03	6.408e-02 -6.967848300933838	1.0
chr11_61839170_A_G_b38	3	3.48233e-05	-1.957e-03	6.408e-02 -6.997474193572997	1.0
chr11_61837342_C_A_b38	3	3.48233e-05	-1.957e-03	6.408e-02 -6.973232746124268	1.0
chr11_61839211_G_A_b38	3	3.48233e-05	-1.957e-03	6.408e-02 -6.993896484375	1.0
chr11_61785208_G_T_b38	3	2.84447e-05	-9.163e-02	7.790e-02 -6.941607475280763	1.0
chr11_61838141_C_T_b38	3	2.81346e-05	-1.974e-02	4.871e-02 -4.511942386627197	1.0
chr11_61814184_G_A_b38	3	2.64916e-05	-3.116e-02	7.863e-02 -7.4144463539123535	1.0
chr11_61783884_T_C_b38	3	1.93182e-05	-8.059e-02	6.431e-02 -6.689754009246826	1.0
chr11_61842278_C_T_b38	3	1.82614e-05	-9.361e-03	6.669e-02 -7.000908851623535	1.0
chr11_61843278_G_A_b38	3	1.79702e-05	-1.049e-02	6.519e-02 -6.9612064361572275	1.0
chr11_61804006_T_C_b38	3	1.71095e-05	-6.897e-02	7.920e-02 -6.914374828338622	1.0
chr11_61801834_C_G_b38	3	1.71095e-05	-6.897e-02	7.920e-02 -6.9036545753479	1.0
chr11_61802358_C_T_b38	3	1.71095e-05	-6.897e-02	7.920e-02 -6.958110332489014	1.0
chr11_61803311_T_C_b38	3	1.71095e-05	-6.897e-02	7.920e-02 -6.888924598693848	1.0
chr11_61790331_T_C_b38	3	1.46460e-05	-6.652e-02	6.228e-02 -6.714801788330077	1.0
chr11_61852357_C_A_b38	3	1.38442e-05	2.157e-03	5.497e-02 6.242167949676514	1.0
chr11_61851136_A_G_b38	3	1.27697e-05	8.408e-03	5.322e-02 -6.330760002136231	1.0
chr11_61854084_G_C_b38	3	1.26655e-05	1.137e-02	5.324e-02 -6.285016536712647	1.0
chr11_61853722_G_A_b38	3	1.19665e-05	2.880e-02	4.806e-02 -6.749168395996094	1.0
chr11_61796827_G_T_b38	3	1.12439e-05	-5.155e-02	6.864e-02 -7.2630510330200195	1.0
chr11_61798436_T_C_b38	3	1.12439e-05	-5.155e-02	6.864e-02 -7.23136043548584	1.0
