chr3_146057722_C_T_b38	1	1.61490e-01	1.952e-01	4.047e-02 5.676674842834473	1.0
chr3_146058886_G_T_b38	1	5.43631e-02	1.878e-01	4.126e-02 4.165708541870116	1.0
chr3_146065025_T_C_b38	1	3.57811e-02	1.847e-01	4.159e-02 4.265399932861328	1.0
chr3_146071016_T_C_b38	1	2.38042e-02	1.847e-01	4.158e-02 4.288172721862793	1.0
chr3_146108472_C_T_b38	1	2.13444e-02	1.992e-01	4.104e-02 5.060750961303711	1.0
chr3_146106238_T_C_b38	1	2.13444e-02	1.992e-01	4.104e-02 5.084368705749512	1.0
chr3_146110469_G_GT_b38	1	2.13444e-02	1.992e-01	4.104e-02 5.146061394323379	1.0
chr3_146092621_G_A_b38	1	1.90125e-02	1.952e-01	4.046e-02 5.719743728637695	1.0
chr3_146055030_C_T_b38	1	1.76597e-02	1.845e-01	4.206e-02 5.442289352416992	1.0
chr3_146067919_G_A_b38	1	1.62571e-02	1.779e-01	4.100e-02 5.6978678703308105	1.0
chr3_146070680_T_C_b38	1	1.41934e-02	1.807e-01	4.197e-02 4.304060935974121	1.0
chr3_146086628_C_T_b38	1	1.20517e-02	1.895e-01	4.230e-02 3.604377269744873	1.0
chr3_146043459_A_G_b38	1	1.07160e-02	-1.902e-01	4.286e-02 -4.385454654693604	1.0
chr3_146075258_C_G_b38	1	1.05079e-02	1.847e-01	4.157e-02 4.3089327812194815	1.0
chr3_146083331_G_C_b38	1	1.05079e-02	1.847e-01	4.157e-02 4.293272018432616	1.0
chr3_146083512_T_C_b38	1	1.05079e-02	1.847e-01	4.157e-02 4.291305065155028	1.0
chr3_146082562_G_A_b38	1	1.05079e-02	1.847e-01	4.157e-02 4.271302223205566	1.0
chr3_146083375_T_C_b38	1	1.05079e-02	1.847e-01	4.157e-02 4.293242931365967	1.0
chr3_146071909_A_G_b38	1	1.05079e-02	1.847e-01	4.157e-02 4.292273998260498	1.0
chr3_146085355_T_A_b38	1	1.05079e-02	1.847e-01	4.157e-02 4.291572093963623	1.0
chr3_146073161_A_G_b38	1	1.05079e-02	1.847e-01	4.157e-02 4.292273998260498	1.0
chr3_146080683_C_G_b38	1	1.05079e-02	1.847e-01	4.157e-02 4.292282104492188	1.0
chr3_146072275_CAT_C_b38	1	1.05079e-02	1.847e-01	4.157e-02 4.042895137105367	1.0
chr3_146084103_T_C_b38	1	1.05079e-02	1.847e-01	4.157e-02 4.2954044342041025	1.0
chr3_146074248_A_C_b38	1	1.05079e-02	1.847e-01	4.157e-02 4.3089327812194815	1.0
chr3_146081568_G_A_b38	1	1.05079e-02	1.847e-01	4.157e-02 4.292276382446288	1.0
chr3_146072259_C_T_b38	1	1.05079e-02	1.847e-01	4.157e-02 4.2818007469177255	1.0
chr3_146077772_A_G_b38	1	1.05079e-02	1.847e-01	4.157e-02 4.2925987243652335	1.0
chr3_146081000_A_G_b38	1	1.05079e-02	1.847e-01	4.157e-02 4.292282104492188	1.0
chr3_146073501_C_T_b38	1	1.05079e-02	1.847e-01	4.157e-02 4.292273998260498	1.0
chr3_146075242_G_A_b38	1	1.05079e-02	1.847e-01	4.157e-02 4.307652950286865	1.0
chr3_146101289_C_T_b38	1	1.00107e-02	1.990e-01	4.259e-02 3.619918346405029	1.0
chr3_146077353_G_A_b38	1	9.90285e-03	1.849e-01	4.178e-02 5.0243821144104	1.0
chr3_146085351_T_C_b38	1	9.01297e-03	1.858e-01	4.220e-02 4.2903079986572275	1.0
chr3_146074302_G_A_b38	1	8.59687e-03	1.801e-01	4.105e-02 5.7009477615356445	1.0
chr3_146076038_T_A_b38	1	8.59687e-03	1.801e-01	4.105e-02 5.70147180557251	1.0
chr3_146073016_G_T_b38	1	8.59687e-03	1.801e-01	4.105e-02 5.684962749481201	1.0
chr3_146046715_T_G_b38	1	8.33289e-03	1.828e-01	4.185e-02 5.598303504243794	1.0
chr3_146075624_T_C_b38	1	7.83980e-03	1.854e-01	4.244e-02 4.308973312377931	1.0
chr3_146112275_A_G_b38	1	7.16589e-03	1.992e-01	4.104e-02 5.054437637329102	1.0
chr3_146113893_C_T_b38	1	7.16589e-03	1.992e-01	4.104e-02 5.054570198059082	1.0
chr3_146076989_CTTTA_C_b38	1	7.05568e-03	1.852e-01	4.269e-02 3.5764475886473344	1.0
chr3_146049576_G_A_b38	1	6.72837e-03	1.792e-01	4.157e-02 5.432633399963379	1.0
chr3_146049129_C_T_b38	1	6.72837e-03	1.792e-01	4.157e-02 5.443718433380127	1.0
chr3_146048655_G_GA_b38	1	6.72837e-03	1.792e-01	4.157e-02 5.540838732035768	1.0
chr3_146049294_T_A_b38	1	6.72837e-03	1.792e-01	4.157e-02 5.438145160675049	1.0
chr3_146049897_T_C_b38	1	6.72837e-03	1.792e-01	4.157e-02 5.421258926391602	1.0
chr3_146094374_G_A_b38	1	6.56957e-03	2.004e-01	4.389e-02 3.602860927581787	1.0
chr3_146106251_T_C_b38	1	6.32346e-03	1.932e-01	4.243e-02 3.6203992366790767	1.0
chr3_146047448_T_C_b38	1	5.73309e-03	1.788e-01	4.191e-02 5.43329668045044	1.0
chr3_146044548_G_A_b38	1	5.69917e-03	1.777e-01	4.166e-02 5.423626899719238	1.0
chr3_146042455_T_C_b38	1	5.05036e-03	1.762e-01	4.164e-02 5.470718383789063	1.0
chr3_146111568_A_G_b38	1	4.80135e-03	1.895e-01	4.230e-02 3.599656343460083	1.0
chr3_146089853_G_A_b38	1	4.80135e-03	1.895e-01	4.230e-02 3.6051430702209473	1.0
chr3_146086737_C_A_b38	1	4.80135e-03	1.895e-01	4.230e-02 3.605572700500488	1.0
chr3_146109672_T_C_b38	1	4.80135e-03	1.895e-01	4.230e-02 3.603299617767334	1.0
chr3_146110709_G_T_b38	1	4.80135e-03	1.895e-01	4.230e-02 3.603299617767334	1.0
chr3_146106717_G_A_b38	1	4.80135e-03	1.895e-01	4.230e-02 3.59388279914856	1.0
chr3_146111152_T_C_b38	1	4.80135e-03	1.895e-01	4.230e-02 3.5620768070220947	1.0
chr3_146090543_G_T_b38	1	4.80135e-03	1.895e-01	4.230e-02 3.601935148239136	1.0
chr3_146090498_T_C_b38	1	4.80135e-03	1.895e-01	4.230e-02 3.58933687210083	1.0
chr3_146099678_C_A_b38	1	4.80135e-03	1.895e-01	4.230e-02 3.6005775928497314	1.0
chr3_146105972_A_C_b38	1	4.80135e-03	1.895e-01	4.230e-02 3.603779792785645	1.0
chr3_146105937_C_T_b38	1	4.80135e-03	1.895e-01	4.230e-02 3.602450132369995	1.0
chr3_146101936_G_T_b38	1	4.80135e-03	1.895e-01	4.230e-02 3.600693225860596	1.0
chr3_146087496_G_A_b38	1	4.80135e-03	1.895e-01	4.230e-02 3.6112656593322754	1.0
chr3_146106326_T_C_b38	1	4.80135e-03	1.895e-01	4.230e-02 3.602450132369995	1.0
chr3_146048881_T_C_b38	1	4.42629e-03	-1.779e-01	4.237e-02 -5.547060966491699	1.0
chr3_146094521_A_G_b38	1	4.18662e-03	1.847e-01	4.157e-02 4.284059524536134	1.0
chr3_146091963_T_C_b38	1	4.18662e-03	1.847e-01	4.157e-02 4.280443191528319	1.0
chr3_146103369_T_C_b38	1	4.18662e-03	1.847e-01	4.157e-02 4.285351276397705	1.0
chr3_146104746_T_C_b38	1	4.18662e-03	1.847e-01	4.157e-02 4.285397529602052	1.0
chr3_146106113_T_C_b38	1	3.94448e-03	1.849e-01	4.178e-02 5.013185024261475	1.0
chr3_146049562_G_A_b38	1	3.45316e-03	1.721e-01	4.171e-02 5.429373741149902	1.0
chr3_146106691_A_G_b38	1	3.42466e-03	1.801e-01	4.104e-02 5.676342487335205	1.0
chr3_146049496_TTTC_T_b38	1	3.41470e-03	-1.720e-01	4.171e-02 -5.897654114746122	1.0
chr3_146096697_T_C_b38	1	3.40223e-03	1.871e-01	4.259e-02 3.562053960893009	1.0
chr3_146043142_C_T_b38	1	3.31803e-03	1.720e-01	4.181e-02 5.487421989440918	1.0
chr3_146150702_G_T_b38	1	2.87105e-03	-1.894e-01	4.089e-02 -5.757245063781737	1.0
chr3_146097056_C_T_b38	1	2.77404e-03	1.864e-01	4.296e-02 3.3626408000776524	1.0
chr3_146134976_C_T_b38	1	2.61459e-03	1.943e-01	4.214e-02 3.5758984088897705	1.0
chr3_146135729_C_T_b38	1	2.61459e-03	1.943e-01	4.214e-02 3.5711212158203125	1.0
chr3_146134942_G_C_b38	1	2.61459e-03	1.943e-01	4.214e-02 3.5780606269836426	1.0
chr3_146133737_G_T_b38	1	2.61459e-03	1.943e-01	4.214e-02 3.5892891883850098	1.0
chr3_146135201_A_G_b38	1	2.61459e-03	1.943e-01	4.214e-02 3.5753984451293945	1.0
chr3_146114246_T_TTATGAAG_b38	1	2.14833e-03	1.909e-01	4.188e-02 3.5927058436830865	1.0
chr3_146128541_T_A_b38	1	1.97090e-03	1.879e-01	4.144e-02 4.294926643371582	1.0
chr3_146128577_T_A_b38	1	1.97090e-03	1.879e-01	4.144e-02 4.2951064109802255	1.0
chr3_146117722_T_G_b38	1	1.87574e-03	1.888e-01	4.170e-02 4.344977378845215	1.0
chr3_146118441_T_C_b38	1	1.87574e-03	1.888e-01	4.170e-02 4.306168079376222	1.0
chr3_146112574_C_T_b38	1	1.61064e-03	1.897e-01	4.225e-02 3.5987882614135738	1.0
chr3_146132077_G_T_b38	1	1.61064e-03	1.897e-01	4.225e-02 3.605118751525879	1.0
chr3_146113424_G_A_b38	1	1.61064e-03	1.897e-01	4.225e-02 3.5983126163482666	1.0
chr3_146131336_C_G_b38	1	1.61064e-03	1.897e-01	4.225e-02 3.5924832820892334	1.0
chr3_146132784_C_T_b38	1	1.61064e-03	1.897e-01	4.225e-02 3.631691217422485	1.0
chr3_146132237_G_A_b38	1	1.61064e-03	1.897e-01	4.225e-02 3.5877954959869385	1.0
chr3_146114251_G_GA_b38	1	1.61064e-03	1.897e-01	4.225e-02 3.582437491734453	1.0
chr3_146114247_C_CA_b38	1	1.61064e-03	1.897e-01	4.225e-02 3.582437491734453	1.0
chr3_146112101_A_G_b38	1	1.61064e-03	1.897e-01	4.225e-02 3.5943081378936768	1.0
chr3_146130378_T_A_b38	1	1.61064e-03	1.897e-01	4.225e-02 3.602656126022339	1.0
chr3_146114159_A_G_b38	1	1.61064e-03	1.897e-01	4.225e-02 3.599870443344116	1.0
chr3_146114252_TGC_T_b38	1	1.61064e-03	1.897e-01	4.225e-02 3.582437491734453	1.0
chr3_146117043_C_A_b38	1	1.61064e-03	1.897e-01	4.225e-02 3.600150346755981	1.0
chr3_146113206_T_C_b38	1	1.61064e-03	1.897e-01	4.225e-02 3.5998008251190186	1.0
chr3_146122744_T_C_b38	1	1.61064e-03	1.897e-01	4.225e-02 3.6035101413726807	1.0
chr3_146113696_T_C_b38	1	1.61064e-03	1.897e-01	4.225e-02 3.5900521278381348	1.0
chr3_146062664_GT_G_b38	2	5.51712e-03	-7.427e-02	8.237e-02 -2.8838290054216227	1.0
chr3_146060012_G_A_b38	2	2.69334e-03	-8.721e-02	8.147e-02 -2.8214271068573	1.0
chr3_146069870_G_A_b38	2	8.29432e-04	-8.216e-02	8.936e-02 -2.1613016128540044	1.0
chr3_146085476_G_A_b38	2	2.39889e-04	-9.411e-02	8.474e-02 -2.846259593963623	1.0
chr3_146082133_G_A_b38	2	1.85832e-04	-8.007e-02	8.592e-02 -2.829538106918335	1.0
chr3_146045251_A_AGG_b38	2	1.72636e-04	7.163e-02	7.675e-02 2.809984892217735	1.0
chr3_146043999_AC_A_b38	2	1.65986e-04	-6.931e-02	8.028e-02 -3.0940324551269973	1.0
chr3_146046961_T_C_b38	2	1.18279e-04	5.375e-02	8.030e-02 2.596588134765625	1.0
chr3_146111375_C_G_b38	2	5.12998e-05	-7.814e-02	6.873e-02 -1.7187135219573977	1.0
chr3_146126725_A_G_b38	2	1.55577e-05	-8.035e-02	7.609e-02 -2.8347322940826416	1.0
chr3_146148583_C_G_b38	2	1.55577e-05	-8.035e-02	7.609e-02 -2.9449355602264404	1.0
