chr9_33691385_A_C_b38	1	4.35755e-02	1.268e+00	1.547e-01 5.397533893585205	1.0
chr9_33687890_C_T_b38	1	4.35755e-02	1.268e+00	1.547e-01 5.404303550720215	1.0
chr9_33687631_C_T_b38	1	4.35755e-02	1.268e+00	1.547e-01 5.415943145751953	1.0
chr9_33687513_C_G_b38	1	4.35755e-02	1.268e+00	1.547e-01 5.404632568359375	1.0
chr9_33688471_T_A_b38	1	4.35755e-02	1.268e+00	1.547e-01 5.404181003570557	1.0
chr9_33716806_A_C_b38	1	2.14013e-02	1.268e+00	1.547e-01 5.397071361541748	1.0
chr9_33710242_C_T_b38	1	2.14013e-02	1.268e+00	1.547e-01 5.394031524658203	1.0
chr9_33719797_T_C_b38	1	2.14013e-02	1.268e+00	1.547e-01 5.394933700561523	1.0
chr9_33717760_A_T_b38	1	2.14013e-02	1.268e+00	1.547e-01 5.389977931976318	1.0
chr9_33721195_C_T_b38	1	2.14013e-02	1.268e+00	1.547e-01 5.393362045288086	1.0
chr9_33680603_G_T_b38	1	1.57163e-02	1.268e+00	1.548e-01 5.3950605392456055	1.0
chr9_33681450_A_C_b38	1	1.57163e-02	1.268e+00	1.548e-01 5.559627099234484	1.0
chr9_33687193_A_G_b38	1	1.57163e-02	1.268e+00	1.548e-01 5.404942035675049	1.0
chr9_33683742_T_C_b38	1	1.57163e-02	1.268e+00	1.548e-01 5.514179229736328	1.0
chr9_33679356_G_A_b38	1	1.57163e-02	1.268e+00	1.548e-01 5.393461227416992	1.0
chr9_33673937_C_T_b38	1	1.57163e-02	1.268e+00	1.548e-01 5.371345520019531	1.0
chr9_33680994_T_C_b38	1	1.57163e-02	1.268e+00	1.548e-01 5.396135330200195	1.0
chr9_33683800_C_G_b38	1	1.57163e-02	1.268e+00	1.548e-01 5.397975444793701	1.0
chr9_33685273_C_T_b38	1	1.57163e-02	1.268e+00	1.548e-01 5.397703647613525	1.0
chr9_33678307_G_A_b38	1	1.57163e-02	1.268e+00	1.548e-01 5.3928422927856445	1.0
chr9_33679778_G_A_b38	1	1.57163e-02	1.268e+00	1.548e-01 5.395086288452148	1.0
chr9_33686112_A_G_b38	1	1.57163e-02	1.268e+00	1.548e-01 5.404999732971191	1.0
chr9_33684949_T_C_b38	1	1.57163e-02	1.268e+00	1.548e-01 5.397858619689941	1.0
chr9_33677476_C_T_b38	1	1.57163e-02	1.268e+00	1.548e-01 5.397721767425537	1.0
chr9_33679602_ATG_A_b38	1	1.57163e-02	1.268e+00	1.548e-01 5.559627099234484	1.0
chr9_33677004_C_G_b38	1	1.57163e-02	1.268e+00	1.548e-01 5.559627099234484	1.0
chr9_33677151_G_C_b38	1	1.57163e-02	1.268e+00	1.548e-01 5.665510656475317	1.0
chr9_33676775_G_C_b38	1	1.57163e-02	1.268e+00	1.548e-01 5.40401029586792	1.0
chr9_33677182_A_G_b38	1	1.57163e-02	1.268e+00	1.548e-01 5.665510656475317	1.0
chr9_33682137_C_CGT_b38	1	1.57163e-02	1.268e+00	1.548e-01 5.559627099234484	1.0
chr9_33676175_C_T_b38	1	1.57163e-02	1.268e+00	1.548e-01 5.391792297363281	1.0
chr9_33676829_G_T_b38	1	1.57163e-02	1.268e+00	1.548e-01 5.40401029586792	1.0
chr9_33677351_GT_G_b38	1	1.57163e-02	1.268e+00	1.548e-01 5.559627099234484	1.0
chr9_33679508_G_A_b38	1	1.57163e-02	1.268e+00	1.548e-01 5.393949508666992	1.0
chr9_33672538_C_A_b38	1	1.57163e-02	1.268e+00	1.548e-01 5.369553565979004	1.0
chr9_33673794_A_G_b38	1	1.57163e-02	1.268e+00	1.548e-01 5.371113300323486	1.0
chr9_33683569_G_C_b38	1	1.57163e-02	1.268e+00	1.548e-01 5.394296646118164	1.0
chr9_33681811_G_A_b38	1	1.57163e-02	1.268e+00	1.548e-01 5.396006107330322	1.0
chr9_33673798_C_A_b38	1	1.57163e-02	1.268e+00	1.548e-01 5.371345520019531	1.0
chr9_33674503_C_T_b38	1	1.57163e-02	1.268e+00	1.548e-01 5.372222423553467	1.0
chr9_33685837_C_T_b38	1	1.57163e-02	1.268e+00	1.548e-01 5.404870510101318	1.0
chr9_33677341_A_C_b38	1	1.57163e-02	1.268e+00	1.548e-01 5.404797554016113	1.0
chr9_33682141_A_C_b38	1	1.57163e-02	1.268e+00	1.548e-01 5.559627099234484	1.0
chr9_33685399_G_A_b38	1	1.57163e-02	1.268e+00	1.548e-01 5.4045891761779785	1.0
chr9_33677170_T_TC_b38	1	1.57163e-02	1.268e+00	1.548e-01 5.665510656475317	1.0
chr9_33677187_G_C_b38	1	1.25234e-02	1.262e+00	1.550e-01 5.659457708960471	1.0
chr9_33662559_G_C_b38	1	5.10602e-03	1.266e+00	1.551e-01 5.381800651550293	1.0
chr9_33667157_T_C_b38	1	5.10602e-03	1.266e+00	1.551e-01 5.559627099234484	1.0
chr9_33669651_A_G_b38	1	5.10602e-03	1.266e+00	1.551e-01 5.559627099234484	1.0
chr9_33672393_T_C_b38	1	5.10602e-03	1.266e+00	1.551e-01 5.37071418762207	1.0
chr9_33666718_T_C_b38	1	5.10602e-03	1.266e+00	1.551e-01 5.3595805168151855	1.0
chr9_33663770_T_G_b38	1	5.10602e-03	1.266e+00	1.551e-01 5.388913154602051	1.0
chr9_33669134_G_A_b38	1	5.10602e-03	1.266e+00	1.551e-01 5.559627099234484	1.0
chr9_33662916_C_G_b38	1	5.10602e-03	1.266e+00	1.551e-01 5.382455348968506	1.0
chr9_33669386_A_G_b38	1	5.10602e-03	1.266e+00	1.551e-01 5.559627099234484	1.0
chr9_33662952_T_C_b38	1	5.10602e-03	1.266e+00	1.551e-01 5.465286731719972	1.0
chr9_33664734_C_G_b38	1	5.10602e-03	1.266e+00	1.551e-01 5.336063385009767	1.0
chr9_33662426_G_A_b38	1	5.10602e-03	1.266e+00	1.551e-01 5.386557102203369	1.0
chr9_33662787_A_C_b38	1	5.10602e-03	1.266e+00	1.551e-01 5.384422779083252	1.0
chr9_33669376_A_G_b38	1	5.10602e-03	1.266e+00	1.551e-01 5.392423023516289	1.0
chr9_33667566_C_T_b38	1	5.10602e-03	1.266e+00	1.551e-01 5.559627099234484	1.0
chr9_33672344_T_A_b38	1	5.10602e-03	1.266e+00	1.551e-01 5.559627099234484	1.0
chr9_33662085_G_T_b38	1	5.10602e-03	1.266e+00	1.551e-01 5.3664512634277335	1.0
chr9_33667496_T_A_b38	1	5.10602e-03	1.266e+00	1.551e-01 5.559627099234484	1.0
chr9_33666450_G_A_b38	1	5.10602e-03	1.266e+00	1.551e-01 5.357969284057617	1.0
chr9_33663503_C_T_b38	1	5.10602e-03	1.266e+00	1.551e-01 5.382661819458008	1.0
chr9_33667639_G_A_b38	1	5.10602e-03	1.266e+00	1.551e-01 5.559627099234484	1.0
chr9_33732649_C_G_b38	1	4.80700e-03	1.243e+00	1.546e-01 5.198183059692383	1.0
chr9_33662595_G_A_b38	1	3.74889e-04	1.169e+00	1.553e-01 5.391884803771973	1.0
chr9_33667282_G_A_b38	1	4.24648e-05	1.246e+00	1.542e-01 5.4720920529075245	1.0
chr9_33696955_C_T_b38	2	5.17031e-01	-2.826e-01	6.667e-02 -2.4652042388916016	1.0
chr9_33698106_C_G_b38	2	9.29529e-02	-2.505e-01	6.601e-02 -2.463498830795288	1.0
chr9_33678487_T_G_b38	2	7.08285e-02	-2.973e-01	6.824e-02 -2.4763803482055664	1.0
chr9_33690594_C_A_b38	2	6.00737e-02	-2.730e-01	6.686e-02 -2.44614577293396	1.0
chr9_33678401_T_C_b38	2	4.35625e-02	-2.825e-01	6.659e-02 -2.468391895294189	1.0
chr9_33692591_G_A_b38	2	2.63793e-02	-2.505e-01	6.598e-02 -2.467491865158081	1.0
chr9_33706395_A_G_b38	2	1.81185e-02	-2.505e-01	6.598e-02 -2.4904043674468994	1.0
chr9_33703777_T_C_b38	2	1.81185e-02	-2.505e-01	6.598e-02 -2.4951171875	1.0
chr9_33688273_G_A_b38	2	1.71703e-02	-2.505e-01	6.598e-02 -2.4619929790496826	1.0
chr9_33669771_A_C_b38	2	1.00862e-02	-2.847e-01	6.755e-02 -2.4495072166460954	1.0
chr9_33708509_A_G_b38	2	3.02586e-03	-2.505e-01	6.598e-02 -2.447164297103882	1.0
chr9_33713111_TA_T_b38	2	3.02586e-03	-2.505e-01	6.598e-02 -2.3189118138797693	1.0
chr9_33719279_C_G_b38	2	3.02586e-03	-2.505e-01	6.598e-02 -2.4825265407562256	1.0
chr9_33715240_T_C_b38	2	3.02586e-03	-2.505e-01	6.598e-02 -2.5205116271972656	1.0
chr9_33715823_T_G_b38	2	3.02586e-03	-2.505e-01	6.598e-02 -2.5171329975128174	1.0
chr9_33725600_C_T_b38	2	2.82167e-03	-2.730e-01	6.684e-02 -2.4359354972839355	1.0
chr9_33731410_C_T_b38	2	2.82167e-03	-2.730e-01	6.684e-02 -2.455462455749512	1.0
chr9_33724896_A_T_b38	2	2.82167e-03	-2.730e-01	6.684e-02 -2.440537929534912	1.0
chr9_33669755_A_C_b38	2	1.74899e-03	-2.730e-01	6.684e-02 -2.3086524455211865	1.0
chr9_33677602_T_C_b38	2	1.58742e-03	-2.505e-01	6.598e-02 -2.4321630001068115	1.0
chr9_33679275_T_C_b38	2	1.58742e-03	-2.505e-01	6.598e-02 -2.437304735183716	1.0
chr9_33683715_T_C_b38	2	1.58742e-03	-2.505e-01	6.598e-02 -2.445288896560669	1.0
chr9_33685856_T_C_b38	2	1.58742e-03	-2.505e-01	6.598e-02 -2.443924903869629	1.0
chr9_33677112_A_AC_b38	2	1.58742e-03	-2.505e-01	6.598e-02 -2.3159733738894692	1.0
chr9_33683351_T_A_b38	2	1.58742e-03	-2.505e-01	6.598e-02 -2.445279121398926	1.0
chr9_33728209_A_AT_b38	2	1.55389e-03	-2.707e-01	6.651e-02 -2.4122793382770182	1.0
chr9_33747357_G_A_b38	2	1.39637e-03	-2.701e-01	6.698e-02 -2.236148556509687	1.0
chr9_33696983_G_T_b38	3	5.96867e-03	1.540e-03	1.029e-01 3.095228910446167	1.0
chr9_33697030_T_C_b38	3	5.96867e-03	1.540e-03	1.029e-01 3.0938138961791988	1.0
chr9_33697186_C_A_b38	3	5.96867e-03	1.540e-03	1.029e-01 3.093314409255981	1.0
chr9_33697527_G_GAA_b38	3	4.73096e-03	-1.678e-02	9.833e-02 -0.34186563415706833	1.0
chr9_33697525_C_CT_b38	3	4.73096e-03	-1.678e-02	9.833e-02 -0.34186563415706833	1.0
chr9_33697529_C_CTTTTGTTTGGTTGTCAA_b38	3	4.73096e-03	-1.678e-02	9.833e-02 -0.34186563415706833	1.0
chr9_33697521_C_CTTTTG_b38	3	4.73096e-03	-1.678e-02	9.833e-02 -0.34186563415706833	1.0
chr9_33696720_G_A_b38	3	1.59842e-03	1.756e-03	1.028e-01 2.883684277365385	1.0
chr9_33696849_G_A_b38	3	1.59842e-03	1.756e-03	1.028e-01 3.0939955711364746	1.0
chr9_33696705_G_A_b38	3	1.59842e-03	1.756e-03	1.028e-01 2.883684277365385	1.0
chr9_33698274_CTG_C_b38	3	1.51862e-03	1.756e-03	1.028e-01 2.883684277365385	1.0
chr9_33699310_G_C_b38	3	6.77387e-04	1.725e-03	1.028e-01 3.059075117111206	1.0
chr9_33699091_C_T_b38	3	6.77387e-04	1.725e-03	1.028e-01 3.0910570621490483	1.0
chr9_33699375_G_T_b38	3	6.77387e-04	1.725e-03	1.028e-01 3.098424196243286	1.0
chr9_33699232_G_A_b38	3	6.77387e-04	1.725e-03	1.028e-01 3.098424196243286	1.0
chr9_33699676_T_C_b38	3	6.77387e-04	1.725e-03	1.028e-01 3.098428010940552	1.0
chr9_33699879_G_A_b38	3	6.77387e-04	1.725e-03	1.028e-01 2.883684277365385	1.0
chr9_33699150_T_C_b38	3	6.77387e-04	1.725e-03	1.028e-01 3.0984435081481934	1.0
chr9_33699590_A_T_b38	3	6.77387e-04	1.725e-03	1.028e-01 3.0984280109405518	1.0
chr9_33695720_T_C_b38	3	5.84044e-04	1.725e-03	1.028e-01 3.0902228355407715	1.0
chr9_33695133_A_G_b38	3	5.84044e-04	1.725e-03	1.028e-01 3.0974466800689697	1.0
chr9_33695437_T_G_b38	3	5.84044e-04	1.725e-03	1.028e-01 3.0925874710083012	1.0
chr9_33695796_C_T_b38	3	5.84044e-04	1.725e-03	1.028e-01 3.0871472358703613	1.0
chr9_33699548_C_A_b38	3	4.85161e-04	-1.685e-02	9.827e-02 -0.7718209028244019	1.0
chr9_33700779_C_A_b38	3	3.82583e-04	1.725e-03	1.028e-01 3.094688415527344	1.0
chr9_33700525_AT_A_b38	3	3.82583e-04	1.725e-03	1.028e-01 2.883684277365385	1.0
chr9_33702358_A_G_b38	3	3.82583e-04	1.725e-03	1.028e-01 3.091529130935669	1.0
chr9_33693250_A_G_b38	3	3.66239e-04	1.725e-03	1.028e-01 3.089632511138916	1.0
chr9_33693958_T_C_b38	3	3.66239e-04	1.725e-03	1.028e-01 3.0974345207214355	1.0
chr9_33694163_C_G_b38	3	3.66239e-04	1.725e-03	1.028e-01 3.089111328125	1.0
chr9_33694140_C_A_b38	3	3.66239e-04	1.725e-03	1.028e-01 3.0879607200622563	1.0
chr9_33694711_T_C_b38	3	3.66239e-04	1.725e-03	1.028e-01 3.087407112121582	1.0
chr9_33692948_C_T_b38	3	2.97745e-04	1.725e-03	1.028e-01 -0.6847595572471619	1.0
chr9_33692920_G_C_b38	3	2.85939e-04	-1.685e-02	9.827e-02 -0.7958325147628784	1.0
