chr3_53069246_A_G_b38	1	2.34138e-01	5.170e-01	7.059e-02 -13.881878852844238	1.0
chr3_53069139_C_T_b38	1	9.16828e-02	5.321e-01	7.123e-02 -13.9041166305542	1.0
chr3_53073553_G_A_b38	1	8.46277e-02	5.323e-01	7.027e-02 -13.612900733947756	1.0
chr3_53077688_T_C_b38	1	4.17042e-02	5.201e-01	6.547e-02 -13.59041976928711	1.0
chr3_53089470_G_A_b38	1	3.70878e-02	5.329e-01	6.460e-02 -13.602137565612793	1.0
chr3_53084723_C_T_b38	1	3.70878e-02	5.329e-01	6.460e-02 -13.558876991271973	1.0
chr3_53088242_G_A_b38	1	3.70878e-02	5.329e-01	6.460e-02 -13.597429275512695	1.0
chr3_53088354_A_G_b38	1	3.70878e-02	5.329e-01	6.460e-02 -13.603474617004395	1.0
chr3_53086082_C_T_b38	1	3.70878e-02	5.329e-01	6.460e-02 -13.640409469604492	1.0
chr3_53085687_G_A_b38	1	3.70878e-02	5.329e-01	6.460e-02 -13.616494178771973	1.0
chr3_53087260_A_G_b38	1	3.70878e-02	5.329e-01	6.460e-02 -13.646478652954102	1.0
chr3_53089257_A_G_b38	1	3.70878e-02	5.329e-01	6.460e-02 -13.634042739868164	1.0
chr3_53088953_G_A_b38	1	3.70878e-02	5.329e-01	6.460e-02 -13.590194702148438	1.0
chr3_53086908_C_T_b38	1	3.70878e-02	5.329e-01	6.460e-02 -13.592022895812988	1.0
chr3_53081144_A_C_b38	1	3.70878e-02	5.329e-01	6.460e-02 -13.599953651428224	1.0
chr3_53069780_G_T_b38	1	2.65006e-02	5.053e-01	8.408e-02 -13.727946281433105	1.0
chr3_53093661_G_T_b38	1	1.85351e-02	5.328e-01	6.175e-02 -13.672418594360352	1.0
chr3_53096897_C_A_b38	1	1.46267e-02	5.343e-01	6.218e-02 -13.68012523651123	1.0
chr3_53091906_T_C_b38	1	1.46267e-02	5.343e-01	6.218e-02 -13.639695167541506	1.0
chr3_53097756_T_C_b38	1	1.03187e-02	5.337e-01	6.284e-02 -13.689935684204102	1.0
chr3_53097813_T_C_b38	1	1.03187e-02	5.337e-01	6.284e-02 -13.489463829524105	1.0
chr3_53097814_G_A_b38	1	1.03187e-02	5.337e-01	6.284e-02 -13.67325210571289	1.0
chr3_53093119_AC_A_b38	1	9.70801e-03	5.255e-01	6.200e-02 -13.331704404516444	1.0
chr3_53092127_G_A_b38	1	9.70801e-03	5.255e-01	6.200e-02 -13.63979434967041	1.0
chr3_53088241_T_C_b38	1	9.59067e-03	5.200e-01	6.330e-02 -13.580663681030273	1.0
chr3_53091569_T_C_b38	1	2.59833e-03	5.124e-01	6.135e-02 -13.619251251220705	1.0
chr3_53064759_A_G_b38	2	2.83553e-02	-1.419e-01	1.137e-01 8.673095703125	1.0
chr3_53073584_T_C_b38	2	8.53512e-03	2.535e-01	1.485e-01 -8.781894683837889	1.0
chr3_53062859_T_C_b38	2	5.35795e-03	-1.569e-01	1.046e-01 8.708513259887695	1.0
chr3_53066070_C_A_b38	2	3.70348e-03	-7.831e-02	9.123e-02 5.890685081481934	1.0
chr3_53072864_T_C_b38	2	3.17891e-03	1.816e-01	1.107e-01 -8.544816017150879	1.0
chr3_53085313_T_C_b38	2	2.55128e-03	2.281e-01	1.342e-01 -8.462875366210938	1.0
chr3_53075336_A_G_b38	2	1.26346e-03	4.746e-01	1.545e-01 -13.396279335021973	1.0
chr3_53070344_G_T_b38	2	1.11406e-03	-1.550e-01	1.042e-01 8.581084251403809	1.0
chr3_53069965_G_C_b38	2	1.02751e-03	-1.186e-01	8.798e-02 8.723929405212402	1.0
chr3_53056222_AATG_A_b38	2	6.71595e-04	-1.390e-01	1.047e-01 8.474288795240103	1.0
chr3_53084188_T_C_b38	2	5.44856e-04	1.695e-01	1.076e-01 -8.601286888122559	1.0
chr3_53089016_C_T_b38	2	5.42831e-04	1.612e-01	8.411e-02 -8.824666976928711	1.0
chr3_53072031_T_C_b38	2	5.02797e-04	2.194e-02	3.647e-01 -13.424982070922852	1.0
chr3_53082214_T_C_b38	2	4.00622e-04	1.591e-01	8.134e-02 -8.723003387451174	1.0
chr3_53085518_T_C_b38	2	4.00622e-04	1.591e-01	8.134e-02 -8.72093677520752	1.0
chr3_53086998_G_A_b38	2	2.88453e-04	-1.563e-01	9.105e-02 8.614453315734862	1.0
chr3_53080524_C_T_b38	2	2.88453e-04	-1.563e-01	9.105e-02 8.583385467529299	1.0
chr3_53074760_G_A_b38	2	2.28991e-04	-1.460e-01	1.462e-01 -12.03522491455078	1.0
chr3_53047596_T_C_b38	2	2.12308e-04	-1.379e-01	9.082e-02 8.638075828552246	1.0
chr3_53052712_C_G_b38	2	2.12308e-04	-1.379e-01	9.082e-02 8.68919563293457	1.0
chr3_53082835_C_T_b38	2	1.89327e-04	2.827e-01	2.351e-01 -12.729955673217773	1.0
chr3_53106614_A_C_b38	2	1.64001e-04	-1.535e-01	7.407e-02 7.5037055015563965	1.0
chr3_53073764_C_T_b38	2	1.52122e-04	-1.117e-01	1.347e-01 -12.115367889404295	1.0
chr3_53093751_T_C_b38	2	1.15049e-04	-1.563e-01	9.105e-02 8.619572639465332	1.0
chr3_53094335_G_A_b38	2	1.15049e-04	-1.563e-01	9.105e-02 8.603736877441406	1.0
chr3_53096419_C_T_b38	2	1.15049e-04	-1.563e-01	9.105e-02 8.621113777160645	1.0
chr3_53092656_TTGCCCTGGACAAGGC_T_b38	2	1.15049e-04	-1.563e-01	9.105e-02 8.663506658452865	1.0
chr3_53091453_G_A_b38	2	1.11094e-04	1.445e-01	8.202e-02 -8.738645553588867	1.0
chr3_53096450_G_A_b38	2	8.86256e-05	-1.429e-01	9.062e-02 8.611691474914549	1.0
chr3_53027969_T_C_b38	2	8.39018e-05	-1.379e-01	9.082e-02 8.703405380249022	1.0
chr3_53034139_T_A_b38	2	8.39018e-05	-1.379e-01	9.082e-02 8.683917999267576	1.0
chr3_53029854_A_G_b38	2	8.39018e-05	-1.379e-01	9.082e-02 8.654739379882812	1.0
chr3_53029908_G_A_b38	2	8.39018e-05	-1.379e-01	9.082e-02 8.670984268188478	1.0
chr3_53065571_A_G_b38	3	8.87106e-04	-2.379e-01	1.881e-01 8.494124816453265	1.0
chr3_53065318_T_C_b38	3	8.22904e-04	-2.354e-01	1.964e-01 8.663718223571777	1.0
chr3_53065579_A_G_b38	3	7.29725e-04	-2.150e-01	2.035e-01 8.512303474641513	1.0
chr3_53065578_C_T_b38	3	7.29725e-04	-2.150e-01	2.035e-01 8.512303474641513	1.0
chr3_53065538_C_T_b38	3	3.02540e-04	-1.146e-01	1.950e-01 8.193739715078662	1.0
chr3_53067528_G_C_b38	3	2.17932e-05	-1.153e-01	1.796e-01 8.6212158203125	1.0
