chr11_207359_C_CGGCCACAGCCGCCTCAGACGT_b38	1	9.99833e-01	-3.053e-01	2.952e-02 5.701953202096021	1.0
chr11_224063_G_A_b38	2	9.69546e-02	2.266e-01	5.362e-02 -4.137737274169922	1.0
chr11_205935_G_A_b38	2	9.06163e-02	2.001e-01	5.360e-02 -4.055025577545166	1.0
chr11_205780_T_A_b38	2	9.06163e-02	2.001e-01	5.360e-02 -4.0148515701293945	1.0
chr11_211447_G_A_b38	2	6.52449e-02	1.981e-01	5.224e-02 -3.856260061264038	1.0
chr11_202017_C_T_b38	2	5.80448e-02	2.105e-01	5.377e-02 -4.073669910430908	1.0
chr11_210899_C_T_b38	2	5.36655e-02	2.001e-01	5.360e-02 -3.997196674346924	1.0
chr11_204523_CATTTCT_C_b38	2	5.22312e-02	2.001e-01	5.360e-02 -4.123696887907428	1.0
chr11_203788_C_T_b38	2	5.22312e-02	2.001e-01	5.360e-02 -4.003981113433838	1.0
chr11_204680_G_A_b38	2	5.22312e-02	2.001e-01	5.360e-02 -3.68183183670044	1.0
chr11_203235_A_G_b38	2	5.22312e-02	2.001e-01	5.360e-02 -4.040301322937012	1.0
chr11_224845_G_C_b38	2	5.11507e-02	2.188e-01	5.398e-02 -4.124950885772705	1.0
chr11_202565_C_T_b38	2	4.78016e-02	1.985e-01	5.351e-02 -4.043798923492432	1.0
chr11_213740_C_T_b38	2	3.72907e-02	2.000e-01	5.315e-02 -4.1570777893066415	1.0
chr11_215904_G_A_b38	2	3.55552e-02	1.967e-01	5.255e-02 -4.163829326629639	1.0
chr11_216056_G_A_b38	2	3.37837e-02	2.001e-01	5.360e-02 -4.155956268310547	1.0
chr11_213723_T_G_b38	2	3.37837e-02	2.001e-01	5.360e-02 -4.152800559997559	1.0
chr11_241124_C_G_b38	2	1.55810e-02	2.122e-01	5.294e-02 -3.9384982585906982	1.0
chr11_244817_GA_G_b38	2	3.06453e-03	1.905e-01	5.384e-02 -4.030292161680252	1.0
chr11_202763_G_A_b38	2	2.19584e-03	1.608e-01	6.039e-02 -3.728830009329109	1.0
chr11_202873_A_G_b38	2	2.07295e-03	1.584e-01	6.002e-02 -4.0440921783447275	1.0
chr11_185730_G_A_b38	2	1.33193e-03	1.615e-01	5.523e-02 -4.03615249489752	1.0
chr11_201922_T_C_b38	2	1.21597e-03	1.332e-01	4.991e-02 -4.179619312286377	1.0
chr11_202835_A_G_b38	2	1.18437e-03	1.382e-01	5.716e-02 -3.991294860839844	1.0
chr11_206986_CGA_C_b38	3	2.81974e-02	-9.168e-02	5.421e-02 -0.4020465369278627	1.0
chr11_199891_C_A_b38	3	1.79354e-03	-7.922e-02	4.639e-02 -2.2679591178894043	1.0
chr11_216290_G_A_b38	3	1.16864e-03	-6.335e-02	4.706e-02 -0.7076736688613892	1.0
chr11_211482_C_T_b38	3	1.07614e-03	-3.873e-02	4.516e-02 -0.2924551367759705	1.0
chr11_211841_T_C_b38	3	1.02366e-03	-3.586e-02	4.554e-02 -0.13303302228450775	1.0
chr11_216957_A_G_b38	3	1.00890e-03	-5.755e-02	4.690e-02 -0.7256600260734558	1.0
chr11_218613_G_A_b38	3	6.25738e-04	-6.672e-02	4.427e-02 -0.8206197619438171	1.0
chr11_228514_C_A_b38	3	6.24132e-04	-6.601e-02	4.369e-02 -0.424250066280365	1.0
chr11_225611_TG_T_b38	3	5.89826e-04	-6.570e-02	4.370e-02 -0.4740236047071592	1.0
chr11_223796_A_G_b38	3	3.49359e-04	-5.961e-02	5.896e-02 -0.04157086461782456	1.0
chr11_223823_G_A_b38	3	1.43846e-04	-4.143e-02	6.153e-02 0.007344023324549198	1.0
chr11_186899_G_A_b38	3	1.06561e-04	-3.833e-02	5.034e-02 -1.935511481982361	1.0
chr11_207275_C_G_b38	4	2.20073e-04	-2.800e-02	2.413e-02 4.0433783531188965	1.0
chr11_207410_C_T_b38	4	2.20073e-04	-2.800e-02	2.413e-02 4.0628299713134775	1.0
chr11_207698_C_T_b38	4	1.65986e-04	2.388e-02	2.307e-02 -1.219557285308838	1.0
chr11_207693_CG_C_b38	4	1.65986e-04	2.388e-02	2.307e-02 -1.4485079136433152	1.0
chr11_207254_CG_C_b38	4	1.14357e-04	-6.153e-03	2.479e-02 4.01843375886413	1.0
