chr19_43541349_C_T_b38	1	4.39446e-01	4.650e-01	3.923e-02 7.395325183868407	1.0
chr19_43540396_C_T_b38	1	4.39446e-01	4.650e-01	3.923e-02 7.38478422164917	1.0
chr19_43533218_C_G_b38	1	4.87324e-02	4.538e-01	3.852e-02 7.417213439941406	1.0
chr19_43546814_T_C_b38	1	2.33123e-02	4.526e-01	3.828e-02 7.404145240783691	1.0
chr19_43549390_G_A_b38	1	2.33123e-02	4.526e-01	3.828e-02 7.436112880706787	1.0
chr19_43536845_T_C_b38	1	2.33123e-02	4.526e-01	3.828e-02 7.41765022277832	1.0
chr19_43558535_G_A_b38	1	2.29307e-03	4.508e-01	3.839e-02 7.445706844329834	1.0
chr19_43485415_C_G_b38	2	3.43368e-01	1.609e-01	3.083e-02 3.40165376663208	1.0
chr19_43487930_A_G_b38	2	1.75350e-01	1.601e-01	3.160e-02 3.5840778350830083	1.0
chr19_43523238_T_C_b38	2	1.06209e-01	1.429e-01	3.470e-02 2.858321189880371	1.0
chr19_43493673_C_G_b38	2	7.78717e-02	1.570e-01	3.221e-02 3.6007463932037367	1.0
chr19_43495482_A_C_b38	2	6.87499e-02	1.563e-01	3.229e-02 3.606814622879028	1.0
chr19_43497739_T_C_b38	2	6.87499e-02	1.563e-01	3.229e-02 3.596233367919922	1.0
chr19_43521303_T_C_b38	2	2.48051e-02	1.342e-01	3.489e-02 2.8205790519714355	1.0
chr19_43521049_T_C_b38	2	2.48051e-02	1.342e-01	3.489e-02 2.8202366828918457	1.0
chr19_43526846_C_T_b38	2	2.04627e-02	1.294e-01	3.645e-02 2.7820074558258057	1.0
chr19_43521083_T_A_b38	2	1.20939e-02	1.304e-01	3.594e-02 2.844576835632324	1.0
chr19_43517614_A_T_b38	2	8.08540e-03	1.299e-01	3.520e-02 2.8576438426971436	1.0
chr19_43502996_TA_T_b38	2	6.18653e-03	1.344e-01	3.436e-02 2.97310607001499	1.0
chr19_43502998_GATCTGT_G_b38	2	6.18653e-03	1.344e-01	3.436e-02 2.97310607001499	1.0
chr19_43503009_TA_T_b38	2	6.18653e-03	1.344e-01	3.436e-02 2.97310607001499	1.0
chr19_43509108_G_A_b38	2	6.18653e-03	1.344e-01	3.436e-02 2.86691689491272	1.0
chr19_43503007_A_T_b38	2	6.18653e-03	1.344e-01	3.436e-02 2.97310607001499	1.0
chr19_43502860_G_A_b38	2	6.18653e-03	1.344e-01	3.436e-02 2.745483636856079	1.0
chr19_43508457_T_C_b38	2	5.63244e-03	1.336e-01	3.450e-02 2.8193399906158447	1.0
chr19_43495140_G_GGTCTGAGGGAGGAGGAGACTCGGGGCAGGACCCCTGA_b38	2	4.42313e-03	1.453e-01	3.575e-02 3.2943432671533	1.0
chr19_43513773_A_G_b38	2	4.05477e-03	1.308e-01	3.473e-02 2.852468729019165	1.0
chr19_43530194_A_C_b38	2	3.76114e-03	1.157e-01	3.492e-02 2.975736379623413	1.0
chr19_43500955_T_C_b38	2	3.70909e-03	1.316e-01	3.528e-02 2.8597373962402344	1.0
chr19_43531588_AAGAG_A_b38	3	1.45289e-02	1.273e-01	4.357e-02 -3.3526433094951678	1.0
chr19_43525592_T_G_b38	3	1.20605e-02	6.297e-02	4.395e-02 -3.2599763870239262	1.0
chr19_43527172_C_T_b38	3	1.46834e-03	5.390e-02	4.541e-02 -3.2533795833587646	1.0
chr19_43527400_CAG_C_b38	3	1.46834e-03	5.390e-02	4.541e-02 -3.326609153163961	1.0
chr19_43524143_C_T_b38	3	1.35479e-03	5.390e-02	4.541e-02 -3.2282650470733643	1.0
chr19_43529393_A_G_b38	3	1.15399e-03	6.080e-02	4.378e-02 -3.2188119888305664	1.0
chr19_43548464_T_C_b38	3	9.37892e-04	9.002e-02	4.302e-02 -3.4893362522125244	1.0
chr19_43545379_G_C_b38	3	9.32963e-04	9.708e-02	4.834e-02 -3.063693284988404	1.0
chr19_43541481_C_A_b38	3	8.81095e-04	8.829e-02	4.274e-02 -3.454894542694092	1.0
chr19_43541783_A_G_b38	3	8.81095e-04	8.829e-02	4.274e-02 -3.454819440841675	1.0
chr19_43522770_A_G_b38	3	8.53983e-04	5.324e-02	4.537e-02 -3.236069917678833	1.0
chr19_43521282_G_A_b38	3	8.53983e-04	5.324e-02	4.537e-02 -3.2328457832336426	1.0
chr19_43544840_G_GT_b38	3	7.28135e-04	8.398e-02	4.286e-02 -3.491953961785003	1.0
chr19_43518511_C_T_b38	3	6.03095e-04	6.110e-02	4.565e-02 -3.2463686466217037	1.0
chr19_43531006_C_T_b38	3	5.43448e-04	5.558e-02	4.349e-02 -3.249983787536621	1.0
chr19_43517122_C_A_b38	3	5.25374e-04	5.549e-02	4.549e-02 -3.2428622245788574	1.0
chr19_43515620_A_G_b38	3	5.25374e-04	5.549e-02	4.549e-02 -3.252504587173462	1.0
chr19_43517497_G_A_b38	3	4.92388e-04	5.261e-02	4.523e-02 -3.3019204139709477	1.0
chr19_43517621_A_G_b38	3	4.92388e-04	5.261e-02	4.523e-02 -3.326609153163961	1.0
chr19_43518517_C_T_b38	3	4.92388e-04	5.261e-02	4.523e-02 -3.270400285720825	1.0
chr19_43515267_A_T_b38	3	4.78582e-04	7.574e-02	4.548e-02 -3.254959344863892	1.0
chr19_43517937_A_G_b38	3	3.33008e-04	3.677e-02	4.440e-02 -3.5592161205365755	1.0
chr19_43570445_T_G_b38	3	2.66442e-04	-8.991e-02	4.230e-02 3.818028688430786	1.0
chr19_43566034_A_G_b38	3	2.52344e-04	-8.815e-02	4.195e-02 3.8082664012908936	1.0
chr19_43572012_A_T_b38	3	2.08141e-04	-8.586e-02	4.229e-02 3.762675523757935	1.0
chr19_43570844_CT_C_b38	3	2.08141e-04	-8.586e-02	4.229e-02 3.9647074692702993	1.0
chr19_43573108_A_T_b38	3	2.08141e-04	-8.586e-02	4.229e-02 3.799121141433716	1.0
chr19_43573237_A_G_b38	3	2.08093e-04	-8.631e-02	4.258e-02 3.8047170639038086	1.0
chr19_43567851_T_C_b38	3	2.08093e-04	-8.631e-02	4.258e-02 3.786149740219116	1.0
chr19_43505212_C_T_b38	3	1.91134e-04	5.655e-02	4.525e-02 -3.2472243309021	1.0
chr19_43504337_G_A_b38	3	1.91134e-04	5.655e-02	4.525e-02 -3.2437186241149902	1.0
chr19_43503344_C_T_b38	3	1.91134e-04	5.655e-02	4.525e-02 -3.252915859222412	1.0
chr19_43503634_G_T_b38	3	1.91134e-04	5.655e-02	4.525e-02 -3.251015901565552	1.0
chr19_43501724_CCAAA_C_b38	3	1.91134e-04	5.655e-02	4.525e-02 -3.2436091880335334	1.0
chr19_43504376_C_T_b38	3	1.91134e-04	5.655e-02	4.525e-02 -3.243449211120605	1.0
chr19_43503475_G_C_b38	3	1.91134e-04	5.655e-02	4.525e-02 -3.251777172088623	1.0
chr19_43556662_A_G_b38	3	1.85808e-04	-8.458e-02	4.304e-02 3.4455687999725337	1.0
chr19_43558502_A_G_b38	3	1.85808e-04	-8.458e-02	4.304e-02 3.4297220706939697	1.0
chr19_43555849_A_G_b38	3	1.85808e-04	-8.458e-02	4.304e-02 3.458564281463623	1.0
chr19_43558367_A_G_b38	3	1.85808e-04	-8.458e-02	4.304e-02 3.4392662048339844	1.0
chr19_43551430_C_T_b38	3	1.85808e-04	8.458e-02	4.304e-02 -3.442451000213623	1.0
chr19_43512414_A_T_b38	3	1.65167e-04	5.015e-02	4.517e-02 -3.246527194976806	1.0
chr19_43510378_C_T_b38	3	1.65167e-04	5.015e-02	4.517e-02 -3.254610538482666	1.0
chr19_43513551_C_T_b38	3	1.65167e-04	5.015e-02	4.517e-02 -3.244297504425049	1.0
chr19_43501311_G_A_b38	3	1.42540e-04	4.312e-02	4.035e-02 -3.243126630783081	1.0
chr19_43481559_G_A_b38	3	1.40604e-04	8.199e-02	4.570e-02 -2.9766547679901123	1.0
chr19_43568024_A_G_b38	3	1.33633e-04	-7.473e-02	4.153e-02 3.782952308654785	1.0
chr19_43477077_T_C_b38	3	1.29899e-04	7.949e-02	4.557e-02 -3.004610300064087	1.0
chr19_43481678_C_T_b38	3	1.14885e-04	7.633e-02	4.608e-02 -2.975208282470703	1.0
chr19_43569117_G_A_b38	3	1.05774e-04	-6.915e-02	4.219e-02 3.6124881528054495	1.0
chr19_43491805_T_C_b38	3	6.42100e-05	6.761e-02	4.553e-02 -3.235316276550293	1.0
chr19_43578793_T_C_b38	3	5.59820e-05	-8.756e-02	4.187e-02 3.896578550338745	1.0
chr19_43580003_G_A_b38	3	5.59820e-05	-8.756e-02	4.187e-02 3.9614334106445312	1.0
chr19_43490994_G_A_b38	3	3.00879e-05	4.691e-02	4.334e-02 -3.2302048206329346	1.0
chr19_43577136_A_G_b38	3	2.91915e-05	-7.674e-02	4.072e-02 3.892662048339844	1.0
chr19_43455962_A_C_b38	3	2.55525e-05	6.834e-02	3.634e-02 -3.109625816345215	1.0
chr19_43527218_C_T_b38	4	1.44501e-04	1.377e-01	5.382e-02 2.5275840759277344	1.0
chr19_43549765_C_G_b38	4	1.38774e-04	1.808e-01	5.758e-02 2.3392727375030518	1.0
chr19_43536101_A_G_b38	4	1.38774e-04	1.808e-01	5.758e-02 2.4474425315856934	1.0
chr19_43534795_G_A_b38	4	1.32872e-04	1.592e-01	5.581e-02 2.514532804489136	1.0
chr19_43527989_G_A_b38	4	8.86288e-05	1.256e-01	5.299e-02 2.5504064559936523	1.0
chr19_43547432_C_T_b38	4	5.41128e-05	1.639e-01	5.544e-02 2.4928102493286133	1.0
