chr3_9933702_C_G_b38	1	9.99154e-01	5.175e-01	3.081e-02 -13.087188720703125	1.0
chr3_9933125_G_A_b38	2	4.47649e-03	5.161e-02	6.379e-02 1.991050124168396	1.0
chr3_9935095_A_G_b38	2	1.91964e-03	5.161e-02	6.379e-02 1.961772918701172	1.0
chr3_9929702_A_C_b38	2	1.04466e-03	5.161e-02	6.379e-02 1.9642286300659182	1.0
chr3_9950548_G_T_b38	2	8.75503e-04	1.158e-01	7.187e-02 2.552151918411255	1.0
chr3_10007329_G_A_b38	2	1.58456e-04	1.369e-01	7.391e-02 2.460268259048462	1.0
chr3_10009749_G_A_b38	2	1.58456e-04	1.369e-01	7.391e-02 2.461508512496948	1.0
chr3_10016677_T_C_b38	2	1.10587e-04	1.158e-01	7.187e-02 2.403095960617065	1.0
chr3_10023889_T_TA_b38	2	1.10587e-04	1.158e-01	7.187e-02 2.5129211307509705	1.0
chr3_10005924_A_G_b38	2	1.10587e-04	1.158e-01	7.187e-02 2.4034736156463623	1.0
chr3_10133263_T_C_b38	2	6.25037e-05	1.502e-01	6.393e-02 2.32694673538208	1.0
chr3_10127678_C_G_b38	2	6.25037e-05	1.502e-01	6.393e-02 2.3054773807525635	1.0
chr3_10125011_A_C_b38	2	6.25037e-05	1.502e-01	6.393e-02 2.1133677959442143	1.0
chr3_10137642_A_G_b38	2	6.25037e-05	1.502e-01	6.393e-02 2.502840518951416	1.0
chr3_10135097_C_CCTTTTT_b38	2	6.25037e-05	1.502e-01	6.393e-02 2.201125896014592	1.0
chr3_10136892_C_T_b38	2	6.25037e-05	1.502e-01	6.393e-02 2.416038990020752	1.0
chr3_10124110_G_A_b38	2	6.25037e-05	1.502e-01	6.393e-02 2.303755283355713	1.0
chr3_10137138_G_A_b38	2	6.25037e-05	1.502e-01	6.393e-02 2.3319854736328125	1.0
chr3_10119685_A_G_b38	2	6.25037e-05	1.502e-01	6.393e-02 2.408522129058838	1.0
chr3_10133225_A_G_b38	2	6.25037e-05	1.502e-01	6.393e-02 2.3854730129241943	1.0
chr3_10117289_A_C_b38	2	6.25037e-05	1.502e-01	6.393e-02 2.2332897186279297	1.0
chr3_10137065_G_A_b38	2	6.25037e-05	1.502e-01	6.393e-02 2.35966420173645	1.0
chr3_10127570_C_T_b38	2	6.25037e-05	1.502e-01	6.393e-02 2.201125896014592	1.0
chr3_10136917_A_G_b38	2	6.25037e-05	1.502e-01	6.393e-02 2.4168460369110107	1.0
chr3_10136545_C_T_b38	2	6.25037e-05	1.502e-01	6.393e-02 2.395572662353516	1.0
chr3_10122039_G_A_b38	2	6.02125e-05	1.492e-01	6.406e-02 2.2938055992126465	1.0
chr3_10125195_C_CG_b38	2	5.85971e-05	1.481e-01	6.398e-02 2.164583161250544	1.0
chr3_10138240_C_T_b38	2	4.86911e-05	1.329e-01	5.927e-02 2.444244623184204	1.0
