chr3_43047594_G_A_b38	1	5.72297e-01	1.857e-01	3.960e-02 1.9119573831558228	1.0
chr3_43025624_A_G_b38	1	3.11665e-02	1.476e-01	3.861e-02 2.74039363861084	1.0
chr3_43025646_T_C_b38	1	3.01711e-02	1.473e-01	3.859e-02 2.739999532699585	1.0
chr3_43027314_A_T_b38	1	2.91724e-02	1.459e-01	3.810e-02 1.864501953125	1.0
chr3_43014355_A_C_b38	1	2.47522e-02	1.475e-01	3.938e-02 2.186678409576416	1.0
chr3_43028514_C_T_b38	1	2.09029e-02	1.441e-01	3.856e-02 2.7138841152191158	1.0
chr3_43011119_C_G_b38	1	2.08022e-02	1.437e-01	3.888e-02 1.1354116201400757	1.0
chr3_43029104_G_A_b38	1	1.47920e-02	1.403e-01	3.778e-02 1.8457686901092532	1.0
chr3_43013040_T_C_b38	1	1.47074e-02	1.430e-01	3.876e-02 1.337851881980896	1.0
chr3_43017082_T_G_b38	1	1.36024e-02	1.407e-01	3.812e-02 1.3430061340332031	1.0
chr3_43011255_G_A_b38	1	1.35916e-02	1.409e-01	3.842e-02 0.9975162744522096	1.0
chr3_43011148_C_T_b38	1	1.18840e-02	1.391e-01	3.827e-02 1.048467755317688	1.0
chr3_43006150_T_C_b38	1	1.11443e-02	1.423e-01	3.935e-02 0.9425978660583496	1.0
chr3_43012084_G_A_b38	1	9.66904e-03	1.394e-01	3.898e-02 2.1579391956329346	1.0
chr3_43004777_C_T_b38	1	8.62731e-03	1.397e-01	3.940e-02 1.7750308513641355	1.0
chr3_43007519_A_G_b38	1	8.21329e-03	1.391e-01	3.936e-02 0.9520076513290404	1.0
chr3_43013111_A_G_b38	1	8.08469e-03	1.434e-01	4.021e-02 1.3109374046325684	1.0
chr3_43025066_G_A_b38	1	7.98421e-03	1.407e-01	3.936e-02 2.210540771484375	1.0
chr3_42953488_T_G_b38	2	1.27924e-01	-2.180e-01	5.486e-02 -4.164916515350342	1.0
chr3_42934226_G_C_b38	2	1.11922e-01	-2.159e-01	5.472e-02 -4.205974102020264	1.0
chr3_43025276_A_G_b38	2	1.09260e-01	-1.926e-01	4.890e-02 -7.360476970672607	1.0
chr3_43010166_T_A_b38	2	7.74950e-02	-2.182e-01	5.823e-02 -6.098686695098878	1.0
chr3_43027802_T_A_b38	2	4.81867e-02	-2.069e-01	5.751e-02 -6.530193328857423	1.0
chr3_43002155_T_C_b38	2	3.05587e-02	-1.644e-01	4.780e-02 -5.614189147949219	1.0
chr3_43028896_T_C_b38	2	2.51244e-02	-1.963e-01	5.754e-02 -6.516586780548097	1.0
chr3_43028589_C_G_b38	2	2.39169e-02	-1.911e-01	5.608e-02 -6.491069793701173	1.0
chr3_43028466_T_C_b38	2	2.00313e-02	-1.883e-01	5.604e-02 -6.38228702545166	1.0
chr3_43027077_A_G_b38	2	1.84690e-02	-1.648e-01	4.600e-02 -7.377881050109862	1.0
chr3_43027035_C_T_b38	2	1.58407e-02	-1.635e-01	4.634e-02 -7.370402812957764	1.0
chr3_43006019_T_A_b38	2	1.45208e-02	-1.690e-01	4.824e-02 -5.651878833770753	1.0
chr3_43029995_T_A_b38	2	8.58911e-03	-2.007e-01	5.869e-02 -6.49650764465332	1.0
chr3_43030581_C_T_b38	2	8.58911e-03	-2.007e-01	5.869e-02 -6.4893126487731925	1.0
chr3_43031218_G_A_b38	2	7.84416e-03	-2.096e-01	6.171e-02 -6.481671333312987	1.0
chr3_43032208_GT_G_b38	2	7.84416e-03	-2.096e-01	6.171e-02 -6.383906441277198	1.0
chr3_43031669_C_T_b38	2	4.72384e-03	-1.890e-01	5.805e-02 -6.4806480407714835	1.0
chr3_43031961_T_G_b38	2	3.60718e-03	-1.850e-01	5.802e-02 -6.494294166564941	1.0
chr3_43032041_A_G_b38	2	3.59256e-03	-1.840e-01	5.763e-02 -6.495636463165282	1.0
chr3_43049525_G_A_b38	2	1.51148e-03	-1.988e-01	6.539e-02 -7.171852111816406	1.0
chr3_43015936_AAAGCCACAGGAAGGGTCTGTGTG_A_b38	3	1.59351e-02	3.106e-01	8.767e-02 1.84309500709784	1.0
