chr19_43577584_T_G_b38	1	7.17756e-01	-5.585e-01	4.328e-02 7.246121406555176	1.0
chr19_43578398_C_A_b38	1	8.26548e-02	-5.532e-01	4.343e-02 7.245827198028564	1.0
chr19_43578277_C_A_b38	1	8.26548e-02	-5.532e-01	4.343e-02 7.2407188415527335	1.0
chr19_43581675_C_T_b38	1	4.80254e-02	-5.530e-01	4.341e-02 7.288818836212157	1.0
chr19_43574316_T_G_b38	1	3.59694e-02	-5.491e-01	4.337e-02 7.268715858459473	1.0
chr19_43564249_G_A_b38	1	1.55922e-02	-5.551e-01	4.353e-02 7.26315975189209	1.0
chr19_43578285_C_T_b38	2	1.84489e-02	-1.702e-01	6.910e-02 2.5593695640563965	1.0
chr19_43580742_T_C_b38	2	1.59774e-02	-1.809e-01	6.898e-02 2.542742729187012	1.0
chr19_43580738_T_TA_b38	2	1.59774e-02	-1.809e-01	6.898e-02 2.4151387089700926	1.0
chr19_43582149_T_C_b38	2	1.03277e-02	-1.809e-01	6.898e-02 2.5453472137451167	1.0
chr19_43559254_T_C_b38	2	8.70266e-03	-1.946e-01	6.851e-02 2.4064333694704083	1.0
chr19_43569410_A_G_b38	2	5.45050e-03	-1.661e-01	6.922e-02 2.466168165206909	1.0
chr19_43556501_G_C_b38	2	5.29873e-03	-1.818e-01	6.867e-02 2.3845157623291016	1.0
chr19_43559255_G_A_b38	2	4.95671e-03	-1.803e-01	6.876e-02 2.372271940945235	1.0
chr19_43559250_A_G_b38	2	4.95671e-03	-1.803e-01	6.876e-02 2.2186033725738525	1.0
chr19_43553896_G_A_b38	2	2.85226e-03	-1.678e-01	6.920e-02 2.473660945892334	1.0
chr19_43553422_G_A_b38	2	2.85226e-03	-1.678e-01	6.920e-02 2.5105817317962646	1.0
chr19_43565880_AGT_A_b38	2	2.73651e-03	-1.664e-01	6.919e-02 2.3504090825587105	1.0
chr19_43547432_C_T_b38	2	2.43583e-03	-1.882e-01	6.812e-02 2.4928102493286133	1.0
chr19_43542576_T_C_b38	2	1.75021e-03	-1.818e-01	6.863e-02 2.545159339904785	1.0
chr19_43545709_G_T_b38	2	1.75021e-03	-1.818e-01	6.863e-02 2.4828734397888184	1.0
chr19_43534795_G_A_b38	2	1.75021e-03	-1.818e-01	6.863e-02 2.514532804489136	1.0
chr19_43549744_G_GGTCTC_b38	2	1.75021e-03	-1.818e-01	6.863e-02 2.4151387089700926	1.0
chr19_43538047_A_G_b38	2	1.75021e-03	-1.818e-01	6.863e-02 2.517184972763061	1.0
chr19_43574076_ATTATT_A_b38	2	1.68187e-03	-1.078e-01	7.180e-02 2.3589179365918564	1.0
chr19_43547406_G_A_b38	2	6.69746e-04	-1.440e-01	6.078e-02 1.128351092338562	1.0
chr19_43536101_A_G_b38	2	2.30455e-04	-1.240e-01	7.107e-02 2.4474425315856934	1.0
chr19_43549765_C_G_b38	2	2.30455e-04	-1.240e-01	7.107e-02 2.3392727375030518	1.0
chr19_43514017_C_T_b38	2	2.15619e-04	-1.914e-01	8.642e-02 2.5153095722198486	1.0
chr19_43527989_G_A_b38	2	1.96359e-04	-1.104e-01	6.502e-02 2.5504064559936523	1.0
chr19_43577136_A_G_b38	3	4.52247e-04	-4.072e-03	4.667e-02 3.892662048339844	1.0
chr19_43578793_T_C_b38	3	6.33102e-05	-1.036e-02	4.706e-02 3.896578550338745	1.0
