chr2_65544511_G_A_b38	1	6.41050e-02	-2.810e-01	5.126e-02 5.933094501495361	1.0
chr2_65548756_C_G_b38	1	5.92097e-02	-2.760e-01	5.051e-02 5.963239669799805	1.0
chr2_65546865_C_T_b38	1	5.92097e-02	-2.760e-01	5.051e-02 5.956984519958496	1.0
chr2_65526176_A_G_b38	1	5.51248e-02	-2.855e-01	5.238e-02 7.329328536987305	1.0
chr2_65524951_A_G_b38	1	5.51248e-02	-2.855e-01	5.238e-02 7.3453612327575675	1.0
chr2_65537915_A_G_b38	1	4.08900e-02	-2.791e-01	5.178e-02 7.1682491302490225	1.0
chr2_65534933_A_G_b38	1	4.00742e-02	-2.824e-01	5.241e-02 7.264906883239746	1.0
chr2_65533731_CTTTGTGTGTGCATGTG_C_b38	1	4.00742e-02	-2.824e-01	5.241e-02 7.1556153935193745	1.0
chr2_65535089_G_A_b38	1	4.00742e-02	-2.824e-01	5.241e-02 7.261063575744629	1.0
chr2_65537776_A_G_b38	1	3.68245e-02	-2.818e-01	5.248e-02 7.261478900909424	1.0
chr2_65534098_G_T_b38	1	3.64438e-02	-2.810e-01	5.236e-02 7.277006149291992	1.0
chr2_65538558_C_G_b38	1	3.41973e-02	-2.697e-01	5.041e-02 5.929605007171631	1.0
chr2_65544512_T_A_b38	1	3.10007e-02	-2.681e-01	5.032e-02 5.933900833129883	1.0
chr2_65544090_A_G_b38	1	3.10007e-02	-2.681e-01	5.032e-02 5.922914981842041	1.0
chr2_65545157_C_T_b38	1	3.10007e-02	-2.681e-01	5.032e-02 5.9325904846191415	1.0
chr2_65543462_C_T_b38	1	3.10007e-02	-2.681e-01	5.032e-02 5.930788516998291	1.0
chr2_65542314_G_A_b38	1	3.00923e-02	-2.683e-01	5.040e-02 5.9300880432128915	1.0
chr2_65539745_C_T_b38	1	2.83137e-02	-2.675e-01	5.038e-02 5.976187705993652	1.0
chr2_65541842_A_G_b38	1	2.83137e-02	-2.675e-01	5.038e-02 5.985847473144531	1.0
chr2_65539054_A_G_b38	1	2.83137e-02	-2.675e-01	5.038e-02 5.981472969055176	1.0
chr2_65538960_C_T_b38	1	2.83137e-02	-2.675e-01	5.038e-02 5.974396705627441	1.0
chr2_65540113_G_T_b38	1	2.83137e-02	-2.675e-01	5.038e-02 5.984853267669678	1.0
chr2_65529831_G_A_b38	1	2.69602e-02	-2.784e-01	5.248e-02 7.313401699066162	1.0
chr2_65530517_C_G_b38	1	2.44113e-02	-2.769e-01	5.241e-02 7.315546989440918	1.0
chr2_65531316_C_G_b38	1	1.41104e-02	-2.720e-01	5.264e-02 7.301259994506836	1.0
chr2_65531812_A_G_b38	1	1.41104e-02	-2.720e-01	5.264e-02 7.01923389303653	1.0
chr2_65541337_G_T_b38	1	8.17580e-03	-2.558e-01	5.071e-02 5.964969158172607	1.0
chr2_65520308_A_G_b38	1	6.07703e-03	-2.811e-01	5.265e-02 7.3455448150634775	1.0
chr2_65522950_A_C_b38	1	5.06888e-03	-2.777e-01	5.236e-02 7.331545829772949	1.0
chr2_65536906_G_A_b38	1	4.78322e-03	2.564e-01	5.208e-02 -7.1021461486816415	1.0
chr2_65536511_A_T_b38	1	4.76400e-03	2.557e-01	5.192e-02 -7.081071853637695	1.0
chr2_65537510_A_G_b38	1	4.45910e-03	2.553e-01	5.200e-02 -7.131283760070801	1.0
chr2_65533349_C_T_b38	1	4.38738e-03	2.544e-01	5.186e-02 -7.139309406280518	1.0
chr2_65542897_T_G_b38	1	3.66277e-03	2.459e-01	5.063e-02 -5.873072624206543	1.0
chr2_65545822_C_G_b38	1	3.37721e-03	2.458e-01	5.082e-02 -5.819854259490968	1.0
chr2_65532630_T_C_b38	1	3.35299e-03	2.519e-01	5.199e-02 -7.152933597564697	1.0
chr2_65531391_T_C_b38	1	3.35299e-03	2.519e-01	5.199e-02 -7.156313896179199	1.0
chr2_65537504_G_A_b38	1	3.29345e-03	2.540e-01	5.251e-02 -7.094799995422362	1.0
chr2_65547553_T_A_b38	1	2.04122e-03	2.453e-01	5.185e-02 -5.8036251068115225	1.0
chr2_65531221_A_G_b38	1	1.78157e-03	2.480e-01	5.281e-02 -7.126963138580322	1.0
chr2_65624536_G_A_b38	2	3.26934e-02	-3.125e-01	1.192e-01 -0.10509514808654784	1.0
chr2_65618900_C_T_b38	2	1.59365e-02	-2.997e-01	1.171e-01 -0.35292848944664	1.0
chr2_65629035_T_A_b38	2	8.86529e-03	-2.877e-01	1.163e-01 -0.1133670136332512	1.0
chr2_65646157_G_A_b38	2	4.03253e-03	-3.162e-01	1.303e-01 -0.1005944162607193	1.0
chr2_65628130_A_G_b38	2	3.86230e-03	-1.755e-01	9.686e-02 -0.3678648769855499	1.0
chr2_65628145_C_CT_b38	2	3.86230e-03	-1.755e-01	9.686e-02 -0.35508629285585674	1.0
chr2_65627383_C_T_b38	2	2.42887e-03	-1.418e-01	9.590e-02 -0.3068344593048096	1.0
chr2_65644285_A_G_b38	2	1.94527e-03	-2.415e-01	1.176e-01 -0.1032862514257431	1.0
chr2_65642233_G_C_b38	2	1.94527e-03	-2.415e-01	1.176e-01 0.032404527068138116	1.0
chr2_65647751_G_A_b38	2	1.94527e-03	-2.415e-01	1.176e-01 -0.08484867960214615	1.0
chr2_65613722_C_G_b38	2	1.88344e-03	-1.800e-01	1.073e-01 -0.6231240630149841	1.0
chr2_65628905_G_A_b38	2	1.50481e-03	-1.423e-01	9.587e-02 -0.3153538703918457	1.0
chr2_65629148_T_G_b38	2	1.50481e-03	-1.423e-01	9.587e-02 -0.2620338201522827	1.0
chr2_65665593_T_C_b38	2	1.14188e-03	-3.013e-01	1.273e-01 -0.045981083065271385	1.0
chr2_65611666_G_A_b38	2	7.99707e-04	-1.523e-01	9.985e-02 -0.5861018896102905	1.0
chr2_65651946_C_T_b38	2	7.99683e-04	-2.617e-01	1.202e-01 -0.10709381848573683	1.0
chr2_65659450_G_T_b38	2	7.43792e-04	-2.667e-01	1.242e-01 -0.10575976967811583	1.0
chr2_65655436_T_A_b38	2	5.69927e-04	-2.584e-01	1.219e-01 -0.01532892510294914	1.0
chr2_65691906_T_C_b38	2	4.50234e-04	-2.749e-01	1.053e-01 0.07741245627403259	1.0
chr2_65609571_T_G_b38	2	3.73565e-04	-1.367e-01	1.034e-01 -0.5953072309494019	1.0
chr2_65678047_A_C_b38	2	3.50062e-04	-3.109e-01	1.208e-01 0.149142786860466	1.0
chr2_65677504_C_T_b38	2	3.15634e-04	-2.992e-01	1.184e-01 0.14202001690864566	1.0
chr2_65655845_T_C_b38	2	7.00876e-05	-1.845e-01	1.125e-01 0.05976346880197525	1.0
chr2_65624126_C_T_b38	3	5.75133e-04	1.427e-01	8.715e-02 -0.8462879657745361	1.0
