chr1_16705228_A_T_b38	1	9.97629e-01	-6.210e-01	9.830e-02 -4.228224287770252	1.0
chr1_16706934_G_A_b38	1	2.05850e-03	-7.615e-01	1.035e-01 -4.7618167048849305	1.0
chr1_16958003_T_C_b38	2	2.55819e-01	3.720e-01	6.229e-02 13.217669786916172	1.0
chr1_16957998_CT_C_b38	2	1.69310e-01	3.645e-01	6.192e-02 13.433039962775405	1.0
chr1_16986248_C_T_b38	2	4.27028e-02	3.519e-01	6.109e-02 15.406524658203125	1.0
chr1_16984695_A_G_b38	2	3.40354e-02	3.609e-01	6.363e-02 16.070014953613278	1.0
chr1_16986848_G_A_b38	2	3.40354e-02	3.609e-01	6.363e-02 15.828944206237793	1.0
chr1_16983223_C_T_b38	2	3.40354e-02	3.609e-01	6.363e-02 16.121580123901367	1.0
chr1_16988447_G_A_b38	2	3.40354e-02	3.609e-01	6.363e-02 15.856508255004885	1.0
chr1_16960919_T_C_b38	2	2.96590e-02	3.603e-01	6.673e-02 11.137921333312988	1.0
chr1_16979534_C_A_b38	2	2.80310e-02	3.587e-01	6.434e-02 16.739006042480472	1.0
chr1_16980375_G_A_b38	2	2.80310e-02	3.587e-01	6.434e-02 16.128097421598707	1.0
chr1_16980180_C_G_b38	2	2.80310e-02	3.587e-01	6.434e-02 16.635244369506836	1.0
chr1_16981759_T_C_b38	2	2.80310e-02	3.587e-01	6.434e-02 16.657299041748047	1.0
chr1_16950132_C_T_b38	2	2.51842e-02	3.702e-01	6.924e-02 11.264840126037598	1.0
chr1_16986662_G_A_b38	2	2.28056e-02	3.434e-01	6.086e-02 15.880966186523438	1.0
chr1_16980100_T_C_b38	2	2.09850e-02	3.583e-01	6.497e-02 15.73955383771193	1.0
chr1_16980101_C_T_b38	2	2.09850e-02	3.583e-01	6.497e-02 15.73955383771193	1.0
chr1_16987159_C_T_b38	2	1.67028e-02	3.440e-01	6.229e-02 15.868541717529295	1.0
chr1_16597025_T_A_b38	3	2.01630e-01	-1.129e+00	2.185e-01 0.7455318832127613	1.0
chr1_16588870_G_T_b38	3	6.27855e-02	-1.129e+00	2.185e-01 1.0544400883853924	1.0
chr1_16577502_C_T_b38	3	9.67353e-03	-7.415e-01	1.739e-01 1.334291230990289	1.0
chr1_16678312_G_A_b38	3	2.12887e-03	-5.769e-01	1.847e-01 1.6586199928679002	1.0
chr1_16888946_C_T_b38	3	1.24647e-03	-7.501e-01	1.720e-01 1.2059856520920171	1.0
chr1_16886204_A_G_b38	3	1.24647e-03	-7.501e-01	1.720e-01 0.9145160457680408	1.0
chr1_16884155_C_T_b38	3	1.24647e-03	-7.501e-01	1.720e-01 0.9145160457680408	1.0
chr1_16891555_C_T_b38	3	1.24647e-03	-7.501e-01	1.720e-01 1.5942555644885816	1.0
chr1_16590214_C_G_b38	3	7.75743e-04	-7.035e-01	2.035e-01 0.5427866313291472	1.0
chr1_16713285_A_G_b38	3	2.65157e-04	-5.747e-01	1.988e-01 1.1329380282862358	1.0
chr1_16648598_C_T_b38	4	6.92027e-04	1.436e-01	9.594e-02 1.3232737446284466	1.0
