chr12_56334353_T_C_b38	1	1.71168e-01	1.864e-01	5.248e-02 7.874175548553468	1.0
chr12_56333921_G_A_b38	1	1.71168e-01	1.864e-01	5.248e-02 7.874175548553468	1.0
chr12_56332197_GA_G_b38	1	3.11181e-02	1.864e-01	5.248e-02 7.946853760655182	1.0
chr12_56332565_A_G_b38	1	3.11181e-02	1.864e-01	5.248e-02 7.7857608795166025	1.0
chr12_56332556_C_T_b38	1	3.11181e-02	1.864e-01	5.248e-02 7.772361755371094	1.0
chr12_56335955_A_G_b38	1	2.97450e-02	1.864e-01	5.248e-02 7.874239444732666	1.0
chr12_56334474_GA_G_b38	1	2.92852e-02	1.234e-01	4.318e-02 7.806432277073666	1.0
chr12_56334216_G_A_b38	1	2.92852e-02	1.234e-01	4.318e-02 7.9137325286865225	1.0
chr12_56336643_T_TA_b38	1	2.07566e-02	1.864e-01	5.248e-02 7.946853760655182	1.0
chr12_56331337_A_G_b38	1	1.65546e-02	1.864e-01	5.248e-02 7.874175548553468	1.0
chr12_56329802_A_G_b38	1	1.65546e-02	1.864e-01	5.248e-02 7.854184627532959	1.0
chr12_56330549_C_T_b38	1	1.65546e-02	1.864e-01	5.248e-02 7.946853760655182	1.0
chr12_56329935_T_C_b38	1	1.65546e-02	1.864e-01	5.248e-02 7.946853760655182	1.0
chr12_56353960_C_T_b38	1	1.27656e-02	2.002e-01	5.253e-02 7.954736097995745	1.0
chr12_56342206_G_T_b38	1	1.17734e-02	1.864e-01	5.248e-02 7.879786968231201	1.0
chr12_56339747_G_A_b38	1	1.17734e-02	1.864e-01	5.248e-02 7.874441623687744	1.0
chr12_56324638_T_C_b38	1	1.12751e-02	1.864e-01	5.248e-02 8.002925872802733	1.0
chr12_56325666_G_A_b38	1	1.12751e-02	1.864e-01	5.248e-02 7.873198509216309	1.0
chr12_56346898_C_G_b38	1	5.77480e-03	1.864e-01	5.248e-02 7.865411758422852	1.0
chr12_56352774_C_T_b38	1	5.77480e-03	1.864e-01	5.248e-02 7.959433555603027	1.0
chr12_56356420_C_T_b38	1	5.77480e-03	1.864e-01	5.248e-02 7.994877815246582	1.0
chr12_56356953_C_T_b38	1	5.77480e-03	1.864e-01	5.248e-02 7.995888710021973	1.0
chr12_56350661_T_C_b38	1	5.77480e-03	1.864e-01	5.248e-02 7.95811653137207	1.0
chr12_56358370_C_T_b38	1	5.77480e-03	1.864e-01	5.248e-02 8.100724220275879	1.0
chr12_56345032_GC_G_b38	1	5.77480e-03	1.864e-01	5.248e-02 7.946853760655182	1.0
chr12_56352004_T_C_b38	1	5.77480e-03	1.864e-01	5.248e-02 7.951430797576903	1.0
chr12_56347444_G_A_b38	1	5.77480e-03	1.864e-01	5.248e-02 7.892501354217528	1.0
chr12_56345773_A_G_b38	1	5.77480e-03	1.864e-01	5.248e-02 7.8816566467285165	1.0
chr12_56350638_G_A_b38	1	5.77480e-03	1.864e-01	5.248e-02 7.958024024963379	1.0
chr12_56346229_GAGA_G_b38	1	5.77480e-03	1.864e-01	5.248e-02 7.946853760655182	1.0
chr12_56346073_GCC_G_b38	1	5.77480e-03	1.864e-01	5.248e-02 7.946853760655182	1.0
chr12_56314792_G_A_b38	1	5.76279e-03	1.864e-01	5.248e-02 7.874088764190674	1.0
chr12_56324021_G_A_b38	1	5.76279e-03	1.864e-01	5.248e-02 7.874088764190674	1.0
chr12_56321800_G_A_b38	1	5.76279e-03	1.864e-01	5.248e-02 7.874088764190674	1.0
chr12_56313138_A_C_b38	1	5.76279e-03	1.864e-01	5.248e-02 7.883313655853271	1.0
chr12_56312637_T_C_b38	1	5.76279e-03	1.864e-01	5.248e-02 7.883313655853271	1.0
chr12_56332734_G_A_b38	1	5.31907e-03	-1.234e-01	4.318e-02 -7.905333518981934	1.0
chr12_56337293_C_G_b38	1	3.52872e-03	1.235e-01	4.316e-02 7.914167881011963	1.0
chr12_56297989_AC_A_b38	1	2.90493e-03	1.904e-01	5.258e-02 7.925878969137432	1.0
chr12_56284551_T_C_b38	1	2.36926e-03	1.864e-01	5.248e-02 7.933380603790282	1.0
chr12_56290873_CA_C_b38	1	2.36926e-03	1.864e-01	5.248e-02 7.946853760655182	1.0
chr12_56302170_C_T_b38	1	2.36926e-03	1.864e-01	5.248e-02 7.893552303314209	1.0
chr12_56294453_G_A_b38	1	2.36926e-03	1.864e-01	5.248e-02 7.903117656707764	1.0
chr12_56291014_C_T_b38	1	2.36926e-03	1.864e-01	5.248e-02 7.90971565246582	1.0
chr12_56286852_A_G_b38	1	2.36926e-03	1.864e-01	5.248e-02 7.904672145843506	1.0
chr12_56299736_C_A_b38	1	2.36926e-03	1.864e-01	5.248e-02 7.909656047821045	1.0
chr12_56306209_A_C_b38	1	2.36926e-03	1.864e-01	5.248e-02 7.893523216247559	1.0
chr12_56296878_G_A_b38	1	2.36926e-03	1.864e-01	5.248e-02 7.897541522979736	1.0
chr12_56284195_T_A_b38	1	2.36926e-03	1.864e-01	5.248e-02 7.922648906707764	1.0
chr12_56290191_C_T_b38	1	2.36926e-03	1.864e-01	5.248e-02 7.90110445022583	1.0
chr12_56286187_A_G_b38	1	2.36926e-03	1.864e-01	5.248e-02 7.90110445022583	1.0
chr12_56305176_G_A_b38	1	2.36926e-03	1.864e-01	5.248e-02 7.9011168479919425	1.0
chr12_56308228_C_A_b38	1	2.36926e-03	1.864e-01	5.248e-02 7.9011168479919425	1.0
chr12_56285967_A_G_b38	1	2.36926e-03	1.864e-01	5.248e-02 7.90110445022583	1.0
chr12_56302272_A_G_b38	1	2.36926e-03	1.864e-01	5.248e-02 7.8946003913879395	1.0
chr12_56293675_T_C_b38	1	2.36926e-03	1.864e-01	5.248e-02 7.882353782653809	1.0
chr12_56293213_C_T_b38	1	2.36926e-03	1.864e-01	5.248e-02 7.897599220275879	1.0
chr12_56304419_T_TC_b38	1	2.36926e-03	1.864e-01	5.248e-02 7.946853760655182	1.0
chr12_56301033_A_G_b38	1	2.36926e-03	1.864e-01	5.248e-02 7.88070011138916	1.0
chr12_56293788_G_T_b38	1	2.36926e-03	1.864e-01	5.248e-02 7.897599220275879	1.0
chr12_56307595_G_C_b38	1	2.36926e-03	1.864e-01	5.248e-02 7.893523216247559	1.0
chr12_56301676_G_GT_b38	1	2.36926e-03	1.864e-01	5.248e-02 7.946853760655182	1.0
chr12_56302958_T_C_b38	1	2.36926e-03	1.864e-01	5.248e-02 7.872616291046143	1.0
chr12_56286747_T_C_b38	1	2.36926e-03	1.864e-01	5.248e-02 7.90110445022583	1.0
chr12_56357088_G_C_b38	1	2.30203e-03	1.711e-01	5.313e-02 7.991796970367432	1.0
chr12_56359090_A_G_b38	1	2.17276e-03	1.864e-01	5.248e-02 8.013280868530272	1.0
chr12_56360038_C_A_b38	1	2.17276e-03	1.864e-01	5.248e-02 8.020162582397461	1.0
chr12_56295751_G_A_b38	1	2.01132e-03	1.836e-01	5.254e-02 7.946853760655182	1.0
chr12_56329046_C_T_b38	1	1.91683e-03	-1.235e-01	4.316e-02 -7.914673328399657	1.0
chr12_56329940_C_T_b38	2	1.18157e-02	-1.839e-01	7.530e-02 0.0	1.0
chr12_56295711_G_T_b38	2	1.94476e-03	-1.961e-01	7.493e-02 0.0	1.0
