chr20_32851659_AGT_A_b38	1	3.42443e-01	-4.352e-01	3.683e-02 -7.249678580420281	1.0
chr20_32852422_G_A_b38	1	3.42436e-01	-4.352e-01	3.683e-02 -7.353548526763916	1.0
chr20_32839829_C_T_b38	1	1.34602e-01	-4.372e-01	3.689e-02 -7.3553123474121085	1.0
chr20_32839536_C_T_b38	1	1.34602e-01	-4.372e-01	3.689e-02 -7.345611572265625	1.0
chr20_32828097_G_C_b38	1	4.49923e-02	-4.360e-01	3.666e-02 -7.398910999298098	1.0
chr20_32861580_C_T_b38	2	8.58346e-01	-2.277e-01	3.337e-02 4.1817588806152335	1.0
chr20_32860890_C_T_b38	2	4.72070e-02	-2.057e-01	3.959e-02 3.8523006439208975	1.0
chr20_32858839_A_G_b38	2	4.05565e-02	1.986e-01	4.061e-02 -3.9222545623779297	1.0
chr20_32854150_T_C_b38	2	3.29115e-02	1.976e-01	4.071e-02 -3.9084742069244394	1.0
chr20_32815404_T_G_b38	2	1.00277e-02	2.040e-01	3.784e-02 -3.919543743133545	1.0
chr20_32816341_A_G_b38	2	1.00277e-02	2.040e-01	3.784e-02 -3.923505067825317	1.0
chr20_32854832_C_T_b38	3	1.34957e-01	-1.408e-01	4.431e-02 4.310053825378418	1.0
chr20_32834247_G_C_b38	3	2.71316e-03	-1.018e-01	4.220e-02 4.977391719818115	1.0
chr20_32877914_C_T_b38	3	1.28317e-03	-9.132e-02	4.072e-02 4.2907323837280265	1.0
chr20_32818710_A_G_b38	3	1.10009e-03	-1.074e-01	4.169e-02 4.8816680908203125	1.0
chr20_32859052_A_G_b38	4	7.40049e-03	2.028e-01	7.496e-02 -1.4524623155593872	1.0
chr20_32849801_G_A_b38	4	2.32174e-03	2.006e-01	7.493e-02 -1.4637537002563477	1.0
chr20_32833942_T_C_b38	4	1.22121e-03	2.003e-01	7.484e-02 -1.4718648195266724	1.0
chr20_32839283_A_G_b38	4	1.21471e-03	2.003e-01	7.484e-02 -1.4707283973693848	1.0
