chr19_53107513_G_T_b38	1	1.86596e-01	3.037e-01	5.211e-02 4.051750183105469	1.0
chr19_53107276_G_A_b38	1	1.86596e-01	3.037e-01	5.211e-02 4.0306901931762695	1.0
chr19_53107405_G_T_b38	1	1.40803e-01	3.043e-01	5.204e-02 3.9269804954528813	1.0
chr19_53104815_A_G_b38	1	1.17955e-01	3.003e-01	5.173e-02 3.9264709949493413	1.0
chr19_53109504_T_G_b38	1	1.91349e-02	2.733e-01	5.537e-02 4.0046353340148935	1.0
chr19_53110365_A_G_b38	1	1.91349e-02	2.733e-01	5.537e-02 3.9935712814331055	1.0
chr19_53109492_T_C_b38	1	1.91349e-02	2.733e-01	5.537e-02 4.004444122314453	1.0
chr19_53110078_T_TA_b38	1	1.91349e-02	2.733e-01	5.537e-02 3.827458521438008	1.0
chr19_53096365_T_C_b38	1	1.52028e-02	-2.659e-01	5.533e-02 -2.059385061264038	1.0
chr19_53113040_T_C_b38	1	1.38655e-02	2.761e-01	5.445e-02 3.9089841842651367	1.0
chr19_53112088_C_G_b38	1	1.38655e-02	2.761e-01	5.445e-02 3.9149398803710938	1.0
chr19_53114466_T_G_b38	1	9.31570e-03	2.738e-01	5.440e-02 4.737396240234375	1.0
chr19_53106281_G_T_b38	1	6.19601e-03	2.831e-01	5.478e-02 3.791835784912109	1.0
chr19_53107547_C_CAGGGT_b38	1	4.69179e-03	2.770e-01	5.496e-02 3.825009785057037	1.0
chr19_53107346_C_T_b38	1	4.56632e-03	2.766e-01	5.500e-02 4.0098652839660645	1.0
chr19_53107934_T_C_b38	1	4.56632e-03	2.766e-01	5.500e-02 4.0266828536987305	1.0
chr19_53108220_C_T_b38	1	4.56632e-03	2.766e-01	5.500e-02 4.019569873809815	1.0
chr19_53106714_C_G_b38	1	3.78050e-03	2.730e-01	5.490e-02 4.0344204902648935	1.0
chr19_53109058_T_C_b38	1	3.51667e-03	2.774e-01	5.518e-02 3.9063453674316406	1.0
chr19_53105737_A_G_b38	1	2.82919e-03	2.783e-01	5.240e-02 3.961527585983277	1.0
chr19_53106480_T_C_b38	1	2.82919e-03	2.783e-01	5.240e-02 3.959895133972168	1.0
chr19_53105102_C_T_b38	1	2.82919e-03	2.783e-01	5.240e-02 3.9494686126708975	1.0
chr19_53105713_G_A_b38	1	2.82919e-03	2.783e-01	5.240e-02 3.9625048637390137	1.0
chr19_53106110_C_T_b38	1	2.82919e-03	2.783e-01	5.240e-02 3.968644857406616	1.0
chr19_53106468_C_T_b38	1	2.82919e-03	2.783e-01	5.240e-02 3.916624784469605	1.0
chr19_53105773_G_A_b38	1	2.82919e-03	2.783e-01	5.240e-02 3.92055606842041	1.0
chr19_53106029_G_A_b38	1	2.82919e-03	2.783e-01	5.240e-02 3.765168818030512	1.0
chr19_53105087_G_A_b38	1	2.82919e-03	2.783e-01	5.240e-02 3.935836553573608	1.0
chr19_53106002_T_C_b38	1	2.82919e-03	2.783e-01	5.240e-02 3.967731952667236	1.0
chr19_53105350_C_T_b38	1	2.82919e-03	2.783e-01	5.240e-02 3.940291166305542	1.0
chr19_53104962_T_C_b38	1	2.82919e-03	2.783e-01	5.240e-02 3.941027164459229	1.0
chr19_53105346_C_T_b38	1	2.82919e-03	2.783e-01	5.240e-02 3.9414124488830566	1.0
chr19_53105229_G_A_b38	1	2.82919e-03	2.783e-01	5.240e-02 3.960138320922852	1.0
chr19_53105431_A_C_b38	1	2.82919e-03	2.783e-01	5.240e-02 3.9408800601959233	1.0
chr19_53105637_T_A_b38	1	2.82919e-03	2.783e-01	5.240e-02 3.9657983779907213	1.0
chr19_53106431_T_A_b38	1	2.82919e-03	2.783e-01	5.240e-02 3.958820343017578	1.0
chr19_53117725_T_C_b38	1	2.45251e-03	2.644e-01	5.262e-02 5.026774883270264	1.0
chr19_53116212_C_T_b38	1	2.45251e-03	2.644e-01	5.262e-02 5.15866231918335	1.0
chr19_53116646_C_T_b38	1	2.45251e-03	2.644e-01	5.262e-02 5.1039390563964835	1.0
chr19_53115445_C_T_b38	1	2.34360e-03	2.622e-01	5.230e-02 5.092854976654053	1.0
chr19_53117160_G_A_b38	1	2.18527e-03	2.618e-01	5.235e-02 5.11220645904541	1.0
chr19_53156157_G_C_b38	2	1.20442e-01	2.966e-01	8.417e-02 -0.12841936945915222	1.0
chr19_53151767_T_C_b38	2	2.33493e-02	2.268e-01	7.223e-02 0.4504502415657044	1.0
chr19_53151853_G_A_b38	2	2.09945e-02	2.401e-01	7.740e-02 0.4957970976829529	1.0
chr19_53152532_G_A_b38	2	2.09945e-02	2.401e-01	7.740e-02 0.3686524033546448	1.0
chr19_53149763_A_T_b38	2	2.09945e-02	2.401e-01	7.740e-02 0.379117876291275	1.0
chr19_53152187_G_A_b38	2	2.09945e-02	2.401e-01	7.740e-02 0.46144238114357	1.0
chr19_53150769_T_C_b38	2	2.09945e-02	2.401e-01	7.740e-02 0.4319486320018768	1.0
chr19_53134787_C_T_b38	2	1.45706e-02	2.492e-01	7.630e-02 0.4303490519523621	1.0
chr19_53135597_T_G_b38	2	1.45706e-02	2.492e-01	7.630e-02 0.4390063285827637	1.0
chr19_53139455_A_G_b38	2	1.02046e-02	2.255e-01	7.155e-02 0.4569914937019348	1.0
chr19_53135047_G_A_b38	2	1.02046e-02	2.255e-01	7.155e-02 0.459023505449295	1.0
chr19_53138183_T_C_b38	2	1.02000e-02	2.235e-01	7.078e-02 0.4815334379673004	1.0
chr19_53147103_G_A_b38	2	9.59556e-03	2.261e-01	7.218e-02 0.4586007595062256	1.0
chr19_53146971_C_T_b38	2	7.79450e-03	2.358e-01	7.681e-02 0.3667688965797424	1.0
chr19_53156905_T_C_b38	2	5.40749e-03	1.526e-01	6.767e-02 0.7951775789260864	1.0
chr19_53133095_G_A_b38	2	3.95069e-03	2.323e-01	7.316e-02 0.13439826667308807	1.0
chr19_53133862_T_G_b38	2	2.80213e-03	2.178e-01	7.123e-02 0.43038445711135853	1.0
chr19_53132920_C_A_b38	2	2.46624e-03	2.237e-01	7.449e-02 0.1547786444425583	1.0
chr19_53156360_G_A_b38	2	2.41082e-03	1.436e-01	6.735e-02 1.0117931365966797	1.0
chr19_53188890_G_A_b38	3	6.41674e-02	2.352e-01	5.555e-02 0.3526170551776886	1.0
chr19_53184815_A_G_b38	3	1.44708e-03	2.328e-01	6.579e-02 -0.09814744698145483	1.0
chr19_53184817_A_AG_b38	3	1.44708e-03	2.328e-01	6.579e-02 -0.12344259682128028	1.0
chr19_53184565_C_T_b38	3	5.62081e-04	2.196e-01	6.410e-02 -0.15191176533699036	1.0
chr19_53124869_G_A_b38	4	1.07619e-01	4.648e-01	8.491e-02 1.2796288728713991	1.0
chr19_53124629_G_A_b38	4	3.19115e-02	3.246e-01	5.690e-02 2.922271013259888	1.0
