chr6_142303143_T_C_b38	1	2.65168e-01	-1.831e-01	4.559e-02 -1.9553277492523196	1.0
chr6_142305130_TAAAGG_T_b38	1	1.37188e-02	-1.721e-01	5.646e-02 -0.35477257657050204	1.0
chr6_142294227_T_A_b38	2	6.35691e-02	1.820e-01	5.423e-02 5.466103553771973	1.0
chr6_142334664_T_A_b38	3	6.04989e-02	-1.307e-01	2.887e-02 -22.92289161682129	1.0
chr6_142334101_G_A_b38	3	6.04989e-02	-1.307e-01	2.887e-02 -22.92277336120605	1.0
chr6_142348201_A_G_b38	3	5.96389e-02	-1.309e-01	2.890e-02 -23.0092830657959	1.0
chr6_142346243_C_T_b38	3	5.03989e-02	-1.292e-01	2.884e-02 -22.985002517700195	1.0
chr6_142345724_T_C_b38	3	4.05077e-02	-1.322e-01	2.983e-02 -22.935977935791016	1.0
chr6_142339977_T_A_b38	3	3.25172e-02	-1.307e-01	2.991e-02 -23.00344657897949	1.0
chr6_142332761_A_G_b38	3	3.13709e-02	-1.249e-01	2.860e-02 -22.90282440185547	1.0
chr6_142326919_A_T_b38	3	2.91924e-02	-1.256e-01	2.888e-02 -23.00551605224609	1.0
chr6_142337025_G_A_b38	3	2.63430e-02	-1.235e-01	2.862e-02 -22.99440956115723	1.0
chr6_142349725_C_A_b38	3	2.05412e-02	-1.205e-01	2.833e-02 -22.96452331542969	1.0
chr6_142331279_T_C_b38	3	1.82714e-02	-1.211e-01	2.870e-02 -22.886966705322266	1.0
chr6_142372912_G_A_b38	3	1.74360e-02	-1.292e-01	2.882e-02 -23.05843544006348	1.0
chr6_142380021_A_G_b38	3	1.68155e-02	-1.290e-01	2.883e-02 -23.049884796142575	1.0
chr6_142327098_G_A_b38	3	1.54182e-02	-1.232e-01	2.950e-02 -23.01457023620605	1.0
chr6_142395149_G_T_b38	3	1.37828e-02	-1.274e-01	2.882e-02 -23.055763244628906	1.0
chr6_142382532_C_T_b38	3	1.23584e-02	-1.268e-01	2.885e-02 -23.10022163391113	1.0
chr6_142385996_T_G_b38	3	1.05520e-02	-1.300e-01	2.982e-02 -23.021059036254886	1.0
chr6_142358435_G_A_b38	3	1.00474e-02	-1.300e-01	2.992e-02 -23.01026153564453	1.0
chr6_142392705_G_A_b38	3	7.15765e-03	-1.229e-01	2.886e-02 -22.127269744873047	1.0
chr6_142429925_G_C_b38	3	6.85135e-03	-1.333e-01	2.851e-02 -22.6270694732666	1.0
chr6_142431458_G_A_b38	3	6.85135e-03	-1.333e-01	2.851e-02 -22.808822631835934	1.0
chr6_142429255_A_G_b38	3	6.85135e-03	-1.333e-01	2.851e-02 -22.63142395019531	1.0
chr6_142416367_G_A_b38	3	6.85135e-03	-1.333e-01	2.851e-02 -22.71878433227539	1.0
chr6_142446496_A_G_b38	3	6.05018e-03	-1.325e-01	2.852e-02 -22.669452667236328	1.0
chr6_142459114_A_T_b38	3	6.05018e-03	-1.325e-01	2.852e-02 -22.67441177368164	1.0
chr6_142414679_A_G_b38	3	6.05018e-03	-1.325e-01	2.852e-02 -22.776065826416016	1.0
chr6_142421522_T_C_b38	3	6.05018e-03	-1.325e-01	2.852e-02 -22.73493957519531	1.0
chr6_142414084_G_C_b38	3	6.05018e-03	-1.325e-01	2.852e-02 -22.821983337402344	1.0
chr6_142455927_A_G_b38	3	6.05018e-03	-1.325e-01	2.852e-02 -22.697959899902344	1.0
chr6_142439825_T_G_b38	3	6.05018e-03	-1.325e-01	2.852e-02 -22.715219497680664	1.0
chr6_142454520_C_T_b38	3	5.73498e-03	-1.319e-01	2.848e-02 -22.715295791625977	1.0
chr6_142452073_G_T_b38	3	5.73498e-03	-1.319e-01	2.848e-02 -22.7039737701416	1.0
chr6_142433887_C_T_b38	3	5.08177e-03	-1.311e-01	2.850e-02 -22.7607479095459	1.0
chr6_142410488_G_GT_b38	3	3.54559e-03	-1.300e-01	2.882e-02 -22.740829910699357	1.0
chr6_142410954_G_GA_b38	3	3.54559e-03	-1.300e-01	2.882e-02 -22.740829910699357	1.0
chr6_142413067_T_C_b38	3	3.50167e-03	-1.289e-01	2.856e-02 -22.62900733947754	1.0
chr6_142403781_C_T_b38	3	3.11407e-03	-1.292e-01	2.884e-02 -23.111724853515625	1.0
chr6_142382740_G_A_b38	3	2.79905e-03	-1.164e-01	2.911e-02 -22.339052200317386	1.0
chr6_142468021_C_T_b38	3	1.91233e-03	-1.236e-01	2.839e-02 -22.72193717956543	1.0
chr6_142472884_C_A_b38	3	1.43274e-03	-1.213e-01	2.835e-02 -22.7789306640625	1.0
chr6_142340019_G_T_b38	3	1.32911e-03	-9.986e-02	2.919e-02 -22.199806213378906	1.0
chr6_142425855_G_A_b38	3	1.20482e-03	-1.257e-01	2.966e-02 -22.7750301361084	1.0
chr6_142513970_A_G_b38	3	1.12538e-03	-1.187e-01	2.803e-02 -21.70069122314453	1.0
chr6_142525428_G_A_b38	3	1.11613e-03	-1.192e-01	2.818e-02 -21.75813865661621	1.0
chr6_142517480_A_T_b38	3	9.12191e-04	-1.178e-01	2.819e-02 -21.68829917907715	1.0
chr6_142545250_A_C_b38	3	8.95175e-04	-1.149e-01	2.759e-02 -21.383039474487305	1.0
chr6_142497081_C_T_b38	3	8.63989e-04	-1.171e-01	2.815e-02 -21.75953483581543	1.0
chr6_142503162_G_A_b38	3	8.63989e-04	-1.171e-01	2.815e-02 -21.8007926940918	1.0
chr6_142538587_T_C_b38	3	7.93859e-04	-1.163e-01	2.813e-02 -21.83303451538086	1.0
chr6_142539652_G_A_b38	3	7.93859e-04	-1.163e-01	2.813e-02 -21.7947998046875	1.0
chr6_142505634_G_A_b38	3	7.77560e-04	-1.164e-01	2.817e-02 -21.79705238342285	1.0
chr6_142540354_A_G_b38	3	7.46875e-04	-1.154e-01	2.802e-02 -21.833553314208984	1.0
chr6_142342040_T_C_b38	3	5.86196e-04	-9.319e-02	2.955e-02 -22.09327888488769	1.0
chr6_142347764_T_C_b38	3	5.86196e-04	-9.319e-02	2.955e-02 -22.11580848693848	1.0
chr6_142541582_A_G_b38	3	5.85105e-04	-1.143e-01	2.770e-02 -21.75570678710937	1.0
chr6_142424746_T_G_b38	3	4.73220e-04	-1.168e-01	2.871e-02 -21.937496185302734	1.0
chr6_142455982_T_TC_b38	3	4.73220e-04	-1.168e-01	2.871e-02 -21.85329904255618	1.0
chr6_142334353_A_C_b38	3	4.72770e-04	-9.324e-02	3.031e-02 -21.966161727905273	1.0
chr6_142542751_T_C_b38	3	4.68498e-04	-1.129e-01	2.775e-02 -21.73728370666504	1.0
chr6_142349818_T_C_b38	3	4.33051e-04	-9.230e-02	3.031e-02 -22.127769470214844	1.0
chr6_142351164_G_A_b38	3	4.22630e-04	-9.181e-02	3.025e-02 -22.15132713317871	1.0
chr6_142331207_C_T_b38	3	3.88034e-04	-9.090e-02	3.025e-02 -22.091819763183594	1.0
chr6_142302016_T_G_b38	4	1.14495e-03	-6.622e-02	8.381e-02 0.0	1.0
chr6_142301906_T_C_b38	4	1.14495e-03	-6.622e-02	8.381e-02 0.0	1.0
chr6_142302089_G_A_b38	4	1.05033e-03	-5.071e-02	8.385e-02 0.0	1.0
chr6_142302091_C_T_b38	4	9.37023e-04	9.389e-03	7.941e-02 0.0	1.0
chr6_142301354_A_C_b38	4	2.85474e-04	-6.418e-03	6.850e-02 0.0	1.0
chr6_142300791_C_T_b38	4	1.28837e-04	-1.073e-02	7.374e-02 0.0	1.0
chr6_142297479_C_A_b38	4	7.61108e-05	1.424e-02	7.109e-02 0.0	1.0
