chr3_157163799_C_T_b38	1	1.21718e-01	-7.611e-01	7.218e-02 -8.882169723510742	1.0
chr3_157163603_T_G_b38	1	1.21718e-01	-7.611e-01	7.218e-02 -8.877007484436035	1.0
chr3_157163770_A_G_b38	1	1.21718e-01	-7.611e-01	7.218e-02 -8.876968383789062	1.0
chr3_157163156_A_T_b38	1	4.83943e-02	-7.611e-01	7.218e-02 -8.889301300048828	1.0
chr3_157163150_T_C_b38	1	4.83943e-02	-7.611e-01	7.218e-02 -8.87670612335205	1.0
chr3_157163213_T_C_b38	1	4.83943e-02	-7.611e-01	7.218e-02 -8.877243041992188	1.0
chr3_157163094_C_T_b38	1	4.83943e-02	-7.611e-01	7.218e-02 -8.875746726989746	1.0
chr3_157162798_A_G_b38	1	2.24721e-02	-7.612e-01	7.218e-02 -8.873536109924316	1.0
chr3_157162784_T_C_b38	1	2.24721e-02	-7.612e-01	7.218e-02 -8.877431869506836	1.0
chr3_157165890_G_A_b38	1	1.30433e-02	-7.659e-01	7.322e-02 -8.87956714630127	1.0
chr3_157166098_A_T_b38	1	1.30433e-02	-7.659e-01	7.322e-02 -8.87956714630127	1.0
chr3_157165907_G_A_b38	1	1.30433e-02	-7.659e-01	7.322e-02 -8.76456356048584	1.0
chr3_157161331_T_G_b38	1	1.20368e-02	-7.612e-01	7.218e-02 -8.875600814819336	1.0
chr3_157159654_C_T_b38	1	1.20368e-02	-7.612e-01	7.218e-02 -8.875690460205078	1.0
chr3_157160600_C_G_b38	1	1.20368e-02	-7.612e-01	7.218e-02 -8.875690460205078	1.0
chr3_157159487_CAA_C_b38	1	1.20368e-02	-7.612e-01	7.218e-02 -8.912519127870981	1.0
chr3_157161308_A_G_b38	1	1.20368e-02	-7.612e-01	7.218e-02 -8.875600814819336	1.0
chr3_157159741_G_A_b38	1	1.20368e-02	-7.612e-01	7.218e-02 -8.875600814819336	1.0
chr3_157159014_T_G_b38	1	1.20368e-02	-7.612e-01	7.218e-02 -8.875690460205078	1.0
chr3_157159568_T_C_b38	1	1.20368e-02	-7.612e-01	7.218e-02 -8.876510620117188	1.0
chr3_157166845_A_G_b38	1	1.14707e-02	-7.721e-01	7.335e-02 -8.949980708072111	1.0
chr3_157154287_G_A_b38	1	8.92828e-03	-7.612e-01	7.218e-02 -8.887805938720703	1.0
chr3_157157552_G_A_b38	1	8.92828e-03	-7.612e-01	7.218e-02 -8.877299308776855	1.0
chr3_157158785_A_G_b38	1	8.92828e-03	-7.612e-01	7.218e-02 -8.872358322143555	1.0
chr3_157168538_T_A_b38	1	8.10439e-03	-7.659e-01	7.322e-02 -8.884370803833008	1.0
chr3_157166843_AC_A_b38	1	8.10439e-03	-7.659e-01	7.322e-02 -8.822506277385337	1.0
chr3_157168833_C_A_b38	1	8.10439e-03	-7.659e-01	7.322e-02 -8.958919525146484	1.0
chr3_157166878_C_G_b38	1	8.10439e-03	-7.659e-01	7.322e-02 -8.877357482910156	1.0
chr3_157167984_T_C_b38	1	8.10439e-03	-7.659e-01	7.322e-02 -8.87601089477539	1.0
chr3_157167614_A_AC_b38	1	8.10439e-03	-7.659e-01	7.322e-02 -8.822506277385337	1.0
chr3_157167354_A_T_b38	1	8.10439e-03	-7.659e-01	7.322e-02 -8.878437995910645	1.0
chr3_157173313_A_C_b38	1	5.17740e-03	-7.660e-01	7.321e-02 -8.904816627502441	1.0
chr3_157173665_C_A_b38	1	5.17740e-03	-7.660e-01	7.321e-02 -8.8916597366333	1.0
chr3_157173256_G_A_b38	1	5.17740e-03	-7.660e-01	7.321e-02 -8.883435249328613	1.0
chr3_157170937_G_A_b38	1	5.17740e-03	-7.660e-01	7.321e-02 -8.879450798034668	1.0
chr3_157169997_C_G_b38	1	5.17740e-03	-7.660e-01	7.321e-02 -8.879450798034668	1.0
chr3_157170695_T_A_b38	1	5.17235e-03	-7.684e-01	7.344e-02 -8.887664794921875	1.0
chr3_157150661_T_C_b38	1	3.40249e-03	-7.612e-01	7.217e-02 -8.873176574707031	1.0
chr3_157152270_C_T_b38	1	3.40249e-03	-7.612e-01	7.217e-02 -8.878721237182617	1.0
chr3_157153027_A_G_b38	1	3.40249e-03	-7.612e-01	7.217e-02 -8.878588676452637	1.0
chr3_157139178_C_T_b38	1	3.40249e-03	-7.612e-01	7.217e-02 -8.915522575378418	1.0
chr3_157146853_T_A_b38	1	3.40249e-03	-7.612e-01	7.217e-02 -8.876742362976074	1.0
chr3_157145575_A_G_b38	1	3.40249e-03	-7.612e-01	7.217e-02 -8.87795352935791	1.0
chr3_157179698_GCTC_G_b38	1	3.28109e-03	-7.758e-01	7.369e-02 -8.808522027962745	1.0
chr3_157181896_A_T_b38	1	2.34803e-03	-7.660e-01	7.321e-02 -8.949047088623047	1.0
chr3_157181941_A_G_b38	1	2.34803e-03	-7.660e-01	7.321e-02 -8.945834159851074	1.0
chr3_157183834_A_G_b38	1	2.34803e-03	-7.660e-01	7.321e-02 -8.943201065063477	1.0
chr3_157188895_C_T_b38	1	2.34803e-03	-7.660e-01	7.321e-02 -8.947494506835938	1.0
chr3_157187772_G_A_b38	1	2.34803e-03	-7.660e-01	7.321e-02 -8.939961433410645	1.0
chr3_157180110_G_A_b38	1	2.34803e-03	-7.660e-01	7.321e-02 -8.933990478515625	1.0
chr3_157183371_G_A_b38	1	2.34803e-03	-7.660e-01	7.321e-02 -8.945784568786621	1.0
chr3_157186091_C_T_b38	1	2.34803e-03	-7.660e-01	7.321e-02 -8.946023941040039	1.0
chr3_157184304_GC_G_b38	1	2.34803e-03	-7.660e-01	7.321e-02 -8.834500733979182	1.0
chr3_157187654_A_T_b38	1	2.34803e-03	-7.660e-01	7.321e-02 -8.942144393920898	1.0
chr3_157187764_T_C_b38	1	2.34803e-03	-7.660e-01	7.321e-02 -8.943493843078613	1.0
chr3_157174647_C_G_b38	1	2.34803e-03	-7.660e-01	7.321e-02 -8.979260444641113	1.0
chr3_157180432_C_T_b38	1	2.34803e-03	-7.660e-01	7.321e-02 -8.94841194152832	1.0
chr3_157174732_C_G_b38	1	2.34803e-03	-7.660e-01	7.321e-02 -8.910124778747559	1.0
chr3_157177638_T_G_b38	1	2.34803e-03	-7.660e-01	7.321e-02 -8.937761306762695	1.0
chr3_157188194_G_A_b38	1	2.34803e-03	-7.660e-01	7.321e-02 -8.944624900817871	1.0
chr3_157188386_T_C_b38	1	2.34803e-03	-7.660e-01	7.321e-02 -8.94467544555664	1.0
chr3_157187195_T_C_b38	1	2.34803e-03	-7.660e-01	7.321e-02 -8.942144393920898	1.0
chr3_157185825_G_A_b38	1	2.34803e-03	-7.660e-01	7.321e-02 -8.94458293914795	1.0
chr3_157188442_T_C_b38	1	2.34803e-03	-7.660e-01	7.321e-02 -8.941184997558594	1.0
chr3_157176975_T_G_b38	1	2.24442e-03	-7.679e-01	7.345e-02 -8.941192626953125	1.0
chr3_157318379_G_A_b38	1	2.00921e-03	-7.830e-01	7.002e-02 -8.675262451171875	1.0
chr3_157310052_T_C_b38	1	2.00921e-03	-7.830e-01	7.002e-02 -8.692243576049805	1.0
chr3_157315649_A_T_b38	1	2.00921e-03	-7.830e-01	7.002e-02 -8.673975944519043	1.0
chr3_157302655_C_T_b38	1	2.00921e-03	-7.830e-01	7.002e-02 -8.726160049438478	1.0
chr3_157309685_A_C_b38	1	2.00921e-03	-7.830e-01	7.002e-02 -8.683270454406737	1.0
chr3_157329015_G_A_b38	1	2.00893e-03	-7.830e-01	7.002e-02 -8.628931999206543	1.0
chr3_157319401_A_T_b38	1	2.00893e-03	-7.830e-01	7.002e-02 -8.689055442810059	1.0
chr3_157325412_C_T_b38	1	2.00893e-03	-7.830e-01	7.002e-02 -8.672142028808594	1.0
chr3_157321687_G_T_b38	1	2.00893e-03	-7.830e-01	7.002e-02 -8.677698135375978	1.0
chr3_157330555_C_T_b38	1	2.00893e-03	-7.830e-01	7.002e-02 -8.616898536682129	1.0
chr3_157328061_T_C_b38	1	2.00893e-03	-7.830e-01	7.002e-02 -8.663406372070312	1.0
chr3_157326275_T_C_b38	1	2.00893e-03	-7.830e-01	7.002e-02 -8.674521446228027	1.0
chr3_157323562_G_A_b38	1	2.00893e-03	-7.830e-01	7.002e-02 -8.675402641296388	1.0
chr3_157326384_G_A_b38	1	2.00893e-03	-7.830e-01	7.002e-02 -8.67735767364502	1.0
chr3_157194105_C_T_b38	1	1.61908e-03	-7.738e-01	7.302e-02 -8.620604105513175	1.0
chr3_157312388_C_T_b38	1	1.58156e-03	-7.843e-01	7.041e-02 -8.693280220031737	1.0
chr3_157163816_G_T_b38	2	2.75850e-02	5.116e-01	4.010e-01 1.0765116214752195	1.0
chr3_157165432_C_T_b38	2	4.11315e-03	5.138e-01	4.011e-01 1.0699361562728882	1.0
chr3_157181394_G_C_b38	2	4.98214e-04	5.146e-01	4.009e-01 1.0873900651931765	1.0
chr3_157178253_G_A_b38	2	4.98214e-04	5.146e-01	4.009e-01 1.086032152175903	1.0
chr3_157179523_A_G_b38	2	4.98214e-04	5.146e-01	4.009e-01 1.0877792835235596	1.0
chr3_157195738_A_G_b38	2	1.08177e-04	5.146e-01	4.009e-01 1.0993773937225342	1.0
chr3_157190576_T_C_b38	2	1.08177e-04	5.146e-01	4.009e-01 1.0988236665725708	1.0
chr3_157163324_GCTC_G_b38	3	1.65069e-04	-8.810e-02	2.166e-01 0.4060933275924276	1.0
