chr1_92464449_T_G_b38	1	3.16991e-02	2.080e-01	3.200e-02 -8.985736846923828	1.0
chr1_92465839_A_G_b38	1	3.16991e-02	2.080e-01	3.200e-02 -8.982419967651367	1.0
chr1_92460405_T_G_b38	1	3.16991e-02	2.080e-01	3.200e-02 -8.971270561218262	1.0
chr1_92464918_G_C_b38	1	3.16991e-02	2.080e-01	3.200e-02 -8.9703369140625	1.0
chr1_92470802_A_G_b38	1	2.68307e-02	2.064e-01	3.183e-02 -9.022597312927246	1.0
chr1_92416050_C_T_b38	1	2.40324e-02	2.068e-01	3.203e-02 -8.933237075805664	1.0
chr1_92386947_A_G_b38	1	1.39898e-02	-2.021e-01	3.177e-02 8.926410675048828	1.0
chr1_92569463_C_T_b38	1	1.26072e-02	-1.906e-01	3.157e-02 10.024466067181619	1.0
chr1_92559287_C_T_b38	1	1.24152e-02	-1.941e-01	3.216e-02 9.995417594909668	1.0
chr1_92549476_T_A_b38	1	1.24098e-02	-1.926e-01	3.187e-02 9.863453333412911	1.0
chr1_92549418_C_T_b38	1	1.14567e-02	-1.930e-01	3.200e-02 10.024466067181619	1.0
chr1_92389106_C_T_b38	1	1.14024e-02	-2.027e-01	3.202e-02 8.921401977539062	1.0
chr1_92360002_AT_A_b38	1	1.14024e-02	-2.027e-01	3.202e-02 8.960731840812715	1.0
chr1_92366622_C_G_b38	1	1.14024e-02	-2.027e-01	3.202e-02 8.929322242736816	1.0
chr1_92360543_G_A_b38	1	1.14024e-02	-2.027e-01	3.202e-02 8.895088195800781	1.0
chr1_92329547_C_T_b38	1	1.14024e-02	2.027e-01	3.202e-02 -8.921277046203613	1.0
chr1_92301735_A_T_b38	1	1.14024e-02	-2.027e-01	3.202e-02 8.960731840812715	1.0
chr1_92348914_G_C_b38	1	1.14024e-02	2.027e-01	3.202e-02 -8.924137115478516	1.0
chr1_92334675_A_C_b38	1	1.14024e-02	-2.027e-01	3.202e-02 8.912668228149414	1.0
chr1_92329201_T_C_b38	1	1.14024e-02	-2.027e-01	3.202e-02 8.910956382751465	1.0
chr1_92323212_T_G_b38	1	1.14024e-02	-2.027e-01	3.202e-02 8.908448219299316	1.0
chr1_92333594_C_T_b38	1	1.14024e-02	-2.027e-01	3.202e-02 8.912385940551758	1.0
chr1_92381124_G_A_b38	1	1.14024e-02	-2.027e-01	3.202e-02 8.926852226257324	1.0
chr1_92332257_C_A_b38	1	1.14024e-02	-2.027e-01	3.202e-02 8.913905143737793	1.0
chr1_92350591_T_C_b38	1	1.14024e-02	-2.027e-01	3.202e-02 8.928553581237793	1.0
chr1_92327301_C_T_b38	1	1.14024e-02	-2.027e-01	3.202e-02 8.909329414367676	1.0
chr1_92295250_ATTC_A_b38	1	1.14024e-02	2.027e-01	3.202e-02 -8.960731611085873	1.0
chr1_92427743_G_A_b38	1	1.14024e-02	2.027e-01	3.202e-02 -8.952622413635254	1.0
chr1_92326255_G_T_b38	1	1.14024e-02	-2.027e-01	3.202e-02 8.909793853759766	1.0
chr1_92360004_T_G_b38	1	1.14024e-02	-2.027e-01	3.202e-02 8.960731840812715	1.0
chr1_92439794_C_G_b38	1	1.14024e-02	2.027e-01	3.202e-02 -8.956476211547852	1.0
chr1_92422161_G_A_b38	1	1.14024e-02	2.027e-01	3.202e-02 -8.964312553405762	1.0
chr1_92332474_G_T_b38	1	1.14024e-02	-2.027e-01	3.202e-02 8.91403865814209	1.0
chr1_92355817_G_A_b38	1	1.14024e-02	-2.027e-01	3.202e-02 8.921932220458984	1.0
chr1_92405289_T_C_b38	1	1.09783e-02	2.031e-01	3.214e-02 -8.937739372253418	1.0
chr1_92450024_C_T_b38	1	9.91120e-03	2.019e-01	3.205e-02 -8.988368034362793	1.0
chr1_92543163_G_T_b38	1	8.94376e-03	-1.922e-01	3.212e-02 9.989228248596193	1.0
chr1_92546690_T_C_b38	1	8.94376e-03	-1.922e-01	3.212e-02 9.996456146240234	1.0
chr1_92562305_G_A_b38	1	8.94376e-03	-1.922e-01	3.212e-02 10.001086235046387	1.0
chr1_92557121_C_G_b38	1	8.94376e-03	-1.922e-01	3.212e-02 9.995512008666992	1.0
chr1_92564141_T_G_b38	1	8.94376e-03	-1.922e-01	3.212e-02 9.98477268218994	1.0
chr1_92551282_CT_C_b38	1	8.94376e-03	-1.922e-01	3.212e-02 10.024466067181619	1.0
chr1_92547205_T_C_b38	1	8.94376e-03	-1.922e-01	3.212e-02 10.024466067181619	1.0
chr1_92558337_T_TCA_b38	1	8.94376e-03	-1.922e-01	3.212e-02 10.024466067181619	1.0
chr1_92557593_A_C_b38	1	8.94376e-03	-1.922e-01	3.212e-02 9.995512008666992	1.0
chr1_92567026_T_C_b38	1	8.94376e-03	-1.922e-01	3.212e-02 9.98664093017578	1.0
chr1_92556334_T_C_b38	1	8.94376e-03	-1.922e-01	3.212e-02 9.994803428649902	1.0
chr1_92568664_G_A_b38	1	8.94376e-03	-1.922e-01	3.212e-02 10.024466067181619	1.0
chr1_92562686_TTTTG_T_b38	1	8.94376e-03	-1.922e-01	3.212e-02 10.024466067181619	1.0
chr1_92563896_A_G_b38	1	8.94376e-03	-1.922e-01	3.212e-02 9.988133430480957	1.0
chr1_92545351_T_C_b38	1	8.94376e-03	-1.922e-01	3.212e-02 9.996220588684082	1.0
chr1_92565178_T_C_b38	1	8.94376e-03	-1.922e-01	3.212e-02 9.975140571594238	1.0
chr1_92559735_G_C_b38	1	8.94376e-03	-1.922e-01	3.212e-02 10.024466067181619	1.0
chr1_92559731_G_A_b38	1	8.94376e-03	-1.922e-01	3.212e-02 10.024466067181619	1.0
chr1_92562357_G_A_b38	1	8.94376e-03	-1.922e-01	3.212e-02 10.001086235046387	1.0
chr1_92568466_G_T_b38	1	8.94376e-03	-1.922e-01	3.212e-02 10.024466067181619	1.0
chr1_92547412_G_A_b38	1	8.94376e-03	-1.922e-01	3.212e-02 10.024466067181619	1.0
chr1_92556726_A_G_b38	1	8.94376e-03	-1.922e-01	3.212e-02 9.995512008666992	1.0
chr1_92543881_C_A_b38	1	8.94376e-03	-1.922e-01	3.212e-02 9.996551513671877	1.0
chr1_92553756_T_C_b38	1	8.94376e-03	-1.922e-01	3.212e-02 9.995512008666992	1.0
chr1_92566068_T_C_b38	1	8.94376e-03	-1.922e-01	3.212e-02 9.97433376312256	1.0
chr1_92548786_C_A_b38	1	8.94376e-03	-1.922e-01	3.212e-02 10.024466067181619	1.0
chr1_92566910_G_A_b38	1	8.94376e-03	-1.922e-01	3.212e-02 10.016762733459473	1.0
chr1_92566963_T_C_b38	1	8.94376e-03	-1.922e-01	3.212e-02 9.986404418945312	1.0
chr1_92547062_T_A_b38	1	8.94376e-03	-1.922e-01	3.212e-02 10.024466067181619	1.0
chr1_92456933_C_T_b38	1	8.13405e-03	2.008e-01	3.201e-02 -9.025619506835938	1.0
chr1_92296097_T_C_b38	1	6.71068e-03	-2.068e-01	3.353e-02 8.895864486694336	1.0
chr1_92262053_T_G_b38	1	6.28967e-03	-2.080e-01	3.128e-02 8.777463912963867	1.0
chr1_92449400_T_G_b38	1	5.99822e-03	1.990e-01	3.187e-02 -8.99988842010498	1.0
chr1_92411460_C_T_b38	1	5.99822e-03	1.990e-01	3.187e-02 -8.939781188964844	1.0
chr1_92424787_C_T_b38	1	5.99822e-03	1.990e-01	3.187e-02 -8.947938919067383	1.0
chr1_92563235_C_G_b38	1	5.51292e-03	-1.890e-01	3.191e-02 9.994047164916992	1.0
chr1_92551602_A_T_b38	1	5.30825e-03	-1.902e-01	3.214e-02 9.998299598693848	1.0
chr1_92546015_A_G_b38	1	4.46955e-03	-1.897e-01	3.216e-02 9.997685432434082	1.0
chr1_92532113_C_CA_b38	1	4.14361e-03	-2.008e-01	3.232e-02 10.10267464710858	1.0
chr1_92547573_G_A_b38	1	3.77225e-03	-1.883e-01	3.209e-02 9.99579620361328	1.0
chr1_92519778_C_T_b38	1	3.68554e-03	-1.976e-01	3.191e-02 9.991640090942383	1.0
chr1_92487586_TG_T_b38	1	2.87320e-03	-1.959e-01	3.187e-02 10.024466067181619	1.0
chr1_92280202_G_C_b38	1	2.44376e-03	-2.056e-01	3.161e-02 8.879703521728516	1.0
chr1_92480922_G_A_b38	1	1.92156e-03	-1.938e-01	3.179e-02 9.947489738464355	1.0
chr1_92514124_TTA_T_b38	1	1.85554e-03	-1.939e-01	3.185e-02 10.024466067181619	1.0
chr1_92507518_A_C_b38	1	1.85554e-03	-1.939e-01	3.185e-02 9.980863571166992	1.0
chr1_92502755_T_C_b38	1	1.85554e-03	-1.939e-01	3.185e-02 9.993522644042967	1.0
chr1_92500412_T_C_b38	1	1.85554e-03	-1.939e-01	3.185e-02 9.985922813415527	1.0
chr1_92505213_C_T_b38	1	1.85554e-03	-1.939e-01	3.185e-02 9.979547500610352	1.0
chr1_92513797_A_G_b38	1	1.85554e-03	-1.939e-01	3.185e-02 10.010719299316406	1.0
chr1_92509038_G_A_b38	1	1.85554e-03	-1.939e-01	3.185e-02 9.991436004638672	1.0
chr1_92511718_A_G_b38	1	1.85554e-03	-1.939e-01	3.185e-02 10.023487091064453	1.0
chr1_92510466_T_G_b38	1	1.85554e-03	-1.939e-01	3.185e-02 10.023722648620604	1.0
chr1_92506394_T_C_b38	1	1.85554e-03	-1.939e-01	3.185e-02 9.980393409729004	1.0
chr1_92505396_C_T_b38	1	1.85554e-03	-1.939e-01	3.185e-02 9.983120918273926	1.0
chr1_92506900_T_C_b38	1	1.85554e-03	-1.939e-01	3.185e-02 9.98166275024414	1.0
chr1_92506271_T_A_b38	1	1.85554e-03	-1.939e-01	3.185e-02 9.980064392089844	1.0
chr1_92511033_G_A_b38	1	1.85554e-03	-1.939e-01	3.185e-02 10.023487091064453	1.0
chr1_92505917_CT_C_b38	1	1.85554e-03	-1.939e-01	3.185e-02 10.024466067181619	1.0
chr1_92487304_A_G_b38	1	1.85554e-03	-1.939e-01	3.185e-02 9.96044921875	1.0
chr1_92358041_G_C_b38	1	1.54845e-03	-1.878e-01	3.109e-02 8.886204719543457	1.0
chr1_92523035_C_A_b38	1	1.54627e-03	-1.925e-01	3.178e-02 9.998394012451172	1.0
chr1_92535873_C_T_b38	1	1.54627e-03	-1.925e-01	3.178e-02 9.996834754943848	1.0
chr1_92527070_G_A_b38	1	1.54627e-03	-1.925e-01	3.178e-02 9.9966459274292	1.0
chr1_92522018_A_G_b38	1	1.54627e-03	-1.925e-01	3.178e-02 9.99598503112793	1.0
chr1_92530170_C_A_b38	1	1.54627e-03	-1.925e-01	3.178e-02 9.996834754943848	1.0
chr1_92528250_C_T_b38	1	1.54627e-03	-1.925e-01	3.178e-02 9.996740341186523	1.0
chr1_92538013_A_G_b38	1	1.54627e-03	-1.925e-01	3.178e-02 10.005575180053713	1.0
chr1_92535017_T_C_b38	1	1.54627e-03	-1.925e-01	3.178e-02 9.996834754943848	1.0
chr1_92538662_A_C_b38	1	1.54627e-03	-1.925e-01	3.178e-02 9.996881484985352	1.0
chr1_92539449_T_C_b38	1	1.54627e-03	-1.925e-01	3.178e-02 9.996881484985352	1.0
chr1_92537342_C_CT_b38	1	1.54627e-03	-1.925e-01	3.178e-02 10.024466067181619	1.0
chr1_92527240_T_C_b38	1	1.54627e-03	-1.925e-01	3.178e-02 9.996740341186523	1.0
chr1_92531813_A_G_b38	1	1.54627e-03	-1.925e-01	3.178e-02 9.99948024749756	1.0
chr1_92534775_C_A_b38	1	1.54627e-03	-1.925e-01	3.178e-02 10.024466067181619	1.0
chr1_92527599_C_T_b38	1	1.54627e-03	-1.925e-01	3.178e-02 9.996740341186523	1.0
chr1_92528476_G_A_b38	1	1.54627e-03	-1.925e-01	3.178e-02 9.996740341186523	1.0
chr1_92521873_C_T_b38	1	1.54627e-03	-1.925e-01	3.178e-02 9.998771667480467	1.0
chr1_92527990_A_C_b38	1	1.54627e-03	-1.925e-01	3.178e-02 9.996740341186523	1.0
chr1_92523160_A_C_b38	1	1.54627e-03	-1.925e-01	3.178e-02 9.993244171142578	1.0
chr1_92541259_T_C_b38	1	1.54627e-03	-1.925e-01	3.178e-02 9.996881484985352	1.0
chr1_92230632_C_T_b38	1	1.19728e-03	-2.031e-01	3.172e-02 8.950879096984863	1.0
chr1_92224379_G_A_b38	1	1.19728e-03	-2.031e-01	3.172e-02 8.94356918334961	1.0
chr1_92279094_C_CATTTAGT_b38	1	1.19728e-03	-2.031e-01	3.172e-02 8.960731840812715	1.0
chr1_92290950_A_G_b38	1	1.19728e-03	-2.031e-01	3.172e-02 8.865562438964844	1.0
chr1_92274142_C_T_b38	1	1.19728e-03	-2.031e-01	3.172e-02 8.877964973449707	1.0
chr1_92232688_T_A_b38	1	1.16332e-03	-2.015e-01	3.148e-02 8.749189563802844	1.0
chr1_92485682_A_G_b38	1	1.01150e-03	-1.905e-01	3.189e-02 9.952535629272461	1.0
chr1_92476795_G_A_b38	1	1.01150e-03	-1.905e-01	3.189e-02 9.916728019714355	1.0
chr1_92204569_A_G_b38	1	9.59215e-04	2.015e-01	3.166e-02 -8.91484546661377	1.0
chr1_92216727_G_GT_b38	1	9.59215e-04	-2.015e-01	3.166e-02 8.90431354411407	1.0
chr1_92202917_T_A_b38	1	9.59215e-04	2.015e-01	3.166e-02 -8.96609115600586	1.0
chr1_92199409_C_T_b38	1	9.59215e-04	2.015e-01	3.166e-02 -8.941997528076172	1.0
chr1_92237339_T_C_b38	1	9.17501e-04	-2.010e-01	3.162e-02 8.909258926011507	1.0
chr1_92242443_A_AAC_b38	1	8.37939e-04	-2.014e-01	3.162e-02 8.909258926011507	1.0
chr1_92240081_C_T_b38	1	8.37939e-04	-2.014e-01	3.162e-02 8.984827995300293	1.0
chr1_92239667_A_G_b38	1	8.37939e-04	-2.014e-01	3.162e-02 8.982856750488281	1.0
chr1_92249650_C_T_b38	1	8.37939e-04	-2.014e-01	3.162e-02 8.923845291137695	1.0
chr1_92494915_A_G_b38	1	7.76295e-04	-1.900e-01	3.191e-02 9.985129356384276	1.0
chr1_92507376_T_C_b38	1	7.76295e-04	-1.900e-01	3.191e-02 9.981947898864746	1.0
chr1_92503296_T_C_b38	1	7.76295e-04	-1.900e-01	3.191e-02 9.994039535522461	1.0
chr1_92269455_G_A_b38	1	6.44882e-04	-1.986e-01	3.142e-02 8.910344123840332	1.0
chr1_92253196_G_GA_b38	1	6.33748e-04	-2.015e-01	3.189e-02 8.830280323072664	1.0
chr1_92222881_T_C_b38	1	6.26554e-04	-1.994e-01	3.157e-02 8.95930004119873	1.0
chr1_92481467_T_C_b38	1	5.31704e-04	-1.879e-01	3.191e-02 9.953493118286133	1.0
chr1_92471140_C_T_b38	1	5.27841e-04	1.679e-01	2.859e-02 -9.007352828979492	1.0
chr1_92539435_T_C_b38	1	3.93148e-04	-1.848e-01	3.169e-02 9.99787425994873	1.0
chr1_92792120_A_G_b38	2	1.09268e-02	-2.846e-02	5.504e-02 6.3736023902893075	1.0
chr1_92791817_A_G_b38	2	4.58287e-03	-2.914e-02	5.548e-02 6.391059398651122	1.0
chr1_92792943_A_G_b38	2	4.21712e-03	-2.914e-02	5.548e-02 6.37478494644165	1.0
chr1_92793405_T_A_b38	2	1.69091e-03	-2.931e-02	5.562e-02 6.266452205721394	1.0
chr1_92793404_A_G_b38	2	1.69091e-03	-2.931e-02	5.562e-02 6.266452205721394	1.0
chr1_92793636_C_T_b38	2	1.69091e-03	-2.931e-02	5.562e-02 6.37433385848999	1.0
chr1_92794714_G_T_b38	2	1.69091e-03	-2.931e-02	5.562e-02 6.359160900115968	1.0
chr1_92796807_TGGTGGGGGCTGGGC_T_b38	2	1.44128e-03	-4.635e-02	5.591e-02 6.673710887757447	1.0
chr1_92790780_A_C_b38	2	1.33010e-03	8.808e-03	5.017e-02 5.8168155832217865	1.0
chr1_92796101_C_T_b38	2	1.23878e-03	-3.308e-02	6.354e-02 6.370879173278809	1.0
chr1_92788014_G_T_b38	2	1.18886e-03	-3.937e-02	6.018e-02 6.354125499725343	1.0
chr1_92788759_T_A_b38	2	1.18886e-03	-3.937e-02	6.018e-02 6.348304271697997	1.0
chr1_92787977_G_GAC_b38	2	1.18886e-03	-3.937e-02	6.018e-02 6.266452205721394	1.0
chr1_92788683_G_A_b38	2	1.18886e-03	-3.937e-02	6.018e-02 6.349399089813232	1.0
chr1_92796833_C_T_b38	2	1.16673e-03	-3.066e-02	5.574e-02 6.266530371902549	1.0
chr1_92796839_C_T_b38	2	1.16673e-03	-3.066e-02	5.574e-02 6.266530371902549	1.0
chr1_92796836_C_T_b38	2	1.16673e-03	-3.066e-02	5.574e-02 6.266530371902549	1.0
chr1_92795004_T_C_b38	2	1.15384e-03	-2.935e-02	5.594e-02 6.3589959144592285	1.0
chr1_92798857_A_G_b38	2	9.04231e-04	-5.199e-02	6.079e-02 6.104410648345947	1.0
chr1_92785337_C_T_b38	2	7.46375e-04	-5.495e-02	7.721e-02 6.274733543395996	1.0
chr1_92784550_CTCCG_C_b38	2	7.46375e-04	-5.495e-02	7.721e-02 6.266452205721394	1.0
chr1_92783294_G_A_b38	2	7.46375e-04	-5.495e-02	7.721e-02 6.275646686553955	1.0
chr1_92782671_T_C_b38	2	7.41272e-04	-5.687e-02	8.064e-02 6.252495765686035	1.0
chr1_92800393_T_C_b38	2	7.36554e-04	-4.569e-02	7.839e-02 6.318929195404053	1.0
chr1_92801281_T_C_b38	2	7.10495e-04	-4.560e-02	7.030e-02 6.296097755432129	1.0
chr1_92785438_T_C_b38	2	6.94417e-04	-4.597e-02	8.036e-02 6.285279273986816	1.0
chr1_92800257_T_C_b38	2	6.40779e-04	-3.286e-02	6.595e-02 6.266452205721394	1.0
chr1_92798497_T_A_b38	2	4.56509e-04	-2.630e-03	3.830e-02 6.344791889190674	1.0
chr1_92797590_G_T_b38	2	4.56509e-04	-2.630e-03	3.830e-02 6.356971740722656	1.0
chr1_92768838_A_G_b38	2	4.04521e-04	-8.119e-02	8.628e-02 6.267271995544434	1.0
chr1_92772938_T_C_b38	2	3.69379e-04	-6.962e-02	8.262e-02 6.170304605410143	1.0
chr1_92769522_C_T_b38	2	3.55537e-04	-7.081e-02	8.303e-02 6.259979248046875	1.0
chr1_92770777_G_A_b38	2	3.53669e-04	-5.611e-02	7.129e-02 5.9800148010253915	1.0
chr1_92776727_T_C_b38	2	3.53198e-04	-7.181e-02	8.581e-02 6.271330833435059	1.0
chr1_92769612_A_G_b38	2	3.53198e-04	-7.181e-02	8.581e-02 6.281900882720947	1.0
chr1_92767906_A_C_b38	2	3.53198e-04	-7.181e-02	8.581e-02 6.262129306793213	1.0
chr1_92779405_A_C_b38	2	3.53198e-04	-7.181e-02	8.581e-02 6.271401405334473	1.0
chr1_92769943_A_C_b38	2	3.53198e-04	-7.181e-02	8.581e-02 6.262735843658447	1.0
chr1_92771853_C_T_b38	2	3.38709e-04	-6.184e-02	8.324e-02 6.2687177658081055	1.0
chr1_92774847_T_G_b38	2	3.37186e-04	-6.288e-02	8.452e-02 6.2832984924316415	1.0
chr1_92772169_T_C_b38	2	3.28825e-04	5.448e-02	8.566e-02 -6.2882933616638175	1.0
chr1_92802592_G_A_b38	2	3.28325e-04	-5.518e-02	7.525e-02 6.281595230102539	1.0
chr1_92802553_G_GC_b38	2	3.28325e-04	-5.518e-02	7.525e-02 6.266452205721394	1.0
chr1_92772967_A_G_b38	2	3.14937e-04	-5.022e-02	8.534e-02 6.287514686584473	1.0
chr1_92770097_A_G_b38	2	2.99279e-04	-3.952e-02	8.187e-02 6.265256881713867	1.0
chr1_92766857_G_A_b38	2	2.00588e-04	1.983e-01	4.437e-02 -5.7098026275634775	1.0
chr1_92767317_A_G_b38	2	6.62414e-05	1.912e-01	4.433e-02 -5.707582950592041	1.0
chr1_92746495_G_A_b38	2	6.62414e-05	1.912e-01	4.433e-02 -5.702425956726074	1.0
chr1_92745024_A_G_b38	2	3.67664e-05	-1.696e-01	4.191e-02 6.288723468780518	1.0
chr1_92766614_T_C_b38	2	3.67664e-05	-1.696e-01	4.191e-02 6.26667594909668	1.0
chr1_92754975_G_A_b38	2	3.67664e-05	-1.696e-01	4.191e-02 6.302683353424072	1.0
chr1_92756861_T_C_b38	2	3.67664e-05	-1.696e-01	4.191e-02 6.269413471221924	1.0
chr1_92766471_C_T_b38	2	3.67664e-05	-1.696e-01	4.191e-02 6.260818958282472	1.0
chr1_92746171_A_T_b38	2	3.67664e-05	-1.696e-01	4.191e-02 6.289234161376952	1.0
chr1_92762509_A_C_b38	2	3.67664e-05	-1.696e-01	4.191e-02 6.2196149826049805	1.0
chr1_92753574_T_C_b38	2	3.67664e-05	-1.696e-01	4.191e-02 6.304196834564209	1.0
chr1_92748726_C_T_b38	2	3.67664e-05	-1.696e-01	4.191e-02 6.302112579345702	1.0
chr1_92761627_C_T_b38	2	3.67664e-05	-1.696e-01	4.191e-02 6.267032146453857	1.0
chr1_92746215_A_G_b38	2	3.67664e-05	-1.696e-01	4.191e-02 6.28926944732666	1.0
chr1_92760558_T_C_b38	2	3.67664e-05	-1.696e-01	4.191e-02 6.265614032745361	1.0
chr1_92754350_C_T_b38	2	3.67664e-05	-1.696e-01	4.191e-02 6.302106380462647	1.0
chr1_92765995_T_A_b38	2	3.67664e-05	-1.696e-01	4.191e-02 6.26606035232544	1.0
chr1_92764147_C_T_b38	2	3.67664e-05	-1.696e-01	4.191e-02 6.26864767074585	1.0
chr1_92755287_T_C_b38	2	3.67664e-05	-1.696e-01	4.191e-02 6.304960250854492	1.0
chr1_92758633_G_A_b38	2	3.67664e-05	-1.696e-01	4.191e-02 6.268486499786378	1.0
chr1_92755225_A_G_b38	2	3.67664e-05	-1.696e-01	4.191e-02 6.302106380462647	1.0
chr1_92759714_C_G_b38	2	3.67664e-05	-1.696e-01	4.191e-02 6.2699875831604	1.0
chr1_92761644_GA_G_b38	2	3.67664e-05	-1.696e-01	4.191e-02 6.266452205721394	1.0
chr1_92749629_C_T_b38	2	3.67664e-05	-1.696e-01	4.191e-02 6.2305541038513175	1.0
chr1_92794676_G_A_b38	3	3.41602e-03	-1.186e-01	2.441e-02 9.265481948852539	1.0
chr1_92758297_G_A_b38	3	1.46786e-03	-1.298e-01	2.493e-02 9.289450645446776	1.0
chr1_92787447_C_T_b38	3	1.31528e-03	-1.155e-01	2.435e-02 9.27197265625	1.0
chr1_92744283_C_T_b38	3	1.30945e-03	-1.305e-01	2.518e-02 9.533459663391113	1.0
chr1_92792062_C_T_b38	3	3.26605e-04	7.568e-02	2.761e-02 -5.8614182472229	1.0
chr1_92780901_G_C_b38	3	2.57638e-04	-1.130e-01	2.447e-02 9.585426330566406	1.0
chr1_92779423_C_T_b38	3	2.30479e-04	-1.128e-01	2.456e-02 9.585180282592773	1.0
chr1_92780447_C_CT_b38	3	2.30479e-04	-1.128e-01	2.456e-02 9.717089377534592	1.0
