chr11_67244294_A_G_b38	1	9.08211e-01	6.020e-01	1.028e-01 3.0477280616760254	1.0
chr11_67269803_A_T_b38	1	4.90519e-02	5.370e-01	1.092e-01 2.7245094776153564	1.0
chr11_67292980_C_T_b38	1	8.78877e-03	-4.527e-01	1.052e-01 -2.962288379669189	1.0
chr11_67228252_T_C_b38	1	8.78079e-03	5.062e-01	1.043e-01 3.0044729709625244	1.0
chr11_67318827_T_C_b38	1	4.05855e-04	-3.925e-01	1.282e-01 -3.499701738357544	1.0
chr11_67315781_T_C_b38	1	2.45007e-04	-3.989e-01	1.298e-01 -3.2918910980224614	1.0
chr11_67316212_G_T_b38	1	2.45007e-04	-3.989e-01	1.298e-01 -3.2923369407653813	1.0
chr11_67236216_C_T_b38	1	2.19901e-04	4.552e-01	1.075e-01 3.2786540985107417	1.0
chr11_67297666_T_C_b38	1	1.73709e-04	-3.781e-01	1.083e-01 -3.5057960804423143	1.0
chr11_67314118_T_C_b38	1	1.67182e-04	-3.989e-01	1.298e-01 -3.3273017406463623	1.0
chr11_67395116_G_T_b38	1	1.58968e-04	4.738e-01	1.138e-01 3.5649304389953613	1.0
chr11_67402817_G_C_b38	1	1.58968e-04	4.738e-01	1.138e-01 3.5989971160888667	1.0
chr11_67385269_G_T_b38	1	1.58968e-04	4.738e-01	1.138e-01 3.595099449157715	1.0
chr11_67383632_C_T_b38	1	1.58968e-04	4.738e-01	1.138e-01 3.600123643875122	1.0
chr11_67383919_G_T_b38	1	1.58968e-04	4.738e-01	1.138e-01 3.592970371246338	1.0
chr11_67405769_T_C_b38	1	1.58968e-04	4.738e-01	1.138e-01 3.625911235809326	1.0
chr11_67397746_C_CCT_b38	1	1.58968e-04	4.738e-01	1.138e-01 3.5740237159569923	1.0
chr11_67389404_A_G_b38	1	1.58968e-04	4.738e-01	1.138e-01 3.58228087425232	1.0
chr11_67376443_TGGG_T_b38	1	1.58968e-04	4.738e-01	1.138e-01 3.523613220500037	1.0
chr11_67330307_T_C_b38	2	6.40319e-01	4.177e-01	8.090e-02 -24.59357070922852	1.0
chr11_67308593_G_A_b38	2	2.36558e-01	4.331e-01	9.034e-02 -22.914369583129886	1.0
chr11_67220577_C_A_b38	2	2.33297e-02	3.920e-01	8.024e-02 -24.51857566833496	1.0
chr11_67257063_C_T_b38	2	2.33297e-02	3.920e-01	8.024e-02 -24.99457359313965	1.0
chr11_67391941_A_AGGCGGG_b38	2	2.25927e-02	3.920e-01	8.024e-02 -22.937275244138444	1.0
chr11_67417254_G_A_b38	2	2.25927e-02	3.920e-01	8.024e-02 -24.07597732543945	1.0
chr11_67331152_C_T_b38	3	1.08683e-01	-2.615e-01	7.283e-02 1.3564411401748655	1.0
chr11_67304519_C_T_b38	3	1.54438e-02	-2.662e-01	9.045e-02 1.3389854431152344	1.0
chr11_67331770_C_T_b38	3	1.50535e-02	-2.662e-01	9.045e-02 1.2861233949661257	1.0
chr11_67366129_G_A_b38	3	1.83450e-03	-1.697e-01	6.499e-02 1.6372778415679932	1.0
chr11_67251161_A_G_b38	3	1.30033e-03	-2.442e-01	8.801e-02 1.380490779876709	1.0
chr11_67316875_G_C_b38	4	4.68035e-03	-3.351e-01	1.546e-01 0.0	1.0
chr11_67402068_C_T_b38	4	2.70665e-03	-6.767e-01	1.693e-01 0.0	1.0
chr11_67321249_G_A_b38	4	1.39103e-03	-3.664e-01	1.590e-01 0.0	1.0
chr11_67312034_G_A_b38	4	3.96698e-04	-2.891e-01	1.642e-01 0.0	1.0
chr11_67346429_C_G_b38	4	1.70527e-04	-3.678e-01	1.578e-01 0.0	1.0
chr11_67295289_C_T_b38	4	1.29916e-04	-2.399e-01	1.892e-01 0.0	1.0
chr11_67369362_TAGGG_T_b38	4	6.17188e-05	-3.678e-01	1.578e-01 0.0	1.0
chr11_67369355_CAG_C_b38	4	6.17188e-05	-3.678e-01	1.578e-01 0.0	1.0
