chr11_61813890_C_CG_b38	1	3.70238e-01	-1.734e-01	3.313e-02 -5.817017678912671	1.0
chr11_61828850_CA_C_b38	1	7.16602e-02	-1.170e-01	3.129e-02 -6.927914816054597	1.0
chr11_61813163_C_T_b38	1	5.30470e-02	-1.437e-01	3.025e-02 -7.27353048324585	1.0
chr11_61812288_T_C_b38	1	5.30470e-02	-1.437e-01	3.025e-02 -7.284968852996826	1.0
chr11_61815236_T_C_b38	1	5.30470e-02	-1.437e-01	3.025e-02 -7.296322822570801	1.0
chr11_61813896_A_G_b38	1	3.85898e-02	-1.414e-01	3.031e-02 -7.246622733941995	1.0
chr11_61827448_CT_C_b38	1	3.80401e-02	-1.292e-01	3.168e-02 -6.8320595568729905	1.0
chr11_61829161_C_T_b38	1	3.74506e-02	-1.068e-01	3.099e-02 -6.929656028747559	1.0
chr11_61826344_C_T_b38	1	2.47784e-02	-1.292e-01	3.168e-02 -7.041886806488037	1.0
chr11_61814184_G_A_b38	1	2.23837e-02	-1.430e-01	3.132e-02 -7.4144463539123535	1.0
chr11_61803910_G_A_b38	1	1.90642e-02	-1.430e-01	3.007e-02 -7.2576141357421875	1.0
chr11_61800281_C_A_b38	1	1.85234e-02	-1.439e-01	3.018e-02 -7.295868873596191	1.0
chr11_61822009_A_G_b38	1	1.51887e-02	-1.239e-01	3.003e-02 -7.29105806350708	1.0
chr11_61814292_T_C_b38	1	1.49083e-02	-1.286e-01	2.963e-02 -7.222272872924805	1.0
chr11_61839170_A_G_b38	1	9.23532e-03	-1.199e-01	3.036e-02 -6.997474193572997	1.0
chr11_61839211_G_A_b38	1	9.23532e-03	-1.199e-01	3.036e-02 -6.993896484375	1.0
chr11_61838027_T_A_b38	1	8.43595e-03	-1.199e-01	3.038e-02 -6.967848300933838	1.0
chr11_61837342_C_A_b38	1	8.43595e-03	-1.199e-01	3.038e-02 -6.973232746124268	1.0
chr11_61811991_A_G_b38	1	7.50238e-03	-1.289e-01	3.076e-02 -6.880338191986084	1.0
chr11_61817672_A_G_b38	1	7.50238e-03	-1.289e-01	3.076e-02 -6.924216747283936	1.0
chr11_61818856_C_CT_b38	1	7.50238e-03	-1.289e-01	3.076e-02 -6.483492369976691	1.0
chr11_61830500_A_G_b38	1	7.17030e-03	-1.116e-01	3.198e-02 -7.018244743347168	1.0
chr11_61825533_A_G_b38	1	5.33196e-03	-1.093e-01	3.064e-02 -6.911155223846436	1.0
chr11_61803876_C_G_b38	1	5.10566e-03	-1.295e-01	2.842e-02 -7.18027925491333	1.0
chr11_61820833_A_G_b38	1	5.08662e-03	-1.169e-01	3.071e-02 -6.946911334991455	1.0
chr11_61824890_A_G_b38	1	4.85071e-03	-1.094e-01	3.104e-02 -6.933156490325928	1.0
chr11_61843278_G_A_b38	1	4.23983e-03	-1.183e-01	2.906e-02 -6.9612064361572275	1.0
chr11_61807686_A_G_b38	1	3.88320e-03	-1.266e-01	2.990e-02 -6.8852972984313965	1.0
chr11_61833906_C_T_b38	2	2.45477e-02	-1.561e-01	6.350e-02 -5.9379005432128915	1.0
chr11_61829740_C_T_b38	2	1.66095e-02	-5.011e-02	4.721e-02 -5.794913768768311	1.0
chr11_61806068_C_T_b38	2	1.32686e-02	-1.766e-01	6.448e-02 -6.0355753898620605	1.0
chr11_61848540_A_G_b38	2	1.10843e-02	-1.625e-01	6.087e-02 -5.272184371948242	1.0
chr11_61834436_A_G_b38	2	1.01509e-02	-1.435e-01	6.219e-02 -5.963857173919678	1.0
chr11_61834400_C_T_b38	2	1.01485e-02	-1.435e-01	6.219e-02 -6.00172233581543	1.0
chr11_61847123_G_A_b38	2	7.44335e-03	-1.533e-01	6.137e-02 -5.412622928619385	1.0
chr11_61843744_C_T_b38	2	5.10836e-03	-1.508e-01	6.445e-02 -5.824570178985597	1.0
chr11_61824164_C_G_b38	2	7.19095e-04	-5.131e-02	4.647e-02 -5.760199546813965	1.0
chr11_61842278_C_T_b38	3	3.32361e-03	-1.197e-01	2.741e-02 -7.000908851623535	1.0
chr11_61836038_C_A_b38	3	3.11043e-03	-1.164e-01	2.785e-02 -7.0442891120910645	1.0
chr11_61785208_G_T_b38	3	2.58110e-03	-1.323e-01	2.898e-02 -6.941607475280763	1.0
chr11_61781553_G_A_b38	3	2.57989e-03	-1.323e-01	2.899e-02 -6.7646732330322275	1.0
chr11_61790354_T_C_b38	3	2.45931e-03	-1.312e-01	2.882e-02 -6.837382793426514	1.0
chr11_61802358_C_T_b38	3	2.42786e-03	-1.315e-01	2.892e-02 -6.958110332489014	1.0
chr11_61803311_T_C_b38	3	2.42786e-03	-1.315e-01	2.892e-02 -6.888924598693848	1.0
chr11_61801834_C_G_b38	3	2.42786e-03	-1.315e-01	2.892e-02 -6.9036545753479	1.0
chr11_61804006_T_C_b38	3	2.42786e-03	-1.315e-01	2.892e-02 -6.914374828338622	1.0
chr11_61783884_T_C_b38	3	1.21650e-03	-1.243e-01	2.839e-02 -6.689754009246826	1.0
chr11_61784455_A_C_b38	3	1.11629e-03	-1.266e-01	2.906e-02 -6.859503746032715	1.0
chr11_61830816_C_T_b38	3	1.98877e-04	1.516e-01	1.327e-01 -3.9848299026489262	1.0
chr11_61828092_C_T_b38	3	1.60224e-04	-7.384e-02	5.732e-02 -3.4682605266571045	1.0
chr11_61798436_T_C_b38	3	1.04335e-04	-1.081e-01	2.911e-02 -7.23136043548584	1.0
chr11_61796827_G_T_b38	3	9.77212e-05	-1.080e-01	2.924e-02 -7.2630510330200195	1.0
chr11_61832855_G_A_b38	3	6.62857e-05	5.210e-02	4.005e-02 -4.038366794586182	1.0
chr11_61831875_G_A_b38	3	5.29835e-05	-7.805e-02	3.751e-02 -3.5130519866943364	1.0
