chr16_82170153_C_T_b38	1	4.35247e-01	-2.755e-01	7.620e-02 -8.811843872070312	1.0
chr16_82172674_G_A_b38	1	2.39329e-01	-2.853e-01	7.312e-02 -8.427519798278809	1.0
chr16_82173937_T_C_b38	1	1.07350e-01	-2.873e-01	7.452e-02 -8.404898643493652	1.0
chr16_82173697_T_C_b38	1	1.07350e-01	-2.873e-01	7.452e-02 -8.38386344909668	1.0
chr16_82170527_C_G_b38	1	4.72074e-02	-2.348e-01	7.832e-02 -9.069879531860352	1.0
chr16_82170106_G_T_b38	1	4.29131e-02	-2.337e-01	7.871e-02 -8.625998326828373	1.0
chr16_82176256_A_G_b38	1	1.43002e-02	-2.808e-01	7.639e-02 -8.420053482055664	1.0
chr16_82166498_A_C_b38	1	6.11761e-03	-2.838e-01	8.149e-02 -8.694391250610353	1.0
chr16_82170181_C_G_b38	2	9.99794e-01	-3.231e-01	6.569e-02 -6.254434108734131	1.0
chr16_82169518_T_C_b38	3	7.78116e-02	-2.808e-01	1.248e-01 -2.9150390625	1.0
chr16_82167800_C_T_b38	3	4.15210e-02	-2.721e-01	1.217e-01 -2.9054477214813232	1.0
chr16_82132026_G_C_b38	3	2.60923e-02	2.089e-01	5.234e-02 2.921309471130371	1.0
chr16_82146177_G_C_b38	3	1.99093e-02	-2.314e-01	6.400e-02 -2.7884845733642583	1.0
chr16_82165718_T_C_b38	3	1.92685e-02	-2.630e-01	1.169e-01 -2.768721007540698	1.0
chr16_82124776_T_TA_b38	3	1.57634e-02	2.045e-01	5.318e-02 2.6993049238848417	1.0
chr16_82122752_G_A_b38	3	1.57201e-02	2.046e-01	5.321e-02 2.775354623794556	1.0
chr16_82128643_G_C_b38	3	1.46195e-02	2.074e-01	5.422e-02 2.8833818435668945	1.0
chr16_82128837_A_G_b38	3	1.13048e-02	2.003e-01	5.345e-02 2.874159574508667	1.0
chr16_82133394_G_C_b38	3	1.03831e-02	-2.340e-01	6.280e-02 -2.8339455127716064	1.0
chr16_82166045_G_A_b38	3	1.02234e-02	-2.211e-01	7.423e-02 -2.7610182762146	1.0
chr16_82135429_A_G_b38	3	9.82274e-03	-2.314e-01	6.240e-02 -2.748198747634888	1.0
chr16_82134430_T_G_b38	3	9.82274e-03	-2.314e-01	6.240e-02 -2.761408805847168	1.0
chr16_82134566_C_A_b38	3	9.82274e-03	-2.314e-01	6.240e-02 -2.761486053466797	1.0
chr16_82134414_A_G_b38	3	9.82274e-03	-2.314e-01	6.240e-02 -2.7590677738189697	1.0
chr16_82126925_G_T_b38	3	9.15497e-03	1.970e-01	5.346e-02 2.8577699661254883	1.0
chr16_82135930_C_G_b38	3	7.68023e-03	-2.300e-01	6.327e-02 -2.7831711769104004	1.0
chr16_82137083_A_G_b38	3	7.68023e-03	-2.300e-01	6.327e-02 -2.7778358459472656	1.0
chr16_82136343_C_G_b38	3	7.68023e-03	-2.300e-01	6.327e-02 -2.753723859786988	1.0
chr16_82137120_G_C_b38	3	7.68023e-03	-2.300e-01	6.327e-02 -2.754732608795166	1.0
chr16_82168771_C_G_b38	3	6.88263e-03	-1.879e-01	7.427e-02 -2.8847451210021973	1.0
chr16_82145597_A_T_b38	3	6.68520e-03	-2.576e-01	1.030e-01 -2.735351800918579	1.0
chr16_82145626_G_C_b38	3	6.68520e-03	-2.576e-01	1.030e-01 -2.735351800918579	1.0
chr16_82145888_C_T_b38	3	6.68520e-03	-2.576e-01	1.030e-01 -2.8094799396226757	1.0
chr16_82145890_T_C_b38	3	6.68520e-03	-2.576e-01	1.030e-01 -2.8094799396226757	1.0
chr16_82146081_G_A_b38	3	6.68520e-03	-2.576e-01	1.030e-01 -2.736383438110352	1.0
chr16_82145724_C_T_b38	3	6.68520e-03	-2.576e-01	1.030e-01 -2.7355670928955083	1.0
chr16_82130185_G_C_b38	3	6.05786e-03	1.881e-01	5.275e-02 2.8338139057159424	1.0
chr16_82148681_C_G_b38	3	5.94553e-03	-2.411e-01	7.526e-02 -2.580241203308105	1.0
chr16_82147977_G_A_b38	3	5.73818e-03	-2.546e-01	1.066e-01 -2.724947452545166	1.0
chr16_82147397_T_A_b38	3	5.73818e-03	-2.546e-01	1.066e-01 -2.72404408454895	1.0
chr16_82147373_G_C_b38	3	5.73818e-03	-2.546e-01	1.066e-01 -2.7240214347839355	1.0
chr16_82148499_T_C_b38	3	5.73818e-03	-2.546e-01	1.066e-01 -2.6941072940826416	1.0
chr16_82149151_T_C_b38	3	5.73818e-03	-2.546e-01	1.066e-01 -2.7329821586608887	1.0
chr16_82148193_A_T_b38	3	5.73818e-03	-2.546e-01	1.066e-01 -2.723348379135132	1.0
chr16_82149261_C_T_b38	3	5.73818e-03	-2.546e-01	1.066e-01 -2.7209148406982417	1.0
chr16_82148749_G_A_b38	3	5.73818e-03	-2.546e-01	1.066e-01 -2.72778868675232	1.0
chr16_82149531_ACT_A_b38	3	5.73818e-03	-2.546e-01	1.066e-01 -2.8094799396226757	1.0
chr16_82146867_C_T_b38	3	5.73818e-03	-2.546e-01	1.066e-01 -2.7233569622039795	1.0
chr16_82147900_A_G_b38	3	5.73818e-03	-2.546e-01	1.066e-01 -2.724829912185669	1.0
chr16_82147131_C_T_b38	3	5.73818e-03	-2.546e-01	1.066e-01 -2.7227768898010254	1.0
chr16_82148150_A_C_b38	3	5.73818e-03	-2.546e-01	1.066e-01 -2.722617626190185	1.0
chr16_82148963_C_A_b38	3	5.73818e-03	-2.546e-01	1.066e-01 -2.7288668155670166	1.0
chr16_82147797_C_G_b38	3	5.73818e-03	-2.546e-01	1.066e-01 -2.7603759765625	1.0
chr16_82146929_C_T_b38	3	5.73818e-03	-2.546e-01	1.066e-01 -2.723583459854126	1.0
chr16_82146531_C_T_b38	3	5.73818e-03	-2.546e-01	1.066e-01 -2.7228333950042725	1.0
chr16_82148406_G_A_b38	3	5.73818e-03	-2.546e-01	1.066e-01 -2.7011148929595947	1.0
chr16_82147582_AGTAAGTCCG_A_b38	3	5.73818e-03	-2.546e-01	1.066e-01 -2.8094799396226757	1.0
chr16_82149539_T_A_b38	3	5.73818e-03	-2.546e-01	1.066e-01 -2.707163095474243	1.0
chr16_82147578_CGGT_C_b38	3	5.73222e-03	-2.400e-01	7.524e-02 -2.791403214887917	1.0
chr16_82160245_G_A_b38	3	5.24000e-03	-2.094e-01	7.348e-02 -2.85245943069458	1.0
chr16_82136912_C_T_b38	3	5.20902e-03	-2.221e-01	6.325e-02 -2.8130528926849365	1.0
chr16_82169669_C_G_b38	3	4.68778e-03	-1.432e-01	6.622e-02 -2.845510005950928	1.0
chr16_82164785_G_T_b38	3	4.58810e-03	-2.047e-01	7.318e-02 -2.83276915550232	1.0
chr16_82128117_G_A_b38	3	3.83968e-03	1.863e-01	5.429e-02 2.8715665340423584	1.0
chr16_82126350_CT_C_b38	3	3.22258e-03	1.813e-01	5.336e-02 2.8299714057755287	1.0
chr16_82126635_T_A_b38	3	3.22258e-03	1.813e-01	5.336e-02 2.827847003936768	1.0
chr16_82126196_G_C_b38	3	3.22258e-03	1.813e-01	5.336e-02 2.848217010498047	1.0
chr16_82126247_T_C_b38	3	3.22258e-03	1.813e-01	5.336e-02 2.8509409427642822	1.0
chr16_82126794_T_G_b38	3	3.22258e-03	1.813e-01	5.336e-02 2.82739806175232	1.0
chr16_82126073_G_C_b38	3	3.22258e-03	1.813e-01	5.336e-02 2.8299714057755287	1.0
chr16_82139347_A_G_b38	3	3.13115e-03	-2.127e-01	6.332e-02 -2.7829292327271897	1.0
chr16_82149698_C_T_b38	3	2.95256e-03	-2.172e-01	7.320e-02 -2.5881638526916504	1.0
chr16_82145430_T_A_b38	3	2.74733e-03	-2.110e-01	7.114e-02 -2.7410778999328613	1.0
chr16_82127912_T_C_b38	3	2.29255e-03	1.887e-01	5.756e-02 2.994147777557373	1.0
chr16_82156833_G_A_b38	3	2.28733e-03	-2.136e-01	7.396e-02 -2.833530902862549	1.0
chr16_82144511_C_T_b38	3	2.04289e-03	-2.385e-01	7.408e-02 -2.8094799396226757	1.0
chr16_82132951_G_A_b38	3	2.03851e-03	-2.280e-01	7.076e-02 -2.569023847579956	1.0
chr16_82132956_C_T_b38	3	2.03851e-03	-2.280e-01	7.076e-02 -2.5693821907043457	1.0
chr16_82156095_G_A_b38	3	1.97050e-03	-2.067e-01	7.298e-02 -2.8278071880340576	1.0
chr16_82155775_A_G_b38	3	1.97050e-03	-2.067e-01	7.298e-02 -2.8399639129638667	1.0
chr16_82157644_T_C_b38	3	1.97050e-03	-2.067e-01	7.298e-02 -2.8124144077301025	1.0
chr16_82158949_GATCT_G_b38	3	1.97050e-03	-2.067e-01	7.298e-02 -2.8699719416628398	1.0
chr16_82159657_C_T_b38	3	1.97050e-03	-2.067e-01	7.298e-02 -2.878932476043701	1.0
chr16_82158693_T_C_b38	3	1.97050e-03	-2.067e-01	7.298e-02 -2.8688900470733643	1.0
chr16_82159436_A_G_b38	3	1.97050e-03	-2.067e-01	7.298e-02 -2.847887754440308	1.0
chr16_82155731_G_C_b38	3	1.97050e-03	-2.067e-01	7.298e-02 -2.8402867317199707	1.0
chr16_82159920_A_G_b38	3	1.97050e-03	-2.067e-01	7.298e-02 -2.8348081111907963	1.0
chr16_82157231_G_A_b38	3	1.97050e-03	-2.067e-01	7.298e-02 -2.8124144077301025	1.0
chr16_82159320_A_G_b38	3	1.97050e-03	-2.067e-01	7.298e-02 -2.871392250061035	1.0
chr16_82158305_G_A_b38	3	1.97050e-03	-2.067e-01	7.298e-02 -2.8121819496154785	1.0
chr16_82158997_G_A_b38	3	1.97050e-03	-2.067e-01	7.298e-02 -2.861759185791016	1.0
chr16_82157257_C_G_b38	3	1.97050e-03	-2.067e-01	7.298e-02 -2.8124144077301025	1.0
chr16_82156355_C_T_b38	3	1.97050e-03	-2.067e-01	7.298e-02 -2.8408398628234863	1.0
chr16_82158215_G_A_b38	3	1.97050e-03	-2.067e-01	7.298e-02 -2.8143444061279297	1.0
chr16_82157727_A_G_b38	3	1.97050e-03	-2.067e-01	7.298e-02 -2.8124489784240723	1.0
chr16_82158968_A_G_b38	3	1.97050e-03	-2.067e-01	7.298e-02 -2.8207221031188965	1.0
chr16_82159756_A_T_b38	3	1.97050e-03	-2.067e-01	7.298e-02 -2.8348608016967773	1.0
chr16_82155760_C_T_b38	3	1.97050e-03	-2.067e-01	7.298e-02 -2.855630159378052	1.0
chr16_82155935_G_C_b38	3	1.97050e-03	-2.067e-01	7.298e-02 -2.8402259349823	1.0
chr16_82156492_G_A_b38	3	1.97050e-03	-2.067e-01	7.298e-02 -2.8235883712768555	1.0
chr16_82156288_G_C_b38	3	1.97050e-03	-2.067e-01	7.298e-02 -2.843073606491089	1.0
chr16_82157680_AGAG_A_b38	3	1.97050e-03	-2.067e-01	7.298e-02 -2.8699719416628398	1.0
chr16_82158243_G_C_b38	3	1.97050e-03	-2.067e-01	7.298e-02 -2.8143444061279297	1.0
chr16_82157411_T_C_b38	3	1.97050e-03	-2.067e-01	7.298e-02 -2.8124144077301025	1.0
chr16_82159891_T_C_b38	3	1.97050e-03	-2.067e-01	7.298e-02 -2.8173470497131348	1.0
chr16_82155527_A_G_b38	3	1.97050e-03	-2.067e-01	7.298e-02 -2.838947534561157	1.0
chr16_82159044_C_T_b38	3	1.97050e-03	-2.067e-01	7.298e-02 -2.8691964149475098	1.0
chr16_82160178_T_C_b38	3	1.97050e-03	-2.067e-01	7.298e-02 -2.8408472537994385	1.0
chr16_82159432_T_C_b38	3	1.97050e-03	-2.067e-01	7.298e-02 -2.8468804359436035	1.0
chr16_82157443_C_T_b38	3	1.97050e-03	-2.067e-01	7.298e-02 -2.8099141120910645	1.0
chr16_82156025_T_A_b38	3	1.97050e-03	-2.067e-01	7.298e-02 -2.84030556678772	1.0
chr16_82132126_GA_G_b38	3	1.24774e-03	1.903e-01	6.021e-02 2.9033567851418214	1.0
chr16_82131730_G_A_b38	3	1.24774e-03	1.903e-01	6.021e-02 2.9074161052703857	1.0
chr16_82131854_A_G_b38	3	1.24774e-03	1.903e-01	6.021e-02 2.8790717124938965	1.0
chr16_82153035_G_A_b38	3	1.24737e-03	-2.025e-01	7.288e-02 -2.8038692474365234	1.0
chr16_82152264_T_C_b38	3	1.24737e-03	-2.025e-01	7.288e-02 -2.8280668258666988	1.0
chr16_82152498_A_G_b38	3	1.24737e-03	-2.025e-01	7.288e-02 -2.82132625579834	1.0
chr16_82151368_A_G_b38	3	1.24737e-03	-2.025e-01	7.288e-02 -2.8083863258361816	1.0
chr16_82153409_A_G_b38	3	1.24737e-03	-2.025e-01	7.288e-02 -2.822392225265503	1.0
chr16_82153330_T_C_b38	3	1.24737e-03	-2.025e-01	7.288e-02 -2.821169137954712	1.0
chr16_82150829_T_C_b38	3	1.24737e-03	-2.025e-01	7.288e-02 -2.8005166053771973	1.0
chr16_82153624_T_C_b38	3	1.24737e-03	-2.025e-01	7.288e-02 -2.8224086761474614	1.0
chr16_82154151_C_T_b38	3	1.24737e-03	-2.025e-01	7.288e-02 -2.82082462310791	1.0
chr16_82149707_G_A_b38	3	1.24737e-03	-2.025e-01	7.288e-02 -2.5888116359710693	1.0
chr16_82151944_A_C_b38	3	1.24737e-03	-2.025e-01	7.288e-02 -2.853945255279541	1.0
chr16_82154732_A_C_b38	3	1.24737e-03	-2.025e-01	7.288e-02 -2.8477001190185547	1.0
chr16_82154856_A_G_b38	3	1.24737e-03	-2.025e-01	7.288e-02 -2.816267967224121	1.0
chr16_82155170_C_G_b38	3	1.24737e-03	-2.025e-01	7.288e-02 -2.8191306591033936	1.0
chr16_82153310_T_C_b38	3	1.24737e-03	-2.025e-01	7.288e-02 -2.822392225265503	1.0
chr16_82152427_G_T_b38	3	1.24737e-03	-2.025e-01	7.288e-02 -2.8018693923950195	1.0
chr16_82150083_CTT_C_b38	3	1.24737e-03	-2.025e-01	7.288e-02 -2.8699719416628398	1.0
chr16_82151134_T_G_b38	3	1.24737e-03	-2.025e-01	7.288e-02 -2.8231127262115483	1.0
chr16_82154527_T_C_b38	3	1.24737e-03	-2.025e-01	7.288e-02 -2.8247165679931636	1.0
chr16_82152206_T_A_b38	3	1.24737e-03	-2.025e-01	7.288e-02 -2.822512149810791	1.0
chr16_82151975_C_T_b38	3	1.24737e-03	-2.025e-01	7.288e-02 -2.8487541675567627	1.0
chr16_82153411_A_G_b38	3	1.24737e-03	-2.025e-01	7.288e-02 -2.8162000179290767	1.0
chr16_82149929_T_C_b38	3	1.24737e-03	-2.025e-01	7.288e-02 -2.7539072036743164	1.0
chr16_82152570_C_T_b38	3	1.24737e-03	-2.025e-01	7.288e-02 -2.820395231246948	1.0
chr16_82150191_A_T_b38	3	1.24737e-03	-2.025e-01	7.288e-02 -2.75972318649292	1.0
chr16_82154201_C_T_b38	3	1.24737e-03	-2.025e-01	7.288e-02 -2.8209111690521236	1.0
chr16_82156313_C_T_b38	3	1.13580e-03	-1.938e-01	7.058e-02 -2.839646816253662	1.0
chr16_82160125_G_GT_b38	3	1.13580e-03	-1.938e-01	7.058e-02 -2.8699719416628398	1.0
chr16_82142065_C_T_b38	3	1.09510e-03	-2.228e-01	7.158e-02 -2.67272848439388	1.0
chr16_82131709_G_T_b38	3	1.01224e-03	1.814e-01	5.869e-02 2.892435312271118	1.0
chr16_82131444_T_C_b38	3	1.01224e-03	1.814e-01	5.869e-02 2.9205045700073238	1.0
chr16_82131518_T_TC_b38	3	1.01224e-03	1.814e-01	5.869e-02 2.9033567851418214	1.0
chr16_82132323_G_C_b38	3	1.01224e-03	1.814e-01	5.869e-02 2.9437046051025386	1.0
chr16_82132185_C_CATAAT_b38	3	1.01224e-03	1.814e-01	5.869e-02 2.9033567851418214	1.0
chr16_82128024_C_A_b38	3	1.01224e-03	1.814e-01	5.869e-02 2.869349241256714	1.0
chr16_82130536_C_G_b38	3	1.01224e-03	1.814e-01	5.869e-02 2.7845740001022072	1.0
chr16_82131801_T_G_b38	3	1.01224e-03	1.814e-01	5.869e-02 2.90854811668396	1.0
chr16_82131384_T_A_b38	3	1.01224e-03	1.814e-01	5.869e-02 2.8785784244537367	1.0
chr16_82132141_C_T_b38	3	1.01224e-03	1.814e-01	5.869e-02 2.9107854366302486	1.0
chr16_82124389_G_C_b38	3	1.01224e-03	1.814e-01	5.869e-02 2.8199820518493652	1.0
chr16_82131578_G_A_b38	3	1.01224e-03	1.814e-01	5.869e-02 2.914015293121338	1.0
chr16_82131853_C_T_b38	3	1.01224e-03	1.814e-01	5.869e-02 2.9205222129821777	1.0
chr16_82131972_C_A_b38	3	1.01224e-03	1.814e-01	5.869e-02 2.9009168148040767	1.0
chr16_82132016_C_T_b38	3	1.01224e-03	1.814e-01	5.869e-02 2.9189646244049072	1.0
chr16_82131454_G_A_b38	3	1.01224e-03	1.814e-01	5.869e-02 2.9324986934661865	1.0
chr16_82139596_G_A_b38	3	1.01088e-03	-2.210e-01	7.167e-02 -2.7722997373606946	1.0
chr16_82133163_T_C_b38	3	9.47156e-04	-2.192e-01	7.168e-02 -2.6068577766418457	1.0
chr16_82153924_T_C_b38	3	8.96687e-04	-1.687e-01	6.280e-02 -2.7930328845977783	1.0
chr16_82152967_G_A_b38	3	8.96687e-04	-1.687e-01	6.280e-02 -2.757068157196045	1.0
chr16_82154568_C_A_b38	3	8.96687e-04	-1.687e-01	6.280e-02 -2.765833139419556	1.0
chr16_82152989_C_T_b38	3	8.96687e-04	-1.687e-01	6.280e-02 -2.7567226886749268	1.0
chr16_82149744_C_T_b38	3	8.86020e-04	-1.872e-01	7.101e-02 -2.747814178466797	1.0
chr16_82135224_T_C_b38	3	8.77370e-04	-2.235e-01	7.390e-02 -2.698676347732544	1.0
chr16_82137987_G_A_b38	3	8.77370e-04	-2.235e-01	7.390e-02 -2.7374069690704346	1.0
chr16_82125482_T_C_b38	3	8.15631e-04	1.809e-01	6.013e-02 2.861931562423706	1.0
chr16_82133352_G_C_b38	3	8.14691e-04	-1.967e-01	6.503e-02 -2.837410926818848	1.0
chr16_82127500_AATG_A_b38	3	8.12491e-04	1.665e-01	5.509e-02 2.6993049238848417	1.0
chr16_82153706_G_T_b38	3	8.05098e-04	-1.890e-01	7.289e-02 -2.8410646915435787	1.0
chr16_82124284_T_C_b38	3	7.46686e-04	1.766e-01	5.930e-02 2.810243844985962	1.0
chr16_82132557_A_G_b38	3	7.45724e-04	1.748e-01	5.869e-02 2.9642610549926762	1.0
chr16_82125027_G_A_b38	3	7.42270e-04	1.819e-01	6.128e-02 2.8424413204193115	1.0
chr16_82128369_T_G_b38	3	7.42270e-04	1.819e-01	6.128e-02 2.87255334854126	1.0
chr16_82124877_C_T_b38	3	7.42270e-04	1.819e-01	6.128e-02 2.8517751693725586	1.0
chr16_82123221_A_T_b38	3	7.42270e-04	1.819e-01	6.128e-02 2.813889980316162	1.0
chr16_82124591_A_AAAAG_b38	3	6.73846e-04	1.760e-01	5.992e-02 2.9072089085484665	1.0
chr16_82136880_T_A_b38	3	6.72732e-04	-2.084e-01	7.122e-02 -2.707244634628296	1.0
chr16_82138636_C_T_b38	3	6.72732e-04	-2.084e-01	7.122e-02 -2.7212376594543457	1.0
chr16_82136978_T_C_b38	3	6.72732e-04	-2.084e-01	7.122e-02 -2.6984221935272217	1.0
chr16_82138745_T_A_b38	3	6.72732e-04	-2.084e-01	7.122e-02 -2.720341205596924	1.0
chr16_82135395_G_C_b38	3	6.72732e-04	-2.084e-01	7.122e-02 -2.69214415550232	1.0
chr16_82138746_T_C_b38	3	6.72732e-04	-2.084e-01	7.122e-02 -2.720341205596924	1.0
chr16_82134629_G_T_b38	3	6.72732e-04	-2.084e-01	7.122e-02 -2.7067618370056152	1.0
chr16_82139538_C_G_b38	3	6.72732e-04	-2.084e-01	7.122e-02 -2.8094799396226757	1.0
chr16_82133701_G_C_b38	3	6.72732e-04	-2.084e-01	7.122e-02 -2.6550493240356445	1.0
chr16_82138086_G_C_b38	3	6.72732e-04	-2.084e-01	7.122e-02 -2.735136032104492	1.0
chr16_82134088_G_A_b38	3	6.72732e-04	-2.084e-01	7.122e-02 -2.6849050521850586	1.0
chr16_82135530_G_A_b38	3	6.72732e-04	-2.084e-01	7.122e-02 -2.692537784576416	1.0
chr16_82137167_G_A_b38	3	6.72732e-04	-2.084e-01	7.122e-02 -2.6998298168182373	1.0
chr16_82136769_C_G_b38	3	6.72732e-04	-2.084e-01	7.122e-02 -2.700834035873413	1.0
chr16_82137762_T_C_b38	3	6.72732e-04	-2.084e-01	7.122e-02 -2.7570786476135254	1.0
chr16_82138258_T_G_b38	3	6.72732e-04	-2.084e-01	7.122e-02 -2.735400915145874	1.0
chr16_82134188_G_A_b38	3	6.72732e-04	-2.084e-01	7.122e-02 -2.6867496967315674	1.0
chr16_82138003_G_A_b38	3	6.72732e-04	-2.084e-01	7.122e-02 -2.7366645336151123	1.0
chr16_82136394_G_C_b38	3	6.72732e-04	-2.084e-01	7.122e-02 -2.6936681270599365	1.0
chr16_82135064_T_C_b38	3	6.72732e-04	-2.084e-01	7.122e-02 -2.6897141933441158	1.0
chr16_82141504_G_T_b38	3	6.72624e-04	-2.118e-01	7.245e-02 -2.8868603168008065	1.0
chr16_82145209_A_G_b38	3	6.65323e-04	-2.169e-01	7.436e-02 -2.850397978457288	1.0
chr16_82157842_T_G_b38	3	4.34685e-04	-1.618e-01	6.296e-02 -2.691798210144043	1.0
chr16_82152192_C_T_b38	3	4.16364e-04	-1.821e-01	7.290e-02 -2.8233449459075928	1.0
chr16_82125211_C_T_b38	3	3.99972e-04	1.745e-01	5.996e-02 2.865426778793335	1.0
chr16_82125894_T_G_b38	3	3.91217e-04	1.738e-01	5.992e-02 2.854987144470215	1.0
chr16_82127905_A_C_b38	3	3.91217e-04	1.738e-01	5.992e-02 2.856785774230957	1.0
chr16_82124095_C_T_b38	3	3.91217e-04	1.738e-01	5.992e-02 2.8254945278167725	1.0
chr16_82126832_A_C_b38	3	3.91217e-04	1.738e-01	5.992e-02 2.8810405731201167	1.0
chr16_82123703_G_A_b38	3	3.91217e-04	1.738e-01	5.992e-02 2.8275163173675537	1.0
chr16_82125363_A_T_b38	3	3.91217e-04	1.738e-01	5.992e-02 2.8603169918060303	1.0
chr16_82124516_A_C_b38	3	3.91217e-04	1.738e-01	5.992e-02 2.8277387619018555	1.0
chr16_82125472_C_T_b38	3	3.91217e-04	1.738e-01	5.992e-02 2.861931562423706	1.0
chr16_82125579_T_C_b38	3	3.91217e-04	1.738e-01	5.992e-02 2.8545649051666264	1.0
chr16_82124261_C_G_b38	3	3.91217e-04	1.738e-01	5.992e-02 2.8310558795928955	1.0
chr16_82124031_T_C_b38	3	3.91217e-04	1.738e-01	5.992e-02 2.8132598400115967	1.0
chr16_82124616_G_A_b38	3	3.91217e-04	1.738e-01	5.992e-02 2.841383457183838	1.0
chr16_82123714_A_C_b38	3	3.91217e-04	1.738e-01	5.992e-02 2.8300547661175326	1.0
chr16_82123713_A_C_b38	3	3.91217e-04	1.738e-01	5.992e-02 2.8300547661175326	1.0
chr16_82123836_T_C_b38	3	3.91217e-04	1.738e-01	5.992e-02 2.8447322845458984	1.0
chr16_82128266_A_AACTC_b38	3	3.91217e-04	1.738e-01	5.992e-02 2.7803585744551365	1.0
chr16_82124020_G_T_b38	3	3.91217e-04	1.738e-01	5.992e-02 2.8132598400115967	1.0
chr16_82124951_A_G_b38	3	3.91217e-04	1.738e-01	5.992e-02 2.8508903980255127	1.0
chr16_82123933_T_A_b38	3	3.91217e-04	1.738e-01	5.992e-02 2.8150420188903813	1.0
chr16_82139271_G_C_b38	3	3.78761e-04	-2.117e-01	7.371e-02 -2.511749267578125	1.0
chr16_82127507_C_A_b38	3	3.70216e-04	1.728e-01	5.999e-02 2.7786435439200705	1.0
chr16_82139355_G_A_b38	3	3.50976e-04	-2.052e-01	7.210e-02 -3.077868871312712	1.0
chr16_82147133_C_T_b38	3	3.49854e-04	-1.698e-01	7.011e-02 -2.742837905883789	1.0
chr16_82141553_C_T_b38	3	3.14982e-04	-2.068e-01	7.400e-02 -2.847812966127788	1.0
chr16_82131485_G_T_b38	3	2.90073e-04	1.642e-01	5.891e-02 2.8773729801177983	1.0
chr16_82120183_T_C_b38	3	2.65132e-04	1.892e-01	5.880e-02 2.6303396224975586	1.0
chr16_82119639_G_T_b38	3	2.60088e-04	1.843e-01	5.728e-02 2.588414669036865	1.0
chr16_82190210_A_T_b38	4	2.09785e-02	3.781e-01	9.443e-02 -2.800113677978516	1.0
chr16_82202452_G_A_b38	4	2.07304e-03	2.499e-01	6.597e-02 -2.9699492454528813	1.0
chr16_82193112_C_T_b38	4	1.90988e-03	2.567e-01	7.525e-02 -2.770519971847534	1.0
chr16_82189880_A_C_b38	4	1.88690e-03	3.542e-01	1.012e-01 -2.781754970550537	1.0
chr16_82195114_C_G_b38	4	1.87265e-03	2.590e-01	7.750e-02 -2.7585527896881104	1.0
chr16_82191983_A_C_b38	4	8.24632e-04	2.589e-01	7.985e-02 -2.783097743988037	1.0
chr16_82204229_A_C_b38	4	7.21562e-04	2.324e-01	6.524e-02 -3.042369842529297	1.0
chr16_82204276_T_G_b38	4	5.09121e-04	2.331e-01	6.579e-02 -3.1267540686677293	1.0
chr16_82204268_A_G_b38	4	5.09121e-04	2.331e-01	6.579e-02 -3.1267540686677293	1.0
chr16_82193313_G_A_b38	4	4.90143e-04	2.355e-01	7.602e-02 -2.560391664505005	1.0
chr16_82206361_C_T_b38	4	4.31568e-04	2.528e-01	7.221e-02 -2.9652521610260014	1.0
chr16_82204843_C_A_b38	4	4.18630e-04	2.301e-01	6.614e-02 -3.151864300446071	1.0
chr16_82193803_A_C_b38	4	2.10332e-04	2.253e-01	7.514e-02 -2.791628837585449	1.0
chr16_82193454_A_T_b38	4	1.96885e-04	2.252e-01	7.604e-02 -2.9260590076446533	1.0
chr16_82169838_T_C_b38	5	5.53781e-04	1.570e-01	9.055e-02 -8.394704818725586	1.0
chr16_82167487_CTTTG_C_b38	5	8.98540e-05	2.236e-01	8.408e-02 -8.065628925460796	1.0
chr16_82168532_G_A_b38	5	4.95982e-05	2.451e-01	1.065e-01 -8.92001724243164	1.0
chr16_82167869_T_C_b38	5	4.27175e-05	2.220e-01	1.032e-01 -8.923114776611328	1.0
