chr17_61420691_A_G_b38	1	1.24192e-01	-2.208e-01	4.668e-02 -18.777069091796875	1.0
chr17_61414629_C_G_b38	1	1.24192e-01	-2.208e-01	4.668e-02 -18.654993057250977	1.0
chr17_61414023_A_G_b38	1	1.24192e-01	-2.208e-01	4.668e-02 -18.685396194458008	1.0
chr17_61419916_A_G_b38	1	1.24192e-01	-2.208e-01	4.668e-02 -18.74978828430176	1.0
chr17_61420889_A_G_b38	1	6.45068e-02	-2.136e-01	4.681e-02 -18.71990966796875	1.0
chr17_61414907_A_T_b38	1	2.70720e-02	-1.982e-01	4.579e-02 -18.555200576782227	1.0
chr17_61415353_A_G_b38	1	2.70720e-02	-1.982e-01	4.579e-02 -18.569759368896484	1.0
chr17_61415647_T_C_b38	1	2.70720e-02	-1.982e-01	4.579e-02 -18.577350616455078	1.0
chr17_61419288_T_C_b38	1	2.12007e-02	-1.958e-01	4.595e-02 -17.926125729457148	1.0
chr17_61412532_T_C_b38	1	1.01425e-02	-2.344e-01	5.746e-02 -13.31064224243164	1.0
chr17_61418722_T_C_b38	1	7.34020e-03	-1.837e-01	4.819e-02 -17.117950439453125	1.0
chr17_61417213_C_T_b38	1	5.91097e-03	-1.809e-01	4.641e-02 -18.611164093017575	1.0
chr17_61418877_T_C_b38	1	5.83713e-03	-1.804e-01	4.778e-02 -17.131471633911133	1.0
chr17_61419436_G_C_b38	1	1.34068e-03	1.810e-01	5.281e-02 13.777425765991213	1.0
chr17_61399531_C_T_b38	2	8.95469e-03	-3.635e-02	1.023e-01 -1.877748966217041	1.0
chr17_61399149_G_C_b38	2	3.77411e-03	-5.182e-02	1.040e-01 -1.8781229257583616	1.0
chr17_61400542_C_A_b38	2	2.49694e-03	-3.651e-02	1.024e-01 -1.7557616233825684	1.0
chr17_61398545_G_C_b38	2	1.59829e-03	-3.675e-02	1.024e-01 -1.7879353761672974	1.0
chr17_61397958_T_TAC_b38	2	1.59829e-03	-3.675e-02	1.024e-01 -1.6012375115285034	1.0
chr17_61398222_C_T_b38	2	1.59829e-03	-3.675e-02	1.024e-01 -1.7614870071411133	1.0
chr17_61401230_C_G_b38	2	1.51368e-03	-3.675e-02	1.024e-01 -1.8563797473907468	1.0
chr17_61395722_C_T_b38	2	1.42376e-03	-1.258e-01	1.249e-01 -1.504143476486206	1.0
chr17_61396519_G_A_b38	2	1.42376e-03	-1.258e-01	1.249e-01 -1.494425654411316	1.0
chr17_61403916_C_T_b38	2	9.52891e-04	-4.816e-02	1.043e-01 -1.8510633707046509	1.0
chr17_61404939_G_C_b38	2	6.34412e-04	-4.816e-02	1.043e-01 -1.8631888628005981	1.0
chr17_61409412_G_C_b38	2	6.13349e-04	-4.127e-02	1.027e-01 -1.87460458278656	1.0
chr17_61393481_A_G_b38	2	5.88741e-04	-1.281e-02	9.280e-02 -1.415535807609558	1.0
chr17_61420422_G_GTC_b38	2	2.98622e-04	-4.706e-02	1.038e-01 -1.8424500663185859	1.0
chr17_61411037_G_C_b38	2	2.98622e-04	-4.706e-02	1.038e-01 -1.8757420778274536	1.0
chr17_61415559_G_A_b38	2	2.77959e-04	-3.378e-02	9.624e-02 -1.9086626768112185	1.0
chr17_61414628_C_T_b38	2	2.77959e-04	-3.378e-02	9.624e-02 -1.9026962518692017	1.0
chr17_61418048_G_T_b38	2	2.77959e-04	-3.378e-02	9.624e-02 -1.9153226613998413	1.0
chr17_61419499_T_A_b38	2	2.77959e-04	-3.378e-02	9.624e-02 -1.9451360702514648	1.0
chr17_61420738_C_T_b38	2	2.49974e-04	-2.518e-03	8.485e-02 -1.8817702531814573	1.0
chr17_61419566_T_C_b38	2	2.45339e-04	1.901e-02	8.164e-02 -2.0056750774383545	1.0
chr17_61417174_C_T_b38	2	2.45339e-04	1.901e-02	8.164e-02 -1.924657702445984	1.0
chr17_61418192_C_T_b38	2	2.45339e-04	1.901e-02	8.164e-02 -1.9245290756225584	1.0
chr17_61399054_T_C_b38	3	9.68042e-02	-2.338e-01	5.753e-02 -13.346485137939453	1.0
chr17_61398527_A_C_b38	3	4.42187e-02	-2.339e-01	5.737e-02 -13.425009727478027	1.0
chr17_61402219_C_G_b38	3	4.18778e-02	-2.339e-01	5.737e-02 -13.354774475097654	1.0
chr17_61398446_T_TGGATGTG_b38	3	3.39791e-02	-2.256e-01	5.645e-02 -13.386353494278104	1.0
chr17_61393721_A_G_b38	3	1.11714e-02	-2.783e-01	7.019e-02 -10.142171859741213	1.0
chr17_61396004_T_C_b38	3	5.06932e-03	-2.356e-01	6.555e-02 -11.747039794921875	1.0
chr17_61401283_G_A_b38	3	1.11735e-03	-1.433e-01	5.117e-02 -11.262919425964355	1.0
chr17_61400993_G_C_b38	3	1.10278e-03	-1.448e-01	5.182e-02 -11.265814781188965	1.0
chr17_61401415_G_C_b38	3	1.09859e-03	-1.447e-01	5.183e-02 -11.242064476013184	1.0
chr17_61398281_C_T_b38	3	1.01953e-03	-1.426e-01	5.212e-02 -11.41582489013672	1.0
chr17_61394762_G_A_b38	3	9.22788e-04	-1.681e-01	5.471e-02 -12.70820140838623	1.0
chr17_61406955_A_G_b38	3	7.99137e-04	-1.559e-01	5.144e-02 -11.46292128033362	1.0
chr17_61408032_C_T_b38	3	7.99137e-04	-1.559e-01	5.144e-02 -11.398686408996582	1.0
chr17_61404804_GC_G_b38	3	5.94621e-04	-1.444e-01	5.272e-02 -11.355842916197018	1.0
chr17_61404808_C_G_b38	3	5.80649e-04	-1.432e-01	5.249e-02 -11.167955576500402	1.0
chr17_61404812_G_A_b38	3	5.80649e-04	-1.432e-01	5.249e-02 -11.428041679885194	1.0
chr17_61409438_A_G_b38	3	4.80247e-04	-1.482e-01	5.251e-02 -11.320841789245605	1.0
chr17_61394696_C_T_b38	3	3.97966e-04	-1.383e-01	5.080e-02 -10.583245277404783	1.0
chr17_61407759_G_A_b38	3	3.86583e-04	-1.432e-01	5.249e-02 -11.27885913848877	1.0
chr17_61407472_C_T_b38	3	3.86583e-04	-1.432e-01	5.249e-02 -11.288933753967285	1.0
chr17_61406405_C_T_b38	3	3.86583e-04	-1.432e-01	5.249e-02 -11.231167793273926	1.0
chr17_61408194_C_T_b38	3	3.86583e-04	-1.432e-01	5.249e-02 -11.28392219543457	1.0
chr17_61409371_C_T_b38	3	3.86583e-04	-1.432e-01	5.249e-02 -11.293070793151855	1.0
chr17_61407656_G_A_b38	3	3.86583e-04	-1.432e-01	5.249e-02 -11.290401458740234	1.0
chr17_61412874_C_T_b38	3	2.22791e-04	-1.444e-01	5.272e-02 -11.218095779418944	1.0
