chr19_48700572_C_T_b38	1	1.38152e-01	1.646e-01	3.305e-02 -4.374053001403809	1.0
chr19_48703998_A_G_b38	1	3.48976e-02	1.552e-01	3.331e-02 -3.6661357879638667	1.0
chr19_48704000_T_C_b38	1	3.48976e-02	1.552e-01	3.331e-02 -3.666252851486206	1.0
chr19_48703728_G_A_b38	1	3.48976e-02	1.552e-01	3.331e-02 -3.708747148513794	1.0
chr19_48703949_A_G_b38	1	3.48976e-02	1.552e-01	3.331e-02 -3.736412048339844	1.0
chr19_48704297_C_T_b38	1	2.91899e-02	1.536e-01	3.344e-02 -3.8990569114685063	1.0
chr19_48704394_T_C_b38	1	2.91899e-02	1.536e-01	3.344e-02 -3.900423288345337	1.0
chr19_48706594_A_G_b38	1	2.22620e-02	1.503e-01	3.332e-02 -3.9928324222564697	1.0
chr19_48703417_G_A_b38	1	2.02136e-02	1.540e-01	3.428e-02 -4.450500011444092	1.0
chr19_48703205_C_T_b38	1	2.02136e-02	1.540e-01	3.428e-02 -4.448750019073486	1.0
chr19_48702888_G_C_b38	1	2.02136e-02	1.540e-01	3.428e-02 -4.535396099090576	1.0
chr19_48702915_C_T_b38	1	2.02136e-02	1.540e-01	3.428e-02 -4.5238680839538565	1.0
chr19_48702851_C_G_b38	1	2.02136e-02	1.540e-01	3.428e-02 -4.535579204559326	1.0
chr19_48703160_A_G_b38	1	2.02136e-02	1.540e-01	3.428e-02 -4.521910667419434	1.0
chr19_48705753_T_C_b38	1	1.79288e-02	1.485e-01	3.347e-02 -3.9104909896850586	1.0
chr19_48705608_G_A_b38	1	1.79288e-02	1.485e-01	3.347e-02 -3.9104950428009033	1.0
chr19_48705372_G_C_b38	1	1.79288e-02	1.485e-01	3.347e-02 -3.9114201068878174	1.0
chr19_48705286_T_C_b38	1	1.79288e-02	1.485e-01	3.347e-02 -3.934903621673584	1.0
chr19_48705244_A_G_b38	1	1.79288e-02	1.485e-01	3.347e-02 -3.932267427444458	1.0
chr19_48705307_C_T_b38	1	1.79288e-02	1.485e-01	3.347e-02 -3.932281970977783	1.0
chr19_48704535_G_A_b38	1	1.34208e-02	1.461e-01	3.355e-02 -3.897131204605103	1.0
chr19_48726268_T_C_b38	1	1.13355e-02	1.425e-01	3.594e-02 -5.5263094902038565	1.0
chr19_48705721_A_G_b38	1	1.02196e-02	1.435e-01	3.358e-02 -3.9452619552612314	1.0
chr19_48706082_T_C_b38	1	1.02196e-02	1.435e-01	3.358e-02 -3.876713275909424	1.0
chr19_48706061_G_A_b38	1	1.02196e-02	1.435e-01	3.358e-02 -3.919340484643469	1.0
chr19_48706068_C_T_b38	1	1.02196e-02	1.435e-01	3.358e-02 -3.910527188584007	1.0
chr19_48705969_G_A_b38	1	1.02196e-02	1.435e-01	3.358e-02 -3.891148328781128	1.0
chr19_48714803_C_T_b38	1	9.10560e-03	1.500e-01	3.430e-02 -5.003026962280273	1.0
chr19_48711017_G_A_b38	1	8.89134e-03	1.432e-01	3.373e-02 -4.182164669036865	1.0
chr19_48706207_C_A_b38	1	7.93999e-03	1.440e-01	3.375e-02 -3.9356210231781006	1.0
chr19_48724186_C_T_b38	1	7.38236e-03	1.399e-01	3.546e-02 -5.51775598526001	1.0
chr19_48723999_C_T_b38	1	7.38236e-03	1.399e-01	3.546e-02 -5.565413951873778	1.0
chr19_48725015_T_C_b38	1	7.38236e-03	1.399e-01	3.546e-02 -5.5405378341674805	1.0
chr19_48723786_G_A_b38	1	6.75767e-03	1.385e-01	3.508e-02 -5.563377380371094	1.0
chr19_48728969_G_A_b38	1	6.31445e-03	1.379e-01	3.490e-02 -5.640501499176025	1.0
chr19_48745473_G_A_b38	1	6.30495e-03	-1.233e-01	3.939e-02 4.6118597984313965	1.0
chr19_48708712_T_C_b38	1	5.82032e-03	1.413e-01	3.331e-02 -3.858436584472656	1.0
chr19_48716202_T_C_b38	1	5.41777e-03	1.328e-01	3.405e-02 -5.516812801361084	1.0
chr19_48697960_C_T_b38	1	5.07208e-03	-1.389e-01	3.372e-02 4.265273571014403	1.0
chr19_48706309_A_G_b38	1	4.95219e-03	1.390e-01	3.333e-02 -3.9290339946746826	1.0
chr19_48717066_A_G_b38	1	4.78657e-03	1.342e-01	3.522e-02 -5.606989860534668	1.0
chr19_48715345_C_T_b38	1	4.49374e-03	1.400e-01	3.320e-02 -5.704218864440918	1.0
chr19_48706303_T_G_b38	1	4.49151e-03	1.399e-01	3.358e-02 -3.9729329985131367	1.0
chr19_48710247_G_A_b38	1	3.55759e-03	1.370e-01	3.326e-02 -3.903825521469116	1.0
chr19_48711838_C_T_b38	1	3.52505e-03	1.407e-01	3.367e-02 -5.719113349914551	1.0
chr19_48722509_A_T_b38	1	3.41040e-03	1.322e-01	3.507e-02 -5.808041572570801	1.0
chr19_48726066_G_A_b38	1	3.02905e-03	1.285e-01	3.476e-02 -5.4767189025878915	1.0
chr19_48715180_A_C_b38	1	2.93096e-03	1.387e-01	3.369e-02 -5.738080978393555	1.0
chr19_48715173_A_G_b38	1	2.93096e-03	1.387e-01	3.369e-02 -5.738846778869629	1.0
chr19_48714854_G_T_b38	1	2.93096e-03	1.387e-01	3.369e-02 -5.742835521697997	1.0
chr19_48703346_C_T_b38	1	2.82140e-03	-1.375e-01	3.321e-02 3.8168962001800537	1.0
chr19_48710027_G_A_b38	1	2.64030e-03	1.353e-01	3.373e-02 -3.91888689994812	1.0
chr19_48710576_G_A_b38	1	2.07213e-03	1.317e-01	3.308e-02 -3.909714698791504	1.0
chr19_48718415_T_A_b38	1	1.61410e-03	1.261e-01	3.811e-02 -4.931681634023984	1.0
chr19_48734290_G_A_b38	2	3.17126e-02	-1.380e-01	3.830e-02 4.237614154815674	1.0
chr19_48731042_A_T_b38	2	2.19455e-02	-1.338e-01	3.957e-02 4.321270942687988	1.0
chr19_48740963_G_A_b38	2	1.72442e-02	-6.479e-02	5.922e-02 4.163615703582764	1.0
chr19_48740962_C_A_b38	2	1.72442e-02	-6.479e-02	5.922e-02 4.194447040557861	1.0
chr19_48730149_C_A_b38	2	1.60509e-02	-1.383e-01	3.803e-02 4.338035106658936	1.0
chr19_48732845_T_C_b38	2	1.35454e-02	1.272e-01	4.004e-02 -5.103185176849365	1.0
chr19_48738719_A_G_b38	2	9.91680e-03	1.063e-01	5.544e-02 -5.247129917144775	1.0
chr19_48743609_A_G_b38	2	6.33947e-03	-1.039e-01	5.076e-02 5.087871551513672	1.0
chr19_48744795_C_T_b38	2	6.04360e-03	-1.049e-01	5.457e-02 5.104773750057501	1.0
chr19_48737758_C_T_b38	2	5.78838e-03	1.085e-01	5.269e-02 -5.185098648071289	1.0
chr19_48737757_G_A_b38	2	5.78838e-03	1.085e-01	5.269e-02 -5.205151081085205	1.0
chr19_48735769_T_C_b38	2	5.78838e-03	1.085e-01	5.269e-02 -5.220431327819824	1.0
chr19_48735943_G_A_b38	2	3.68262e-03	9.530e-02	5.460e-02 -5.200277805328369	1.0
chr19_48746441_C_T_b38	2	3.04764e-03	-9.999e-02	4.872e-02 3.3398435115814213	1.0
chr19_48746940_T_C_b38	2	2.88834e-03	-1.039e-01	4.845e-02 4.302332878112793	1.0
chr19_48747281_A_G_b38	2	2.88834e-03	-1.039e-01	4.845e-02 4.297108173370361	1.0
chr19_48738143_C_T_b38	2	2.67966e-03	-8.603e-02	5.495e-02 4.313401222229004	1.0
chr19_48737749_C_G_b38	2	2.67966e-03	-8.603e-02	5.495e-02 4.3169031143188485	1.0
chr19_48745074_G_A_b38	2	2.43502e-03	-7.912e-02	5.651e-02 4.123014450073241	1.0
chr19_48744706_G_T_b38	2	2.43502e-03	-7.912e-02	5.651e-02 4.124031066894531	1.0
chr19_48745383_A_G_b38	2	2.43502e-03	-7.912e-02	5.651e-02 4.126016616821288	1.0
chr19_48744344_C_T_b38	2	2.43502e-03	-7.912e-02	5.651e-02 4.1198015213012695	1.0
chr19_48743867_T_G_b38	2	2.43502e-03	-7.912e-02	5.651e-02 4.138902664184569	1.0
chr19_48743829_A_G_b38	2	2.43502e-03	-7.912e-02	5.651e-02 4.1358280181884775	1.0
chr19_48744998_G_A_b38	2	2.43502e-03	-7.912e-02	5.651e-02 4.123318672180177	1.0
chr19_48744529_G_A_b38	2	2.43502e-03	-7.912e-02	5.651e-02 4.118957042694092	1.0
chr19_48744436_C_T_b38	2	2.43502e-03	-7.912e-02	5.651e-02 4.119067192077637	1.0
chr19_48744742_T_A_b38	2	2.43502e-03	-7.912e-02	5.651e-02 4.022026100758372	1.0
chr19_48745038_G_A_b38	2	2.43502e-03	-7.912e-02	5.651e-02 4.1160621643066415	1.0
chr19_48744765_A_C_b38	2	2.43502e-03	-7.912e-02	5.651e-02 4.1200881004333505	1.0
chr19_48744741_G_GC_b38	2	2.43502e-03	-7.912e-02	5.651e-02 4.022026100758372	1.0
chr19_48744643_G_A_b38	2	2.37432e-03	-7.823e-02	5.692e-02 4.1261396408081055	1.0
chr19_48747400_C_G_b38	2	2.19313e-03	-9.674e-02	4.965e-02 4.260426044464111	1.0
chr19_48746982_C_T_b38	2	2.11751e-03	-9.637e-02	5.290e-02 5.015727996826172	1.0
chr19_48744863_A_G_b38	2	1.96817e-03	-7.103e-02	5.814e-02 4.136985301971436	1.0
chr19_48746186_A_T_b38	2	1.27159e-03	-8.201e-02	5.576e-02 4.18131160736084	1.0
chr19_48747376_G_A_b38	2	1.27159e-03	-8.201e-02	5.576e-02 4.091726303100587	1.0
chr19_48746557_C_A_b38	2	1.04614e-03	-7.480e-02	5.734e-02 4.1450018882751465	1.0
chr19_48746538_C_T_b38	2	1.04614e-03	-7.480e-02	5.734e-02 4.143488883972168	1.0
chr19_48746631_G_A_b38	2	1.04614e-03	-7.480e-02	5.734e-02 4.1402063369750985	1.0
chr19_48719762_C_G_b38	2	3.69952e-04	-1.000e-01	4.568e-02 3.976297616958618	1.0
chr19_48721227_C_T_b38	2	2.88017e-04	-9.402e-02	4.731e-02 3.982242584228516	1.0
chr19_48720376_C_G_b38	2	2.15484e-04	8.226e-02	5.447e-02 -4.843851089477539	1.0
chr19_48721709_A_C_b38	2	2.09241e-04	8.059e-02	5.450e-02 -4.806033134460449	1.0
chr19_48719226_C_G_b38	2	2.00218e-04	-8.494e-02	5.059e-02 4.112623214721681	1.0
chr19_48721132_T_C_b38	2	1.62682e-04	7.119e-02	5.893e-02 -4.872833251953125	1.0
chr19_48712967_G_C_b38	2	8.98770e-05	-8.723e-02	4.843e-02 3.88726019859314	1.0
chr19_48710809_G_A_b38	2	8.68125e-05	-8.532e-02	5.352e-02 2.254444360733032	1.0
chr19_48751698_C_T_b38	2	7.79064e-05	-1.515e-02	6.989e-02 4.3349361419677725	1.0
chr19_48756272_A_G_b38	2	6.38557e-05	-2.762e-02	6.071e-02 4.935526847839356	1.0
chr19_48711491_T_C_b38	2	5.07806e-05	-6.855e-02	5.326e-02 3.927033662796021	1.0
chr19_48714048_A_G_b38	2	5.06743e-05	-6.874e-02	5.390e-02 3.9958400726318364	1.0
chr19_48711213_T_C_b38	2	4.22292e-05	-5.210e-02	6.290e-02 2.7139110565185547	1.0
chr19_48737894_C_T_b38	3	9.34150e-05	-1.088e-01	9.279e-02 0.0	1.0
