chr17_75782435_CA_C_b38	1	3.43233e-01	5.719e-01	5.935e-02 -4.212796026590693	1.0
chr17_75782736_G_C_b38	1	2.06975e-01	5.666e-01	5.903e-02 -4.212796026590693	1.0
chr17_75783117_A_C_b38	1	2.06975e-01	5.666e-01	5.903e-02 -4.212796026590693	1.0
chr17_75786110_T_C_b38	1	1.89974e-01	5.600e-01	5.521e-02 -5.10442590713501	1.0
chr17_75782528_C_G_b38	1	2.27782e-02	5.538e-01	5.086e-02 -4.162695318734324	1.0
chr17_75794368_G_A_b38	1	8.95185e-03	4.469e-01	1.283e-01 -3.2325136698723327	1.0
chr17_75794012_C_G_b38	1	8.95185e-03	4.469e-01	1.283e-01 -3.0817320346832275	1.0
chr17_75784425_G_A_b38	1	4.59688e-03	-5.198e-01	1.111e-01 3.9455317714096654	1.0
chr17_75765758_G_T_b38	2	2.41510e-02	1.744e-01	1.297e-01 -1.8363134895826403	1.0
chr17_75765759_TCG_T_b38	2	2.41510e-02	1.744e-01	1.297e-01 -1.8363134895826403	1.0
chr17_75766481_A_G_b38	2	7.83612e-03	1.130e-01	8.356e-02 -1.7818833662205678	1.0
chr17_75766615_G_A_b38	2	6.45002e-03	1.052e-01	8.706e-02 -1.4468837932114602	1.0
chr17_75769000_C_T_b38	2	1.39947e-03	1.016e-01	8.693e-02 -1.4468837932114602	1.0
chr17_75774580_A_T_b38	2	8.07318e-04	8.661e-02	7.859e-02 -1.6749064036534005	1.0
chr17_75761170_G_C_b38	2	7.38536e-04	-5.310e-02	6.317e-02 1.5127819638907478	1.0
chr17_75773459_C_T_b38	2	6.49937e-04	7.326e-02	8.275e-02 -1.3526265792786647	1.0
chr17_75778796_G_A_b38	2	5.05716e-04	1.030e-01	7.951e-02 -1.634977105396766	1.0
chr17_75789999_T_C_b38	2	9.11588e-05	5.625e-02	6.530e-02 -0.6905428773080335	1.0
chr17_75782488_C_T_b38	2	8.90463e-05	4.600e-02	7.673e-02 -1.8748357064061252	1.0
chr17_75787819_G_A_b38	2	8.23269e-05	4.936e-02	6.717e-02 -0.7646586169110214	1.0
chr17_75789367_G_A_b38	2	7.92743e-05	4.582e-02	6.408e-02 -0.6905428773080335	1.0
chr17_75776775_G_C_b38	2	7.28088e-05	-3.663e-02	8.083e-02 -1.8945654630661009	1.0
chr17_75789410_C_T_b38	2	6.76807e-05	3.053e-02	6.434e-02 -0.8065464870865136	1.0
chr17_75777025_G_A_b38	2	6.53415e-05	6.029e-03	7.355e-02 1.3559974431991575	1.0
chr17_75771008_T_C_b38	3	3.10578e-03	3.687e-01	1.083e-01 -3.5461502475328146	1.0
chr17_75801154_C_T_b38	3	2.11702e-03	3.937e-01	1.016e-01 -3.6099922799545463	1.0
chr17_75765315_T_C_b38	3	1.80464e-03	2.093e-01	1.114e-01 -3.693666633845067	1.0
chr17_75779504_G_A_b38	3	1.37816e-03	3.671e-01	1.079e-01 -3.619606040713264	1.0
chr17_75779744_G_A_b38	3	1.37816e-03	3.671e-01	1.079e-01 -3.5914139984759323	1.0
chr17_75800536_A_C_b38	3	1.25600e-03	3.809e-01	1.012e-01 -3.6612089599367676	1.0
chr17_75797966_T_G_b38	3	1.25600e-03	3.809e-01	1.012e-01 -3.882471799850464	1.0
chr17_75801193_G_A_b38	3	1.25600e-03	3.809e-01	1.012e-01 -3.616145132500008	1.0
chr17_75794879_G_C_b38	3	6.73550e-04	3.624e-01	1.053e-01 -3.6099922799545463	1.0
chr17_75768419_G_A_b38	3	2.65505e-04	2.821e-01	1.122e-01 -3.5013503994371185	1.0
