chr11_18634515_G_C_b38	1	3.25485e-01	-2.743e-01	5.615e-02 4.616588115692139	1.0
chr11_18634724_C_T_b38	1	3.25485e-01	-2.743e-01	5.615e-02 7.4952144622802725	1.0
chr11_18635385_C_T_b38	1	1.06468e-01	-2.744e-01	5.617e-02 5.269264980118293	1.0
chr11_18633142_C_CT_b38	1	6.15346e-02	-2.746e-01	5.610e-02 5.269264980118293	1.0
chr11_18614268_A_G_b38	1	5.89230e-02	-2.934e-01	5.351e-02 5.282490176891153	1.0
chr11_18618930_C_T_b38	1	2.89698e-02	-2.874e-01	5.511e-02 4.646630764007568	1.0
chr11_18623473_C_CA_b38	1	2.34506e-02	-2.847e-01	5.558e-02 5.360805662876059	1.0
chr11_18622012_G_A_b38	1	1.76263e-02	-2.837e-01	5.400e-02 5.269264980118293	1.0
chr11_18642694_T_G_b38	1	1.20166e-02	-2.653e-01	5.886e-02 4.7604103088378915	1.0
chr11_18611437_T_C_b38	1	1.01683e-02	-2.854e-01	5.213e-02 7.141899108886719	1.0
chr11_18617165_A_T_b38	1	1.01683e-02	-2.854e-01	5.213e-02 4.596474170684815	1.0
chr11_18624121_T_C_b38	1	8.49147e-03	-2.834e-01	5.239e-02 4.591723918914795	1.0
chr11_18624296_C_A_b38	1	8.49147e-03	-2.834e-01	5.239e-02 4.253345966339111	1.0
chr11_18630288_A_G_b38	2	5.53155e-02	-1.456e-01	4.954e-02 3.2469391589310668	1.0
chr11_18643531_T_C_b38	2	2.70583e-02	-1.371e-01	4.564e-02 2.6479992272047688	1.0
chr11_18629968_A_G_b38	2	2.56065e-02	-1.310e-01	4.923e-02 3.1977231924020613	1.0
chr11_18636274_C_G_b38	2	2.47064e-02	-1.202e-01	4.786e-02 3.2095045172746555	1.0
chr11_18627811_G_A_b38	2	1.92006e-02	-1.346e-01	4.720e-02 3.051796817085352	1.0
chr11_18637352_C_T_b38	2	1.52620e-02	-1.203e-01	4.787e-02 3.2095045172746555	1.0
chr11_18637765_CAGTT_C_b38	2	1.52620e-02	-1.203e-01	4.787e-02 3.2095045172746555	1.0
chr11_18638639_C_T_b38	2	1.52620e-02	-1.203e-01	4.787e-02 3.2095045172746555	1.0
chr11_18612424_G_A_b38	2	1.42542e-02	-1.445e-01	4.901e-02 3.2638924736996584	1.0
chr11_18626632_C_T_b38	2	1.33864e-02	-1.310e-01	4.926e-02 3.0212903022766118	1.0
chr11_18628846_T_C_b38	2	1.33864e-02	-1.310e-01	4.926e-02 2.8594322204589844	1.0
chr11_18631239_G_C_b38	2	1.18049e-02	-1.074e-01	4.306e-02 3.0465292930603027	1.0
chr11_18630405_G_A_b38	2	9.38007e-03	-1.013e-01	4.091e-02 2.088690651327092	1.0
chr11_18645618_C_T_b38	2	8.59657e-03	-1.279e-01	4.446e-02 2.9809791930551346	1.0
chr11_18621565_G_T_b38	2	6.35063e-03	-1.309e-01	4.931e-02 3.007737874984741	1.0
chr11_18611894_A_G_b38	2	6.32709e-03	-1.298e-01	4.874e-02 3.200950603526933	1.0
chr11_18604443_G_A_b38	2	5.28463e-03	-1.448e-01	4.905e-02 3.2638924736996584	1.0
chr11_18643986_G_T_b38	2	4.10909e-03	-9.645e-02	3.995e-02 1.989752962734312	1.0
chr11_18607183_G_A_b38	2	3.86818e-03	-1.378e-01	4.684e-02 3.108091115951538	1.0
chr11_18643901_C_T_b38	2	3.77253e-03	-1.013e-01	4.440e-02 3.1356138782981766	1.0
chr11_18644216_T_C_b38	2	2.49644e-03	-9.140e-02	4.122e-02 1.02014212420128	1.0
chr11_18605166_G_A_b38	2	1.83300e-03	-1.266e-01	4.762e-02 3.214778777888456	1.0
chr11_18668899_C_T_b38	2	1.61629e-03	-1.105e-01	4.139e-02 2.026858820092788	1.0
chr11_18668672_C_T_b38	2	1.11407e-03	-1.081e-01	4.167e-02 1.814440131187439	1.0
chr11_18644107_T_C_b38	2	9.97122e-04	-7.619e-02	3.963e-02 1.9357467737917764	1.0
chr11_18607757_C_T_b38	2	6.56678e-04	-1.039e-01	4.341e-02 3.011804342269897	1.0
chr11_18634627_G_A_b38	3	6.91117e-03	1.178e-01	1.008e-01 -2.2915780544281006	1.0
chr11_18641738_A_G_b38	3	6.06939e-05	1.134e-01	9.417e-02 -2.2905404567718506	1.0
chr11_18643305_G_A_b38	3	4.46736e-05	7.880e-02	9.547e-02 -2.1526319385301007	1.0
