chr11_18634724_C_T_b38	1	3.69620e-01	-2.453e-01	2.503e-02 7.4952144622802725	1.0
chr11_18634515_G_C_b38	1	3.69620e-01	-2.453e-01	2.503e-02 4.616588115692139	1.0
chr11_18635385_C_T_b38	1	1.30992e-01	-2.454e-01	2.503e-02 5.269264980118293	1.0
chr11_18633142_C_CT_b38	1	6.42559e-02	-2.454e-01	2.502e-02 5.269264980118293	1.0
chr11_18624121_T_C_b38	1	1.30153e-02	-2.454e-01	2.500e-02 4.591723918914795	1.0
chr11_18624296_C_A_b38	1	1.30153e-02	-2.454e-01	2.500e-02 4.253345966339111	1.0
chr11_18622012_G_A_b38	1	1.25922e-02	-2.452e-01	2.497e-02 5.269264980118293	1.0
chr11_18611437_T_C_b38	1	1.23206e-02	-2.458e-01	2.507e-02 7.141899108886719	1.0
chr11_18617165_A_T_b38	1	1.23206e-02	-2.458e-01	2.507e-02 4.596474170684815	1.0
chr11_18634627_G_A_b38	2	6.98517e-02	1.187e-01	5.750e-02 -2.2915780544281006	1.0
chr11_18641738_A_G_b38	2	4.52738e-03	1.189e-01	5.747e-02 -2.2905404567718506	1.0
chr11_18643305_G_A_b38	2	1.87717e-03	9.285e-02	5.888e-02 -2.1526319385301007	1.0
chr11_18646039_G_A_b38	2	7.45637e-04	8.771e-02	5.724e-02 -2.0843875293588847	1.0
chr11_18635211_G_A_b38	3	2.46593e-03	-1.033e-01	6.325e-02 -4.306728041241701	1.0
chr11_18640847_G_A_b38	3	1.68378e-04	-1.031e-01	6.323e-02 -4.119020904729125	1.0
chr11_18641417_G_A_b38	3	1.57430e-04	-8.612e-02	5.110e-02 -3.9924139310936857	1.0
chr11_18648103_A_C_b38	3	8.38924e-05	-1.059e-01	6.347e-02 -4.088222591729471	1.0
chr11_18645744_T_C_b38	3	7.47169e-05	-9.959e-02	6.240e-02 -4.082670238016005	1.0
chr11_18620290_G_A_b38	3	7.31228e-05	-8.612e-02	5.110e-02 -4.034590506093726	1.0
chr11_18647641_A_T_b38	3	4.16971e-05	-7.006e-02	6.053e-02 -4.351554191477981	1.0
chr11_18650490_C_G_b38	3	3.94122e-05	-6.649e-02	6.116e-02 -4.332688889258549	1.0
chr11_18652403_G_A_b38	3	3.94122e-05	-6.649e-02	6.116e-02 -4.147331411990632	1.0
chr11_18659558_C_T_b38	3	3.94122e-05	-6.649e-02	6.116e-02 -4.147331411990632	1.0
chr11_18651493_A_G_b38	3	3.94122e-05	-6.649e-02	6.116e-02 -4.332688889258549	1.0
chr11_18653415_G_A_b38	3	3.94122e-05	-6.649e-02	6.116e-02 -4.147331411990632	1.0
chr11_18655923_C_T_b38	3	3.94122e-05	-6.649e-02	6.116e-02 -4.332688889258549	1.0
chr11_18645969_A_G_b38	3	3.73430e-05	-6.273e-02	5.957e-02 -4.44866389480917	1.0
chr11_18605287_A_C_b38	3	3.61404e-05	-1.199e-01	6.493e-02 -5.062267303466797	1.0
