chr16_71972498_C_A_b38	1	4.99712e-01	8.003e-01	2.021e-01 0.0	1.0
chr16_71972665_C_G_b38	1	4.99712e-01	8.003e-01	2.021e-01 0.0	1.0
chr16_72154058_A_T_b38	2	3.26252e-01	4.169e-01	6.534e-02 3.0014467239379883	1.0
chr16_72072125_C_T_b38	2	3.08800e-01	4.003e-01	6.821e-02 0.3369091375165272	1.0
chr16_72045008_G_A_b38	2	1.35587e-01	4.028e-01	6.881e-02 1.2858368158340454	1.0
chr16_72061553_C_T_b38	2	5.68265e-02	4.452e-01	8.154e-02 0.8303247186146161	1.0
chr16_72061554_A_G_b38	2	5.68265e-02	4.452e-01	8.154e-02 0.8303247186146161	1.0
chr16_72065795_C_T_b38	2	4.09273e-02	4.513e-01	8.116e-02 0.7304032297040618	1.0
chr16_72071472_T_C_b38	2	2.76201e-02	4.513e-01	8.116e-02 0.7304032297040618	1.0
chr16_72154929_T_C_b38	2	1.58428e-02	4.103e-01	7.171e-02 2.9712398052215576	1.0
chr16_72059235_C_A_b38	2	9.69783e-03	4.131e-01	7.909e-02 0.8951339825575991	1.0
chr16_72075347_C_T_b38	2	8.01697e-03	4.480e-01	8.203e-02 0.7304032297040618	1.0
chr16_72074788_A_T_b38	2	8.01697e-03	4.480e-01	8.203e-02 0.0219347570091486	1.0
chr16_72162877_A_G_b38	2	4.38154e-03	3.986e-01	7.311e-02 2.930437033727177	1.0
chr16_72160007_A_G_b38	2	4.15711e-04	3.480e-01	7.266e-02 2.7607431411743164	1.0
chr16_72063928_C_T_b38	3	5.74810e-01	3.327e-01	6.637e-02 10.834193489957547	1.0
chr16_72067626_C_G_b38	3	1.78381e-01	3.340e-01	6.630e-02 9.55659008026123	1.0
chr16_72045090_TG_T_b38	3	1.61710e-01	3.455e-01	6.497e-02 10.969670258443609	1.0
chr16_72074194_G_A_b38	3	8.01876e-02	3.416e-01	6.668e-02 13.426681518554688	1.0
chr16_72018449_A_G_b38	3	6.87350e-04	2.532e-01	5.878e-02 9.290199279785156	1.0
chr16_72106654_G_A_b38	3	4.09172e-04	2.549e-01	5.970e-02 10.37937221469394	1.0
chr16_72063887_C_T_b38	4	8.42620e-01	4.629e-01	1.138e-01 1.0862778898031962	1.0
chr16_72045836_T_C_b38	4	1.15390e-02	4.483e-01	1.182e-01 1.0862778898031962	1.0
chr16_72076882_T_C_b38	5	3.33675e-02	8.029e-01	3.631e-01 -0.6896727681159973	1.0
chr16_72076642_G_A_b38	5	3.33675e-02	8.029e-01	3.631e-01 -0.7082339525222778	1.0
chr16_72077611_C_T_b38	5	3.78199e-04	2.480e-01	1.335e-01 -0.7479063404610824	1.0
chr16_72068142_G_A_b38	6	2.44819e-02	-9.942e-01	2.260e-01 -0.5068503358412221	1.0
chr16_72084519_G_A_b38	6	5.37784e-03	-9.946e-01	2.260e-01 -0.7088049529069536	1.0
chr16_72087059_A_T_b38	6	5.37784e-03	-9.946e-01	2.260e-01 -0.4399131536483765	1.0
chr16_72080192_T_C_b38	6	5.37784e-03	-9.946e-01	2.260e-01 -0.7088049529069536	1.0
chr16_72079446_C_T_b38	6	1.47977e-03	-9.216e-01	2.228e-01 -0.688878059387207	1.0
chr16_72071661_C_T_b38	7	3.50225e-04	3.036e-01	1.231e-01 -0.023834320605451164	1.0
