chr16_56960616_C_T_b38	1	2.24663e-01	-2.899e-01	5.380e-02 -11.094569206237793	1.0
chr16_56960332_T_TA_b38	1	2.24663e-01	-2.899e-01	5.380e-02 -11.227382943623926	1.0
chr16_56953457_T_C_b38	1	1.98949e-01	-2.980e-01	5.508e-02 -10.96050262451172	1.0
chr16_56953103_C_T_b38	1	1.08992e-01	-2.932e-01	5.430e-02 -11.065710067749023	1.0
chr16_56957451_C_T_b38	1	8.08855e-02	-2.783e-01	5.234e-02 -11.074397087097168	1.0
chr16_56956804_C_A_b38	1	4.47065e-02	-2.782e-01	5.219e-02 -11.266386985778807	1.0
chr16_56955678_C_T_b38	1	3.74072e-02	-2.750e-01	5.137e-02 -12.765167236328125	1.0
chr16_56959249_G_A_b38	1	3.51015e-02	-2.808e-01	5.314e-02 -10.521568298339844	1.0
chr16_56953853_C_T_b38	1	2.00339e-02	-2.796e-01	5.220e-02 -11.250622913473446	1.0
chr16_56959412_C_A_b38	1	1.69716e-02	-2.577e-01	4.985e-02 -12.227374076843262	1.0
chr16_56954132_C_T_b38	1	4.98960e-03	-2.551e-01	4.846e-02 -12.412307739257812	1.0
chr16_56951602_G_A_b38	1	2.19051e-03	-2.632e-01	4.961e-02 -9.211532592773438	1.0
chr16_56962246_T_C_b38	2	2.02850e-02	1.133e-01	6.295e-02 -8.730745315551758	1.0
chr16_56962299_G_A_b38	2	1.32419e-02	9.915e-02	7.208e-02 -10.35207748413086	1.0
chr16_56961324_C_A_b38	2	5.86294e-03	9.680e-02	6.452e-02 -10.05720329284668	1.0
chr16_56962376_G_A_b38	2	4.25200e-03	8.946e-02	7.265e-02 -9.653981509048402	1.0
chr16_56962737_C_A_b38	2	3.85100e-03	7.984e-02	7.377e-02 -8.783474922180176	1.0
chr16_56962733_GCC_G_b38	2	3.85100e-03	7.984e-02	7.377e-02 -9.508045541186144	1.0
chr16_56965006_A_G_b38	2	1.33799e-03	8.769e-02	6.905e-02 -9.280616186480227	1.0
chr16_56965416_C_T_b38	2	1.29691e-03	8.511e-02	6.917e-02 -6.26068115234375	1.0
chr16_56971567_C_A_b38	2	7.77964e-04	9.772e-02	7.284e-02 -10.644789695739746	1.0
chr16_56971389_C_T_b38	2	7.77964e-04	9.772e-02	7.284e-02 -9.054655075073242	1.0
chr16_56970977_G_A_b38	2	7.38195e-04	9.316e-02	7.263e-02 -10.57642650604248	1.0
chr16_56967304_C_T_b38	2	6.54555e-04	8.080e-02	6.897e-02 -9.280616186480227	1.0
chr16_56967526_G_A_b38	2	6.54555e-04	8.080e-02	6.897e-02 -9.280616186480227	1.0
chr16_56962367_C_T_b38	3	9.72084e-04	2.326e-01	1.303e-01 1.83760929107666	1.0
