chr16_72106654_G_A_b38	1	5.90844e-01	5.493e-01	8.666e-02 10.37937221469394	1.0
chr16_72074194_G_A_b38	1	2.39468e-01	5.143e-01	8.352e-02 13.426681518554688	1.0
chr16_72063928_C_T_b38	1	1.05489e-01	5.205e-01	8.417e-02 10.834193489957547	1.0
chr16_72045090_TG_T_b38	1	3.09515e-02	5.271e-01	8.882e-02 10.969670258443609	1.0
chr16_72067626_C_G_b38	1	2.97505e-02	4.983e-01	8.426e-02 9.55659008026123	1.0
chr16_72092015_G_A_b38	2	6.63587e-03	-3.068e-01	1.688e-01 -0.7088049529069536	1.0
chr16_72096226_T_C_b38	2	6.50635e-03	-2.284e-01	1.319e-01 -4.527838706970215	1.0
chr16_72095782_G_A_b38	2	6.50635e-03	-2.284e-01	1.319e-01 -3.8104751110076895	1.0
chr16_72089524_C_A_b38	2	3.76123e-03	-3.067e-01	1.688e-01 -0.4665805697441101	1.0
chr16_72098149_T_C_b38	2	3.75145e-03	-2.283e-01	1.318e-01 -4.1376376152038565	1.0
chr16_72084519_G_A_b38	2	3.31379e-03	-3.067e-01	1.688e-01 -0.7088049529069536	1.0
chr16_72088862_A_G_b38	2	3.31379e-03	-3.067e-01	1.688e-01 -0.4232676327228546	1.0
chr16_72087059_A_T_b38	2	3.31379e-03	-3.067e-01	1.688e-01 -0.4399131536483765	1.0
chr16_72102255_G_T_b38	2	2.55821e-03	-2.283e-01	1.318e-01 -2.4508988857269287	1.0
chr16_72090513_G_A_b38	2	2.29406e-03	-2.257e-01	1.523e-01 -1.0786812488553623	1.0
chr16_72105768_T_G_b38	2	2.19168e-03	-2.851e-01	1.417e-01 -2.600529670715332	1.0
chr16_72108212_T_G_b38	2	2.19168e-03	-2.851e-01	1.417e-01 -3.5165464878082275	1.0
chr16_72088416_T_A_b38	2	2.01725e-03	-2.256e-01	1.523e-01 -0.28375259041786194	1.0
chr16_72085729_C_G_b38	2	2.01725e-03	-2.256e-01	1.523e-01 -0.08558037132024765	1.0
chr16_72087588_T_G_b38	2	2.01725e-03	-2.256e-01	1.523e-01 -0.4441972374916077	1.0
chr16_72115780_C_T_b38	2	1.67519e-03	-3.066e-01	1.687e-01 -0.13249176479796668	1.0
chr16_72080192_T_C_b38	2	1.55472e-03	-3.066e-01	1.687e-01 -0.7088049529069536	1.0
chr16_72080816_C_T_b38	2	8.88045e-04	-2.256e-01	1.522e-01 -0.6605514883995056	1.0
chr16_72079446_C_T_b38	2	8.88045e-04	-2.256e-01	1.522e-01 -0.688878059387207	1.0
chr16_72081646_A_G_b38	2	8.88045e-04	-2.256e-01	1.522e-01 -1.0786812488553623	1.0
chr16_72083924_C_A_b38	2	8.88045e-04	-2.256e-01	1.522e-01 -0.4320569932460785	1.0
chr16_72083372_CTT_C_b38	2	8.88045e-04	-2.256e-01	1.522e-01 -1.0786812488553623	1.0
chr16_72083502_T_C_b38	2	8.88045e-04	-2.256e-01	1.522e-01 -1.0786812488553623	1.0
chr16_72083623_G_A_b38	2	8.88045e-04	-2.256e-01	1.522e-01 -1.0786812488553623	1.0
chr16_72009454_G_C_b38	2	8.11741e-04	-4.210e-01	1.580e-01 -1.6482879278664395	1.0
chr16_72068142_G_A_b38	2	5.80975e-04	-3.065e-01	1.686e-01 -0.5068503358412221	1.0
chr16_71998852_A_G_b38	2	4.53814e-04	-3.551e-01	1.483e-01 -4.006941795349121	1.0
chr16_71999681_T_A_b38	2	2.97707e-04	-3.546e-01	1.587e-01 -2.342597961425781	1.0
chr16_72005069_C_A_b38	2	2.97707e-04	-3.546e-01	1.587e-01 -2.8893312359280925	1.0
chr16_72005308_C_T_b38	2	2.97707e-04	-3.546e-01	1.587e-01 -2.194632053375244	1.0
chr16_72019058_C_T_b38	2	2.97707e-04	-3.546e-01	1.587e-01 -2.8893312359280925	1.0
chr16_72077611_C_T_b38	2	2.96446e-04	5.470e-02	1.495e-01 -0.7479063404610824	1.0
chr16_72076882_T_C_b38	2	2.96446e-04	5.470e-02	1.495e-01 -0.6896727681159973	1.0
chr16_72076642_G_A_b38	2	2.96446e-04	5.470e-02	1.495e-01 -0.7082339525222778	1.0
chr16_72037553_G_A_b38	2	1.56119e-04	-3.078e-01	1.684e-01 -0.5068503358412221	1.0
chr16_72011024_CT_C_b38	2	4.10497e-05	-1.590e-01	1.520e-01 -2.0113842491577176	1.0
chr16_72081339_A_T_b38	3	5.26103e-04	3.421e-01	7.170e-02 3.84982967376709	1.0
chr16_72094400_C_T_b38	3	4.24625e-04	5.886e-02	1.028e-01 2.850212812423706	1.0
chr16_72094308_G_C_b38	3	3.01734e-04	4.187e-03	8.592e-02 1.1411099490946846	1.0
chr16_72097841_ACT_A_b38	3	2.82303e-04	3.163e-01	7.355e-02 4.8841452708435975	1.0
chr16_72096916_C_A_b38	3	1.95422e-04	3.045e-01	7.270e-02 6.106719017028809	1.0
chr16_72098814_C_T_b38	3	1.95422e-04	3.045e-01	7.270e-02 4.5150227546691895	1.0
chr16_72103662_G_A_b38	3	1.83606e-04	3.163e-01	7.355e-02 5.420598030090332	1.0
chr16_72099564_TCTC_T_b38	3	1.83606e-04	3.163e-01	7.355e-02 4.8841452708435975	1.0
chr16_72103328_C_A_b38	3	1.83606e-04	3.163e-01	7.355e-02 5.455519199371338	1.0
chr16_72104213_G_T_b38	3	1.24732e-04	3.045e-01	7.270e-02 6.160752773284912	1.0
chr16_72102870_C_T_b38	3	1.24732e-04	3.045e-01	7.270e-02 4.300386905670166	1.0
chr16_72092164_T_C_b38	3	1.05026e-04	2.855e-01	7.380e-02 3.91770018726456	1.0
chr16_72092266_C_T_b38	3	1.05026e-04	2.855e-01	7.380e-02 3.91770018726456	1.0
chr16_72113343_G_T_b38	3	8.80395e-05	3.103e-01	7.270e-02 3.7291851043701167	1.0
chr16_72092377_C_T_b38	3	8.31166e-05	2.825e-01	7.465e-02 3.9016612550985807	1.0
chr16_72098165_G_C_b38	3	7.77126e-05	2.859e-01	7.268e-02 3.1664724349975586	1.0
chr16_72105285_C_A_b38	3	6.66750e-05	3.045e-01	7.270e-02 6.153273105621338	1.0
chr16_72108173_C_T_b38	3	5.41563e-05	3.069e-01	7.429e-02 3.8523283004760738	1.0
chr16_72090093_G_T_b38	3	5.11170e-05	2.855e-01	7.380e-02 4.61883544921875	1.0
chr16_72090258_A_G_b38	3	5.11170e-05	2.855e-01	7.380e-02 4.604176998138428	1.0
chr16_72090320_T_C_b38	3	5.11170e-05	2.855e-01	7.380e-02 3.311853647232056	1.0
chr16_72091834_A_C_b38	3	5.11170e-05	2.855e-01	7.380e-02 4.472971439361572	1.0
chr16_72088244_G_A_b38	3	4.50360e-05	2.855e-01	7.380e-02 4.095713271489799	1.0
chr16_72088057_A_G_b38	3	4.50360e-05	2.855e-01	7.380e-02 4.095713271489799	1.0
chr16_72114440_T_C_b38	3	3.94069e-05	2.971e-01	7.362e-02 2.845656394958496	1.0
chr16_72116695_C_CTT_b38	3	3.30338e-05	3.018e-01	7.571e-02 3.6457679817421833	1.0
chr16_72108696_C_A_b38	3	3.09073e-05	2.953e-01	7.452e-02 3.1077773571014404	1.0
chr16_72113767_A_C_b38	3	2.93718e-05	2.906e-01	7.365e-02 4.275393486022948	1.0
chr16_72108996_G_C_b38	3	2.28426e-05	2.855e-01	7.380e-02 3.0303134918212886	1.0
chr16_72084425_G_A_b38	3	2.03130e-05	2.620e-01	7.258e-02 5.005610274780571	1.0
chr16_72110385_A_G_b38	3	1.45170e-05	2.785e-01	7.476e-02 4.555907249450684	1.0
chr16_72112671_T_C_b38	3	1.45170e-05	2.785e-01	7.476e-02 3.671207328386034	1.0
chr16_72077049_C_G_b38	3	1.32250e-05	2.668e-01	7.182e-02 5.1603031243006505	1.0
