chr19_48714854_G_T_b38	1	1.31442e-01	2.827e-01	4.860e-02 5.73484153004472	1.0
chr19_48711838_C_T_b38	1	1.31442e-01	2.827e-01	4.860e-02 5.798656627784284	1.0
chr19_48715173_A_G_b38	1	1.09425e-01	2.829e-01	4.893e-02 5.763012822638389	1.0
chr19_48715180_A_C_b38	1	1.09425e-01	2.829e-01	4.893e-02 5.763012822638389	1.0
chr19_48717066_A_G_b38	1	4.94042e-02	2.766e-01	4.928e-02 5.646929468218351	1.0
chr19_48714803_C_T_b38	1	4.22990e-02	2.723e-01	4.891e-02 5.764895883653582	1.0
chr19_48715345_C_T_b38	1	2.82348e-02	2.678e-01	4.875e-02 5.762956517178728	1.0
chr19_48708712_T_C_b38	1	2.39268e-02	2.739e-01	5.036e-02 6.767529487609862	1.0
chr19_48706594_A_G_b38	1	1.74620e-02	2.737e-01	5.100e-02 5.1627023761090856	1.0
chr19_48702888_G_C_b38	1	1.73360e-02	2.664e-01	4.980e-02 4.034322738647462	1.0
chr19_48703205_C_T_b38	1	1.73360e-02	2.664e-01	4.980e-02 5.257786273956299	1.0
chr19_48702851_C_G_b38	1	1.73360e-02	2.664e-01	4.980e-02 5.4147629737854	1.0
chr19_48703417_G_A_b38	1	1.73360e-02	2.664e-01	4.980e-02 5.364152908325195	1.0
chr19_48703160_A_G_b38	1	1.73360e-02	2.664e-01	4.980e-02 7.4487624168396	1.0
chr19_48702915_C_T_b38	1	1.73360e-02	2.664e-01	4.980e-02 7.403141498565674	1.0
chr19_48705608_G_A_b38	1	1.67119e-02	2.656e-01	4.963e-02 4.522373676300049	1.0
chr19_48704297_C_T_b38	1	1.60796e-02	2.695e-01	5.052e-02 5.215111598880445	1.0
chr19_48704394_T_C_b38	1	1.60796e-02	2.695e-01	5.052e-02 5.189443150855115	1.0
chr19_48706207_C_A_b38	1	1.51351e-02	2.704e-01	5.066e-02 5.179506345319856	1.0
chr19_48705372_G_C_b38	1	1.35653e-02	2.653e-01	5.001e-02 5.198931814517298	1.0
chr19_48705307_C_T_b38	1	1.35653e-02	2.653e-01	5.001e-02 5.198931814517298	1.0
chr19_48705753_T_C_b38	1	1.35653e-02	2.653e-01	5.001e-02 5.051523685455322	1.0
chr19_48705244_A_G_b38	1	1.35613e-02	2.653e-01	5.001e-02 5.198931814517298	1.0
chr19_48705286_T_C_b38	1	1.35613e-02	2.653e-01	5.001e-02 4.96056079864502	1.0
chr19_48722509_A_T_b38	1	1.26147e-02	2.628e-01	4.941e-02 5.650341707467513	1.0
chr19_48705721_A_G_b38	1	9.59023e-03	2.588e-01	4.940e-02 5.041540145874023	1.0
chr19_48710247_G_A_b38	1	7.10532e-03	2.595e-01	5.010e-02 5.52969974474716	1.0
chr19_48710576_G_A_b38	1	7.10532e-03	2.595e-01	5.010e-02 5.52969974474716	1.0
chr19_48711017_G_A_b38	1	6.44312e-03	2.573e-01	4.983e-02 5.082703590393066	1.0
chr19_48706309_A_G_b38	1	5.63000e-03	2.545e-01	4.973e-02 5.31755159121575	1.0
chr19_48704535_G_A_b38	1	5.18438e-03	2.561e-01	5.027e-02 5.232591484090834	1.0
chr19_48716202_T_C_b38	1	4.72683e-03	2.536e-01	4.976e-02 5.7002414636127074	1.0
chr19_48703949_A_G_b38	1	4.65214e-03	2.539e-01	5.007e-02 4.8587989807128915	1.0
chr19_48703998_A_G_b38	1	4.65214e-03	2.539e-01	5.007e-02 5.168594950790674	1.0
chr19_48704000_T_C_b38	1	4.65214e-03	2.539e-01	5.007e-02 5.230739564441223	1.0
chr19_48703728_G_A_b38	1	4.65214e-03	2.539e-01	5.007e-02 4.871418476104736	1.0
chr19_48706061_G_A_b38	1	4.52044e-03	2.526e-01	4.984e-02 5.2780906578436015	1.0
chr19_48705969_G_A_b38	1	4.52044e-03	2.526e-01	4.984e-02 5.071447849273682	1.0
chr19_48706082_T_C_b38	1	4.52044e-03	2.526e-01	4.984e-02 5.254651734713686	1.0
chr19_48706068_C_T_b38	1	4.52044e-03	2.526e-01	4.984e-02 5.254651734713686	1.0
chr19_48710027_G_A_b38	1	4.12036e-03	2.559e-01	5.061e-02 5.5432109141212615	1.0
chr19_48706303_T_G_b38	1	3.77317e-03	2.552e-01	5.070e-02 5.293800812242175	1.0
chr19_48745473_G_A_b38	1	2.42650e-03	-2.506e-01	4.825e-02 -5.271246910095215	1.0
chr19_48728969_G_A_b38	1	2.40048e-03	2.547e-01	4.900e-02 5.47639364223267	1.0
chr19_48723999_C_T_b38	1	1.89640e-03	2.519e-01	4.896e-02 5.568383895876783	1.0
chr19_48723786_G_A_b38	1	1.89640e-03	2.519e-01	4.896e-02 5.553667728387118	1.0
chr19_48672707_G_C_b38	2	2.41997e-02	1.405e-01	9.808e-02 -1.4754186868667605	1.0
chr19_48664748_G_A_b38	2	1.57457e-03	1.394e-01	9.867e-02 -0.8206452487126458	1.0
chr19_48667778_C_G_b38	2	1.57457e-03	1.394e-01	9.867e-02 -0.8098240452683991	1.0
chr19_48686506_G_C_b38	2	4.77536e-04	1.144e-01	9.588e-02 -1.006717294587305	1.0
chr19_48685874_A_G_b38	2	4.77536e-04	1.144e-01	9.588e-02 -1.1368278264302465	1.0
chr19_48686143_G_A_b38	2	4.77536e-04	1.144e-01	9.588e-02 -1.195242351244027	1.0
chr19_48686272_T_C_b38	2	4.77536e-04	1.144e-01	9.588e-02 -1.006717294587305	1.0
chr19_48685939_C_T_b38	2	4.77536e-04	1.144e-01	9.588e-02 -1.1368278264302465	1.0
chr19_48686158_A_G_b38	2	4.77536e-04	1.144e-01	9.588e-02 -0.9702939391136168	1.0
chr19_48686486_T_TA_b38	2	3.61940e-04	9.520e-02	1.023e-01 -1.006717294587305	1.0
chr19_48685769_G_A_b38	2	3.40784e-04	8.700e-02	9.287e-02 -1.1540410944624755	1.0
chr19_48686866_C_T_b38	2	3.33608e-04	8.294e-02	1.044e-01 -1.1050521109285805	1.0
chr19_48687819_G_A_b38	2	3.33608e-04	8.294e-02	1.044e-01 -1.163819234290312	1.0
chr19_48687108_A_G_b38	2	3.33608e-04	8.294e-02	1.044e-01 -1.1050521109285805	1.0
chr19_48695079_T_C_b38	2	2.56051e-04	7.156e-02	8.607e-02 -1.237500325734303	1.0
chr19_48692616_A_G_b38	2	2.32430e-04	6.425e-02	8.477e-02 -1.2492400814246485	1.0
chr19_48689837_A_G_b38	2	2.07475e-04	4.139e-02	8.716e-02 -1.2479422907142892	1.0
chr19_48690959_T_G_b38	2	2.07475e-04	4.139e-02	8.716e-02 -1.3487039228915585	1.0
chr19_48689477_C_T_b38	2	2.04040e-04	2.903e-02	8.948e-02 -1.1223434010877291	1.0
chr19_48692154_C_T_b38	2	2.03816e-04	1.757e-02	9.195e-02 -1.2393217831850574	1.0
chr19_48685001_C_T_b38	2	2.03016e-04	3.710e-02	8.615e-02 -1.1368278264302465	1.0
chr19_48685370_G_A_b38	2	2.03016e-04	3.710e-02	8.615e-02 -1.1368278264302465	1.0
chr19_48685224_T_C_b38	2	2.03016e-04	3.710e-02	8.615e-02 -1.125548521871907	1.0
chr19_48672642_CTT_C_b38	3	2.24365e-04	-2.886e-02	9.940e-02 -1.4340361712974343	1.0
