chr1_109275908_C_T_b38	1	3.28269e-01	-3.065e-01	3.644e-02 35.27109146118164	1.0
chr1_109275684_G_T_b38	1	3.28269e-01	-3.065e-01	3.644e-02 33.15143585205078	1.0
chr1_109274241_T_TC_b38	1	3.00424e-01	3.332e-01	4.641e-02 -28.391101847096138	1.0
chr1_109278685_G_T_b38	1	4.19317e-02	-2.873e-01	4.001e-02 19.361616134643555	1.0
chr1_109292761_G_C_b38	2	9.98828e-01	-2.653e-01	4.330e-02 1.5141018629074097	1.0
chr1_109330668_G_A_b38	3	4.79214e-01	-1.980e-01	4.069e-02 -2.875392716384125	1.0
chr1_109350588_G_T_b38	3	6.23786e-02	-1.887e-01	4.092e-02 -2.4068677425384517	1.0
chr1_109338099_T_C_b38	3	5.73327e-02	-1.869e-01	4.087e-02 -2.5652549266815186	1.0
chr1_109334263_C_T_b38	3	5.73327e-02	-1.869e-01	4.087e-02 -0.6085843443870544	1.0
chr1_109492537_T_C_b38	3	1.45172e-02	-1.795e-01	3.584e-02 -2.0926547050476074	1.0
chr1_109470490_A_G_b38	3	1.29161e-02	1.894e-01	3.771e-02 0.6091877222061157	1.0
chr1_109465030_G_A_b38	3	1.29161e-02	1.894e-01	3.771e-02 0.5761704444885254	1.0
chr1_109419313_A_G_b38	3	1.11962e-02	1.932e-01	3.875e-02 0.6134179830551147	1.0
chr1_109430765_A_G_b38	3	1.00851e-02	1.932e-01	3.894e-02 2.443390130996704	1.0
chr1_109488273_GTC_G_b38	3	5.81974e-03	-1.785e-01	3.682e-02 -2.6949060623268832	1.0
chr1_109325270_A_G_b38	3	4.82593e-03	1.318e-01	3.783e-02 6.828595968075278	1.0
chr1_109278889_T_G_b38	4	6.11930e-03	-1.228e-01	6.764e-02 34.54852294921875	1.0
chr1_109275536_C_CT_b38	4	4.17118e-03	-1.360e-01	1.013e-01 30.34507000678645	1.0
chr1_109275216_T_C_b38	4	2.89092e-03	-9.676e-02	1.378e-01 34.762413024902344	1.0
chr1_109274968_G_T_b38	4	1.15196e-03	5.620e-02	1.243e-01 -35.260009765625	1.0
chr1_109274570_A_G_b38	4	9.16938e-04	-7.264e-02	1.618e-01 -27.42078971862793	1.0
chr1_109279386_G_T_b38	4	5.68316e-04	2.527e-02	5.240e-02 21.363222290049734	1.0
