chr9_133274987_G_A_b38	1	3.36600e-01	-9.016e-01	4.893e-02 -3.179243564605713	1.0
chr9_133271325_C_T_b38	1	2.37931e-01	-9.093e-01	4.885e-02 -2.8789670467376713	1.0
chr9_133275782_G_A_b38	1	1.23062e-01	-9.044e-01	4.866e-02 -2.92960786819458	1.0
chr9_133276029_C_A_b38	1	1.11990e-01	-8.959e-01	4.824e-02 -3.014798641204834	1.0
chr9_133269277_G_T_b38	1	9.34299e-02	-9.078e-01	4.839e-02 -2.904109001159668	1.0
chr9_133278037_C_T_b38	1	2.86068e-02	-9.040e-01	4.811e-02 -2.7744977474212646	1.0
chr9_133265724_T_C_b38	1	2.11379e-02	-9.016e-01	4.892e-02 -2.516342163085937	1.0
chr9_133264214_C_T_b38	1	1.87712e-02	-9.021e-01	4.838e-02 -2.751025676727295	1.0
chr9_133268698_A_G_b38	1	1.65046e-02	-9.039e-01	4.882e-02 -2.8520739078521733	1.0
chr9_133258643_G_A_b38	1	7.64537e-03	-9.060e-01	4.874e-02 -2.610503673553467	1.0
chr9_133265102_C_T_b38	1	1.68270e-03	-8.937e-01	4.811e-02 -2.8356397151947017	1.0
chr9_133257570_C_T_b38	1	7.51013e-04	-8.994e-01	4.944e-02 -2.387608528137207	1.0
chr9_133257647_G_T_b38	1	7.51013e-04	-8.994e-01	4.944e-02 -2.322338819503784	1.0
chr9_133257183_G_A_b38	1	1.23426e-04	-8.909e-01	5.377e-02 -2.372685432434082	1.0
chr9_133260793_T_A_b38	1	9.23402e-05	-8.860e-01	5.630e-02 -2.611424207687378	1.0
chr9_133259705_G_A_b38	1	9.23402e-05	-8.860e-01	5.630e-02 -2.6421234607696533	1.0
chr9_133259656_C_T_b38	1	9.23402e-05	-8.860e-01	5.630e-02 -2.622809648513794	1.0
chr9_133260839_G_A_b38	1	9.23402e-05	-8.860e-01	5.630e-02 -2.613485097885132	1.0
chr9_133259834_C_T_b38	1	9.23402e-05	-8.860e-01	5.630e-02 -1.9522949457168581	1.0
chr9_133261367_C_A_b38	1	9.23402e-05	-8.860e-01	5.630e-02 -2.59319806098938	1.0
chr9_133260040_A_G_b38	1	9.23402e-05	-8.860e-01	5.630e-02 -2.614095687866211	1.0
chr9_133260074_G_A_b38	1	9.23402e-05	-8.860e-01	5.630e-02 -2.613637685775757	1.0
chr9_133260255_T_C_b38	1	9.23402e-05	-8.860e-01	5.630e-02 -2.609959363937378	1.0
chr9_133259746_G_GCTTCTGTCCACAC_b38	1	9.23402e-05	-8.860e-01	5.630e-02 -2.567106967287604	1.0
chr9_133257174_G_C_b38	1	1.39529e-05	-9.442e-01	4.736e-02 -2.2967472076416016	1.0
chr9_133256396_C_T_b38	1	1.39529e-05	-9.442e-01	4.736e-02 -2.3173236846923833	1.0
chr9_133256398_T_C_b38	1	1.39529e-05	-9.442e-01	4.736e-02 -2.3174047470092773	1.0
chr9_133266092_G_A_b38	2	9.99924e-01	4.546e-01	8.809e-02 -1.0171284675598145	1.0
chr9_133277095_C_T_b38	2	2.75233e-05	4.794e-01	5.452e-02 -0.994746208190918	1.0
chr9_133274295_A_T_b38	3	3.24675e-01	2.972e-01	5.924e-02 5.914902957245976	1.0
chr9_133274293_AC_A_b38	3	3.24675e-01	2.972e-01	5.924e-02 5.914902957245976	1.0
chr9_133274414_A_G_b38	3	1.26292e-01	-2.708e-01	5.719e-02 -6.737621784210205	1.0
chr9_133273983_A_G_b38	3	5.07520e-02	-2.704e-01	5.717e-02 -6.73493766784668	1.0
chr9_133263362_GCGCCCACCACTA_G_b38	3	4.17212e-02	3.040e-01	5.825e-02 5.914902957245976	1.0
chr9_133276354_C_T_b38	3	3.43142e-02	-2.602e-01	5.565e-02 -6.517476558685303	1.0
chr9_133279427_T_C_b38	3	2.58548e-02	-2.699e-01	5.706e-02 -6.587597846984862	1.0
chr9_133279294_T_G_b38	3	1.81847e-02	-2.608e-01	5.554e-02 -6.428345680236816	1.0
chr9_133278431_T_C_b38	3	1.81847e-02	-2.608e-01	5.554e-02 -6.440602779388428	1.0
chr9_133278724_C_T_b38	3	1.81847e-02	-2.608e-01	5.554e-02 -6.447113990783691	1.0
chr9_133266456_T_C_b38	3	1.34829e-02	-2.697e-01	5.704e-02 -6.781420230865479	1.0
chr9_133273734_C_T_b38	4	2.59623e-01	4.745e-01	9.783e-02 -0.8470788002014159	1.0
chr9_133270880_T_C_b38	4	1.53265e-01	4.751e-01	9.778e-02 -0.8688536286354065	1.0
chr9_133269042_A_G_b38	4	8.83114e-02	4.757e-01	9.772e-02 -0.9040092229843141	1.0
chr9_133253171_T_C_b38	4	6.80210e-02	4.675e-01	9.340e-02 -0.921292006969452	1.0
chr9_133252613_G_C_b38	4	5.76842e-02	4.501e-01	9.078e-02 -1.1012990474700928	1.0
chr9_133266772_C_T_b38	4	3.45172e-02	4.425e-01	9.608e-02 -1.076120376586914	1.0
chr9_133256074_G_A_b38	4	2.57478e-02	4.381e-01	9.207e-02 -1.1787819862365725	1.0
chr9_133256028_C_T_b38	4	2.57478e-02	4.381e-01	9.207e-02 -1.1597230434417725	1.0
chr9_133253728_A_T_b38	4	2.57478e-02	4.381e-01	9.207e-02 -1.054080367088318	1.0
chr9_133254260_G_A_b38	4	2.57478e-02	4.381e-01	9.207e-02 -1.057270646095276	1.0
chr9_133255928_C_G_b38	4	2.57478e-02	4.381e-01	9.207e-02 -1.175242304801941	1.0
chr9_133255935_G_T_b38	4	2.57478e-02	4.381e-01	9.207e-02 -1.1887730360031128	1.0
chr9_133255801_C_T_b38	4	2.57478e-02	4.381e-01	9.207e-02 -1.1726140975952148	1.0
chr9_133254328_C_T_b38	4	2.57478e-02	4.381e-01	9.207e-02 -1.0567221641540527	1.0
chr9_133262254_C_T_b38	4	1.59961e-02	4.432e-01	9.609e-02 -1.0834202766418457	1.0
chr9_133257567_T_C_b38	4	1.15359e-02	4.338e-01	9.425e-02 -1.1697224378585815	1.0
chr9_133257367_C_A_b38	4	1.12256e-02	3.526e-01	7.648e-02 -1.1687017679214478	1.0
chr9_133255635_C_T_b38	4	8.38468e-03	3.379e-01	7.426e-02 -1.1708031892776491	1.0
chr9_133257129_G_A_b38	4	6.67695e-03	3.398e-01	7.584e-02 -1.1982367038726809	1.0
chr9_133256205_G_C_b38	4	6.67695e-03	3.398e-01	7.584e-02 -1.2072551250457764	1.0
chr9_133256508_C_T_b38	4	6.67695e-03	3.398e-01	7.584e-02 -1.1827208995819092	1.0
chr9_133257138_T_C_b38	4	6.67695e-03	3.398e-01	7.584e-02 -1.1926506757736206	1.0
chr9_133256781_T_C_b38	4	6.67695e-03	3.398e-01	7.584e-02 -1.1916056871414185	1.0
chr9_133251979_C_T_b38	4	5.72362e-03	4.056e-01	9.257e-02 -0.9461135268211364	1.0
chr9_133257230_G_A_b38	4	5.40312e-04	3.021e-01	7.298e-02 -0.6253665685653687	1.0
chr9_133274963_G_A_b38	5	3.41504e-02	2.225e-01	1.116e-01 -0.3729582726955414	1.0
chr9_133255963_G_T_b38	5	2.25393e-04	2.148e-01	1.159e-01 -0.6233382225036621	1.0
