chr17_48893147_G_A_b38	1	2.97811e-01	-1.175e-01	3.609e-02 -4.478413105010986	1.0
chr17_48892897_T_C_b38	1	2.66044e-01	1.113e-01	3.642e-02 4.951879978179932	1.0
chr17_48891815_G_A_b38	1	6.46062e-02	-1.069e-01	3.401e-02 -4.422202110290527	1.0
chr17_48890530_G_T_b38	1	2.82709e-02	-1.074e-01	3.378e-02 -4.3301615715026855	1.0
chr17_48900991_T_C_b38	1	2.25349e-02	1.151e-01	3.333e-02 4.809907913208008	1.0
chr17_48905018_G_A_b38	1	1.54533e-02	-1.181e-01	3.278e-02 -4.618244647979736	1.0
chr17_48906458_G_A_b38	1	1.54533e-02	-1.181e-01	3.278e-02 -4.618781566619873	1.0
chr17_48884659_G_A_b38	1	1.03687e-02	-1.075e-01	3.359e-02 -4.3063106536865225	1.0
chr17_48887044_G_C_b38	1	1.03687e-02	-1.075e-01	3.359e-02 -4.447439193725586	1.0
chr17_48898849_C_T_b38	1	9.98356e-03	-1.083e-01	3.465e-02 -4.392605781555177	1.0
chr17_48910682_G_A_b38	1	7.74847e-03	-1.164e-01	3.365e-02 -4.410777568817139	1.0
chr17_48885491_C_G_b38	1	7.19451e-03	-1.115e-01	3.580e-02 -4.375778198242188	1.0
chr17_48884131_C_T_b38	1	7.19451e-03	-1.115e-01	3.580e-02 -4.375778198242188	1.0
chr17_48887396_A_G_b38	1	7.02807e-03	1.045e-01	3.383e-02 4.547837257385254	1.0
chr17_48937289_CT_C_b38	1	6.37578e-03	-1.327e-01	3.517e-02 -4.56541792451833	1.0
chr17_48934393_G_A_b38	1	6.37578e-03	-1.327e-01	3.517e-02 -4.553343296051025	1.0
chr17_48932646_G_A_b38	1	6.37578e-03	-1.327e-01	3.517e-02 -4.4150214195251465	1.0
chr17_48963251_G_A_b38	1	6.26422e-03	-1.348e-01	3.304e-02 -4.682787418365479	1.0
chr17_48961940_A_T_b38	1	6.26422e-03	-1.348e-01	3.304e-02 -4.6728835105896	1.0
chr17_48899974_T_TGGG_b38	1	5.57837e-03	-1.046e-01	3.554e-02 -4.921303318163789	1.0
chr17_48931184_C_T_b38	1	4.76951e-03	-1.254e-01	3.407e-02 -4.404557704925537	1.0
chr17_48964800_C_A_b38	1	4.20633e-03	-1.310e-01	3.293e-02 -4.6708197593688965	1.0
chr17_48965478_G_T_b38	1	3.74207e-03	-1.385e-01	3.538e-02 -4.54020357131958	1.0
chr17_48883398_G_A_b38	1	3.59364e-03	9.694e-02	3.269e-02 4.5177507400512695	1.0
chr17_48925153_C_T_b38	1	3.52455e-03	-1.225e-01	3.424e-02 -4.406611919403076	1.0
chr17_48968500_G_A_b38	1	1.94777e-03	-1.399e-01	3.185e-02 -4.588239192962647	1.0
chr17_48925181_A_G_b38	1	1.73152e-03	1.240e-01	3.050e-02 4.9073824882507315	1.0
chr17_48940707_G_A_b38	1	1.65728e-03	-1.291e-01	3.181e-02 -4.497058391571045	1.0
chr17_48930601_C_T_b38	1	1.65503e-03	-1.294e-01	3.189e-02 -4.422866344451903	1.0
chr17_48926728_G_A_b38	1	1.65503e-03	-1.294e-01	3.189e-02 -4.419564723968506	1.0
chr17_48925400_G_A_b38	1	1.65503e-03	-1.294e-01	3.189e-02 -4.386857509613037	1.0
chr17_48892439_G_A_b38	2	4.31309e-01	1.308e-01	4.300e-02 0.2569861114025116	1.0
chr17_48892955_G_C_b38	2	2.38441e-02	7.532e-02	3.882e-02 0.3189218044281006	1.0
chr17_48892813_C_G_b38	2	1.85556e-02	6.801e-02	4.764e-02 0.24648463726043696	1.0
chr17_48879736_C_G_b38	2	3.74993e-03	1.172e-01	4.177e-02 0.5944210886955261	1.0
chr17_48892721_G_GA_b38	3	5.30043e-03	5.062e-02	7.662e-02 4.240593386236402	1.0
chr17_48892303_A_T_b38	3	4.07047e-03	3.423e-02	5.841e-02 4.281066417694092	1.0
chr17_48892013_GCCA_G_b38	3	1.33046e-03	4.962e-02	4.642e-02 4.095831105699141	1.0
chr17_48892007_G_A_b38	3	1.12073e-03	4.116e-02	4.725e-02 3.6287472248077393	1.0
chr17_48864057_G_T_b38	3	6.75207e-04	-1.068e-01	2.838e-02 -3.8999814987182617	1.0
chr17_48895117_ATCTC_A_b38	3	6.26587e-04	5.753e-02	5.037e-02 4.240593386236402	1.0
chr17_48893778_G_A_b38	3	6.26587e-04	5.753e-02	5.037e-02 4.3272247314453125	1.0
chr17_48890646_G_C_b38	3	4.62728e-04	4.124e-02	4.585e-02 4.275160312652588	1.0
chr17_48890426_T_C_b38	3	4.62728e-04	4.124e-02	4.585e-02 3.907386064529419	1.0
chr17_48897372_T_C_b38	3	3.40760e-04	5.674e-02	5.028e-02 4.337671756744385	1.0
chr17_48895503_C_T_b38	3	3.40760e-04	5.674e-02	5.028e-02 4.318631172180177	1.0
chr17_48889588_T_C_b38	3	3.07817e-04	4.493e-02	4.521e-02 4.311705589294434	1.0
chr17_48889762_G_A_b38	3	2.94857e-04	4.124e-02	4.585e-02 4.248715400695802	1.0
chr17_48889699_C_T_b38	3	2.94857e-04	4.124e-02	4.585e-02 4.2798728942871085	1.0
chr17_48889675_T_A_b38	3	2.94857e-04	4.124e-02	4.585e-02 4.112734317779541	1.0
chr17_48889676_T_A_b38	3	2.72008e-04	3.409e-02	4.445e-02 4.0579752922058105	1.0
chr17_48899244_G_A_b38	3	2.43556e-04	5.674e-02	5.028e-02 4.003167629241943	1.0
chr17_48900921_A_G_b38	3	2.43556e-04	5.674e-02	5.028e-02 4.2908382415771475	1.0
chr17_48897788_AG_A_b38	3	2.43556e-04	5.674e-02	5.028e-02 4.240593386236402	1.0
chr17_48900100_T_G_b38	3	2.43556e-04	5.674e-02	5.028e-02 4.228743553161621	1.0
chr17_48900554_A_G_b38	3	2.43556e-04	5.674e-02	5.028e-02 4.260467052459717	1.0
chr17_48898008_G_A_b38	3	2.43556e-04	5.674e-02	5.028e-02 4.325769901275635	1.0
chr17_48899763_G_A_b38	3	2.43556e-04	5.674e-02	5.028e-02 4.365211009979248	1.0
chr17_48899419_C_T_b38	3	2.43556e-04	5.674e-02	5.028e-02 4.3200411796569815	1.0
chr17_48899394_C_G_b38	3	2.43556e-04	5.674e-02	5.028e-02 4.321460247039795	1.0
chr17_48909254_C_T_b38	3	1.99807e-04	-1.436e-01	9.531e-02 -4.017575263977052	1.0
chr17_48911792_A_G_b38	3	1.70089e-04	-1.190e-01	8.422e-02 -3.987760305404663	1.0
chr17_48910303_G_A_b38	3	1.70089e-04	-1.190e-01	8.422e-02 -3.9942476749420166	1.0
chr17_48937621_ACT_A_b38	3	1.57542e-04	1.010e-01	4.246e-02 4.134612122930061	1.0
chr17_48908272_A_G_b38	3	1.53354e-04	1.250e-01	9.870e-02 4.143530368804932	1.0
chr17_48904057_T_C_b38	3	1.49108e-04	-1.286e-01	9.439e-02 -4.152404308319092	1.0
chr17_48909317_A_G_b38	3	8.11633e-05	6.673e-02	4.374e-02 4.303659439086913	1.0
chr17_48908231_A_C_b38	3	8.11633e-05	6.673e-02	4.374e-02 4.2946109771728525	1.0
chr17_48911167_A_G_b38	3	6.71733e-05	5.583e-02	4.274e-02 4.276329517364502	1.0
chr17_48917484_G_C_b38	3	6.71733e-05	5.583e-02	4.274e-02 4.28347110748291	1.0
chr17_48916008_G_A_b38	3	6.71733e-05	5.583e-02	4.274e-02 4.2775044441223145	1.0
chr17_48916305_T_G_b38	3	6.71733e-05	5.583e-02	4.274e-02 4.223067283630371	1.0
chr17_48914194_A_G_b38	3	6.71733e-05	5.583e-02	4.274e-02 4.275160312652588	1.0
