chr7_140061376_T_A_b38	1	1.93496e-01	2.773e-01	5.517e-02 -3.434156894683838	1.0
chr7_140061448_A_G_b38	1	1.73733e-01	2.780e-01	5.551e-02 -3.169141292572021	1.0
chr7_140024755_C_T_b38	1	1.05510e-01	3.034e-01	5.491e-02 -4.424200534820557	1.0
chr7_140060202_C_T_b38	1	7.21998e-02	2.695e-01	5.500e-02 -4.178839683532715	1.0
chr7_140058815_G_C_b38	1	7.21998e-02	2.695e-01	5.500e-02 -4.119922637939453	1.0
chr7_140060740_TCCCTGCTCTC_T_b38	1	6.49338e-02	2.690e-01	5.518e-02 -4.195389454001755	1.0
chr7_140059026_C_T_b38	1	5.84591e-02	2.634e-01	5.433e-02 -4.021209716796875	1.0
chr7_140037544_C_T_b38	1	3.11945e-02	2.760e-01	5.263e-02 -4.315835952758788	1.0
chr7_140028246_T_C_b38	1	3.11945e-02	2.760e-01	5.263e-02 -4.271686553955078	1.0
chr7_140023600_G_A_b38	1	3.11945e-02	2.760e-01	5.263e-02 -4.3272247314453125	1.0
chr7_140022730_T_A_b38	1	3.11945e-02	2.760e-01	5.263e-02 -4.340745449066162	1.0
chr7_140049546_G_A_b38	1	1.97288e-02	2.710e-01	5.543e-02 -3.925082445144653	1.0
chr7_140045991_G_A_b38	1	1.45799e-02	2.710e-01	5.632e-02 -3.9863412380218506	1.0
chr7_140024558_G_A_b38	1	1.01155e-02	2.775e-01	5.562e-02 -4.145549297332764	1.0
chr7_140026407_G_A_b38	1	9.48484e-03	2.727e-01	5.487e-02 -4.3965206146240225	1.0
chr7_140028784_A_C_b38	1	9.48484e-03	2.727e-01	5.487e-02 -4.259374141693115	1.0
chr7_140017400_T_C_b38	1	7.37261e-03	2.687e-01	5.469e-02 -3.817519664764404	1.0
chr7_140017378_T_C_b38	1	7.37261e-03	2.687e-01	5.469e-02 -3.8285508155822754	1.0
chr7_140027335_G_A_b38	1	6.72952e-03	2.710e-01	5.543e-02 -4.031169414520264	1.0
chr7_140018906_G_T_b38	1	2.13611e-03	2.532e-01	5.487e-02 -3.9881162643432617	1.0
chr7_140063619_C_T_b38	2	1.66315e-02	-8.953e-02	7.162e-02 0.06560538709163666	1.0
chr7_140063705_G_A_b38	2	1.66200e-02	-8.953e-02	7.162e-02 -0.06509909778833389	1.0
chr7_140063311_C_G_b38	2	1.13933e-02	-6.243e-02	7.129e-02 0.0562157928943634	1.0
chr7_140063223_C_A_b38	2	1.13933e-02	-6.243e-02	7.129e-02 0.11674238741397858	1.0
chr7_140072145_A_G_b38	2	5.89312e-04	-5.943e-02	6.991e-02 0.25377368927001953	1.0
chr7_140067774_C_T_b38	3	1.22456e-02	2.491e-01	5.606e-02 -1.9336075782775881	1.0
chr7_140068135_AAAG_A_b38	3	1.22456e-02	2.491e-01	5.606e-02 -1.7853946917440768	1.0
chr7_140072161_A_G_b38	3	4.51487e-03	2.362e-01	5.444e-02 -1.780748724937439	1.0
chr7_140071580_C_A_b38	3	4.23307e-03	2.426e-01	5.607e-02 -1.6804124116897583	1.0
chr7_140063736_A_G_b38	3	2.39414e-03	1.419e-01	8.086e-02 -1.795504808425903	1.0
chr7_140064194_G_A_b38	3	1.94782e-03	1.324e-01	8.043e-02 -1.7254477739334106	1.0
chr7_140030700_C_G_b38	3	2.68838e-04	1.965e-01	4.821e-02 -3.633594512939453	1.0
chr7_140065403_T_A_b38	3	2.58365e-04	1.653e-01	5.203e-02 -1.85915756225586	1.0
chr7_140065175_T_G_b38	3	1.94030e-04	1.630e-01	5.279e-02 -2.086468458175659	1.0
chr7_140068431_G_A_b38	3	1.49895e-04	1.673e-01	5.274e-02 -1.933849811553955	1.0
chr7_140071312_G_C_b38	3	1.07136e-04	1.673e-01	5.274e-02 -1.7724107503890991	1.0
chr7_140072198_T_G_b38	3	1.01911e-04	1.670e-01	5.293e-02 -2.011763334274292	1.0
chr7_140064393_C_T_b38	3	9.53361e-05	5.965e-02	6.582e-02 -1.82424795627594	1.0
chr7_140071013_G_A_b38	3	1.59635e-05	1.281e-01	5.405e-02 -2.3072192668914795	1.0
