chr17_48887396_A_G_b38	1	7.11329e-01	2.000e-01	6.621e-02 4.547837257385254	1.0
chr17_48892897_T_C_b38	1	1.38447e-01	-3.151e-01	4.513e-01 4.951879978179932	1.0
chr17_48891815_G_A_b38	1	6.02050e-02	-8.107e-02	8.020e-02 -4.422202110290527	1.0
chr17_48900991_T_C_b38	1	5.31347e-02	1.438e-01	6.181e-02 4.809907913208008	1.0
chr17_48890530_G_T_b38	1	2.46567e-02	-8.339e-02	7.680e-02 -4.3301615715026855	1.0
chr17_48905018_G_A_b38	1	6.16821e-03	-1.011e-01	4.744e-02 -4.618244647979736	1.0
chr17_48906458_G_A_b38	1	4.60536e-03	-9.487e-02	5.214e-02 -4.618781566619873	1.0
chr17_48892813_C_G_b38	2	3.67713e-01	2.940e-01	3.191e-01 0.24648463726043696	1.0
chr17_48892013_GCCA_G_b38	2	2.66419e-01	-1.933e-01	9.463e-02 4.095831105699141	1.0
chr17_48892439_G_A_b38	2	1.48163e-01	1.508e-01	2.272e-02 0.2569861114025116	1.0
chr17_48892955_G_C_b38	2	9.20044e-02	1.974e-01	2.881e-01 0.3189218044281006	1.0
chr17_48892721_G_GA_b38	2	4.33019e-02	-5.255e-01	5.654e-01 4.240593386236402	1.0
chr17_48892007_G_A_b38	2	4.19781e-02	-1.588e-01	8.123e-02 3.6287472248077393	1.0
chr17_48892303_A_T_b38	2	2.39501e-02	-1.348e-01	3.540e-02 4.281066417694092	1.0
chr17_48893778_G_A_b38	2	4.22662e-03	-4.048e-01	5.135e-01 4.3272247314453125	1.0
chr17_48895117_ATCTC_A_b38	2	4.22662e-03	-4.048e-01	5.135e-01 4.240593386236402	1.0
chr17_48890646_G_C_b38	2	2.38159e-03	-1.265e-01	1.898e-02 4.275160312652588	1.0
chr17_48895503_C_T_b38	2	2.09110e-03	-1.261e-01	1.880e-02 4.318631172180177	1.0
chr17_48897372_T_C_b38	2	2.09110e-03	-1.261e-01	1.880e-02 4.337671756744385	1.0
chr17_48890426_T_C_b38	3	1.10582e-01	1.570e-01	4.494e-02 3.907386064529419	1.0
chr17_48889699_C_T_b38	3	2.91474e-02	2.809e-01	8.520e-02 4.2798728942871085	1.0
chr17_48906029_G_A_b38	3	1.66151e-02	8.753e-01	2.568e-01 4.1843366622924805	1.0
chr17_48899394_C_G_b38	3	1.60093e-02	1.105e+00	3.703e-01 4.321460247039795	1.0
chr17_48907063_C_T_b38	3	6.35605e-03	6.993e-01	2.590e-01 4.151710033416748	1.0
chr17_48939814_T_C_b38	3	5.92988e-03	3.371e-01	1.238e-01 4.276329517364502	1.0
chr17_48902956_C_T_b38	3	5.79262e-03	1.105e+00	4.090e-01 4.302344799041748	1.0
chr17_48906680_T_A_b38	3	5.79262e-03	1.105e+00	4.090e-01 4.28347110748291	1.0
chr17_48904965_T_A_b38	3	5.79262e-03	1.105e+00	4.090e-01 4.276329517364502	1.0
chr17_48905809_G_C_b38	3	5.79262e-03	1.105e+00	4.090e-01 4.2895941734313965	1.0
chr17_48937467_A_AT_b38	3	4.42992e-03	3.562e-01	1.339e-01 4.095946147123428	1.0
chr17_48893147_G_A_b38	3	4.38333e-03	2.908e-02	3.309e-02 -4.478413105010986	1.0
chr17_48942037_A_C_b38	3	4.08007e-03	3.551e-01	1.352e-01 4.2024855613708505	1.0
chr17_48942537_C_T_b38	3	3.96175e-03	3.535e-01	1.352e-01 4.2085628509521475	1.0
chr17_48905387_G_C_b38	3	3.24957e-03	6.989e-01	2.982e-01 4.275160312652588	1.0
chr17_48942310_C_A_b38	3	2.83119e-03	2.455e-01	9.750e-02 3.9318346977233887	1.0
chr17_48939520_C_T_b38	3	2.54480e-03	1.558e-01	5.039e-02 4.261565208435059	1.0
chr17_48940517_G_A_b38	3	2.25195e-03	3.023e-01	1.165e-01 4.189150810241698	1.0
chr17_48889762_G_A_b38	3	1.86894e-03	1.245e-01	1.832e-01 4.248715400695802	1.0
chr17_48928226_C_T_b38	3	1.62389e-03	1.747e-01	6.490e-02 4.4708757400512695	1.0
chr17_48900921_A_G_b38	3	1.42642e-03	4.243e-01	2.866e-01 4.2908382415771475	1.0
chr17_48942235_T_C_b38	3	1.30581e-03	2.407e-01	1.093e-01 4.205939292907715	1.0
chr17_48944056_A_C_b38	3	1.28262e-03	3.459e-01	1.402e-01 3.878737449645996	1.0
chr17_48944066_C_G_b38	3	1.26872e-03	3.452e-01	1.401e-01 3.779252290725708	1.0
chr17_48944908_C_T_b38	3	1.26872e-03	3.452e-01	1.401e-01 4.178839683532715	1.0
chr17_48945393_C_G_b38	3	1.26872e-03	3.452e-01	1.401e-01 4.151710033416748	1.0
chr17_48914194_A_G_b38	3	9.47160e-04	2.562e-01	1.514e-01 4.275160312652588	1.0
chr17_48911992_A_G_b38	3	9.41340e-04	2.558e-01	1.513e-01 4.14219331741333	1.0
chr17_48889676_T_A_b38	3	9.38302e-04	3.549e-02	9.487e-02 4.0579752922058105	1.0
chr17_48911235_C_T_b38	3	9.32717e-04	2.552e-01	1.512e-01 4.28347110748291	1.0
chr17_48917034_C_T_b38	3	9.32717e-04	2.552e-01	1.512e-01 4.101207256317139	1.0
chr17_48911167_A_G_b38	3	9.32717e-04	2.552e-01	1.512e-01 4.276329517364502	1.0
chr17_48917608_G_A_b38	3	9.32717e-04	2.552e-01	1.512e-01 4.281066417694092	1.0
chr17_48917484_G_C_b38	3	9.32717e-04	2.552e-01	1.512e-01 4.28347110748291	1.0
chr17_48913439_C_A_b38	3	9.32717e-04	2.552e-01	1.512e-01 4.342298030853272	1.0
chr17_48914169_T_C_b38	3	9.32717e-04	2.552e-01	1.512e-01 4.278686046600342	1.0
chr17_48914390_G_A_b38	3	9.23663e-04	2.541e-01	1.507e-01 4.287125587463379	1.0
chr17_48935189_C_G_b38	3	8.52745e-04	7.260e-02	2.560e-02 4.656904220581055	1.0
chr17_48889588_T_C_b38	3	5.94352e-04	1.050e-01	5.821e-02 4.311705589294434	1.0
chr17_48900100_T_G_b38	3	5.13570e-04	1.226e-01	6.087e-02 4.228743553161621	1.0
chr17_48965289_A_G_b38	3	3.95426e-04	-8.628e-02	2.760e-02 -3.579160213470459	1.0
chr17_48930135_G_A_b38	4	6.65164e-04	-1.250e-01	3.659e-02 -0.22093108296394348	1.0
chr17_48937209_T_C_b38	4	6.65164e-04	-1.250e-01	3.659e-02 -0.11760441958904265	1.0
chr17_48875125_G_A_b38	4	5.20159e-04	-9.264e-02	3.353e-02 -0.18685898184776306	1.0
chr17_48870856_G_A_b38	4	5.20159e-04	-9.264e-02	3.353e-02 -0.22552137076854706	1.0
chr17_48872737_G_T_b38	4	5.20159e-04	-9.264e-02	3.353e-02 -0.2024037390947342	1.0
chr17_48873613_C_T_b38	4	5.20159e-04	-9.264e-02	3.353e-02 -0.20416098833084104	1.0
chr17_48871344_G_A_b38	4	5.20159e-04	-9.264e-02	3.353e-02 -0.2115892469882965	1.0
chr17_48868882_G_A_b38	4	5.20159e-04	-9.264e-02	3.353e-02 -0.1409856230020523	1.0
chr17_48871099_A_G_b38	4	5.20159e-04	-9.264e-02	3.353e-02 -0.22974786162376404	1.0
chr17_48871096_T_C_b38	4	5.20159e-04	-9.264e-02	3.353e-02 -0.23081645369529724	1.0
chr17_48868471_A_T_b38	4	5.20159e-04	-9.264e-02	3.353e-02 -0.2149614244699478	1.0
chr17_48868141_C_T_b38	4	5.12766e-04	-9.249e-02	3.354e-02 -0.21785806119441986	1.0
chr17_48916034_CT_C_b38	4	4.59651e-04	-1.021e-01	3.685e-02 -0.12063225877074064	1.0
chr17_48867001_C_T_b38	4	4.21714e-04	-1.015e-01	3.333e-02 -0.21754518151283264	1.0
chr17_48868204_G_C_b38	4	3.75395e-04	-9.020e-02	3.418e-02 -0.369042843580246	1.0
chr17_48853167_A_G_b38	4	3.59059e-04	-1.005e-01	3.357e-02 -0.2125544548034668	1.0
chr17_48898336_G_A_b38	4	2.86415e-04	-8.328e-02	3.570e-02 -0.004060748964548111	1.0
chr17_48959542_G_C_b38	4	2.67057e-04	9.588e-02	2.835e-02 0.6224545836448669	1.0
chr17_48876253_CCCACCTCAG_C_b38	4	2.55747e-04	-8.698e-02	3.413e-02 -0.25988560123163074	1.0
chr17_48875845_C_G_b38	4	2.17268e-04	-8.473e-02	3.426e-02 -0.5888127088546753	1.0
chr17_48886812_G_A_b38	4	2.11790e-04	-7.783e-02	3.499e-02 -0.20380446314811707	1.0
chr17_48875896_A_G_b38	4	1.79232e-04	-8.160e-02	3.422e-02 -0.3406035006046295	1.0
chr17_48869635_C_T_b38	4	1.73496e-04	-7.249e-02	3.023e-02 -0.42384904623031616	1.0
chr17_48887123_G_A_b38	4	1.69514e-04	-7.549e-02	3.683e-02 -0.4263017177581787	1.0
chr17_48859470_C_T_b38	4	1.63203e-04	-9.223e-02	3.347e-02 -0.18122752010822296	1.0
chr17_48864320_G_C_b38	4	1.63203e-04	-9.223e-02	3.347e-02 -0.21479904651641848	1.0
chr17_48863883_G_A_b38	4	1.63203e-04	-9.223e-02	3.347e-02 -0.2234054058790207	1.0
chr17_48864455_C_T_b38	4	1.63203e-04	-9.223e-02	3.347e-02 -0.18714390695095065	1.0
chr17_48860819_A_G_b38	4	1.63203e-04	-9.223e-02	3.347e-02 -0.2029012739658356	1.0
chr17_48843313_T_C_b38	4	1.41663e-04	-9.015e-02	3.337e-02 -0.235187903046608	1.0
chr17_48848497_G_A_b38	4	1.41663e-04	-9.015e-02	3.337e-02 -0.07513487339019775	1.0
chr17_48846551_TA_T_b38	4	1.41663e-04	-9.015e-02	3.337e-02 -0.25988560123163074	1.0
chr17_48849592_A_G_b38	4	1.41663e-04	-9.015e-02	3.337e-02 -0.21752195060253146	1.0
chr17_48852546_T_C_b38	4	1.41663e-04	-9.015e-02	3.337e-02 -0.2332694232463837	1.0
chr17_48864216_G_A_b38	4	1.37646e-04	-9.192e-02	3.392e-02 -0.2523588538169861	1.0
chr17_48925085_C_A_b38	4	1.19100e-04	-1.045e-01	3.671e-02 -0.1576983481645584	1.0
chr17_48943228_G_C_b38	4	9.07836e-05	-1.121e-01	3.598e-02 -0.34469589591026306	1.0
chr17_48913578_C_T_b38	4	8.84409e-05	-8.226e-02	3.547e-02 -0.1645905077457428	1.0
chr17_48889761_C_T_b38	4	8.51196e-05	-6.522e-02	4.363e-02 -0.3869996070861816	1.0
chr17_48905287_G_C_b38	4	8.08362e-05	-8.219e-02	3.699e-02 -0.4968402683734894	1.0
chr17_48854222_A_G_b38	4	7.63435e-05	-9.109e-02	3.447e-02 -0.3090794384479523	1.0
chr17_48851992_C_T_b38	4	6.97286e-05	-8.729e-02	3.352e-02 -0.21546833217144007	1.0
chr17_48844457_C_T_b38	4	6.96315e-05	-8.794e-02	3.367e-02 -0.3961551189422608	1.0
chr17_48861094_G_A_b38	4	6.75610e-05	-8.779e-02	3.377e-02 -0.3639751076698303	1.0
chr17_48861500_C_T_b38	4	6.75610e-05	-8.779e-02	3.377e-02 -0.3638168275356293	1.0
chr17_48862133_G_A_b38	4	6.75610e-05	-8.779e-02	3.377e-02 -0.3639223277568817	1.0
chr17_48908229_C_T_b38	4	6.62710e-05	-7.802e-02	3.591e-02 0.2153630256652832	1.0
chr17_48865649_T_TATA_b38	4	6.44832e-05	-8.562e-02	3.339e-02 -0.25988560123163074	1.0
chr17_48865638_A_G_b38	4	6.44832e-05	-8.562e-02	3.339e-02 -0.25276073813438416	1.0
chr17_48876066_CAA_C_b38	4	6.26062e-05	-7.887e-02	3.953e-02 -0.5128796341196772	1.0
chr17_48929804_G_C_b38	4	5.83149e-05	-9.333e-02	3.649e-02 -0.0547245629131794	1.0
chr17_48929787_T_A_b38	4	5.83149e-05	-9.333e-02	3.649e-02 -0.05467046424746514	1.0
chr17_48930053_A_C_b38	4	5.83149e-05	-9.333e-02	3.649e-02 0.05429152771830559	1.0
