chr19_15864691_T_G_b38	1	4.18785e-01	-6.186e-01	2.267e-01 2.7647926807403564	1.0
chr19_15864704_A_G_b38	1	4.18785e-01	-6.186e-01	2.267e-01 2.7736809253692627	1.0
chr19_15865040_G_A_b38	1	5.83128e-02	-5.495e-01	2.239e-01 2.783837080001831	1.0
chr19_15865242_A_G_b38	1	5.83128e-02	-5.495e-01	2.239e-01 2.805638551712036	1.0
chr19_15865682_C_T_b38	1	2.28107e-02	-5.500e-01	2.244e-01 2.7941956520080566	1.0
chr19_15865674_A_T_b38	1	2.28107e-02	-5.500e-01	2.244e-01 2.7945127487182617	1.0
chr19_15912925_T_C_b38	2	9.99774e-01	5.100e-01	1.149e-01 -1.4311877489089966	1.0
chr19_15866755_A_G_b38	3	5.22681e-01	-3.693e-01	9.722e-02 3.737309455871582	1.0
chr19_15864498_C_T_b38	3	1.74519e-01	-2.695e-01	8.057e-02 3.7201557159423833	1.0
chr19_15866146_G_A_b38	3	1.43676e-01	3.961e-01	9.107e-02 2.443030595779419	1.0
chr19_15866604_T_C_b38	3	5.60500e-03	-1.661e-01	5.437e-02 4.698561668395996	1.0
chr19_15866635_G_A_b38	3	5.17231e-03	-1.646e-01	5.441e-02 4.698561668395996	1.0
chr19_15866669_A_T_b38	3	5.17231e-03	-1.646e-01	5.441e-02 4.681344032287598	1.0
chr19_15866768_T_C_b38	3	5.17231e-03	-1.646e-01	5.441e-02 4.769935554086801	1.0
chr19_15867004_A_G_b38	3	5.17231e-03	-1.646e-01	5.441e-02 4.68940544128418	1.0
chr19_15867577_C_T_b38	3	4.56284e-03	-1.694e-01	5.388e-02 4.69090461730957	1.0
chr19_15867247_T_C_b38	3	3.19898e-03	-1.545e-01	5.415e-02 4.6749677658081055	1.0
chr19_15867119_C_A_b38	3	3.19898e-03	-1.545e-01	5.415e-02 4.604730606079102	1.0
chr19_15866442_A_G_b38	3	2.55780e-03	-1.445e-01	5.191e-02 4.6749677658081055	1.0
chr19_15869873_T_C_b38	3	2.07778e-03	-1.543e-01	5.399e-02 4.763779640197754	1.0
chr19_15869550_G_C_b38	3	2.07778e-03	-1.543e-01	5.399e-02 4.770246982574463	1.0
chr19_15869682_T_G_b38	3	2.07778e-03	-1.543e-01	5.399e-02 4.705697059631348	1.0
chr19_15869614_C_T_b38	3	2.07778e-03	-1.543e-01	5.399e-02 4.7564778327941895	1.0
chr19_15869638_G_A_b38	3	2.07778e-03	-1.543e-01	5.399e-02 4.771344661712647	1.0
chr19_15867776_C_T_b38	3	2.06638e-03	-1.545e-01	5.415e-02 4.6193199157714835	1.0
chr19_15868905_A_G_b38	3	2.06638e-03	-1.545e-01	5.415e-02 4.645654678344727	1.0
chr19_15868891_G_T_b38	3	2.06638e-03	-1.545e-01	5.415e-02 4.687176704406738	1.0
chr19_15867831_T_G_b38	3	2.06638e-03	-1.545e-01	5.415e-02 4.706504821777344	1.0
chr19_15867697_C_T_b38	3	2.06638e-03	-1.545e-01	5.415e-02 4.6901535987854	1.0
chr19_15868183_G_C_b38	3	2.06638e-03	-1.545e-01	5.415e-02 4.642031669616699	1.0
chr19_15867754_G_A_b38	3	2.06638e-03	-1.545e-01	5.415e-02 4.6193199157714835	1.0
chr19_15868839_T_C_b38	3	1.71659e-03	-1.507e-01	5.418e-02 4.6556243896484375	1.0
chr19_15870995_A_G_b38	3	1.43335e-03	-1.564e-01	5.392e-02 4.803391933441162	1.0
chr19_15869250_G_A_b38	3	1.28960e-03	-1.444e-01	5.411e-02 4.753424167633057	1.0
chr19_15870090_A_G_b38	3	1.28128e-03	-1.543e-01	5.399e-02 4.792154312133789	1.0
chr19_15870316_C_T_b38	3	1.28128e-03	-1.543e-01	5.399e-02 4.765913486480713	1.0
chr19_15871163_A_C_b38	3	1.28128e-03	-1.543e-01	5.399e-02 4.567744731903076	1.0
chr19_15870191_TC_T_b38	3	1.28128e-03	-1.543e-01	5.399e-02 4.732964958558908	1.0
chr19_15871159_C_CA_b38	3	1.28128e-03	-1.543e-01	5.399e-02 4.732964958558908	1.0
chr19_15870215_G_C_b38	3	1.28128e-03	-1.543e-01	5.399e-02 4.782649040222168	1.0
chr19_15885539_A_T_b38	4	2.96951e-01	2.136e-01	5.237e-02 1.830710291862488	1.0
chr19_15889356_C_T_b38	4	4.22875e-02	1.819e-01	4.817e-02 2.021373748779297	1.0
chr19_15885435_A_G_b38	4	3.39700e-02	1.782e-01	4.794e-02 1.9781330823898315	1.0
chr19_15866494_G_A_b38	4	6.62293e-03	1.467e-01	6.454e-02 1.3292397260665894	1.0
chr19_15868226_A_G_b38	4	5.75967e-03	1.592e-01	6.810e-02 1.2415183782577517	1.0
chr19_15868189_A_G_b38	4	5.75967e-03	1.592e-01	6.810e-02 1.452153563499451	1.0
chr19_15885672_T_TG_b38	4	3.93772e-03	1.766e-01	6.371e-02 2.072307482560885	1.0
chr19_15883920_A_G_b38	4	3.62937e-03	1.746e-01	6.371e-02 2.168673276901245	1.0
chr19_15842809_T_G_b38	5	1.75361e-02	-1.441e-01	4.011e-02 -1.0767958164215088	1.0
chr19_15843608_G_C_b38	5	1.60911e-02	-1.431e-01	4.014e-02 -0.8305195569992065	1.0
chr19_15842433_A_G_b38	5	9.47471e-03	-1.365e-01	3.983e-02 -0.7816237807273865	1.0
chr19_15841799_A_G_b38	5	8.68234e-03	-1.387e-01	4.078e-02 -1.2062736749649048	1.0
chr19_15842291_G_T_b38	5	7.30380e-03	-1.360e-01	4.067e-02 -1.0978362560272217	1.0
chr19_15842282_G_C_b38	5	3.28256e-03	-1.271e-01	4.082e-02 -1.102152705192566	1.0
chr19_15843248_G_T_b38	5	1.30874e-03	-1.155e-01	4.090e-02 -0.9029027819633484	1.0
chr19_15841363_T_C_b38	5	6.34993e-04	-1.220e-01	4.898e-02 0.4830775260925293	1.0
chr19_15844210_C_T_b38	5	3.29371e-04	-9.605e-02	4.114e-02 -0.11754877120256425	1.0
chr19_15825125_C_T_b38	5	1.88795e-04	-1.053e-01	4.189e-02 0.7429672479629517	1.0
chr19_15824441_G_T_b38	5	1.88795e-04	-1.053e-01	4.189e-02 0.8244403600692749	1.0
chr19_15865386_A_G_b38	6	6.81371e-04	-9.912e-02	9.234e-02 -1.7571003437042236	1.0
chr19_15865555_G_A_b38	6	1.70148e-04	-6.311e-02	9.292e-02 -1.8081337213516235	1.0
chr19_15866716_AATTTAC_A_b38	6	8.40207e-05	-3.001e-02	9.471e-02 -1.7749553277110148	1.0
