chr17_42424144_C_T_b38	1	1.12605e-01	8.596e-02	1.594e-02 3.4285566806793213	1.0
chr17_42420775_G_A_b38	1	6.74347e-02	8.799e-02	1.594e-02 3.2165541648864746	1.0
chr17_42425562_A_C_b38	1	5.65850e-02	8.593e-02	1.593e-02 3.3217337131500244	1.0
chr17_42422370_A_C_b38	1	5.24789e-02	8.593e-02	1.593e-02 3.360363483428955	1.0
chr17_42428651_T_A_b38	1	4.64259e-02	8.796e-02	1.593e-02 3.399658679962158	1.0
chr17_42427208_T_C_b38	1	4.63325e-02	8.651e-02	1.587e-02 3.3562049865722656	1.0
chr17_42418754_A_C_b38	1	3.58169e-02	8.592e-02	1.592e-02 3.443847179412842	1.0
chr17_42418884_C_CT_b38	1	3.58169e-02	8.592e-02	1.592e-02 3.3475349831822028	1.0
chr17_42418631_T_C_b38	1	3.58169e-02	8.592e-02	1.592e-02 3.447786808013916	1.0
chr17_42419377_G_A_b38	1	3.58169e-02	8.592e-02	1.592e-02 3.4367678165435787	1.0
chr17_42420077_T_TCTC_b38	1	3.58169e-02	8.592e-02	1.592e-02 3.3475349831822028	1.0
chr17_42419391_C_T_b38	1	3.58169e-02	8.592e-02	1.592e-02 3.436537742614746	1.0
chr17_42418723_T_C_b38	1	3.58169e-02	8.592e-02	1.592e-02 3.4528486728668213	1.0
chr17_42418584_A_C_b38	1	3.58169e-02	8.592e-02	1.592e-02 3.505763292312622	1.0
chr17_42433911_ACTGT_A_b38	1	2.08068e-02	8.794e-02	1.592e-02 3.3475349831822028	1.0
chr17_42434349_C_G_b38	1	2.08068e-02	8.794e-02	1.592e-02 3.0948989391326904	1.0
chr17_42435918_T_C_b38	1	2.08068e-02	8.794e-02	1.592e-02 3.3212039470672607	1.0
chr17_42437851_G_A_b38	1	2.08068e-02	8.794e-02	1.592e-02 3.429138660430908	1.0
chr17_42436298_C_T_b38	1	2.08068e-02	8.794e-02	1.592e-02 3.441312313079834	1.0
chr17_42435901_T_C_b38	1	2.08068e-02	8.794e-02	1.592e-02 3.0883667469024663	1.0
chr17_42434807_G_A_b38	1	2.08068e-02	8.794e-02	1.592e-02 3.3147656917572017	1.0
chr17_42416076_A_G_b38	1	1.92162e-02	8.591e-02	1.592e-02 3.36096739768982	1.0
chr17_42418478_G_A_b38	1	1.92162e-02	8.591e-02	1.592e-02 3.5505001544952397	1.0
chr17_42418091_A_G_b38	1	1.92162e-02	8.591e-02	1.592e-02 3.3996181488037114	1.0
chr17_42417956_T_C_b38	1	1.92162e-02	8.591e-02	1.592e-02 3.4398205280303955	1.0
chr17_42419266_T_C_b38	1	1.12044e-02	7.889e-02	1.587e-02 4.7933735847473145	1.0
chr17_42431403_A_G_b38	1	1.01502e-02	7.958e-02	1.585e-02 4.704090595245361	1.0
chr17_42430278_T_C_b38	1	1.01502e-02	7.958e-02	1.585e-02 4.726876258850098	1.0
chr17_42443878_CG_C_b38	1	8.18986e-03	8.235e-02	1.541e-02 4.120716780056838	1.0
chr17_42440235_G_A_b38	1	4.88087e-03	8.321e-02	1.591e-02 3.5019304752349854	1.0
chr17_42442280_G_A_b38	1	4.88087e-03	8.321e-02	1.591e-02 3.4723620414733887	1.0
chr17_42441883_T_C_b38	1	4.88087e-03	8.321e-02	1.591e-02 3.5108954906463623	1.0
chr17_42443554_G_T_b38	1	4.88087e-03	8.321e-02	1.591e-02 3.4309370517730717	1.0
chr17_42440189_A_T_b38	1	4.88087e-03	8.321e-02	1.591e-02 3.4810245037078857	1.0
chr17_42441784_G_GTTTC_b38	1	4.88087e-03	8.321e-02	1.591e-02 3.459985790891165	1.0
chr17_42441484_C_T_b38	1	4.88087e-03	8.321e-02	1.591e-02 3.5099446773529053	1.0
chr17_42518212_C_G_b38	1	3.60514e-03	9.663e-02	1.727e-02 2.2729647159576416	1.0
chr17_42446094_C_T_b38	1	3.34243e-03	7.953e-02	1.543e-02 4.079161871466452	1.0
chr17_42445537_A_G_b38	1	3.34243e-03	7.953e-02	1.543e-02 4.183543682098389	1.0
chr17_42463151_CACCGCCGAGCCCGGCTAATTTTTTTTTTCT_C_b38	1	2.24985e-03	8.187e-02	1.547e-02 4.1356047345958595	1.0
chr17_42472638_C_T_b38	1	2.04896e-03	8.123e-02	1.541e-02 4.135618209838866	1.0
chr17_42466233_C_T_b38	1	2.04896e-03	8.123e-02	1.541e-02 4.2345595359802255	1.0
chr17_42463847_T_C_b38	1	2.04896e-03	8.123e-02	1.541e-02 4.177292346954347	1.0
chr17_42497342_G_T_b38	1	2.03174e-03	9.396e-02	1.715e-02 2.434732437133789	1.0
chr17_42446111_G_A_b38	1	1.88347e-03	7.728e-02	1.536e-02 4.587772846221924	1.0
chr17_42446588_C_T_b38	1	1.45132e-03	9.118e-02	1.829e-02 1.8217719793319704	1.0
chr17_42423670_C_T_b38	2	2.04953e-02	2.649e-02	3.562e-02 2.761542558670044	1.0
chr17_42423355_C_T_b38	2	2.04953e-02	2.649e-02	3.562e-02 2.749605894088745	1.0
chr17_42414732_C_G_b38	2	2.55037e-03	5.257e-02	2.692e-02 2.869916677474976	1.0
chr17_42426502_C_A_b38	2	2.24060e-03	2.651e-02	3.603e-02 2.679133415222168	1.0
chr17_42427286_T_C_b38	2	2.10464e-03	2.236e-02	3.802e-02 2.6836514472961426	1.0
chr17_42432690_G_T_b38	2	1.57302e-03	2.651e-02	3.603e-02 2.6848976612091064	1.0
chr17_42414222_T_C_b38	2	1.38298e-03	4.271e-02	2.868e-02 2.81165075302124	1.0
chr17_42418403_G_A_b38	2	1.22174e-03	2.651e-02	3.603e-02 2.7541489601135254	1.0
chr17_42445210_A_G_b38	2	6.55495e-04	4.548e-02	2.914e-02 1.7738207578659058	1.0
chr17_42438454_C_T_b38	2	5.20931e-04	3.602e-02	2.484e-02 2.6191506385803223	1.0
chr17_42434622_C_T_b38	2	5.04890e-04	3.057e-02	3.114e-02 2.6206085681915283	1.0
chr17_42465026_T_G_b38	2	1.53794e-04	-4.524e-02	2.439e-02 -0.9979114532470704	1.0
chr17_42458547_T_C_b38	2	1.53794e-04	-4.524e-02	2.439e-02 -1.1243860721588137	1.0
chr17_42467874_T_TTA_b38	2	9.63532e-05	5.096e-02	3.065e-02 1.8532306695986405	1.0
chr17_42448948_C_T_b38	2	6.18560e-05	4.557e-02	2.913e-02 1.8504904508590696	1.0
chr17_42456808_AGATT_A_b38	2	6.18560e-05	4.557e-02	2.913e-02 1.6804069191914617	1.0
chr17_42452949_T_G_b38	2	6.18560e-05	4.557e-02	2.913e-02 1.735021471977234	1.0
chr17_42471256_T_TA_b38	2	6.18560e-05	4.557e-02	2.913e-02 1.6804069191914617	1.0
chr17_42454500_C_T_b38	2	6.18560e-05	4.557e-02	2.913e-02 1.7469282150268557	1.0
chr17_42458332_G_A_b38	2	6.18560e-05	4.557e-02	2.913e-02 1.730546951293945	1.0
chr17_42457763_A_G_b38	2	6.18560e-05	4.557e-02	2.913e-02 1.75489604473114	1.0
chr17_42453036_G_C_b38	2	6.18560e-05	4.557e-02	2.913e-02 1.740628004074097	1.0
chr17_42458109_T_C_b38	2	6.18560e-05	4.557e-02	2.913e-02 1.7329885959625244	1.0
chr17_42456518_G_T_b38	2	6.18560e-05	4.557e-02	2.913e-02 1.7491950988769531	1.0
chr17_42470973_A_G_b38	2	6.18560e-05	4.557e-02	2.913e-02 1.682642102241516	1.0
chr17_42453448_T_C_b38	2	6.18560e-05	4.557e-02	2.913e-02 1.743419885635376	1.0
chr17_42455111_T_C_b38	2	6.18560e-05	4.557e-02	2.913e-02 1.7520134449005127	1.0
chr17_42455378_T_C_b38	2	6.18560e-05	4.557e-02	2.913e-02 1.7696497440338137	1.0
chr17_42452632_TTAGTC_T_b38	2	6.18560e-05	4.557e-02	2.913e-02 1.6804069191914617	1.0
chr17_42449628_T_C_b38	2	3.33357e-05	4.241e-02	2.985e-02 1.778954029083252	1.0
chr17_42424256_T_C_b38	3	1.67096e-03	-6.039e-02	1.698e-02 -3.928717851638794	1.0
chr17_42422263_A_G_b38	3	6.95038e-04	-6.220e-02	1.409e-02 -4.2561254501342765	1.0
chr17_42421262_C_A_b38	3	6.95038e-04	-6.220e-02	1.409e-02 -4.178064823150635	1.0
chr17_42420229_C_G_b38	3	4.59843e-04	-6.220e-02	1.409e-02 -4.1851325035095215	1.0
chr17_42427724_C_T_b38	3	4.55537e-04	-6.242e-02	1.414e-02 -4.113917827606201	1.0
chr17_42429953_C_G_b38	3	3.09744e-04	-6.220e-02	1.409e-02 -4.070561408996582	1.0
chr17_42430255_G_A_b38	3	2.56464e-04	-6.227e-02	1.426e-02 -4.178839683532715	1.0
chr17_42417929_G_C_b38	3	2.03377e-04	-6.177e-02	1.413e-02 -4.228743553161621	1.0
chr17_42431634_A_T_b38	3	1.91836e-04	-6.156e-02	1.435e-02 -4.170878034771168	1.0
chr17_42437960_C_A_b38	3	1.45737e-04	-6.214e-02	1.402e-02 -4.248715400695802	1.0
chr17_42435651_G_A_b38	3	1.45737e-04	-6.214e-02	1.402e-02 -4.100645065307616	1.0
chr17_42433597_G_T_b38	3	1.44100e-04	-6.227e-02	1.405e-02 -4.1029019355773935	1.0
chr17_42443909_C_T_b38	3	9.10092e-05	-6.066e-02	1.406e-02 -4.375778198242188	1.0
chr17_42441903_C_T_b38	3	4.68732e-05	-5.806e-02	1.401e-02 -4.112734317779541	1.0
chr17_42442864_A_C_b38	3	4.61563e-05	-5.815e-02	1.405e-02 -4.116302013397217	1.0
