chr10_80434156_A_G_b38	1	7.96493e-01	-2.831e-01	3.870e-02 -2.709198474884033	1.0
chr10_80415005_G_A_b38	1	2.03248e-01	-2.281e-01	7.434e-02 -2.4533591270446777	1.0
chr10_80405671_C_A_b38	2	2.13948e-01	-1.329e-01	3.725e-02 -3.762832164764404	1.0
chr10_80405884_A_G_b38	2	2.05353e-01	-1.325e-01	3.731e-02 -3.7835617065429688	1.0
chr10_80398954_G_A_b38	2	7.52976e-02	-1.324e-01	3.716e-02 -3.832398414611816	1.0
chr10_80402753_T_C_b38	2	5.72093e-02	-1.991e-01	8.834e-02 -4.816634178161621	1.0
chr10_80403012_A_G_b38	2	5.48603e-02	-1.843e-01	8.350e-02 -4.803391933441162	1.0
chr10_80397708_C_T_b38	2	4.10005e-02	-1.319e-01	3.662e-02 -3.794066429138184	1.0
chr10_80411803_T_C_b38	2	4.02430e-02	-1.766e-01	8.005e-02 -4.788538932800293	1.0
chr10_80417267_C_A_b38	2	2.68952e-02	-1.775e-01	8.125e-02 -4.747447490692139	1.0
chr10_80413219_C_T_b38	2	2.43536e-02	-1.680e-01	7.407e-02 -4.760619163513184	1.0
chr10_80411100_A_G_b38	2	2.36568e-02	-1.570e-01	6.969e-02 -4.835217475891113	1.0
chr10_80393732_C_G_b38	2	2.29650e-02	-1.270e-01	3.443e-02 -3.7291851043701167	1.0
chr10_80389899_T_C_b38	2	1.82546e-02	-1.249e-01	3.403e-02 -3.5305478572845463	1.0
chr10_80387710_T_C_b38	2	1.49314e-02	-1.641e-01	6.208e-02 -4.502053737640381	1.0
chr10_80419943_G_C_b38	2	1.33153e-02	-1.584e-01	6.255e-02 -4.275160312652588	1.0
chr10_80397690_T_C_b38	2	1.28193e-02	-1.741e-01	8.009e-02 -4.735051155090332	1.0
chr10_80419933_T_C_b38	2	7.88991e-03	-1.457e-01	5.440e-02 -4.2497596740722665	1.0
chr10_80387029_C_T_b38	2	7.74954e-03	-1.176e-01	3.341e-02 -3.707155704498291	1.0
chr10_80401624_G_A_b38	2	7.74570e-03	-1.363e-01	5.030e-02 -4.788538932800293	1.0
chr10_80385301_G_C_b38	2	7.31865e-03	-1.176e-01	3.293e-02 -3.6169673916495872	1.0
chr10_80422540_G_A_b38	2	6.40343e-03	-1.417e-01	5.237e-02 -4.2415313720703125	1.0
chr10_80431499_T_C_b38	2	6.23939e-03	-1.408e-01	5.111e-02 -4.270540237426759	1.0
chr10_80425014_T_C_b38	2	5.71981e-03	-1.376e-01	4.942e-02 -4.253984451293944	1.0
chr10_80404246_A_G_b38	2	5.70451e-03	-1.041e-01	3.268e-02 -4.083827018737793	1.0
chr10_80399347_T_C_b38	2	5.13334e-03	-1.122e-01	3.369e-02 -3.581979990005493	1.0
chr10_80387301_T_C_b38	2	3.61363e-03	-1.095e-01	3.204e-02 -3.771298885345459	1.0
chr10_80385891_G_C_b38	2	3.61363e-03	-1.095e-01	3.204e-02 -3.7529008388519287	1.0
chr10_80388121_G_A_b38	2	3.61363e-03	-1.095e-01	3.204e-02 -3.8046584129333496	1.0
chr10_80388569_A_G_b38	2	3.61363e-03	-1.095e-01	3.204e-02 -3.7784619331359854	1.0
chr10_80385910_A_G_b38	2	3.61363e-03	-1.095e-01	3.204e-02 -3.753474950790405	1.0
chr10_80388046_G_A_b38	2	3.55182e-03	-1.094e-01	3.205e-02 -3.779252290725708	1.0
chr10_80384447_C_T_b38	2	3.01416e-03	-1.074e-01	3.194e-02 -3.7197754383087163	1.0
chr10_80443907_A_G_b38	2	2.49390e-03	-1.198e-01	3.351e-02 -4.467335224151611	1.0
chr10_80454830_A_C_b38	2	2.04114e-03	-1.157e-01	3.283e-02 -4.760619163513184	1.0
chr10_80415193_T_C_b38	3	3.51510e-02	2.040e-01	7.247e-02 -1.6297705173492432	1.0
chr10_80407507_CCG_C_b38	3	2.60251e-02	8.677e-02	4.631e-02 -2.3502193616617406	1.0
chr10_80407351_T_G_b38	3	2.15044e-02	8.199e-02	4.665e-02 -2.590283155441284	1.0
chr10_80407365_T_G_b38	3	1.96244e-02	7.963e-02	4.672e-02 -2.7483010292053223	1.0
chr10_80411827_G_A_b38	3	8.44064e-03	1.409e-01	6.291e-02 -1.7040400505065918	1.0
chr10_80409842_C_G_b38	3	3.55774e-03	8.277e-02	4.674e-02 -2.585099220275879	1.0
chr10_80383503_G_A_b38	3	3.28366e-03	1.064e-01	4.217e-02 -1.231691837310791	1.0
chr10_80411769_T_C_b38	3	2.92083e-03	1.080e-01	6.256e-02 -1.7045670747756958	1.0
chr10_80382420_T_C_b38	3	1.83916e-03	1.166e-01	4.262e-02 -1.1766029596328735	1.0
chr10_80359114_A_T_b38	3	1.38232e-03	1.111e-01	4.149e-02 -1.407591700553894	1.0
chr10_80360348_C_T_b38	3	1.38232e-03	1.111e-01	4.149e-02 -1.39883291721344	1.0
chr10_80372396_G_A_b38	3	1.10924e-03	1.081e-01	4.169e-02 -1.391606092453003	1.0
chr10_80387778_C_T_b38	3	1.06659e-03	8.820e-02	4.209e-02 -1.2668399810791016	1.0
chr10_80380199_G_A_b38	3	8.46682e-04	1.043e-01	4.166e-02 -1.2577494382858276	1.0
chr10_80380057_G_T_b38	3	8.38576e-04	1.041e-01	4.164e-02 -1.1697224378585815	1.0
chr10_80430985_C_T_b38	3	5.72581e-04	1.071e-01	6.766e-02 -1.0703166723251345	1.0
chr10_80443313_T_C_b38	3	4.39258e-04	1.131e-01	3.623e-02 -0.9912502765655518	1.0
chr10_80443537_A_C_b38	3	3.65297e-04	1.108e-01	3.570e-02 -0.9909344315528871	1.0
chr10_80443750_G_A_b38	3	3.65297e-04	1.108e-01	3.570e-02 -0.94413024187088	1.0
chr10_80422802_A_G_b38	3	3.30964e-04	8.233e-02	6.964e-02 -1.0679082870483398	1.0
chr10_80426505_A_G_b38	3	3.30964e-04	8.233e-02	6.964e-02 -1.0876857042312622	1.0
chr10_80422572_G_A_b38	3	3.30964e-04	8.233e-02	6.964e-02 -1.053025484085083	1.0
chr10_80443778_G_A_b38	3	2.77317e-04	1.055e-01	3.513e-02 -0.8894492387771606	1.0
chr10_80442421_C_G_b38	3	2.70202e-04	1.070e-01	3.575e-02 -0.9205747246742249	1.0
chr10_80443215_G_A_b38	3	1.97398e-04	1.074e-01	3.579e-02 -0.9317394495010376	1.0
chr10_80442877_C_T_b38	3	1.97072e-04	1.073e-01	3.579e-02 -0.9272088408470154	1.0
chr10_80442859_T_C_b38	3	1.97072e-04	1.073e-01	3.579e-02 -0.9244709014892578	1.0
chr10_80442863_C_T_b38	3	1.97072e-04	1.073e-01	3.579e-02 -0.9248921871185304	1.0
chr10_80409082_A_G_b38	4	4.20001e-04	-1.118e-01	1.229e-01 -1.1810542345046997	1.0
chr10_80411554_A_G_b38	4	2.36435e-04	-1.097e-01	8.681e-02 -0.9562243223190308	1.0
chr10_80404202_C_T_b38	4	2.03746e-04	-1.212e-01	1.164e-01 -1.2306534051895142	1.0
chr10_80412676_A_G_b38	4	1.75828e-04	-1.211e-01	1.184e-01 -1.1605762243270874	1.0
chr10_80416898_G_A_b38	4	8.73696e-05	-1.808e-01	9.031e-02 -1.1824136972427368	1.0
