chr16_75308948_C_T_b38	1	5.77664e-01	-2.342e-01	2.559e-02 3.36289381980896	1.0
chr16_75312890_C_G_b38	1	3.89407e-01	-2.331e-01	2.550e-02 3.4666435718536377	1.0
chr16_75298705_G_C_b38	1	2.04252e-02	-2.292e-01	2.581e-02 3.9236981868743896	1.0
chr16_75422828_G_A_b38	1	5.11056e-03	-2.067e-01	2.830e-02 4.156613349914552	1.0
chr16_75298757_A_G_b38	1	3.39353e-03	-2.248e-01	2.659e-02 3.9831771850585938	1.0
chr16_75348296_A_G_b38	1	2.75357e-04	-1.863e-01	2.752e-02 3.6621575355529785	1.0
chr16_75314724_T_C_b38	1	3.40724e-05	-1.559e-01	2.025e-02 4.004305362701416	1.0
chr16_75309034_A_G_b38	1	1.62195e-05	-1.513e-01	1.993e-02 3.997185707092285	1.0
chr16_75310889_C_G_b38	1	1.31976e-05	-1.507e-01	1.994e-02 4.067599296569823	1.0
chr16_75303693_C_T_b38	1	1.17649e-05	-1.533e-01	2.033e-02 3.987760305404663	1.0
chr16_75432535_C_A_b38	2	3.58437e-02	1.063e-01	2.332e-02 4.301037788391113	1.0
chr16_75433178_G_GC_b38	2	3.49688e-02	1.014e-01	2.334e-02 4.166783897352988	1.0
chr16_75432949_G_C_b38	2	3.29681e-02	1.060e-01	2.337e-02 4.287125587463379	1.0
chr16_75449908_A_G_b38	2	2.60292e-02	1.136e-01	2.249e-02 4.325769901275635	1.0
chr16_75433123_G_C_b38	2	2.01716e-02	1.021e-01	2.403e-02 3.8982257843017583	1.0
chr16_75432798_G_T_b38	2	1.77157e-02	1.025e-01	2.337e-02 4.324324607849121	1.0
chr16_75440856_G_A_b38	2	1.60915e-02	1.114e-01	2.326e-02 4.288356304168701	1.0
chr16_75431677_C_T_b38	2	1.43816e-02	1.063e-01	2.332e-02 4.314451217651366	1.0
chr16_75431891_A_AG_b38	2	1.43816e-02	1.063e-01	2.332e-02 4.423710364548978	1.0
chr16_75440291_T_C_b38	2	1.36712e-02	1.114e-01	2.336e-02 4.2822656631469735	1.0
chr16_75440192_A_G_b38	2	1.36712e-02	1.114e-01	2.336e-02 4.301037788391113	1.0
chr16_75410888_G_A_b38	2	1.31294e-02	1.136e-01	2.319e-02 2.264286518096924	1.0
chr16_75423756_C_T_b38	2	1.17944e-02	1.106e-01	2.336e-02 4.4430317878723145	1.0
chr16_75426408_C_G_b38	2	1.17944e-02	1.106e-01	2.336e-02 4.481846332550049	1.0
chr16_75424538_G_A_b38	2	1.17944e-02	1.106e-01	2.336e-02 4.471425533294678	1.0
chr16_75439564_G_A_b38	2	1.17095e-02	1.139e-01	2.399e-02 3.79965090751648	1.0
chr16_75411264_G_C_b38	2	1.13927e-02	1.129e-01	2.308e-02 4.463850021362305	1.0
chr16_75437088_C_G_b38	2	1.02555e-02	1.074e-01	2.338e-02 4.271686553955078	1.0
chr16_75440720_C_T_b38	2	9.28081e-03	1.093e-01	2.334e-02 4.377587795257568	1.0
chr16_75442553_G_A_b38	2	9.28081e-03	1.093e-01	2.334e-02 4.372201442718507	1.0
chr16_75442190_C_T_b38	2	9.28081e-03	1.093e-01	2.334e-02 4.356762886047363	1.0
chr16_75442465_T_C_b38	2	9.28081e-03	1.093e-01	2.334e-02 4.356762886047363	1.0
chr16_75441622_G_C_b38	2	9.28081e-03	1.093e-01	2.334e-02 4.418692111968994	1.0
chr16_75388156_C_A_b38	2	9.02870e-03	1.178e-01	2.336e-02 4.4466986656188965	1.0
chr16_75430521_G_T_b38	2	8.71550e-03	1.065e-01	2.327e-02 4.304981231689453	1.0
chr16_75429100_G_C_b38	2	8.71550e-03	1.065e-01	2.327e-02 4.41288948059082	1.0
chr16_75430104_G_C_b38	2	8.71550e-03	1.065e-01	2.327e-02 4.351839542388916	1.0
chr16_75430602_T_C_b38	2	8.71550e-03	1.065e-01	2.327e-02 4.304981231689453	1.0
chr16_75429056_G_A_b38	2	8.71550e-03	1.065e-01	2.327e-02 4.406611919403076	1.0
chr16_75429114_C_T_b38	2	8.71550e-03	1.065e-01	2.327e-02 4.41288948059082	1.0
chr16_75428815_C_T_b38	2	8.71550e-03	1.065e-01	2.327e-02 4.3301615715026855	1.0
chr16_75429025_G_GA_b38	2	8.71550e-03	1.065e-01	2.327e-02 4.482359301890334	1.0
chr16_75451405_G_C_b38	2	7.61758e-03	1.048e-01	2.182e-02 3.976285696029663	1.0
chr16_75448962_G_A_b38	2	7.60655e-03	1.118e-01	2.329e-02 4.3965206146240225	1.0
chr16_75410777_T_C_b38	2	7.49924e-03	1.119e-01	2.332e-02 4.3965206146240225	1.0
chr16_75436598_G_A_b38	2	6.87863e-03	1.059e-01	2.347e-02 4.271686553955078	1.0
chr16_75436397_C_T_b38	2	6.87863e-03	1.059e-01	2.347e-02 4.2775044441223145	1.0
chr16_75410674_C_T_b38	2	6.51295e-03	1.112e-01	2.334e-02 4.331644058227538	1.0
chr16_75414375_C_T_b38	2	6.37508e-03	1.109e-01	2.329e-02 4.465183734893799	1.0
chr16_75411777_G_A_b38	2	6.31627e-03	1.104e-01	2.322e-02 4.447192192077637	1.0
chr16_75439257_G_A_b38	2	6.18775e-03	1.075e-01	2.337e-02 4.2529211044311515	1.0
chr16_75438524_C_A_b38	2	6.18775e-03	1.075e-01	2.337e-02 4.28347110748291	1.0
chr16_75409285_T_A_b38	2	6.15981e-03	1.109e-01	2.333e-02 4.465988159179688	1.0
chr16_75414761_A_G_b38	2	6.15981e-03	1.109e-01	2.333e-02 4.44843053817749	1.0
chr16_75410862_C_T_b38	2	6.15981e-03	1.109e-01	2.333e-02 3.77893590927124	1.0
chr16_75418533_A_T_b38	2	6.15981e-03	1.109e-01	2.333e-02 4.3301615715026855	1.0
chr16_75409325_C_A_b38	2	6.15981e-03	1.109e-01	2.333e-02 4.431914806365967	1.0
chr16_75413465_G_A_b38	2	6.15981e-03	1.109e-01	2.333e-02 4.482713222503662	1.0
chr16_75410865_T_A_b38	2	6.15981e-03	1.109e-01	2.333e-02 4.482359301890334	1.0
chr16_75417860_G_A_b38	2	6.15981e-03	1.109e-01	2.333e-02 4.450676918029785	1.0
chr16_75411707_G_A_b38	2	6.15981e-03	1.109e-01	2.333e-02 4.434935092926025	1.0
chr16_75410858_G_A_b38	2	6.15981e-03	1.109e-01	2.333e-02 2.519028902053833	1.0
chr16_75418884_C_T_b38	2	6.15981e-03	1.109e-01	2.333e-02 4.500480651855469	1.0
chr16_75409918_T_C_b38	2	6.15981e-03	1.109e-01	2.333e-02 4.434467792510986	1.0
chr16_75408888_C_T_b38	2	6.15981e-03	1.109e-01	2.333e-02 4.463850021362305	1.0
chr16_75409298_A_G_b38	2	6.15981e-03	1.109e-01	2.333e-02 4.43942403793335	1.0
chr16_75410882_C_T_b38	2	6.15981e-03	1.109e-01	2.333e-02 2.0756654739379883	1.0
chr16_75420506_T_A_b38	2	6.15981e-03	1.109e-01	2.333e-02 4.547837257385254	1.0
chr16_75421550_A_C_b38	2	6.15230e-03	1.116e-01	2.348e-02 4.52463436126709	1.0
chr16_75416141_C_T_b38	2	5.82562e-03	1.106e-01	2.335e-02 4.44843053817749	1.0
chr16_75417014_T_A_b38	2	5.82562e-03	1.106e-01	2.335e-02 4.501108646392822	1.0
chr16_75415278_C_G_b38	2	5.82562e-03	1.106e-01	2.335e-02 4.491269111633301	1.0
chr16_75413528_A_G_b38	2	5.82562e-03	1.106e-01	2.335e-02 4.582704544067383	1.0
chr16_75417272_T_G_b38	2	5.82562e-03	1.106e-01	2.335e-02 4.456521987915039	1.0
chr16_75422525_C_G_b38	2	5.82562e-03	1.106e-01	2.335e-02 4.649339199066162	1.0
chr16_75413335_A_G_b38	2	5.82562e-03	1.106e-01	2.335e-02 4.475591659545898	1.0
chr16_75413495_T_G_b38	2	5.82562e-03	1.106e-01	2.335e-02 4.4580721855163565	1.0
chr16_75416729_C_T_b38	2	5.82562e-03	1.106e-01	2.335e-02 4.461995124816895	1.0
chr16_75416851_T_TAAAGCC_b38	2	5.82562e-03	1.106e-01	2.335e-02 4.482359301890334	1.0
chr16_75428183_G_A_b38	2	5.79968e-03	1.065e-01	2.327e-02 4.230666637420653	1.0
chr16_75428157_A_G_b38	2	5.79968e-03	1.065e-01	2.327e-02 4.342298030853272	1.0
chr16_75427848_T_G_b38	2	5.79968e-03	1.065e-01	2.327e-02 4.345434665679932	1.0
chr16_75427931_A_G_b38	2	5.79968e-03	1.065e-01	2.327e-02 4.343861103057861	1.0
chr16_75428173_C_T_b38	2	5.79968e-03	1.065e-01	2.327e-02 4.28347110748291	1.0
chr16_75445536_A_G_b38	2	4.73534e-03	1.093e-01	2.323e-02 4.331644058227538	1.0
chr16_75445255_T_C_b38	2	4.73534e-03	1.093e-01	2.323e-02 4.351839542388916	1.0
chr16_75457174_G_T_b38	2	4.35400e-03	1.086e-01	2.317e-02 4.439662456512451	1.0
chr16_75449166_T_G_b38	2	3.75706e-03	1.024e-01	2.206e-02 4.126079559326172	1.0
chr16_75452304_C_T_b38	2	3.63427e-03	1.019e-01	2.212e-02 4.26600980758667	1.0
chr16_75391962_C_T_b38	2	3.51362e-03	1.142e-01	2.355e-02 4.355110168457031	1.0
chr16_75401563_A_G_b38	2	3.50055e-03	1.129e-01	2.330e-02 4.437522888183594	1.0
chr16_75415023_C_T_b38	2	3.40854e-03	1.089e-01	2.354e-02 4.041987895965576	1.0
chr16_75384022_T_C_b38	2	3.39184e-03	1.139e-01	2.352e-02 4.48709774017334	1.0
chr16_75383696_T_G_b38	2	3.39184e-03	1.139e-01	2.352e-02 4.331644058227538	1.0
chr16_75394298_T_G_b38	2	3.39184e-03	1.139e-01	2.352e-02 4.448678970336914	1.0
chr16_75466377_T_G_b38	2	3.24779e-03	-9.533e-02	2.027e-02 -4.1092185974121085	1.0
chr16_75394408_C_T_b38	2	3.23904e-03	1.130e-01	2.341e-02 4.461205005645752	1.0
chr16_75395449_A_T_b38	2	3.23904e-03	1.130e-01	2.341e-02 4.476434230804443	1.0
chr16_75395435_C_T_b38	2	3.23904e-03	1.130e-01	2.341e-02 4.477280139923097	1.0
chr16_75393952_G_A_b38	2	3.23904e-03	1.130e-01	2.341e-02 4.442789554595947	1.0
chr16_75395354_T_C_b38	2	3.23904e-03	1.130e-01	2.341e-02 4.484456539154053	1.0
chr16_75395393_A_G_b38	2	3.23904e-03	1.130e-01	2.341e-02 4.390673637390137	1.0
chr16_75394199_G_A_b38	2	3.23904e-03	1.130e-01	2.341e-02 4.484456539154053	1.0
chr16_75395839_T_C_b38	2	3.23904e-03	1.130e-01	2.341e-02 4.482359301890334	1.0
chr16_75338022_T_C_b38	2	3.20965e-03	1.167e-01	2.299e-02 3.672807693481445	1.0
chr16_75401242_T_C_b38	2	3.16794e-03	1.128e-01	2.338e-02 4.563950061798097	1.0
chr16_75425762_G_A_b38	2	3.10033e-03	1.077e-01	2.425e-02 4.076086521148682	1.0
chr16_75457429_C_A_b38	2	2.85073e-03	1.060e-01	2.313e-02 4.452439785003662	1.0
chr16_75441389_A_C_b38	2	2.72168e-03	1.053e-01	2.391e-02 3.9468080997467037	1.0
chr16_75401245_A_G_b38	2	2.72091e-03	1.117e-01	2.333e-02 4.564368724822998	1.0
chr16_75445379_G_T_b38	2	2.69081e-03	1.071e-01	2.342e-02 3.8997299671173096	1.0
chr16_75391894_G_A_b38	2	2.47278e-03	1.118e-01	2.344e-02 4.19489336013794	1.0
chr16_75391921_T_C_b38	2	2.47278e-03	1.118e-01	2.344e-02 4.1349706649780265	1.0
chr16_75391899_T_C_b38	2	2.47278e-03	1.118e-01	2.344e-02 4.088591575622559	1.0
chr16_75389670_GA_G_b38	2	2.47278e-03	1.118e-01	2.344e-02 4.482359301890334	1.0
chr16_75408246_T_C_b38	2	2.47278e-03	1.118e-01	2.344e-02 4.654987812042236	1.0
chr16_75391698_G_C_b38	2	2.47278e-03	1.118e-01	2.344e-02 4.480409622192383	1.0
chr16_75408245_T_G_b38	2	2.47278e-03	1.118e-01	2.344e-02 4.751412868499756	1.0
chr16_75396815_A_G_b38	2	2.47278e-03	1.118e-01	2.344e-02 4.448678970336914	1.0
chr16_75398784_G_A_b38	2	2.35171e-03	1.109e-01	2.332e-02 4.2908382415771475	1.0
chr16_75404571_C_T_b38	2	2.35171e-03	1.109e-01	2.332e-02 4.452946186065674	1.0
chr16_75407715_T_C_b38	2	2.35171e-03	1.109e-01	2.332e-02 4.445960521697998	1.0
chr16_75402333_A_T_b38	2	2.35171e-03	1.109e-01	2.332e-02 4.471976280212402	1.0
chr16_75398926_G_A_b38	2	2.35171e-03	1.109e-01	2.332e-02 4.317229270935059	1.0
chr16_75405591_T_C_b38	2	2.35171e-03	1.109e-01	2.332e-02 4.4442477226257315	1.0
chr16_75406235_G_A_b38	2	2.35171e-03	1.109e-01	2.332e-02 4.4305338859558105	1.0
chr16_75398792_T_C_b38	2	2.35171e-03	1.109e-01	2.332e-02 4.398503303527832	1.0
chr16_75401770_GGAAA_G_b38	2	2.35171e-03	1.109e-01	2.332e-02 4.482359301890334	1.0
chr16_75408462_C_T_b38	2	2.35171e-03	1.109e-01	2.332e-02 4.40252161026001	1.0
chr16_75400980_C_T_b38	2	2.35171e-03	1.109e-01	2.332e-02 4.4711503982543945	1.0
chr16_75404099_T_A_b38	2	2.35171e-03	1.109e-01	2.332e-02 4.2193570137023935	1.0
chr16_75401833_G_T_b38	2	2.35171e-03	1.109e-01	2.332e-02 4.471976280212402	1.0
chr16_75406143_G_A_b38	2	2.35171e-03	1.109e-01	2.332e-02 4.445714950561523	1.0
chr16_75403989_G_A_b38	2	2.35171e-03	1.109e-01	2.332e-02 4.446945190429688	1.0
chr16_75402815_A_T_b38	2	2.35171e-03	1.109e-01	2.332e-02 4.447686672210693	1.0
chr16_75399176_T_A_b38	2	2.35171e-03	1.109e-01	2.332e-02 4.4838738441467285	1.0
chr16_75403288_A_G_b38	2	2.35171e-03	1.109e-01	2.332e-02 4.4418230056762695	1.0
chr16_75399985_C_G_b38	2	2.35171e-03	1.109e-01	2.332e-02 4.363496303558351	1.0
chr16_75401075_A_T_b38	2	2.35171e-03	1.109e-01	2.332e-02 4.483002662658691	1.0
chr16_75405609_A_G_b38	2	2.35171e-03	1.109e-01	2.332e-02 4.450175762176514	1.0
chr16_75397932_C_G_b38	2	2.35171e-03	1.109e-01	2.332e-02 4.492173194885254	1.0
chr16_75398788_G_GC_b38	2	2.35171e-03	1.109e-01	2.332e-02 4.482359301890334	1.0
chr16_75398783_T_C_b38	2	2.35171e-03	1.109e-01	2.332e-02 4.5549421310424805	1.0
chr16_75404336_C_T_b38	2	2.35171e-03	1.109e-01	2.332e-02 4.4335360527038565	1.0
chr16_75455424_G_T_b38	2	2.16615e-03	1.053e-01	2.330e-02 4.031169414520264	1.0
chr16_75456155_T_C_b38	2	2.16615e-03	1.053e-01	2.330e-02 4.035440444946288	1.0
chr16_75379090_A_AGT_b38	2	2.12728e-03	1.148e-01	2.302e-02 4.4760971705089565	1.0
chr16_75463262_G_T_b38	2	2.03340e-03	9.300e-02	2.018e-02 3.8147878646850586	1.0
chr16_75463264_A_T_b38	2	2.03340e-03	9.300e-02	2.018e-02 3.831045389175415	1.0
chr16_75437480_G_A_b38	2	1.87273e-03	1.004e-01	2.398e-02 3.882471799850464	1.0
chr16_75385749_T_TA_b38	2	1.83087e-03	1.130e-01	2.403e-02 4.137026350248558	1.0
chr16_75385475_G_A_b38	2	1.83087e-03	1.130e-01	2.403e-02 4.0720558166503915	1.0
chr16_75390256_C_T_b38	2	1.80378e-03	1.101e-01	2.344e-02 4.496134281158447	1.0
chr16_75440929_G_A_b38	2	1.78391e-03	1.024e-01	2.384e-02 3.972909688949585	1.0
chr16_75466554_G_T_b38	2	1.75413e-03	9.234e-02	2.017e-02 3.8459219932556152	1.0
chr16_75397397_T_C_b38	2	1.73551e-03	1.080e-01	2.306e-02 4.572039604187012	1.0
chr16_75388919_C_T_b38	2	1.73114e-03	1.100e-01	2.352e-02 4.1181862750338745	1.0
chr16_75375770_G_A_b38	2	1.57083e-03	1.134e-01	2.305e-02 4.553343296051025	1.0
chr16_75372518_GA_G_b38	2	1.57083e-03	1.134e-01	2.305e-02 4.4760971705089565	1.0
chr16_75379009_A_G_b38	2	1.57083e-03	1.134e-01	2.305e-02 4.480983257293701	1.0
chr16_75397365_G_A_b38	2	1.53590e-03	1.079e-01	2.316e-02 4.485040664672852	1.0
chr16_75375899_A_G_b38	2	1.52577e-03	1.131e-01	2.302e-02 4.493384838104248	1.0
chr16_75374178_T_A_b38	2	1.52577e-03	1.131e-01	2.302e-02 4.484456539154053	1.0
chr16_75377623_A_T_b38	2	1.52577e-03	1.131e-01	2.302e-02 4.499229907989502	1.0
chr16_75377547_A_C_b38	2	1.52577e-03	1.131e-01	2.302e-02 4.496441841125488	1.0
chr16_75377721_G_A_b38	2	1.52577e-03	1.131e-01	2.302e-02 4.478129386901856	1.0
chr16_75377265_A_T_b38	2	1.52577e-03	1.131e-01	2.302e-02 4.484456539154053	1.0
chr16_75378364_T_C_b38	2	1.52577e-03	1.131e-01	2.302e-02 4.577307224273682	1.0
chr16_75371076_T_C_b38	2	1.51601e-03	1.129e-01	2.299e-02 4.480983257293701	1.0
chr16_75361046_A_G_b38	2	1.50898e-03	1.129e-01	2.300e-02 4.497058391571045	1.0
chr16_75358908_G_A_b38	2	1.50898e-03	1.129e-01	2.300e-02 4.4976768493652335	1.0
chr16_75360501_A_G_b38	2	1.50898e-03	1.129e-01	2.300e-02 4.494602680206299	1.0
chr16_75408724_G_A_b38	2	1.41568e-03	1.064e-01	2.407e-02 4.0278048515319815	1.0
chr16_75391655_C_T_b38	2	1.40474e-03	1.097e-01	2.365e-02 4.072556018829347	1.0
chr16_75367671_A_T_b38	2	1.36266e-03	1.117e-01	2.286e-02 4.460155963897705	1.0
chr16_75369226_T_C_b38	2	1.36266e-03	1.117e-01	2.286e-02 4.48127031326294	1.0
chr16_75370153_T_C_b38	2	1.36266e-03	1.117e-01	2.286e-02 4.508784770965576	1.0
chr16_75367215_T_C_b38	2	1.36266e-03	1.117e-01	2.286e-02 4.480983257293701	1.0
chr16_75366422_G_A_b38	2	1.36266e-03	1.117e-01	2.286e-02 4.490668296813965	1.0
chr16_75398492_T_C_b38	2	1.34725e-03	1.089e-01	2.354e-02 4.143530368804932	1.0
chr16_75422044_T_C_b38	2	1.32547e-03	1.060e-01	2.407e-02 4.1109700202941895	1.0
chr16_75423314_T_C_b38	2	1.32547e-03	1.060e-01	2.407e-02 4.0328688621521005	1.0
chr16_75458344_C_T_b38	2	1.22302e-03	9.145e-02	2.101e-02 4.225888252258302	1.0
chr16_75366848_C_T_b38	2	1.19710e-03	1.115e-01	2.295e-02 4.502686023712158	1.0
chr16_75381443_T_C_b38	2	1.18376e-03	1.118e-01	2.302e-02 4.478413105010986	1.0
chr16_75380478_G_T_b38	2	1.15628e-03	1.144e-01	2.359e-02 4.52116584777832	1.0
chr16_75371981_G_C_b38	2	1.15318e-03	1.114e-01	2.297e-02 4.490668296813965	1.0
chr16_75381877_C_T_b38	2	1.13865e-03	1.142e-01	2.355e-02 4.535379409790039	1.0
chr16_75358478_T_TA_b38	2	1.10722e-03	1.110e-01	2.292e-02 4.489964117786476	1.0
chr16_75358039_T_C_b38	2	1.10722e-03	1.110e-01	2.292e-02 4.52116584777832	1.0
chr16_75359454_T_G_b38	2	1.10722e-03	1.110e-01	2.292e-02 4.453453540802002	1.0
chr16_75356418_T_A_b38	2	1.10722e-03	1.110e-01	2.292e-02 4.541708946228027	1.0
chr16_75357287_T_C_b38	2	1.10722e-03	1.110e-01	2.292e-02 4.597787857055664	1.0
chr16_75363389_C_T_b38	2	1.10699e-03	1.139e-01	2.351e-02 4.5321006774902335	1.0
chr16_75364354_C_T_b38	2	1.10699e-03	1.139e-01	2.351e-02 4.520135879516602	1.0
chr16_75363093_C_T_b38	2	1.10699e-03	1.139e-01	2.351e-02 4.521855354309082	1.0
chr16_75364676_G_A_b38	2	1.10699e-03	1.139e-01	2.351e-02 4.518089771270752	1.0
chr16_75360250_G_A_b38	2	1.10699e-03	1.139e-01	2.351e-02 4.4711503982543945	1.0
chr16_75361330_T_C_b38	2	1.10699e-03	1.139e-01	2.351e-02 4.467065334320068	1.0
chr16_75363636_G_T_b38	2	1.10699e-03	1.139e-01	2.351e-02 4.434701442718506	1.0
chr16_75353635_G_C_b38	2	1.03054e-03	1.108e-01	2.297e-02 4.765913486480713	1.0
chr16_75355042_C_T_b38	2	1.03054e-03	1.108e-01	2.297e-02 4.546288967132568	1.0
chr16_75352451_C_T_b38	2	1.03054e-03	1.108e-01	2.297e-02 4.583617210388184	1.0
chr16_75354694_G_GA_b38	2	1.03054e-03	1.108e-01	2.297e-02 4.489964117786476	1.0
chr16_75353565_T_C_b38	2	1.03054e-03	1.108e-01	2.297e-02 4.553741931915283	1.0
chr16_75354536_C_T_b38	2	1.03054e-03	1.108e-01	2.297e-02 4.552945613861084	1.0
chr16_75351837_G_A_b38	2	1.03054e-03	1.108e-01	2.297e-02 4.662099361419678	1.0
chr16_75355708_T_A_b38	2	1.03054e-03	1.108e-01	2.297e-02 4.554141044616699	1.0
chr16_75351261_A_G_b38	2	1.03054e-03	1.108e-01	2.297e-02 4.549396514892578	1.0
chr16_75355857_T_G_b38	2	1.03054e-03	1.108e-01	2.297e-02 4.579539775848389	1.0
chr16_75354833_G_A_b38	2	1.03054e-03	1.108e-01	2.297e-02 4.496134281158447	1.0
chr16_75417563_G_A_b38	2	1.02360e-03	8.661e-02	2.020e-02 3.904808521270752	1.0
chr16_75359233_C_A_b38	2	9.80135e-04	1.150e-01	2.388e-02 4.081219673156738	1.0
chr16_75355811_T_C_b38	2	9.39918e-04	1.152e-01	2.397e-02 4.134324550628662	1.0
chr16_75455744_G_A_b38	2	9.31521e-04	1.035e-01	2.398e-02 3.949239015579224	1.0
chr16_75455037_C_T_b38	2	9.31521e-04	1.035e-01	2.398e-02 3.966617107391357	1.0
chr16_75454387_G_A_b38	2	9.31521e-04	1.035e-01	2.398e-02 3.9649868011474614	1.0
chr16_75367782_C_G_b38	2	9.06970e-04	1.090e-01	2.274e-02 4.05987024307251	1.0
chr16_75405287_A_T_b38	2	8.80134e-04	1.094e-01	2.415e-02 4.055160045623778	1.0
chr16_75388862_G_A_b38	2	8.79819e-04	1.098e-01	2.423e-02 4.0843520164489755	1.0
chr16_75449912_C_G_b38	2	8.68630e-04	1.024e-01	2.384e-02 3.980397939682007	1.0
chr16_75449234_G_A_b38	2	8.68630e-04	1.024e-01	2.384e-02 3.965637683868408	1.0
chr16_75444549_A_G_b38	2	8.68630e-04	1.024e-01	2.384e-02 3.963690280914306	1.0
chr16_75361879_C_T_b38	2	8.06112e-04	1.117e-01	2.343e-02 4.487985134124756	1.0
chr16_75411426_T_C_b38	2	6.99096e-04	1.023e-01	2.412e-02 4.0328688621521005	1.0
chr16_75364879_TTTGAGAACCAC_T_b38	2	6.32535e-04	1.091e-01	2.313e-02 4.275036300852756	1.0
chr16_75360277_AC_A_b38	2	6.26759e-04	1.109e-01	2.354e-02 4.511181575880782	1.0
chr16_75355842_A_G_b38	2	5.91865e-04	1.089e-01	2.318e-02 4.179617404937743	1.0
chr16_75351520_T_A_b38	2	5.91865e-04	1.089e-01	2.318e-02 4.182753086090088	1.0
chr16_75392631_G_A_b38	2	5.61718e-04	1.068e-01	2.415e-02 4.152404308319092	1.0
chr16_75389005_T_C_b38	2	5.61718e-04	1.068e-01	2.415e-02 4.078126907348634	1.0
chr16_75407514_CA_C_b38	2	5.60277e-04	1.064e-01	2.407e-02 4.1997064460709534	1.0
chr16_75398436_G_T_b38	2	5.60277e-04	1.064e-01	2.407e-02 4.074567317962647	1.0
chr16_75397871_C_G_b38	2	5.60277e-04	1.064e-01	2.407e-02 4.089127063751222	1.0
chr16_75404872_C_T_b38	2	5.60277e-04	1.064e-01	2.407e-02 4.0575037002563485	1.0
chr16_75402663_T_C_b38	2	5.60277e-04	1.064e-01	2.407e-02 4.101770877838135	1.0
chr16_75329010_C_T_b38	2	5.05755e-04	1.220e-01	2.431e-02 4.427797794342041	1.0
chr16_75298437_C_T_b38	2	4.77749e-04	1.184e-01	2.368e-02 4.3686795234680185	1.0
chr16_75464355_G_T_b38	2	4.65982e-04	9.386e-02	2.161e-02 3.913503631708457	1.0
chr16_75464354_C_CT_b38	2	4.65982e-04	9.386e-02	2.161e-02 3.913503631708457	1.0
chr16_75467376_G_A_b38	2	4.65982e-04	9.386e-02	2.161e-02 3.7877788543701167	1.0
chr16_75322079_C_T_b38	2	4.02408e-04	1.204e-01	2.426e-02 4.024898052215576	1.0
chr16_75461674_T_C_b38	2	2.63878e-04	9.112e-02	2.102e-02 4.3200411796569815	1.0
chr16_75461378_T_C_b38	2	2.63878e-04	9.112e-02	2.102e-02 4.3130741119384775	1.0
chr16_75462088_T_C_b38	2	2.63878e-04	9.112e-02	2.102e-02 4.340745449066162	1.0
chr16_75460046_C_T_b38	2	2.57364e-04	9.089e-02	2.099e-02 4.340745449066162	1.0
chr16_75459400_C_G_b38	2	2.57364e-04	9.089e-02	2.099e-02 4.311705589294434	1.0
chr16_75459912_T_C_b38	2	2.57364e-04	9.089e-02	2.099e-02 4.307647705078125	1.0
chr16_75460045_T_A_b38	2	2.57364e-04	9.089e-02	2.099e-02 4.342298030853272	1.0
chr16_75459381_C_A_b38	2	2.57364e-04	9.089e-02	2.099e-02 4.311705589294434	1.0
chr16_75458808_T_G_b38	2	2.44218e-04	9.060e-02	2.099e-02 4.29973840713501	1.0
chr16_75337846_C_G_b38	2	2.06134e-04	1.099e-01	2.399e-02 4.002035140991212	1.0
chr16_75310578_C_T_b38	2	2.05512e-04	1.203e-01	2.435e-02 4.050538063049316	1.0
chr16_75299467_C_T_b38	2	2.04036e-04	1.168e-01	2.367e-02 3.6661806106567374	1.0
chr16_75433165_C_T_b38	3	8.24998e-03	-2.776e-02	3.312e-02 -4.000533103942871	1.0
chr16_75435653_G_T_b38	3	2.90709e-03	-5.531e-02	3.540e-02 -3.9946129322052	1.0
chr16_75424734_C_T_b38	3	1.52454e-03	-6.291e-02	3.286e-02 -4.26600980758667	1.0
chr16_75428562_A_G_b38	3	1.26234e-03	-4.847e-02	3.235e-02 -4.1382269859313965	1.0
chr16_75437601_G_A_b38	3	1.15990e-03	5.344e-02	4.850e-02 3.494359970092773	1.0
chr16_75431175_G_C_b38	3	9.37404e-04	-1.703e-02	3.279e-02 -3.957305431365967	1.0
chr16_75437338_C_T_b38	3	7.16685e-04	-2.839e-02	3.188e-02 -3.911038875579834	1.0
chr16_75430723_C_T_b38	3	6.81111e-04	-2.960e-02	3.232e-02 -3.576594114303589	1.0
chr16_75436558_T_G_b38	3	5.85064e-04	-1.738e-02	3.204e-02 -3.923974275588989	1.0
chr16_75439422_T_A_b38	3	4.25864e-04	-3.661e-02	3.192e-02 -3.850452184677124	1.0
chr16_75418201_TGA_T_b38	3	3.41522e-04	-5.210e-02	3.269e-02 -3.705869248781181	1.0
chr16_75412073_T_G_b38	3	3.35252e-04	-5.105e-02	3.254e-02 -4.236530780792236	1.0
chr16_75411406_G_A_b38	3	3.34056e-04	-5.183e-02	3.284e-02 -4.278686046600342	1.0
chr16_75448677_C_T_b38	3	2.73730e-04	6.419e-02	4.247e-02 3.8275978565216064	1.0
chr16_75426504_C_T_b38	3	2.57317e-04	-1.503e-02	3.321e-02 -4.270540237426759	1.0
