chr17_75905213_G_T_b38	1	2.87062e-01	2.817e-01	6.115e-02 -3.4251766204833984	1.0
chr17_75898723_G_A_b38	1	1.55872e-01	2.652e-01	6.417e-02 -3.540413856506348	1.0
chr17_75940572_G_C_b38	1	1.51413e-01	2.933e-01	5.956e-02 -3.2041115760803223	1.0
chr17_75905062_G_A_b38	1	9.86626e-02	2.659e-01	6.284e-02 -3.3556454181671143	1.0
chr17_75896333_T_G_b38	1	9.27834e-02	2.456e-01	5.753e-02 -4.288356304168701	1.0
chr17_75948515_T_G_b38	1	4.62444e-02	2.939e-01	5.967e-02 -3.293381690979004	1.0
chr17_75890807_A_G_b38	1	2.17024e-02	2.635e-01	5.906e-02 -4.437759876251222	1.0
chr17_75888112_A_T_b38	1	1.78986e-02	2.518e-01	5.879e-02 -4.436814308166504	1.0
chr17_75904607_T_C_b38	1	1.78765e-02	2.455e-01	5.756e-02 -4.100645065307616	1.0
chr17_75889080_A_G_b38	1	1.72971e-02	2.565e-01	5.710e-02 -3.85868239402771	1.0
chr17_75912485_A_C_b38	1	1.16284e-02	2.499e-01	5.698e-02 -4.1273298263549805	1.0
chr17_75857839_A_AGCGCCTGTAATCCGC_b38	1	1.07755e-02	2.988e-01	4.460e-02 -3.6699647547880296	1.0
chr17_75910853_G_A_b38	1	1.05749e-02	2.526e-01	5.924e-02 -4.298445701599121	1.0
chr17_75919072_T_A_b38	1	1.03421e-02	2.510e-01	5.754e-02 -3.928717851638794	1.0
chr17_75916441_A_G_b38	1	1.03421e-02	2.510e-01	5.754e-02 -3.863224744796753	1.0
chr17_75915634_C_T_b38	1	1.03421e-02	2.510e-01	5.754e-02 -3.7027204036712646	1.0
chr17_75907401_TG_T_b38	1	7.93215e-03	2.456e-01	5.759e-02 -3.867395897077297	1.0
chr17_75894282_G_A_b38	2	3.92816e-01	2.327e-01	7.490e-02 -1.0760459899902344	1.0
chr17_75878603_G_C_b38	2	7.41056e-02	2.118e-01	6.224e-02 -1.6838135719299316	1.0
chr17_75877575_C_T_b38	2	8.90060e-03	1.692e-01	5.595e-02 -1.661414623260498	1.0
chr17_75877990_G_A_b38	2	6.74404e-03	1.674e-01	5.725e-02 -1.707241415977478	1.0
chr17_75875692_G_A_b38	2	2.81152e-03	1.929e-01	7.288e-02 -1.890941143035889	1.0
chr17_75876888_A_AG_b38	2	2.35954e-03	1.542e-01	5.697e-02 -1.422661100580366	1.0
chr17_75880392_G_A_b38	2	2.19561e-03	1.508e-01	5.607e-02 -1.2861649990081787	1.0
chr17_75892273_G_A_b38	2	1.72445e-03	1.318e-01	6.357e-02 -1.6830252408981323	1.0
chr17_75892591_T_C_b38	2	1.22879e-03	1.097e-01	5.338e-02 -1.663725972175598	1.0
chr17_75896519_G_A_b38	3	1.20255e-01	-3.399e-01	1.141e-01 -0.6952821612358093	1.0
chr17_75847686_G_A_b38	3	9.24605e-03	-4.460e-01	1.089e-01 -0.7239691019058228	1.0
chr17_75862001_AG_A_b38	3	2.71363e-03	-3.980e-01	1.011e-01 -0.9107071105844526	1.0
chr17_75858604_G_A_b38	3	2.71363e-03	-3.980e-01	1.011e-01 -0.9117475748062134	1.0
chr17_75923440_C_T_b38	3	1.35822e-03	-3.607e-01	9.760e-02 -0.7224896550178528	1.0
chr17_75897802_G_C_b38	3	1.21429e-03	5.466e-02	9.276e-02 -1.1613222360610962	1.0
chr17_75878947_C_G_b38	3	5.77749e-04	-3.282e-01	1.035e-01 -0.8245503902435303	1.0
chr17_75911555_G_A_b38	3	5.18973e-04	-3.521e-01	1.456e-01 -0.12375243008136748	1.0
chr17_75869247_C_T_b38	3	2.74415e-04	-3.965e-01	1.151e-01 -0.20049265027046204	1.0
chr17_75888535_C_T_b38	4	1.67022e-03	2.793e-01	1.067e-01 -1.5397894382476809	1.0
chr17_75884711_C_T_b38	4	9.06392e-04	2.793e-01	1.067e-01 -1.18890643119812	1.0
chr17_75921760_G_A_b38	4	2.61645e-04	2.185e-01	1.070e-01 -1.4434491395950315	1.0
chr17_75946990_T_G_b38	4	1.83353e-04	2.598e-01	1.064e-01 -1.2320079803466797	1.0
chr17_75946987_G_A_b38	4	1.83353e-04	2.598e-01	1.064e-01 -1.2314698696136477	1.0
chr17_75938154_C_T_b38	4	1.83353e-04	2.598e-01	1.064e-01 -1.3179574012756348	1.0
chr17_75935310_G_A_b38	4	5.23158e-05	2.233e-01	1.060e-01 -1.405853271484375	1.0
chr17_75954732_C_T_b38	4	2.61034e-05	2.597e-01	1.063e-01 -1.3026727437973022	1.0
chr17_75958315_C_T_b38	4	2.24957e-05	2.403e-01	1.020e-01 -1.9344103336334229	1.0
chr17_75958482_A_C_b38	4	1.14416e-05	2.146e-01	1.084e-01 -2.518395185470581	1.0
