chr1_93336654_G_GCT_b38	1	1.51081e-01	8.416e-01	1.193e-01 -2.513532787307582	1.0
chr1_93345092_T_C_b38	1	1.35335e-01	6.972e-01	2.001e-01 -2.7218377590179443	1.0
chr1_93323893_T_A_b38	1	7.68245e-02	8.553e-01	1.023e-01 -2.513532787307582	1.0
chr1_93330375_T_C_b38	1	7.68245e-02	8.553e-01	1.023e-01 -2.355054378509521	1.0
chr1_93333445_C_T_b38	1	7.68245e-02	8.553e-01	1.023e-01 -2.513532787307582	1.0
chr1_93325331_C_T_b38	1	7.68245e-02	8.553e-01	1.023e-01 -2.513532787307582	1.0
chr1_93328294_C_T_b38	1	7.68245e-02	8.553e-01	1.023e-01 -2.425199031829834	1.0
chr1_93307224_T_C_b38	1	2.44797e-02	8.739e-01	7.786e-02 -2.554305076599121	1.0
chr1_93306636_T_C_b38	1	2.44797e-02	8.739e-01	7.786e-02 -2.545248508453369	1.0
chr1_93303835_T_A_b38	1	2.44797e-02	8.739e-01	7.786e-02 -2.513532787307582	1.0
chr1_93311514_C_T_b38	1	2.44797e-02	8.739e-01	7.786e-02 -2.513532787307582	1.0
chr1_93309655_C_T_b38	1	2.44797e-02	8.739e-01	7.786e-02 -2.513532787307582	1.0
chr1_93299827_T_C_b38	1	2.44797e-02	8.739e-01	7.786e-02 -2.513532787307582	1.0
chr1_93317336_T_C_b38	1	2.44797e-02	8.739e-01	7.786e-02 -2.513532787307582	1.0
chr1_93345343_A_G_b38	1	1.98722e-02	7.558e-01	1.940e-01 -2.3864915370941158	1.0
chr1_93291697_A_C_b38	1	8.23588e-03	-8.756e-01	7.887e-02 2.513532861304462	1.0
chr1_93295836_G_A_b38	1	8.23588e-03	-8.756e-01	7.887e-02 2.4233052730560303	1.0
chr1_93252216_T_A_b38	1	8.23588e-03	-8.756e-01	7.887e-02 2.513532861304462	1.0
chr1_93294370_C_T_b38	1	8.23588e-03	-8.756e-01	7.887e-02 2.387790441513061	1.0
chr1_93250710_A_T_b38	1	8.23588e-03	-8.756e-01	7.887e-02 2.513532861304462	1.0
chr1_93268313_T_C_b38	1	8.23588e-03	-8.756e-01	7.887e-02 2.513532861304462	1.0
chr1_93269770_A_G_b38	1	8.23588e-03	-8.756e-01	7.887e-02 2.424251079559326	1.0
chr1_93273218_G_C_b38	1	8.23588e-03	-8.756e-01	7.887e-02 2.513532861304462	1.0
chr1_93264032_T_G_b38	1	8.23588e-03	-8.756e-01	7.887e-02 2.513532861304462	1.0
chr1_93257919_G_A_b38	1	8.23588e-03	-8.756e-01	7.887e-02 2.393027305603028	1.0
chr1_93280124_A_G_b38	1	8.23588e-03	-8.756e-01	7.887e-02 2.513532861304462	1.0
chr1_93265748_C_T_b38	1	8.23588e-03	-8.756e-01	7.887e-02 2.513532861304462	1.0
chr1_93246621_C_T_b38	1	8.23588e-03	-8.756e-01	7.887e-02 2.513532861304462	1.0
chr1_93250784_TATA_T_b38	1	8.23588e-03	-8.756e-01	7.887e-02 2.513532861304462	1.0
chr1_93348442_G_A_b38	1	5.01944e-03	6.702e-01	2.105e-01 -2.513532787307582	1.0
chr1_93355031_A_G_b38	1	2.68859e-03	7.456e-01	1.802e-01 -2.3908371925354004	1.0
chr1_93244474_T_A_b38	1	9.18614e-04	-8.940e-01	8.693e-02 2.513532861304462	1.0
chr1_93230193_G_A_b38	1	9.18614e-04	-8.940e-01	8.693e-02 2.513532861304462	1.0
chr1_93215179_G_A_b38	1	9.18614e-04	8.940e-01	8.693e-02 -2.4655580520629883	1.0
chr1_93207166_A_C_b38	1	9.18614e-04	8.940e-01	8.693e-02 -2.4652962684631348	1.0
chr1_93212861_T_C_b38	1	9.18614e-04	8.940e-01	8.693e-02 -2.3787808418273926	1.0
chr1_93209543_A_G_b38	1	9.18614e-04	8.940e-01	8.693e-02 -2.4075491428375244	1.0
chr1_93232665_C_G_b38	1	9.18614e-04	-8.940e-01	8.693e-02 2.513532861304462	1.0
chr1_93233668_A_G_b38	1	9.18614e-04	-8.940e-01	8.693e-02 2.513532861304462	1.0
chr1_93232922_A_G_b38	1	9.18614e-04	-8.940e-01	8.693e-02 2.513532861304462	1.0
chr1_93233632_CTT_C_b38	1	9.18614e-04	-8.940e-01	8.693e-02 2.513532861304462	1.0
chr1_93234665_TATTTA_T_b38	1	9.18614e-04	-8.940e-01	8.693e-02 2.513532861304462	1.0
chr1_93223262_G_T_b38	1	9.18614e-04	-8.940e-01	8.693e-02 2.4684488773345947	1.0
chr1_93241079_C_T_b38	1	9.18614e-04	-8.940e-01	8.693e-02 2.513532861304462	1.0
chr1_93210058_C_A_b38	1	9.18614e-04	8.940e-01	8.693e-02 -2.513532787307582	1.0
chr1_93229589_G_A_b38	1	9.18614e-04	-8.940e-01	8.693e-02 2.513532861304462	1.0
chr1_93348854_A_G_b38	2	2.41470e-01	2.144e-01	4.556e-02 -4.3882841055508734	1.0
chr1_93355127_A_G_b38	2	1.64196e-01	2.149e-01	4.549e-02 -4.3882841055508734	1.0
chr1_93350843_A_G_b38	2	4.67848e-02	2.028e-01	4.905e-02 -6.540045738220215	1.0
chr1_93349933_T_C_b38	2	4.67848e-02	2.028e-01	4.905e-02 -4.865790843963623	1.0
chr1_93388960_T_C_b38	2	3.91862e-02	2.224e-01	4.502e-02 -4.326823087814148	1.0
chr1_93339644_T_G_b38	2	3.61209e-02	2.068e-01	4.834e-02 -4.421883442536789	1.0
chr1_93352389_A_G_b38	2	3.16939e-02	2.032e-01	4.904e-02 -5.085530281066895	1.0
chr1_93355018_G_A_b38	2	3.16939e-02	2.032e-01	4.904e-02 -4.995412826538086	1.0
chr1_93389437_G_A_b38	2	2.50955e-02	2.163e-01	4.524e-02 -4.326823087814148	1.0
chr1_93387458_G_C_b38	2	2.50955e-02	2.163e-01	4.524e-02 -4.326823087814148	1.0
chr1_93384726_C_A_b38	2	2.50955e-02	2.163e-01	4.524e-02 -4.326823087814148	1.0
chr1_93371576_T_C_b38	2	2.50955e-02	2.163e-01	4.524e-02 -4.264110565185547	1.0
chr1_93360081_T_A_b38	2	1.25512e-02	2.038e-01	4.908e-02 -4.690228462219238	1.0
chr1_93363691_C_G_b38	2	1.25512e-02	2.038e-01	4.908e-02 -4.978160583887025	1.0
chr1_93367980_C_T_b38	2	1.25512e-02	2.038e-01	4.908e-02 -4.915664864513613	1.0
chr1_93362966_T_A_b38	2	1.25512e-02	2.038e-01	4.908e-02 -4.874290943145752	1.0
chr1_93298339_C_T_b38	2	4.67780e-03	2.069e-01	4.819e-02 -4.464275270856191	1.0
chr1_93314248_C_T_b38	2	4.67780e-03	2.069e-01	4.819e-02 -4.2922143936157235	1.0
chr1_93313106_G_A_b38	2	4.67780e-03	2.069e-01	4.819e-02 -4.421883442536789	1.0
chr1_93303770_A_G_b38	2	4.67780e-03	2.069e-01	4.819e-02 -4.421883442536789	1.0
chr1_93339395_G_A_b38	2	4.35968e-03	1.850e-01	5.151e-02 -5.0217490754782155	1.0
chr1_93336707_T_A_b38	2	4.35968e-03	1.850e-01	5.151e-02 -4.961946964263916	1.0
chr1_93337224_G_A_b38	2	4.35968e-03	1.850e-01	5.151e-02 -5.0217490754782155	1.0
chr1_93381863_A_G_b38	2	3.32248e-03	2.028e-01	4.862e-02 -4.5241804122924805	1.0
chr1_93388629_C_G_b38	2	3.32248e-03	2.028e-01	4.862e-02 -4.915664864513613	1.0
chr1_93392817_G_A_b38	2	3.32248e-03	2.028e-01	4.862e-02 -5.009259223937988	1.0
chr1_93371409_G_A_b38	2	3.32248e-03	2.028e-01	4.862e-02 -4.915664864513613	1.0
chr1_93395068_G_A_b38	2	3.32248e-03	2.028e-01	4.862e-02 -5.014252662658691	1.0
chr1_93376466_A_C_b38	2	3.32248e-03	2.028e-01	4.862e-02 -4.912766933441162	1.0
chr1_93380117_A_C_b38	2	3.32248e-03	2.028e-01	4.862e-02 -4.915664864513613	1.0
chr1_93380098_T_A_b38	2	3.32248e-03	2.028e-01	4.862e-02 -4.915664864513613	1.0
chr1_93382956_T_C_b38	2	3.32248e-03	2.028e-01	4.862e-02 -4.915664864513613	1.0
chr1_93381634_A_T_b38	2	2.56479e-03	2.273e-01	5.759e-02 -3.2398772360962798	1.0
chr1_93322213_G_A_b38	2	2.40013e-03	1.850e-01	5.151e-02 -5.0217490754782155	1.0
chr1_93321207_G_T_b38	2	2.40013e-03	1.850e-01	5.151e-02 -4.868409633636475	1.0
chr1_93325880_G_C_b38	2	2.40013e-03	1.850e-01	5.151e-02 -4.960782051086426	1.0
chr1_93321157_G_A_b38	2	2.40013e-03	1.850e-01	5.151e-02 -4.707885265350342	1.0
chr1_93329609_A_T_b38	2	2.40013e-03	1.850e-01	5.151e-02 -4.8642354011535645	1.0
chr1_93323183_T_G_b38	2	2.40013e-03	1.850e-01	5.151e-02 -5.0151214599609375	1.0
chr1_93332939_T_G_b38	2	2.40013e-03	1.850e-01	5.151e-02 -5.0217490754782155	1.0
chr1_93267500_C_T_b38	2	3.86083e-04	-2.054e-01	4.793e-02 4.493070031389833	1.0
chr1_93279978_C_T_b38	2	3.86083e-04	-2.054e-01	4.793e-02 4.421883442536789	1.0
chr1_93279699_TACCTCAG_T_b38	2	3.86083e-04	-2.054e-01	4.793e-02 4.421883442536789	1.0
chr1_93272958_A_AAG_b38	2	3.86083e-04	-2.054e-01	4.793e-02 4.421883442536789	1.0
chr1_93290635_G_A_b38	2	3.86083e-04	-2.054e-01	4.793e-02 4.421883442536789	1.0
chr1_93249662_G_A_b38	2	3.86083e-04	-2.054e-01	4.793e-02 4.421883442536789	1.0
chr1_93251417_G_T_b38	2	3.86083e-04	-2.054e-01	4.793e-02 4.316670894622804	1.0
chr1_93270998_C_T_b38	2	3.86083e-04	-2.054e-01	4.793e-02 4.356928825378418	1.0
chr1_93259496_C_T_b38	2	3.86083e-04	-2.054e-01	4.793e-02 4.421883442536789	1.0
chr1_93335535_C_T_b38	2	3.36269e-04	1.704e-01	5.029e-02 -5.018723779497433	1.0
chr1_93346012_A_G_b38	2	2.90523e-04	7.412e-02	7.060e-02 -4.1039296993136665	1.0
chr1_93396463_T_C_b38	2	2.76005e-04	2.014e-01	4.836e-02 -4.985818862915039	1.0
chr1_93345317_T_C_b38	3	3.93114e-02	3.546e-01	1.324e-01 -2.513532787307582	1.0
chr1_93340918_T_C_b38	3	1.58964e-02	4.064e-01	1.362e-01 -2.513532787307582	1.0
chr1_93341565_A_G_b38	3	1.28339e-02	3.488e-01	1.109e-01 -2.4372363090515137	1.0
chr1_93347873_T_C_b38	3	8.76955e-03	3.180e-01	1.163e-01 -2.513532787307582	1.0
chr1_93340450_C_T_b38	3	6.07863e-03	4.175e-01	1.387e-01 -2.582525968551636	1.0
chr1_93339226_A_G_b38	3	6.07863e-03	4.175e-01	1.387e-01 -2.513532787307582	1.0
chr1_93338620_C_G_b38	3	3.50062e-03	3.586e-01	1.077e-01 -2.5562732219696045	1.0
chr1_93323591_A_T_b38	3	1.94069e-03	4.350e-01	1.429e-01 -2.5074667930603027	1.0
chr1_93324516_C_A_b38	3	1.94069e-03	4.350e-01	1.429e-01 -2.513532787307582	1.0
chr1_93352261_A_G_b38	3	1.68952e-03	4.007e-01	1.539e-01 -2.513532787307582	1.0
chr1_93339430_C_G_b38	3	1.58135e-03	3.860e-01	1.314e-01 -2.513532787307582	1.0
chr1_93367544_G_A_b38	3	1.46847e-03	4.823e-01	1.857e-01 -2.430895364969104	1.0
chr1_93366517_G_A_b38	3	1.46847e-03	4.823e-01	1.857e-01 -2.377297878265381	1.0
chr1_93367624_A_G_b38	3	1.46847e-03	4.823e-01	1.857e-01 -2.430895364969104	1.0
chr1_93366137_A_C_b38	3	1.46847e-03	4.823e-01	1.857e-01 -2.430895364969104	1.0
chr1_93364312_A_G_b38	3	1.85054e-05	1.031e+00	5.152e-02 -2.513532787307582	1.0
chr1_93317421_G_A_b38	3	1.41430e-05	-1.038e+00	5.146e-02 2.513532861304462	1.0
chr1_93316131_A_C_b38	3	1.41430e-05	1.038e+00	5.146e-02 -2.513532787307582	1.0
chr1_93307414_T_C_b38	3	1.41430e-05	1.038e+00	5.146e-02 -2.4926326274871826	1.0
chr1_93298416_A_G_b38	3	1.41430e-05	1.038e+00	5.146e-02 -2.513532787307582	1.0
chr1_93311694_A_G_b38	3	1.41430e-05	1.038e+00	5.146e-02 -2.513532787307582	1.0
chr1_93346360_C_T_b38	4	2.49528e-03	1.568e-01	7.932e-02 3.2306516627004846	1.0
chr1_93343494_T_C_b38	4	8.42358e-05	1.614e-01	7.881e-02 3.1642518872115724	1.0
chr1_93347602_A_G_b38	4	8.34986e-05	1.614e-01	7.881e-02 3.2932566035415314	1.0
chr1_93341141_C_T_b38	4	3.37811e-05	1.598e-01	7.907e-02 3.2306516627004846	1.0
chr1_93350815_T_A_b38	4	1.83742e-05	1.598e-01	7.907e-02 3.2932566035415314	1.0
