chr11_122655793_A_C_b38	1	9.75601e-02	1.506e-01	4.992e-02 5.093938827514648	1.0
chr11_122655893_C_T_b38	1	8.90399e-02	1.481e-01	4.986e-02 5.551758005167248	1.0
chr11_122646455_T_C_b38	1	5.64815e-02	1.925e-01	5.024e-02 5.2732100552999315	1.0
chr11_122649545_T_C_b38	1	3.49688e-02	1.837e-01	5.008e-02 5.5790719120110905	1.0
chr11_122651359_T_C_b38	1	3.47309e-02	1.748e-01	5.027e-02 5.712361685278469	1.0
chr11_122651667_T_C_b38	1	3.47309e-02	1.748e-01	5.027e-02 7.724833011627197	1.0
chr11_122650313_T_C_b38	1	3.03108e-02	1.833e-01	5.139e-02 5.697008908095974	1.0
chr11_122656412_G_A_b38	1	2.99287e-02	1.480e-01	4.985e-02 5.551758005167248	1.0
chr11_122647095_A_G_b38	1	2.70067e-02	1.757e-01	4.899e-02 5.518035816778686	1.0
chr11_122663796_T_C_b38	1	2.25115e-02	1.729e-01	5.050e-02 7.7322044372558585	1.0
chr11_122658162_C_T_b38	1	1.38379e-02	1.480e-01	4.985e-02 5.551758005167248	1.0
chr11_122657485_T_C_b38	1	1.38379e-02	1.480e-01	4.985e-02 5.551758005167248	1.0
chr11_122658155_T_A_b38	1	1.38379e-02	1.480e-01	4.985e-02 5.551758005167248	1.0
chr11_122657315_G_A_b38	1	1.38379e-02	1.480e-01	4.985e-02 5.551758005167248	1.0
chr11_122655361_C_T_b38	1	1.08551e-02	1.078e-01	5.594e-02 4.816717590479582	1.0
chr11_122652888_G_A_b38	1	8.66578e-03	1.499e-01	5.036e-02 5.672544771813184	1.0
chr11_122659883_C_G_b38	1	7.64690e-03	1.501e-01	5.059e-02 5.168642997741699	1.0
chr11_122649998_C_G_b38	1	7.23597e-03	1.595e-01	5.100e-02 5.545164810297688	1.0
chr11_122657644_A_C_b38	1	6.75645e-03	1.461e-01	5.431e-02 3.2215055057426034	1.0
chr11_122648314_T_G_b38	1	5.92232e-03	1.502e-01	4.923e-02 5.5790719120110905	1.0
chr11_122647901_A_G_b38	1	5.92232e-03	1.502e-01	4.923e-02 5.518035816778686	1.0
chr11_122662371_T_C_b38	1	5.43746e-03	1.501e-01	5.059e-02 5.752246078771206	1.0
chr11_122660866_A_G_b38	1	5.43746e-03	1.501e-01	5.059e-02 5.752246078771206	1.0
chr11_122663158_A_G_b38	1	5.43746e-03	1.501e-01	5.059e-02 5.752246078771206	1.0
chr11_122663200_T_C_b38	1	5.43746e-03	1.501e-01	5.059e-02 5.752246078771206	1.0
chr11_122664096_T_A_b38	1	5.43746e-03	1.501e-01	5.059e-02 5.752246078771206	1.0
chr11_122662585_T_C_b38	1	5.43746e-03	1.501e-01	5.059e-02 5.752246078771206	1.0
chr11_122664102_A_G_b38	1	5.43746e-03	1.501e-01	5.059e-02 5.752246078771206	1.0
chr11_122663482_C_T_b38	1	5.38336e-03	1.480e-01	4.985e-02 5.551758005167248	1.0
chr11_122637455_C_T_b38	1	5.05292e-03	1.582e-01	4.848e-02 4.991442680358887	1.0
chr11_122674438_C_T_b38	1	4.13334e-03	1.612e-01	5.150e-02 5.206088664165325	1.0
chr11_122647817_A_G_b38	1	4.01825e-03	1.383e-01	4.761e-02 5.003735065460205	1.0
chr11_122643695_C_T_b38	1	3.49878e-03	1.561e-01	4.982e-02 5.271251091787375	1.0
chr11_122642847_A_T_b38	1	3.39297e-03	1.556e-01	4.999e-02 5.03290605545044	1.0
chr11_122636262_T_C_b38	1	3.39297e-03	1.556e-01	4.999e-02 5.445473088591148	1.0
chr11_122631131_G_A_b38	1	3.23595e-03	1.486e-01	4.792e-02 5.158863472159837	1.0
chr11_122664700_T_C_b38	1	2.90308e-03	1.380e-01	5.099e-02 5.0445876121521	1.0
chr11_122664422_G_GAAGAATGAGAT_b38	1	2.85193e-03	1.356e-01	5.017e-02 5.4980483244992655	1.0
chr11_122664903_G_A_b38	1	2.85193e-03	1.356e-01	5.017e-02 5.028434753417969	1.0
chr11_122664438_A_G_b38	1	2.85193e-03	1.356e-01	5.017e-02 5.4980483244992655	1.0
chr11_122631103_A_G_b38	1	2.76709e-03	1.440e-01	4.723e-02 5.2046044302978025	1.0
chr11_122664625_G_C_b38	1	2.33469e-03	1.330e-01	5.093e-02 5.105053901672363	1.0
chr11_122632424_G_A_b38	1	1.75876e-03	1.426e-01	4.981e-02 4.940187815273113	1.0
chr11_122654243_G_A_b38	1	1.71516e-03	1.078e-01	5.593e-02 4.7862109156689066	1.0
chr11_122654600_T_G_b38	1	1.71516e-03	1.078e-01	5.593e-02 4.496134281158447	1.0
chr11_122638783_G_A_b38	1	1.67873e-03	1.399e-01	4.927e-02 5.033979892730713	1.0
chr11_122643573_C_A_b38	1	1.51305e-03	1.381e-01	4.945e-02 5.276059342195013	1.0
chr11_122635300_G_T_b38	1	1.32997e-03	1.327e-01	4.846e-02 4.869997024536133	1.0
chr11_122666713_A_G_b38	1	1.16906e-03	1.380e-01	5.236e-02 5.55826793942854	1.0
chr11_122630138_C_A_b38	1	1.09317e-03	1.481e-01	4.766e-02 4.746467590332031	1.0
chr11_122652060_ATTTG_A_b38	1	9.89263e-04	1.078e-01	5.593e-02 4.840196417852313	1.0
chr11_122652538_A_G_b38	1	9.89263e-04	1.078e-01	5.593e-02 4.840196417852313	1.0
chr11_122652959_C_T_b38	1	9.89263e-04	1.078e-01	5.593e-02 4.7862109156689066	1.0
chr11_122652542_G_A_b38	1	9.89263e-04	1.078e-01	5.593e-02 4.840196417852313	1.0
chr11_122652200_GT_G_b38	1	9.89263e-04	1.078e-01	5.593e-02 4.840196417852313	1.0
chr11_122702936_C_T_b38	2	8.19404e-03	1.575e-01	4.589e-02 -2.202925443649292	1.0
chr11_122691337_G_A_b38	2	4.53308e-03	1.736e-01	5.288e-02 -3.56815767288208	1.0
chr11_122692630_G_A_b38	2	4.53308e-03	1.736e-01	5.288e-02 -5.062911987304688	1.0
chr11_122700975_A_G_b38	2	2.02113e-03	1.570e-01	5.344e-02 -3.87790588285548	1.0
chr11_122709411_G_T_b38	2	1.87595e-04	1.378e-01	5.597e-02 -3.980570793151856	1.0
chr11_122711017_C_G_b38	2	1.25412e-04	1.323e-01	5.906e-02 -2.936723232269287	1.0
chr11_122713899_C_G_b38	2	1.25412e-04	1.323e-01	5.906e-02 -3.1397361755371094	1.0
