chr11_61891157_T_C_b38	1	9.02074e-01	-3.057e-01	6.728e-02 0.2586568593978882	1.0
chr11_61890194_G_A_b38	1	3.05918e-04	1.009e-01	6.327e-02 -0.0020053039770573373	1.0
chr11_61822009_A_G_b38	2	1.62128e-01	-2.975e-01	5.206e-02 -7.324239459195866	1.0
chr11_61828850_CA_C_b38	2	8.78072e-02	-2.675e-01	4.970e-02 -8.718890662790729	1.0
chr11_61830500_A_G_b38	2	8.78072e-02	-2.675e-01	4.970e-02 -10.752943992614746	1.0
chr11_61803910_G_A_b38	2	7.66399e-02	-2.890e-01	5.243e-02 -9.895759582519533	1.0
chr11_61815236_T_C_b38	2	3.74866e-02	-2.812e-01	5.272e-02 -4.7897372245788565	1.0
chr11_61800281_C_A_b38	2	3.74866e-02	-2.812e-01	5.272e-02 -7.4840044160612225	1.0
chr11_61812288_T_C_b38	2	3.74866e-02	-2.812e-01	5.272e-02 -9.843351364135742	1.0
chr11_61813163_C_T_b38	2	3.74866e-02	-2.812e-01	5.272e-02 -9.815591812133787	1.0
chr11_61813890_C_CG_b38	2	2.72860e-02	-3.022e-01	5.784e-02 -7.7334591922266736	1.0
chr11_61813896_A_G_b38	2	2.66895e-02	-2.775e-01	5.285e-02 -7.590457089745071	1.0
chr11_61807686_A_G_b38	2	2.16604e-02	-2.559e-01	5.143e-02 -5.886776924133301	1.0
chr11_61811991_A_G_b38	2	2.16604e-02	-2.559e-01	5.143e-02 -8.791619908514825	1.0
chr11_61803311_T_C_b38	2	2.16604e-02	-2.559e-01	5.143e-02 -10.785168647766113	1.0
chr11_61817672_A_G_b38	2	2.16604e-02	-2.559e-01	5.143e-02 -5.9172844886779785	1.0
chr11_61802358_C_T_b38	2	2.16604e-02	-2.559e-01	5.143e-02 -10.92982292175293	1.0
chr11_61801834_C_G_b38	2	2.16604e-02	-2.559e-01	5.143e-02 -9.518084526062012	1.0
chr11_61818856_C_CT_b38	2	2.16604e-02	-2.559e-01	5.143e-02 -8.791619908514825	1.0
chr11_61804006_T_C_b38	2	2.16604e-02	-2.559e-01	5.143e-02 -10.88526725769043	1.0
chr11_61798436_T_C_b38	2	1.91134e-02	-2.542e-01	5.155e-02 -9.340235710144043	1.0
chr11_61803876_C_G_b38	2	1.52245e-02	-2.749e-01	5.338e-02 -9.886667251586914	1.0
chr11_61820833_A_G_b38	2	1.44940e-02	-2.545e-01	5.162e-02 -8.661031833745662	1.0
chr11_61796827_G_T_b38	2	1.05220e-02	-2.474e-01	5.207e-02 -9.401169776916504	1.0
chr11_61825533_A_G_b38	2	9.62055e-03	-2.451e-01	5.111e-02 -8.292188140185571	1.0
chr11_61843278_G_A_b38	2	9.55951e-03	-2.232e-01	5.176e-02 -7.976870393691861	1.0
chr11_61827448_CT_C_b38	2	8.14155e-03	-2.458e-01	5.243e-02 -8.487607703503434	1.0
chr11_61826344_C_T_b38	2	8.14155e-03	-2.458e-01	5.243e-02 -5.7046241760253915	1.0
chr11_61814292_T_C_b38	2	7.61932e-03	-2.663e-01	5.376e-02 -4.718576908111572	1.0
chr11_61814184_G_A_b38	2	6.92027e-03	-2.745e-01	5.640e-02 -6.3400571529821015	1.0
chr11_61824890_A_G_b38	2	5.21029e-03	-2.375e-01	5.164e-02 -5.798978805541992	1.0
chr11_61784455_A_C_b38	2	2.05187e-03	-2.499e-01	5.186e-02 -9.521133422851562	1.0
chr11_61790354_T_C_b38	2	2.02601e-03	-2.479e-01	5.182e-02 -8.929762912424623	1.0
chr11_61781553_G_A_b38	2	2.02601e-03	-2.479e-01	5.182e-02 -8.985351450410517	1.0
chr11_61851136_A_G_b38	2	2.01395e-03	-1.943e-01	5.346e-02 -5.317851066589356	1.0
chr11_61783884_T_C_b38	2	1.73097e-03	-2.499e-01	5.214e-02 -10.92212200164795	1.0
chr11_61894217_T_C_b38	3	5.76532e-02	-3.418e-01	1.190e-01 0.0	1.0
chr11_61894738_T_C_b38	3	3.64719e-02	-3.419e-01	1.189e-01 0.0	1.0
chr11_61891824_A_G_b38	4	1.35891e-03	3.932e-02	6.228e-02 4.189255622785018	1.0
chr11_61891328_C_T_b38	4	3.52191e-04	-7.705e-03	5.936e-02 4.808556788780766	1.0
chr11_61890454_A_G_b38	4	1.34529e-04	-2.373e-02	5.530e-02 4.008014812821819	1.0
chr11_61890366_G_A_b38	4	1.34529e-04	-2.373e-02	5.530e-02 4.00242580428025	1.0
chr11_61889929_A_C_b38	4	1.34529e-04	-2.373e-02	5.530e-02 2.5430166721343994	1.0
chr11_61889578_C_T_b38	4	1.34529e-04	-2.373e-02	5.530e-02 4.016788594668608	1.0
chr11_61890120_TC_T_b38	4	1.31648e-04	1.964e-02	5.513e-02 3.1267061802120035	1.0
chr11_61889638_C_T_b38	4	1.25624e-04	5.641e-03	5.549e-02 2.9801576137542725	1.0
chr11_61888782_T_TC_b38	4	7.72712e-05	-2.753e-02	4.954e-02 4.00242580428025	1.0
chr11_61888645_G_A_b38	4	7.56249e-05	3.917e-02	4.793e-02 6.6945743560791025	1.0
chr11_61889186_A_C_b38	4	7.23009e-05	-1.977e-02	4.932e-02 4.00242580428025	1.0
chr11_61887833_A_G_b38	4	7.23009e-05	-1.977e-02	4.932e-02 5.369283676147461	1.0
chr11_61888710_C_A_b38	4	7.23009e-05	-1.977e-02	4.932e-02 5.432307243347168	1.0
chr11_61889503_T_C_b38	4	7.23009e-05	-1.977e-02	4.932e-02 4.016788594668608	1.0
chr11_61889113_T_C_b38	4	7.01956e-05	-1.686e-02	4.935e-02 3.979981408445492	1.0
chr11_61889069_A_AT_b38	4	6.87534e-05	-1.429e-02	4.948e-02 3.7706485286664586	1.0
chr11_61889523_C_T_b38	4	6.79550e-05	1.327e-02	4.879e-02 4.868331218828006	1.0
chr11_61875291_C_T_b38	4	6.32184e-05	-9.615e-02	5.612e-02 -3.714974316465596	1.0
chr11_61883275_G_A_b38	4	3.39880e-05	-8.890e-03	5.258e-02 2.9868152141571045	1.0
chr11_61879915_G_C_b38	4	1.83374e-05	-2.416e-02	5.059e-02 5.71845006942749	1.0
chr11_61879955_T_G_b38	4	1.83374e-05	-2.416e-02	5.059e-02 3.044716119766236	1.0
