chr2_85328087_A_G_b38	1	7.78381e-01	2.856e-01	5.831e-02 0.2348677801403296	1.0
chr2_85330557_G_A_b38	1	1.47458e-01	2.824e-01	5.247e-02 0.2348677801403296	1.0
chr2_85327762_G_A_b38	1	7.22922e-02	2.639e-01	4.579e-02 0.2832629890911619	1.0
chr2_85328139_T_G_b38	2	1.64345e-01	-6.458e-02	1.935e-02 4.639058589935303	1.0
chr2_85312167_C_CA_b38	2	9.35181e-02	-7.855e-02	1.926e-02 4.587269037674026	1.0
chr2_85328355_C_T_b38	2	5.58446e-02	-5.651e-02	1.877e-02 5.040713310241699	1.0
chr2_85328154_G_A_b38	2	5.20481e-02	-5.605e-02	1.876e-02 4.252603054046632	1.0
chr2_85324573_T_G_b38	2	5.13152e-02	-6.619e-02	1.829e-02 4.979132175445557	1.0
chr2_85325697_C_T_b38	2	2.73295e-02	-6.275e-02	1.824e-02 4.949400659115011	1.0
chr2_85322424_C_T_b38	2	2.28979e-02	-6.478e-02	1.826e-02 4.985192775726318	1.0
chr2_85322404_T_C_b38	2	2.27477e-02	-6.474e-02	1.825e-02 4.943378925323486	1.0
chr2_85318929_A_G_b38	2	2.27477e-02	-6.474e-02	1.825e-02 4.820777416229248	1.0
chr2_85325063_C_A_b38	2	2.09983e-02	-6.426e-02	1.907e-02 4.941434383392334	1.0
chr2_85324061_C_T_b38	2	1.88780e-02	-6.337e-02	1.899e-02 4.968134880065918	1.0
chr2_85310189_G_A_b38	2	1.77935e-02	-6.701e-02	1.833e-02 4.923599457529875	1.0
chr2_85313643_C_T_b38	2	1.47140e-02	-6.572e-02	1.825e-02 5.038253307342528	1.0
chr2_85313657_T_G_b38	2	1.47140e-02	-6.572e-02	1.825e-02 5.0256614685058585	1.0
chr2_85332402_A_C_b38	2	1.33120e-02	-5.727e-02	1.864e-02 4.443923913424504	1.0
chr2_85313960_T_C_b38	2	1.32925e-02	-6.576e-02	1.827e-02 5.016030311584473	1.0
chr2_85324656_G_A_b38	2	1.32238e-02	-5.948e-02	1.834e-02 4.990606307983398	1.0
chr2_85326957_G_A_b38	2	1.19067e-02	-5.473e-02	1.870e-02 4.734681129455566	1.0
chr2_85320306_G_T_b38	2	1.01866e-02	-6.381e-02	1.905e-02 4.972309589385986	1.0
chr2_85322745_A_G_b38	2	1.00161e-02	-6.394e-02	1.917e-02 4.293555804160682	1.0
chr2_85320840_C_T_b38	2	9.89372e-03	-6.365e-02	1.905e-02 4.9661359786987305	1.0
chr2_85320253_C_G_b38	2	9.89372e-03	-6.365e-02	1.905e-02 4.91829776763916	1.0
chr2_85321516_A_G_b38	2	9.39343e-03	-6.350e-02	1.917e-02 4.313623905181885	1.0
chr2_85313523_ACT_A_b38	2	9.14167e-03	-6.387e-02	1.830e-02 4.9760880248636905	1.0
chr2_85312047_A_C_b38	2	9.08205e-03	-6.389e-02	1.831e-02 4.96277913107924	1.0
chr2_85311872_G_A_b38	2	9.08205e-03	-6.389e-02	1.831e-02 4.96277913107924	1.0
chr2_85312450_T_A_b38	2	7.60901e-03	-6.311e-02	1.830e-02 4.943731761125497	1.0
chr2_85317466_G_GCAACA_b38	2	5.64503e-03	-6.490e-02	1.901e-02 4.822070256163513	1.0
chr2_85325586_T_C_b38	2	3.62306e-03	-5.409e-02	1.868e-02 4.812187211606285	1.0
chr2_85326661_C_T_b38	2	3.42069e-03	-5.159e-02	1.871e-02 4.972984313964844	1.0
chr2_85315941_T_C_b38	2	2.79562e-03	-5.971e-02	1.872e-02 4.281389664272869	1.0
chr2_85319069_C_T_b38	2	2.52055e-03	-5.582e-02	1.877e-02 4.0113205909728995	1.0
chr2_85319492_C_T_b38	2	2.50628e-03	-5.578e-02	1.877e-02 4.760514736175537	1.0
chr2_85320945_TA_T_b38	2	2.50628e-03	-5.578e-02	1.877e-02 4.808210106915909	1.0
chr2_85319809_A_C_b38	2	2.50628e-03	-5.578e-02	1.877e-02 4.9275431632995605	1.0
chr2_85315563_G_C_b38	2	1.81171e-03	-5.760e-02	1.873e-02 5.015593528747559	1.0
chr2_85316099_C_T_b38	2	1.80633e-03	-5.323e-02	1.720e-02 4.146613024646223	1.0
chr2_85315595_G_A_b38	2	1.61721e-03	-5.698e-02	1.876e-02 4.813784358814663	1.0
chr2_85358788_C_A_b38	3	1.78820e-02	-2.761e-01	7.252e-02 1.666821002960205	1.0
chr2_85345339_T_C_b38	3	8.87178e-03	-1.883e-01	5.919e-02 1.3978848593978437	1.0
chr2_85352304_C_T_b38	3	2.77653e-03	-2.211e-01	7.359e-02 1.4292916617950908	1.0
chr2_85332040_A_G_b38	3	2.53684e-03	-1.936e-02	3.564e-01 0.21928241998626566	1.0
chr2_85363163_C_T_b38	3	1.56655e-03	-2.258e-01	7.027e-02 1.4013816118240356	1.0
chr2_85311308_T_C_b38	3	1.23921e-03	-2.757e-01	9.714e-02 0.906202436839636	1.0
chr2_85341287_G_C_b38	3	1.19036e-03	-2.150e-01	7.876e-02 1.326421856880188	1.0
chr2_85334098_G_C_b38	3	3.52009e-04	-1.743e-01	9.536e-02 0.6706534806579386	1.0
chr2_85338343_G_A_b38	3	2.42757e-04	2.966e-02	1.835e-01 0.6902666792292641	1.0
chr2_85336092_C_T_b38	3	1.91019e-04	-4.600e-02	1.683e-01 0.6902666792292641	1.0
chr2_85333838_C_T_b38	3	1.91019e-04	-4.600e-02	1.683e-01 0.6902666792292641	1.0
chr2_85337163_G_A_b38	3	1.90680e-04	-4.952e-02	1.678e-01 0.6902666792292641	1.0
chr2_85341250_C_T_b38	3	1.92514e-05	2.216e-01	4.457e-02 0.6902666792292641	1.0
chr2_85328254_G_T_b38	4	2.17215e-04	1.697e-02	5.173e-02 -1.1527985174732087	1.0
chr2_85328951_G_A_b38	4	5.97239e-05	3.130e-02	3.541e-02 -1.1527985174732087	1.0
chr2_85330581_G_A_b38	4	2.93516e-05	5.438e-02	3.808e-02 -1.1527985174732087	1.0
