chr1_156752632_G_C_b38	1	3.99285e-01	-1.530e-01	1.461e-02 3.188930988311768	1.0
chr1_156750758_G_A_b38	1	1.27753e-01	-1.509e-01	1.460e-02 3.5903088278438036	1.0
chr1_156748656_G_C_b38	1	9.71773e-02	-1.507e-01	1.463e-02 3.1867120265960693	1.0
chr1_156743766_G_A_b38	1	9.71773e-02	-1.507e-01	1.463e-02 3.587854105134014	1.0
chr1_156755209_G_A_b38	1	7.47441e-02	-1.507e-01	1.465e-02 3.0894906520843506	1.0
chr1_156741831_C_A_b38	1	4.88688e-02	-1.509e-01	1.458e-02 3.5903088278438036	1.0
chr1_156736030_C_T_b38	1	4.88688e-02	-1.509e-01	1.458e-02 3.5903088278438036	1.0
chr1_156751240_T_A_b38	1	4.27444e-02	-1.498e-01	1.465e-02 3.5903088278438036	1.0
chr1_156739810_T_G_b38	1	2.93304e-02	-1.504e-01	1.459e-02 3.587854105134014	1.0
chr1_156746806_G_A_b38	1	2.37616e-02	-1.507e-01	1.482e-02 3.587854105134014	1.0
chr1_156730859_T_G_b38	1	8.90877e-03	-1.508e-01	1.478e-02 5.629913330078125	1.0
chr1_156765959_G_C_b38	2	1.53716e-02	4.545e-02	2.352e-02 -1.5047047138214111	1.0
chr1_156768884_G_T_b38	2	9.68341e-03	4.711e-02	2.334e-02 -1.689912169229083	1.0
chr1_156764865_G_A_b38	2	3.34356e-03	3.447e-02	2.498e-02 -1.689912169229083	1.0
chr1_156775678_T_G_b38	2	3.31547e-03	4.737e-02	2.364e-02 -1.725690369489972	1.0
chr1_156785009_C_CAT_b38	2	3.07144e-03	5.592e-02	2.424e-02 -1.462586243333361	1.0
chr1_156757737_G_C_b38	2	2.87087e-03	4.704e-02	2.390e-02 -1.689912169229083	1.0
chr1_156758158_C_T_b38	2	2.73210e-03	4.532e-02	2.321e-02 -1.689912169229083	1.0
chr1_156760807_C_T_b38	2	2.46690e-03	4.470e-02	2.364e-02 -1.689912169229083	1.0
chr1_156811060_A_G_b38	2	1.92099e-03	6.439e-02	2.548e-02 -1.630480408668518	1.0
chr1_156778393_T_C_b38	2	1.89805e-03	4.903e-02	2.346e-02 -1.725690369489972	1.0
chr1_156781372_G_A_b38	2	1.89805e-03	4.903e-02	2.346e-02 -1.725690369489972	1.0
chr1_156805477_C_G_b38	2	1.88095e-03	6.217e-02	2.459e-02 -1.677067000996464	1.0
chr1_156784307_C_G_b38	2	1.86889e-03	4.884e-02	2.346e-02 -1.725690369489972	1.0
chr1_156754670_A_G_b38	2	1.57859e-03	4.697e-02	2.333e-02 -1.689912169229083	1.0
chr1_156756129_G_A_b38	2	1.57859e-03	4.697e-02	2.333e-02 -1.689912169229083	1.0
chr1_156755161_C_T_b38	2	1.57859e-03	4.697e-02	2.333e-02 -1.2927428483963013	1.0
chr1_156785629_GC_G_b38	2	1.51015e-03	4.726e-02	2.363e-02 -1.725690369489972	1.0
chr1_156746897_G_A_b38	2	1.47609e-03	4.621e-02	2.334e-02 -1.689912169229083	1.0
chr1_156775228_G_A_b38	2	1.37623e-03	-3.446e-02	2.218e-02 1.7746504082639931	1.0
chr1_156752866_T_C_b38	2	1.34938e-03	4.533e-02	2.351e-02 -1.689912169229083	1.0
chr1_156751115_C_T_b38	2	1.27490e-03	4.454e-02	2.346e-02 -1.689912169229083	1.0
chr1_156780008_A_T_b38	2	7.07500e-04	3.926e-02	2.359e-02 -1.725690369489972	1.0
chr1_156779862_C_T_b38	2	6.56356e-04	-3.725e-02	2.285e-02 1.6016768170174267	1.0
chr1_156777397_A_G_b38	2	5.92107e-04	-3.502e-02	2.212e-02 1.7746504082639931	1.0
chr1_156777346_C_T_b38	2	5.92107e-04	-3.502e-02	2.212e-02 1.8043912649154663	1.0
chr1_156785993_A_G_b38	2	5.92107e-04	-3.502e-02	2.212e-02 1.7746504082639931	1.0
chr1_156725712_A_G_b38	2	5.25526e-04	4.971e-02	2.407e-02 -1.8467732667922971	1.0
chr1_156799803_G_C_b38	2	4.90560e-04	4.869e-02	2.345e-02 -1.725690369489972	1.0
chr1_156798096_A_G_b38	2	4.90560e-04	4.869e-02	2.345e-02 -1.725690369489972	1.0
chr1_156804229_G_A_b38	2	4.90560e-04	4.869e-02	2.345e-02 -1.4821515083312988	1.0
chr1_156794385_G_A_b38	2	4.90560e-04	4.869e-02	2.345e-02 -1.725690369489972	1.0
chr1_156801989_G_A_b38	2	4.90560e-04	4.869e-02	2.345e-02 -1.7167218923568726	1.0
chr1_156803196_G_A_b38	2	4.90560e-04	4.869e-02	2.345e-02 -1.725690369489972	1.0
chr1_156799915_G_GT_b38	2	4.90560e-04	4.869e-02	2.345e-02 -1.725690369489972	1.0
chr1_156792701_C_T_b38	2	4.90560e-04	4.869e-02	2.345e-02 -1.725690369489972	1.0
chr1_156783967_G_T_b38	2	4.63001e-04	3.543e-02	2.508e-02 -1.725690369489972	1.0
chr1_156717784_C_T_b38	2	4.30393e-04	-5.797e-02	3.080e-02 1.2086931925591702	1.0
chr1_156797461_C_T_b38	2	4.17348e-04	4.705e-02	2.363e-02 -1.7605180740356443	1.0
chr1_156804319_C_T_b38	2	4.17348e-04	4.705e-02	2.363e-02 -1.7596923112869265	1.0
chr1_156737336_AAG_A_b38	2	3.85454e-04	4.480e-02	2.348e-02 -1.689912169229083	1.0
chr1_156782578_T_C_b38	2	2.46788e-04	2.712e-02	1.979e-02 -0.017694641103034453	1.0
chr1_156730185_G_A_b38	2	2.46727e-04	4.300e-02	2.345e-02 -1.689912169229083	1.0
chr1_156727264_T_C_b38	2	1.49642e-04	4.092e-02	2.421e-02 -1.6049718856811523	1.0
chr1_156793489_TG_T_b38	2	1.27625e-04	3.975e-02	2.418e-02 -1.725690369489972	1.0
chr1_156716610_A_G_b38	2	1.03764e-04	-6.268e-02	3.023e-02 0.8695928718150582	1.0
chr1_156795592_A_T_b38	2	9.85921e-05	3.674e-02	2.567e-02 -1.7470999956130981	1.0
chr1_156815564_T_C_b38	2	6.00599e-05	-2.568e-02	2.323e-02 1.6973526477813718	1.0
chr1_156728473_C_T_b38	3	1.23703e-03	-1.480e-01	1.478e-02 3.268550157546997	1.0
chr1_156768636_T_C_b38	3	3.28022e-04	-4.814e-02	4.152e-02 2.0944490432739262	1.0
chr1_156716213_A_C_b38	3	6.69991e-05	-1.491e-01	1.520e-02 3.3363425867571745	1.0
chr1_156776326_C_G_b38	3	5.75772e-05	-3.487e-02	2.638e-02 2.1691267332551516	1.0
