chr1_156728473_C_T_b38	1	8.58516e-01	2.111e-01	3.267e-02 3.268550157546997	1.0
chr1_156730859_T_G_b38	1	7.00783e-02	2.067e-01	3.280e-02 5.629913330078125	1.0
chr1_156746806_G_A_b38	1	1.26680e-02	2.068e-01	3.280e-02 3.587854105134014	1.0
chr1_156729510_A_G_b38	2	8.25961e-03	-1.088e-01	8.723e-02 0.4637874960899353	1.0
chr1_156731269_G_A_b38	2	6.24208e-03	-1.369e-01	8.924e-02 0.22459285027849246	1.0
chr1_156726396_C_T_b38	2	4.19953e-03	-1.088e-01	8.722e-02 0.15107390932045422	1.0
chr1_156724848_C_T_b38	2	2.61693e-03	-1.081e-01	8.373e-02 0.15107390932045422	1.0
chr1_156750883_G_GAGA_b38	2	1.05788e-03	-1.379e-01	8.911e-02 0.22459285027849246	1.0
chr1_156774521_C_T_b38	2	5.25091e-04	-1.289e-01	7.295e-02 0.29601047976339945	1.0
chr1_156716626_C_T_b38	2	4.47106e-04	-2.862e-02	9.313e-02 0.2521211317679622	1.0
chr1_156758403_A_C_b38	2	3.33294e-04	-1.188e-01	8.760e-02 0.2533960134859028	1.0
chr1_156763408_G_T_b38	2	3.33294e-04	-1.188e-01	8.760e-02 0.2533960134859028	1.0
chr1_156769326_C_T_b38	2	3.33294e-04	-1.188e-01	8.760e-02 0.15823366495611246	1.0
chr1_156761500_T_C_b38	2	3.33294e-04	-1.188e-01	8.760e-02 0.2533960134859028	1.0
chr1_156759692_G_A_b38	2	3.33294e-04	-1.188e-01	8.760e-02 0.2533960134859028	1.0
chr1_156753839_C_A_b38	2	2.48917e-04	-9.045e-02	8.390e-02 0.2533960134859028	1.0
chr1_156757414_C_T_b38	2	2.43092e-04	-8.800e-02	8.358e-02 0.2533960134859028	1.0
chr1_156755346_C_T_b38	2	2.43092e-04	-8.800e-02	8.358e-02 0.2533960134859028	1.0
chr1_156753840_G_A_b38	2	2.43092e-04	-8.800e-02	8.358e-02 0.2533960134859028	1.0
chr1_156768672_A_G_b38	2	2.05014e-04	-6.942e-02	7.740e-02 0.15823366495611246	1.0
chr1_156768479_C_T_b38	2	2.05014e-04	-6.942e-02	7.740e-02 0.3781757950782776	1.0
chr1_156785042_A_G_b38	2	1.12948e-04	-1.188e-01	8.760e-02 0.15823366495611246	1.0
chr1_156798776_G_A_b38	2	1.12948e-04	-1.188e-01	8.760e-02 0.15823366495611246	1.0
chr1_156793541_ACT_A_b38	2	1.12948e-04	-1.188e-01	8.760e-02 0.15823366495611246	1.0
chr1_156823050_G_T_b38	2	7.52498e-05	-7.839e-02	8.440e-02 -0.029740452929661106	1.0
chr1_156728554_C_A_b38	3	2.13732e-04	-1.401e-02	4.024e-02 -1.120267033576965	1.0
chr1_156731580_T_C_b38	3	3.92902e-05	-4.523e-02	4.038e-02 -1.4829748667657843	1.0
chr1_156738452_C_T_b38	3	3.47908e-05	-6.085e-02	3.960e-02 -1.4228121819873374	1.0
chr1_156736467_C_T_b38	3	2.68016e-05	-5.489e-02	3.905e-02 -1.3952692341152613	1.0
