chr14_104774548_C_G_b38	1	9.99780e-01	4.534e-01	2.686e-02 0.8600517434878532	1.0
chr14_104773557_C_T_b38	2	9.99779e-01	2.400e-01	3.380e-02 1.259267477122658	1.0
chr14_104805499_G_T_b38	3	2.63462e-01	-1.285e-01	2.588e-02 3.437662674307248	1.0
chr14_104801767_G_A_b38	3	2.51158e-01	-1.256e-01	2.535e-02 3.4473441243471252	1.0
chr14_104795077_G_C_b38	3	8.32531e-02	-1.026e-01	2.426e-02 3.835109929472365	1.0
chr14_104808608_G_A_b38	3	7.69919e-02	-1.231e-01	2.546e-02 3.4265342295564944	1.0
chr14_104796444_C_T_b38	3	5.68324e-02	-1.004e-01	2.420e-02 3.731004313395	1.0
chr14_104810546_G_T_b38	3	4.37013e-02	1.123e-01	2.371e-02 -4.69293214396807	1.0
chr14_104793397_C_A_b38	3	3.82954e-02	-1.026e-01	2.407e-02 3.689494609832764	1.0
chr14_104796031_C_G_b38	3	3.47632e-02	9.258e-02	2.470e-02 -4.6526592308366315	1.0
chr14_104787244_G_A_b38	3	1.83831e-02	-1.045e-01	2.409e-02 3.8228978108105376	1.0
chr14_104799755_G_A_b38	3	1.38460e-02	-1.211e-01	3.039e-02 3.0625649047507157	1.0
chr14_104806341_A_T_b38	3	1.34644e-02	1.136e-01	2.565e-02 -4.738552676026567	1.0
chr14_104788868_G_A_b38	3	1.25153e-02	-1.017e-01	2.399e-02 3.828178741509295	1.0
chr14_104792100_G_T_b38	3	1.08891e-02	1.010e-01	2.484e-02 -4.636191584805154	1.0
chr14_104804807_AG_A_b38	3	1.03020e-02	-1.269e-01	3.134e-02 2.5129190969762694	1.0
chr14_104809763_A_G_b38	3	9.02534e-03	-1.321e-01	3.144e-02 2.6103030093550874	1.0
chr14_104789850_C_T_b38	3	8.44104e-03	-9.924e-02	2.400e-02 3.8800351697592577	1.0
chr14_104810872_G_A_b38	3	7.63067e-03	1.032e-01	2.403e-02 -5.738267421722412	1.0
chr14_104785733_T_C_b38	3	5.07132e-03	-1.004e-01	2.416e-02 3.80544770563044	1.0
chr14_104784749_G_A_b38	3	4.90168e-03	-1.003e-01	2.420e-02 3.835401894806373	1.0
chr14_104792555_C_T_b38	3	4.26677e-03	9.553e-02	2.512e-02 -4.681926466731467	1.0
chr14_104789321_G_A_b38	3	4.16563e-03	-9.493e-02	2.412e-02 3.8800351697592577	1.0
chr14_104789068_G_A_b38	3	3.89225e-03	-9.490e-02	2.416e-02 3.8800351697592577	1.0
chr14_104793369_C_T_b38	3	3.44840e-03	-1.027e-01	2.961e-02 3.0727681580282766	1.0
chr14_104814510_C_T_b38	4	7.62572e-02	1.096e-01	2.770e-02 -1.0159606366220957	1.0
chr14_104815083_C_A_b38	4	3.19454e-02	1.022e-01	2.775e-02 -1.0051864744807173	1.0
chr14_104814516_C_T_b38	4	3.02608e-02	-9.752e-02	2.673e-02 1.640735526912513	1.0
chr14_104826313_C_A_b38	4	1.26936e-02	9.886e-02	2.667e-02 -0.9434158281735459	1.0
chr14_104825908_G_A_b38	4	1.26936e-02	9.886e-02	2.667e-02 -0.9434158281735459	1.0
chr14_104819086_C_A_b38	4	1.15438e-02	-8.655e-02	2.588e-02 1.6250353337627406	1.0
chr14_104818435_T_A_b38	4	1.15438e-02	8.655e-02	2.588e-02 -1.6250351706410813	1.0
chr14_104818822_A_G_b38	4	7.24248e-03	-8.316e-02	2.607e-02 1.0634013414382937	1.0
chr14_104845717_A_G_b38	4	5.37184e-03	-9.376e-02	2.727e-02 1.0531179121599599	1.0
chr14_104844161_T_C_b38	4	4.93247e-03	-9.317e-02	2.728e-02 1.0346348793809157	1.0
chr14_104838048_G_C_b38	4	4.73109e-03	9.360e-02	2.757e-02 -1.0792058033305083	1.0
chr14_104840327_C_A_b38	4	4.53619e-03	-8.756e-02	2.603e-02 1.7059130115303338	1.0
chr14_104827603_C_G_b38	4	4.09168e-03	9.009e-02	2.681e-02 -0.9155556559562684	1.0
chr14_104813281_C_T_b38	4	3.70116e-03	-9.134e-02	3.129e-02 0.8150692076068421	1.0
chr14_104823879_G_C_b38	4	3.53001e-03	-8.534e-02	2.601e-02 1.60165163609724	1.0
chr14_104840479_C_A_b38	4	3.41628e-03	-8.501e-02	2.600e-02 1.7059130115303338	1.0
chr14_104842192_G_A_b38	4	3.41628e-03	-8.501e-02	2.600e-02 1.7059130115303338	1.0
chr14_104843826_G_A_b38	4	2.94153e-03	-8.380e-02	2.609e-02 2.368715047836304	1.0
chr14_104837442_A_T_b38	4	2.67057e-03	-8.317e-02	2.594e-02 1.7681334803426578	1.0
chr14_104840131_C_T_b38	4	2.45535e-03	-8.260e-02	2.605e-02 1.7059130115303338	1.0
chr14_104836541_A_G_b38	4	2.42167e-03	8.750e-02	2.740e-02 -0.99209317475796	1.0
chr14_104823579_G_A_b38	4	2.40639e-03	-8.212e-02	2.595e-02 1.6250353337627406	1.0
chr14_104816515_G_GC_b38	4	2.26309e-03	7.178e-02	2.582e-02 -0.9074817637952478	1.0
chr14_104816684_C_G_b38	4	2.04174e-03	7.149e-02	2.618e-02 -0.87421715259552	1.0
chr14_104816822_C_T_b38	4	1.78630e-03	7.046e-02	2.604e-02 -0.9122832918918916	1.0
chr14_104816829_C_T_b38	4	1.78630e-03	7.046e-02	2.604e-02 -0.9122832918918916	1.0
chr14_104817618_C_T_b38	4	1.76804e-03	7.037e-02	2.605e-02 -0.9148814682950624	1.0
chr14_104817390_T_C_b38	4	1.76804e-03	7.037e-02	2.605e-02 -0.9148814682950624	1.0
chr14_104817069_G_A_b38	4	1.70848e-03	7.000e-02	2.605e-02 -0.9148814682950624	1.0
chr14_104847756_G_T_b38	4	1.56590e-03	-9.227e-02	2.710e-02 0.9340075254440308	1.0
chr14_104845730_T_C_b38	4	1.32884e-03	-8.284e-02	2.736e-02 0.9423037209754876	1.0
chr14_104842182_A_G_b38	4	1.32884e-03	8.284e-02	2.736e-02 -0.9423037459114474	1.0
chr14_104836975_C_T_b38	4	1.07512e-03	8.133e-02	2.738e-02 -0.8781603965252865	1.0
chr14_104835504_G_A_b38	4	9.89366e-04	7.982e-02	2.717e-02 -0.9055498524258142	1.0
chr14_104836063_G_A_b38	4	9.89366e-04	7.982e-02	2.717e-02 -0.9055498524258142	1.0
chr14_104836199_G_A_b38	4	9.89366e-04	7.982e-02	2.717e-02 -0.9055498524258142	1.0
chr14_104835853_G_T_b38	4	9.36666e-04	7.939e-02	2.724e-02 -1.0818932056427002	1.0
chr14_104843629_G_A_b38	4	6.33208e-04	-7.583e-02	2.700e-02 0.9849284500463019	1.0
chr14_104842915_T_C_b38	4	6.15973e-04	-7.586e-02	2.714e-02 0.9849284500463019	1.0
chr14_104842919_A_T_b38	4	6.15973e-04	-7.586e-02	2.714e-02 0.9849284500463019	1.0
chr14_104844340_T_G_b38	4	6.15973e-04	-7.586e-02	2.714e-02 0.9849284500463019	1.0
chr14_104831978_G_C_b38	4	6.01189e-04	7.751e-02	2.796e-02 -0.969582335111904	1.0
chr14_104843271_C_T_b38	4	5.93067e-04	-7.611e-02	2.741e-02 1.0531179121599599	1.0
chr14_104843921_GCCTCC_G_b38	4	5.72661e-04	-7.487e-02	2.709e-02 0.9849284500463019	1.0
chr14_104848305_T_C_b38	4	5.05785e-04	-7.920e-02	2.534e-02 1.7409442737163534	1.0
chr14_104837682_C_T_b38	4	4.08018e-04	8.053e-02	3.149e-02 -0.6890898931023433	1.0
chr14_104812865_G_A_b38	4	3.88514e-04	6.364e-02	3.110e-02 0.2171194891052792	1.0
chr14_104850613_C_G_b38	4	3.80180e-04	-8.146e-02	2.715e-02 0.933086240391722	1.0
chr14_104846256_T_C_b38	4	3.69117e-04	-8.087e-02	2.704e-02 0.916890561580658	1.0
chr14_104812743_G_A_b38	4	3.47190e-04	5.996e-02	3.013e-02 -0.7568219797534782	1.0
chr14_104823490_C_T_b38	4	3.11631e-04	6.416e-02	2.559e-02 -0.8860371822058509	1.0
chr14_104796624_G_A_b38	5	9.91359e-04	7.421e-02	4.284e-02 -2.0794191403977482	1.0
chr14_104796575_G_C_b38	5	5.61717e-04	4.696e-02	5.707e-02 -1.820387601852417	1.0
chr14_104797011_C_CT_b38	5	2.14889e-04	6.971e-02	4.060e-02 -2.0731744909783147	1.0
chr14_104797271_A_G_b38	5	2.14889e-04	6.971e-02	4.060e-02 -2.0731744909783147	1.0
chr14_104791382_C_G_b38	5	1.83216e-04	7.607e-02	3.764e-02 -1.7357954978942869	1.0
chr14_104798626_A_G_b38	5	1.28893e-04	7.095e-02	4.040e-02 -2.0731744909783147	1.0
chr14_104790576_G_C_b38	5	1.11288e-04	8.465e-02	3.949e-02 -1.9858589313247816	1.0
chr14_104789477_A_G_b38	5	1.11288e-04	8.465e-02	3.949e-02 -1.9858589313247816	1.0
chr14_104798489_A_G_b38	5	1.08403e-04	7.005e-02	4.060e-02 -2.107588603667568	1.0
chr14_104794569_T_TG_b38	5	7.24105e-05	5.350e-02	4.081e-02 -1.9826096704341716	1.0
chr14_104792556_A_G_b38	5	3.40296e-05	4.904e-02	4.128e-02 -1.9349389736896856	1.0
chr14_104803442_T_C_b38	5	1.67986e-05	-7.837e-02	3.805e-02 -2.7424561311915943	1.0
chr14_104801242_A_G_b38	5	1.67163e-05	-7.792e-02	3.789e-02 -2.7742960366526463	1.0
chr14_104809716_A_G_b38	5	1.53735e-05	7.527e-02	3.681e-02 -2.454872707677559	1.0
chr14_104801891_G_A_b38	5	1.50083e-05	-7.927e-02	3.437e-02 -2.5177712440490723	1.0
chr14_104809699_A_G_b38	5	1.44623e-05	7.364e-02	3.668e-02 -2.454872707677559	1.0
