chr2_85366242_AT_A_b38	1	8.98306e-01	1.197e+00	1.135e-01 1.044631456306134	1.0
chr2_85379723_G_A_b38	1	2.87912e-02	1.105e+00	1.095e-01 0.803017778036249	1.0
chr2_85402207_C_A_b38	1	2.41888e-02	1.107e+00	1.096e-01 0.6955845360586093	1.0
chr2_85403320_G_A_b38	1	2.41888e-02	1.107e+00	1.096e-01 0.6955845360586093	1.0
chr2_85407881_C_A_b38	1	2.41888e-02	1.107e+00	1.096e-01 0.6955845360586093	1.0
chr2_85333956_T_C_b38	2	9.99663e-01	-1.038e+00	1.535e-01 1.221076717444627	1.0
chr2_85315595_G_A_b38	3	6.46110e-01	3.656e-01	2.038e-01 4.813784358814663	1.0
chr2_85315563_G_C_b38	3	1.15702e-01	2.351e-01	1.197e-01 5.015593528747559	1.0
chr2_85319069_C_T_b38	3	3.09360e-02	2.374e-01	1.306e-01 4.0113205909728995	1.0
chr2_85319809_A_C_b38	3	3.04428e-02	2.362e-01	1.294e-01 4.9275431632995605	1.0
chr2_85319492_C_T_b38	3	3.04428e-02	2.362e-01	1.294e-01 4.760514736175537	1.0
chr2_85317466_G_GCAACA_b38	3	2.92929e-02	1.883e-01	4.856e-02 4.822070256163513	1.0
chr2_85320945_TA_T_b38	3	1.80432e-02	2.259e-01	1.212e-01 4.808210106915909	1.0
chr2_85316037_T_TTCTA_b38	3	1.02047e-02	1.533e-01	4.480e-02 4.1656140551811935	1.0
chr2_85320306_G_T_b38	3	8.43545e-03	1.851e-01	4.861e-02 4.972309589385986	1.0
chr2_85320840_C_T_b38	3	8.25701e-03	1.849e-01	4.860e-02 4.9661359786987305	1.0
chr2_85320253_C_G_b38	3	8.25701e-03	1.849e-01	4.860e-02 4.91829776763916	1.0
chr2_85313657_T_G_b38	3	5.24797e-03	1.632e-01	4.714e-02 5.0256614685058585	1.0
chr2_85313643_C_T_b38	3	5.24797e-03	1.632e-01	4.714e-02 5.038253307342528	1.0
chr2_85316099_C_T_b38	3	5.16802e-03	1.508e-01	4.408e-02 4.146613024646223	1.0
chr2_85310189_G_A_b38	3	4.84237e-03	1.664e-01	4.714e-02 4.923599457529875	1.0
chr2_85313523_ACT_A_b38	3	4.23807e-03	1.606e-01	4.722e-02 4.9760880248636905	1.0
chr2_85313960_T_C_b38	3	3.44721e-03	1.572e-01	4.714e-02 5.016030311584473	1.0
chr2_85318929_A_G_b38	3	3.05103e-03	1.599e-01	4.704e-02 4.820777416229248	1.0
chr2_85326957_G_A_b38	4	1.70193e-01	-4.183e-01	1.022e-01 4.734681129455566	1.0
chr2_85332402_A_C_b38	4	7.06108e-02	-3.466e-01	8.966e-02 4.443923913424504	1.0
chr2_85322751_A_G_b38	4	3.75363e-02	-2.413e-01	6.887e-02 2.8641565457687337	1.0
chr2_85318367_T_C_b38	4	3.39584e-02	-2.269e-01	6.817e-02 2.2568092346191406	1.0
chr2_85323273_T_A_b38	4	8.58766e-03	-2.143e-01	6.771e-02 2.8641565457687337	1.0
chr2_85312047_A_C_b38	4	6.37555e-03	-4.334e-01	1.581e-01 4.96277913107924	1.0
chr2_85311872_G_A_b38	4	6.37555e-03	-4.334e-01	1.581e-01 4.96277913107924	1.0
chr2_85325586_T_C_b38	4	5.38859e-03	-9.882e-01	2.904e-01 4.812187211606285	1.0
chr2_85312450_T_A_b38	4	3.88816e-03	-3.871e-01	1.533e-01 4.943731761125497	1.0
chr2_85324573_T_G_b38	4	2.79135e-03	-4.600e-01	1.769e-01 4.979132175445557	1.0
chr2_85322404_T_C_b38	4	2.50494e-03	-4.314e-01	1.691e-01 4.943378925323486	1.0
chr2_85322424_C_T_b38	4	2.47464e-03	-4.303e-01	1.691e-01 4.985192775726318	1.0
chr2_85341687_G_A_b38	4	2.20235e-03	-2.151e-01	6.569e-02 3.1495895385742188	1.0
chr2_85324656_G_A_b38	4	2.10615e-03	-3.988e-01	1.615e-01 4.990606307983398	1.0
chr2_85326661_C_T_b38	4	1.78790e-03	-7.568e-01	2.666e-01 4.972984313964844	1.0
chr2_85324061_C_T_b38	4	1.66833e-03	-4.285e-01	1.818e-01 4.968134880065918	1.0
chr2_85325697_C_T_b38	4	1.64405e-03	-4.672e-01	1.723e-01 4.949400659115011	1.0
chr2_85290627_A_G_b38	5	3.10156e-03	1.466e-01	4.796e-02 0.458800527522989	1.0
chr2_85290646_G_A_b38	5	1.33518e-03	1.372e-01	4.969e-02 0.8663419369004346	1.0
