chr2_85316037_T_TTCTA_b38	1	1.25628e-01	-1.724e-01	4.812e-02 4.1656140551811935	1.0
chr2_85322751_A_G_b38	1	9.02781e-02	-1.951e-01	4.971e-02 2.8641565457687337	1.0
chr2_85318367_T_C_b38	1	8.18263e-02	-1.875e-01	4.949e-02 2.2568092346191406	1.0
chr2_85316099_C_T_b38	1	7.39442e-02	-1.724e-01	4.812e-02 4.146613024646223	1.0
chr2_85323273_T_A_b38	1	5.84632e-02	-1.875e-01	4.949e-02 2.8641565457687337	1.0
chr2_85332402_A_C_b38	1	2.03201e-02	-1.826e-01	4.955e-02 4.443923913424504	1.0
chr2_85315563_G_C_b38	1	1.35592e-02	-1.458e-01	5.251e-02 5.015593528747559	1.0
chr2_85315595_G_A_b38	1	1.35592e-02	-1.458e-01	5.251e-02 4.813784358814663	1.0
chr2_85315941_T_C_b38	1	1.25967e-02	-1.387e-01	5.050e-02 4.281389664272869	1.0
chr2_85341687_G_A_b38	1	1.05816e-02	-1.907e-01	5.037e-02 3.1495895385742188	1.0
chr2_85313523_ACT_A_b38	1	9.16629e-03	-1.479e-01	5.225e-02 4.9760880248636905	1.0
chr2_85313643_C_T_b38	1	9.16629e-03	-1.479e-01	5.225e-02 5.038253307342528	1.0
chr2_85313960_T_C_b38	1	9.16629e-03	-1.479e-01	5.225e-02 5.016030311584473	1.0
chr2_85313657_T_G_b38	1	9.16629e-03	-1.479e-01	5.225e-02 5.0256614685058585	1.0
chr2_85326957_G_A_b38	1	7.93310e-03	-1.691e-01	5.014e-02 4.734681129455566	1.0
chr2_85311872_G_A_b38	1	6.19602e-03	-1.476e-01	5.218e-02 4.96277913107924	1.0
chr2_85312047_A_C_b38	1	6.19602e-03	-1.476e-01	5.218e-02 4.96277913107924	1.0
chr2_85312450_T_A_b38	1	6.19602e-03	-1.476e-01	5.218e-02 4.943731761125497	1.0
chr2_85318929_A_G_b38	1	5.77802e-03	-1.476e-01	5.218e-02 4.820777416229248	1.0
chr2_85319809_A_C_b38	1	5.01298e-03	-1.453e-01	5.239e-02 4.9275431632995605	1.0
chr2_85319069_C_T_b38	1	5.01298e-03	-1.453e-01	5.239e-02 4.0113205909728995	1.0
chr2_85319492_C_T_b38	1	5.01298e-03	-1.453e-01	5.239e-02 4.760514736175537	1.0
chr2_85324656_G_A_b38	1	4.66874e-03	-1.486e-01	5.153e-02 4.990606307983398	1.0
chr2_85310189_G_A_b38	1	4.26649e-03	-1.429e-01	5.353e-02 4.923599457529875	1.0
chr2_85322404_T_C_b38	1	4.07414e-03	-1.473e-01	5.212e-02 4.943378925323486	1.0
chr2_85322424_C_T_b38	1	4.07414e-03	-1.473e-01	5.212e-02 4.985192775726318	1.0
chr2_85324573_T_G_b38	1	4.07414e-03	-1.473e-01	5.212e-02 4.979132175445557	1.0
chr2_85345926_G_A_b38	1	3.74106e-03	-1.710e-01	4.971e-02 2.9077401510945533	1.0
chr2_85328154_G_A_b38	1	3.59654e-03	-1.586e-01	5.177e-02 4.252603054046632	1.0
chr2_85328355_C_T_b38	1	3.59654e-03	-1.586e-01	5.177e-02 5.040713310241699	1.0
chr2_85320945_TA_T_b38	1	3.58167e-03	-1.453e-01	5.239e-02 4.808210106915909	1.0
chr2_85317466_G_GCAACA_b38	1	2.59767e-03	-1.201e-01	5.336e-02 4.822070256163513	1.0
chr2_85312513_TG_T_b38	1	2.52286e-03	-1.259e-01	5.180e-02 4.353625236497665	1.0
chr2_85312167_C_CA_b38	1	2.18340e-03	-1.278e-01	5.429e-02 4.587269037674026	1.0
chr2_85325697_C_T_b38	1	1.91525e-03	-1.464e-01	5.185e-02 4.949400659115011	1.0
chr2_85326661_C_T_b38	1	1.68929e-03	-1.445e-01	5.219e-02 4.972984313964844	1.0
chr2_85325586_T_C_b38	1	1.68929e-03	-1.445e-01	5.219e-02 4.812187211606285	1.0
chr2_85320840_C_T_b38	1	1.19143e-03	-1.201e-01	5.336e-02 4.9661359786987305	1.0
chr2_85320253_C_G_b38	1	1.19143e-03	-1.201e-01	5.336e-02 4.91829776763916	1.0
chr2_85320306_G_T_b38	1	1.19143e-03	-1.201e-01	5.336e-02 4.972309589385986	1.0
chr2_85324061_C_T_b38	1	1.19143e-03	-1.201e-01	5.336e-02 4.968134880065918	1.0
chr2_85321516_A_G_b38	1	1.17922e-03	-1.159e-01	5.150e-02 4.313623905181885	1.0
chr2_85322745_A_G_b38	1	1.17922e-03	-1.159e-01	5.150e-02 4.293555804160682	1.0
chr2_85297246_A_G_b38	2	1.76280e-02	4.593e-01	1.390e-01 0.6211514472961426	1.0
chr2_85306104_G_A_b38	2	7.19536e-03	3.236e-01	1.290e-01 1.121911644935608	1.0
chr2_85293065_C_T_b38	2	4.91521e-03	4.095e-01	1.531e-01 0.8962780081703114	1.0
chr2_85278479_C_T_b38	3	5.74916e-03	-3.457e-01	9.569e-02 0.42971909046173096	1.0
