chr10_4963668_G_T_b38	1	1.60983e-01	-6.673e-01	2.029e-01 -9.45615900042258	1.0
chr10_4999104_C_A_b38	1	3.81057e-02	-8.184e-01	1.822e-01 -9.98538303375244	1.0
chr10_5000102_T_C_b38	1	3.81057e-02	-8.184e-01	1.822e-01 -10.124755859375	1.0
chr10_4966191_C_T_b38	1	3.32120e-02	-7.621e-01	2.029e-01 -10.112446784973145	1.0
chr10_4943001_T_C_b38	1	2.70480e-02	-7.419e-01	1.834e-01 -9.93358039855957	1.0
chr10_4943069_C_T_b38	1	2.70480e-02	-7.419e-01	1.834e-01 -9.907594680786133	1.0
chr10_4987956_T_C_b38	1	1.31421e-02	-7.623e-01	2.028e-01 -9.711609612254856	1.0
chr10_4942141_A_G_b38	1	1.14483e-02	-7.623e-01	2.028e-01 -9.915283203125	1.0
chr10_4939009_G_T_b38	1	1.14483e-02	-7.623e-01	2.028e-01 -9.884076118469238	1.0
chr10_4939583_C_A_b38	1	1.14483e-02	-7.623e-01	2.028e-01 -9.86384105682373	1.0
chr10_4941398_C_T_b38	1	1.14483e-02	-7.623e-01	2.028e-01 -9.910826683044434	1.0
chr10_4940020_C_T_b38	1	1.14483e-02	-7.623e-01	2.028e-01 -9.72275447845459	1.0
chr10_4939800_G_C_b38	1	1.14483e-02	-7.623e-01	2.028e-01 -9.89003086090088	1.0
chr10_4942037_C_CA_b38	1	1.14483e-02	-7.623e-01	2.028e-01 -9.676004285879824	1.0
chr10_4938847_C_T_b38	1	1.14483e-02	-7.623e-01	2.028e-01 -9.883743286132812	1.0
chr10_4955573_GC_G_b38	1	7.71116e-03	-6.429e-01	2.003e-01 -9.525519219230327	1.0
chr10_4954257_G_A_b38	1	5.92718e-03	-8.220e-01	2.606e-01 -9.232348442077637	1.0
chr10_4962103_C_T_b38	1	5.86037e-03	-5.701e-01	2.141e-01 -10.084938049316406	1.0
chr10_5001312_G_A_b38	1	4.74926e-03	-7.645e-01	2.021e-01 -10.135490417480467	1.0
chr10_4989436_A_AC_b38	1	4.74926e-03	-7.645e-01	2.021e-01 -9.711609612254856	1.0
chr10_4965670_T_C_b38	1	4.51473e-03	-5.701e-01	2.141e-01 -10.070894241333008	1.0
chr10_4930921_T_G_b38	1	3.90811e-03	-7.645e-01	2.021e-01 -9.801924705505373	1.0
chr10_4937119_G_A_b38	1	3.90811e-03	-7.645e-01	2.021e-01 -9.869780540466307	1.0
chr10_4937743_G_A_b38	1	3.90811e-03	-7.645e-01	2.021e-01 -9.87665557861328	1.0
chr10_4930348_A_C_b38	1	3.90811e-03	-7.645e-01	2.021e-01 -9.575402382368498	1.0
chr10_4936064_C_G_b38	1	3.90811e-03	-7.645e-01	2.021e-01 -9.871991157531738	1.0
chr10_4930271_A_C_b38	1	3.90811e-03	-7.645e-01	2.021e-01 -9.554907715346763	1.0
chr10_4928657_A_T_b38	1	3.90811e-03	-7.645e-01	2.021e-01 -9.827876091003418	1.0
chr10_4923351_G_A_b38	1	3.90811e-03	-7.645e-01	2.021e-01 -9.84479522705078	1.0
chr10_4923101_G_A_b38	1	3.90811e-03	-7.645e-01	2.021e-01 -9.836090087890623	1.0
chr10_4921135_C_T_b38	1	3.90811e-03	-7.645e-01	2.021e-01 -9.82884693145752	1.0
chr10_4923242_A_G_b38	1	3.90811e-03	-7.645e-01	2.021e-01 -9.827821731567383	1.0
chr10_4934250_C_A_b38	1	3.90811e-03	-7.645e-01	2.021e-01 -9.86455249786377	1.0
chr10_4934238_G_T_b38	1	3.90811e-03	-7.645e-01	2.021e-01 -9.841272354125977	1.0
chr10_4924936_G_C_b38	1	3.90811e-03	-7.645e-01	2.021e-01 -9.857073783874512	1.0
chr10_4937321_G_T_b38	1	3.90811e-03	-7.645e-01	2.021e-01 -9.87729263305664	1.0
chr10_4922448_T_C_b38	1	3.90811e-03	-7.645e-01	2.021e-01 -9.832829475402832	1.0
chr10_4936349_A_G_b38	1	3.90811e-03	-7.645e-01	2.021e-01 -9.860940933227539	1.0
chr10_4933161_T_G_b38	1	3.90811e-03	-7.645e-01	2.021e-01 -9.848721504211426	1.0
chr10_4929264_T_C_b38	1	3.90811e-03	-7.645e-01	2.021e-01 -9.742182761965113	1.0
chr10_4935202_A_G_b38	1	3.90811e-03	-7.645e-01	2.021e-01 -9.86230182647705	1.0
chr10_4928244_GGA_G_b38	1	3.90811e-03	-7.645e-01	2.021e-01 -9.676004285879824	1.0
chr10_4929869_C_G_b38	1	3.90811e-03	-7.645e-01	2.021e-01 -9.541037272009378	1.0
chr10_4933458_C_A_b38	1	3.90811e-03	-7.645e-01	2.021e-01 -9.869733810424805	1.0
chr10_4925419_TAAAAC_T_b38	1	3.90811e-03	-7.645e-01	2.021e-01 -9.676004285879824	1.0
chr10_4937596_G_A_b38	1	3.90811e-03	-7.645e-01	2.021e-01 -9.894765853881836	1.0
chr10_4937785_G_A_b38	1	3.90811e-03	-7.645e-01	2.021e-01 -9.870560646057127	1.0
chr10_4936408_C_T_b38	1	3.90811e-03	-7.645e-01	2.021e-01 -9.859853744506836	1.0
chr10_4931150_AT_A_b38	1	3.90811e-03	-7.645e-01	2.021e-01 -9.676004285879824	1.0
chr10_4936552_G_A_b38	1	3.90811e-03	-7.645e-01	2.021e-01 -9.818387985229492	1.0
chr10_4925341_C_T_b38	1	3.90811e-03	-7.645e-01	2.021e-01 -9.848899841308594	1.0
chr10_4935243_C_T_b38	1	3.90811e-03	-7.645e-01	2.021e-01 -9.87061882019043	1.0
chr10_4930505_G_C_b38	1	3.90811e-03	-7.645e-01	2.021e-01 -9.85792350769043	1.0
chr10_4967547_T_G_b38	1	3.23567e-03	-5.701e-01	2.141e-01 -9.431773237388652	1.0
chr10_5004715_A_G_b38	1	2.82812e-03	-6.553e-01	1.852e-01 -8.929800213634918	1.0
chr10_4918128_C_G_b38	1	2.56220e-03	-6.256e-01	1.764e-01 -9.417013168334961	1.0
chr10_4913891_A_C_b38	1	2.56220e-03	-6.256e-01	1.764e-01 -9.32151985168457	1.0
chr10_4913510_G_T_b38	1	2.56220e-03	-6.256e-01	1.764e-01 -9.29153823852539	1.0
chr10_4963555_A_G_b38	2	1.31399e-01	9.754e-01	3.266e-01 0.7487681544515901	1.0
chr10_4964642_G_A_b38	2	1.24439e-02	9.798e-01	3.298e-01 0.7862189412117004	1.0
chr10_4954512_T_C_b38	2	7.11934e-04	6.288e-01	3.323e-01 0.8478812798663378	1.0
chr10_4954516_C_T_b38	2	7.11934e-04	6.288e-01	3.323e-01 0.8478812798663378	1.0
chr10_4945654_C_G_b38	2	6.62806e-04	6.924e-01	2.929e-01 0.9814807176589966	1.0
chr10_4943356_T_A_b38	3	2.63779e-02	5.102e-01	1.246e-01 2.1070711612701416	1.0
chr10_4940286_C_T_b38	3	2.10515e-03	3.807e-01	1.204e-01 3.2526667118072514	1.0
chr10_4926692_A_G_b38	3	1.13913e-03	3.842e-01	1.135e-01 3.3050994873046875	1.0
chr10_4920540_T_G_b38	3	1.13913e-03	3.842e-01	1.135e-01 3.231168031692505	1.0
chr10_4927092_T_G_b38	3	1.13913e-03	3.842e-01	1.135e-01 3.3048791885375977	1.0
chr10_4927074_T_C_b38	3	1.13913e-03	3.842e-01	1.135e-01 3.305088996887207	1.0
chr10_4924998_A_G_b38	3	1.13913e-03	3.842e-01	1.135e-01 3.340718984603882	1.0
chr10_4926835_C_T_b38	3	1.13913e-03	3.842e-01	1.135e-01 3.2894885540008545	1.0
chr10_4929592_G_A_b38	3	1.13913e-03	3.842e-01	1.135e-01 3.2476017475128174	1.0
chr10_4926751_G_A_b38	3	1.13913e-03	3.842e-01	1.135e-01 3.318442821502685	1.0
chr10_4929097_G_A_b38	3	1.13913e-03	3.842e-01	1.135e-01 3.252459526062012	1.0
chr10_4927617_C_T_b38	3	1.13913e-03	3.842e-01	1.135e-01 3.2861015796661377	1.0
chr10_4925294_C_A_b38	3	1.13913e-03	3.842e-01	1.135e-01 3.3285036087036133	1.0
chr10_4928688_T_TC_b38	3	1.13913e-03	3.842e-01	1.135e-01 3.3421621101475787	1.0
chr10_4933456_A_G_b38	3	1.05523e-03	3.790e-01	1.124e-01 3.524984121322632	1.0
chr10_4953750_A_C_b38	3	7.37409e-04	3.384e-01	1.466e-01 2.1879000663757324	1.0
chr10_4934618_C_A_b38	3	6.99244e-04	3.840e-01	1.198e-01 3.238491535186768	1.0
chr10_4935229_A_C_b38	3	6.99244e-04	3.840e-01	1.198e-01 3.165737628936768	1.0
chr10_4923074_C_T_b38	3	4.52594e-04	3.633e-01	1.204e-01 3.3447077274322514	1.0
chr10_4921296_G_A_b38	3	4.52594e-04	3.633e-01	1.204e-01 3.310025930404663	1.0
chr10_4918672_C_A_b38	3	4.52594e-04	3.633e-01	1.204e-01 3.1909799575805664	1.0
chr10_4919382_C_T_b38	3	4.52594e-04	3.633e-01	1.204e-01 3.2026583341037824	1.0
