chr14_21386552_T_C_b38	1	1.97902e-01	-1.811e-01	3.437e-02 8.188611030578612	1.0
chr14_21389272_C_T_b38	1	1.20471e-01	-1.790e-01	3.474e-02 8.176871299743652	1.0
chr14_21451790_G_A_b38	1	1.11285e-01	-1.373e-01	3.204e-02 7.684407711029053	1.0
chr14_21441855_C_G_b38	1	7.97777e-02	-1.448e-01	3.215e-02 7.647468566894531	1.0
chr14_21369720_C_G_b38	1	7.81533e-02	-1.738e-01	3.442e-02 8.309913635253906	1.0
chr14_21363260_C_T_b38	1	7.81533e-02	-1.738e-01	3.442e-02 8.327990531921388	1.0
chr14_21438296_A_G_b38	1	5.53601e-02	-1.421e-01	3.227e-02 7.694870948791504	1.0
chr14_21372995_G_A_b38	1	4.88288e-02	-1.717e-01	3.480e-02 8.298892021179201	1.0
chr14_21364617_C_T_b38	1	4.82687e-02	-1.716e-01	3.479e-02 8.319304466247559	1.0
chr14_21356744_A_AACC_b38	1	4.02238e-02	-1.693e-01	3.463e-02 7.638156082547711	1.0
chr14_21414490_G_T_b38	1	2.02811e-02	-1.420e-01	3.225e-02 7.7020792961120605	1.0
chr14_21422524_C_G_b38	1	2.02811e-02	-1.420e-01	3.225e-02 7.672363758087157	1.0
chr14_21418771_G_A_b38	1	2.02811e-02	-1.420e-01	3.225e-02 7.6891117095947275	1.0
chr14_21426367_T_C_b38	1	1.70770e-02	-1.319e-01	3.004e-02 7.486206531524657	1.0
chr14_21440299_C_T_b38	1	5.07208e-03	-1.178e-01	3.188e-02 7.545226573944093	1.0
chr14_21453066_C_T_b38	1	3.19299e-03	-8.900e-02	2.823e-02 8.611674308776855	1.0
chr14_21336201_A_C_b38	1	2.81203e-03	-1.604e-01	3.461e-02 8.289355278015138	1.0
chr14_21455209_A_G_b38	2	7.82703e-01	-9.924e-02	2.466e-02 -3.954828977584839	1.0
chr14_21456048_A_G_b38	3	1.30755e-02	-4.263e-02	3.146e-02 -5.870017528533936	1.0
chr14_21457704_A_G_b38	3	2.83970e-03	-4.393e-02	2.804e-02 -4.0011162757873535	1.0
chr14_21459479_T_C_b38	3	1.51237e-03	-4.231e-02	2.823e-02 -3.986189126968384	1.0
chr14_21460179_C_T_b38	3	1.51237e-03	-4.231e-02	2.823e-02 -4.028975486755371	1.0
chr14_21460239_T_C_b38	3	1.51237e-03	-4.231e-02	2.823e-02 -4.2396745681762695	1.0
chr14_21460326_A_G_b38	3	1.51237e-03	-4.231e-02	2.823e-02 -3.9700837135314937	1.0
chr14_21460238_A_G_b38	3	1.51237e-03	-4.231e-02	2.823e-02 -4.289036750793457	1.0
chr14_21460224_T_C_b38	3	1.51237e-03	-4.231e-02	2.823e-02 -4.217329025268556	1.0
chr14_21463413_G_A_b38	3	4.30563e-04	-4.142e-02	2.864e-02 -3.9605772495269775	1.0
chr14_21463796_T_A_b38	3	4.30563e-04	-4.142e-02	2.864e-02 -3.960326910018921	1.0
chr14_21463277_T_C_b38	3	4.30563e-04	-4.142e-02	2.864e-02 -3.9639639854431152	1.0
chr14_21461559_C_CA_b38	3	4.30563e-04	-4.142e-02	2.864e-02 -4.2344012264041115	1.0
chr14_21462592_C_A_b38	3	4.30563e-04	-4.142e-02	2.864e-02 -3.9610226154327393	1.0
chr14_21464324_T_C_b38	3	4.30563e-04	-4.142e-02	2.864e-02 -3.9305799007415767	1.0
chr14_21462692_C_T_b38	3	4.30563e-04	-4.142e-02	2.864e-02 -3.95808744430542	1.0
chr14_21465432_G_C_b38	3	3.93766e-04	-4.138e-02	3.199e-02 -5.994966983795166	1.0
chr14_21465916_TA_T_b38	3	3.93766e-04	-4.138e-02	3.199e-02 -5.8788164489935175	1.0
chr14_21462020_A_G_b38	3	1.87706e-04	-3.662e-02	3.016e-02 -3.9672136306762695	1.0
chr14_21467144_T_C_b38	3	1.18748e-04	-3.947e-02	2.952e-02 -3.944239377975464	1.0
chr14_21467389_A_G_b38	3	1.07815e-04	-3.856e-02	3.292e-02 -5.999528884887695	1.0
chr14_21466865_CAT_C_b38	3	1.07815e-04	-3.856e-02	3.292e-02 -5.8788164489935175	1.0
chr14_21467054_G_A_b38	3	1.07815e-04	-3.856e-02	3.292e-02 -5.996955871582031	1.0
chr14_21475574_C_A_b38	3	1.25422e-05	6.745e-03	3.223e-02 -5.9627318382263175	1.0
chr14_21472989_C_T_b38	3	1.25422e-05	6.745e-03	3.223e-02 -6.032862663269043	1.0
chr14_21477470_C_T_b38	3	1.10405e-05	6.567e-03	2.741e-02 -6.788341522216798	1.0
chr14_21479161_AGT_A_b38	3	1.09135e-05	5.085e-03	2.735e-02 -6.362494436525094	1.0
chr14_21456514_G_C_b38	4	5.41735e-04	1.757e-02	2.176e-02 6.646927833557129	1.0
chr14_21464433_C_T_b38	4	3.21662e-05	2.463e-02	2.065e-02 6.115002632141112	1.0
chr14_21464410_GA_G_b38	4	3.21662e-05	2.463e-02	2.065e-02 5.328177940989873	1.0
