chr1_2178273_G_A_b38	1	9.94950e-01	5.626e-01	6.391e-02 -0.7222279906272888	1.0
chr1_2197221_C_T_b38	1	4.64549e-03	5.301e-01	6.331e-02 -0.7789801955223083	1.0
chr1_2145689_A_G_b38	2	5.95323e-01	-1.919e-01	5.299e-02 7.74890661239624	1.0
chr1_2146433_A_G_b38	2	1.17226e-01	-2.012e-01	5.567e-02 7.75126838684082	1.0
chr1_2144131_T_C_b38	2	1.12906e-01	-2.012e-01	5.567e-02 7.747044086456299	1.0
chr1_2145827_G_A_b38	2	4.25056e-02	-2.194e-01	4.363e-02 0.5311921238899231	1.0
chr1_2153594_A_G_b38	2	3.51615e-02	-1.945e-01	5.349e-02 7.717815399169923	1.0
chr1_2152098_G_C_b38	2	3.51615e-02	-1.945e-01	5.349e-02 7.717902183532715	1.0
chr1_2151163_A_G_b38	2	3.51615e-02	-1.945e-01	5.349e-02 7.725759506225586	1.0
chr1_2151050_G_A_b38	2	1.77911e-02	-1.846e-01	5.270e-02 7.720016002655028	1.0
chr1_2143629_G_C_b38	2	4.35128e-03	-1.379e-01	2.515e-02 7.798952102661133	1.0
chr1_2145302_A_G_b38	2	4.00490e-03	-1.301e-01	2.527e-02 7.681678771972656	1.0
chr1_2145970_A_G_b38	3	5.99936e-02	1.120e-01	6.926e-02 8.087203025817871	1.0
chr1_2145821_C_T_b38	3	5.90118e-02	1.115e-01	6.963e-02 8.0687255859375	1.0
chr1_2147005_T_G_b38	3	4.17856e-02	1.224e-01	5.993e-02 8.047969376192395	1.0
chr1_2147043_T_A_b38	3	3.12497e-02	1.119e-01	6.938e-02 8.082608222961426	1.0
chr1_2146946_C_T_b38	3	3.12497e-02	1.119e-01	6.938e-02 8.084342956542969	1.0
chr1_2147118_T_A_b38	3	3.12497e-02	1.119e-01	6.938e-02 8.094156265258789	1.0
chr1_2144121_T_G_b38	3	2.73319e-02	1.086e-01	7.203e-02 8.08220100402832	1.0
chr1_2141561_A_G_b38	3	1.68242e-02	-1.167e-01	6.104e-02 -8.080720901489258	1.0
chr1_2149374_G_T_b38	3	1.63166e-02	1.119e-01	6.943e-02 8.0899658203125	1.0
chr1_2148243_A_G_b38	3	1.52185e-02	1.267e-01	4.207e-02 7.9091040710738705	1.0
chr1_2138882_T_C_b38	3	1.12894e-02	-1.114e-01	6.997e-02 -8.092626571655272	1.0
chr1_2137733_C_T_b38	3	1.05653e-02	1.094e-01	7.109e-02 7.984982490539551	1.0
chr1_2151019_C_T_b38	3	1.04376e-02	1.114e-01	6.997e-02 8.06773853302002	1.0
chr1_2151734_A_G_b38	3	1.04376e-02	1.114e-01	6.997e-02 8.067450523376465	1.0
chr1_2137275_G_A_b38	3	9.66874e-03	1.224e-01	4.100e-02 8.035028457641603	1.0
chr1_2134519_C_T_b38	3	8.80980e-03	1.333e-01	4.185e-02 8.044718742370605	1.0
chr1_2134510_C_T_b38	3	8.80980e-03	1.333e-01	4.185e-02 8.038387298583983	1.0
chr1_2110911_G_A_b38	3	7.83327e-03	1.359e-01	3.935e-02 7.883156776428223	1.0
chr1_2140117_A_G_b38	3	7.76713e-03	-8.173e-02	9.320e-02 -8.091090202331543	1.0
chr1_2151283_T_C_b38	3	6.30110e-03	7.586e-02	9.680e-02 8.080705642700195	1.0
chr1_2155206_T_C_b38	3	6.30110e-03	7.586e-02	9.680e-02 8.079926490783691	1.0
chr1_2158078_C_CT_b38	3	4.74786e-03	1.082e-01	7.310e-02 8.058817363427643	1.0
chr1_2159958_A_G_b38	3	4.74786e-03	1.082e-01	7.310e-02 8.051714897155763	1.0
chr1_2157138_G_A_b38	3	4.74786e-03	1.082e-01	7.310e-02 8.058034896850586	1.0
chr1_2159377_T_C_b38	3	4.74786e-03	1.082e-01	7.310e-02 8.059822082519531	1.0
chr1_2208822_G_A_b38	3	4.47368e-03	1.556e-01	4.307e-02 6.297341346740723	1.0
chr1_2150078_C_A_b38	3	4.34955e-03	7.554e-02	8.325e-02 8.070992469787598	1.0
chr1_2170248_G_A_b38	3	4.06515e-03	1.017e-01	7.594e-02 8.094085693359375	1.0
chr1_2156665_A_G_b38	3	3.99438e-03	9.434e-02	8.511e-02 8.067961692810059	1.0
chr1_2158087_G_A_b38	3	3.64137e-03	9.618e-02	8.382e-02 8.063849449157715	1.0
chr1_2114443_A_G_b38	3	3.41972e-03	-1.605e-01	4.954e-02 -6.6180663108825675	1.0
chr1_2113103_T_C_b38	3	3.41972e-03	-1.605e-01	4.954e-02 -6.678012371063232	1.0
chr1_2162295_C_T_b38	3	3.34468e-03	7.586e-02	9.680e-02 8.147062301635742	1.0
chr1_2157315_A_C_b38	3	3.34468e-03	7.586e-02	9.680e-02 8.066287040710451	1.0
chr1_2162307_G_T_b38	3	3.33116e-03	8.183e-02	9.285e-02 8.1473388671875	1.0
chr1_2113933_G_C_b38	3	3.29303e-03	-1.566e-01	4.835e-02 -6.870520969008478	1.0
chr1_2129085_T_C_b38	3	3.01203e-03	-1.460e-01	5.128e-02 -6.997472286224365	1.0
chr1_2129191_T_C_b38	3	3.01203e-03	-1.460e-01	5.128e-02 -7.00383996963501	1.0
chr1_2164260_C_T_b38	3	3.00814e-03	6.490e-02	1.014e-01 8.096921920776367	1.0
chr1_2167643_G_A_b38	3	2.82758e-03	5.271e-02	1.071e-01 8.094316482543945	1.0
chr1_2113941_C_A_b38	3	2.78092e-03	-1.541e-01	4.843e-02 -6.870520969008478	1.0
chr1_2113937_A_G_b38	3	2.78092e-03	-1.541e-01	4.843e-02 -6.870520969008478	1.0
chr1_2115499_G_T_b38	3	2.53654e-03	-1.557e-01	4.956e-02 -6.993419647216798	1.0
chr1_2115347_G_A_b38	3	2.53654e-03	-1.557e-01	4.956e-02 -6.748903274536133	1.0
chr1_2112615_A_C_b38	3	2.36884e-03	-1.502e-01	4.816e-02 -6.774477005004883	1.0
chr1_2185716_G_A_b38	3	2.16143e-03	1.280e-01	4.156e-02 7.990945816040039	1.0
chr1_2175622_G_T_b38	3	1.93869e-03	1.270e-01	4.175e-02 8.044317245483397	1.0
chr1_2147483_C_T_b38	3	1.93477e-03	-7.338e-02	5.714e-02 7.731557369232178	1.0
chr1_2121074_A_G_b38	3	1.59976e-03	6.176e-02	9.356e-02 7.9129905700683585	1.0
chr1_2131710_C_T_b38	3	1.57467e-03	5.337e-02	9.736e-02 7.882272720336914	1.0
chr1_2127141_G_C_b38	3	1.52221e-03	5.186e-02	9.777e-02 7.876779556274414	1.0
chr1_2127704_G_A_b38	3	1.52221e-03	5.186e-02	9.777e-02 7.874340057373048	1.0
chr1_2120054_T_C_b38	3	1.51710e-03	1.280e-01	4.241e-02 6.220787048339844	1.0
chr1_2140326_A_G_b38	3	1.17527e-03	5.472e-02	8.335e-02 -7.777069091796875	1.0
chr1_2119063_C_CT_b38	3	1.15425e-03	-1.467e-01	4.953e-02 -6.829057150257293	1.0
chr1_2181827_G_A_b38	3	1.07341e-03	1.281e-01	4.467e-02 5.389564514160156	1.0
chr1_2178821_G_A_b38	3	1.00538e-03	1.201e-01	4.116e-02 8.105373382568361	1.0
chr1_2182126_T_G_b38	3	1.00538e-03	1.201e-01	4.116e-02 8.117955207824707	1.0
chr1_2173542_A_G_b38	3	8.67003e-04	1.106e-01	3.836e-02 8.103373527526855	1.0
chr1_2116108_G_A_b38	3	7.54276e-04	-1.410e-01	5.028e-02 -7.069216251373291	1.0
chr1_2116057_C_G_b38	3	7.02113e-04	-1.405e-01	5.063e-02 -6.88695475021013	1.0
chr1_2172996_C_T_b38	3	6.99554e-04	1.069e-01	3.807e-02 8.128447532653809	1.0
chr1_2112353_G_A_b38	3	6.26138e-04	1.107e-01	4.028e-02 7.591742992401122	1.0
chr1_2114437_G_A_b38	3	6.26138e-04	1.107e-01	4.028e-02 7.552577495574951	1.0
chr1_2114447_G_T_b38	3	6.26138e-04	1.107e-01	4.028e-02 7.562582492828369	1.0
chr1_2202633_T_G_b38	3	5.88173e-04	1.355e-01	4.450e-02 5.494983196258545	1.0
chr1_2117290_G_A_b38	3	5.65818e-04	-1.331e-01	4.939e-02 -7.10377311706543	1.0
chr1_2110474_G_GGGT_b38	3	4.38779e-04	1.046e-01	4.006e-02 7.75265305608962	1.0
chr1_2112598_T_C_b38	3	4.35345e-04	-1.281e-01	4.948e-02 -6.8079705238342285	1.0
chr1_2277312_A_C_b38	3	4.28146e-04	1.384e-01	3.909e-02 4.2897562980651855	1.0
chr1_2118160_T_C_b38	3	3.83734e-04	-1.242e-01	4.901e-02 -7.127291679382324	1.0
chr1_2120074_T_G_b38	3	3.83456e-04	-1.242e-01	4.897e-02 -7.144350528717041	1.0
chr1_2133904_G_C_b38	3	3.57834e-04	-1.643e-01	8.707e-02 -7.504159487302048	1.0
chr1_2155655_A_AATG_b38	3	3.52275e-04	1.560e-01	8.068e-02 7.486643911572648	1.0
chr1_2097280_C_T_b38	3	3.36116e-04	7.245e-02	2.723e-02 4.070631980895996	1.0
chr1_2133900_A_G_b38	3	3.11609e-04	-1.561e-01	8.704e-02 -7.504159487302048	1.0
chr1_2131725_G_A_b38	3	3.10102e-04	-1.103e-01	5.743e-02 -6.880411624908447	1.0
chr1_1992226_A_G_b38	4	1.57487e-03	1.019e-01	2.570e-02 -0.4724926054477692	1.0
chr1_1963533_C_CA_b38	4	1.23469e-03	1.003e-01	2.533e-02 -1.6785772026792387	1.0
chr1_1963538_T_C_b38	4	6.24123e-04	9.687e-02	2.526e-02 -1.6674460876392314	1.0
chr1_1967499_G_A_b38	4	6.09461e-04	9.615e-02	2.516e-02 -1.272080377423476	1.0
chr1_1968793_T_C_b38	4	3.22527e-04	9.448e-02	2.532e-02 -1.526593804359436	1.0
chr1_1992242_A_G_b38	4	7.72262e-05	9.440e-02	2.726e-02 -0.6726216673851013	1.0
