chr6_139029045_G_A_b38	1	9.99876e-01	-1.691e-01	3.346e-02 -0.2794925272464752	1.0
chr6_139029503_A_G_b38	2	5.03138e-01	-3.994e-01	7.013e-02 -1.7278578281402588	1.0
chr6_139023999_C_T_b38	2	1.80207e-01	-4.094e-01	7.119e-02 -1.7164525985717771	1.0
chr6_139024612_C_T_b38	2	1.80207e-01	-4.094e-01	7.119e-02 -1.733519196510315	1.0
chr6_139048079_A_G_b38	2	3.04957e-02	-3.669e-01	6.641e-02 -1.8688786029815676	1.0
chr6_139033345_G_A_b38	2	1.89816e-02	-3.162e-01	6.172e-02 -1.6560790538787842	1.0
chr6_139033555_C_T_b38	2	1.89816e-02	-3.162e-01	6.172e-02 -1.6984329223632812	1.0
chr6_139052403_C_T_b38	2	1.85760e-02	-3.650e-01	6.739e-02 -1.8555306196212769	1.0
chr6_139062666_A_G_b38	2	6.81373e-03	-3.650e-01	6.744e-02 -1.826943214323044	1.0
chr6_139072118_A_G_b38	2	6.81373e-03	3.650e-01	6.744e-02 1.9449381828308103	1.0
chr6_139055742_A_C_b38	2	6.81373e-03	-3.650e-01	6.744e-02 -2.0401313304901123	1.0
chr6_139069322_A_G_b38	2	6.81373e-03	3.650e-01	6.744e-02 1.917545318603516	1.0
chr6_139060148_G_A_b38	2	6.81373e-03	-3.650e-01	6.744e-02 -1.8634138107299805	1.0
chr6_139065350_A_T_b38	2	6.81373e-03	-3.650e-01	6.744e-02 -1.8796112537384035	1.0
chr6_139070672_C_T_b38	2	6.81373e-03	3.650e-01	6.744e-02 1.9246664047241209	1.0
chr6_139039392_A_G_b38	2	8.05792e-04	-2.773e-01	5.977e-02 -1.7295198440551758	1.0
chr6_139061418_G_A_b38	2	5.97088e-04	-2.980e-01	6.180e-02 -1.741099834442139	1.0
chr6_139030056_A_C_b38	3	8.93443e-01	1.954e-01	4.445e-02 -5.806594371795653	1.0
chr6_139010282_A_C_b38	3	4.91101e-03	1.469e-01	4.008e-02 -6.084900379180907	1.0
chr6_139023840_G_A_b38	4	1.43764e-02	-2.000e-01	8.247e-02 0.0	1.0
chr6_139023413_G_T_b38	4	8.95688e-03	-2.000e-01	8.245e-02 0.0	1.0
chr6_139024062_TATAG_T_b38	4	4.21258e-03	-1.547e-01	8.729e-02 0.0	1.0
chr6_139024070_T_C_b38	4	4.21258e-03	-1.547e-01	8.729e-02 0.0	1.0
chr6_139019373_A_C_b38	4	2.61298e-03	-1.547e-01	8.729e-02 0.0	1.0
chr6_139019472_G_C_b38	4	2.61298e-03	-1.547e-01	8.729e-02 0.0	1.0
chr6_139020604_C_G_b38	4	2.61298e-03	-1.547e-01	8.729e-02 0.0	1.0
chr6_139020751_C_T_b38	4	2.61298e-03	-1.547e-01	8.729e-02 0.0	1.0
chr6_139019248_T_C_b38	4	2.61298e-03	-1.547e-01	8.729e-02 0.0	1.0
chr6_139019423_T_C_b38	4	2.61298e-03	-1.547e-01	8.729e-02 0.0	1.0
chr6_139019895_C_T_b38	4	2.61298e-03	-1.547e-01	8.729e-02 0.0	1.0
chr6_139029062_C_T_b38	5	5.60177e-04	-3.172e-02	1.251e-01 -4.171983718872069	1.0
chr6_139029769_A_G_b38	5	3.79889e-04	1.637e-01	7.208e-02 -4.286798000335693	1.0
chr6_139029028_C_T_b38	5	3.63817e-04	3.006e-02	8.135e-02 3.4247121810913086	1.0
chr6_139028014_A_C_b38	5	1.27204e-04	5.116e-02	7.836e-02 -3.791362762451172	1.0
chr6_139026757_T_C_b38	5	3.28178e-05	-4.612e-02	8.777e-02 3.761140108108521	1.0
chr6_139027347_G_A_b38	5	2.14383e-05	-3.603e-02	7.442e-02 2.9305634498596187	1.0
