chr12_93570097_C_T_b38	1	1.11393e-01	-1.224e-01	4.316e-02 17.056573867797848	1.0
chr12_93569183_T_C_b38	1	1.11314e-01	-1.349e-01	4.288e-02 17.041923522949222	1.0
chr12_93573259_A_G_b38	1	3.11843e-02	-1.344e-01	4.288e-02 16.87801170349121	1.0
chr12_93573979_T_C_b38	1	3.11843e-02	-1.344e-01	4.288e-02 16.859041213989258	1.0
chr12_93566142_T_C_b38	1	3.01462e-02	-1.363e-01	4.308e-02 16.929983139038086	1.0
chr12_93567577_A_G_b38	1	2.60058e-02	-1.243e-01	4.246e-02 16.945199966430664	1.0
chr12_93567334_C_T_b38	1	2.06352e-02	-1.224e-01	4.315e-02 16.923944473266598	1.0
chr12_93574512_C_A_b38	1	1.41514e-02	-1.225e-01	4.313e-02 16.829353332519528	1.0
chr12_93574421_T_C_b38	1	1.41514e-02	-1.225e-01	4.313e-02 16.829788208007812	1.0
chr12_93567141_G_C_b38	1	1.25559e-02	-1.225e-01	4.313e-02 16.92854118347168	1.0
chr12_93574480_G_A_b38	1	1.12097e-02	-1.138e-01	4.135e-02 17.925762176513672	1.0
chr12_93579211_A_G_b38	1	1.11002e-02	-1.291e-01	4.288e-02 16.90535545349121	1.0
chr12_93574577_C_CT_b38	1	8.59531e-03	-1.094e-01	4.143e-02 17.542684258844144	1.0
chr12_93591706_T_C_b38	1	7.36123e-03	-1.310e-01	4.268e-02 19.65372467041016	1.0
chr12_93576250_T_C_b38	1	7.12870e-03	-1.225e-01	4.313e-02 16.797950744628903	1.0
chr12_93584667_TA_T_b38	1	6.03172e-03	-1.269e-01	4.236e-02 18.933460722572885	1.0
chr12_93589778_C_T_b38	1	5.74213e-03	-1.188e-01	3.982e-02 18.39846420288086	1.0
chr12_93588556_G_A_b38	1	5.71143e-03	-1.251e-01	4.205e-02 19.45760154724121	1.0
chr12_93586312_T_A_b38	1	5.39882e-03	-1.239e-01	4.193e-02 19.302038192749023	1.0
chr12_93562896_A_T_b38	1	5.04758e-03	-1.193e-01	4.495e-02 16.868534088134766	1.0
chr12_93590078_T_C_b38	1	4.77624e-03	-1.162e-01	3.987e-02 18.400089263916016	1.0
chr12_93582927_C_T_b38	1	4.43967e-03	-1.211e-01	4.205e-02 19.27091407775879	1.0
chr12_93582860_A_G_b38	1	4.43967e-03	-1.211e-01	4.205e-02 19.269968032836914	1.0
chr12_93596777_A_G_b38	1	4.07644e-03	-1.260e-01	3.946e-02 18.6807861328125	1.0
chr12_93586765_C_CATTT_b38	1	3.69967e-03	-1.183e-01	4.212e-02 19.06378203452172	1.0
chr12_93583815_A_G_b38	1	3.42295e-03	-1.167e-01	4.205e-02 19.346487045288086	1.0
chr12_93599490_C_A_b38	1	3.42155e-03	-1.332e-01	4.262e-02 19.768064498901367	1.0
chr12_93560289_C_T_b38	1	3.27369e-03	-1.103e-01	4.475e-02 16.866363525390625	1.0
chr12_93584728_G_T_b38	1	3.06256e-03	-1.170e-01	4.288e-02 19.35367584228516	1.0
chr12_93585643_T_C_b38	1	3.06256e-03	-1.170e-01	4.288e-02 19.34446144104004	1.0
chr12_93586116_A_G_b38	1	3.06256e-03	-1.170e-01	4.288e-02 19.31061172485352	1.0
chr12_93583178_A_G_b38	1	2.41498e-03	-1.111e-01	4.220e-02 19.42464828491211	1.0
chr12_93583689_T_A_b38	1	2.41498e-03	-1.111e-01	4.220e-02 19.33879852294922	1.0
chr12_93579151_G_A_b38	1	2.13243e-03	-9.585e-02	4.127e-02 18.03176498413086	1.0
chr12_93581432_G_A_b38	1	2.07877e-03	-1.125e-01	4.392e-02 17.263381958007812	1.0
chr12_93570188_C_T_b38	2	3.71458e-02	9.526e-02	5.301e-02 -8.587128639221191	1.0
chr12_93561404_A_G_b38	2	2.16493e-03	9.601e-02	5.304e-02 -8.842846870422363	1.0
chr12_93563069_T_TA_b38	2	1.87137e-03	9.093e-02	5.307e-02 -8.97077648399632	1.0
chr12_93577010_A_C_b38	2	1.83593e-03	9.242e-02	5.219e-02 -8.808032035827637	1.0
chr12_93558413_C_T_b38	2	1.00803e-03	9.907e-02	5.239e-02 -8.808408737182617	1.0
chr12_93559591_T_C_b38	2	9.67297e-04	9.276e-02	4.934e-02 -6.511800765991211	1.0
