chr20_35412662_C_T_b38	1	5.27525e-02	2.291e-01	6.718e-02 -31.420495642418828	1.0
chr20_35413447_G_A_b38	1	4.81636e-02	2.487e-01	6.790e-02 -31.7708683013916	1.0
chr20_35411464_A_G_b38	1	4.38487e-02	2.321e-01	6.830e-02 -31.74946594238281	1.0
chr20_35407977_A_G_b38	1	3.27499e-02	2.487e-01	6.790e-02 -31.75288200378418	1.0
chr20_35408142_T_A_b38	1	3.27499e-02	2.487e-01	6.790e-02 -31.76154899597168	1.0
chr20_35409931_G_A_b38	1	2.78374e-02	2.321e-01	6.829e-02 -31.749380111694336	1.0
chr20_35409980_AT_A_b38	1	2.78374e-02	2.321e-01	6.829e-02 -31.77746017541089	1.0
chr20_35417437_T_C_b38	1	2.36851e-02	2.487e-01	6.789e-02 -32.139610290527344	1.0
chr20_35408169_C_T_b38	1	2.33991e-02	2.396e-01	6.754e-02 -31.74627494812012	1.0
chr20_35413255_C_T_b38	1	2.25341e-02	2.321e-01	6.829e-02 -31.748693466186523	1.0
chr20_35413738_G_C_b38	1	2.25341e-02	2.321e-01	6.829e-02 -31.75277137756348	1.0
chr20_35414469_CAT_C_b38	1	2.25341e-02	2.321e-01	6.829e-02 -31.77746017541089	1.0
chr20_35414112_C_T_b38	1	2.25341e-02	2.321e-01	6.829e-02 -31.754987716674805	1.0
chr20_35417411_C_T_b38	1	1.69225e-02	2.396e-01	6.754e-02 -32.136157989501946	1.0
chr20_35404958_T_A_b38	1	1.53988e-02	2.396e-01	6.754e-02 -31.7432804107666	1.0
chr20_35408630_T_C_b38	1	1.53173e-02	2.321e-01	6.829e-02 -31.74303436279297	1.0
chr20_35409488_T_A_b38	1	1.53173e-02	2.321e-01	6.829e-02 -31.74961280822754	1.0
chr20_35415937_T_C_b38	1	1.49120e-02	-2.344e-01	6.950e-02 25.56287002563477	1.0
chr20_35419167_T_C_b38	1	1.11253e-02	2.313e-01	6.801e-02 -32.18705368041992	1.0
chr20_35420334_C_T_b38	1	1.10776e-02	2.321e-01	6.829e-02 -32.146484375	1.0
chr20_35420359_T_C_b38	1	1.02902e-02	-2.344e-01	6.950e-02 25.677791595458984	1.0
chr20_35397254_A_G_b38	1	1.02221e-02	2.487e-01	6.789e-02 -31.760276794433594	1.0
chr20_35395682_A_G_b38	1	1.02221e-02	2.487e-01	6.789e-02 -31.7648868560791	1.0
chr20_35399495_T_C_b38	1	1.02221e-02	2.487e-01	6.789e-02 -31.76847076416016	1.0
chr20_35388671_G_C_b38	1	1.02221e-02	2.487e-01	6.789e-02 -31.74777984619141	1.0
chr20_35406462_G_T_b38	1	1.00836e-02	2.321e-01	6.829e-02 -31.74576568603516	1.0
chr20_35420820_G_A_b38	1	7.57122e-03	2.235e-01	6.859e-02 -32.121978759765625	1.0
chr20_35387378_C_A_b38	1	7.42169e-03	2.393e-01	6.734e-02 -31.75202560424805	1.0
chr20_35398468_T_C_b38	1	7.30343e-03	2.396e-01	6.754e-02 -31.751277923583984	1.0
chr20_35394632_G_A_b38	1	7.30343e-03	2.396e-01	6.754e-02 -31.74732780456543	1.0
chr20_35419860_T_A_b38	1	7.03481e-03	-2.267e-01	7.014e-02 26.048816680908203	1.0
chr20_35418512_C_T_b38	1	7.03481e-03	-2.267e-01	7.014e-02 26.06523323059082	1.0
chr20_35418633_T_C_b38	1	7.03481e-03	-2.267e-01	7.014e-02 26.069202423095703	1.0
chr20_35418373_C_T_b38	1	7.03481e-03	-2.267e-01	7.014e-02 26.062604904174805	1.0
chr20_35381727_C_T_b38	1	6.58567e-03	2.589e-01	6.874e-02 -30.47169685363769	1.0
chr20_35431781_T_C_b38	1	6.28383e-03	2.376e-01	6.960e-02 -32.481372833251946	1.0
chr20_35370450_A_T_b38	1	4.86173e-03	2.487e-01	6.789e-02 -31.75968170166016	1.0
chr20_35368201_A_T_b38	1	4.86173e-03	2.487e-01	6.789e-02 -31.75701141357422	1.0
chr20_35389020_C_T_b38	1	4.78250e-03	2.321e-01	6.829e-02 -31.729869842529297	1.0
chr20_35389546_G_A_b38	1	4.78250e-03	2.321e-01	6.829e-02 -31.72775840759277	1.0
chr20_35397173_T_C_b38	1	4.78250e-03	2.321e-01	6.829e-02 -31.749326705932614	1.0
chr20_35397765_C_T_b38	1	4.78250e-03	2.321e-01	6.829e-02 -31.749866485595703	1.0
chr20_35400015_T_A_b38	1	4.78250e-03	2.321e-01	6.829e-02 -31.750324249267567	1.0
chr20_35399773_G_A_b38	1	4.78250e-03	2.321e-01	6.829e-02 -31.74982452392578	1.0
chr20_35425455_G_A_b38	1	4.71049e-03	-2.342e-01	7.077e-02 26.08167839050293	1.0
chr20_35430145_C_G_b38	1	4.71049e-03	-2.342e-01	7.077e-02 26.030702590942386	1.0
chr20_35395043_G_A_b38	1	4.44257e-03	2.344e-01	6.950e-02 -25.559608459472656	1.0
chr20_35393057_T_C_b38	1	4.44257e-03	2.344e-01	6.950e-02 -25.54730796813965	1.0
chr20_35416964_C_T_b38	1	3.60478e-03	1.934e-01	6.885e-02 -28.75847816467285	1.0
chr20_35385096_A_C_b38	1	3.52982e-03	2.393e-01	6.734e-02 -31.713397979736328	1.0
chr20_35372505_C_T_b38	1	3.52982e-03	2.393e-01	6.734e-02 -31.746421813964844	1.0
chr20_35372647_T_C_b38	1	3.52982e-03	2.393e-01	6.734e-02 -31.746421813964844	1.0
chr20_35379720_T_C_b38	1	3.52982e-03	2.393e-01	6.734e-02 -31.740034103393555	1.0
chr20_35363996_G_A_b38	1	3.52982e-03	2.393e-01	6.734e-02 -31.74022483825684	1.0
chr20_35383282_A_G_b38	1	3.52982e-03	2.393e-01	6.734e-02 -31.736225128173828	1.0
chr20_35386360_T_A_b38	1	3.52982e-03	2.393e-01	6.734e-02 -31.73595428466797	1.0
chr20_35374042_C_A_b38	1	3.52982e-03	2.393e-01	6.734e-02 -31.773231506347656	1.0
chr20_35385575_G_A_b38	1	3.52982e-03	2.393e-01	6.734e-02 -31.736011505126953	1.0
chr20_35378457_T_C_b38	1	3.52982e-03	2.393e-01	6.734e-02 -31.742097854614254	1.0
chr20_35385145_G_A_b38	1	3.52982e-03	2.393e-01	6.734e-02 -31.618854522705078	1.0
chr20_35364817_G_A_b38	1	3.52982e-03	2.393e-01	6.734e-02 -31.745738983154297	1.0
chr20_35386248_T_C_b38	1	3.52982e-03	2.393e-01	6.734e-02 -31.73595428466797	1.0
chr20_35372996_A_G_b38	1	3.47357e-03	2.396e-01	6.754e-02 -31.738683700561523	1.0
chr20_35428452_G_A_b38	1	3.18484e-03	-2.254e-01	7.132e-02 26.490442276000977	1.0
chr20_35428410_G_A_b38	1	3.18484e-03	-2.254e-01	7.132e-02 26.489782333374023	1.0
chr20_35426395_G_A_b38	1	3.18484e-03	-2.254e-01	7.132e-02 26.41419982910156	1.0
chr20_35384111_C_T_b38	1	3.07509e-03	2.376e-01	6.778e-02 -31.72274780273437	1.0
chr20_35434589_C_A_b38	1	2.93622e-03	2.142e-01	6.852e-02 -30.682117462158203	1.0
chr20_35382724_A_G_b38	1	2.27460e-03	2.321e-01	6.829e-02 -31.72903251647949	1.0
chr20_35371512_T_C_b38	1	2.27460e-03	2.321e-01	6.829e-02 -31.742759704589844	1.0
chr20_35378522_C_T_b38	1	2.27460e-03	2.321e-01	6.829e-02 -31.73519515991211	1.0
chr20_35384250_C_T_b38	1	2.27460e-03	2.321e-01	6.829e-02 -31.73887634277344	1.0
chr20_35436182_A_G_b38	1	2.21832e-03	2.123e-01	7.040e-02 -32.565696716308594	1.0
chr20_35435421_C_T_b38	1	2.21017e-03	-2.192e-01	7.270e-02 26.14635269173133	1.0
chr20_35370324_C_G_b38	1	2.11292e-03	2.344e-01	6.950e-02 -25.550825119018555	1.0
chr20_35380264_T_C_b38	1	1.93723e-03	2.283e-01	6.835e-02 -31.73386192321777	1.0
chr20_35372683_T_C_b38	1	1.93723e-03	2.283e-01	6.835e-02 -31.7443962097168	1.0
chr20_35423251_A_G_b38	1	1.88078e-03	-2.052e-01	6.963e-02 26.085323333740234	1.0
chr20_35376181_GC_G_b38	1	1.53823e-03	2.227e-01	6.844e-02 -31.584914492942254	1.0
chr20_35343541_A_G_b38	1	1.25376e-03	2.487e-01	6.789e-02 -31.75688934326172	1.0
chr20_35339203_A_C_b38	1	1.25376e-03	-2.487e-01	6.789e-02 31.75741958618164	1.0
chr20_35382659_A_G_b38	1	1.19634e-03	2.254e-01	7.132e-02 -25.939638137817386	1.0
chr20_35437976_G_A_b38	1	9.41420e-04	2.100e-01	6.740e-02 -36.54232406616211	1.0
chr20_35359482_C_G_b38	1	9.10283e-04	2.395e-01	6.728e-02 -31.743467330932607	1.0
chr20_35352692_T_TTC_b38	1	9.10283e-04	2.395e-01	6.728e-02 -31.77746017541089	1.0
chr20_35361479_T_C_b38	1	9.10283e-04	2.395e-01	6.728e-02 -31.742393493652344	1.0
chr20_35346043_T_C_b38	1	9.10283e-04	2.395e-01	6.728e-02 -31.68949890136719	1.0
chr20_35354458_G_A_b38	1	9.10283e-04	2.395e-01	6.728e-02 -31.77746017541089	1.0
chr20_35354460_A_G_b38	1	9.10283e-04	2.395e-01	6.728e-02 -31.74715805053711	1.0
chr20_35338465_A_T_b38	1	9.10283e-04	-2.395e-01	6.728e-02 31.74984741210937	1.0
chr20_35346498_T_C_b38	1	9.10283e-04	2.395e-01	6.728e-02 -31.68374443054199	1.0
chr20_35361116_A_G_b38	1	9.10283e-04	2.395e-01	6.728e-02 -31.742393493652344	1.0
chr20_35438203_G_A_b38	1	7.43494e-04	2.126e-01	7.034e-02 -32.660140991210945	1.0
chr20_35324377_A_C_b38	1	6.43439e-04	-2.374e-01	6.899e-02 26.92474365234375	1.0
chr20_35323138_C_T_b38	1	6.12367e-04	-2.364e-01	6.907e-02 26.90618705749512	1.0
chr20_35317523_C_T_b38	1	6.12367e-04	-2.364e-01	6.907e-02 26.792205810546875	1.0
chr20_35338040_C_A_b38	1	5.89108e-04	-2.315e-01	6.795e-02 31.48423957824707	1.0
chr20_35319358_T_C_b38	1	5.86582e-04	-2.324e-01	6.823e-02 31.25514411926269	1.0
chr20_35335763_A_G_b38	1	5.86582e-04	-2.324e-01	6.823e-02 31.454105377197266	1.0
chr20_35348535_G_A_b38	1	5.86582e-04	2.324e-01	6.823e-02 -31.701847076416016	1.0
chr20_35336470_C_A_b38	1	5.86582e-04	-2.324e-01	6.823e-02 31.43680191040039	1.0
chr20_35317924_A_AGGGCT_b38	1	5.86582e-04	-2.324e-01	6.823e-02 31.220159274962594	1.0
chr20_35327768_A_G_b38	1	5.86582e-04	-2.324e-01	6.823e-02 31.488222122192386	1.0
chr20_35359927_T_C_b38	1	5.86582e-04	2.324e-01	6.823e-02 -31.73370742797852	1.0
chr20_35336309_C_T_b38	1	5.86582e-04	-2.324e-01	6.823e-02 31.44528007507324	1.0
chr20_35326405_A_G_b38	1	5.86582e-04	-2.324e-01	6.823e-02 31.24310302734375	1.0
chr20_35320106_T_C_b38	1	5.86582e-04	-2.324e-01	6.823e-02 31.269386291503906	1.0
chr20_35337291_T_C_b38	1	5.86582e-04	-2.324e-01	6.823e-02 31.477886199951172	1.0
chr20_35325519_G_T_b38	1	5.86582e-04	-2.324e-01	6.823e-02 31.260786056518555	1.0
chr20_35354882_G_A_b38	1	5.86582e-04	2.324e-01	6.823e-02 -31.73874092102051	1.0
chr20_35336327_C_A_b38	1	5.86582e-04	-2.324e-01	6.823e-02 31.45428466796875	1.0
chr20_35349901_G_A_b38	1	5.86582e-04	2.324e-01	6.823e-02 -31.73551940917969	1.0
chr20_35323068_T_C_b38	1	5.79150e-04	-2.336e-01	6.866e-02 26.819866020926877	1.0
chr20_35335198_T_G_b38	1	5.79150e-04	-2.336e-01	6.866e-02 27.10576248168945	1.0
chr20_35321949_T_C_b38	1	5.79150e-04	-2.336e-01	6.866e-02 26.913982391357425	1.0
chr20_35326898_T_C_b38	1	5.79150e-04	-2.336e-01	6.866e-02 26.979040145874023	1.0
chr20_35322603_G_A_b38	1	5.79150e-04	-2.336e-01	6.866e-02 26.88722419738769	1.0
chr20_35321442_G_A_b38	1	5.79150e-04	-2.336e-01	6.866e-02 26.914831161499023	1.0
chr20_35323093_T_C_b38	1	5.79150e-04	-2.336e-01	6.866e-02 26.99086761474609	1.0
chr20_35317816_G_A_b38	1	5.66601e-04	-2.310e-01	6.809e-02 31.14042091369629	1.0
chr20_35318101_C_A_b38	1	5.66601e-04	-2.310e-01	6.809e-02 31.13205528259277	1.0
chr20_35315833_C_T_b38	1	5.66601e-04	-2.310e-01	6.809e-02 31.130712509155273	1.0
chr20_35352170_G_C_b38	1	5.39544e-04	2.347e-01	6.943e-02 -25.549884796142567	1.0
chr20_35355478_C_T_b38	1	5.39544e-04	2.347e-01	6.943e-02 -25.55015563964844	1.0
chr20_35321981_C_T_b38	1	5.39544e-04	-2.347e-01	6.943e-02 25.351829528808594	1.0
chr20_35322778_G_A_b38	1	5.39544e-04	-2.347e-01	6.943e-02 25.33224868774414	1.0
chr20_35410114_C_G_b38	2	1.15986e-02	3.481e-01	1.609e-01 -7.826464176177978	1.0
chr20_35474093_T_C_b38	2	3.06538e-04	4.570e-01	1.708e-01 -7.905948162078857	1.0
