chr19_58016935_A_G_b38	1	9.99159e-01	6.066e-02	4.266e-02 -2.1223795413970947	1.0
chr19_58001804_A_G_b38	2	9.99159e-01	-5.855e-02	5.536e-02 -2.064150333404541	1.0
chr19_58024862_T_C_b38	3	5.65239e-01	1.228e-01	6.261e-02 0.0	1.0
chr19_58024648_C_T_b38	3	4.33919e-01	1.168e-01	6.790e-02 0.0	1.0
chr19_57978119_T_C_b38	4	4.99189e-01	3.931e-01	4.919e-02 0.3397182822227478	1.0
chr19_57978031_C_G_b38	4	4.99189e-01	3.931e-01	4.919e-02 0.33255669474601746	1.0
chr19_58021388_T_C_b38	4	7.58744e-04	2.859e-01	8.294e-02 0.7052640318870544	1.0
chr19_58005620_T_C_b38	5	9.06819e-01	-5.991e-01	6.680e-02 3.037306308746338	1.0
chr19_58002439_A_C_b38	5	7.24087e-02	-5.646e-01	6.979e-02 3.0379085540771484	1.0
chr19_58006839_G_C_b38	5	1.14798e-02	-5.116e-01	6.702e-02 3.117872953414917	1.0
chr19_58007148_G_A_b38	5	7.17567e-03	-5.121e-01	6.682e-02 3.107264280319214	1.0
chr19_58002727_A_AC_b38	5	6.20175e-04	-3.571e-01	5.247e-02 2.6427878222389585	1.0
chr19_58011606_A_G_b38	5	2.76335e-04	-4.342e-01	6.348e-02 3.153442859649658	1.0
chr19_58010754_G_C_b38	5	1.25810e-04	-4.197e-01	5.774e-02 3.1139674186706543	1.0
chr19_58002109_G_A_b38	5	6.63024e-05	-4.464e-01	6.845e-02 2.766955614089966	1.0
chr19_58002815_T_C_b38	5	4.78637e-05	-4.098e-01	6.877e-02 3.3847694396972656	1.0
chr19_58012076_C_T_b38	5	2.27672e-05	-3.716e-01	5.645e-02 3.1311092376708984	1.0
chr19_58012758_C_T_b38	5	2.27672e-05	-3.716e-01	5.645e-02 3.0916008949279785	1.0
chr19_58013822_CTG_C_b38	5	2.27672e-05	-3.716e-01	5.645e-02 3.0992665114285685	1.0
chr19_58012436_A_C_b38	5	2.27672e-05	-3.716e-01	5.645e-02 3.132903575897217	1.0
chr19_58008033_T_TA_b38	5	2.10322e-05	-3.981e-01	5.797e-02 3.1515222124691835	1.0
chr19_58007523_A_G_b38	6	9.97827e-01	-5.070e-01	7.231e-02 -4.691783428192139	1.0
chr19_57991086_T_C_b38	6	4.32129e-04	-4.057e-01	6.617e-02 -4.294194221496582	1.0
chr19_58009112_A_G_b38	6	2.97714e-04	-4.047e-01	6.708e-02 -4.260915279388429	1.0
chr19_58009856_G_C_b38	6	2.97714e-04	-4.047e-01	6.708e-02 -4.2761335372924805	1.0
chr19_58003447_T_G_b38	6	7.06364e-05	-4.013e-01	7.316e-02 -4.634068012237549	1.0
chr19_58003710_G_A_b38	6	7.06364e-05	-4.013e-01	7.316e-02 -4.632422924041748	1.0
chr19_58003347_C_G_b38	6	5.36877e-05	-3.794e-01	7.070e-02 -4.627617835998535	1.0
chr19_57975485_C_G_b38	6	5.23772e-05	2.818e-01	4.793e-02 4.21303653717041	1.0
chr19_58006313_C_T_b38	7	8.33376e-03	3.751e-01	1.484e-01 -4.670988082885742	1.0
