chr6_109382188_C_T_b38	1	1.21383e-01	4.946e-02	1.654e-02 -10.46076774597168	1.0
chr6_109383248_A_C_b38	1	4.50877e-02	4.946e-02	1.653e-02 -10.542207717895508	1.0
chr6_109383239_T_C_b38	1	4.50877e-02	4.946e-02	1.653e-02 -10.540550231933594	1.0
chr6_109383848_G_A_b38	1	2.33506e-02	4.947e-02	1.653e-02 -10.504075050354004	1.0
chr6_109384807_C_A_b38	1	2.33506e-02	4.947e-02	1.653e-02 -10.491937637329102	1.0
chr6_109382524_C_A_b38	1	2.31067e-02	4.001e-02	1.753e-02 -7.944489479064941	1.0
chr6_109390116_T_C_b38	1	1.77603e-02	5.290e-02	1.642e-02 -10.481955528259276	1.0
chr6_109391534_G_C_b38	1	1.51908e-02	5.195e-02	1.640e-02 -10.502806663513184	1.0
chr6_109392096_A_C_b38	1	1.22179e-02	5.076e-02	1.643e-02 -10.495777130126953	1.0
chr6_109390638_C_A_b38	1	1.22179e-02	5.076e-02	1.643e-02 -10.526132583618164	1.0
chr6_109392195_C_CAG_b38	1	1.22179e-02	5.076e-02	1.643e-02 -10.541288643175333	1.0
chr6_109391084_C_T_b38	1	1.08041e-02	4.938e-02	1.621e-02 -9.394845008850098	1.0
chr6_109375548_G_T_b38	1	9.78157e-03	5.032e-02	1.647e-02 -10.417409896850586	1.0
chr6_109374782_G_A_b38	1	8.80514e-03	4.958e-02	1.644e-02 -9.282318115234377	1.0
chr6_109381925_CA_C_b38	1	8.52792e-03	4.001e-02	1.753e-02 -7.661436095313072	1.0
chr6_109407238_T_C_b38	1	8.28751e-03	5.301e-02	1.633e-02 -9.31439563831626	1.0
chr6_109367528_C_A_b38	1	8.01411e-03	5.293e-02	1.647e-02 -9.263175010681152	1.0
chr6_109382480_G_C_b38	1	7.95988e-03	3.172e-02	1.911e-02 -7.829889297485352	1.0
chr6_109361200_T_C_b38	1	7.41118e-03	5.246e-02	1.646e-02 -10.409074783325195	1.0
chr6_109367335_A_C_b38	1	7.41118e-03	5.246e-02	1.646e-02 -10.395424842834473	1.0
chr6_109360458_T_C_b38	1	7.41118e-03	5.246e-02	1.646e-02 -10.40644645690918	1.0
chr6_109403734_G_A_b38	1	5.63758e-03	5.100e-02	1.639e-02 -10.532903671264648	1.0
chr6_109401814_T_TCC_b38	1	5.63758e-03	5.100e-02	1.639e-02 -10.627435031368927	1.0
chr6_109401793_T_C_b38	1	5.63758e-03	5.100e-02	1.639e-02 -10.693558660318805	1.0
chr6_109402736_G_A_b38	1	5.63758e-03	5.100e-02	1.639e-02 -10.536643028259276	1.0
chr6_109397362_C_G_b38	1	5.63758e-03	5.100e-02	1.639e-02 -10.548442840576172	1.0
chr6_109395885_T_G_b38	1	5.30285e-03	5.076e-02	1.643e-02 -10.56900691986084	1.0
chr6_109395905_C_G_b38	1	5.30285e-03	5.076e-02	1.643e-02 -10.572317123413086	1.0
chr6_109393881_G_A_b38	1	5.30285e-03	5.076e-02	1.643e-02 -10.5199556350708	1.0
chr6_109370741_G_A_b38	1	5.12231e-03	5.032e-02	1.647e-02 -10.401217460632324	1.0
chr6_109368228_A_G_b38	1	5.12231e-03	5.032e-02	1.647e-02 -10.400635719299316	1.0
chr6_109360263_T_C_b38	1	5.12231e-03	5.032e-02	1.647e-02 -10.414902687072754	1.0
chr6_109371524_T_C_b38	1	5.12231e-03	5.032e-02	1.647e-02 -10.402350425720217	1.0
chr6_109363084_T_C_b38	1	5.12231e-03	5.032e-02	1.647e-02 -10.40148639678955	1.0
chr6_109405536_T_C_b38	1	4.97007e-03	4.960e-02	1.617e-02 -9.397777557373047	1.0
chr6_109368704_G_T_b38	1	4.61099e-03	4.958e-02	1.644e-02 -9.264518737792967	1.0
chr6_109358652_T_G_b38	1	4.61099e-03	4.958e-02	1.644e-02 -9.266172409057617	1.0
chr6_109384228_C_A_b38	1	4.45634e-03	4.001e-02	1.753e-02 -7.947238445281982	1.0
chr6_109380457_G_C_b38	1	4.28760e-03	4.069e-02	1.780e-02 -7.865742683410644	1.0
chr6_109380990_T_C_b38	1	4.28760e-03	4.069e-02	1.780e-02 -7.866637706756593	1.0
chr6_109380015_T_C_b38	1	4.28760e-03	4.069e-02	1.780e-02 -7.866711616516112	1.0
chr6_109358227_G_T_b38	1	3.33107e-03	4.869e-02	1.684e-02 -10.328398704528807	1.0
chr6_109401914_A_G_b38	1	3.29015e-03	4.694e-02	1.606e-02 -9.40158748626709	1.0
chr6_109346560_G_A_b38	1	3.28659e-03	5.409e-02	1.647e-02 -9.490607261657717	1.0
chr6_109347707_G_A_b38	1	3.28659e-03	5.409e-02	1.647e-02 -9.49858856201172	1.0
chr6_109385087_A_G_b38	1	2.71068e-03	4.006e-02	1.751e-02 -7.885846138000487	1.0
chr6_109370985_C_T_b38	1	2.54512e-03	4.718e-02	1.689e-02 -9.622586250305176	1.0
chr6_109409679_T_C_b38	1	2.28222e-03	5.136e-02	1.636e-02 -10.514822006225586	1.0
chr6_109354286_A_G_b38	1	2.25608e-03	5.187e-02	1.645e-02 -10.339885711669922	1.0
chr6_109388256_A_G_b38	1	2.19090e-03	4.153e-02	1.738e-02 -7.866724967956543	1.0
chr6_109387685_T_G_b38	1	2.19090e-03	4.153e-02	1.738e-02 -7.900613784790039	1.0
chr6_109427644_T_C_b38	1	2.13001e-03	5.103e-02	1.638e-02 -10.527528762817383	1.0
chr6_109430292_A_C_b38	1	2.13001e-03	5.103e-02	1.638e-02 -10.530231475830078	1.0
chr6_109424756_G_C_b38	1	2.13001e-03	5.103e-02	1.638e-02 -10.51063346862793	1.0
chr6_109424305_A_C_b38	1	2.13001e-03	5.103e-02	1.638e-02 -10.520947456359863	1.0
chr6_109426518_G_A_b38	1	2.13001e-03	5.103e-02	1.638e-02 -10.53173542022705	1.0
chr6_109425054_A_G_b38	1	2.13001e-03	5.103e-02	1.638e-02 -10.52838134765625	1.0
chr6_109420247_T_C_b38	1	2.13001e-03	5.103e-02	1.638e-02 -10.511898040771484	1.0
chr6_109407148_A_G_b38	1	2.06681e-03	4.737e-02	1.736e-02 -7.868575572967528	1.0
chr6_109424122_T_A_b38	1	1.82224e-03	5.020e-02	1.641e-02 -10.378643035888672	1.0
chr6_109375003_A_G_b38	1	1.81923e-03	4.176e-02	1.771e-02 -7.835731029510497	1.0
chr6_109373000_CCTA_C_b38	1	1.81923e-03	4.176e-02	1.771e-02 -7.673648562129757	1.0
chr6_109331614_C_G_b38	1	1.74270e-03	5.589e-02	1.601e-02 -10.362411499023438	1.0
chr6_109333398_G_A_b38	1	1.60241e-03	5.047e-02	1.666e-02 -9.716869354248047	1.0
chr6_109351795_C_A_b38	1	1.56593e-03	4.973e-02	1.645e-02 -10.35478687286377	1.0
chr6_109357369_C_T_b38	1	1.55562e-03	4.961e-02	1.643e-02 -9.270710945129396	1.0
chr6_109354092_C_T_b38	1	1.55419e-03	4.989e-02	1.653e-02 -10.344874382019043	1.0
chr6_109381443_A_T_b38	1	1.43471e-03	3.170e-02	1.911e-02 -7.753761768341064	1.0
chr6_109332929_T_C_b38	1	1.25100e-03	4.809e-02	1.636e-02 -10.59121322631836	1.0
chr6_109382104_C_T_b38	2	2.37085e-02	5.556e-02	4.737e-02 -0.8776471018791199	1.0
chr6_109381824_A_G_b38	2	8.30136e-03	5.650e-02	4.728e-02 -0.8566722869873047	1.0
chr6_109406727_A_C_b38	2	5.10594e-04	6.329e-02	4.644e-02 -0.8347340822219849	1.0
chr6_109396495_T_C_b38	2	4.15847e-04	5.106e-02	4.498e-02 -0.8163193464279175	1.0
chr6_109430586_C_A_b38	2	1.68855e-04	6.646e-02	4.582e-02 -0.7867259979248047	1.0
chr6_109427189_G_A_b38	2	1.68855e-04	6.646e-02	4.582e-02 -0.7782319188117981	1.0
chr6_109409343_C_T_b38	2	1.68855e-04	6.646e-02	4.582e-02 -0.8393269777297974	1.0
chr6_109425139_C_G_b38	2	1.68855e-04	6.646e-02	4.582e-02 -0.7784337997436523	1.0
