chr16_19293830_C_G_b38	1	2.66034e-01	-5.567e-01	8.530e-02 -0.5531548261642456	1.0
chr16_19296310_C_T_b38	1	1.44598e-01	-5.544e-01	8.476e-02 -0.4735268354415894	1.0
chr16_19298770_T_C_b38	1	8.68003e-02	-4.862e-01	7.664e-02 -0.346811443567276	1.0
chr16_19299799_C_T_b38	1	7.79020e-02	-5.419e-01	8.444e-02 -0.3383078575134277	1.0
chr16_19300375_C_T_b38	1	7.79020e-02	-5.419e-01	8.444e-02 -0.35559818148612976	1.0
chr16_19299466_T_C_b38	1	7.79020e-02	-5.419e-01	8.444e-02 -0.3386480510234833	1.0
chr16_19294859_T_TTGTGTTGCTGTGC_b38	1	7.02157e-02	-5.445e-01	8.678e-02 -0.5681246009814661	1.0
chr16_19306095_A_G_b38	1	6.33380e-02	-5.411e-01	8.478e-02 -0.40617790818214417	1.0
chr16_19304838_G_A_b38	1	6.33380e-02	-5.411e-01	8.478e-02 -0.3763620555400848	1.0
chr16_19289270_C_G_b38	1	3.92859e-02	-5.268e-01	8.605e-02 -0.4597553312778473	1.0
chr16_19301366_G_A_b38	1	2.35049e-02	-5.221e-01	8.395e-02 -0.3271888494491577	1.0
chr16_19304299_C_G_b38	1	3.57138e-03	-4.953e-01	8.525e-02 -0.5109719634056091	1.0
chr16_19301878_A_G_b38	1	3.28003e-03	-4.987e-01	8.592e-02 -0.6424376368522644	1.0
chr16_19304824_A_T_b38	1	1.61805e-03	-4.847e-01	8.561e-02 -0.3838196396827698	1.0
chr16_19305602_C_T_b38	1	5.30329e-04	-4.667e-01	8.680e-02 -0.4448967874050141	1.0
chr16_19235926_G_A_b38	2	2.05310e-01	-3.450e-01	7.483e-02 -4.637990474700928	1.0
chr16_19238264_G_C_b38	2	6.04523e-02	-3.348e-01	7.800e-02 -4.892357320164956	1.0
chr16_19247200_T_C_b38	2	4.60121e-02	-3.331e-01	7.871e-02 -4.919804573059082	1.0
chr16_19240282_T_C_b38	2	3.87138e-02	-3.200e-01	7.650e-02 -4.731345653533936	1.0
chr16_19246376_T_C_b38	2	3.50419e-02	-3.191e-01	7.692e-02 -4.895591735839844	1.0
chr16_19251022_A_T_b38	2	2.42204e-02	-3.008e-01	7.418e-02 -5.285839557647705	1.0
chr16_19250724_CT_C_b38	2	2.34527e-02	-2.803e-01	6.913e-02 -3.389004495160253	1.0
chr16_19238196_T_C_b38	2	2.31566e-02	-2.932e-01	7.254e-02 -3.197789430618286	1.0
chr16_19255822_C_G_b38	2	1.87396e-02	-3.059e-01	7.665e-02 -5.338222026824951	1.0
chr16_19257515_C_T_b38	2	1.87396e-02	-3.059e-01	7.665e-02 -5.363452434539795	1.0
chr16_19260445_A_G_b38	2	1.85790e-02	-3.061e-01	7.664e-02 -5.318170070648193	1.0
chr16_19235087_T_C_b38	2	1.73063e-02	-3.298e-01	7.682e-02 -4.290139675140382	1.0
chr16_19235202_G_A_b38	2	1.73063e-02	-3.298e-01	7.682e-02 -4.234455108642578	1.0
chr16_19260753_A_C_b38	2	1.68512e-02	-2.590e-01	6.998e-02 -3.720636606216431	1.0
chr16_19243687_T_G_b38	2	1.64233e-02	-3.041e-01	7.681e-02 -5.012288570404053	1.0
chr16_19233102_A_G_b38	2	1.48846e-02	-3.265e-01	7.567e-02 -4.720602989196777	1.0
chr16_19257728_C_T_b38	2	1.37556e-02	-2.994e-01	7.638e-02 -5.366093635559082	1.0
chr16_19267278_GT_G_b38	2	1.34647e-02	-2.786e-01	7.711e-02 -5.134284402387421	1.0
chr16_19234987_G_C_b38	2	1.26113e-02	-2.959e-01	7.037e-02 -2.8228461742401123	1.0
chr16_19246137_A_G_b38	2	1.15251e-02	-2.997e-01	7.643e-02 -4.951077461242676	1.0
chr16_19252098_A_G_b38	2	1.12481e-02	-3.012e-01	7.822e-02 -5.334126949310303	1.0
chr16_19239572_A_G_b38	2	1.06689e-02	-3.067e-01	7.867e-02 -5.023210048675537	1.0
chr16_19266171_A_T_b38	2	8.54236e-03	-2.620e-01	7.511e-02 -5.1552815437316895	1.0
chr16_19255135_T_C_b38	2	8.35261e-03	-2.825e-01	7.465e-02 -5.392632007598877	1.0
chr16_19254659_C_A_b38	2	8.35261e-03	-2.825e-01	7.465e-02 -5.405958652496338	1.0
chr16_19254478_G_A_b38	2	8.35261e-03	-2.825e-01	7.465e-02 -5.428203105926514	1.0
chr16_19256671_G_T_b38	2	8.35261e-03	-2.825e-01	7.465e-02 -5.39607572555542	1.0
chr16_19256266_G_C_b38	2	8.35261e-03	-2.825e-01	7.465e-02 -5.4003520011901855	1.0
chr16_19262232_C_T_b38	2	8.14831e-03	-2.466e-01	7.088e-02 -3.6392533779144287	1.0
chr16_19268058_T_C_b38	2	7.65769e-03	-2.673e-01	7.727e-02 -5.323586940765381	1.0
chr16_19249229_A_G_b38	2	7.64048e-03	-2.871e-01	7.515e-02 -5.4034037590026855	1.0
chr16_19243690_T_C_b38	2	6.82620e-03	-2.671e-01	7.177e-02 -3.4456875324249268	1.0
chr16_19268142_T_G_b38	2	6.82603e-03	-2.671e-01	7.802e-02 -5.315472602844238	1.0
chr16_19259710_T_G_b38	2	5.76800e-03	-2.847e-01	7.540e-02 -5.295508861541748	1.0
chr16_19234814_T_C_b38	2	5.73253e-03	-2.859e-01	7.066e-02 -3.030918836593628	1.0
chr16_19260191_T_C_b38	2	5.02509e-03	-2.588e-01	6.992e-02 -3.752262353897095	1.0
chr16_19260176_G_A_b38	2	5.02509e-03	-2.588e-01	6.992e-02 -3.74521279335022	1.0
chr16_19254563_G_T_b38	2	4.57650e-03	-2.861e-01	7.599e-02 -5.343539237976074	1.0
chr16_19252020_C_G_b38	2	4.34598e-03	-2.868e-01	7.676e-02 -5.203956127166748	1.0
chr16_19236475_G_A_b38	2	4.14102e-03	-2.596e-01	6.978e-02 -3.179367780685425	1.0
chr16_19236898_T_G_b38	2	3.36149e-03	-2.600e-01	7.111e-02 -3.397362232208252	1.0
chr16_19258368_C_T_b38	2	3.16264e-03	-2.576e-01	7.029e-02 -3.7550904750823975	1.0
chr16_19259298_T_C_b38	2	2.97726e-03	-2.591e-01	7.060e-02 -3.7790954113006587	1.0
chr16_19258607_A_G_b38	2	2.97726e-03	-2.591e-01	7.060e-02 -3.8114476203918457	1.0
chr16_19259177_A_G_b38	2	2.97726e-03	-2.591e-01	7.060e-02 -3.78875994682312	1.0
chr16_19260418_G_A_b38	2	2.84321e-03	-2.562e-01	7.005e-02 -3.7219626903533936	1.0
chr16_19239534_A_G_b38	2	2.71180e-03	-2.587e-01	7.114e-02 -3.5621070861816406	1.0
chr16_19238897_A_G_b38	2	2.09205e-03	-2.538e-01	7.152e-02 -3.445783853530884	1.0
chr16_19264023_A_G_b38	2	1.63189e-03	-2.364e-01	7.315e-02 -3.878729104995728	1.0
chr16_19266158_G_A_b38	2	1.43446e-03	-2.321e-01	7.278e-02 -3.8608787059783936	1.0
chr16_19267303_G_A_b38	2	1.43446e-03	-2.321e-01	7.278e-02 -3.80747127532959	1.0
chr16_19265275_T_C_b38	2	1.26567e-03	-2.305e-01	7.325e-02 -3.876700162887573	1.0
chr16_19267490_C_T_b38	2	7.22686e-04	-2.315e-01	7.230e-02 -3.8186659812927246	1.0
chr16_19267786_C_T_b38	2	6.63559e-04	-2.275e-01	7.172e-02 -3.896111726760864	1.0
chr16_19262724_G_A_b38	2	6.34075e-04	-2.297e-01	7.273e-02 -3.836543321609497	1.0
chr16_19285897_T_G_b38	3	4.58630e-02	-3.031e-01	1.293e-01 0.7091643810272217	1.0
chr16_19285240_C_T_b38	4	7.01656e-04	1.270e-01	1.043e-01 0.007197408005595206	1.0
chr16_19283554_G_T_b38	4	4.93207e-05	1.333e-01	1.049e-01 -0.3344009518623352	1.0
