chr4_56979574_T_C_b38	1	6.08191e-01	-1.706e-01	2.698e-02 -3.031379222869873	1.0
chr4_56985641_A_T_b38	1	1.15531e-01	-1.695e-01	2.692e-02 -3.0310842990875244	1.0
chr4_56986981_G_C_b38	1	1.06402e-01	-1.697e-01	2.702e-02 -3.0310630798339844	1.0
chr4_57002201_G_A_b38	1	7.12784e-02	-1.682e-01	2.668e-02 -3.1452958583831787	1.0
chr4_56992071_C_G_b38	1	5.06030e-02	-1.689e-01	2.701e-02 -3.005665063858032	1.0
chr4_56977697_G_C_b38	1	4.05299e-02	-1.562e-01	2.698e-02 -2.9804227352142334	1.0
chr4_56998324_A_G_b38	1	5.93560e-03	-1.559e-01	2.656e-02 -3.081799030303955	1.0
chr4_56972885_C_G_b38	2	8.59348e-02	-1.074e-01	2.909e-02 10.475914001464844	1.0
chr4_56957310_C_T_b38	2	7.37064e-02	-1.098e-01	2.884e-02 10.884021759033203	1.0
chr4_56965398_C_G_b38	2	7.25626e-02	-1.099e-01	2.888e-02 10.415752410888672	1.0
chr4_56975047_G_C_b38	2	6.94457e-02	-9.866e-02	2.824e-02 10.45303726196289	1.0
chr4_56961571_T_TAA_b38	2	6.16928e-02	-1.087e-01	2.889e-02 10.270125465214084	1.0
chr4_56973114_A_T_b38	2	4.20802e-02	-9.871e-02	2.822e-02 10.445733070373537	1.0
chr4_56972417_G_T_b38	2	3.42752e-02	-9.632e-02	2.805e-02 10.492063522338867	1.0
chr4_56958285_G_A_b38	2	3.32330e-02	-9.912e-02	2.760e-02 10.943866729736328	1.0
chr4_56959170_C_G_b38	2	2.29057e-02	-9.605e-02	2.751e-02 10.471744537353516	1.0
chr4_56956703_T_A_b38	2	1.67687e-02	-9.459e-02	2.790e-02 10.911609649658203	1.0
chr4_56962365_AAGGATGACAACTTGGGC_A_b38	2	1.59277e-02	-9.585e-02	2.840e-02 10.270125465214084	1.0
chr4_56958766_A_G_b38	2	1.53599e-02	-9.258e-02	2.750e-02 10.803510665893556	1.0
chr4_56912479_G_A_b38	2	1.23617e-02	-1.112e-01	2.855e-02 10.950569152832033	1.0
chr4_56932023_G_A_b38	2	1.17118e-02	-9.947e-02	2.781e-02 10.943124771118164	1.0
chr4_56942852_A_G_b38	2	1.00891e-02	-1.309e-01	3.733e-02 7.921019554138184	1.0
chr4_56884559_G_A_b38	2	9.92225e-03	-1.045e-01	2.712e-02 10.973368644714355	1.0
chr4_56981054_C_T_b38	2	6.37597e-03	-7.845e-02	3.199e-02 8.124524116516112	1.0
chr4_56938919_ATAAG_A_b38	2	6.18256e-03	-9.476e-02	2.772e-02 10.607437361144383	1.0
chr4_56981277_T_G_b38	2	5.12774e-03	-8.213e-02	3.192e-02 8.088217735290527	1.0
chr4_56913401_G_A_b38	2	5.09064e-03	-1.018e-01	2.758e-02 10.908980369567873	1.0
chr4_56899565_G_C_b38	2	3.66099e-03	-1.015e-01	2.802e-02 10.942906379699707	1.0
chr4_56903940_G_A_b38	2	3.66099e-03	-1.015e-01	2.802e-02 10.996710777282717	1.0
chr4_56931248_C_T_b38	2	3.60433e-03	-9.021e-02	2.730e-02 10.918712615966797	1.0
chr4_56915588_A_G_b38	2	3.03070e-03	-9.727e-02	2.723e-02 10.939497947692873	1.0
chr4_56925363_C_CTA_b38	2	2.35057e-03	-1.295e-01	3.719e-02 7.4251122827751574	1.0
chr4_56983962_T_G_b38	2	1.74425e-03	-8.060e-02	3.198e-02 8.104556083679201	1.0
chr4_56983967_C_T_b38	2	1.73343e-03	-8.055e-02	3.200e-02 8.124914169311522	1.0
chr4_56947729_G_A_b38	2	1.72056e-03	-8.639e-02	2.724e-02 10.942179679870604	1.0
chr4_56908950_G_C_b38	2	1.69789e-03	-9.841e-02	2.820e-02 10.630287107193627	1.0
chr4_56868470_C_T_b38	2	1.52106e-03	-1.161e-01	2.949e-02 9.084123611450195	1.0
chr4_56908677_C_T_b38	2	1.48890e-03	-9.494e-02	2.747e-02 11.003084182739258	1.0
chr4_56984108_GC_G_b38	2	1.47251e-03	-7.800e-02	3.188e-02 8.65841126917038	1.0
chr4_56868425_C_T_b38	2	1.33986e-03	-1.148e-01	2.941e-02 9.077190399169922	1.0
chr4_56868148_A_G_b38	2	1.33986e-03	-1.148e-01	2.941e-02 9.081100463867188	1.0
chr4_56912519_A_G_b38	2	1.32187e-03	-9.503e-02	2.783e-02 10.943711280822754	1.0
chr4_56873067_A_G_b38	2	1.10728e-03	-1.143e-01	2.971e-02 9.055160522460938	1.0
chr4_56868202_A_T_b38	2	1.09041e-03	-1.112e-01	2.892e-02 9.505529403686523	1.0
chr4_56899650_G_A_b38	2	1.04007e-03	-9.099e-02	2.721e-02 10.933023452758787	1.0
chr4_56903658_T_C_b38	2	1.00659e-03	-9.141e-02	2.743e-02 11.007969856262207	1.0
chr4_56874370_A_G_b38	2	8.88518e-04	-1.117e-01	2.951e-02 9.09762191772461	1.0
chr4_56988674_A_G_b38	2	7.06793e-04	-7.711e-02	3.190e-02 8.108019828796388	1.0
chr4_56907742_G_A_b38	2	6.69920e-04	-8.882e-02	2.784e-02 10.978571891784668	1.0
chr4_56874367_G_A_b38	2	6.47733e-04	-1.094e-01	2.963e-02 9.062958717346193	1.0
chr4_56874501_G_A_b38	2	6.47733e-04	-1.094e-01	2.963e-02 9.058077812194824	1.0
chr4_56991022_A_G_b38	2	6.43853e-04	-7.578e-02	3.193e-02 8.179225921630861	1.0
chr4_56915181_C_T_b38	2	6.11089e-04	-9.491e-02	3.025e-02 10.94281005859375	1.0
chr4_56895251_T_C_b38	2	5.90882e-04	-6.815e-02	2.265e-02 5.893624782562256	1.0
chr4_56851309_A_T_b38	2	5.14349e-04	-1.076e-01	2.971e-02 8.461742401123049	1.0
chr4_56864831_T_G_b38	2	4.85171e-04	-1.088e-01	3.020e-02 9.077510833740234	1.0
chr4_56875167_C_CA_b38	2	4.67413e-04	-1.067e-01	2.969e-02 9.279435774545146	1.0
chr4_57050293_G_A_b38	2	4.46897e-04	-7.657e-02	2.486e-02 5.167950630187988	1.0
chr4_56946599_T_A_b38	2	3.95485e-04	-7.687e-02	2.975e-02 10.96976375579834	1.0
chr4_56978484_GA_G_b38	3	6.24447e-02	-1.379e-01	5.404e-02 -2.2325899853235707	1.0
chr4_56978487_C_CTG_b38	3	5.29988e-02	-1.328e-01	5.328e-02 -2.4864684865645064	1.0
chr4_56978925_C_T_b38	3	5.91778e-03	-6.677e-02	3.808e-02 -2.6398372650146484	1.0
chr4_56978326_C_A_b38	3	3.07943e-03	-5.754e-02	3.978e-02 -2.633019028883576	1.0
chr4_56979477_C_T_b38	4	1.28968e-03	-8.581e-02	6.295e-02 2.414703130722046	1.0
chr4_56984500_A_G_b38	4	9.36328e-05	-7.405e-02	6.190e-02 2.4305667877197266	1.0
chr4_56984837_G_C_b38	4	8.76647e-05	-7.405e-02	6.190e-02 2.435188055038452	1.0
