chr1_39554348_C_A_b38	1	9.99600e-01	-1.282e+00	1.138e-01 -0.606723964214325	1.0
chr1_39554832_T_C_b38	2	1.42172e-01	-2.066e-01	4.364e-02 -1.8371922969818115	1.0
chr1_39546558_C_T_b38	2	8.37583e-02	2.062e-01	5.083e-02 3.3785400390625	1.0
chr1_39583512_G_A_b38	2	7.80813e-02	-2.188e-01	4.342e-02 -2.24051833152771	1.0
chr1_39566567_T_C_b38	2	6.87452e-02	-2.066e-01	4.364e-02 -1.9326053857803345	1.0
chr1_39544157_G_A_b38	2	4.12679e-02	-1.899e-01	4.466e-02 -3.149434328079224	1.0
chr1_39594106_A_G_b38	2	3.95638e-02	2.176e-01	4.454e-02 2.488471984863281	1.0
chr1_39544875_C_CT_b38	2	3.01356e-02	-1.890e-01	4.511e-02 -3.1141621827631183	1.0
chr1_39546761_C_T_b38	2	2.82516e-02	2.062e-01	5.083e-02 3.377300262451172	1.0
chr1_39542157_C_A_b38	2	2.78999e-02	-1.902e-01	4.450e-02 -3.170644998550415	1.0
chr1_39541605_C_A_b38	2	2.78999e-02	-1.902e-01	4.450e-02 -3.17803168296814	1.0
chr1_39579041_A_C_b38	2	2.30426e-02	-2.047e-01	4.351e-02 -1.5716440677642822	1.0
chr1_39579796_A_G_b38	2	2.30426e-02	-2.047e-01	4.351e-02 -1.7592360402457417	1.0
chr1_39588827_A_G_b38	2	2.19088e-02	2.079e-01	4.428e-02 1.7091643810272217	1.0
chr1_39584896_A_G_b38	2	1.95873e-02	-2.042e-01	4.374e-02 -1.5869485139846802	1.0
chr1_39587137_T_G_b38	2	1.95873e-02	-2.042e-01	4.374e-02 -1.6121368408203125	1.0
chr1_39587969_G_A_b38	2	1.95873e-02	2.042e-01	4.374e-02 1.5300759077072144	1.0
chr1_39584831_A_T_b38	2	1.95873e-02	-2.042e-01	4.374e-02 -1.5874320268630981	1.0
chr1_39581225_C_T_b38	2	1.95873e-02	-2.042e-01	4.374e-02 -1.6018744707107544	1.0
chr1_39587326_A_G_b38	2	1.95873e-02	-2.042e-01	4.374e-02 -1.6035774946212769	1.0
chr1_39583839_C_T_b38	2	1.95873e-02	-2.042e-01	4.374e-02 -1.6225742101669312	1.0
chr1_39499302_C_G_b38	2	1.89531e-02	-2.219e-01	4.610e-02 -5.459400314321044	1.0
chr1_39591028_G_C_b38	2	1.67823e-02	2.062e-01	4.456e-02 1.758781671524048	1.0
chr1_39544563_T_C_b38	2	1.64739e-02	2.060e-01	5.084e-02 3.3804197311401367	1.0
chr1_39540380_T_C_b38	2	1.23480e-02	-1.890e-01	4.511e-02 -3.170940399169922	1.0
chr1_39502011_G_A_b38	2	1.22060e-02	-2.178e-01	4.621e-02 -5.615478515625	1.0
chr1_39525916_G_T_b38	2	1.07294e-02	1.921e-01	4.534e-02 2.528640031814575	1.0
chr1_39535388_A_G_b38	2	8.61616e-03	2.079e-01	4.815e-02 3.85492467880249	1.0
chr1_39557375_T_A_b38	2	7.57508e-03	2.120e-01	4.902e-02 3.977913856506348	1.0
chr1_39552837_C_T_b38	2	7.18158e-03	2.059e-01	5.089e-02 3.394749641418457	1.0
chr1_39553919_A_G_b38	2	7.18158e-03	2.059e-01	5.089e-02 3.3918612003326416	1.0
chr1_39567008_C_CTA_b38	2	6.62610e-03	-1.890e-01	4.511e-02 -3.1141621827631183	1.0
chr1_39537738_C_T_b38	2	6.47244e-03	2.059e-01	5.089e-02 3.33437180519104	1.0
chr1_39492408_C_G_b38	2	4.39429e-03	-2.129e-01	4.553e-02 -5.563412189483644	1.0
chr1_39491629_G_A_b38	2	3.58974e-03	-2.107e-01	4.555e-02 -5.564107418060303	1.0
chr1_39491497_C_T_b38	2	3.58974e-03	-2.107e-01	4.555e-02 -5.576401710510254	1.0
chr1_39479625_C_T_b38	2	3.58974e-03	-2.107e-01	4.555e-02 -5.5515971183776855	1.0
chr1_39478508_A_G_b38	2	3.58974e-03	-2.107e-01	4.555e-02 -5.501006603240967	1.0
chr1_39482552_A_G_b38	2	3.58974e-03	-2.107e-01	4.555e-02 -5.523727893829347	1.0
chr1_39493413_C_T_b38	2	3.58974e-03	-2.107e-01	4.555e-02 -5.556396484375	1.0
chr1_39479096_C_T_b38	2	3.58974e-03	-2.107e-01	4.555e-02 -5.525508403778076	1.0
chr1_39559525_TG_T_b38	2	3.46538e-03	2.058e-01	5.089e-02 3.2884075629531813	1.0
chr1_39556810_C_T_b38	2	3.46538e-03	2.058e-01	5.089e-02 3.408268451690674	1.0
chr1_39570014_C_T_b38	2	3.46538e-03	2.058e-01	5.089e-02 3.507911205291748	1.0
chr1_39557105_C_G_b38	2	3.46538e-03	2.058e-01	5.089e-02 3.3938901424407963	1.0
chr1_39571175_G_C_b38	2	3.46538e-03	2.058e-01	5.089e-02 3.5108015537261963	1.0
chr1_39524254_T_C_b38	2	3.02581e-03	-1.752e-01	4.523e-02 -3.0397911071777344	1.0
chr1_39484408_C_T_b38	2	2.83176e-03	2.189e-01	4.831e-02 4.334383964538573	1.0
chr1_39572925_G_C_b38	2	2.57232e-03	-1.890e-01	4.511e-02 -3.1095309257507324	1.0
chr1_39531044_C_T_b38	2	2.44062e-03	-1.719e-01	4.421e-02 -3.5786347389221187	1.0
chr1_39523655_C_T_b38	2	2.37165e-03	-1.712e-01	4.411e-02 -3.5539064407348637	1.0
chr1_39509736_T_C_b38	2	2.33693e-03	-1.811e-01	4.361e-02 -3.2294201850891118	1.0
chr1_39562508_A_G_b38	2	2.30361e-03	1.992e-01	5.091e-02 3.2499065399169917	1.0
chr1_39587294_G_A_b38	2	2.13495e-03	-1.858e-01	4.502e-02 -3.009862899780273	1.0
chr1_39587389_C_T_b38	2	2.13495e-03	-1.858e-01	4.502e-02 -3.1470382523816562	1.0
chr1_39585944_T_C_b38	2	2.07593e-03	-1.852e-01	4.494e-02 -3.0026917457580566	1.0
chr1_39583432_A_G_b38	2	2.07593e-03	-1.852e-01	4.494e-02 -3.006663084030152	1.0
chr1_39371672_T_C_b38	2	1.95839e-03	2.567e-01	5.300e-02 3.843891143798828	1.0
chr1_39376771_G_A_b38	2	1.95839e-03	2.567e-01	5.300e-02 3.9056997299194336	1.0
chr1_39529402_C_T_b38	2	1.87027e-03	1.952e-01	5.084e-02 3.5644826889038086	1.0
chr1_39581323_G_A_b38	2	1.78957e-03	-1.839e-01	4.526e-02 -3.012624979019165	1.0
chr1_39528873_A_T_b38	2	1.74920e-03	-1.691e-01	4.465e-02 -3.48738956451416	1.0
chr1_39511258_C_T_b38	3	1.06134e-01	4.768e-01	1.102e-01 1.1443592466556505	1.0
chr1_39518197_A_C_b38	3	4.02439e-03	5.027e-01	1.491e-01 0.0	1.0
chr1_39517635_G_A_b38	3	4.02439e-03	5.027e-01	1.491e-01 0.0	1.0
chr1_39514910_A_T_b38	3	3.95538e-03	5.145e-01	1.521e-01 0.0	1.0
chr1_39545973_A_G_b38	4	2.96210e-03	-1.090e-01	1.009e-01 1.8548228740692136	1.0
chr1_39546304_A_C_b38	4	1.31265e-03	9.675e-03	1.396e-01 -1.37617826461792	1.0
chr1_39545488_A_T_b38	4	5.43229e-04	3.250e-03	1.399e-01 -1.3638854026794434	1.0
chr1_39551323_A_G_b38	4	1.56986e-04	-1.331e-01	7.119e-02 1.7481317520141602	1.0
chr1_39556451_T_C_b38	4	6.60146e-05	-1.331e-01	7.119e-02 1.8443992137908936	1.0
chr1_39553686_C_T_b38	4	5.86919e-05	3.933e-02	1.301e-01 -1.3620375394821167	1.0
chr1_39574963_G_C_b38	4	1.91496e-05	-1.331e-01	7.119e-02 1.8289483785629272	1.0
chr1_39523340_G_A_b38	4	1.80036e-05	9.785e-02	8.628e-02 -1.5244356393814087	1.0
chr1_39523036_A_G_b38	4	1.70078e-05	9.661e-02	9.704e-02 -2.400928735733032	1.0
chr1_39559922_G_T_b38	4	1.61802e-05	8.965e-02	9.315e-02 -1.3810997009277344	1.0
chr1_39565151_C_T_b38	4	1.61802e-05	8.965e-02	9.315e-02 -1.381466269493103	1.0
chr1_39561422_T_C_b38	4	1.61802e-05	8.965e-02	9.315e-02 -1.4188375473022459	1.0
chr1_39566770_A_G_b38	4	1.61802e-05	8.965e-02	9.315e-02 -1.4215357303619385	1.0
chr1_39535654_G_A_b38	4	1.61234e-05	9.231e-02	1.050e-01 -2.5357933830939614	1.0
chr1_39535795_G_A_b38	4	1.39909e-05	7.038e-02	9.427e-02 -1.2839917486281416	1.0
chr1_39582235_T_C_b38	4	1.04304e-05	-1.067e-01	7.197e-02 1.9544264078140257	1.0
chr1_39582105_T_C_b38	4	1.04304e-05	-1.067e-01	7.197e-02 1.949506163597107	1.0
chr1_39581551_A_G_b38	4	1.04304e-05	-1.067e-01	7.197e-02 1.956850528717041	1.0
