chr22_20433955_C_G_b38	1	1.35685e-01	1.602e-01	4.050e-02 7.9101786613464355	1.0
chr22_20435401_G_A_b38	1	1.32902e-01	1.557e-01	4.051e-02 7.934628009796143	1.0
chr22_20435628_G_A_b38	1	1.32902e-01	1.557e-01	4.051e-02 7.952175617218018	1.0
chr22_20437151_C_A_b38	1	1.32024e-01	1.450e-01	4.023e-02 8.002485275268555	1.0
chr22_20434759_T_A_b38	1	9.35176e-02	1.557e-01	4.051e-02 7.932396411895753	1.0
chr22_20435172_CT_C_b38	1	9.35176e-02	1.557e-01	4.051e-02 7.915474074787093	1.0
chr22_20434787_T_C_b38	1	1.34340e-02	1.249e-01	3.902e-02 7.841500282287598	1.0
chr22_20433563_T_C_b38	1	1.34340e-02	1.249e-01	3.902e-02 7.847546577453612	1.0
chr22_20434903_G_C_b38	1	1.34340e-02	1.249e-01	3.902e-02 7.844423770904541	1.0
chr22_20420792_G_C_b38	1	1.24166e-02	1.429e-01	4.001e-02 7.823296070098878	1.0
chr22_20425532_G_C_b38	1	5.65974e-03	1.352e-01	4.090e-02 7.861724376678468	1.0
chr22_20429930_C_T_b38	1	2.76744e-03	1.292e-01	4.577e-02 5.274402141571045	1.0
chr22_20437534_G_A_b38	2	9.52643e-03	2.553e-02	5.506e-02 -3.1052403450012207	1.0
chr22_20429198_C_A_b38	2	6.30190e-04	-1.562e-02	5.406e-02 -1.9533106088638303	1.0
chr22_20430343_C_A_b38	2	6.30190e-04	-1.562e-02	5.406e-02 -1.9743572473526	1.0
chr22_20424157_G_A_b38	2	3.64383e-04	-1.562e-02	5.406e-02 -2.0670835971832275	1.0
chr22_20424158_C_A_b38	2	3.64383e-04	-1.562e-02	5.406e-02 -2.0382125377655034	1.0
