chr20_44885569_T_C_b38	1	1.50753e-01	-1.146e-01	3.585e-02 6.675859451293945	1.0
chr20_44885562_C_T_b38	1	1.50753e-01	-1.146e-01	3.585e-02 6.540561199188232	1.0
chr20_44885696_G_T_b38	1	1.50753e-01	-1.146e-01	3.585e-02 6.707761764526367	1.0
chr20_44886629_C_T_b38	1	2.94295e-02	-1.124e-01	3.759e-02 6.5014076232910165	1.0
chr20_44888400_C_T_b38	1	1.98593e-02	-1.214e-01	3.695e-02 6.528067588806152	1.0
chr20_44888560_A_G_b38	1	1.59523e-02	-1.146e-01	3.585e-02 6.716586112976074	1.0
chr20_44894193_C_T_b38	1	1.27752e-02	-1.214e-01	3.695e-02 6.5324344635009775	1.0
chr20_44891649_CAT_C_b38	1	1.17651e-02	-1.175e-01	3.615e-02 6.560404567357309	1.0
chr20_44890896_A_G_b38	1	1.02619e-02	-1.146e-01	3.585e-02 6.720776081085205	1.0
chr20_44895564_C_A_b38	1	1.02619e-02	-1.146e-01	3.585e-02 6.71875	1.0
chr20_44893533_C_G_b38	1	5.86726e-03	-1.077e-01	3.622e-02 6.7065043449401855	1.0
chr20_44894084_A_G_b38	1	5.86726e-03	-1.077e-01	3.622e-02 6.719471454620361	1.0
chr20_44899880_G_A_b38	1	5.77591e-03	-1.214e-01	3.695e-02 6.505246162414551	1.0
chr20_44900321_G_T_b38	1	5.77591e-03	-1.214e-01	3.695e-02 6.5337114334106445	1.0
chr20_44896322_C_T_b38	1	5.77591e-03	-1.214e-01	3.695e-02 6.530980110168457	1.0
chr20_44903747_A_G_b38	1	5.12398e-03	-1.153e-01	3.564e-02 6.708381652832031	1.0
chr20_44906262_G_A_b38	1	5.12398e-03	-1.153e-01	3.564e-02 6.679952621459961	1.0
chr20_44908559_T_C_b38	1	5.12398e-03	-1.153e-01	3.564e-02 6.558760276700534	1.0
chr20_44909956_G_T_b38	1	5.12398e-03	-1.153e-01	3.564e-02 6.6469807624816895	1.0
chr20_44898696_C_T_b38	1	4.63959e-03	-1.146e-01	3.585e-02 6.708050727844237	1.0
chr20_44899568_T_C_b38	1	4.63959e-03	-1.146e-01	3.585e-02 6.7096824645996085	1.0
chr20_44901038_T_C_b38	1	4.63959e-03	-1.146e-01	3.585e-02 6.707691669464111	1.0
chr20_44904645_T_G_b38	1	2.82653e-03	-1.073e-01	3.580e-02 6.5676636695861825	1.0
chr20_44903797_T_C_b38	1	2.75427e-03	-1.124e-01	3.759e-02 6.511950492858888	1.0
chr20_44887515_G_A_b38	1	2.22565e-03	-7.897e-02	3.898e-02 7.076026916503906	1.0
chr20_44907814_C_T_b38	1	1.77187e-03	-1.048e-01	3.744e-02 6.540117263793945	1.0
chr20_44885402_A_G_b38	2	1.45742e-02	1.388e-03	1.137e-01 0.5496510267257689	1.0
