chr8_119416518_G_A_b38	1	7.14235e-02	-3.243e-01	1.094e-01 -10.251005172729492	1.0
chr8_119416207_G_A_b38	1	7.14235e-02	-3.243e-01	1.094e-01 -10.250157356262207	1.0
chr8_119416784_G_A_b38	1	1.21130e-02	-2.035e-01	9.924e-02 -9.59710693359375	1.0
chr8_119421004_A_G_b38	1	7.85303e-03	-3.357e-01	1.127e-01 -10.383464813232422	1.0
chr8_119413313_A_AAGT_b38	1	7.14027e-03	-3.244e-01	1.094e-01 -10.363245728954695	1.0
chr8_119407970_A_G_b38	1	6.94029e-03	-3.316e-01	1.091e-01 -10.23996353149414	1.0
chr8_119407293_T_G_b38	1	6.94029e-03	-3.316e-01	1.091e-01 -10.246929168701172	1.0
chr8_119415356_C_T_b38	1	6.60806e-03	-2.406e-01	1.059e-01 -9.638203620910645	1.0
chr8_119415363_C_G_b38	1	6.60806e-03	-2.406e-01	1.059e-01 -9.63169002532959	1.0
chr8_119415616_T_C_b38	1	6.60806e-03	-2.406e-01	1.059e-01 -9.663476943969727	1.0
chr8_119415408_C_T_b38	1	6.60806e-03	-2.406e-01	1.059e-01 -9.665228843688963	1.0
chr8_119421080_A_G_b38	1	6.26807e-03	-3.274e-01	1.137e-01 -10.355722427368164	1.0
chr8_119420506_T_G_b38	1	6.26807e-03	-3.274e-01	1.137e-01 -10.385052680969238	1.0
chr8_119420559_A_G_b38	1	6.26807e-03	-3.274e-01	1.137e-01 -10.385052680969238	1.0
chr8_119421067_G_A_b38	1	6.26807e-03	-3.274e-01	1.137e-01 -10.35813045501709	1.0
chr8_119421285_C_A_b38	1	6.26807e-03	-3.274e-01	1.137e-01 -10.406317710876463	1.0
chr8_119420304_G_A_b38	1	6.26807e-03	-3.274e-01	1.137e-01 -10.376087188720703	1.0
chr8_119420217_T_G_b38	1	6.26807e-03	-3.274e-01	1.137e-01 -10.383996963500977	1.0
chr8_119420916_G_T_b38	1	6.26807e-03	-3.274e-01	1.137e-01 -10.383708000183104	1.0
chr8_119419724_T_C_b38	1	6.26807e-03	-3.274e-01	1.137e-01 -10.392956733703613	1.0
chr8_119420485_G_T_b38	1	6.26807e-03	-3.274e-01	1.137e-01 -10.385052680969238	1.0
chr8_119421130_T_C_b38	1	6.07823e-03	-3.127e-01	1.093e-01 -10.465448379516602	1.0
chr8_119408293_T_C_b38	1	5.86100e-03	-3.244e-01	1.094e-01 -10.24505615234375	1.0
chr8_119408594_A_T_b38	1	5.86100e-03	-3.244e-01	1.094e-01 -10.237993240356444	1.0
chr8_119406942_T_G_b38	1	5.86100e-03	-3.244e-01	1.094e-01 -10.27200412750244	1.0
chr8_119410559_T_C_b38	1	5.86100e-03	-3.244e-01	1.094e-01 -10.245203971862793	1.0
chr8_119410889_C_T_b38	1	5.86100e-03	-3.244e-01	1.094e-01 -10.363245728954695	1.0
chr8_119409682_G_A_b38	1	5.86100e-03	-3.244e-01	1.094e-01 -10.245203018188477	1.0
chr8_119409926_G_A_b38	1	5.86100e-03	-3.244e-01	1.094e-01 -10.245538711547852	1.0
chr8_119408038_C_T_b38	1	5.86100e-03	-3.244e-01	1.094e-01 -10.245341300964355	1.0
chr8_119410999_T_C_b38	1	5.86100e-03	-3.244e-01	1.094e-01 -10.24520492553711	1.0
chr8_119417042_G_T_b38	1	4.72539e-03	-2.294e-01	1.057e-01 -9.678412437438963	1.0
chr8_119423493_A_G_b38	1	4.40395e-03	-3.274e-01	1.137e-01 -10.463804244995117	1.0
chr8_119425002_A_G_b38	1	4.40395e-03	-3.274e-01	1.137e-01 -10.463804244995117	1.0
chr8_119424706_C_T_b38	1	4.40395e-03	-3.274e-01	1.137e-01 -10.465678215026855	1.0
chr8_119426169_C_T_b38	1	4.40395e-03	-3.274e-01	1.137e-01 -10.464872360229492	1.0
chr8_119424301_T_C_b38	1	4.40395e-03	-3.274e-01	1.137e-01 -10.465678215026855	1.0
chr8_119424522_C_CT_b38	1	4.40395e-03	-3.274e-01	1.137e-01 -10.421172770479195	1.0
chr8_119422039_G_C_b38	1	4.40395e-03	-3.274e-01	1.137e-01 -10.465726852416992	1.0
chr8_119426001_T_C_b38	1	4.40395e-03	-3.274e-01	1.137e-01 -10.463804244995117	1.0
chr8_119422444_C_T_b38	1	4.40395e-03	-3.274e-01	1.137e-01 -10.465726852416992	1.0
chr8_119423465_T_C_b38	1	4.40395e-03	-3.274e-01	1.137e-01 -10.463804244995117	1.0
chr8_119424766_T_G_b38	1	4.40395e-03	-3.274e-01	1.137e-01 -10.465678215026855	1.0
chr8_119421803_T_C_b38	1	4.40395e-03	-3.274e-01	1.137e-01 -10.465726852416992	1.0
chr8_119425608_G_A_b38	1	4.40395e-03	-3.274e-01	1.137e-01 -10.463804244995117	1.0
chr8_119422079_T_C_b38	1	4.40395e-03	-3.274e-01	1.137e-01 -10.465726852416992	1.0
chr8_119421954_A_C_b38	1	4.40395e-03	-3.274e-01	1.137e-01 -10.465726852416992	1.0
chr8_119424246_C_T_b38	1	4.40395e-03	-3.274e-01	1.137e-01 -10.465726852416992	1.0
chr8_119424163_C_T_b38	1	4.40395e-03	-3.274e-01	1.137e-01 -10.465678215026855	1.0
chr8_119424742_C_T_b38	1	4.40395e-03	-3.274e-01	1.137e-01 -10.427117347717283	1.0
chr8_119424356_C_T_b38	1	4.40395e-03	-3.274e-01	1.137e-01 -10.466063499450684	1.0
chr8_119424635_G_A_b38	1	4.40395e-03	-3.274e-01	1.137e-01 -10.465678215026855	1.0
chr8_119421736_T_G_b38	1	4.40395e-03	-3.274e-01	1.137e-01 -10.465726852416992	1.0
chr8_119424178_T_C_b38	1	4.40395e-03	-3.274e-01	1.137e-01 -10.465678215026855	1.0
chr8_119422613_T_C_b38	1	4.40395e-03	-3.274e-01	1.137e-01 -10.465726852416992	1.0
chr8_119421888_C_T_b38	1	4.40395e-03	-3.274e-01	1.137e-01 -10.465726852416992	1.0
chr8_119407999_G_A_b38	1	4.38578e-03	-3.113e-01	1.097e-01 -10.162388801574707	1.0
chr8_119414357_G_A_b38	1	3.99582e-03	-2.285e-01	9.947e-02 -9.693500518798828	1.0
chr8_119414433_G_C_b38	1	3.84355e-03	-2.406e-01	1.059e-01 -9.663737297058104	1.0
chr8_119414376_T_A_b38	1	3.84355e-03	-2.406e-01	1.059e-01 -9.663737297058104	1.0
chr8_119414662_T_C_b38	1	3.84355e-03	-2.406e-01	1.059e-01 -9.66295051574707	1.0
chr8_119391387_C_T_b38	1	3.41659e-03	-3.396e-01	1.098e-01 -10.231799125671387	1.0
chr8_119399464_A_G_b38	1	3.02111e-03	-3.317e-01	1.091e-01 -10.252352714538574	1.0
chr8_119397650_G_C_b38	1	2.82802e-03	-3.305e-01	1.095e-01 -10.32491683959961	1.0
chr8_119440118_GA_G_b38	1	2.78904e-03	-3.284e-01	1.119e-01 -10.421172770479195	1.0
chr8_119401352_G_C_b38	1	2.55098e-03	-3.250e-01	1.093e-01 -10.258915901184082	1.0
chr8_119405450_T_C_b38	1	2.55098e-03	-3.250e-01	1.093e-01 -10.243270874023438	1.0
chr8_119403138_G_A_b38	1	2.55098e-03	-3.250e-01	1.093e-01 -10.24668788909912	1.0
chr8_119397237_G_A_b38	1	2.55098e-03	-3.250e-01	1.093e-01 -10.30972957611084	1.0
chr8_119397632_G_A_b38	1	2.55098e-03	-3.250e-01	1.093e-01 -10.33739185333252	1.0
chr8_119397586_C_T_b38	1	2.55098e-03	-3.250e-01	1.093e-01 -10.346478462219238	1.0
chr8_119399747_G_A_b38	1	2.55098e-03	-3.250e-01	1.093e-01 -10.24619960784912	1.0
chr8_119428402_A_T_b38	1	2.51186e-03	-3.283e-01	1.136e-01 -10.463804244995117	1.0
chr8_119440772_G_A_b38	1	2.51186e-03	-3.283e-01	1.136e-01 -10.472760200500488	1.0
chr8_119428942_C_G_b38	1	2.51186e-03	-3.283e-01	1.136e-01 -10.465341567993164	1.0
chr8_119430047_G_A_b38	1	2.51186e-03	-3.283e-01	1.136e-01 -10.46312141418457	1.0
chr8_119431515_GC_G_b38	1	2.51186e-03	-3.283e-01	1.136e-01 -10.421172770479195	1.0
chr8_119429245_G_A_b38	1	2.51186e-03	-3.283e-01	1.136e-01 -10.463753700256348	1.0
chr8_119435832_A_G_b38	1	2.51186e-03	-3.283e-01	1.136e-01 -10.48085880279541	1.0
chr8_119431521_T_C_b38	1	2.51186e-03	-3.283e-01	1.136e-01 -10.478887557983398	1.0
chr8_119433985_A_G_b38	1	2.51186e-03	-3.283e-01	1.136e-01 -10.48403549194336	1.0
chr8_119435445_T_C_b38	1	2.51186e-03	-3.283e-01	1.136e-01 -10.482572555541992	1.0
chr8_119436876_G_C_b38	1	2.51186e-03	-3.283e-01	1.136e-01 -10.482765197753906	1.0
chr8_119426881_T_C_b38	1	2.51186e-03	-3.283e-01	1.136e-01 -10.463804244995117	1.0
chr8_119427252_C_T_b38	1	2.51186e-03	-3.283e-01	1.136e-01 -10.463804244995117	1.0
chr8_119427899_A_T_b38	1	2.51186e-03	-3.283e-01	1.136e-01 -10.463804244995117	1.0
chr8_119430573_T_A_b38	1	2.51186e-03	-3.283e-01	1.136e-01 -10.460394859313963	1.0
chr8_119434387_C_T_b38	1	2.51186e-03	-3.283e-01	1.136e-01 -10.484131813049316	1.0
chr8_119412623_T_C_b38	1	2.02374e-03	-2.498e-01	1.062e-01 -9.660354614257812	1.0
chr8_119413464_C_T_b38	1	1.76077e-03	-2.407e-01	1.060e-01 -9.66413402557373	1.0
chr8_119413770_C_T_b38	1	1.76077e-03	-2.407e-01	1.060e-01 -9.66413402557373	1.0
chr8_119413766_T_A_b38	1	1.76077e-03	-2.407e-01	1.060e-01 -9.66413402557373	1.0
chr8_119413084_G_A_b38	1	1.76077e-03	-2.407e-01	1.060e-01 -9.664432525634766	1.0
chr8_119405752_C_T_b38	1	1.66286e-03	-3.162e-01	1.137e-01 -10.232711791992188	1.0
chr8_119419785_G_C_b38	1	1.59105e-03	-2.294e-01	1.059e-01 -9.794596672058104	1.0
chr8_119388292_G_A_b38	1	1.42187e-03	-3.268e-01	1.058e-01 -9.937849044799805	1.0
chr8_119388316_G_A_b38	1	1.42187e-03	-3.268e-01	1.058e-01 -9.937657356262207	1.0
chr8_119418809_A_C_b38	1	1.41105e-03	-2.070e-01	9.879e-02 -9.804113388061523	1.0
chr8_119406828_C_CA_b38	1	1.23922e-03	-2.725e-01	1.254e-01 -10.423272800791024	1.0
chr8_119463118_G_T_b38	1	1.13408e-03	-3.577e-01	1.174e-01 -10.820051193237305	1.0
chr8_119464312_C_G_b38	1	1.13408e-03	-3.577e-01	1.174e-01 -10.765053749084473	1.0
chr8_119409294_T_C_b38	1	1.07563e-03	-2.069e-01	9.884e-02 -9.690680503845217	1.0
chr8_119423572_C_T_b38	1	9.15027e-04	-2.030e-01	9.945e-02 -9.855157852172852	1.0
chr8_119423668_A_G_b38	1	8.01135e-04	-1.967e-01	1.006e-01 -10.17270278930664	1.0
chr8_119426033_A_G_b38	1	8.01135e-04	-1.967e-01	1.006e-01 -10.16899871826172	1.0
chr8_119444541_A_G_b38	1	8.00781e-04	-3.285e-01	1.136e-01 -10.46123218536377	1.0
chr8_119446281_G_A_b38	1	8.00781e-04	-3.285e-01	1.136e-01 -10.47922420501709	1.0
chr8_119446688_T_C_b38	1	8.00781e-04	-3.285e-01	1.136e-01 -10.47313404083252	1.0
chr8_119322158_C_T_b38	2	5.11421e-03	4.394e-01	1.204e-01 4.537992000579834	1.0
chr8_119325968_C_A_b38	2	3.75714e-03	4.163e-01	1.173e-01 4.172630310058594	1.0
chr8_119321846_C_A_b38	2	3.75714e-03	4.163e-01	1.173e-01 4.138816833496094	1.0
chr8_119323094_C_T_b38	2	3.35896e-03	4.077e-01	1.168e-01 4.228727340698241	1.0
chr8_119322014_C_T_b38	2	3.16551e-03	4.160e-01	1.193e-01 4.144723892211913	1.0
chr8_119326978_T_C_b38	2	3.16551e-03	4.160e-01	1.193e-01 4.188757419586182	1.0
chr8_119325842_T_G_b38	2	3.16551e-03	4.160e-01	1.193e-01 4.183984279632568	1.0
chr8_119326779_T_C_b38	2	3.16551e-03	4.160e-01	1.193e-01 4.183997631072998	1.0
chr8_119325212_TG_T_b38	2	8.98479e-04	3.538e-01	1.122e-01 4.581864366912017	1.0
chr8_119327909_G_T_b38	2	6.64392e-04	3.460e-01	1.147e-01 4.608648300170898	1.0
