chr9_136245358_G_A_b38	1	2.71733e-01	-2.958e-01	8.169e-02 -10.787230491638184	1.0
chr9_136245780_C_T_b38	1	2.71733e-01	-2.958e-01	8.169e-02 -10.634295236868267	1.0
chr9_136246136_GACAA_G_b38	1	6.38856e-02	-2.482e-01	8.475e-02 -10.477006406358676	1.0
chr9_136243135_A_G_b38	1	4.16358e-02	3.016e-01	8.110e-02 10.841773986816406	1.0
chr9_136254577_C_T_b38	1	2.17417e-02	-3.224e-01	8.814e-02 -9.098634719848633	1.0
chr9_136240100_T_TG_b38	1	1.90917e-02	2.959e-01	8.159e-02 10.713631303261478	1.0
chr9_136229894_A_C_b38	1	9.08190e-03	2.977e-01	8.140e-02 10.707474708557127	1.0
chr9_136234274_C_T_b38	1	8.23170e-03	3.002e-01	8.400e-02 10.76098346710205	1.0
chr9_136238518_G_A_b38	1	4.06131e-03	2.789e-01	7.968e-02 11.038237571716307	1.0
chr9_136240394_C_A_b38	1	4.06131e-03	2.789e-01	7.968e-02 10.974868774414062	1.0
chr9_136220606_GCCTCACGCTGTCCTTCT_G_b38	1	3.93312e-03	3.092e-01	8.347e-02 10.730495536443263	1.0
chr9_136220024_G_T_b38	1	3.93312e-03	3.092e-01	8.347e-02 10.613609313964844	1.0
chr9_136235720_C_A_b38	1	3.83928e-03	2.929e-01	7.751e-02 11.124038696289062	1.0
chr9_136242628_T_C_b38	1	3.06732e-03	2.539e-01	8.036e-02 10.925600051879883	1.0
chr9_135564881_C_T_b38	2	1.38709e-01	5.849e-01	9.731e-02 -0.70772385597229	1.0
chr9_136256866_A_G_b38	3	2.69583e-02	-4.705e-01	1.148e-01 -6.546093940734862	1.0
chr9_136254297_A_C_b38	3	1.32273e-02	-4.433e-01	1.252e-01 -5.987871646881104	1.0
chr9_136252906_A_G_b38	3	1.32273e-02	-4.433e-01	1.252e-01 -5.942709445953369	1.0
chr9_136252763_C_A_b38	3	7.50155e-03	-4.046e-01	1.186e-01 -5.688901424407959	1.0
chr9_136276684_T_C_b38	3	1.67851e-03	-4.262e-01	1.236e-01 -5.6910821504656335	1.0
chr9_136265807_T_G_b38	3	1.13406e-03	-3.438e-01	1.204e-01 -5.880300045013428	1.0
chr9_136269814_A_G_b38	3	1.13406e-03	-3.438e-01	1.204e-01 -5.555917739868164	1.0
