chr19_37194307_G_GTGT_b38	1	8.57250e-03	2.770e-01	7.910e-02 -7.586039009080307	1.0
chr19_37139308_T_C_b38	1	8.00489e-03	3.141e-01	7.494e-02 -7.7215638160705575	1.0
chr19_37136499_G_A_b38	1	8.00489e-03	3.141e-01	7.494e-02 -7.741336345672607	1.0
chr19_37139468_A_G_b38	1	8.00489e-03	3.141e-01	7.494e-02 -7.612031012427742	1.0
chr19_37136211_A_G_b38	1	8.00489e-03	3.141e-01	7.494e-02 -7.740481853485107	1.0
chr19_37138189_C_T_b38	1	8.00489e-03	3.141e-01	7.494e-02 -7.721351146697997	1.0
chr19_37136586_G_A_b38	1	8.00489e-03	3.141e-01	7.494e-02 -7.745007514953612	1.0
chr19_37121030_A_G_b38	1	8.00489e-03	3.141e-01	7.494e-02 -7.459792857742972	1.0
chr19_37138589_A_G_b38	1	8.00489e-03	3.141e-01	7.494e-02 -7.731564521789551	1.0
chr19_37139568_C_T_b38	1	8.00489e-03	3.141e-01	7.494e-02 -7.701536655426025	1.0
chr19_37139480_A_G_b38	1	8.00489e-03	3.141e-01	7.494e-02 -7.612031012427742	1.0
chr19_37137003_C_CCTCTT_b38	1	8.00489e-03	3.141e-01	7.494e-02 -7.6201200996032625	1.0
chr19_37137502_C_T_b38	1	8.00489e-03	3.141e-01	7.494e-02 -7.72021484375	1.0
chr19_37139472_C_T_b38	1	8.00489e-03	3.141e-01	7.494e-02 -7.612031012427742	1.0
chr19_37131610_G_T_b38	1	8.00489e-03	3.141e-01	7.494e-02 -7.57154369354248	1.0
chr19_37137010_C_CCCT_b38	1	7.94348e-03	3.149e-01	7.515e-02 -7.612913220491698	1.0
chr19_37121205_T_C_b38	1	7.25755e-03	3.071e-01	7.384e-02 -7.442719091875497	1.0
chr19_37135618_T_C_b38	1	5.89570e-03	3.115e-01	7.599e-02 -7.723023891448975	1.0
chr19_37135274_C_G_b38	1	5.89570e-03	3.115e-01	7.599e-02 -7.736293315887451	1.0
chr19_37124629_A_G_b38	1	5.89570e-03	3.115e-01	7.599e-02 -7.368396759033202	1.0
chr19_37141131_A_T_b38	1	5.89570e-03	3.115e-01	7.599e-02 -7.644608974456787	1.0
chr19_37143389_G_T_b38	1	5.89570e-03	3.115e-01	7.599e-02 -7.664562702178955	1.0
chr19_37135278_C_T_b38	1	5.89570e-03	3.115e-01	7.599e-02 -7.730860233306885	1.0
chr19_37154673_CA_C_b38	1	5.89570e-03	3.115e-01	7.599e-02 -7.7432569988298665	1.0
chr19_37152020_C_T_b38	1	5.89570e-03	3.115e-01	7.599e-02 -7.753255367279053	1.0
chr19_37136693_A_G_b38	1	5.89570e-03	3.115e-01	7.599e-02 -7.746025085449219	1.0
chr19_37138276_C_T_b38	1	5.89570e-03	3.115e-01	7.599e-02 -7.736939430236816	1.0
chr19_37160027_G_C_b38	1	5.89570e-03	3.115e-01	7.599e-02 -7.714431285858152	1.0
chr19_37158675_G_T_b38	1	5.89570e-03	3.115e-01	7.599e-02 -7.729568004608153	1.0
chr19_37124104_A_C_b38	1	5.89570e-03	3.115e-01	7.599e-02 -7.359660625457764	1.0
chr19_37141003_C_G_b38	1	5.89570e-03	3.115e-01	7.599e-02 -7.643002986907959	1.0
chr19_37135573_T_A_b38	1	5.89570e-03	3.115e-01	7.599e-02 -7.7292280197143555	1.0
chr19_37152015_G_A_b38	1	5.89570e-03	3.115e-01	7.599e-02 -7.761270999908447	1.0
chr19_37143153_A_G_b38	1	5.89570e-03	3.115e-01	7.599e-02 -7.667649745941162	1.0
chr19_37160812_C_T_b38	1	5.89570e-03	3.115e-01	7.599e-02 -7.733887195587157	1.0
chr19_37136666_G_A_b38	1	5.89570e-03	3.115e-01	7.599e-02 -7.740433216094972	1.0
chr19_37132682_C_T_b38	1	5.25189e-03	2.940e-01	7.250e-02 -7.628105163574219	1.0
chr19_37132570_T_C_b38	1	5.25189e-03	2.940e-01	7.250e-02 -7.595442295074463	1.0
chr19_37133186_A_G_b38	1	5.25189e-03	2.940e-01	7.250e-02 -7.60535192489624	1.0
chr19_37121981_G_A_b38	1	5.25189e-03	2.940e-01	7.250e-02 -7.459792857742972	1.0
chr19_37133947_C_T_b38	1	5.25189e-03	2.940e-01	7.250e-02 -7.65249490737915	1.0
chr19_37120877_G_A_b38	1	5.25189e-03	2.940e-01	7.250e-02 -7.459792857742972	1.0
chr19_37118612_C_T_b38	1	5.25189e-03	2.940e-01	7.250e-02 -7.459792857742972	1.0
chr19_37133430_G_C_b38	1	5.25189e-03	2.940e-01	7.250e-02 -7.60569429397583	1.0
chr19_37132747_A_G_b38	1	5.25189e-03	2.940e-01	7.250e-02 -7.600882053375244	1.0
chr19_37132816_CCAG_C_b38	1	5.25189e-03	2.940e-01	7.250e-02 -7.459792857742972	1.0
chr19_37191523_A_C_b38	1	4.68511e-03	2.796e-01	7.790e-02 -7.45778226852417	1.0
chr19_36996971_C_A_b38	1	4.01023e-03	3.347e-01	7.448e-02 -5.802161693572997	1.0
chr19_36985125_G_T_b38	1	3.58136e-03	3.302e-01	7.402e-02 -6.5662193298339835	1.0
chr19_36982439_T_C_b38	1	3.58136e-03	3.302e-01	7.402e-02 -6.5133233070373535	1.0
chr19_36997579_G_C_b38	1	3.58136e-03	3.302e-01	7.402e-02 -6.486520767211914	1.0
chr19_37145874_A_C_b38	1	3.22600e-03	2.951e-01	7.551e-02 -7.4722633361816415	1.0
chr19_37129346_T_A_b38	1	3.22600e-03	2.951e-01	7.551e-02 -7.423844814300537	1.0
chr19_37131109_T_C_b38	1	3.22600e-03	2.951e-01	7.551e-02 -7.390440464019775	1.0
chr19_36968171_T_A_b38	1	2.32350e-03	3.235e-01	7.464e-02 -6.500193119049072	1.0
chr19_36972776_A_T_b38	1	2.32350e-03	3.235e-01	7.464e-02 -6.4886436462402335	1.0
chr19_36974896_A_G_b38	1	2.32350e-03	3.235e-01	7.464e-02 -6.507931232452393	1.0
chr19_36973473_G_A_b38	1	2.32350e-03	3.235e-01	7.464e-02 -6.510111808776856	1.0
chr19_36973945_T_C_b38	1	2.32350e-03	3.235e-01	7.464e-02 -6.5086426734924325	1.0
chr19_36973778_A_G_b38	1	2.32350e-03	3.235e-01	7.464e-02 -6.513637065887451	1.0
chr19_36984965_A_ATGCCTT_b38	1	2.32350e-03	3.235e-01	7.464e-02 -6.551506485336688	1.0
chr19_36969272_A_G_b38	1	2.32350e-03	3.235e-01	7.464e-02 -6.505091190338135	1.0
chr19_36999801_T_C_b38	1	2.32350e-03	3.235e-01	7.464e-02 -7.211362838745117	1.0
chr19_36984857_C_T_b38	1	2.25480e-03	3.236e-01	7.481e-02 -6.347654819488525	1.0
chr19_36979229_T_C_b38	1	1.92484e-03	3.292e-01	7.687e-02 -6.271181583404541	1.0
chr19_36998316_C_T_b38	1	1.92484e-03	3.292e-01	7.687e-02 -6.3599645186179785	1.0
chr19_37188667_T_TCAAA_b38	1	1.87109e-03	2.774e-01	8.497e-02 -7.2030841602478874	1.0
chr19_37004397_A_G_b38	1	1.75732e-03	3.147e-01	7.407e-02 -7.2805328369140625	1.0
chr19_37002715_T_C_b38	1	1.75732e-03	3.147e-01	7.407e-02 -7.245237827301025	1.0
chr19_37007012_C_T_b38	1	1.75732e-03	3.147e-01	7.407e-02 -7.4662162791962645	1.0
chr19_37001171_C_A_b38	1	1.75732e-03	3.147e-01	7.407e-02 -7.244297504425049	1.0
chr19_36994058_G_A_b38	1	1.61514e-03	3.190e-01	7.547e-02 -6.368551731109619	1.0
chr19_36996144_C_T_b38	1	1.61514e-03	3.190e-01	7.547e-02 -6.371875762939452	1.0
chr19_36992501_T_C_b38	1	1.61514e-03	3.190e-01	7.547e-02 -6.368551731109619	1.0
chr19_36992279_G_A_b38	1	1.61514e-03	3.190e-01	7.547e-02 -6.3599645186179785	1.0
chr19_36994694_T_C_b38	1	1.61514e-03	3.190e-01	7.547e-02 -6.368551731109619	1.0
chr19_36986624_T_C_b38	1	1.61514e-03	3.190e-01	7.547e-02 -6.347423553466798	1.0
chr19_36996069_T_A_b38	1	1.61514e-03	3.190e-01	7.547e-02 -6.367701053619385	1.0
chr19_36996821_G_A_b38	1	1.61514e-03	3.190e-01	7.547e-02 -6.409105777740479	1.0
chr19_36984410_C_T_b38	1	1.61514e-03	3.190e-01	7.547e-02 -6.34753942489624	1.0
chr19_36997295_G_A_b38	1	1.61514e-03	3.190e-01	7.547e-02 -6.369229316711426	1.0
chr19_36988438_C_T_b38	1	1.61514e-03	3.190e-01	7.547e-02 -6.348621368408202	1.0
chr19_36983702_C_T_b38	1	1.61514e-03	3.190e-01	7.547e-02 -6.347250461578369	1.0
chr19_36987589_CTCAAGTCTTTGGGGTGCCT_C_b38	1	1.61514e-03	3.190e-01	7.547e-02 -6.332010720142441	1.0
chr19_36984702_A_G_b38	1	1.61514e-03	3.190e-01	7.547e-02 -6.347386837005615	1.0
chr19_36988705_A_G_b38	1	1.61514e-03	3.190e-01	7.547e-02 -6.355748176574707	1.0
chr19_36994564_T_C_b38	1	1.61514e-03	3.190e-01	7.547e-02 -6.368551731109619	1.0
chr19_36997597_T_C_b38	1	1.61514e-03	3.190e-01	7.547e-02 -6.350594997406006	1.0
chr19_36986065_A_G_b38	1	1.61514e-03	3.190e-01	7.547e-02 -6.345623016357423	1.0
chr19_36991863_T_C_b38	1	1.61514e-03	3.190e-01	7.547e-02 -6.3599645186179785	1.0
chr19_36997397_A_G_b38	1	1.61514e-03	3.190e-01	7.547e-02 -6.367643356323242	1.0
chr19_36991166_T_G_b38	1	1.61514e-03	3.190e-01	7.547e-02 -6.36359453201294	1.0
chr19_36998227_T_C_b38	1	1.61514e-03	3.190e-01	7.547e-02 -6.395485877990723	1.0
chr19_36993129_G_A_b38	1	1.61514e-03	3.190e-01	7.547e-02 -6.368551731109619	1.0
chr19_36996730_G_A_b38	1	1.61514e-03	3.190e-01	7.547e-02 -6.368746280670166	1.0
chr19_36987215_G_A_b38	1	1.61514e-03	3.190e-01	7.547e-02 -6.3488311767578125	1.0
chr19_36992417_G_C_b38	1	1.61514e-03	3.190e-01	7.547e-02 -6.368551731109619	1.0
chr19_36995194_T_G_b38	1	1.61514e-03	3.190e-01	7.547e-02 -6.368551731109619	1.0
chr19_36987255_C_T_b38	1	1.61514e-03	3.190e-01	7.547e-02 -6.3488101959228525	1.0
chr19_36994218_G_A_b38	1	1.61514e-03	3.190e-01	7.547e-02 -6.366944789886475	1.0
chr19_36998337_G_A_b38	1	1.61514e-03	3.190e-01	7.547e-02 -6.3599645186179785	1.0
chr19_36985653_T_G_b38	1	1.61514e-03	3.190e-01	7.547e-02 -6.350418567657472	1.0
chr19_36993093_T_C_b38	1	1.61514e-03	3.190e-01	7.547e-02 -6.368551731109619	1.0
chr19_36986172_T_C_b38	1	1.61514e-03	3.190e-01	7.547e-02 -6.346652507781982	1.0
chr19_36985159_G_T_b38	1	1.61514e-03	3.190e-01	7.547e-02 -6.339858531951903	1.0
chr19_36997570_C_G_b38	1	1.61514e-03	3.190e-01	7.547e-02 -6.2486467361450195	1.0
chr19_36985541_A_G_b38	1	1.61514e-03	3.190e-01	7.547e-02 -6.347654819488525	1.0
chr19_36984179_A_G_b38	1	1.61514e-03	3.190e-01	7.547e-02 -6.347308158874513	1.0
chr19_36998312_C_T_b38	1	1.61514e-03	3.190e-01	7.547e-02 -6.3599645186179785	1.0
chr19_36995630_C_T_b38	1	1.61514e-03	3.190e-01	7.547e-02 -6.3684940338134775	1.0
chr19_36990251_A_G_b38	1	1.61514e-03	3.190e-01	7.547e-02 -6.3479857444763175	1.0
chr19_36991915_G_A_b38	1	1.61514e-03	3.190e-01	7.547e-02 -6.368924617767334	1.0
chr19_36986199_C_A_b38	1	1.61514e-03	3.190e-01	7.547e-02 -6.344059944152832	1.0
chr19_36995299_T_C_b38	1	1.61514e-03	3.190e-01	7.547e-02 -6.368551731109619	1.0
chr19_36987809_G_A_b38	1	1.61514e-03	3.190e-01	7.547e-02 -6.30541467666626	1.0
chr19_36994631_T_C_b38	1	1.61514e-03	3.190e-01	7.547e-02 -6.368551731109619	1.0
chr19_36986212_T_C_b38	1	1.61514e-03	3.190e-01	7.547e-02 -6.332010720142441	1.0
chr19_36984217_C_T_b38	1	1.61514e-03	3.190e-01	7.547e-02 -6.3462891578674325	1.0
chr19_36989474_A_G_b38	1	1.61514e-03	3.190e-01	7.547e-02 -6.397785186767577	1.0
chr19_36986248_G_A_b38	1	1.61514e-03	3.190e-01	7.547e-02 -6.345522880554199	1.0
chr19_36994533_T_C_b38	1	1.61514e-03	3.190e-01	7.547e-02 -6.368551731109619	1.0
chr19_36984560_T_G_b38	1	1.61514e-03	3.190e-01	7.547e-02 -6.34753942489624	1.0
chr19_36986220_G_A_b38	1	1.61514e-03	3.190e-01	7.547e-02 -6.332010720142441	1.0
chr19_36999318_A_T_b38	1	1.61514e-03	3.190e-01	7.547e-02 -6.996228694915772	1.0
chr19_36988983_A_G_b38	1	1.61514e-03	3.190e-01	7.547e-02 -6.348910331726074	1.0
chr19_36986047_T_C_b38	1	1.61514e-03	3.190e-01	7.547e-02 -6.347654819488525	1.0
chr19_36998454_C_T_b38	1	1.61514e-03	3.190e-01	7.547e-02 -6.3599645186179785	1.0
chr19_36993446_C_T_b38	1	1.61514e-03	3.190e-01	7.547e-02 -6.368551731109619	1.0
chr19_36997943_G_C_b38	1	1.61514e-03	3.190e-01	7.547e-02 -6.369696140289308	1.0
chr19_36981322_T_C_b38	1	1.61514e-03	3.190e-01	7.547e-02 -6.300221920013428	1.0
chr19_36993747_T_C_b38	1	1.61514e-03	3.190e-01	7.547e-02 -6.368551731109619	1.0
chr19_36990347_G_A_b38	1	1.61514e-03	3.190e-01	7.547e-02 -6.347928047180176	1.0
chr19_36994942_G_A_b38	1	1.61514e-03	3.190e-01	7.547e-02 -6.369770050048827	1.0
chr19_36999388_T_C_b38	1	1.61514e-03	3.190e-01	7.547e-02 -6.994926929473878	1.0
chr19_36989048_C_T_b38	1	1.61514e-03	3.190e-01	7.547e-02 -6.348910331726074	1.0
chr19_36992986_T_A_b38	1	1.61514e-03	3.190e-01	7.547e-02 -6.368551731109619	1.0
chr19_36988770_G_A_b38	1	1.61514e-03	3.190e-01	7.547e-02 -6.344683170318604	1.0
chr19_36989385_C_G_b38	1	1.61514e-03	3.190e-01	7.547e-02 -6.353148460388184	1.0
chr19_36992542_T_C_b38	1	1.61514e-03	3.190e-01	7.547e-02 -6.369086265563965	1.0
chr19_36994710_T_C_b38	1	1.61514e-03	3.190e-01	7.547e-02 -6.368551731109619	1.0
chr19_36981269_T_C_b38	1	1.61514e-03	3.190e-01	7.547e-02 -6.271922998321968	1.0
chr19_36984584_A_G_b38	1	1.61514e-03	3.190e-01	7.547e-02 -6.347308158874513	1.0
chr19_36984028_A_G_b38	1	1.61514e-03	3.190e-01	7.547e-02 -6.3451337814331055	1.0
chr19_36996964_A_T_b38	1	1.61514e-03	3.190e-01	7.547e-02 -6.3667192459106445	1.0
chr19_36992317_C_T_b38	1	1.61514e-03	3.190e-01	7.547e-02 -6.368551731109619	1.0
chr19_36991870_G_A_b38	1	1.61514e-03	3.190e-01	7.547e-02 -6.3599645186179785	1.0
chr19_36995800_C_T_b38	1	1.61514e-03	3.190e-01	7.547e-02 -6.367527961730957	1.0
chr19_36991249_A_G_b38	1	1.57368e-03	3.053e-01	7.250e-02 -6.64671802520752	1.0
chr19_36969674_G_C_b38	1	1.57368e-03	3.053e-01	7.250e-02 -6.533383846282959	1.0
chr19_36977666_G_T_b38	1	1.57368e-03	3.053e-01	7.250e-02 -6.538747310638428	1.0
chr19_36969049_C_G_b38	1	1.57368e-03	3.053e-01	7.250e-02 -6.533596992492676	1.0
chr19_36976039_G_A_b38	1	1.57368e-03	3.053e-01	7.250e-02 -6.539093494415282	1.0
chr19_36973405_G_A_b38	1	1.57368e-03	3.053e-01	7.250e-02 -6.53508996963501	1.0
chr19_36971832_T_C_b38	1	1.57368e-03	3.053e-01	7.250e-02 -6.522914409637451	1.0
chr19_36975070_A_G_b38	1	1.57368e-03	3.053e-01	7.250e-02 -6.539784908294678	1.0
chr19_36971874_A_G_b38	1	1.57368e-03	3.053e-01	7.250e-02 -6.522856712341309	1.0
chr19_36975745_TGTGATCTGAGC_T_b38	1	1.57368e-03	3.053e-01	7.250e-02 -6.49155281151017	1.0
chr19_37003580_A_G_b38	1	1.49539e-03	3.211e-01	7.637e-02 -7.067157745361327	1.0
chr19_37007164_T_C_b38	1	1.49539e-03	3.211e-01	7.637e-02 -7.183166027069093	1.0
chr19_37037149_C_CAG_b38	1	1.46389e-03	3.141e-01	7.488e-02 -7.459792857742972	1.0
chr19_37092115_C_G_b38	1	1.46389e-03	3.141e-01	7.488e-02 -7.575738430023192	1.0
chr19_37093286_A_G_b38	1	1.46389e-03	3.141e-01	7.488e-02 -7.575478553771973	1.0
chr19_37106493_A_C_b38	1	1.46389e-03	3.141e-01	7.488e-02 -7.5856499671936035	1.0
chr19_37081036_A_G_b38	1	1.46389e-03	3.141e-01	7.488e-02 -7.459792857742972	1.0
chr19_37054035_C_T_b38	1	1.46389e-03	3.141e-01	7.488e-02 -7.536201477050781	1.0
chr19_37097923_A_G_b38	1	1.46389e-03	3.141e-01	7.488e-02 -7.5712952613830575	1.0
chr19_37063731_A_G_b38	1	1.46389e-03	3.141e-01	7.488e-02 -7.533540725708008	1.0
chr19_37104163_T_G_b38	1	1.46389e-03	3.141e-01	7.488e-02 -7.461418744703523	1.0
chr19_37108848_C_T_b38	1	1.46389e-03	3.141e-01	7.488e-02 -7.354948997497559	1.0
chr19_37111222_A_AT_b38	1	1.46389e-03	3.141e-01	7.488e-02 -7.459792857742972	1.0
chr19_37101326_T_C_b38	1	1.46389e-03	3.141e-01	7.488e-02 -7.5972633361816415	1.0
chr19_37107847_C_CT_b38	1	1.46389e-03	3.141e-01	7.488e-02 -7.459792857742972	1.0
chr19_37065259_T_G_b38	1	1.46389e-03	3.141e-01	7.488e-02 -7.459792857742972	1.0
chr19_37102194_G_A_b38	1	1.46389e-03	3.141e-01	7.488e-02 -7.483165264129639	1.0
chr19_37116668_A_G_b38	1	1.46389e-03	3.141e-01	7.488e-02 -7.459792857742972	1.0
chr19_37032534_C_G_b38	1	1.46389e-03	3.141e-01	7.488e-02 -7.515934737620938	1.0
chr19_37076007_CT_C_b38	1	1.46389e-03	3.141e-01	7.488e-02 -7.459792857742972	1.0
chr19_37053796_T_A_b38	1	1.46389e-03	3.141e-01	7.488e-02 -7.459792857742972	1.0
chr19_37053260_A_C_b38	1	1.46389e-03	3.141e-01	7.488e-02 -7.5379958152771	1.0
chr19_37036255_C_T_b38	1	1.46389e-03	3.141e-01	7.488e-02 -7.536580085754394	1.0
chr19_37105431_A_G_b38	1	1.46389e-03	3.141e-01	7.488e-02 -7.459792857742972	1.0
chr19_37112139_A_C_b38	1	1.46389e-03	3.141e-01	7.488e-02 -7.36149787902832	1.0
chr19_37057279_C_T_b38	1	1.46389e-03	3.141e-01	7.488e-02 -7.533251762390138	1.0
chr19_37109264_G_A_b38	1	1.46389e-03	3.141e-01	7.488e-02 -7.359047412872314	1.0
chr19_37104671_T_C_b38	1	1.46389e-03	3.141e-01	7.488e-02 -7.436485422503963	1.0
chr19_37065416_T_C_b38	1	1.46389e-03	3.141e-01	7.488e-02 -7.5329322814941415	1.0
chr19_37065396_C_A_b38	1	1.46389e-03	3.141e-01	7.488e-02 -7.526795864105225	1.0
chr19_37115015_G_A_b38	1	1.46389e-03	3.141e-01	7.488e-02 -7.361179828643799	1.0
chr19_37093748_C_T_b38	1	1.46389e-03	3.141e-01	7.488e-02 -7.5678162574768075	1.0
chr19_37065257_G_C_b38	1	1.46389e-03	3.141e-01	7.488e-02 -7.459792857742972	1.0
chr19_37096667_A_C_b38	1	1.42722e-03	3.178e-01	7.586e-02 -7.584175109863281	1.0
chr19_36969208_G_T_b38	1	1.40998e-03	3.205e-01	7.654e-02 -6.501887321472168	1.0
chr19_36989225_T_C_b38	1	1.32624e-03	3.126e-01	7.505e-02 -6.232326030731201	1.0
chr19_37007360_G_A_b38	1	1.26966e-03	3.113e-01	7.499e-02 -7.2270355224609375	1.0
chr19_37006769_G_A_b38	1	1.26966e-03	3.113e-01	7.499e-02 -7.235184023006106	1.0
chr19_37000060_A_G_b38	1	1.26966e-03	3.113e-01	7.499e-02 -7.065992832183838	1.0
chr19_37006257_T_C_b38	1	1.26966e-03	3.113e-01	7.499e-02 -7.235184023006106	1.0
chr19_37001848_C_T_b38	1	1.26966e-03	3.113e-01	7.499e-02 -7.062883377075195	1.0
chr19_37000966_G_A_b38	1	1.26966e-03	3.113e-01	7.499e-02 -7.069340705871582	1.0
chr19_37000219_C_T_b38	1	1.26966e-03	3.113e-01	7.499e-02 -7.053251266479492	1.0
chr19_37001192_A_T_b38	1	1.26966e-03	3.113e-01	7.499e-02 -7.069589614868164	1.0
chr19_37004479_A_C_b38	1	1.26966e-03	3.113e-01	7.499e-02 -7.10825252532959	1.0
chr19_36986738_C_T_b38	1	1.23950e-03	3.113e-01	7.512e-02 -6.347423553466798	1.0
chr19_36990343_G_A_b38	1	1.09962e-03	3.176e-01	7.724e-02 -6.288077354431152	1.0
chr19_37073726_C_T_b38	1	1.07821e-03	3.115e-01	7.592e-02 -7.539790153503418	1.0
chr19_37082172_A_G_b38	1	1.07821e-03	3.115e-01	7.592e-02 -7.575510025024414	1.0
chr19_37038452_C_T_b38	1	1.07821e-03	3.115e-01	7.592e-02 -7.53021240234375	1.0
chr19_37046775_G_A_b38	1	1.07821e-03	3.115e-01	7.592e-02 -7.5385308265686035	1.0
chr19_37065179_T_C_b38	1	1.07821e-03	3.115e-01	7.592e-02 -7.528966426849365	1.0
chr19_37031358_A_G_b38	1	1.07821e-03	3.115e-01	7.592e-02 -7.524887561798097	1.0
chr19_37100573_T_C_b38	1	1.07821e-03	3.115e-01	7.592e-02 -7.588099002838135	1.0
chr19_37035821_C_CAAT_b38	1	1.07821e-03	3.115e-01	7.592e-02 -7.515934737620938	1.0
chr19_37114666_A_G_b38	1	1.07821e-03	3.115e-01	7.592e-02 -7.361655235290527	1.0
chr19_37080933_C_T_b38	1	1.07821e-03	3.115e-01	7.592e-02 -7.575510025024414	1.0
chr19_37028071_G_A_b38	1	1.07821e-03	3.115e-01	7.592e-02 -7.520936965942383	1.0
chr19_37060370_T_C_b38	1	1.07821e-03	3.115e-01	7.592e-02 -7.536069393157959	1.0
chr19_37014343_A_T_b38	1	1.07821e-03	3.115e-01	7.592e-02 -7.406850337982178	1.0
chr19_37091569_G_C_b38	1	1.07821e-03	3.115e-01	7.592e-02 -7.584103107452393	1.0
chr19_37058883_G_A_b38	1	1.07821e-03	3.115e-01	7.592e-02 -7.535928249359131	1.0
chr19_37087620_G_C_b38	1	1.07821e-03	3.115e-01	7.592e-02 -7.577075004577638	1.0
chr19_37088908_G_A_b38	1	1.07821e-03	3.115e-01	7.592e-02 -7.650963306427003	1.0
chr19_37040829_G_C_b38	1	1.07821e-03	3.115e-01	7.592e-02 -7.536231994628906	1.0
chr19_37115126_T_C_b38	1	1.07821e-03	3.115e-01	7.592e-02 -7.359944820404053	1.0
chr19_37035291_G_A_b38	1	1.07821e-03	3.115e-01	7.592e-02 -7.529561519622803	1.0
chr19_37026412_T_C_b38	1	1.07821e-03	3.115e-01	7.592e-02 -7.512948863917536	1.0
chr19_37029302_G_A_b38	1	1.07821e-03	3.115e-01	7.592e-02 -7.525119304656982	1.0
chr19_37026793_T_C_b38	1	1.07821e-03	3.115e-01	7.592e-02 -7.474484443664551	1.0
chr19_37028901_A_G_b38	1	1.07821e-03	3.115e-01	7.592e-02 -7.527912139892577	1.0
chr19_37089513_G_A_b38	1	1.07821e-03	3.115e-01	7.592e-02 -7.583007335662843	1.0
chr19_37058699_G_C_b38	1	1.07821e-03	3.115e-01	7.592e-02 -7.455938497061182	1.0
chr19_37116625_A_G_b38	1	1.07821e-03	3.115e-01	7.592e-02 -7.459792857742972	1.0
chr19_37048153_C_CAA_b38	1	1.07821e-03	3.115e-01	7.592e-02 -7.459792857742972	1.0
chr19_37028068_G_T_b38	1	1.07821e-03	3.115e-01	7.592e-02 -7.520936965942383	1.0
chr19_37116629_T_C_b38	1	1.07821e-03	3.115e-01	7.592e-02 -7.459792857742972	1.0
chr19_37055498_A_C_b38	1	1.07821e-03	3.115e-01	7.592e-02 -7.539169311523437	1.0
chr19_37102994_AT_A_b38	1	1.07821e-03	3.115e-01	7.592e-02 -7.459792857742972	1.0
chr19_37010050_A_G_b38	1	1.07821e-03	3.115e-01	7.592e-02 -7.4161272048950195	1.0
chr19_37021350_T_C_b38	1	1.07821e-03	3.115e-01	7.592e-02 -7.447997570037843	1.0
chr19_37039834_T_G_b38	1	1.07821e-03	3.115e-01	7.592e-02 -7.5303282737731925	1.0
chr19_37063491_C_A_b38	1	1.07821e-03	3.115e-01	7.592e-02 -7.535581111907959	1.0
chr19_37097875_C_T_b38	1	1.07821e-03	3.115e-01	7.592e-02 -7.575014114379883	1.0
chr19_37087669_A_G_b38	1	1.07821e-03	3.115e-01	7.592e-02 -7.573372840881348	1.0
chr19_37018321_G_A_b38	1	1.07821e-03	3.115e-01	7.592e-02 -7.4224371910095215	1.0
chr19_37116522_A_G_b38	1	1.07821e-03	3.115e-01	7.592e-02 -7.364906311035156	1.0
chr19_37054050_T_C_b38	1	1.07821e-03	3.115e-01	7.592e-02 -7.542249202728271	1.0
chr19_37018630_T_C_b38	1	1.07821e-03	3.115e-01	7.592e-02 -7.42023754119873	1.0
chr19_36977794_C_A_b38	1	9.81172e-04	3.083e-01	7.570e-02 -6.292508125305176	1.0
chr19_36976897_CA_C_b38	1	9.81172e-04	3.083e-01	7.570e-02 -6.271922998321968	1.0
chr19_36978581_T_C_b38	1	9.81172e-04	3.083e-01	7.570e-02 -6.308321952819824	1.0
chr19_36977609_G_A_b38	1	9.81172e-04	3.083e-01	7.570e-02 -6.292240619659424	1.0
chr19_36976677_A_G_b38	1	9.81172e-04	3.083e-01	7.570e-02 -6.271922998321968	1.0
chr19_36976254_C_T_b38	1	9.81172e-04	3.083e-01	7.570e-02 -6.293395519256593	1.0
chr19_36975337_T_C_b38	1	9.81172e-04	3.083e-01	7.570e-02 -6.271922998321968	1.0
chr19_36974512_A_G_b38	1	9.81172e-04	3.083e-01	7.570e-02 -6.293337821960449	1.0
chr19_36974858_G_A_b38	1	9.81172e-04	3.083e-01	7.570e-02 -6.271922998321968	1.0
chr19_36989236_A_G_b38	1	9.81172e-04	3.083e-01	7.570e-02 -6.335293769836426	1.0
chr19_36976610_A_G_b38	1	9.81172e-04	3.083e-01	7.570e-02 -6.292508125305176	1.0
chr19_36976959_C_G_b38	1	9.81172e-04	3.083e-01	7.570e-02 -6.292508125305176	1.0
chr19_36973734_T_G_b38	1	9.81172e-04	3.083e-01	7.570e-02 -6.295149803161621	1.0
chr19_36978329_C_T_b38	1	9.81172e-04	3.083e-01	7.570e-02 -6.293569087982178	1.0
chr19_36975047_G_A_b38	1	9.81172e-04	3.083e-01	7.570e-02 -6.293337821960449	1.0
chr19_36974273_C_T_b38	1	9.81172e-04	3.083e-01	7.570e-02 -6.293337821960449	1.0
chr19_36976702_A_G_b38	1	9.81172e-04	3.083e-01	7.570e-02 -6.271922998321968	1.0
chr19_36978551_G_A_b38	1	9.81172e-04	3.083e-01	7.570e-02 -6.318631649017334	1.0
chr19_37036416_A_G_b38	1	9.60153e-04	2.940e-01	7.244e-02 -7.560657978057861	1.0
chr19_37112874_G_T_b38	1	9.60153e-04	2.940e-01	7.244e-02 -7.394655227661133	1.0
chr19_37063081_C_T_b38	1	9.60153e-04	2.940e-01	7.244e-02 -7.5667057037353525	1.0
chr19_37071804_A_AAAAT_b38	1	9.60153e-04	2.940e-01	7.244e-02 -7.459792857742972	1.0
chr19_37116894_C_T_b38	1	9.60153e-04	2.940e-01	7.244e-02 -7.3887763023376465	1.0
chr19_37083049_CAG_C_b38	1	9.60153e-04	2.940e-01	7.244e-02 -7.459792857742972	1.0
chr19_37032040_A_G_b38	1	9.60153e-04	2.940e-01	7.244e-02 -7.61955451965332	1.0
chr19_37108287_T_C_b38	1	9.60153e-04	2.940e-01	7.244e-02 -7.399557113647461	1.0
chr19_37079802_C_T_b38	1	9.60153e-04	2.940e-01	7.244e-02 -7.459792857742972	1.0
chr19_37079817_C_A_b38	1	9.60153e-04	2.940e-01	7.244e-02 -7.459792857742972	1.0
chr19_37037057_C_A_b38	1	9.60153e-04	2.940e-01	7.244e-02 -7.5569820404052725	1.0
chr19_37052490_T_C_b38	1	9.60153e-04	2.940e-01	7.244e-02 -7.459792857742972	1.0
chr19_37063091_T_TATCC_b38	1	9.60153e-04	2.940e-01	7.244e-02 -7.3629468944024605	1.0
chr19_37069009_A_G_b38	1	9.60153e-04	2.940e-01	7.244e-02 -7.567124843597412	1.0
chr19_37079816_T_A_b38	1	9.60153e-04	2.940e-01	7.244e-02 -7.459792857742972	1.0
chr19_37052383_G_T_b38	1	9.60153e-04	2.940e-01	7.244e-02 -7.44060201090841	1.0
chr19_37117707_GA_G_b38	1	9.60153e-04	2.940e-01	7.244e-02 -7.459792857742972	1.0
chr19_37079815_T_G_b38	1	9.60153e-04	2.940e-01	7.244e-02 -7.459792857742972	1.0
chr19_37060742_C_T_b38	1	9.60153e-04	2.940e-01	7.244e-02 -7.566676139831543	1.0
chr19_37060838_G_A_b38	1	9.60153e-04	2.940e-01	7.244e-02 -7.566849708557129	1.0
chr19_37043447_G_T_b38	1	9.60153e-04	2.940e-01	7.244e-02 -7.561466693878174	1.0
chr19_37041178_T_C_b38	1	9.60153e-04	2.940e-01	7.244e-02 -7.5642452239990225	1.0
chr19_37115527_A_G_b38	1	9.60153e-04	2.940e-01	7.244e-02 -7.3888912200927725	1.0
chr19_37097849_C_T_b38	1	9.60153e-04	2.940e-01	7.244e-02 -7.589741706848144	1.0
chr19_37056847_A_G_b38	1	9.60153e-04	2.940e-01	7.244e-02 -7.570930957794189	1.0
chr19_37050148_A_G_b38	1	9.60153e-04	2.940e-01	7.244e-02 -7.440047234754924	1.0
chr19_37065244_G_T_b38	1	9.60153e-04	2.940e-01	7.244e-02 -7.459792857742972	1.0
chr19_37056317_C_A_b38	1	9.60153e-04	2.940e-01	7.244e-02 -7.563983917236327	1.0
chr19_37106292_G_A_b38	1	9.60153e-04	2.940e-01	7.244e-02 -7.551817417144775	1.0
chr19_37105990_G_C_b38	1	9.60153e-04	2.940e-01	7.244e-02 -7.613731861114503	1.0
chr19_37025472_C_A_b38	1	9.21705e-04	3.013e-01	7.441e-02 -7.53492546081543	1.0
chr19_37025318_T_C_b38	1	9.21705e-04	3.013e-01	7.441e-02 -7.5341877937316895	1.0
chr19_37095772_A_T_b38	1	7.15246e-04	2.977e-01	7.498e-02 -7.4841156005859375	1.0
chr19_37023783_G_A_b38	1	6.83549e-04	2.983e-01	7.541e-02 -7.4581236839294425	1.0
chr19_37024416_A_G_b38	1	6.83549e-04	2.983e-01	7.541e-02 -7.463979244232178	1.0
chr19_37114424_ACT_A_b38	1	5.89512e-04	2.951e-01	7.551e-02 -7.1863609731911655	1.0
chr19_37034969_G_A_b38	1	5.89512e-04	2.951e-01	7.551e-02 -7.379289150238037	1.0
chr19_37106098_C_T_b38	1	5.89512e-04	2.951e-01	7.551e-02 -7.201496601104736	1.0
chr19_37116923_C_T_b38	1	5.89512e-04	2.951e-01	7.551e-02 -7.1863609731911655	1.0
chr19_37111269_G_A_b38	1	5.89512e-04	2.951e-01	7.551e-02 -7.199376106262207	1.0
chr19_37117473_G_A_b38	1	5.89512e-04	2.951e-01	7.551e-02 -7.1863609731911655	1.0
chr19_37256897_A_G_b38	1	4.03438e-04	2.041e-01	7.762e-02 -5.564380168914795	1.0
chr19_36947293_T_C_b38	1	3.72147e-04	3.235e-01	7.464e-02 -6.450756072998048	1.0
chr19_36966815_T_C_b38	1	3.72147e-04	3.235e-01	7.464e-02 -6.500193119049072	1.0
chr19_36965503_T_G_b38	1	3.72147e-04	3.235e-01	7.464e-02 -6.500193119049072	1.0
chr19_36965080_C_T_b38	1	3.72147e-04	3.235e-01	7.464e-02 -6.496181011199951	1.0
chr19_36960537_C_T_b38	1	2.52031e-04	3.053e-01	7.250e-02 -6.472919940948486	1.0
chr19_36963245_AT_A_b38	1	2.52031e-04	3.053e-01	7.250e-02 -6.49148996510127	1.0
chr19_36948350_G_C_b38	1	2.52031e-04	3.053e-01	7.250e-02 -6.502336502075195	1.0
chr19_36962620_T_C_b38	1	2.52031e-04	3.053e-01	7.250e-02 -6.505122184753418	1.0
chr19_36962486_A_G_b38	1	2.52031e-04	3.053e-01	7.250e-02 -6.504451274871826	1.0
chr19_36962432_T_C_b38	1	2.52031e-04	3.053e-01	7.250e-02 -6.4984068870544425	1.0
chr19_37117320_C_T_b38	1	2.16588e-04	2.699e-01	7.566e-02 -7.355933666229247	1.0
chr19_37135613_C_G_b38	1	1.98784e-04	2.467e-01	8.585e-02 -4.754392623901367	1.0
chr19_37156092_C_T_b38	1	1.98784e-04	2.467e-01	8.585e-02 -4.5833401679992685	1.0
chr19_36888130_T_A_b38	1	1.54251e-04	2.973e-01	7.320e-02 -6.263167381286621	1.0
chr19_36944863_A_G_b38	1	1.54251e-04	2.973e-01	7.320e-02 -6.149132251739503	1.0
chr19_36929909_A_G_b38	1	1.54251e-04	2.973e-01	7.320e-02 -6.1440839767456055	1.0
chr19_36910902_A_G_b38	1	1.54251e-04	2.973e-01	7.320e-02 -6.270068645477295	1.0
chr19_36939819_A_G_b38	1	1.54251e-04	2.973e-01	7.320e-02 -6.141724586486816	1.0
chr19_36920212_T_TAAA_b38	1	1.54251e-04	2.973e-01	7.320e-02 -6.178500125421149	1.0
chr19_36920791_C_CCACT_b38	1	1.54251e-04	2.973e-01	7.320e-02 -6.178500125421149	1.0
chr19_36925655_G_C_b38	1	1.54251e-04	2.973e-01	7.320e-02 -6.145208358764648	1.0
chr19_36928934_G_T_b38	1	1.54251e-04	2.973e-01	7.320e-02 -6.144886493682861	1.0
chr19_36918659_A_G_b38	1	1.45704e-04	3.095e-01	7.643e-02 -5.327741622924805	1.0
chr19_37193034_C_T_b38	1	1.37828e-04	1.026e-01	7.613e-02 -5.7870121002197275	1.0
chr19_37194064_A_G_b38	1	1.27040e-04	9.585e-02	7.513e-02 -5.7720375061035165	1.0
chr19_36928456_C_A_b38	1	1.18358e-04	2.836e-01	7.138e-02 -6.173274040222168	1.0
chr19_36922184_T_A_b38	1	1.18358e-04	2.836e-01	7.138e-02 -6.190014839172362	1.0
chr19_36929221_C_A_b38	1	1.18358e-04	2.836e-01	7.138e-02 -6.172758102416992	1.0
chr19_36926846_T_TAAG_b38	1	1.18358e-04	2.836e-01	7.138e-02 -6.178500125421149	1.0
chr19_36923043_T_TG_b38	1	1.18358e-04	2.836e-01	7.138e-02 -6.178500125421149	1.0
chr19_36943330_T_TA_b38	1	1.18358e-04	2.836e-01	7.138e-02 -6.178500125421149	1.0
chr19_36920726_A_G_b38	1	1.18358e-04	2.836e-01	7.138e-02 -6.168778896331787	1.0
chr19_36937860_G_A_b38	1	1.18358e-04	2.836e-01	7.138e-02 -6.172220230102539	1.0
chr19_36925120_C_A_b38	1	1.18358e-04	2.836e-01	7.138e-02 -6.172952175140381	1.0
chr19_36945311_A_G_b38	1	1.18358e-04	2.836e-01	7.138e-02 -6.180695533752441	1.0
chr19_36921985_T_C_b38	1	1.18358e-04	2.836e-01	7.138e-02 -6.1808905601501465	1.0
chr19_37218863_T_A_b38	2	9.14828e-03	-1.898e-01	1.031e-01 3.9360439777374254	1.0
chr19_37214864_C_T_b38	2	2.85650e-03	-2.050e-01	8.187e-02 3.9697070121765137	1.0
chr19_37199096_C_T_b38	2	1.25307e-03	-2.158e-01	8.137e-02 3.999724388122559	1.0
chr19_37235217_G_A_b38	2	1.23355e-03	-2.091e-01	8.267e-02 3.9796321392059326	1.0
chr19_37126707_C_A_b38	2	2.75177e-04	-2.477e-01	8.236e-02 4.0538740158081055	1.0
chr19_37261825_A_G_b38	2	2.04313e-04	-1.870e-01	8.629e-02 3.938778026845574	1.0
chr19_37261821_C_G_b38	2	2.04313e-04	-1.870e-01	8.629e-02 3.938778026845574	1.0
chr19_37259198_C_G_b38	2	1.89070e-04	-1.820e-01	8.627e-02 3.883288145065308	1.0
chr19_37310484_A_G_b38	2	4.84525e-05	-1.995e-01	9.188e-02 4.0489253997802725	1.0
chr19_37308954_A_G_b38	2	4.24844e-05	-1.921e-01	9.193e-02 4.049710273742677	1.0
