chr9_111038510_G_A_b38	1	2.91307e-01	-1.476e-01	4.511e-02 -7.807235717773437	1.0
chr9_111038951_C_T_b38	1	1.91435e-01	-1.465e-01	4.698e-02 -7.86984920501709	1.0
chr9_111041347_G_T_b38	1	3.80888e-02	-1.520e-01	4.507e-02 -8.049858093261719	1.0
chr9_111029694_A_G_b38	1	4.66739e-03	-1.248e-01	4.494e-02 -7.761866092681885	1.0
chr9_111044802_C_T_b38	1	2.82578e-03	-1.156e-01	4.658e-02 -7.3757057189941415	1.0
chr9_111022277_T_C_b38	2	3.47912e-02	-2.100e-01	6.071e-02 5.396940231323242	1.0
chr9_111002889_G_A_b38	2	1.17733e-02	-2.101e-01	6.071e-02 5.408661842346191	1.0
chr9_110982303_T_C_b38	2	1.01408e-02	-2.136e-01	5.668e-02 4.998422622680664	1.0
chr9_110985622_T_C_b38	2	6.89678e-03	-2.094e-01	5.747e-02 5.006800174713135	1.0
chr9_110985350_A_C_b38	2	3.97454e-03	-1.994e-01	5.747e-02 5.343144416809082	1.0
chr9_110975337_G_A_b38	2	1.04388e-03	-1.667e-01	5.593e-02 4.9877753257751465	1.0
chr9_110947604_T_C_b38	2	1.04388e-03	-1.667e-01	5.593e-02 4.973442077636719	1.0
chr9_110969846_A_G_b38	2	1.04388e-03	-1.667e-01	5.593e-02 4.967667102813722	1.0
chr9_110971480_G_C_b38	2	1.04388e-03	-1.667e-01	5.593e-02 5.09589433670044	1.0
chr9_110977021_GAAACTATAAATAGATCTT_G_b38	2	1.04388e-03	-1.667e-01	5.593e-02 5.051741298898009	1.0
chr9_110959616_T_G_b38	2	1.04388e-03	-1.667e-01	5.593e-02 5.050282955169678	1.0
chr9_110947013_A_ATAAT_b38	2	6.27351e-04	-1.509e-01	5.429e-02 4.939075608121869	1.0
chr9_110947767_G_A_b38	2	5.64080e-04	-1.494e-01	5.482e-02 5.037473201751709	1.0
chr9_111038651_C_T_b38	3	4.98955e-03	2.014e-02	8.345e-02 -2.4565348625183105	1.0
