chr2_10042056_G_C_b38	1	6.40652e-01	1.221e+00	1.784e-01 2.7697689533233643	1.0
chr2_10058411_C_G_b38	1	2.21634e-01	1.247e+00	1.416e-01 2.538883686065674	1.0
chr2_10046292_A_G_b38	1	1.37494e-01	1.287e+00	9.731e-02 2.669485330581665	1.0
chr2_10049994_CA_C_b38	1	5.33747e-05	8.438e-01	6.436e-02 2.6106920355756755	1.0
chr2_10042691_A_AG_b38	2	9.74121e-01	7.510e-01	9.201e-02 -10.188636071691066	1.0
chr2_10055952_C_T_b38	2	2.57055e-02	7.192e-01	8.542e-02 -10.690820693969727	1.0
chr2_10041330_T_C_b38	3	9.99074e-01	-6.550e-01	9.627e-02 -6.270863056182861	1.0
chr2_10038915_A_G_b38	3	4.87193e-04	-2.311e-01	5.307e-02 -6.251142501831055	1.0
chr2_10038109_A_G_b38	3	7.40501e-05	-2.281e-01	5.632e-02 -6.258174419403076	1.0
chr2_10061271_G_A_b38	3	2.61738e-05	-2.219e-01	5.370e-02 -6.590711116790772	1.0
chr2_10049928_T_C_b38	3	1.64145e-05	-2.817e-01	8.068e-02 2.2318451404571533	1.0
chr2_10042727_T_A_b38	4	8.23089e-01	5.426e-01	9.115e-02 5.589591026306152	1.0
chr2_10058070_G_C_b38	4	5.30742e-02	4.633e-01	9.428e-02 6.32630729675293	1.0
chr2_10051514_A_G_b38	4	4.18711e-02	4.826e-01	9.179e-02 5.5881781578063965	1.0
chr2_10037690_C_T_b38	4	2.32570e-02	4.616e-01	8.912e-02 5.369752883911133	1.0
chr2_10038822_T_C_b38	4	2.07139e-02	4.362e-01	8.699e-02 5.556095600128174	1.0
chr2_10053147_GCAATCATTCCTGTCAC_G_b38	4	1.95279e-02	4.861e-01	8.894e-02 5.4376533992598315	1.0
chr2_10058135_G_A_b38	4	1.51013e-02	4.104e-01	8.324e-02 6.314051628112793	1.0
chr2_10028406_CAGA_C_b38	5	1.07518e-01	1.832e-01	5.106e-02 1.400482223221816	1.0
chr2_10024042_A_T_b38	5	1.09859e-02	1.394e-01	4.545e-02 2.048086166381836	1.0
chr2_10014423_C_T_b38	5	4.31678e-03	1.480e-01	4.904e-02 2.8841583728790283	1.0
chr2_10050817_G_A_b38	6	2.11505e-03	-2.855e-01	9.385e-02 -0.25738433003425604	1.0
