chr10_58626835_C_T_b38	1	1.30143e-01	-2.481e-01	3.047e-02 0.3681991696357727	1.0
chr10_58622734_G_C_b38	1	1.15614e-01	2.451e-01	3.010e-02 -0.3591216504573822	1.0
chr10_58629241_A_G_b38	1	9.64405e-02	2.445e-01	3.013e-02 -0.3671499192714691	1.0
chr10_58619020_G_GT_b38	1	9.49127e-02	2.450e-01	3.023e-02 -0.3051278710889373	1.0
chr10_58631994_CCTAAG_C_b38	1	6.78983e-02	-2.453e-01	3.043e-02 0.3051278710889373	1.0
chr10_58631822_C_T_b38	1	6.15059e-02	-2.450e-01	3.044e-02 0.37384870648384094	1.0
chr10_58622845_A_G_b38	1	6.00623e-02	2.423e-01	3.009e-02 -0.3576679527759552	1.0
chr10_58621515_CAA_C_b38	1	5.01954e-02	-2.456e-01	3.064e-02 0.3051278710889373	1.0
chr10_58623465_A_T_b38	1	4.25066e-02	2.410e-01	3.010e-02 -0.35908448696136475	1.0
chr10_58618138_G_C_b38	1	2.99429e-02	2.400e-01	3.016e-02 -0.1451033055782318	1.0
chr10_58632677_A_C_b38	1	2.91513e-02	-2.422e-01	3.045e-02 0.3545936644077301	1.0
chr10_58619539_A_C_b38	1	2.62518e-02	-2.449e-01	3.087e-02 0.3350163996219635	1.0
chr10_58633173_T_G_b38	1	2.44730e-02	2.428e-01	3.064e-02 0.05718185380101204	1.0
chr10_58626212_G_A_b38	1	2.08630e-02	2.380e-01	3.004e-02 -0.30453649163246155	1.0
chr10_58625110_C_T_b38	1	2.08630e-02	2.380e-01	3.004e-02 -0.2973806858062744	1.0
chr10_58624129_C_T_b38	1	2.08630e-02	2.380e-01	3.004e-02 -0.2958577573299408	1.0
chr10_58624787_T_A_b38	1	2.08630e-02	2.380e-01	3.004e-02 -0.2964952886104584	1.0
chr10_58624699_T_G_b38	1	2.08630e-02	2.380e-01	3.004e-02 -0.29886120557785034	1.0
chr10_58622645_C_T_b38	1	1.84549e-02	-2.399e-01	3.040e-02 0.34042638540267944	1.0
chr10_58626343_T_C_b38	1	1.63719e-02	-2.399e-01	3.041e-02 0.30895599722862244	1.0
chr10_58623766_A_C_b38	1	1.56992e-02	-2.398e-01	3.041e-02 0.2906277477741241	1.0
chr10_58630513_A_G_b38	1	1.42218e-02	-2.394e-01	3.040e-02 0.2893625497817993	1.0
chr10_58628212_T_C_b38	1	1.83514e-03	-2.404e-01	3.161e-02 0.3658610880374909	1.0
chr10_58504981_A_T_b38	2	4.91772e-02	1.322e-01	3.542e-02 4.355509281158446	1.0
chr10_58513361_T_C_b38	2	2.86973e-02	1.053e-01	2.862e-02 4.226908683776856	1.0
chr10_58513395_C_A_b38	2	2.86973e-02	1.053e-01	2.862e-02 4.2168054580688485	1.0
chr10_58534619_T_C_b38	2	2.72609e-02	-1.313e-01	3.014e-02 -4.2120633125305185	1.0
chr10_58512488_C_T_b38	2	2.67408e-02	1.104e-01	2.848e-02 4.1881394386291495	1.0
chr10_58513429_ACGGC_A_b38	2	2.53813e-02	1.048e-01	2.876e-02 4.2320882822933195	1.0
chr10_58507880_A_C_b38	2	2.31084e-02	1.245e-01	2.974e-02 4.2061190605163565	1.0
chr10_58512180_T_C_b38	2	2.24582e-02	1.091e-01	2.846e-02 4.208296775817871	1.0
chr10_58516422_A_G_b38	2	2.19334e-02	1.186e-01	2.885e-02 4.2060632705688485	1.0
chr10_58517295_G_A_b38	2	2.08358e-02	1.175e-01	2.855e-02 4.207045555114746	1.0
chr10_58517329_C_T_b38	2	1.78750e-02	1.167e-01	2.865e-02 4.207045555114746	1.0
chr10_58512227_G_A_b38	2	1.63947e-02	1.065e-01	2.838e-02 4.209007740020752	1.0
chr10_58513670_G_A_b38	2	1.53600e-02	1.070e-01	2.854e-02 4.209168434143066	1.0
chr10_58521507_C_T_b38	2	1.26082e-02	1.195e-01	2.892e-02 4.246568679809569	1.0
chr10_58520393_C_A_b38	2	1.23226e-02	1.181e-01	2.865e-02 4.218127727508545	1.0
chr10_58514138_G_A_b38	2	1.18365e-02	1.053e-01	2.862e-02 4.219476222991943	1.0
chr10_58521856_G_A_b38	2	1.12895e-02	1.264e-01	3.081e-02 4.2471704483032235	1.0
chr10_58507550_G_A_b38	2	1.05770e-02	1.177e-01	2.870e-02 4.202124118804932	1.0
chr10_58537814_A_G_b38	2	1.05465e-02	1.224e-01	2.882e-02 4.203556537628174	1.0
chr10_58507916_G_GAT_b38	2	9.83973e-03	1.176e-01	2.881e-02 4.312204469412094	1.0
chr10_58521640_A_G_b38	2	9.58590e-03	1.174e-01	2.888e-02 4.246880531311035	1.0
chr10_58516323_T_G_b38	2	9.04256e-03	1.123e-01	2.868e-02 4.240734100341797	1.0
chr10_58519564_G_A_b38	2	8.80109e-03	1.151e-01	2.848e-02 4.216045379638672	1.0
chr10_58521594_C_T_b38	2	8.46627e-03	1.167e-01	2.894e-02 4.246358394622804	1.0
chr10_58520668_A_G_b38	2	8.22801e-03	1.159e-01	2.877e-02 4.2484402656555185	1.0
chr10_58511771_A_G_b38	2	8.05593e-03	1.078e-01	2.847e-02 4.317283153533936	1.0
chr10_58512609_T_C_b38	2	7.64102e-03	1.012e-01	2.860e-02 4.2172040939331055	1.0
chr10_58514676_CCT_C_b38	2	7.63460e-03	1.072e-01	2.856e-02 4.029944968631407	1.0
chr10_58537342_T_C_b38	2	7.42048e-03	-1.231e-01	2.955e-02 -4.231640338897705	1.0
chr10_58529629_A_T_b38	2	7.26229e-03	-1.193e-01	2.868e-02 -4.208306784771941	1.0
chr10_58515390_A_G_b38	2	7.17239e-03	1.073e-01	2.875e-02 4.243647575378418	1.0
chr10_58522318_T_C_b38	2	6.95346e-03	1.151e-01	2.889e-02 4.247715950012207	1.0
chr10_58516609_T_C_b38	2	6.76604e-03	1.105e-01	2.879e-02 4.240175247192384	1.0
chr10_58508510_G_A_b38	2	6.71177e-03	1.108e-01	2.869e-02 4.243687629699707	1.0
chr10_58517146_C_T_b38	2	6.64473e-03	1.093e-01	2.850e-02 4.2416157722473145	1.0
chr10_58517155_C_T_b38	2	6.64473e-03	1.093e-01	2.850e-02 4.23895263671875	1.0
chr10_58535582_T_G_b38	2	6.56160e-03	-1.205e-01	2.915e-02 -4.196327686309815	1.0
chr10_58516531_C_T_b38	2	6.54781e-03	1.105e-01	2.886e-02 4.243760108947754	1.0
chr10_58511612_T_A_b38	2	6.32006e-03	1.059e-01	2.846e-02 4.254012584686278	1.0
chr10_58509120_A_C_b38	2	6.02203e-03	1.104e-01	2.881e-02 4.2452659606933585	1.0
chr10_58515210_T_G_b38	2	6.01098e-03	1.055e-01	2.862e-02 4.2418174743652335	1.0
chr10_58517069_C_T_b38	2	6.00422e-03	1.091e-01	2.867e-02 4.241546630859375	1.0
chr10_58509023_T_C_b38	2	5.96198e-03	1.104e-01	2.882e-02 4.2420525550842285	1.0
chr10_58516495_G_GT_b38	2	5.94788e-03	1.088e-01	2.860e-02 4.232422055690146	1.0
chr10_58517990_ATAT_A_b38	2	5.88723e-03	1.087e-01	2.860e-02 4.232422055690146	1.0
chr10_58515168_C_T_b38	2	5.88282e-03	1.053e-01	2.862e-02 4.22446346282959	1.0
chr10_58514217_C_T_b38	2	5.88282e-03	1.053e-01	2.862e-02 4.231905937194823	1.0
chr10_58514422_C_T_b38	2	5.88282e-03	1.053e-01	2.862e-02 4.235635757446288	1.0
chr10_58515181_C_T_b38	2	5.88282e-03	1.053e-01	2.862e-02 4.2381134033203125	1.0
chr10_58514289_C_A_b38	2	5.88282e-03	1.053e-01	2.862e-02 4.234811782836913	1.0
chr10_58520563_C_T_b38	2	5.85222e-03	1.137e-01	2.887e-02 4.245780944824219	1.0
chr10_58514846_T_C_b38	2	5.83211e-03	1.053e-01	2.863e-02 4.238115787506104	1.0
chr10_58517729_C_T_b38	2	5.82982e-03	1.086e-01	2.860e-02 4.241714000701903	1.0
chr10_58509978_G_A_b38	2	5.76750e-03	1.093e-01	2.858e-02 4.234146118164063	1.0
chr10_58509931_A_G_b38	2	5.76750e-03	1.093e-01	2.858e-02 4.231437683105469	1.0
chr10_58514453_T_C_b38	2	5.75237e-03	1.052e-01	2.862e-02 4.2358880043029785	1.0
chr10_58509217_T_C_b38	2	5.72108e-03	1.092e-01	2.858e-02 4.245271682739259	1.0
chr10_58509340_C_A_b38	2	5.54212e-03	1.090e-01	2.859e-02 4.2391624450683585	1.0
chr10_58517489_G_A_b38	2	5.46681e-03	1.084e-01	2.867e-02 4.241788864135741	1.0
chr10_58527372_G_A_b38	2	5.26337e-03	-1.166e-01	2.855e-02 -4.208306784771941	1.0
chr10_58521151_T_G_b38	2	5.19577e-03	1.123e-01	2.873e-02 4.245780944824219	1.0
chr10_58532642_A_G_b38	2	5.17876e-03	-1.169e-01	2.866e-02 -4.218107223510741	1.0
chr10_58510500_T_G_b38	2	5.04226e-03	1.079e-01	2.851e-02 4.244047164916991	1.0
chr10_58534410_C_T_b38	2	5.04170e-03	-1.183e-01	2.906e-02 -4.2530765533447275	1.0
chr10_58534925_A_T_b38	2	5.01575e-03	-1.198e-01	2.939e-02 -4.2544803619384775	1.0
chr10_58509995_G_T_b38	2	4.97475e-03	1.084e-01	2.865e-02 4.23416805267334	1.0
chr10_58508638_C_T_b38	2	4.93677e-03	1.085e-01	2.872e-02 4.242477893829347	1.0
chr10_58521660_CT_C_b38	2	4.85255e-03	1.120e-01	2.878e-02 4.232422055690146	1.0
chr10_58536209_A_T_b38	2	4.83326e-03	-1.198e-01	2.949e-02 -4.231640338897705	1.0
chr10_58520876_CAT_C_b38	2	4.55661e-03	1.110e-01	2.865e-02 4.232422055690146	1.0
chr10_58521330_C_T_b38	2	4.37257e-03	1.114e-01	2.884e-02 4.246166229248047	1.0
chr10_58525749_A_G_b38	2	4.24329e-03	-1.160e-01	2.878e-02 -4.248705700860036	1.0
chr10_58517789_A_C_b38	2	4.04454e-03	1.060e-01	2.866e-02 4.241725444793701	1.0
chr10_58522783_C_T_b38	2	3.99549e-03	1.101e-01	2.868e-02 4.232422055690146	1.0
chr10_58534146_A_G_b38	2	3.93397e-03	-1.162e-01	2.900e-02 -4.254191875457764	1.0
chr10_58559137_G_A_b38	2	3.91818e-03	-1.214e-01	2.867e-02 -4.219456672668457	1.0
chr10_58532357_T_A_b38	2	3.89804e-03	-1.165e-01	2.906e-02 -4.248914718627931	1.0
chr10_58509566_T_A_b38	2	3.88988e-03	1.064e-01	2.862e-02 4.246440887451172	1.0
chr10_58510475_G_T_b38	2	3.87668e-03	1.057e-01	2.846e-02 4.244445323944092	1.0
chr10_58529614_C_G_b38	2	3.74967e-03	-1.148e-01	2.873e-02 -4.388791561126709	1.0
chr10_58508157_T_A_b38	2	3.74326e-03	1.062e-01	2.866e-02 4.245946407318115	1.0
chr10_58537415_C_T_b38	2	3.71365e-03	-1.173e-01	2.935e-02 -4.231644630432129	1.0
chr10_58518727_C_T_b38	2	3.66671e-03	1.078e-01	2.827e-02 4.216716766357422	1.0
chr10_58507377_G_A_b38	2	3.64461e-03	1.110e-01	2.899e-02 4.2445411682128915	1.0
chr10_58522810_G_C_b38	2	3.55297e-03	1.096e-01	2.880e-02 4.232422055690146	1.0
chr10_58528571_A_G_b38	2	3.55269e-03	-1.147e-01	2.881e-02 -4.253109931945802	1.0
chr10_58519874_T_C_b38	2	3.52101e-03	1.091e-01	2.867e-02 4.245694637298584	1.0
chr10_58520149_G_A_b38	2	3.51184e-03	1.088e-01	2.860e-02 4.247874736785889	1.0
chr10_58519941_T_C_b38	2	3.48394e-03	1.087e-01	2.860e-02 4.245694637298584	1.0
chr10_58520070_G_A_b38	2	3.48187e-03	1.087e-01	2.860e-02 4.245694637298584	1.0
chr10_58522721_A_C_b38	2	3.48155e-03	1.087e-01	2.860e-02 4.232422055690146	1.0
chr10_58518813_C_T_b38	2	3.46498e-03	1.087e-01	2.860e-02 4.248520851135254	1.0
chr10_58518380_C_T_b38	2	3.46498e-03	1.087e-01	2.860e-02 4.234596252441406	1.0
chr10_58519207_T_C_b38	2	3.46498e-03	1.087e-01	2.860e-02 4.246427536010741	1.0
chr10_58518495_G_A_b38	2	3.46313e-03	1.087e-01	2.860e-02 4.248532772064209	1.0
chr10_58520112_C_T_b38	2	3.45864e-03	1.087e-01	2.860e-02 4.247874736785889	1.0
chr10_58519982_G_A_b38	2	3.40622e-03	1.086e-01	2.860e-02 4.245682716369629	1.0
chr10_58532282_T_C_b38	2	3.39524e-03	-1.149e-01	2.893e-02 -4.252776622772217	1.0
chr10_58506880_T_C_b38	2	3.33209e-03	1.089e-01	2.862e-02 4.258683681488037	1.0
chr10_58533095_AT_A_b38	2	3.27165e-03	-1.145e-01	2.889e-02 -4.2392904053477585	1.0
chr10_58522587_C_A_b38	2	3.25055e-03	1.087e-01	2.874e-02 4.232422055690146	1.0
chr10_58506197_C_A_b38	2	3.15997e-03	1.089e-01	2.871e-02 4.265552520751953	1.0
chr10_58529680_T_A_b38	2	3.15189e-03	-1.141e-01	2.886e-02 -4.255500793457031	1.0
chr10_58529935_T_C_b38	2	3.15150e-03	-1.141e-01	2.887e-02 -4.2518978118896475	1.0
chr10_58506795_A_C_b38	2	3.12477e-03	1.081e-01	2.852e-02 4.252138137817384	1.0
chr10_58532148_A_C_b38	2	2.93526e-03	-1.137e-01	2.888e-02 -4.1829471588134775	1.0
chr10_58529271_A_G_b38	2	2.86374e-03	-1.133e-01	2.882e-02 -4.254337787628174	1.0
chr10_58529579_A_G_b38	2	2.78807e-03	-1.132e-01	2.881e-02 -4.2526607513427725	1.0
chr10_58532151_A_T_b38	2	2.76250e-03	-1.131e-01	2.882e-02 -4.182514667510986	1.0
chr10_58527875_G_C_b38	2	2.75752e-03	-1.131e-01	2.882e-02 -4.253144264221191	1.0
chr10_58531934_G_A_b38	2	2.75239e-03	-1.131e-01	2.881e-02 -4.248044967651366	1.0
chr10_58529173_C_T_b38	2	2.74318e-03	-1.131e-01	2.882e-02 -4.253544330596924	1.0
chr10_58528390_T_G_b38	2	2.72872e-03	-1.131e-01	2.882e-02 -4.252117156982422	1.0
chr10_58529791_C_T_b38	2	2.66264e-03	-1.130e-01	2.882e-02 -4.254337787628174	1.0
chr10_58529638_C_A_b38	2	2.64948e-03	-1.129e-01	2.882e-02 -4.249492168426514	1.0
chr10_58526060_G_A_b38	2	2.62692e-03	-1.133e-01	2.894e-02 -4.253115653991698	1.0
chr10_58535556_A_G_b38	2	2.61673e-03	-1.149e-01	2.935e-02 -4.2318711280822745	1.0
chr10_58508839_C_T_b38	2	2.61550e-03	1.038e-01	2.877e-02 4.245299339294434	1.0
chr10_58529847_A_G_b38	2	2.56239e-03	-1.127e-01	2.883e-02 -4.254337787628174	1.0
chr10_58526311_C_G_b38	2	2.47298e-03	1.107e-01	2.844e-02 4.223623275756837	1.0
chr10_58505404_A_AC_b38	2	2.45808e-03	1.067e-01	2.850e-02 4.262905000244766	1.0
chr10_58523330_C_T_b38	2	2.37797e-03	-1.114e-01	2.861e-02 -4.232422046067024	1.0
chr10_58530860_G_A_b38	2	2.37517e-03	-1.121e-01	2.880e-02 -4.251842498779297	1.0
chr10_58526164_A_G_b38	2	2.35264e-03	-1.125e-01	2.892e-02 -4.246795177459717	1.0
chr10_58532904_A_G_b38	2	2.34529e-03	-1.119e-01	2.877e-02 -4.253041744232179	1.0
chr10_58528771_T_C_b38	2	2.27216e-03	-1.118e-01	2.878e-02 -4.232422046067024	1.0
chr10_58528783_G_A_b38	2	2.27216e-03	-1.118e-01	2.878e-02 -4.232422046067024	1.0
chr10_58528780_T_A_b38	2	2.27216e-03	-1.118e-01	2.878e-02 -4.232422046067024	1.0
chr10_58532623_A_G_b38	2	2.25500e-03	-1.118e-01	2.878e-02 -4.252776622772217	1.0
chr10_58532684_G_A_b38	2	2.24236e-03	-1.114e-01	2.869e-02 -4.252741813659668	1.0
chr10_58532674_A_C_b38	2	2.22722e-03	-1.117e-01	2.878e-02 -4.255244731903076	1.0
chr10_58531882_A_T_b38	2	2.21394e-03	-1.117e-01	2.878e-02 -4.2520952224731445	1.0
chr10_58518580_A_G_b38	2	2.20536e-03	1.119e-01	3.029e-02 4.254844004904133	1.0
chr10_58525684_T_C_b38	2	2.20176e-03	-1.145e-01	2.951e-02 -4.2371080300297495	1.0
chr10_58534301_A_T_b38	2	2.16752e-03	-1.118e-01	2.886e-02 -4.254186153411865	1.0
chr10_58525734_A_G_b38	2	2.14770e-03	-1.112e-01	2.871e-02 -4.248705700860036	1.0
chr10_58526107_A_G_b38	2	2.13509e-03	-1.120e-01	2.894e-02 -4.253115653991698	1.0
chr10_58506392_T_C_b38	2	1.99407e-03	1.061e-01	2.863e-02 4.274289131164552	1.0
chr10_58507079_A_G_b38	2	1.84037e-03	1.062e-01	2.883e-02 4.2509765625	1.0
chr10_58525991_C_CT_b38	2	1.73640e-03	-1.127e-01	2.944e-02 -4.206776086380156	1.0
chr10_58522578_G_C_b38	2	1.71768e-03	1.045e-01	2.867e-02 4.232422055690146	1.0
chr10_58527208_T_C_b38	2	1.55426e-03	-1.091e-01	2.860e-02 -4.2320882944466875	1.0
chr10_58528351_T_C_b38	2	1.54736e-03	-1.100e-01	2.886e-02 -4.2530694007873535	1.0
chr10_58505862_T_C_b38	2	1.53239e-03	1.041e-01	2.860e-02 4.262131690979004	1.0
chr10_58523549_T_G_b38	2	1.53139e-03	1.078e-01	2.828e-02 4.2320882822933195	1.0
chr10_58537902_T_C_b38	2	1.50589e-03	1.104e-01	2.904e-02 4.2022762298583975	1.0
chr10_58505644_A_G_b38	2	1.50169e-03	1.039e-01	2.858e-02 4.250567436218262	1.0
chr10_58539486_C_A_b38	2	1.44547e-03	-1.181e-01	2.915e-02 -4.2316503524780265	1.0
chr10_58524146_A_G_b38	2	1.42728e-03	-1.090e-01	2.866e-02 -4.232422046067024	1.0
chr10_58535396_A_AAACCTT_b38	2	1.42564e-03	-1.101e-01	2.906e-02 -4.16610430862832	1.0
chr10_58527540_C_G_b38	2	1.41718e-03	-1.088e-01	2.863e-02 -4.253115653991698	1.0
chr10_58527056_T_C_b38	2	1.38453e-03	-1.086e-01	2.862e-02 -4.253194808959962	1.0
chr10_58523402_C_T_b38	2	1.36085e-03	-1.083e-01	2.858e-02 -4.232422046067024	1.0
chr10_58533534_C_T_b38	2	1.35975e-03	-1.101e-01	2.907e-02 -4.253059387207031	1.0
chr10_58524191_A_C_b38	2	1.35837e-03	-1.083e-01	2.858e-02 -4.232422046067024	1.0
chr10_58512085_C_CA_b38	2	1.34099e-03	1.089e-01	3.290e-02 3.89448057795779	1.0
chr10_58523427_G_A_b38	2	1.33740e-03	-1.082e-01	2.858e-02 -4.232422046067024	1.0
chr10_58523810_G_A_b38	2	1.33287e-03	-1.082e-01	2.858e-02 -4.232422046067024	1.0
chr10_58528321_A_T_b38	2	1.31226e-03	-1.092e-01	2.881e-02 -4.253138542175293	1.0
chr10_58525712_A_T_b38	2	1.26603e-03	-1.091e-01	2.883e-02 -4.248705700860036	1.0
chr10_58531206_T_C_b38	2	1.26076e-03	-1.094e-01	2.896e-02 -4.2976160049438485	1.0
chr10_58531210_A_G_b38	2	1.22814e-03	-1.092e-01	2.896e-02 -4.294905662536621	1.0
chr10_58524773_C_T_b38	2	1.17853e-03	1.065e-01	2.832e-02 4.2320882822933195	1.0
chr10_58512064_G_A_b38	2	1.11551e-03	9.649e-02	2.911e-02 2.733204841613769	1.0
chr10_58524912_A_G_b38	2	1.09133e-03	-1.076e-01	2.871e-02 -4.232422046067024	1.0
chr10_58525702_T_TAAAATA_b38	2	1.09003e-03	-1.079e-01	2.880e-02 -4.2094136032242675	1.0
chr10_58538448_C_T_b38	2	1.07743e-03	-1.156e-01	2.893e-02 -4.2316503524780265	1.0
chr10_58526969_T_C_b38	2	1.03237e-03	-1.070e-01	2.864e-02 -4.232422046067024	1.0
chr10_58524644_T_G_b38	2	1.00750e-03	-1.082e-01	2.903e-02 -4.214956762853643	1.0
chr10_58527206_T_G_b38	2	1.00084e-03	-1.064e-01	2.854e-02 -4.2320882944466875	1.0
chr10_58527204_T_C_b38	2	1.00084e-03	-1.064e-01	2.854e-02 -4.2320882944466875	1.0
chr10_58523248_A_C_b38	2	9.98516e-04	-1.072e-01	2.878e-02 -4.232422046067024	1.0
chr10_58560904_T_C_b38	2	9.38862e-04	-1.148e-01	2.903e-02 -4.197768688201903	1.0
chr10_58539181_G_A_b38	2	9.35599e-04	-1.159e-01	2.931e-02 -4.231644630432129	1.0
chr10_58539391_T_G_b38	2	8.83803e-04	-1.155e-01	2.930e-02 -4.231644630432129	1.0
chr10_58538301_GAACCAAGAA_G_b38	2	8.69941e-04	-1.151e-01	2.925e-02 -4.2392904053477585	1.0
chr10_58538717_C_A_b38	2	8.61452e-04	-1.152e-01	2.932e-02 -4.231644630432129	1.0
chr10_58551767_A_T_b38	2	8.43949e-04	-1.122e-01	2.856e-02 -4.220561981201172	1.0
chr10_58560285_T_A_b38	2	8.33742e-04	-1.128e-01	2.873e-02 -4.199704647064209	1.0
chr10_58554515_G_A_b38	2	8.12555e-04	-1.125e-01	2.863e-02 -4.225865840911865	1.0
chr10_58526268_C_T_b38	2	7.80978e-04	-1.056e-01	2.881e-02 -4.253086566925049	1.0
chr10_58552484_C_T_b38	2	7.68454e-04	-1.124e-01	2.873e-02 -4.2177467346191415	1.0
chr10_58525718_T_A_b38	2	6.29694e-04	-1.044e-01	2.868e-02 -4.305004364179497	1.0
chr10_58560686_T_C_b38	2	6.24038e-04	-1.120e-01	2.880e-02 -4.193921089172363	1.0
chr10_58556451_A_G_b38	2	5.99057e-04	1.099e-01	2.841e-02 4.2008562088012695	1.0
chr10_58558354_G_A_b38	2	5.55223e-04	-1.107e-01	2.871e-02 -4.25569486618042	1.0
chr10_58524045_A_C_b38	2	5.22544e-04	-1.032e-01	2.879e-02 -4.20149402488028	1.0
chr10_58557166_G_T_b38	2	4.65834e-04	-1.109e-01	2.885e-02 -4.255671977996826	1.0
chr10_58541534_A_T_b38	2	4.51948e-04	1.082e-01	2.829e-02 4.200385570526123	1.0
chr10_58545086_TTG_T_b38	2	4.10500e-04	1.072e-01	2.822e-02 4.16610426955094	1.0
chr10_58538524_A_C_b38	2	3.95610e-04	-1.117e-01	2.921e-02 -4.236122608184815	1.0
chr10_58545104_A_C_b38	2	3.95381e-04	-1.093e-01	2.856e-02 -4.180061340332031	1.0
chr10_58547690_ATATT_A_b38	2	3.94847e-04	-1.093e-01	2.860e-02 -4.2392904053477585	1.0
chr10_58554969_T_C_b38	2	3.82324e-04	-1.103e-01	2.893e-02 -4.232612133026123	1.0
chr10_58538352_G_A_b38	2	3.81982e-04	-1.106e-01	2.900e-02 -4.2336506843566895	1.0
chr10_58548798_T_C_b38	2	3.54537e-04	1.071e-01	2.822e-02 4.2237420082092285	1.0
chr10_58552951_T_G_b38	2	3.53106e-04	1.071e-01	2.823e-02 4.2397990226745605	1.0
chr10_58526399_C_T_b38	2	3.36036e-04	-1.056e-01	2.964e-02 -4.253115653991698	1.0
chr10_58549842_T_C_b38	2	3.12640e-04	-1.096e-01	2.878e-02 -4.194381713867188	1.0
chr10_58549455_G_A_b38	2	2.99347e-04	-1.084e-01	2.856e-02 -4.257103443145752	1.0
chr10_58553414_G_A_b38	2	2.99095e-04	-1.084e-01	2.856e-02 -4.263737201690674	1.0
chr10_58542755_G_A_b38	2	2.96932e-04	-1.086e-01	2.862e-02 -4.232664108276366	1.0
chr10_58546329_G_C_b38	2	2.96231e-04	-1.083e-01	2.856e-02 -4.234919548034668	1.0
chr10_58545480_T_C_b38	2	2.96231e-04	-1.083e-01	2.856e-02 -4.2323288917541495	1.0
chr10_58558516_G_A_b38	2	2.96231e-04	-1.083e-01	2.856e-02 -4.256649971008302	1.0
chr10_58546626_T_G_b38	2	2.96231e-04	-1.083e-01	2.856e-02 -4.256988525390625	1.0
chr10_58548647_C_T_b38	2	2.93371e-04	-1.082e-01	2.856e-02 -4.255960464477538	1.0
chr10_58550720_C_G_b38	2	2.91200e-04	-1.074e-01	2.837e-02 -4.204193115234375	1.0
chr10_58546156_G_C_b38	2	2.88378e-04	-1.081e-01	2.856e-02 -4.236982822418213	1.0
chr10_58547010_G_A_b38	2	2.87774e-04	-1.083e-01	2.862e-02 -4.235978126525879	1.0
chr10_58562237_A_G_b38	2	2.86577e-04	-1.080e-01	2.856e-02 -4.224057674407959	1.0
chr10_58564522_G_A_b38	2	2.81337e-04	-1.146e-01	2.840e-02 -4.195464611053467	1.0
chr10_58552839_T_C_b38	2	2.77721e-04	-1.080e-01	2.862e-02 -4.2438249588012695	1.0
chr10_58555883_T_C_b38	2	2.71427e-04	-1.072e-01	2.846e-02 -4.22421932220459	1.0
chr10_58551354_A_T_b38	2	2.40289e-04	-1.075e-01	2.880e-02 -4.235285758972168	1.0
chr10_58541006_C_G_b38	2	2.34999e-04	-1.069e-01	2.866e-02 -4.23435640335083	1.0
chr10_58541622_T_C_b38	2	1.81903e-04	-1.067e-01	2.861e-02 -4.230157375335693	1.0
chr10_58583878_T_C_b38	2	1.30738e-04	-1.121e-01	2.823e-02 -3.9653944969177246	1.0
chr10_58582174_G_T_b38	2	1.21228e-04	-1.117e-01	2.824e-02 -4.040132522583009	1.0
chr10_58579338_A_C_b38	2	1.19197e-04	-1.115e-01	2.824e-02 -4.042859554290772	1.0
chr10_58583270_A_G_b38	2	1.17831e-04	-1.124e-01	2.849e-02 -4.026046276092528	1.0
chr10_58569470_A_C_b38	2	1.17746e-04	-1.135e-01	2.878e-02 -4.185435771942139	1.0
chr10_58542956_T_C_b38	2	1.13492e-04	-1.055e-01	2.875e-02 -4.168205738067627	1.0
chr10_58583767_C_A_b38	2	1.10624e-04	-1.120e-01	2.852e-02 -4.024636745452882	1.0
chr10_58543935_G_A_b38	2	5.56156e-05	-1.022e-01	2.871e-02 -4.2313146591186515	1.0
chr10_58554423_A_C_b38	2	5.27818e-05	-1.019e-01	2.876e-02 -4.2555508613586435	1.0
chr10_58559106_AC_A_b38	2	5.26035e-05	-1.017e-01	2.874e-02 -4.252323825455954	1.0
chr10_58482423_A_G_b38	3	2.97749e-03	-1.174e-01	3.642e-02 2.5803027153015137	1.0
chr10_58482705_G_A_b38	3	2.68259e-03	-1.179e-01	3.655e-02 2.574024200439453	1.0
chr10_58495432_T_C_b38	3	2.50632e-03	-1.118e-01	3.873e-02 2.4656662940979004	1.0
chr10_58493604_C_T_b38	3	2.50632e-03	-1.118e-01	3.873e-02 2.4862005710601807	1.0
chr10_58494812_T_G_b38	3	2.36918e-03	-1.110e-01	3.877e-02 2.4701988697052	1.0
chr10_58494292_G_T_b38	3	2.36410e-03	-1.125e-01	3.890e-02 2.527888774871826	1.0
chr10_58499862_T_C_b38	3	1.45837e-03	-1.053e-01	3.843e-02 2.5725526809692383	1.0
chr10_58499492_T_A_b38	3	1.45837e-03	-1.053e-01	3.843e-02 2.573017835617065	1.0
chr10_58501310_T_C_b38	3	1.45821e-03	-1.053e-01	3.843e-02 2.577054023742676	1.0
chr10_58471814_T_G_b38	3	1.44313e-03	-1.113e-01	3.595e-02 2.546820640563965	1.0
chr10_58480197_T_C_b38	3	1.27191e-03	-1.087e-01	3.585e-02 2.6134657859802246	1.0
chr10_58477293_C_T_b38	3	9.70377e-04	-1.092e-01	3.623e-02 2.586217164993286	1.0
chr10_58496858_A_G_b38	3	5.30689e-04	-9.703e-02	3.618e-02 2.9845371246337886	1.0
chr10_58500785_G_T_b38	3	2.81769e-04	-8.793e-02	3.546e-02 3.015852689743042	1.0
chr10_58501937_C_A_b38	3	2.70868e-04	-8.739e-02	3.560e-02 3.0439233779907227	1.0
