chr6_31966595_C_T_b38	1	1.79378e-01	9.830e-01	3.735e-02 0.7148514986038208	1.0
chr6_31964400_C_T_b38	1	1.79378e-01	9.830e-01	3.735e-02 0.8314645290374756	1.0
chr6_31965384_G_A_b38	1	1.79378e-01	9.830e-01	3.735e-02 0.7176994085311891	1.0
chr6_31968902_C_T_b38	1	1.79378e-01	9.830e-01	3.735e-02 0.7419801950454712	1.0
chr6_31967534_C_T_b38	1	1.79378e-01	9.830e-01	3.735e-02 0.7134796380996704	1.0
chr6_31974737_A_G_b38	1	9.97047e-02	9.829e-01	3.686e-02 0.7213978767395021	1.0
chr6_31975808_T_C_b38	1	1.67275e-03	9.731e-01	3.670e-02 0.701156230120264	1.0
chr6_31973780_G_A_b38	1	1.67275e-03	9.731e-01	3.670e-02 0.7237614393234253	1.0
chr6_31959565_A_G_b38	2	6.28706e-01	1.511e-01	2.863e-02 -16.52298355102539	1.0
chr6_31961022_T_C_b38	2	1.24105e-01	1.511e-01	2.862e-02 -16.691278457641598	1.0
chr6_31961237_A_C_b38	2	1.24105e-01	1.511e-01	2.862e-02 -16.674728393554688	1.0
chr6_31954477_A_C_b38	2	6.44816e-02	1.508e-01	2.868e-02 -16.819469451904293	1.0
chr6_31968891_T_C_b38	2	2.37946e-02	1.473e-01	2.872e-02 -16.718564987182614	1.0
chr6_31910718_A_G_b38	2	1.25104e-02	1.574e-01	2.928e-02 -18.38680076599121	1.0
chr6_31979683_G_T_b38	2	8.37608e-03	1.447e-01	2.879e-02 -16.776573181152347	1.0
chr6_31979060_C_G_b38	2	8.37608e-03	1.447e-01	2.879e-02 -16.80051612854004	1.0
chr6_31958736_AC_A_b38	3	5.62598e-02	1.674e-01	6.962e-02 -4.06303964703965	1.0
chr6_31944232_G_C_b38	3	1.44142e-03	1.628e-01	6.488e-02 -3.836971759796143	1.0
chr6_31976444_C_T_b38	3	1.03034e-03	1.613e-01	7.179e-02 -3.2970830908058253	1.0
chr6_31911963_G_A_b38	3	5.43398e-04	1.984e-01	7.954e-02 -3.737147808074951	1.0
chr6_32008795_C_G_b38	3	3.51083e-04	1.299e-01	5.505e-02 -2.706801670677202	1.0
chr6_31967507_CCT_C_b38	4	2.28646e-04	-3.854e-01	3.449e-01 0.701156230120264	1.0
chr6_31980644_TCTC_T_b38	4	8.73229e-05	-6.227e-01	2.254e-01 0.701156230120264	1.0
chr6_31960529_A_G_b38	4	6.39812e-05	-2.857e-02	6.982e-02 -0.8492279052734375	1.0
chr6_31957103_G_A_b38	4	5.94714e-05	-3.992e-02	7.018e-02 -0.8581434488296509	1.0
chr6_31976816_C_T_b38	4	5.58142e-05	-2.899e-01	2.461e-01 0.5400071670007606	1.0
