chr10_58629241_A_G_b38	1	3.53715e-01	3.842e-01	4.249e-02 -0.3671499192714691	1.0
chr10_58625110_C_T_b38	1	6.55682e-02	3.761e-01	4.268e-02 -0.2973806858062744	1.0
chr10_58626212_G_A_b38	1	6.55682e-02	3.761e-01	4.268e-02 -0.30453649163246155	1.0
chr10_58624129_C_T_b38	1	6.55682e-02	3.761e-01	4.268e-02 -0.2958577573299408	1.0
chr10_58624787_T_A_b38	1	6.55682e-02	3.761e-01	4.268e-02 -0.2964952886104584	1.0
chr10_58624699_T_G_b38	1	6.55682e-02	3.761e-01	4.268e-02 -0.29886120557785034	1.0
chr10_58623465_A_T_b38	1	6.55682e-02	3.761e-01	4.268e-02 -0.35908448696136475	1.0
chr10_58622734_G_C_b38	1	6.55682e-02	3.761e-01	4.268e-02 -0.3591216504573822	1.0
chr10_58618138_G_C_b38	1	6.54336e-02	3.767e-01	4.284e-02 -0.1451033055782318	1.0
chr10_58619020_G_GT_b38	1	1.90596e-02	3.747e-01	4.355e-02 -0.3051278710889373	1.0
chr10_58622845_A_G_b38	1	1.89559e-02	3.739e-01	4.335e-02 -0.3576679527759552	1.0
chr10_58631822_C_T_b38	1	8.59213e-03	-3.838e-01	4.551e-02 0.37384870648384094	1.0
chr10_58626835_C_T_b38	1	8.59213e-03	-3.838e-01	4.551e-02 0.3681991696357727	1.0
chr10_58631994_CCTAAG_C_b38	1	8.59213e-03	-3.838e-01	4.551e-02 0.3051278710889373	1.0
chr10_58621515_CAA_C_b38	1	8.59213e-03	-3.838e-01	4.551e-02 0.3051278710889373	1.0
chr10_58619539_A_C_b38	1	8.59213e-03	-3.838e-01	4.551e-02 0.3350163996219635	1.0
chr10_58630513_A_G_b38	1	8.58789e-03	-3.828e-01	4.532e-02 0.2893625497817993	1.0
chr10_58626343_T_C_b38	1	8.58789e-03	-3.828e-01	4.532e-02 0.30895599722862244	1.0
chr10_58632677_A_C_b38	1	8.58789e-03	-3.828e-01	4.532e-02 0.3545936644077301	1.0
chr10_58623766_A_C_b38	1	8.58789e-03	-3.828e-01	4.532e-02 0.2906277477741241	1.0
chr10_58628212_T_C_b38	1	4.31346e-03	-3.879e-01	4.657e-02 0.3658610880374909	1.0
chr10_58513429_ACGGC_A_b38	2	1.18407e-01	1.415e-01	4.181e-02 4.2320882822933195	1.0
chr10_58513395_C_A_b38	2	7.64293e-02	1.354e-01	4.168e-02 4.2168054580688485	1.0
chr10_58513361_T_C_b38	2	7.64293e-02	1.354e-01	4.168e-02 4.226908683776856	1.0
chr10_58513670_G_A_b38	2	4.57563e-02	1.417e-01	4.156e-02 4.209168434143066	1.0
chr10_58512609_T_C_b38	2	2.99574e-02	1.336e-01	4.154e-02 4.2172040939331055	1.0
chr10_58514138_G_A_b38	2	2.72430e-02	1.354e-01	4.168e-02 4.219476222991943	1.0
chr10_58512180_T_C_b38	2	2.69402e-02	1.316e-01	4.130e-02 4.208296775817871	1.0
chr10_58512227_G_A_b38	2	2.69402e-02	1.316e-01	4.130e-02 4.209007740020752	1.0
chr10_58515210_T_G_b38	2	1.30417e-02	1.362e-01	4.157e-02 4.2418174743652335	1.0
chr10_58515390_A_G_b38	2	1.30417e-02	1.362e-01	4.157e-02 4.243647575378418	1.0
chr10_58514846_T_C_b38	2	1.30417e-02	1.362e-01	4.157e-02 4.238115787506104	1.0
chr10_58514217_C_T_b38	2	1.30417e-02	1.362e-01	4.157e-02 4.231905937194823	1.0
chr10_58514289_C_A_b38	2	1.30417e-02	1.362e-01	4.157e-02 4.234811782836913	1.0
chr10_58515168_C_T_b38	2	1.30417e-02	1.362e-01	4.157e-02 4.22446346282959	1.0
chr10_58515181_C_T_b38	2	1.30417e-02	1.362e-01	4.157e-02 4.2381134033203125	1.0
chr10_58514422_C_T_b38	2	1.30417e-02	1.362e-01	4.157e-02 4.235635757446288	1.0
chr10_58514453_T_C_b38	2	1.30417e-02	1.362e-01	4.157e-02 4.2358880043029785	1.0
chr10_58512488_C_T_b38	2	1.25020e-02	1.241e-01	4.126e-02 4.1881394386291495	1.0
chr10_58511612_T_A_b38	2	1.16622e-02	1.348e-01	4.129e-02 4.254012584686278	1.0
chr10_58511771_A_G_b38	2	1.16622e-02	1.348e-01	4.129e-02 4.317283153533936	1.0
chr10_58514676_CCT_C_b38	2	1.14911e-02	1.341e-01	4.146e-02 4.029944968631407	1.0
chr10_58505644_A_G_b38	2	1.10131e-02	1.455e-01	4.102e-02 4.250567436218262	1.0
chr10_58504981_A_T_b38	2	8.70798e-03	1.453e-01	4.151e-02 4.355509281158446	1.0
chr10_58523549_T_G_b38	2	8.36131e-03	1.493e-01	4.054e-02 4.2320882822933195	1.0
chr10_58537814_A_G_b38	2	8.36131e-03	1.493e-01	4.054e-02 4.203556537628174	1.0
chr10_58526311_C_G_b38	2	8.36131e-03	1.493e-01	4.054e-02 4.223623275756837	1.0
chr10_58537902_T_C_b38	2	8.36131e-03	1.493e-01	4.054e-02 4.2022762298583975	1.0
chr10_58524773_C_T_b38	2	8.36131e-03	1.493e-01	4.054e-02 4.2320882822933195	1.0
chr10_58509566_T_A_b38	2	6.69714e-03	1.349e-01	4.127e-02 4.246440887451172	1.0
chr10_58509217_T_C_b38	2	6.69714e-03	1.349e-01	4.127e-02 4.245271682739259	1.0
chr10_58509120_A_C_b38	2	6.69714e-03	1.349e-01	4.127e-02 4.2452659606933585	1.0
chr10_58508157_T_A_b38	2	6.69714e-03	1.349e-01	4.127e-02 4.245946407318115	1.0
chr10_58509995_G_T_b38	2	6.69714e-03	1.349e-01	4.127e-02 4.23416805267334	1.0
chr10_58510475_G_T_b38	2	6.69714e-03	1.349e-01	4.127e-02 4.244445323944092	1.0
chr10_58508638_C_T_b38	2	6.69714e-03	1.349e-01	4.127e-02 4.242477893829347	1.0
chr10_58508839_C_T_b38	2	6.69714e-03	1.349e-01	4.127e-02 4.245299339294434	1.0
chr10_58508510_G_A_b38	2	6.69714e-03	1.349e-01	4.127e-02 4.243687629699707	1.0
chr10_58509978_G_A_b38	2	6.69714e-03	1.349e-01	4.127e-02 4.234146118164063	1.0
chr10_58509931_A_G_b38	2	6.69714e-03	1.349e-01	4.127e-02 4.231437683105469	1.0
chr10_58510500_T_G_b38	2	6.69714e-03	1.349e-01	4.127e-02 4.244047164916991	1.0
chr10_58509023_T_C_b38	2	6.69714e-03	1.349e-01	4.127e-02 4.2420525550842285	1.0
chr10_58509340_C_A_b38	2	6.69714e-03	1.349e-01	4.127e-02 4.2391624450683585	1.0
chr10_58518727_C_T_b38	2	5.75304e-03	1.388e-01	4.077e-02 4.216716766357422	1.0
chr10_58517329_C_T_b38	2	5.15594e-03	1.307e-01	4.158e-02 4.207045555114746	1.0
chr10_58517295_G_A_b38	2	5.15594e-03	1.307e-01	4.158e-02 4.207045555114746	1.0
chr10_58516422_A_G_b38	2	5.15594e-03	1.307e-01	4.158e-02 4.2060632705688485	1.0
chr10_58606215_T_C_b38	2	4.74789e-03	1.733e-01	4.272e-02 2.3292222023010254	1.0
chr10_58517155_C_T_b38	2	4.59022e-03	1.283e-01	4.132e-02 4.23895263671875	1.0
chr10_58517069_C_T_b38	2	4.59022e-03	1.283e-01	4.132e-02 4.241546630859375	1.0
chr10_58516323_T_G_b38	2	4.59022e-03	1.283e-01	4.132e-02 4.240734100341797	1.0
chr10_58517146_C_T_b38	2	4.59022e-03	1.283e-01	4.132e-02 4.2416157722473145	1.0
chr10_58505862_T_C_b38	2	4.17063e-03	1.349e-01	4.127e-02 4.262131690979004	1.0
chr10_58506880_T_C_b38	2	4.17063e-03	1.349e-01	4.127e-02 4.258683681488037	1.0
chr10_58506197_C_A_b38	2	4.17063e-03	1.349e-01	4.127e-02 4.265552520751953	1.0
chr10_58506795_A_C_b38	2	4.17063e-03	1.349e-01	4.127e-02 4.252138137817384	1.0
chr10_58507916_G_GAT_b38	2	4.17063e-03	1.349e-01	4.127e-02 4.312204469412094	1.0
chr10_58507079_A_G_b38	2	4.17063e-03	1.349e-01	4.127e-02 4.2509765625	1.0
chr10_58506392_T_C_b38	2	4.17063e-03	1.349e-01	4.127e-02 4.274289131164552	1.0
chr10_58507377_G_A_b38	2	4.17063e-03	1.349e-01	4.127e-02 4.2445411682128915	1.0
chr10_58505404_A_AC_b38	2	4.16354e-03	1.349e-01	4.129e-02 4.262905000244766	1.0
chr10_58512064_G_A_b38	2	1.60058e-03	1.255e-01	4.240e-02 2.733204841613769	1.0
chr10_58517990_ATAT_A_b38	2	1.38344e-03	1.250e-01	4.128e-02 4.232422055690146	1.0
chr10_58516531_C_T_b38	2	1.38344e-03	1.250e-01	4.128e-02 4.243760108947754	1.0
chr10_58516495_G_GT_b38	2	1.38344e-03	1.250e-01	4.128e-02 4.232422055690146	1.0
chr10_58517489_G_A_b38	2	1.38344e-03	1.250e-01	4.128e-02 4.241788864135741	1.0
chr10_58517789_A_C_b38	2	1.38344e-03	1.250e-01	4.128e-02 4.241725444793701	1.0
chr10_58517729_C_T_b38	2	1.38344e-03	1.250e-01	4.128e-02 4.241714000701903	1.0
chr10_58516609_T_C_b38	2	1.38344e-03	1.250e-01	4.128e-02 4.240175247192384	1.0
chr10_58505896_G_A_b38	2	1.32601e-03	1.370e-01	4.243e-02 2.450161933898926	1.0
chr10_58507880_A_C_b38	2	1.06280e-03	1.298e-01	4.134e-02 4.2061190605163565	1.0
chr10_58507550_G_A_b38	2	1.06280e-03	1.298e-01	4.134e-02 4.202124118804932	1.0
chr10_58541534_A_T_b38	2	1.06266e-03	1.470e-01	4.044e-02 4.200385570526123	1.0
chr10_58545086_TTG_T_b38	2	1.06266e-03	1.470e-01	4.044e-02 4.16610426955094	1.0
chr10_58548798_T_C_b38	2	1.06266e-03	1.470e-01	4.044e-02 4.2237420082092285	1.0
chr10_58552951_T_G_b38	2	1.06266e-03	1.470e-01	4.044e-02 4.2397990226745605	1.0
chr10_58538717_C_A_b38	2	1.00686e-03	-1.522e-01	4.222e-02 -4.231644630432129	1.0
chr10_58535396_A_AAACCTT_b38	2	9.16419e-04	-1.366e-01	4.138e-02 -4.16610430862832	1.0
chr10_58520393_C_A_b38	2	8.93784e-04	1.290e-01	4.147e-02 4.218127727508545	1.0
chr10_58519564_G_A_b38	2	8.93784e-04	1.290e-01	4.147e-02 4.216045379638672	1.0
chr10_58556451_A_G_b38	2	8.81247e-04	1.449e-01	4.046e-02 4.2008562088012695	1.0
chr10_58525003_C_A_b38	2	7.59608e-04	1.390e-01	4.266e-02 2.671822261093251	1.0
chr10_58521856_G_A_b38	2	7.18469e-04	1.262e-01	4.159e-02 4.2471704483032235	1.0
chr10_58522783_C_T_b38	2	6.96902e-04	1.250e-01	4.128e-02 4.232422055690146	1.0
chr10_58519941_T_C_b38	2	6.96902e-04	1.250e-01	4.128e-02 4.245694637298584	1.0
chr10_58519874_T_C_b38	2	6.96902e-04	1.250e-01	4.128e-02 4.245694637298584	1.0
chr10_58518813_C_T_b38	2	6.96902e-04	1.250e-01	4.128e-02 4.248520851135254	1.0
chr10_58521594_C_T_b38	2	6.96902e-04	1.250e-01	4.128e-02 4.246358394622804	1.0
chr10_58521507_C_T_b38	2	6.96902e-04	1.250e-01	4.128e-02 4.246568679809569	1.0
chr10_58520876_CAT_C_b38	2	6.96902e-04	1.250e-01	4.128e-02 4.232422055690146	1.0
chr10_58521660_CT_C_b38	2	6.96902e-04	1.250e-01	4.128e-02 4.232422055690146	1.0
chr10_58522721_A_C_b38	2	6.96902e-04	1.250e-01	4.128e-02 4.232422055690146	1.0
chr10_58522587_C_A_b38	2	6.96902e-04	1.250e-01	4.128e-02 4.232422055690146	1.0
chr10_58521640_A_G_b38	2	6.96902e-04	1.250e-01	4.128e-02 4.246880531311035	1.0
chr10_58520668_A_G_b38	2	6.96902e-04	1.250e-01	4.128e-02 4.2484402656555185	1.0
chr10_58518495_G_A_b38	2	6.96902e-04	1.250e-01	4.128e-02 4.248532772064209	1.0
chr10_58521151_T_G_b38	2	6.96902e-04	1.250e-01	4.128e-02 4.245780944824219	1.0
chr10_58520149_G_A_b38	2	6.96902e-04	1.250e-01	4.128e-02 4.247874736785889	1.0
chr10_58519982_G_A_b38	2	6.96902e-04	1.250e-01	4.128e-02 4.245682716369629	1.0
chr10_58521330_C_T_b38	2	6.96902e-04	1.250e-01	4.128e-02 4.246166229248047	1.0
chr10_58520070_G_A_b38	2	6.96902e-04	1.250e-01	4.128e-02 4.245694637298584	1.0
chr10_58518380_C_T_b38	2	6.96902e-04	1.250e-01	4.128e-02 4.234596252441406	1.0
chr10_58522578_G_C_b38	2	6.96902e-04	1.250e-01	4.128e-02 4.232422055690146	1.0
chr10_58520563_C_T_b38	2	6.96902e-04	1.250e-01	4.128e-02 4.245780944824219	1.0
chr10_58519207_T_C_b38	2	6.96902e-04	1.250e-01	4.128e-02 4.246427536010741	1.0
chr10_58522810_G_C_b38	2	6.96902e-04	1.250e-01	4.128e-02 4.232422055690146	1.0
chr10_58522318_T_C_b38	2	6.96902e-04	1.250e-01	4.128e-02 4.247715950012207	1.0
chr10_58520112_C_T_b38	2	6.86500e-04	1.248e-01	4.128e-02 4.247874736785889	1.0
chr10_58512085_C_CA_b38	2	6.67246e-04	1.119e-01	4.281e-02 3.89448057795779	1.0
chr10_58532684_G_A_b38	2	6.65612e-04	-1.318e-01	4.115e-02 -4.252741813659668	1.0
chr10_58525702_T_TAAAATA_b38	2	5.99244e-04	-1.312e-01	4.142e-02 -4.2094136032242675	1.0
chr10_58525712_A_T_b38	2	5.92465e-04	-1.288e-01	4.065e-02 -4.248705700860036	1.0
chr10_58525684_T_C_b38	2	5.92465e-04	-1.288e-01	4.065e-02 -4.2371080300297495	1.0
chr10_58534619_T_C_b38	2	5.84663e-04	-1.306e-01	4.136e-02 -4.2120633125305185	1.0
chr10_58535582_T_G_b38	2	5.84663e-04	-1.306e-01	4.136e-02 -4.196327686309815	1.0
chr10_58525718_T_A_b38	2	5.83781e-04	-1.283e-01	4.055e-02 -4.305004364179497	1.0
chr10_58527372_G_A_b38	2	5.06806e-04	-1.290e-01	4.147e-02 -4.208306784771941	1.0
chr10_58529629_A_T_b38	2	5.06806e-04	-1.290e-01	4.147e-02 -4.208306784771941	1.0
chr10_58527056_T_C_b38	2	5.02217e-04	-1.289e-01	4.146e-02 -4.253194808959962	1.0
chr10_58518580_A_G_b38	2	4.96553e-04	1.196e-01	4.108e-02 4.254844004904133	1.0
chr10_58529614_C_G_b38	2	4.72406e-04	-1.270e-01	4.109e-02 -4.388791561126709	1.0
chr10_58532642_A_G_b38	2	4.66210e-04	-1.277e-01	4.142e-02 -4.218107223510741	1.0
chr10_58536209_A_T_b38	2	4.58083e-04	-1.268e-01	4.121e-02 -4.231640338897705	1.0
chr10_58535556_A_G_b38	2	4.58083e-04	-1.268e-01	4.121e-02 -4.2318711280822745	1.0
chr10_58537415_C_T_b38	2	4.58083e-04	-1.268e-01	4.121e-02 -4.231644630432129	1.0
chr10_58534410_C_T_b38	2	4.58083e-04	-1.268e-01	4.121e-02 -4.2530765533447275	1.0
chr10_58534925_A_T_b38	2	4.58083e-04	-1.268e-01	4.121e-02 -4.2544803619384775	1.0
chr10_58525749_A_G_b38	2	4.18503e-04	-1.248e-01	4.090e-02 -4.248705700860036	1.0
chr10_58525734_A_G_b38	2	4.18503e-04	-1.248e-01	4.090e-02 -4.248705700860036	1.0
chr10_58532623_A_G_b38	2	3.95168e-04	-1.250e-01	4.128e-02 -4.252776622772217	1.0
chr10_58529173_C_T_b38	2	3.95168e-04	-1.250e-01	4.128e-02 -4.253544330596924	1.0
chr10_58532282_T_C_b38	2	3.95168e-04	-1.250e-01	4.128e-02 -4.252776622772217	1.0
chr10_58523427_G_A_b38	2	3.95168e-04	-1.250e-01	4.128e-02 -4.232422046067024	1.0
chr10_58528771_T_C_b38	2	3.95168e-04	-1.250e-01	4.128e-02 -4.232422046067024	1.0
chr10_58532674_A_C_b38	2	3.95168e-04	-1.250e-01	4.128e-02 -4.255244731903076	1.0
chr10_58530860_G_A_b38	2	3.95168e-04	-1.250e-01	4.128e-02 -4.251842498779297	1.0
chr10_58526268_C_T_b38	2	3.95168e-04	-1.250e-01	4.128e-02 -4.253086566925049	1.0
chr10_58526060_G_A_b38	2	3.95168e-04	-1.250e-01	4.128e-02 -4.253115653991698	1.0
chr10_58523330_C_T_b38	2	3.95168e-04	-1.250e-01	4.128e-02 -4.232422046067024	1.0
chr10_58529579_A_G_b38	2	3.95168e-04	-1.250e-01	4.128e-02 -4.2526607513427725	1.0
chr10_58529638_C_A_b38	2	3.95168e-04	-1.250e-01	4.128e-02 -4.249492168426514	1.0
chr10_58524191_A_C_b38	2	3.95168e-04	-1.250e-01	4.128e-02 -4.232422046067024	1.0
chr10_58528390_T_G_b38	2	3.95168e-04	-1.250e-01	4.128e-02 -4.252117156982422	1.0
chr10_58527208_T_C_b38	2	3.95168e-04	-1.250e-01	4.128e-02 -4.2320882944466875	1.0
chr10_58528351_T_C_b38	2	3.95168e-04	-1.250e-01	4.128e-02 -4.2530694007873535	1.0
chr10_58531934_G_A_b38	2	3.95168e-04	-1.250e-01	4.128e-02 -4.248044967651366	1.0
chr10_58523248_A_C_b38	2	3.95168e-04	-1.250e-01	4.128e-02 -4.232422046067024	1.0
chr10_58529935_T_C_b38	2	3.95168e-04	-1.250e-01	4.128e-02 -4.2518978118896475	1.0
chr10_58534301_A_T_b38	2	3.95168e-04	-1.250e-01	4.128e-02 -4.254186153411865	1.0
chr10_58529791_C_T_b38	2	3.95168e-04	-1.250e-01	4.128e-02 -4.254337787628174	1.0
chr10_58529847_A_G_b38	2	3.95168e-04	-1.250e-01	4.128e-02 -4.254337787628174	1.0
chr10_58532148_A_C_b38	2	3.95168e-04	-1.250e-01	4.128e-02 -4.1829471588134775	1.0
chr10_58533095_AT_A_b38	2	3.95168e-04	-1.250e-01	4.128e-02 -4.2392904053477585	1.0
chr10_58528780_T_A_b38	2	3.95168e-04	-1.250e-01	4.128e-02 -4.232422046067024	1.0
chr10_58528321_A_T_b38	2	3.95168e-04	-1.250e-01	4.128e-02 -4.253138542175293	1.0
chr10_58523402_C_T_b38	2	3.95168e-04	-1.250e-01	4.128e-02 -4.232422046067024	1.0
chr10_58533534_C_T_b38	2	3.95168e-04	-1.250e-01	4.128e-02 -4.253059387207031	1.0
chr10_58527204_T_C_b38	2	3.95168e-04	-1.250e-01	4.128e-02 -4.2320882944466875	1.0
chr10_58531206_T_C_b38	2	3.95168e-04	-1.250e-01	4.128e-02 -4.2976160049438485	1.0
chr10_58532151_A_T_b38	2	3.95168e-04	-1.250e-01	4.128e-02 -4.182514667510986	1.0
chr10_58523810_G_A_b38	2	3.95168e-04	-1.250e-01	4.128e-02 -4.232422046067024	1.0
chr10_58524912_A_G_b38	2	3.95168e-04	-1.250e-01	4.128e-02 -4.232422046067024	1.0
chr10_58527875_G_C_b38	2	3.95168e-04	-1.250e-01	4.128e-02 -4.253144264221191	1.0
chr10_58526164_A_G_b38	2	3.95168e-04	-1.250e-01	4.128e-02 -4.246795177459717	1.0
chr10_58526969_T_C_b38	2	3.95168e-04	-1.250e-01	4.128e-02 -4.232422046067024	1.0
chr10_58532357_T_A_b38	2	3.95168e-04	-1.250e-01	4.128e-02 -4.248914718627931	1.0
chr10_58528783_G_A_b38	2	3.95168e-04	-1.250e-01	4.128e-02 -4.232422046067024	1.0
chr10_58531210_A_G_b38	2	3.95168e-04	-1.250e-01	4.128e-02 -4.294905662536621	1.0
chr10_58529271_A_G_b38	2	3.95168e-04	-1.250e-01	4.128e-02 -4.254337787628174	1.0
chr10_58531882_A_T_b38	2	3.95168e-04	-1.250e-01	4.128e-02 -4.2520952224731445	1.0
chr10_58537342_T_C_b38	2	3.95168e-04	-1.250e-01	4.128e-02 -4.231640338897705	1.0
chr10_58526107_A_G_b38	2	3.95168e-04	-1.250e-01	4.128e-02 -4.253115653991698	1.0
chr10_58527206_T_G_b38	2	3.95168e-04	-1.250e-01	4.128e-02 -4.2320882944466875	1.0
chr10_58529680_T_A_b38	2	3.95168e-04	-1.250e-01	4.128e-02 -4.255500793457031	1.0
chr10_58534146_A_G_b38	2	3.95168e-04	-1.250e-01	4.128e-02 -4.254191875457764	1.0
chr10_58526399_C_T_b38	2	3.95168e-04	-1.250e-01	4.128e-02 -4.253115653991698	1.0
chr10_58524146_A_G_b38	2	3.95168e-04	-1.250e-01	4.128e-02 -4.232422046067024	1.0
chr10_58528571_A_G_b38	2	3.95168e-04	-1.250e-01	4.128e-02 -4.253109931945802	1.0
chr10_58532904_A_G_b38	2	3.95168e-04	-1.250e-01	4.128e-02 -4.253041744232179	1.0
chr10_58527540_C_G_b38	2	3.73252e-04	-1.240e-01	4.121e-02 -4.253115653991698	1.0
chr10_58524644_T_G_b38	2	3.61720e-04	-1.241e-01	4.144e-02 -4.214956762853643	1.0
chr10_58525991_C_CT_b38	2	3.58733e-04	-1.237e-01	4.132e-02 -4.206776086380156	1.0
chr10_58550720_C_G_b38	2	3.54929e-04	-1.353e-01	4.103e-02 -4.204193115234375	1.0
chr10_58512249_C_G_b38	3	5.78326e-03	-8.637e-02	9.684e-02 0.4692731201648712	1.0
chr10_58512448_G_A_b38	3	5.78326e-03	-8.637e-02	9.684e-02 0.4586878418922424	1.0
chr10_58525266_A_G_b38	3	1.30108e-04	7.574e-02	1.016e-01 -0.88428584503776	1.0
