chr20_4121153_C_T_b38	1	5.76717e-01	2.827e-01	7.926e-02 -13.23143482208252	1.0
chr20_4118911_T_G_b38	1	7.19676e-03	-2.187e-01	8.299e-02 13.191033363342285	1.0
chr20_4121009_T_C_b38	2	1.58844e-02	-2.829e-02	1.856e-01 9.506983757019043	1.0
chr20_4120356_A_G_b38	2	1.28881e-02	-2.070e-01	1.328e-01 9.469063758850098	1.0
chr20_4119067_G_A_b38	2	3.19073e-03	-1.253e-01	1.777e-01 9.474825859069824	1.0
chr20_4123349_T_C_b38	2	3.00895e-03	-1.380e-01	1.488e-01 7.072327136993407	1.0
chr20_4119968_A_G_b38	2	2.37452e-03	5.525e-02	1.949e-01 9.469141006469727	1.0
chr20_4117573_G_A_b38	2	1.36956e-03	5.525e-02	1.949e-01 9.455924034118652	1.0
chr20_4113277_T_C_b38	2	9.61950e-04	1.411e-01	1.865e-01 9.470359802246094	1.0
chr20_4113882_T_C_b38	2	8.76105e-04	-3.897e-02	1.806e-01 9.448355674743652	1.0
chr20_4115457_A_G_b38	2	8.28657e-04	5.525e-02	1.949e-01 9.469294548034668	1.0
chr20_4111227_G_C_b38	2	8.20273e-04	-1.807e-02	1.797e-01 9.407788276672363	1.0
chr20_4114955_A_C_b38	2	8.14829e-04	-6.765e-02	1.845e-01 8.726750373840332	1.0
chr20_4113649_C_T_b38	2	7.94011e-04	-7.778e-03	1.764e-01 9.427166938781738	1.0
chr20_4113315_G_A_b38	2	7.69271e-04	5.353e-02	1.751e-01 9.46314811706543	1.0
chr20_4111346_A_G_b38	2	7.47604e-04	2.147e-02	1.725e-01 9.47132968902588	1.0
chr20_4110155_G_A_b38	2	4.07128e-04	-3.714e-02	1.737e-01 9.110867500305176	1.0
