chr1_109466812_A_C_b38	1	8.13085e-01	-1.183e+00	3.425e-01 0.8754459023475647	1.0
chr1_109469079_G_A_b38	1	1.06366e-01	-9.609e-01	6.311e-02 1.0109047889709473	1.0
chr1_109471333_C_T_b38	1	6.25006e-02	-9.636e-01	5.408e-02 0.9878166317939758	1.0
chr1_109466191_T_C_b38	1	6.46906e-03	-9.763e-01	5.959e-02 0.8847701549530029	1.0
chr1_109466549_C_T_b38	1	6.46906e-03	-9.763e-01	5.959e-02 0.8726513981819153	1.0
chr1_109275536_C_CT_b38	2	2.73864e-01	-3.430e-01	5.575e-02 -4.455075784382178	1.0
chr1_109274570_A_G_b38	2	1.25257e-01	3.332e-01	5.679e-02 4.705712795257568	1.0
chr1_109275684_G_T_b38	2	8.00748e-02	-3.247e-01	5.557e-02 -4.826676845550537	1.0
chr1_109275216_T_C_b38	2	7.72486e-02	-3.241e-01	5.558e-02 -4.712809085845947	1.0
chr1_109275908_C_T_b38	2	6.52695e-02	-3.219e-01	5.559e-02 -4.888753890991211	1.0
chr1_109274968_G_T_b38	2	5.10621e-02	3.190e-01	5.625e-02 4.979031562805176	1.0
chr1_109278685_G_T_b38	2	4.80406e-02	-3.181e-01	5.635e-02 -4.768527030944824	1.0
chr1_109279544_G_A_b38	2	4.80406e-02	-3.181e-01	5.635e-02 -4.736955642700195	1.0
chr1_109279521_G_A_b38	2	4.38205e-02	-3.185e-01	5.666e-02 -4.721502304077148	1.0
chr1_109278889_T_G_b38	2	4.26746e-02	-3.137e-01	5.566e-02 -4.510140895843506	1.0
chr1_109274241_T_TC_b38	2	1.11258e-02	3.349e-01	6.389e-02 4.623426610940907	1.0
chr1_109466156_C_T_b38	3	1.02738e-01	8.119e-01	1.956e-01 0.9015654921531676	1.0
chr1_109467032_AC_A_b38	3	5.88714e-02	6.680e-01	1.795e-01 0.8000625016695712	1.0
chr1_109465014_G_C_b38	3	1.22240e-02	7.618e-01	1.932e-01 0.8991883397102356	1.0
chr1_109467488_C_G_b38	3	7.83751e-03	3.919e-01	6.988e-01 0.8958463668823242	1.0
chr1_109457216_A_C_b38	3	6.84531e-03	8.262e-01	1.928e-01 0.8993580341339111	1.0
chr1_109459254_G_C_b38	3	6.84531e-03	8.262e-01	1.928e-01 0.9075347185134888	1.0
chr1_109466029_G_A_b38	3	5.40448e-03	3.664e-01	7.268e-01 0.8847489356994629	1.0
chr1_109462368_C_T_b38	3	4.09208e-03	7.560e-01	2.035e-01 0.9041026830673218	1.0
chr1_109455764_C_T_b38	3	3.76432e-03	8.559e-01	1.871e-01 0.9001551866531372	1.0
chr1_109444050_C_A_b38	3	3.07187e-03	6.259e-01	1.483e-01 0.8834520578384399	1.0
chr1_109454067_C_A_b38	3	2.45382e-03	8.859e-01	1.984e-01 0.9008644819259644	1.0
chr1_109449078_A_G_b38	3	2.41775e-03	8.369e-01	1.895e-01 0.8962634801864624	1.0
chr1_109454751_T_C_b38	3	2.41775e-03	8.369e-01	1.895e-01 0.9005270600318909	1.0
chr1_109454112_C_A_b38	3	2.41775e-03	8.369e-01	1.895e-01 0.9005360603332521	1.0
chr1_109467667_C_T_b38	3	1.56812e-03	2.787e-01	8.097e-01 0.9880674481391908	1.0
chr1_109468327_A_G_b38	3	1.56812e-03	2.787e-01	8.097e-01 0.988666296005249	1.0
chr1_109468922_TAGAA_T_b38	3	1.56812e-03	2.787e-01	8.097e-01 0.9315126504464976	1.0
chr1_109469671_C_T_b38	3	1.26479e-03	-2.648e-01	2.316e-01 1.0109418630599976	1.0
chr1_109469501_A_T_b38	3	1.24357e-03	-2.304e-01	1.540e-01 0.9990142583847046	1.0
chr1_109464331_TAGAA_T_b38	3	1.04267e-03	2.284e-01	8.858e-01 0.7703295145266973	1.0
chr1_109448387_C_A_b38	3	1.01848e-03	7.733e-01	1.863e-01 0.8863987922668457	1.0
chr1_109465030_G_A_b38	3	8.14345e-04	2.501e-01	9.679e-02 1.8461159467697144	1.0
chr1_109463727_G_A_b38	3	7.11819e-04	2.222e-01	8.878e-01 0.8800646066665649	1.0
chr1_109471565_A_T_b38	3	7.08467e-04	2.222e-01	8.878e-01 0.9994066953659058	1.0
chr1_109470490_A_G_b38	3	5.53328e-04	2.501e-01	9.680e-02 1.8559637069702148	1.0
chr1_109469667_G_A_b38	3	5.33824e-04	7.860e-01	3.055e-01 1.0160003900527954	1.0
chr1_109467180_G_A_b38	4	4.22471e-03	-2.363e-01	1.032e-01 0.2805083394050598	1.0
chr1_109506505_G_C_b38	4	2.30535e-05	-2.000e-01	1.052e-01 -0.09008599072694776	1.0
chr1_109434985_C_T_b38	4	1.86403e-05	-2.227e-01	1.346e-01 0.4035345613956451	1.0
