chr19_10645392_C_CTG_b38	1	1.27504e-01	-1.063e-01	2.610e-02 -10.427086046733985	1.0
chr19_10656122_A_C_b38	1	1.08834e-01	-9.912e-02	2.642e-02 -10.384356498718262	1.0
chr19_10645723_T_C_b38	1	4.08541e-02	-9.889e-02	2.641e-02 -10.402833938598633	1.0
chr19_10659616_A_G_b38	1	3.83252e-02	-9.889e-02	2.641e-02 -10.351603507995604	1.0
chr19_10663947_G_A_b38	1	3.83252e-02	-9.889e-02	2.641e-02 -10.3947172164917	1.0
chr19_10659298_T_C_b38	1	3.83252e-02	-9.889e-02	2.641e-02 -10.369582176208496	1.0
chr19_10644740_C_CCT_b38	1	2.89944e-02	-9.603e-02	2.638e-02 -10.146843834971612	1.0
chr19_10654191_C_G_b38	1	2.59539e-02	-6.766e-02	2.558e-02 -7.842124924724574	1.0
chr19_10654238_G_A_b38	1	2.59539e-02	-6.766e-02	2.558e-02 -7.972928524017334	1.0
chr19_10637397_C_G_b38	1	2.03998e-02	-1.001e-01	2.647e-02 -10.47917938232422	1.0
chr19_10677068_C_G_b38	1	1.94620e-02	-9.889e-02	2.641e-02 -10.391688346862793	1.0
chr19_10670126_G_A_b38	1	1.94620e-02	-9.889e-02	2.641e-02 -10.35665225982666	1.0
chr19_10664334_G_A_b38	1	1.94620e-02	-9.889e-02	2.641e-02 -10.402321815490724	1.0
chr19_10676864_T_C_b38	1	1.94620e-02	-9.889e-02	2.641e-02 -10.41104507446289	1.0
chr19_10642292_A_G_b38	1	1.73644e-02	-9.805e-02	2.627e-02 -10.418009757995604	1.0
chr19_10667971_A_G_b38	1	1.44390e-02	-9.648e-02	2.641e-02 -10.404459953308104	1.0
chr19_10678137_T_C_b38	1	1.38123e-02	-9.603e-02	2.638e-02 -10.392321586608887	1.0
chr19_10637445_C_T_b38	1	1.28907e-02	-9.557e-02	2.625e-02 -10.487421035766602	1.0
chr19_10639439_TG_T_b38	1	1.10067e-02	-9.386e-02	2.613e-02 -10.249406533366011	1.0
chr19_10635088_T_C_b38	1	1.05367e-02	-9.533e-02	2.665e-02 -10.429762840270996	1.0
chr19_10647643_C_T_b38	1	1.03800e-02	-8.457e-02	2.557e-02 -10.363646507263184	1.0
chr19_10655143_C_T_b38	1	9.11850e-03	-6.766e-02	2.558e-02 -7.965973854064941	1.0
chr19_10653527_G_T_b38	1	8.67627e-03	-6.766e-02	2.558e-02 -7.972738265991211	1.0
chr19_10679467_G_C_b38	1	6.41598e-03	-9.889e-02	2.641e-02 -10.40269660949707	1.0
chr19_10679486_T_C_b38	1	6.41598e-03	-9.889e-02	2.641e-02 -10.384541511535645	1.0
chr19_10683073_A_G_b38	1	6.41598e-03	-9.889e-02	2.641e-02 -10.36802577972412	1.0
chr19_10692719_A_G_b38	1	6.12103e-03	-9.846e-02	2.639e-02 -10.364431381225586	1.0
chr19_10698094_C_T_b38	1	6.12103e-03	-9.846e-02	2.639e-02 -10.287129402160645	1.0
chr19_10693713_T_C_b38	1	6.12103e-03	-9.846e-02	2.639e-02 -10.304025650024414	1.0
chr19_10690509_G_A_b38	1	6.12103e-03	-9.846e-02	2.639e-02 -10.341362953186037	1.0
chr19_10644229_G_T_b38	1	6.00272e-03	-8.857e-02	2.608e-02 -10.513225555419922	1.0
chr19_10661436_T_C_b38	1	3.47453e-03	-7.753e-02	2.642e-02 -7.9360904693603525	1.0
chr19_10730796_T_C_b38	1	3.25518e-03	-1.083e-01	2.770e-02 -8.142230987548826	1.0
chr19_10750705_T_C_b38	1	3.25518e-03	-1.083e-01	2.770e-02 -8.191924095153809	1.0
chr19_10659629_C_T_b38	1	2.83742e-03	-7.391e-02	2.586e-02 -7.631059646606445	1.0
chr19_10631494_A_G_b38	1	2.40360e-03	-9.083e-02	2.956e-02 -10.01281452178955	1.0
chr19_10657114_G_A_b38	1	2.31733e-03	-6.835e-02	2.617e-02 -7.940490245819093	1.0
chr19_10649305_G_C_b38	1	1.92537e-03	-6.493e-02	2.557e-02 -7.927272319793701	1.0
chr19_10645756_G_A_b38	1	1.78089e-03	-6.763e-02	2.557e-02 -7.978095531463622	1.0
chr19_10648766_G_A_b38	1	1.78089e-03	-6.763e-02	2.557e-02 -7.973217487335205	1.0
chr19_10660107_A_G_b38	1	1.67065e-03	-6.763e-02	2.557e-02 -7.950620174407959	1.0
chr19_10662009_G_C_b38	1	1.67065e-03	-6.763e-02	2.557e-02 -7.980886936187744	1.0
chr19_10716925_A_G_b38	1	1.62929e-03	-1.027e-01	2.774e-02 -8.188700675964355	1.0
chr19_10660701_G_C_b38	1	1.55931e-03	-6.835e-02	2.617e-02 -7.928599834442139	1.0
chr19_10649331_G_A_b38	1	1.44511e-03	-6.360e-02	2.647e-02 -7.9277424812316895	1.0
chr19_10645555_TG_T_b38	1	1.39677e-03	-6.493e-02	2.557e-02 -7.668780837649927	1.0
chr19_10647777_G_A_b38	1	1.39677e-03	-6.493e-02	2.557e-02 -7.9398560523986825	1.0
chr19_10664133_C_G_b38	2	4.74953e-03	1.137e-01	5.095e-02 0.464608758687973	1.0
