chr2_55853244_T_A_b38	1	4.37952e-02	3.072e-01	6.722e-02 -22.443700790405273	1.0
chr2_55845366_G_A_b38	1	4.37952e-02	3.072e-01	6.722e-02 -22.171009063720703	1.0
chr2_55844974_T_C_b38	1	4.37952e-02	3.072e-01	6.722e-02 -22.24344253540039	1.0
chr2_55841306_C_T_b38	1	4.37885e-02	3.072e-01	6.722e-02 -22.1767578125	1.0
chr2_55840047_T_A_b38	1	4.37885e-02	3.072e-01	6.722e-02 -22.172626495361328	1.0
chr2_55831968_C_T_b38	1	4.37885e-02	3.072e-01	6.722e-02 -21.999327152016832	1.0
chr2_55831630_C_A_b38	1	4.37885e-02	3.072e-01	6.722e-02 -22.04003143310547	1.0
chr2_55840349_C_G_b38	1	4.37885e-02	3.072e-01	6.722e-02 -22.19309425354004	1.0
chr2_55864917_T_C_b38	1	4.10358e-02	3.045e-01	6.692e-02 -22.492677688598636	1.0
chr2_55879793_C_T_b38	1	3.37687e-02	2.689e-01	6.435e-02 -25.10734558105469	1.0
chr2_55884174_C_T_b38	1	1.83025e-02	2.525e-01	6.329e-02 -23.91223335266113	1.0
chr2_55869757_A_G_b38	1	1.20844e-02	2.727e-01	6.497e-02 -24.990568161010746	1.0
chr2_55764374_G_A_b38	1	6.82622e-03	2.994e-01	6.455e-02 -21.875667572021484	1.0
chr2_55805517_C_T_b38	1	6.27763e-03	3.098e-01	6.699e-02 -22.0120849609375	1.0
chr2_55809300_A_G_b38	1	6.27763e-03	3.098e-01	6.699e-02 -22.05914306640625	1.0
chr2_55807438_A_T_b38	1	6.27763e-03	3.098e-01	6.699e-02 -22.02908134460449	1.0
chr2_55818172_C_T_b38	1	4.76911e-03	3.087e-01	6.778e-02 -21.805723347338947	1.0
chr2_55819079_A_G_b38	1	4.76911e-03	3.087e-01	6.778e-02 -21.805723347338947	1.0
chr2_55815715_TTGAAA_T_b38	1	4.76911e-03	3.087e-01	6.778e-02 -21.80471417598135	1.0
chr2_55802703_G_T_b38	1	4.76911e-03	3.087e-01	6.778e-02 -22.02163314819336	1.0
chr2_55812179_A_T_b38	1	4.76911e-03	3.087e-01	6.778e-02 -21.99846649169922	1.0
chr2_55815073_G_A_b38	1	4.76911e-03	3.087e-01	6.778e-02 -21.747115885354557	1.0
chr2_55803369_A_G_b38	1	4.76911e-03	3.087e-01	6.778e-02 -22.025360107421875	1.0
chr2_55807200_C_A_b38	1	4.76911e-03	3.087e-01	6.778e-02 -22.01172637939453	1.0
chr2_55809661_G_A_b38	1	4.26579e-03	2.801e-01	6.209e-02 -12.147332191467285	1.0
chr2_55783338_T_C_b38	1	1.69348e-03	2.882e-01	6.768e-02 -22.48170661926269	1.0
chr2_55762602_CCCTTTCTT_C_b38	1	1.46284e-03	2.816e-01	6.677e-02 -21.137751095618427	1.0
chr2_55789140_T_C_b38	1	1.44810e-03	2.894e-01	6.865e-02 -21.83366631063014	1.0
chr2_55793999_A_G_b38	1	1.44810e-03	2.894e-01	6.865e-02 -21.757408142089844	1.0
chr2_55793998_C_T_b38	1	1.44810e-03	2.894e-01	6.865e-02 -21.752464294433594	1.0
chr2_55789923_A_G_b38	1	1.44810e-03	2.894e-01	6.865e-02 -22.022246891255847	1.0
chr2_55848541_AT_A_b38	1	1.44648e-03	2.963e-01	8.323e-02 -18.623327852335038	1.0
chr2_55848540_C_T_b38	1	1.44648e-03	2.963e-01	8.323e-02 -18.623327852335038	1.0
chr2_55820972_G_C_b38	1	1.43516e-03	3.035e-01	7.187e-02 -19.64640235900879	1.0
chr2_55785079_T_C_b38	1	1.43513e-03	2.861e-01	6.788e-02 -22.62819480895996	1.0
chr2_55800992_C_T_b38	1	1.38098e-03	2.862e-01	6.810e-02 -22.009904861450195	1.0
chr2_55798638_C_T_b38	1	1.38098e-03	2.862e-01	6.810e-02 -21.956298828125	1.0
chr2_55779899_T_C_b38	1	1.36527e-03	2.813e-01	6.702e-02 -21.59984588623047	1.0
chr2_55788804_G_A_b38	1	1.08157e-03	2.851e-01	6.900e-02 -21.938477744118277	1.0
chr2_55800949_C_T_b38	1	1.08157e-03	2.851e-01	6.900e-02 -21.96111297607422	1.0
chr2_55787754_T_A_b38	1	1.08157e-03	2.851e-01	6.900e-02 -22.0796012878418	1.0
chr2_55797530_G_A_b38	1	1.08157e-03	2.851e-01	6.900e-02 -21.94277572631836	1.0
chr2_55767141_C_G_b38	1	9.25190e-04	2.763e-01	6.760e-02 -21.48310661315918	1.0
chr2_55818780_A_G_b38	1	8.59788e-04	2.548e-01	6.288e-02 -16.83199938712464	1.0
chr2_55768996_C_G_b38	1	7.44409e-04	2.741e-01	6.817e-02 -21.53748893737793	1.0
chr2_55881198_C_T_b38	1	5.18549e-04	1.578e-01	5.863e-02 -19.497682571411133	1.0
chr2_55782345_A_T_b38	1	4.77207e-04	2.644e-01	6.811e-02 -21.44783973693848	1.0
chr2_55782247_C_A_b38	1	4.77207e-04	2.644e-01	6.811e-02 -21.578197479248047	1.0
chr2_55923729_C_T_b38	2	2.81045e-02	2.008e-01	1.127e-01 8.311134338378906	1.0
chr2_55900956_C_A_b38	2	1.57368e-02	3.394e-01	1.034e-01 8.581425666809082	1.0
chr2_55907964_G_A_b38	2	8.74957e-03	3.478e-01	1.141e-01 8.516018867492676	1.0
chr2_55889058_TTGATTCTTGGCCTCCCTCCC_T_b38	2	5.60446e-03	3.652e-01	1.124e-01 9.31803678076998	1.0
chr2_55925615_C_A_b38	2	2.37766e-03	1.248e-01	9.708e-02 7.8660101890563965	1.0
chr2_55925450_G_A_b38	2	2.37766e-03	1.248e-01	9.708e-02 7.8370018005371085	1.0
chr2_55928235_G_A_b38	2	7.79768e-04	6.014e-02	8.724e-02 7.200241088867188	1.0
chr2_55908362_T_C_b38	2	6.65666e-04	1.509e-01	8.381e-02 4.75796365737915	1.0
chr2_55934734_C_T_b38	2	2.46124e-04	7.193e-02	8.673e-02 7.335078239440918	1.0
chr2_55923714_T_C_b38	3	5.49993e-03	1.399e-01	1.531e-01 -2.0952587127685547	1.0
chr2_55925771_T_C_b38	3	1.07449e-03	1.852e-01	1.806e-01 -1.9543557167053225	1.0
chr2_55925185_A_G_b38	3	1.07449e-03	1.852e-01	1.806e-01 -2.011263370513916	1.0
chr2_55925361_A_C_b38	3	8.58566e-04	1.159e-01	1.476e-01 -2.0998570919036865	1.0
chr2_55928855_G_A_b38	3	5.21302e-04	1.714e-01	1.765e-01 -1.883639931678772	1.0
chr2_55927181_A_C_b38	3	5.21302e-04	1.714e-01	1.765e-01 -1.93351686000824	1.0
chr2_55928005_A_G_b38	3	5.21302e-04	1.714e-01	1.765e-01 -1.8876429796218872	1.0
chr2_55928635_C_G_b38	3	5.21302e-04	1.714e-01	1.765e-01 -1.9478470087051392	1.0
chr2_55928077_T_C_b38	3	4.81896e-04	1.388e-01	1.699e-01 -1.8095104694366453	1.0
chr2_55919915_T_C_b38	3	3.94705e-04	9.668e-02	1.498e-01 -2.0172393321990967	1.0
chr2_55931144_G_A_b38	3	3.74675e-04	1.657e-01	1.453e-01 -2.065175294876098	1.0
chr2_55918715_A_T_b38	3	3.60826e-04	1.685e-01	1.848e-01 -1.8881518840789795	1.0
chr2_55918679_C_A_b38	3	3.20103e-04	1.201e-01	1.459e-01 -2.0570497512817383	1.0
chr2_55916994_C_A_b38	3	3.11026e-04	1.085e-01	1.511e-01 -1.9584546089172363	1.0
chr2_55915010_T_C_b38	3	3.03894e-04	9.663e-02	1.543e-01 -2.0059802532196045	1.0
chr2_55916886_C_T_b38	3	2.98124e-04	8.097e-02	1.597e-01 -1.8920038938522337	1.0
chr2_55909841_T_G_b38	3	1.53364e-04	1.646e-01	1.681e-01 -1.9562466144561768	1.0
chr2_55908699_A_G_b38	3	1.53364e-04	1.646e-01	1.681e-01 -2.0267653465271	1.0
chr2_55908374_A_G_b38	3	1.35740e-04	1.201e-01	1.459e-01 -1.9812163114547732	1.0
chr2_55908967_T_C_b38	3	1.35740e-04	1.201e-01	1.459e-01 -2.001688241958618	1.0
chr2_55908146_T_C_b38	3	1.35740e-04	1.201e-01	1.459e-01 -1.883118748664856	1.0
chr2_55908439_A_G_b38	3	1.35740e-04	1.201e-01	1.459e-01 -1.9847245216369631	1.0
chr2_55911589_G_C_b38	3	1.28866e-04	9.663e-02	1.543e-01 -2.039944887161255	1.0
chr2_55909556_T_C_b38	3	1.28866e-04	9.663e-02	1.543e-01 -1.9302362203598025	1.0
chr2_55909344_G_T_b38	3	1.28866e-04	9.663e-02	1.543e-01 -1.9245493412017824	1.0
chr2_55911704_C_A_b38	3	1.26419e-04	8.097e-02	1.597e-01 -1.9235732555389404	1.0
chr2_55907897_T_C_b38	3	1.21626e-04	5.146e-02	1.595e-01 -2.245648145675659	1.0
chr2_55954733_G_C_b38	3	5.52399e-05	1.535e-01	1.506e-01 -1.1054404973983765	1.0
