chr5_39452880_T_C_b38	1	9.54561e-02	2.785e-01	3.823e-02 -0.467157781124115	1.0
chr5_39444723_T_C_b38	1	8.85957e-02	2.864e-01	3.882e-02 -0.33270180225372314	1.0
chr5_39454523_C_T_b38	1	6.37021e-02	2.774e-01	3.842e-02 -0.4372547566890717	1.0
chr5_39443386_C_CTT_b38	1	5.90635e-02	2.843e-01	3.887e-02 -0.4422665184088861	1.0
chr5_39442637_T_C_b38	1	5.90635e-02	2.843e-01	3.887e-02 -0.3847920894622803	1.0
chr5_39451836_C_T_b38	1	5.61415e-02	2.804e-01	3.842e-02 -0.4698295891284943	1.0
chr5_39446916_A_C_b38	1	5.23598e-02	2.816e-01	3.862e-02 -0.4254133105278015	1.0
chr5_39447387_T_C_b38	1	3.83620e-02	2.806e-01	3.877e-02 -0.4305036962032318	1.0
chr5_39447390_T_C_b38	1	3.83620e-02	2.806e-01	3.877e-02 -0.4315236210823059	1.0
chr5_39446292_C_A_b38	1	3.83620e-02	2.806e-01	3.877e-02 -0.42873263359069824	1.0
chr5_39446436_A_G_b38	1	3.83620e-02	2.806e-01	3.877e-02 -0.4415840804576874	1.0
chr5_39449844_G_T_b38	1	3.83620e-02	2.806e-01	3.877e-02 -0.4730493724346161	1.0
chr5_39444616_G_T_b38	1	3.83620e-02	2.806e-01	3.877e-02 -0.3350914716720581	1.0
chr5_39447808_C_T_b38	1	3.83620e-02	2.806e-01	3.877e-02 -0.44655001163482666	1.0
chr5_39445492_G_A_b38	1	3.83620e-02	2.806e-01	3.877e-02 -0.4251213371753693	1.0
chr5_39444137_C_T_b38	1	3.83620e-02	2.806e-01	3.877e-02 -0.31888943910598755	1.0
chr5_39447332_A_G_b38	1	3.83620e-02	2.806e-01	3.877e-02 -0.4367484152317047	1.0
chr5_39452268_C_T_b38	1	3.54467e-02	2.774e-01	3.838e-02 -0.3329421435178321	1.0
chr5_39450146_C_T_b38	1	2.40451e-02	2.775e-01	3.872e-02 -0.4821704924106598	1.0
chr5_39451290_G_A_b38	1	2.40451e-02	2.775e-01	3.872e-02 -0.4657287299633026	1.0
chr5_39442059_G_A_b38	1	1.99625e-02	2.730e-01	3.812e-02 -0.4382153451442719	1.0
chr5_39442120_T_C_b38	1	1.89194e-02	2.791e-01	3.916e-02 -0.4501157999038696	1.0
chr5_39444574_G_A_b38	1	8.86109e-03	2.732e-01	3.901e-02 -0.33894509077072144	1.0
chr5_39460008_A_G_b38	1	4.77199e-03	2.588e-01	3.884e-02 -0.43262264132499695	1.0
chr5_39477833_A_G_b38	1	1.29228e-03	2.626e-01	3.880e-02 -0.4353857338428497	1.0
chr5_39474720_A_G_b38	1	6.88772e-04	2.647e-01	3.900e-02 -0.4879924356937408	1.0
chr5_39463735_T_C_b38	1	6.35342e-04	2.509e-01	3.885e-02 -0.4330586791038513	1.0
chr5_39432771_C_A_b38	2	5.35968e-02	-1.546e-01	3.904e-02 -8.88062572479248	1.0
chr5_39419648_G_T_b38	2	4.78363e-02	-1.636e-01	4.171e-02 -9.191245079040527	1.0
chr5_39421929_G_T_b38	2	4.38257e-02	-1.538e-01	3.935e-02 -9.153726577758787	1.0
chr5_39428947_C_T_b38	2	4.12405e-02	-1.491e-01	3.829e-02 -8.951902389526367	1.0
chr5_39436358_G_T_b38	2	4.07733e-02	-1.523e-01	3.916e-02 -8.876214981079102	1.0
chr5_39432245_A_G_b38	2	3.54110e-02	-1.496e-01	3.884e-02 -8.926436424255371	1.0
chr5_39426225_T_C_b38	2	2.87416e-02	-1.462e-01	3.852e-02 -9.133206367492676	1.0
chr5_39400599_T_C_b38	2	2.46494e-02	-1.748e-01	4.296e-02 -8.646716117858888	1.0
chr5_39427122_A_C_b38	2	2.33517e-02	-1.437e-01	3.848e-02 -9.155081748962402	1.0
chr5_39428108_A_G_b38	2	2.33359e-02	-1.436e-01	3.847e-02 -9.141514778137207	1.0
chr5_39418344_C_T_b38	2	1.22305e-02	-1.400e-01	3.955e-02 -9.246919631958008	1.0
chr5_39428873_T_C_b38	2	1.01122e-02	-1.328e-01	3.803e-02 -8.94198989868164	1.0
chr5_39429820_C_G_b38	2	9.78675e-03	-1.330e-01	3.833e-02 -8.914548873901367	1.0
chr5_39432825_T_C_b38	2	9.28158e-03	-1.334e-01	3.858e-02 -8.850508689880371	1.0
chr5_39435122_T_C_b38	2	9.28158e-03	-1.334e-01	3.858e-02 -8.806389808654785	1.0
chr5_39436727_C_T_b38	2	9.28158e-03	-1.334e-01	3.858e-02 -8.810965538024902	1.0
chr5_39416192_G_C_b38	2	8.88546e-03	-1.434e-01	4.177e-02 -8.654789924621582	1.0
chr5_39433919_C_T_b38	2	8.72408e-03	-1.324e-01	3.850e-02 -8.846074104309082	1.0
chr5_39432382_C_T_b38	2	8.28048e-03	-1.310e-01	3.826e-02 -8.87639045715332	1.0
chr5_39435072_C_T_b38	2	7.28213e-03	-1.300e-01	3.841e-02 -8.859925270080566	1.0
chr5_39421177_G_A_b38	2	7.15186e-03	-1.328e-01	3.938e-02 -9.173195838928224	1.0
chr5_39432739_A_G_b38	2	7.07381e-03	-1.295e-01	3.837e-02 -8.819130897521973	1.0
chr5_39417744_T_C_b38	2	6.73374e-03	-1.393e-01	4.158e-02 -8.667430877685549	1.0
chr5_39437425_C_T_b38	2	6.05883e-03	-1.129e-01	3.783e-02 -6.8027076721191415	1.0
chr5_39427948_C_T_b38	2	5.91027e-03	-1.290e-01	3.894e-02 -9.146624565124512	1.0
chr5_39428290_T_C_b38	2	5.90459e-03	-1.265e-01	3.809e-02 -9.078587532043457	1.0
chr5_39427610_C_T_b38	2	5.90459e-03	-1.265e-01	3.809e-02 -9.080424308776855	1.0
chr5_39428297_C_T_b38	2	5.90459e-03	-1.265e-01	3.809e-02 -9.078531265258787	1.0
chr5_39427668_C_A_b38	2	5.90459e-03	-1.265e-01	3.809e-02 -9.086688041687012	1.0
chr5_39426696_T_C_b38	2	5.90459e-03	-1.265e-01	3.809e-02 -9.092844009399414	1.0
chr5_39427921_A_G_b38	2	5.90459e-03	-1.265e-01	3.809e-02 -9.082513809204102	1.0
chr5_39426349_C_T_b38	2	4.75003e-03	-1.233e-01	3.787e-02 -9.099061965942383	1.0
chr5_39426947_C_T_b38	2	4.75003e-03	-1.233e-01	3.787e-02 -9.092820167541504	1.0
chr5_39427053_A_G_b38	2	4.75003e-03	-1.233e-01	3.787e-02 -9.094316482543944	1.0
chr5_39429414_C_G_b38	2	4.72523e-03	-1.239e-01	3.808e-02 -8.911720275878906	1.0
chr5_39428705_A_G_b38	2	3.71814e-03	-1.211e-01	3.821e-02 -9.07827091217041	1.0
chr5_39427199_T_C_b38	2	3.71814e-03	-1.211e-01	3.821e-02 -9.106541633605957	1.0
chr5_39425918_T_C_b38	2	3.71814e-03	-1.211e-01	3.821e-02 -9.080835342407227	1.0
chr5_39418319_A_G_b38	2	2.96557e-03	-1.241e-01	3.985e-02 -9.546536445617676	1.0
chr5_39397560_T_A_b38	2	2.50702e-03	-1.435e-01	4.174e-02 -8.604616165161133	1.0
chr5_39400485_G_C_b38	2	2.50702e-03	-1.435e-01	4.174e-02 -8.626519203186035	1.0
chr5_39402922_C_T_b38	2	2.50702e-03	-1.435e-01	4.174e-02 -8.625479698181152	1.0
chr5_39398268_C_T_b38	2	2.50702e-03	-1.435e-01	4.174e-02 -8.605888366699219	1.0
chr5_39433316_CTGTT_C_b38	2	2.24468e-03	1.162e-01	3.883e-02 9.211854045020354	1.0
chr5_39437027_G_C_b38	2	1.74193e-03	1.129e-01	3.864e-02 9.29685115814209	1.0
chr5_39408835_T_G_b38	2	3.11975e-04	-1.247e-01	3.965e-02 -7.4623966217041025	1.0
chr5_39464505_T_C_b38	3	2.45770e-03	1.982e-01	9.606e-02 -2.1123671531677246	1.0
