chr6_32829080_ACAC_A_b38	1	4.98950e-01	1.194e+00	6.382e-02 0.8178341234562578	1.0
chr6_32829016_G_A_b38	1	4.98950e-01	1.194e+00	6.382e-02 1.3809316158294678	1.0
chr6_32816119_G_A_b38	2	6.18602e-01	-3.319e-01	6.139e-02 3.035672426223755	1.0
chr6_32815560_T_A_b38	2	2.93063e-01	-3.306e-01	6.141e-02 3.3391671180725098	1.0
chr6_32819056_C_G_b38	2	4.50345e-02	-3.260e-01	5.675e-02 3.6749455928802486	1.0
chr6_32819259_C_A_b38	2	4.07789e-02	-3.256e-01	5.668e-02 3.55207896232605	1.0
chr6_32813999_C_A_b38	2	4.21004e-04	-3.798e-01	3.141e-02 2.9617459774017334	1.0
chr6_32805720_G_T_b38	3	9.97899e-01	3.439e-01	4.459e-02 -0.978435093401379	1.0
chr6_32828908_A_G_b38	4	4.37641e-02	-1.785e-01	4.138e-02 5.3571391105651855	1.0
chr6_32828188_G_A_b38	4	3.26575e-02	-1.773e-01	4.208e-02 4.600009723600063	1.0
chr6_32816843_C_T_b38	4	3.25881e-02	-1.362e-01	4.766e-02 4.905162334442139	1.0
chr6_32816976_T_C_b38	4	3.25881e-02	-1.362e-01	4.766e-02 4.188018798828125	1.0
chr6_32821703_A_G_b38	4	3.12090e-02	-1.628e-01	4.322e-02 5.462528705596924	1.0
chr6_32828367_A_G_b38	4	2.91359e-02	-1.761e-01	4.209e-02 4.594494342803955	1.0
chr6_32826899_T_C_b38	4	2.68305e-02	-1.657e-01	4.246e-02 4.501108646392822	1.0
chr6_32828242_C_A_b38	4	2.64790e-02	-1.749e-01	4.202e-02 4.600009723600063	1.0
chr6_32828876_C_A_b38	4	2.64790e-02	-1.749e-01	4.202e-02 4.600009723600063	1.0
chr6_32828974_T_C_b38	4	2.64790e-02	-1.749e-01	4.202e-02 5.362803936004639	1.0
chr6_32828281_C_T_b38	4	2.64790e-02	-1.749e-01	4.202e-02 4.600009723600063	1.0
chr6_32828569_T_C_b38	4	2.34795e-02	-1.734e-01	4.207e-02 4.945573329925537	1.0
chr6_32829332_G_A_b38	4	2.32160e-02	-1.735e-01	4.215e-02 4.121263504028319	1.0
chr6_32829190_G_A_b38	4	2.32160e-02	-1.735e-01	4.215e-02 5.0103187561035165	1.0
chr6_32828280_G_A_b38	4	2.18384e-02	-1.721e-01	4.202e-02 4.600009723600063	1.0
chr6_32828744_C_T_b38	4	2.00650e-02	-1.726e-01	4.242e-02 3.520582437515259	1.0
chr6_32829295_C_T_b38	4	1.95964e-02	-1.708e-01	4.209e-02 3.782437562942505	1.0
chr6_32828449_G_A_b38	4	1.95213e-02	-1.703e-01	4.194e-02 4.706991195678711	1.0
chr6_32829520_T_C_b38	4	1.89127e-02	-1.707e-01	4.221e-02 4.600009723600063	1.0
chr6_32829391_G_A_b38	4	1.65302e-02	-1.677e-01	4.191e-02 3.2008979320526123	1.0
chr6_32829584_C_T_b38	4	1.44402e-02	-1.662e-01	4.211e-02 5.426281929016113	1.0
chr6_32816296_G_T_b38	4	1.36255e-02	-1.360e-01	4.759e-02 4.454246876176111	1.0
chr6_32814805_C_T_b38	4	6.98123e-03	-1.359e-01	4.753e-02 4.952091693878174	1.0
chr6_32829907_A_G_b38	4	5.64388e-03	-1.158e-01	3.121e-02 3.5993611812591557	1.0
chr6_32820930_A_G_b38	4	5.38645e-03	-1.524e-01	5.112e-02 2.17114782333374	1.0
chr6_32829338_T_G_b38	4	5.36197e-03	-1.674e-01	4.750e-02 3.22655499124156	1.0
chr6_32829760_T_G_b38	4	4.50813e-03	-1.123e-01	3.096e-02 3.643744707107544	1.0
chr6_32828703_T_C_b38	4	4.39522e-03	-1.655e-01	4.817e-02 2.319831371307373	1.0
chr6_32822390_C_G_b38	4	4.27147e-03	-1.358e-01	4.253e-02 3.932062864303589	1.0
chr6_32828679_C_CACCCCACCA_b38	4	4.05526e-03	-1.454e-01	4.180e-02 4.177126795762948	1.0
chr6_32819279_C_T_b38	4	3.49574e-03	-1.307e-01	5.603e-02 4.494969367980957	1.0
chr6_32817006_C_T_b38	4	3.24450e-03	-5.895e-02	7.127e-02 3.7236025333404537	1.0
chr6_32828677_C_CT_b38	4	3.04172e-03	-1.402e-01	4.172e-02 4.621801834608499	1.0
chr6_32814828_C_T_b38	4	2.02786e-03	-1.234e-01	6.322e-02 3.2690742015838623	1.0
chr6_32820935_T_G_b38	4	1.91409e-03	-1.089e-01	4.220e-02 4.11961841583252	1.0
chr6_32819793_T_C_b38	4	1.61944e-03	-1.055e-01	4.246e-02 5.114904403686523	1.0
chr6_32825746_G_A_b38	4	9.43421e-04	-1.177e-01	5.060e-02 3.044716119766236	1.0
chr6_32823626_G_C_b38	4	5.89769e-04	-1.021e-01	4.287e-02 4.542238712310791	1.0
chr6_32817937_T_C_b38	4	5.68808e-04	-4.401e-02	4.309e-02 3.724374532699585	1.0
chr6_32823522_C_A_b38	4	4.54840e-04	-1.052e-01	4.923e-02 3.632765293121338	1.0
chr6_32818127_G_T_b38	4	3.35047e-04	-2.839e-02	6.355e-02 4.429549694061278	1.0
chr6_32814610_G_A_b38	4	3.08670e-04	-4.647e-02	4.311e-02 3.5904560089111333	1.0
chr6_32812162_AT_A_b38	4	2.96655e-04	-7.163e-02	4.876e-02 3.7619478571388014	1.0
chr6_32816899_C_T_b38	5	4.96364e-03	-8.070e-02	7.176e-02 -1.677114963531494	1.0
chr6_32815628_C_T_b38	5	1.22855e-04	-9.342e-02	6.945e-02 -1.7317954301834106	1.0
chr6_32818064_C_T_b38	5	6.80024e-05	-8.728e-02	6.946e-02 -1.7683424891380917	1.0
chr6_32821962_G_T_b38	5	5.19213e-05	-1.156e-01	8.099e-02 -1.6084863277248234	1.0
chr6_32821925_G_A_b38	5	4.70903e-05	1.722e-01	5.863e-02 -2.367833659634345	1.0
chr6_32822030_C_T_b38	5	4.70903e-05	1.722e-01	5.863e-02 -2.458033800125122	1.0
chr6_32821391_T_C_b38	5	4.70903e-05	1.722e-01	5.863e-02 -2.367833659634345	1.0
