chr6_32829016_G_A_b38	1	4.99945e-01	-6.993e-01	4.904e-02 1.3809316158294678	1.0
chr6_32829080_ACAC_A_b38	1	4.99945e-01	-6.993e-01	4.904e-02 0.8178341234562578	1.0
chr6_32837693_C_G_b38	2	8.82763e-01	1.448e-01	2.175e-02 0.3869408369064331	1.0
chr6_32838614_C_T_b38	2	2.75409e-02	1.264e-01	2.175e-02 -0.26981836557388306	1.0
chr6_32846670_T_C_b38	2	2.40597e-02	1.403e-01	2.250e-02 1.1375701427459717	1.0
chr6_32838799_C_T_b38	2	2.38323e-02	1.284e-01	2.208e-02 1.0287439823150637	1.0
chr6_32846350_G_A_b38	2	1.57123e-02	1.387e-01	2.246e-02 0.5886836834687363	1.0
chr6_32839009_T_G_b38	2	8.80534e-03	1.262e-01	2.214e-02 1.2199074029922483	1.0
chr6_32839172_C_T_b38	2	7.36892e-03	1.256e-01	2.211e-02 0.34435141889497795	1.0
chr6_32841446_C_A_b38	2	6.54884e-03	1.304e-01	2.178e-02 0.5995042896053125	1.0
chr6_32839743_A_T_b38	2	1.76501e-03	1.251e-01	2.199e-02 0.7950232028961182	1.0
chr6_32843606_A_G_b38	2	1.49457e-03	1.298e-01	2.206e-02 -0.210214838385582	1.0
chr6_32843868_A_G_b38	3	4.34593e-01	-3.457e-01	5.550e-02 0.6431912779808044	1.0
chr6_32837529_C_T_b38	3	4.31170e-01	-3.437e-01	5.692e-02 0.4430801122695736	1.0
chr6_32839300_C_T_b38	3	7.02134e-02	-3.463e-01	6.177e-02 0.6675120771546036	1.0
chr6_32843589_G_T_b38	3	1.97910e-02	-3.525e-01	6.304e-02 0.6675120771546036	1.0
chr6_32843447_A_T_b38	3	1.97910e-02	-3.525e-01	6.304e-02 0.6675120771546036	1.0
chr6_32842370_G_T_b38	3	1.97910e-02	-3.525e-01	6.304e-02 0.6675120771546036	1.0
chr6_32837485_A_G_b38	3	4.52709e-03	-3.218e-01	6.137e-02 0.4980646542295025	1.0
chr6_32820935_T_G_b38	4	9.51269e-02	1.132e-01	2.857e-02 4.11961841583252	1.0
chr6_32819793_T_C_b38	4	8.47920e-02	1.123e-01	2.854e-02 5.114904403686523	1.0
chr6_32828908_A_G_b38	4	6.59331e-02	9.340e-02	2.522e-02 5.3571391105651855	1.0
chr6_32823626_G_C_b38	4	5.46892e-02	1.099e-01	2.859e-02 4.542238712310791	1.0
chr6_32829332_G_A_b38	4	2.93555e-02	8.860e-02	2.548e-02 4.121263504028319	1.0
chr6_32829190_G_A_b38	4	2.93555e-02	8.860e-02	2.548e-02 5.0103187561035165	1.0
chr6_32828974_T_C_b38	4	2.93555e-02	8.860e-02	2.548e-02 5.362803936004639	1.0
chr6_32829295_C_T_b38	4	2.93555e-02	8.860e-02	2.548e-02 3.782437562942505	1.0
chr6_32828876_C_A_b38	4	2.93555e-02	8.860e-02	2.548e-02 4.600009723600063	1.0
chr6_32829391_G_A_b38	4	2.93555e-02	8.860e-02	2.548e-02 3.2008979320526123	1.0
chr6_32829520_T_C_b38	4	2.45115e-02	8.757e-02	2.555e-02 4.600009723600063	1.0
chr6_32828367_A_G_b38	4	1.46953e-02	8.869e-02	2.547e-02 4.594494342803955	1.0
chr6_32828281_C_T_b38	4	1.46953e-02	8.869e-02	2.547e-02 4.600009723600063	1.0
chr6_32828242_C_A_b38	4	1.46953e-02	8.869e-02	2.547e-02 4.600009723600063	1.0
chr6_32828188_G_A_b38	4	1.46953e-02	8.869e-02	2.547e-02 4.600009723600063	1.0
chr6_32828569_T_C_b38	4	1.46953e-02	8.869e-02	2.547e-02 4.945573329925537	1.0
chr6_32828280_G_A_b38	4	1.36229e-02	8.805e-02	2.546e-02 4.600009723600063	1.0
chr6_32828744_C_T_b38	4	8.78963e-03	8.528e-02	2.548e-02 3.520582437515259	1.0
chr6_32828677_C_CT_b38	4	4.85189e-03	8.001e-02	2.529e-02 4.621801834608499	1.0
chr6_32829584_C_T_b38	4	4.64500e-03	7.529e-02	2.575e-02 5.426281929016113	1.0
chr6_32828449_G_A_b38	4	3.10625e-03	7.700e-02	2.569e-02 4.706991195678711	1.0
chr6_32822390_C_G_b38	4	2.35958e-03	7.476e-02	2.557e-02 3.932062864303589	1.0
chr6_32826899_T_C_b38	4	1.96756e-03	7.332e-02	2.567e-02 4.501108646392822	1.0
chr6_32821703_A_G_b38	4	1.91571e-03	7.303e-02	2.567e-02 5.462528705596924	1.0
chr6_32828679_C_CACCCCACCA_b38	4	1.28844e-03	7.175e-02	2.676e-02 4.177126795762948	1.0
chr6_32814610_G_A_b38	4	3.07772e-04	6.799e-02	2.801e-02 3.5904560089111333	1.0
chr6_32817937_T_C_b38	4	3.07772e-04	6.799e-02	2.801e-02 3.724374532699585	1.0
chr6_32823401_TTA_T_b38	5	1.71473e-03	1.589e-01	5.148e-02 -1.7576060829122686	1.0
chr6_32824054_T_C_b38	5	1.71473e-03	1.589e-01	5.148e-02 -1.828515832896905	1.0
chr6_32823997_G_C_b38	5	1.71473e-03	1.589e-01	5.148e-02 -2.236485242843628	1.0
chr6_32823974_C_CTTTGTG_b38	5	1.71473e-03	1.589e-01	5.148e-02 -1.828515832896905	1.0
chr6_32823766_G_GTATT_b38	5	1.71473e-03	1.589e-01	5.148e-02 -1.7576060829122686	1.0
chr6_32823536_T_C_b38	5	1.71473e-03	1.589e-01	5.148e-02 -1.828515832896905	1.0
chr6_32823811_A_T_b38	5	1.71473e-03	1.589e-01	5.148e-02 -2.2375564575195312	1.0
chr6_32823886_C_A_b38	5	1.71473e-03	1.589e-01	5.148e-02 -1.828515832896905	1.0
chr6_32823594_T_G_b38	5	1.71473e-03	1.589e-01	5.148e-02 -1.828515832896905	1.0
chr6_32821962_G_C_b38	5	1.59104e-03	1.582e-01	5.179e-02 0.0	1.0
chr6_32823514_T_C_b38	5	1.07093e-03	1.571e-01	5.102e-02 -1.828515832896905	1.0
chr6_32824506_T_C_b38	5	9.63473e-04	1.532e-01	5.032e-02 -2.2409393787384038	1.0
chr6_32824315_T_C_b38	5	9.63473e-04	1.532e-01	5.032e-02 -2.242640495300293	1.0
chr6_32826181_G_A_b38	5	9.63473e-04	1.532e-01	5.032e-02 -1.7576060829122686	1.0
chr6_32824385_T_G_b38	5	9.63473e-04	1.532e-01	5.032e-02 -1.9806548357009888	1.0
chr6_32826180_T_C_b38	5	9.63473e-04	1.532e-01	5.032e-02 -1.7576060829122686	1.0
chr6_32824807_GCTTTAA_G_b38	5	9.63473e-04	1.532e-01	5.032e-02 -1.828515832896905	1.0
chr6_32824161_T_C_b38	5	9.63473e-04	1.532e-01	5.032e-02 -1.828515832896905	1.0
chr6_32824839_C_T_b38	5	9.63473e-04	1.532e-01	5.032e-02 -1.7576060829122686	1.0
chr6_32826193_C_T_b38	5	9.63473e-04	1.532e-01	5.032e-02 -2.162365674972534	1.0
chr6_32826342_T_G_b38	5	9.63473e-04	1.532e-01	5.032e-02 -1.1797491312026978	1.0
chr6_32825769_T_C_b38	5	9.63473e-04	1.532e-01	5.032e-02 -1.7576060829122686	1.0
chr6_32825994_AGTC_A_b38	5	9.63473e-04	1.532e-01	5.032e-02 -1.7576060829122686	1.0
chr6_32826448_TG_T_b38	5	9.63473e-04	1.532e-01	5.032e-02 -1.7576060829122686	1.0
chr6_32825929_G_T_b38	5	9.63473e-04	1.532e-01	5.032e-02 -1.7576060829122686	1.0
chr6_32825864_C_G_b38	5	9.63473e-04	1.532e-01	5.032e-02 -1.7576060829122686	1.0
chr6_32824916_T_C_b38	5	4.77458e-04	1.528e-01	5.036e-02 -1.9665943384170528	1.0
