chr2_164687561_T_C_b38	1	2.10704e-01	-1.797e-01	4.923e-02 -3.44204402093116	1.0
chr2_164688063_GAA_G_b38	1	1.54432e-01	-1.719e-01	4.832e-02 -4.061092895733188	1.0
chr2_164687940_G_A_b38	1	1.52019e-01	-1.752e-01	4.934e-02 -2.1058199405670166	1.0
chr2_164698148_A_T_b38	1	4.37037e-02	-2.046e-01	4.995e-02 -3.298075304272201	1.0
chr2_164696432_G_T_b38	1	3.87927e-02	-1.901e-01	4.894e-02 -4.1115570068359375	1.0
chr2_164686689_A_G_b38	1	3.51424e-02	-2.108e-01	5.877e-02 -1.6390637159347534	1.0
chr2_164697799_C_A_b38	1	3.23745e-02	-1.979e-01	4.926e-02 -3.608982801437378	1.0
chr2_164698697_G_A_b38	1	2.22485e-02	-1.971e-01	5.034e-02 -4.134130954742432	1.0
chr2_164688863_C_CAA_b38	1	1.80440e-02	-1.636e-01	4.848e-02 -4.061092895733188	1.0
chr2_164699087_AT_A_b38	1	1.54063e-02	-1.888e-01	4.952e-02 -3.298075304272201	1.0
chr2_164683151_T_C_b38	1	1.52718e-02	-1.702e-01	4.880e-02 -4.981939792633057	1.0
chr2_164700250_A_C_b38	1	1.21176e-02	-1.863e-01	4.975e-02 -2.24310564994812	1.0
chr2_164689105_C_T_b38	1	1.08579e-02	-2.437e-01	7.684e-02 0.3727963864803314	1.0
chr2_164696196_A_AAAAAT_b38	1	1.07082e-02	-1.693e-01	4.823e-02 -3.2233206583343312	1.0
chr2_164692059_G_A_b38	1	8.23751e-03	-2.471e-01	7.660e-02 0.6472038626670837	1.0
chr2_164670077_G_C_b38	1	7.93967e-03	-1.809e-01	5.020e-02 -4.475227355957031	1.0
chr2_164675944_A_G_b38	1	7.49536e-03	-1.801e-01	5.023e-02 -2.4585483074188232	1.0
chr2_164668241_C_G_b38	1	7.09476e-03	-1.792e-01	5.023e-02 -3.9133887623979855	1.0
chr2_164684290_T_C_b38	1	6.55892e-03	-2.460e-01	7.735e-02 -0.9316837191581726	1.0
chr2_164650214_T_A_b38	1	5.09553e-03	-1.890e-01	5.033e-02 -3.9744570255279537	1.0
chr2_164669828_T_C_b38	1	5.02239e-03	-1.742e-01	5.030e-02 -3.958664655685425	1.0
chr2_164672366_C_T_b38	1	4.87589e-03	-1.693e-01	4.898e-02 -5.328660011291504	1.0
chr2_164672114_G_T_b38	1	4.66332e-03	-1.680e-01	4.882e-02 -5.340912342071533	1.0
chr2_164711185_A_G_b38	1	4.51864e-03	-1.673e-01	4.845e-02 -3.814064025878906	1.0
chr2_164694691_T_C_b38	1	4.24004e-03	-2.440e-01	7.680e-02 -1.062078595161438	1.0
chr2_164695843_GA_G_b38	1	3.92040e-03	-2.331e-01	7.400e-02 -0.5995464371811279	1.0
chr2_164655284_C_G_b38	1	3.83084e-03	-1.830e-01	4.981e-02 -4.7793073654174805	1.0
chr2_164648055_G_T_b38	1	3.72659e-03	-1.824e-01	4.976e-02 -3.9948325157165527	1.0
chr2_164645339_A_C_b38	1	3.68894e-03	-1.835e-01	5.009e-02 -4.567744731903076	1.0
chr2_164651333_C_T_b38	1	3.27599e-03	-1.813e-01	4.998e-02 -4.644197940826416	1.0
chr2_164712863_T_C_b38	1	3.18507e-03	-1.764e-01	4.868e-02 -3.606964588165283	1.0
chr2_164645417_T_TG_b38	1	3.02208e-03	-1.769e-01	4.906e-02 -4.706511827250319	1.0
chr2_164697792_C_T_b38	1	3.01553e-03	-2.550e-01	7.744e-02 0.2332078665494919	1.0
chr2_164651790_T_C_b38	1	2.98204e-03	-1.798e-01	4.995e-02 -4.597446918487549	1.0
chr2_164651879_C_T_b38	1	2.95804e-03	-1.760e-01	4.890e-02 -5.424705982208252	1.0
chr2_164700808_C_T_b38	1	2.92702e-03	-1.613e-01	4.866e-02 -3.628565788269043	1.0
chr2_164712447_C_A_b38	1	2.92336e-03	-1.617e-01	4.879e-02 -2.7004294395446777	1.0
chr2_164656555_CA_C_b38	1	2.56338e-03	-1.730e-01	4.865e-02 -4.789431451813185	1.0
chr2_164699029_A_G_b38	1	2.53163e-03	-2.506e-01	7.752e-02 -0.5519627356529465	1.0
chr2_164686356_G_A_b38	2	2.86131e-03	-9.266e-03	1.417e-01 -1.238582968711853	1.0
chr2_164692174_A_G_b38	2	1.96175e-03	-1.001e-02	1.417e-01 -2.0526142120361333	1.0
chr2_164694674_C_T_b38	2	1.17861e-03	-4.478e-02	1.451e-01 -1.264919996261597	1.0
chr2_164699768_A_T_b38	2	6.10112e-04	-7.689e-02	1.473e-01 -1.4757909774780271	1.0
chr2_164673095_T_A_b38	2	5.71850e-04	-3.385e-02	1.404e-01 -1.2895699739456177	1.0
chr2_164652641_C_T_b38	2	1.92523e-04	-3.450e-02	1.406e-01 -1.7154134057096952	1.0
chr2_164649056_T_C_b38	2	1.92523e-04	-3.450e-02	1.406e-01 -1.3591470718383791	1.0
