chr6_32829016_G_A_b38	1	4.99384e-01	1.501e+00	1.012e-01 1.3809316158294678	1.0
chr6_32829080_ACAC_A_b38	1	4.99384e-01	1.501e+00	1.012e-01 0.8178341234562578	1.0
chr6_32828908_A_G_b38	2	1.17777e-01	-7.751e-01	5.870e-02 5.3571391105651855	1.0
chr6_32828188_G_A_b38	2	8.04361e-02	-7.708e-01	5.846e-02 4.600009723600063	1.0
chr6_32828281_C_T_b38	2	8.04361e-02	-7.708e-01	5.846e-02 4.600009723600063	1.0
chr6_32828744_C_T_b38	2	8.04361e-02	-7.708e-01	5.846e-02 3.520582437515259	1.0
chr6_32828569_T_C_b38	2	8.04361e-02	-7.708e-01	5.846e-02 4.945573329925537	1.0
chr6_32828367_A_G_b38	2	8.04361e-02	-7.708e-01	5.846e-02 4.594494342803955	1.0
chr6_32828974_T_C_b38	2	8.04361e-02	-7.708e-01	5.846e-02 5.362803936004639	1.0
chr6_32828242_C_A_b38	2	8.04361e-02	-7.708e-01	5.846e-02 4.600009723600063	1.0
chr6_32828280_G_A_b38	2	8.04361e-02	-7.708e-01	5.846e-02 4.600009723600063	1.0
chr6_32828876_C_A_b38	2	8.04361e-02	-7.708e-01	5.846e-02 4.600009723600063	1.0
chr6_32821703_A_G_b38	2	3.95636e-02	-7.710e-01	6.042e-02 5.462528705596924	1.0
chr6_32822390_C_G_b38	2	2.61576e-02	-7.708e-01	6.039e-02 3.932062864303589	1.0
chr6_32829332_G_A_b38	2	1.46348e-02	-7.706e-01	6.037e-02 4.121263504028319	1.0
chr6_32829520_T_C_b38	2	1.46348e-02	-7.706e-01	6.037e-02 4.600009723600063	1.0
chr6_32829391_G_A_b38	2	1.46348e-02	-7.706e-01	6.037e-02 3.2008979320526123	1.0
chr6_32829295_C_T_b38	2	1.46348e-02	-7.706e-01	6.037e-02 3.782437562942505	1.0
chr6_32829190_G_A_b38	2	1.46348e-02	-7.706e-01	6.037e-02 5.0103187561035165	1.0
chr6_32826899_T_C_b38	2	8.82504e-03	-7.636e-01	6.104e-02 4.501108646392822	1.0
chr6_32828449_G_A_b38	2	4.67252e-03	-7.623e-01	6.109e-02 4.706991195678711	1.0
chr6_32829584_C_T_b38	2	4.67252e-03	-7.623e-01	6.109e-02 5.426281929016113	1.0
chr6_32817252_T_C_b38	3	5.54476e-02	-2.099e-01	7.099e-02 -0.5012800789782079	1.0
chr6_32817258_A_G_b38	3	5.54476e-02	-2.099e-01	7.099e-02 -0.004762611817568541	1.0
chr6_32817498_G_A_b38	3	5.54476e-02	-2.099e-01	7.099e-02 -0.5237971107775085	1.0
chr6_32817507_T_C_b38	3	5.54476e-02	-2.099e-01	7.099e-02 -0.3640776872634888	1.0
chr6_32812339_CAG_C_b38	3	2.43540e-02	-2.958e-01	8.028e-02 0.1800715978516681	1.0
chr6_32815629_G_A_b38	3	2.29416e-02	-2.964e-01	8.868e-02 0.4039426550389356	1.0
chr6_32815673_C_G_b38	3	2.29416e-02	-2.964e-01	8.868e-02 1.2838340997695925	1.0
chr6_32819531_G_T_b38	3	1.54871e-02	-2.880e-01	9.006e-02 0.4039426550389356	1.0
chr6_32819526_GA_G_b38	3	1.54871e-02	-2.880e-01	9.006e-02 0.4039426550389356	1.0
chr6_32818739_C_T_b38	3	1.54871e-02	-2.880e-01	9.006e-02 0.4039426550389356	1.0
chr6_32819533_G_A_b38	3	1.54871e-02	-2.880e-01	9.006e-02 0.4039426550389356	1.0
chr6_32820360_T_C_b38	3	1.45552e-02	-2.215e-01	6.497e-02 -1.39115832017654	1.0
chr6_32814372_G_A_b38	3	1.28552e-02	-2.964e-01	8.869e-02 1.1784932613372805	1.0
chr6_32815588_T_C_b38	3	1.01440e-02	-2.098e-01	7.098e-02 -1.5439518690109253	1.0
chr6_32819560_C_T_b38	3	9.52436e-03	-2.880e-01	9.005e-02 -0.9838281869888306	1.0
chr6_32820549_C_G_b38	3	9.52436e-03	-2.880e-01	9.005e-02 0.4039426550389356	1.0
chr6_32810549_G_T_b38	3	6.62452e-03	-2.880e-01	9.005e-02 0.4039426550389356	1.0
chr6_32813137_G_A_b38	3	4.03516e-03	-1.963e-01	7.094e-02 0.6949287056922913	1.0
chr6_32813344_G_C_b38	3	4.03516e-03	-1.963e-01	7.094e-02 -0.08910428485727151	1.0
chr6_32814241_C_T_b38	3	4.03516e-03	-1.963e-01	7.094e-02 0.5646674036979675	1.0
chr6_32813299_C_A_b38	3	4.03516e-03	-1.963e-01	7.094e-02 0.045907297263619334	1.0
chr6_32813777_G_A_b38	3	4.03516e-03	-1.963e-01	7.094e-02 0.1843995749950409	1.0
chr6_32775718_C_T_b38	3	3.14293e-03	-2.965e-01	8.015e-02 0.1800715978516681	1.0
chr6_32796820_G_A_b38	3	2.89321e-03	-2.881e-01	8.996e-02 0.4039426550389356	1.0
chr6_32827255_G_A_b38	3	2.27057e-03	-2.464e-01	8.236e-02 -1.5086040496826172	1.0
chr6_32775871_C_T_b38	3	1.12257e-03	-2.883e-01	8.988e-02 0.4039426550389356	1.0
chr6_32788065_C_T_b38	3	1.12257e-03	-2.883e-01	8.988e-02 0.4039426550389356	1.0
chr6_32776359_T_G_b38	3	1.12257e-03	-2.883e-01	8.988e-02 0.4039426550389356	1.0
chr6_32816899_C_T_b38	4	3.78289e-03	-1.784e-01	1.222e-01 -1.677114963531494	1.0
