chr1_25427074_G_A_b38	1	1.08012e-01	1.956e-01	4.980e-02 5.741864204406737	1.0
chr1_25431643_A_G_b38	1	8.16097e-02	1.772e-01	5.037e-02 6.130547409847862	1.0
chr1_25430369_T_C_b38	1	4.80278e-02	1.425e-01	4.986e-02 5.581611633300781	1.0
chr1_25432164_G_A_b38	1	3.82225e-02	1.680e-01	4.905e-02 8.111302375793457	1.0
chr1_25428523_G_A_b38	1	2.86372e-02	1.599e-01	4.842e-02 6.746935844421388	1.0
chr1_25421744_G_A_b38	1	2.03195e-02	1.775e-01	5.075e-02 6.2314217843521735	1.0
chr1_25420908_G_T_b38	1	2.03195e-02	1.775e-01	5.075e-02 6.2314217843521735	1.0
chr1_25436411_A_T_b38	1	1.44437e-02	1.740e-01	5.123e-02 5.756256103515625	1.0
chr1_25440132_A_G_b38	1	1.44437e-02	1.740e-01	5.123e-02 6.343811308141376	1.0
chr1_25393610_G_C_b38	1	1.34762e-02	1.857e-01	4.772e-02 5.557001629213667	1.0
chr1_25393597_G_A_b38	1	1.34762e-02	1.857e-01	4.772e-02 5.554609045058804	1.0
chr1_25421155_G_A_b38	1	1.20419e-02	1.591e-01	4.800e-02 6.123579093590572	1.0
chr1_25422304_G_A_b38	1	1.17046e-02	1.599e-01	4.842e-02 6.168528505470482	1.0
chr1_25421164_C_T_b38	1	1.17046e-02	1.599e-01	4.842e-02 6.123579093590572	1.0
chr1_25425141_C_T_b38	1	1.17046e-02	1.599e-01	4.842e-02 6.183419614584254	1.0
chr1_25431505_A_G_b38	1	1.12635e-02	1.347e-01	4.859e-02 6.267729709471603	1.0
chr1_25435433_A_T_b38	1	9.98552e-03	1.562e-01	5.017e-02 4.799452304840088	1.0
chr1_25419154_C_T_b38	1	9.47537e-03	1.775e-01	5.075e-02 6.2314217843521735	1.0
chr1_25412573_G_A_b38	1	9.47537e-03	1.775e-01	5.075e-02 6.182702515183535	1.0
chr1_25413699_C_T_b38	1	9.17253e-03	1.696e-01	4.868e-02 6.233681192173003	1.0
chr1_25421082_C_T_b38	1	8.96045e-03	1.560e-01	4.866e-02 6.164138395697692	1.0
chr1_25394663_A_G_b38	1	8.61580e-03	1.903e-01	5.066e-02 6.05153110396509	1.0
chr1_25393757_C_G_b38	1	8.61580e-03	1.903e-01	5.066e-02 6.0696324735581335	1.0
chr1_25397875_G_A_b38	1	8.61580e-03	1.903e-01	5.066e-02 6.1508106357748495	1.0
chr1_25451252_C_T_b38	1	8.12847e-03	1.740e-01	5.123e-02 6.343811308141376	1.0
chr1_25452341_G_A_b38	1	8.12847e-03	1.740e-01	5.123e-02 6.343811308141376	1.0
chr1_25445224_A_G_b38	1	8.12847e-03	1.740e-01	5.123e-02 6.358348074396198	1.0
chr1_25451615_C_T_b38	1	8.12847e-03	1.740e-01	5.123e-02 5.888803958892822	1.0
chr1_25448152_CTT_C_b38	1	8.12847e-03	1.740e-01	5.123e-02 6.343811308141376	1.0
chr1_25440010_C_CT_b38	1	7.56131e-03	1.599e-01	5.059e-02 6.354983732497293	1.0
chr1_25386743_A_T_b38	1	7.37014e-03	1.829e-01	4.937e-02 5.7274762806480926	1.0
chr1_25439997_A_G_b38	1	6.64813e-03	1.562e-01	5.017e-02 6.280780184286245	1.0
chr1_25416094_A_T_b38	1	5.61537e-03	1.591e-01	4.800e-02 6.153742266805878	1.0
chr1_25420739_G_C_b38	1	5.45807e-03	1.599e-01	4.842e-02 6.100962096302881	1.0
chr1_25417977_C_T_b38	1	5.45807e-03	1.599e-01	4.842e-02 6.153742266805878	1.0
chr1_25389394_C_A_b38	1	5.16283e-03	1.822e-01	5.074e-02 5.997541812149504	1.0
chr1_25382613_C_G_b38	1	5.16283e-03	1.822e-01	5.074e-02 5.997541812149504	1.0
chr1_25426560_T_C_b38	1	5.01309e-03	1.425e-01	4.986e-02 5.925156593322754	1.0
chr1_25427147_C_T_b38	1	5.01309e-03	1.425e-01	4.986e-02 8.001412391662598	1.0
chr1_25427649_C_G_b38	1	5.01309e-03	1.425e-01	4.986e-02 4.659875869750977	1.0
chr1_25426126_A_G_b38	1	4.92457e-03	1.464e-01	5.138e-02 5.9285078048706055	1.0
chr1_25393554_G_C_b38	1	4.70299e-03	1.706e-01	4.796e-02 5.9461161918544905	1.0
chr1_25393020_T_C_b38	1	4.70299e-03	1.706e-01	4.796e-02 4.540616512298584	1.0
chr1_25421866_T_C_b38	1	4.51323e-03	1.480e-01	5.029e-02 6.252729881514362	1.0
chr1_25420072_C_T_b38	1	4.46590e-03	1.597e-01	4.941e-02 6.153742266805878	1.0
chr1_25449242_A_T_b38	1	3.74136e-03	1.562e-01	5.017e-02 7.634613037109375	1.0
chr1_25452758_G_A_b38	1	3.74136e-03	1.562e-01	5.017e-02 6.260821151143979	1.0
chr1_25449852_C_G_b38	1	3.74136e-03	1.562e-01	5.017e-02 6.280780184286245	1.0
chr1_25422968_C_T_b38	1	3.64896e-03	1.425e-01	4.986e-02 6.252729881514362	1.0
chr1_25393108_T_A_b38	1	3.58015e-03	1.750e-01	5.047e-02 3.404233455657959	1.0
chr1_25392744_A_C_b38	1	3.58015e-03	1.750e-01	5.047e-02 6.045412137500411	1.0
chr1_25416125_G_A_b38	1	3.51770e-03	1.623e-01	5.162e-02 6.252729881514362	1.0
chr1_25416115_C_T_b38	1	3.51770e-03	1.623e-01	5.162e-02 6.252729881514362	1.0
chr1_25434429_C_T_b38	1	3.23944e-03	1.307e-01	4.931e-02 8.380306243896483	1.0
chr1_25397655_T_C_b38	1	2.92616e-03	1.752e-01	5.154e-02 6.139078507284854	1.0
chr1_25415138_C_A_b38	1	2.81314e-03	1.566e-01	5.120e-02 6.252729881514362	1.0
chr1_25393713_G_T_b38	1	2.77683e-03	1.692e-01	5.008e-02 6.045412137500411	1.0
chr1_25434800_T_C_b38	1	2.70578e-03	1.290e-01	5.025e-02 8.363877296447754	1.0
chr1_25461931_A_G_b38	1	2.69253e-03	-1.740e-01	5.123e-02 -6.343811308141376	1.0
chr1_25480604_T_C_b38	1	2.69253e-03	-1.740e-01	5.123e-02 -5.9360899925231925	1.0
chr1_25479621_T_C_b38	1	2.69253e-03	-1.740e-01	5.123e-02 -6.343811308141376	1.0
chr1_25471632_G_A_b38	1	2.69253e-03	-1.740e-01	5.123e-02 -5.872296333312987	1.0
chr1_25461934_C_A_b38	1	2.69253e-03	-1.740e-01	5.123e-02 -5.900228023529053	1.0
chr1_25400345_C_T_b38	1	2.61919e-03	1.619e-01	4.823e-02 6.0307090801049945	1.0
chr1_25414356_A_C_b38	1	2.18771e-03	1.497e-01	5.058e-02 5.94688081741333	1.0
chr1_25439974_T_C_b38	1	2.15674e-03	1.306e-01	4.929e-02 6.3647618894907625	1.0
chr1_25438992_A_G_b38	1	2.15674e-03	1.306e-01	4.929e-02 6.3647618894907625	1.0
chr1_25427534_C_G_b38	1	2.00443e-03	1.217e-01	4.973e-02 5.764871597290039	1.0
chr1_25391350_G_A_b38	1	1.94957e-03	1.667e-01	5.124e-02 6.043540173667793	1.0
chr1_25437686_A_G_b38	1	1.80144e-03	1.290e-01	5.023e-02 6.3647618894907625	1.0
chr1_25436314_A_AT_b38	1	1.80144e-03	1.290e-01	5.023e-02 6.3647618894907625	1.0
chr1_25418713_G_T_b38	1	1.70158e-03	1.424e-01	4.984e-02 6.252729881514362	1.0
chr1_25416624_C_T_b38	1	1.70158e-03	1.424e-01	4.984e-02 6.252729881514362	1.0
chr1_25417674_C_T_b38	1	1.70158e-03	1.424e-01	4.984e-02 6.252729881514362	1.0
chr1_25418570_T_C_b38	1	1.70158e-03	1.424e-01	4.984e-02 6.252729881514362	1.0
chr1_25400995_T_C_b38	1	1.68016e-03	1.643e-01	5.135e-02 6.129902599263767	1.0
chr1_25390648_C_T_b38	1	1.66627e-03	1.570e-01	4.914e-02 6.097246678486052	1.0
chr1_25382767_A_C_b38	1	1.58038e-03	1.614e-01	5.080e-02 6.02007059072953	1.0
chr1_25377285_A_G_b38	1	1.57422e-03	1.812e-01	5.070e-02 6.02007059072953	1.0
chr1_25518223_G_A_b38	1	1.32297e-03	-1.693e-01	4.830e-02 -5.612260818481445	1.0
chr1_25405059_C_T_b38	1	1.26404e-03	1.528e-01	4.940e-02 6.155256807065902	1.0
chr1_25464254_A_G_b38	1	1.23387e-03	-1.561e-01	5.015e-02 -6.280780195189631	1.0
chr1_25457332_A_G_b38	1	1.23387e-03	-1.561e-01	5.015e-02 -6.280780195189631	1.0
chr1_25464716_A_G_b38	1	1.23387e-03	-1.561e-01	5.015e-02 -6.287205662655332	1.0
chr1_25441118_G_A_b38	1	1.20893e-03	1.306e-01	4.929e-02 5.954166889190674	1.0
chr1_25442718_G_GA_b38	1	1.20893e-03	1.306e-01	4.929e-02 6.3647618894907625	1.0
chr1_25442730_A_T_b38	1	1.20893e-03	1.306e-01	4.929e-02 4.893318176269531	1.0
chr1_25443697_C_G_b38	1	1.20893e-03	1.306e-01	4.929e-02 6.397051333018036	1.0
chr1_25442446_A_G_b38	1	1.20893e-03	1.306e-01	4.929e-02 8.445402145385742	1.0
chr1_25404426_T_G_b38	1	1.19551e-03	1.517e-01	4.939e-02 6.117184747470089	1.0
chr1_25428338_G_A_b38	2	4.24444e-03	-1.873e-01	9.914e-02 1.8247418403625488	1.0
