chr6_32829080_ACAC_A_b38	1	4.99763e-01	9.155e-01	7.182e-02 0.8178341234562578	1.0
chr6_32829016_G_A_b38	1	4.99763e-01	9.155e-01	7.182e-02 1.3809316158294678	1.0
chr6_32829584_C_T_b38	2	1.29002e-01	-2.698e-01	4.570e-02 5.426281929016113	1.0
chr6_32819279_C_T_b38	2	4.86925e-02	-2.242e-01	3.963e-02 4.494969367980957	1.0
chr6_32828974_T_C_b38	2	4.73541e-02	-2.591e-01	4.147e-02 5.362803936004639	1.0
chr6_32828876_C_A_b38	2	4.73541e-02	-2.591e-01	4.147e-02 4.600009723600063	1.0
chr6_32829391_G_A_b38	2	4.73541e-02	-2.591e-01	4.147e-02 3.2008979320526123	1.0
chr6_32829295_C_T_b38	2	4.73541e-02	-2.591e-01	4.147e-02 3.782437562942505	1.0
chr6_32829332_G_A_b38	2	4.73541e-02	-2.591e-01	4.147e-02 4.121263504028319	1.0
chr6_32829190_G_A_b38	2	4.73541e-02	-2.591e-01	4.147e-02 5.0103187561035165	1.0
chr6_32829520_T_C_b38	2	4.73541e-02	-2.591e-01	4.147e-02 4.600009723600063	1.0
chr6_32828569_T_C_b38	2	4.72990e-02	-2.591e-01	4.147e-02 4.945573329925537	1.0
chr6_32828281_C_T_b38	2	4.72990e-02	-2.591e-01	4.147e-02 4.600009723600063	1.0
chr6_32828367_A_G_b38	2	4.72990e-02	-2.591e-01	4.147e-02 4.594494342803955	1.0
chr6_32828242_C_A_b38	2	4.72990e-02	-2.591e-01	4.147e-02 4.600009723600063	1.0
chr6_32828188_G_A_b38	2	4.72990e-02	-2.591e-01	4.147e-02 4.600009723600063	1.0
chr6_32828449_G_A_b38	2	3.60718e-02	-2.590e-01	4.181e-02 4.706991195678711	1.0
chr6_32829338_T_G_b38	2	3.45980e-02	-2.430e-01	3.924e-02 3.22655499124156	1.0
chr6_32828677_C_CT_b38	2	3.38899e-02	-2.576e-01	4.170e-02 4.621801834608499	1.0
chr6_32821703_A_G_b38	2	3.31560e-02	-2.512e-01	4.199e-02 5.462528705596924	1.0
chr6_32828280_G_A_b38	2	2.71848e-02	-2.551e-01	4.155e-02 4.600009723600063	1.0
chr6_32826899_T_C_b38	2	2.69810e-02	-2.503e-01	4.160e-02 4.501108646392822	1.0
chr6_32828744_C_T_b38	2	1.76032e-02	-2.504e-01	4.125e-02 3.520582437515259	1.0
chr6_32828908_A_G_b38	2	9.71915e-03	-2.451e-01	4.125e-02 5.3571391105651855	1.0
chr6_32822390_C_G_b38	2	9.01419e-03	-2.416e-01	4.166e-02 3.932062864303589	1.0
chr6_32819259_C_A_b38	2	4.05906e-03	-1.975e-01	3.702e-02 3.55207896232605	1.0
chr6_32817006_C_T_b38	2	3.69977e-03	-1.936e-01	3.928e-02 3.7236025333404537	1.0
chr6_32828679_C_CACCCCACCA_b38	2	3.01957e-03	-2.486e-01	4.358e-02 4.177126795762948	1.0
chr6_32819056_C_G_b38	2	2.67294e-03	-1.945e-01	3.634e-02 3.6749455928802486	1.0
chr6_32828703_T_C_b38	2	2.23466e-03	-2.327e-01	4.119e-02 2.319831371307373	1.0
chr6_32816976_T_C_b38	2	2.14429e-03	-2.096e-01	4.298e-02 4.188018798828125	1.0
chr6_32816843_C_T_b38	2	2.14429e-03	-2.096e-01	4.298e-02 4.905162334442139	1.0
chr6_32825746_G_A_b38	2	2.02294e-03	-2.110e-01	3.824e-02 3.044716119766236	1.0
chr6_32823522_C_A_b38	2	2.02294e-03	-2.110e-01	3.824e-02 3.632765293121338	1.0
chr6_32820930_A_G_b38	2	1.61278e-03	-2.079e-01	3.863e-02 2.17114782333374	1.0
chr6_32817507_T_C_b38	3	2.92986e-02	-1.104e-01	8.263e-02 -0.3640776872634888	1.0
chr6_32817498_G_A_b38	3	2.92986e-02	-1.104e-01	8.263e-02 -0.5237971107775085	1.0
chr6_32817258_A_G_b38	3	2.92986e-02	-1.104e-01	8.263e-02 -0.004762611817568541	1.0
chr6_32817252_T_C_b38	3	2.92986e-02	-1.104e-01	8.263e-02 -0.5012800789782079	1.0
chr6_32815588_T_C_b38	3	5.52735e-03	-1.109e-01	8.180e-02 -1.5439518690109253	1.0
chr6_32815629_G_A_b38	3	4.06865e-03	-1.312e-01	9.476e-02 0.4039426550389356	1.0
chr6_32815673_C_G_b38	3	4.06865e-03	-1.312e-01	9.476e-02 1.2838340997695925	1.0
chr6_32818739_C_T_b38	3	3.75995e-03	-1.311e-01	9.487e-02 0.4039426550389356	1.0
chr6_32819533_G_A_b38	3	3.75995e-03	-1.311e-01	9.487e-02 0.4039426550389356	1.0
chr6_32819531_G_T_b38	3	3.75995e-03	-1.311e-01	9.487e-02 0.4039426550389356	1.0
chr6_32819526_GA_G_b38	3	3.75995e-03	-1.311e-01	9.487e-02 0.4039426550389356	1.0
chr6_32819560_C_T_b38	3	1.97301e-03	-1.311e-01	9.506e-02 -0.9838281869888306	1.0
chr6_32820549_C_G_b38	3	1.97301e-03	-1.311e-01	9.506e-02 0.4039426550389356	1.0
chr6_32820360_T_C_b38	3	1.36401e-03	-8.196e-02	6.912e-02 -1.39115832017654	1.0
chr6_32814372_G_A_b38	3	1.13860e-03	-7.877e-02	1.179e-01 1.1784932613372805	1.0
chr6_32813299_C_A_b38	3	8.79611e-04	-5.843e-02	8.878e-02 0.045907297263619334	1.0
chr6_32813777_G_A_b38	3	8.71646e-04	-5.326e-02	9.334e-02 0.1843995749950409	1.0
chr6_32814241_C_T_b38	3	8.58116e-04	-5.047e-02	9.468e-02 0.5646674036979675	1.0
chr6_32813137_G_A_b38	3	8.58116e-04	-5.047e-02	9.468e-02 0.6949287056922913	1.0
chr6_32813344_G_C_b38	3	8.58116e-04	-5.047e-02	9.468e-02 -0.08910428485727151	1.0
chr6_32810549_G_T_b38	3	7.26037e-04	-7.475e-02	1.213e-01 0.4039426550389356	1.0
chr6_32796820_G_A_b38	3	5.27366e-05	-1.084e-01	8.318e-02 0.4039426550389356	1.0
chr6_32817937_T_C_b38	4	7.57282e-04	1.611e-01	6.932e-02 3.724374532699585	1.0
chr6_32816296_G_T_b38	4	3.30498e-04	2.603e-01	1.088e-01 4.454246876176111	1.0
chr6_32814805_C_T_b38	4	1.81067e-04	2.603e-01	1.088e-01 4.952091693878174	1.0
chr6_32814610_G_A_b38	4	1.00604e-04	1.421e-01	6.920e-02 3.5904560089111333	1.0
chr6_32818127_G_T_b38	4	8.29191e-05	2.189e-01	1.053e-01 4.429549694061278	1.0
