chr19_48638149_AAGAC_A_b38	1	8.34531e-01	5.446e-01	5.863e-02 2.2819129808206853	1.0
chr19_48642256_C_T_b38	1	9.79564e-02	5.431e-01	5.728e-02 2.241104345930236	1.0
chr19_48645524_C_T_b38	1	6.63729e-02	5.422e-01	5.705e-02 2.179879342771025	1.0
chr19_48714803_C_T_b38	2	4.36127e-02	2.069e-01	4.826e-02 5.764895883653582	1.0
chr19_48706309_A_G_b38	2	3.98680e-02	1.946e-01	4.537e-02 5.31755159121575	1.0
chr19_48702851_C_G_b38	2	3.68779e-02	2.010e-01	4.729e-02 5.4147629737854	1.0
chr19_48703417_G_A_b38	2	3.68779e-02	2.010e-01	4.729e-02 5.364152908325195	1.0
chr19_48703205_C_T_b38	2	3.68779e-02	2.010e-01	4.729e-02 5.257786273956299	1.0
chr19_48702915_C_T_b38	2	3.68779e-02	2.010e-01	4.729e-02 7.403141498565674	1.0
chr19_48703160_A_G_b38	2	3.68779e-02	2.010e-01	4.729e-02 7.4487624168396	1.0
chr19_48702888_G_C_b38	2	3.68779e-02	2.010e-01	4.729e-02 4.034322738647462	1.0
chr19_48706068_C_T_b38	2	3.32155e-02	1.935e-01	4.558e-02 5.254651734713686	1.0
chr19_48706082_T_C_b38	2	3.32155e-02	1.935e-01	4.558e-02 5.254651734713686	1.0
chr19_48710247_G_A_b38	2	3.17731e-02	1.938e-01	4.575e-02 5.52969974474716	1.0
chr19_48710576_G_A_b38	2	3.17731e-02	1.938e-01	4.575e-02 5.52969974474716	1.0
chr19_48706303_T_G_b38	2	2.83455e-02	1.920e-01	4.565e-02 5.293800812242175	1.0
chr19_48706061_G_A_b38	2	2.10261e-02	1.888e-01	4.573e-02 5.2780906578436015	1.0
chr19_48705969_G_A_b38	2	1.93985e-02	1.874e-01	4.558e-02 5.071447849273682	1.0
chr19_48703998_A_G_b38	2	1.72062e-02	1.893e-01	4.643e-02 5.168594950790674	1.0
chr19_48710027_G_A_b38	2	1.70858e-02	1.870e-01	4.583e-02 5.5432109141212615	1.0
chr19_48703949_A_G_b38	2	1.44006e-02	1.866e-01	4.627e-02 4.8587989807128915	1.0
chr19_48704000_T_C_b38	2	1.44006e-02	1.866e-01	4.627e-02 5.230739564441223	1.0
chr19_48704535_G_A_b38	2	1.38688e-02	1.843e-01	4.578e-02 5.232591484090834	1.0
chr19_48706207_C_A_b38	2	1.26061e-02	1.843e-01	4.604e-02 5.179506345319856	1.0
chr19_48705721_A_G_b38	2	1.16581e-02	1.813e-01	4.554e-02 5.041540145874023	1.0
chr19_48708712_T_C_b38	2	1.02814e-02	1.820e-01	4.606e-02 6.767529487609862	1.0
chr19_48703728_G_A_b38	2	9.97642e-03	1.825e-01	4.638e-02 4.871418476104736	1.0
chr19_48704297_C_T_b38	2	8.69736e-03	1.798e-01	4.607e-02 5.215111598880445	1.0
chr19_48705372_G_C_b38	2	7.92821e-03	1.787e-01	4.607e-02 5.198931814517298	1.0
chr19_48705307_C_T_b38	2	7.92821e-03	1.787e-01	4.607e-02 5.198931814517298	1.0
chr19_48705753_T_C_b38	2	7.92821e-03	1.787e-01	4.607e-02 5.051523685455322	1.0
chr19_48705286_T_C_b38	2	7.92821e-03	1.787e-01	4.607e-02 4.96056079864502	1.0
chr19_48705244_A_G_b38	2	7.92821e-03	1.787e-01	4.607e-02 5.198931814517298	1.0
chr19_48704394_T_C_b38	2	7.27525e-03	1.779e-01	4.614e-02 5.189443150855115	1.0
chr19_48705608_G_A_b38	2	6.97379e-03	1.766e-01	4.592e-02 4.522373676300049	1.0
chr19_48726066_G_A_b38	2	6.72544e-03	1.760e-01	4.597e-02 5.470502629831572	1.0
chr19_48706594_A_G_b38	2	6.13422e-03	1.750e-01	4.593e-02 5.1627023761090856	1.0
chr19_48732845_T_C_b38	2	4.36236e-03	1.686e-01	4.517e-02 5.071820337154934	1.0
chr19_48716202_T_C_b38	2	2.10918e-03	1.649e-01	4.636e-02 5.7002414636127074	1.0
chr19_48711017_G_A_b38	2	1.83666e-03	1.664e-01	4.731e-02 5.082703590393066	1.0
chr19_48700572_C_T_b38	2	1.36716e-03	1.681e-01	4.944e-02 5.466204522558888	1.0
chr19_48710271_A_AT_b38	2	1.00152e-03	1.843e-01	5.576e-02 4.695699035463436	1.0
chr19_48718415_T_A_b38	2	9.34120e-04	1.653e-01	5.060e-02 4.484653388049207	1.0
chr19_48725015_T_C_b38	2	7.79380e-04	1.552e-01	4.792e-02 5.240087985992432	1.0
chr19_48724186_C_T_b38	2	7.79380e-04	1.552e-01	4.792e-02 5.583672627402047	1.0
chr19_48723999_C_T_b38	2	6.89298e-04	1.527e-01	4.768e-02 5.568383895876783	1.0
chr19_48723786_G_A_b38	2	6.89298e-04	1.527e-01	4.768e-02 5.553667728387118	1.0
chr19_48707612_A_G_b38	2	5.68726e-04	1.475e-01	4.671e-02 4.502082359946383	1.0
chr19_48715180_A_C_b38	2	4.85633e-04	1.472e-01	4.770e-02 5.763012822638389	1.0
chr19_48715173_A_G_b38	2	4.85633e-04	1.472e-01	4.770e-02 5.763012822638389	1.0
chr19_48714854_G_T_b38	2	4.85633e-04	1.472e-01	4.770e-02 5.73484153004472	1.0
chr19_48715345_C_T_b38	2	4.67727e-04	1.451e-01	4.710e-02 5.762956517178728	1.0
chr19_48711838_C_T_b38	2	4.34258e-04	1.455e-01	4.775e-02 5.798656627784284	1.0
chr19_48717066_A_G_b38	2	4.30451e-04	1.451e-01	4.763e-02 5.646929468218351	1.0
chr19_48726268_T_C_b38	2	4.05586e-04	1.444e-01	4.766e-02 5.581144586675769	1.0
chr19_48722509_A_T_b38	2	3.79402e-04	1.436e-01	4.784e-02 5.650341707467513	1.0
chr19_48728969_G_A_b38	2	3.43188e-04	1.420e-01	4.785e-02 5.47639364223267	1.0
chr19_48638275_T_C_b38	3	2.87451e-02	-1.738e-01	7.889e-02 -0.4214576029459178	1.0
chr19_48639768_T_C_b38	3	3.74943e-03	-1.754e-01	7.842e-02 -0.6153857707977295	1.0
chr19_48637552_A_C_b38	3	2.83633e-03	-1.516e-01	9.008e-02 1.8347829212405984	1.0
chr19_48633222_C_A_b38	3	2.08814e-03	1.765e-01	7.809e-02 0.4011328049611309	1.0
