chr19_48695079_T_C_b38	1	6.50087e-01	-2.945e-01	1.182e-01 -1.237500325734303	1.0
chr19_48692616_A_G_b38	1	1.27195e-01	-3.131e-01	1.111e-01 -1.2492400814246485	1.0
chr19_48685769_G_A_b38	1	4.95980e-02	-3.727e-01	1.110e-01 -1.1540410944624755	1.0
chr19_48686506_G_C_b38	1	1.44303e-02	-3.826e-01	1.107e-01 -1.006717294587305	1.0
chr19_48686143_G_A_b38	1	1.44303e-02	-3.826e-01	1.107e-01 -1.195242351244027	1.0
chr19_48686272_T_C_b38	1	1.44303e-02	-3.826e-01	1.107e-01 -1.006717294587305	1.0
chr19_48686158_A_G_b38	1	1.44303e-02	-3.826e-01	1.107e-01 -0.9702939391136168	1.0
chr19_48689837_A_G_b38	1	9.45749e-03	-4.053e-01	1.271e-01 -1.2479422907142892	1.0
chr19_48690959_T_G_b38	1	9.45749e-03	-4.053e-01	1.271e-01 -1.3487039228915585	1.0
chr19_48686486_T_TA_b38	1	5.71797e-03	-3.742e-01	9.595e-02 -1.006717294587305	1.0
chr19_48685939_C_T_b38	1	3.82001e-03	-4.160e-01	1.018e-01 -1.1368278264302465	1.0
chr19_48685224_T_C_b38	1	3.82001e-03	-4.160e-01	1.018e-01 -1.125548521871907	1.0
chr19_48685370_G_A_b38	1	3.82001e-03	-4.160e-01	1.018e-01 -1.1368278264302465	1.0
chr19_48685874_A_G_b38	1	3.82001e-03	-4.160e-01	1.018e-01 -1.1368278264302465	1.0
chr19_48685001_C_T_b38	1	3.82001e-03	-4.160e-01	1.018e-01 -1.1368278264302465	1.0
chr19_48696547_G_C_b38	2	8.41904e-01	-5.145e-01	1.205e-01 3.363718271255493	1.0
chr19_48705969_G_A_b38	3	6.10527e-02	2.655e-01	6.156e-02 5.071447849273682	1.0
chr19_48715345_C_T_b38	3	5.19273e-02	2.767e-01	6.090e-02 5.762956517178728	1.0
chr19_48703160_A_G_b38	3	3.46550e-02	2.600e-01	6.067e-02 7.4487624168396	1.0
chr19_48703417_G_A_b38	3	3.46550e-02	2.600e-01	6.067e-02 5.364152908325195	1.0
chr19_48703205_C_T_b38	3	3.46550e-02	2.600e-01	6.067e-02 5.257786273956299	1.0
chr19_48702915_C_T_b38	3	3.46550e-02	2.600e-01	6.067e-02 7.403141498565674	1.0
chr19_48702851_C_G_b38	3	3.46550e-02	2.600e-01	6.067e-02 5.4147629737854	1.0
chr19_48702888_G_C_b38	3	3.46550e-02	2.600e-01	6.067e-02 4.034322738647462	1.0
chr19_48703949_A_G_b38	3	2.59820e-02	2.644e-01	6.198e-02 4.8587989807128915	1.0
chr19_48704000_T_C_b38	3	2.59820e-02	2.644e-01	6.198e-02 5.230739564441223	1.0
chr19_48703728_G_A_b38	3	2.59820e-02	2.644e-01	6.198e-02 4.871418476104736	1.0
chr19_48703998_A_G_b38	3	2.59820e-02	2.644e-01	6.198e-02 5.168594950790674	1.0
chr19_48705721_A_G_b38	3	2.27753e-02	2.596e-01	6.126e-02 5.041540145874023	1.0
chr19_48714854_G_T_b38	3	2.06293e-02	2.789e-01	6.217e-02 5.73484153004472	1.0
chr19_48711838_C_T_b38	3	2.06293e-02	2.789e-01	6.217e-02 5.798656627784284	1.0
chr19_48715180_A_C_b38	3	2.06293e-02	2.789e-01	6.217e-02 5.763012822638389	1.0
chr19_48715173_A_G_b38	3	2.06293e-02	2.789e-01	6.217e-02 5.763012822638389	1.0
chr19_48705286_T_C_b38	3	2.04239e-02	2.632e-01	6.268e-02 4.96056079864502	1.0
chr19_48705244_A_G_b38	3	2.04239e-02	2.632e-01	6.268e-02 5.198931814517298	1.0
chr19_48705372_G_C_b38	3	2.04239e-02	2.632e-01	6.268e-02 5.198931814517298	1.0
chr19_48705307_C_T_b38	3	2.04239e-02	2.632e-01	6.268e-02 5.198931814517298	1.0
chr19_48705753_T_C_b38	3	1.94795e-02	2.631e-01	6.274e-02 5.051523685455322	1.0
chr19_48706303_T_G_b38	3	1.81254e-02	2.718e-01	6.215e-02 5.293800812242175	1.0
chr19_48704394_T_C_b38	3	1.70969e-02	2.650e-01	6.367e-02 5.189443150855115	1.0
chr19_48704297_C_T_b38	3	1.70969e-02	2.650e-01	6.367e-02 5.215111598880445	1.0
chr19_48704535_G_A_b38	3	1.59089e-02	2.594e-01	6.258e-02 5.232591484090834	1.0
chr19_48706309_A_G_b38	3	1.51872e-02	2.679e-01	6.180e-02 5.31755159121575	1.0
chr19_48706082_T_C_b38	3	1.42179e-02	2.651e-01	6.141e-02 5.254651734713686	1.0
chr19_48706068_C_T_b38	3	1.42179e-02	2.651e-01	6.141e-02 5.254651734713686	1.0
chr19_48706061_G_A_b38	3	1.42179e-02	2.651e-01	6.141e-02 5.2780906578436015	1.0
chr19_48705608_G_A_b38	3	1.27121e-02	2.596e-01	6.316e-02 4.522373676300049	1.0
chr19_48726268_T_C_b38	3	1.15892e-02	2.865e-01	6.208e-02 5.581144586675769	1.0
chr19_48710576_G_A_b38	3	6.53094e-03	2.628e-01	6.281e-02 5.52969974474716	1.0
chr19_48710247_G_A_b38	3	6.53094e-03	2.628e-01	6.281e-02 5.52969974474716	1.0
chr19_48706207_C_A_b38	3	6.43430e-03	2.643e-01	6.331e-02 5.179506345319856	1.0
chr19_48717066_A_G_b38	3	5.22106e-03	2.656e-01	6.340e-02 5.646929468218351	1.0
chr19_48724186_C_T_b38	3	4.60407e-03	2.759e-01	6.245e-02 5.583672627402047	1.0
chr19_48725015_T_C_b38	3	4.60407e-03	2.759e-01	6.245e-02 5.240087985992432	1.0
chr19_48706594_A_G_b38	3	4.40666e-03	2.552e-01	6.275e-02 5.1627023761090856	1.0
chr19_48708712_T_C_b38	3	4.28765e-03	2.617e-01	6.432e-02 6.767529487609862	1.0
chr19_48710027_G_A_b38	3	4.23553e-03	2.574e-01	6.348e-02 5.5432109141212615	1.0
chr19_48722509_A_T_b38	3	4.03760e-03	2.788e-01	6.295e-02 5.650341707467513	1.0
chr19_48723999_C_T_b38	3	3.04619e-03	2.685e-01	6.219e-02 5.568383895876783	1.0
chr19_48723786_G_A_b38	3	3.04619e-03	2.685e-01	6.219e-02 5.553667728387118	1.0
chr19_48728969_G_A_b38	3	3.04619e-03	2.685e-01	6.219e-02 5.47639364223267	1.0
chr19_48700572_C_T_b38	3	2.37673e-04	2.032e-01	6.681e-02 5.466204522558888	1.0
chr19_48714803_C_T_b38	3	1.86106e-04	2.311e-01	6.892e-02 5.764895883653582	1.0
chr19_48726066_G_A_b38	3	1.84393e-04	2.407e-01	6.443e-02 5.470502629831572	1.0
chr19_48711017_G_A_b38	3	1.28680e-04	2.136e-01	6.638e-02 5.082703590393066	1.0
chr19_48710271_A_AT_b38	3	5.66753e-05	2.427e-01	8.357e-02 4.695699035463436	1.0
chr19_48716202_T_C_b38	3	4.33571e-05	1.880e-01	6.749e-02 5.7002414636127074	1.0
chr19_48696176_T_C_b38	4	4.47725e-02	-5.174e-01	2.190e-01 0.0	1.0
chr19_48696658_C_A_b38	4	3.25037e-02	-7.336e-01	2.423e-01 0.0	1.0
chr19_48695865_T_G_b38	4	2.97429e-02	-5.322e-01	2.337e-01 0.0	1.0
chr19_48695750_T_C_b38	4	2.97429e-02	-5.322e-01	2.337e-01 0.0	1.0
chr19_48688792_C_T_b38	4	1.25671e-03	-7.255e-01	2.181e-01 0.0	1.0
chr19_48688434_C_T_b38	4	1.25671e-03	-7.255e-01	2.181e-01 0.0	1.0
chr19_48688746_G_T_b38	4	1.25671e-03	-7.255e-01	2.181e-01 0.0	1.0
chr19_48688543_G_A_b38	4	1.25671e-03	-7.255e-01	2.181e-01 0.0	1.0
chr19_48688285_C_A_b38	4	1.25671e-03	-7.255e-01	2.181e-01 0.0	1.0
chr19_48687879_A_G_b38	4	1.25671e-03	-7.255e-01	2.181e-01 0.0	1.0
chr19_48687870_T_C_b38	4	1.25671e-03	-7.255e-01	2.181e-01 0.0	1.0
chr19_48687887_C_A_b38	4	1.25671e-03	-7.255e-01	2.181e-01 0.0	1.0
chr19_48687968_T_C_b38	4	1.25671e-03	-7.255e-01	2.181e-01 0.0	1.0
chr19_48688664_A_G_b38	4	1.25671e-03	-7.255e-01	2.181e-01 0.0	1.0
chr19_48693465_G_A_b38	4	2.86340e-04	-7.372e-01	2.199e-01 0.0	1.0
chr19_48693829_C_T_b38	4	2.72259e-04	-7.489e-01	2.346e-01 0.0	1.0
chr19_48690221_C_T_b38	4	1.40739e-04	-7.916e-01	2.360e-01 0.0	1.0
chr19_48690580_C_CAG_b38	4	1.40739e-04	-7.916e-01	2.360e-01 0.0	1.0
chr19_48690595_A_T_b38	4	1.40739e-04	-7.916e-01	2.360e-01 0.0	1.0
chr19_48690632_C_T_b38	4	1.40739e-04	-7.916e-01	2.360e-01 0.0	1.0
chr19_48690404_A_T_b38	4	1.40739e-04	-7.916e-01	2.360e-01 0.0	1.0
chr19_48689515_G_A_b38	4	1.40739e-04	-7.916e-01	2.360e-01 0.0	1.0
chr19_48690556_C_A_b38	4	1.40739e-04	-7.916e-01	2.360e-01 0.0	1.0
chr19_48690701_T_A_b38	4	1.40739e-04	-7.916e-01	2.360e-01 0.0	1.0
chr19_48690335_T_A_b38	4	1.40739e-04	-7.916e-01	2.360e-01 0.0	1.0
chr19_48690218_G_T_b38	4	1.40739e-04	-7.916e-01	2.360e-01 0.0	1.0
chr19_48690601_G_A_b38	4	1.40739e-04	-7.916e-01	2.360e-01 0.0	1.0
chr19_48690549_T_C_b38	4	1.40739e-04	-7.916e-01	2.360e-01 0.0	1.0
chr19_48690700_T_A_b38	4	1.40739e-04	-7.916e-01	2.360e-01 0.0	1.0
chr19_48690328_G_A_b38	4	1.40739e-04	-7.916e-01	2.360e-01 0.0	1.0
chr19_48689599_A_G_b38	4	1.40739e-04	-7.916e-01	2.360e-01 0.0	1.0
chr19_48690217_T_C_b38	4	1.40739e-04	-7.916e-01	2.360e-01 0.0	1.0
chr19_48689126_C_T_b38	4	1.40739e-04	-7.916e-01	2.360e-01 0.0	1.0
chr19_48690680_G_A_b38	4	1.36596e-04	-8.577e-01	2.531e-01 0.0	1.0
chr19_48693206_G_A_b38	4	1.16544e-04	-7.281e-01	2.455e-01 0.0	1.0
chr19_48691183_C_T_b38	4	1.16544e-04	-7.281e-01	2.455e-01 0.0	1.0
chr19_48691555_C_T_b38	4	1.16544e-04	-7.281e-01	2.455e-01 0.0	1.0
chr19_48692504_AC_A_b38	4	1.16544e-04	-7.281e-01	2.455e-01 0.0	1.0
chr19_48691505_T_A_b38	4	1.16544e-04	-7.281e-01	2.455e-01 0.0	1.0
chr19_48691623_C_T_b38	4	1.16544e-04	-7.281e-01	2.455e-01 0.0	1.0
chr19_48691985_TTGTA_T_b38	4	1.16544e-04	-7.281e-01	2.455e-01 0.0	1.0
chr19_48691619_T_C_b38	4	1.16544e-04	-7.281e-01	2.455e-01 0.0	1.0
chr19_48692425_A_G_b38	4	1.16544e-04	-7.281e-01	2.455e-01 0.0	1.0
chr19_48691635_T_C_b38	4	1.16544e-04	-7.281e-01	2.455e-01 0.0	1.0
chr19_48691269_T_C_b38	4	1.16544e-04	-7.281e-01	2.455e-01 0.0	1.0
chr19_48691166_C_T_b38	4	1.16544e-04	-7.281e-01	2.455e-01 0.0	1.0
chr19_48691833_A_G_b38	4	1.16544e-04	-7.281e-01	2.455e-01 0.0	1.0
chr19_48692528_T_C_b38	4	1.16544e-04	-7.281e-01	2.455e-01 0.0	1.0
chr19_48692101_C_T_b38	4	1.16544e-04	-7.281e-01	2.455e-01 0.0	1.0
chr19_48692424_C_T_b38	4	1.16544e-04	-7.281e-01	2.455e-01 0.0	1.0
chr19_48692510_C_T_b38	4	1.16544e-04	-7.281e-01	2.455e-01 0.0	1.0
chr19_48691122_G_A_b38	4	1.16544e-04	-7.281e-01	2.455e-01 0.0	1.0
chr19_48692998_G_A_b38	4	1.16544e-04	-7.281e-01	2.455e-01 0.0	1.0
chr19_48690970_G_A_b38	4	6.28102e-05	-7.281e-01	2.455e-01 0.0	1.0
chr19_48690848_C_G_b38	4	6.28102e-05	-7.281e-01	2.455e-01 0.0	1.0
chr19_48685853_T_G_b38	4	1.76427e-05	-5.661e-01	2.193e-01 0.0	1.0
chr19_48714004_A_G_b38	5	4.50758e-03	3.066e-01	9.448e-02 4.253877639770509	1.0
chr19_48712045_C_T_b38	5	1.10738e-05	2.095e-01	1.011e-01 3.818844632561704	1.0
chr19_48711978_G_A_b38	5	1.10738e-05	2.095e-01	1.011e-01 3.818844632561704	1.0
