chr12_42137864_G_A_b38	1	5.50228e-01	-2.726e-01	3.030e-02 3.1805810928344727	1.0
chr12_42109665_T_C_b38	1	1.14186e-01	-2.740e-01	3.032e-02 3.278609275817871	1.0
chr12_42119325_G_A_b38	1	9.71323e-02	-2.726e-01	3.030e-02 3.2186179161071777	1.0
chr12_42110877_T_G_b38	1	6.09450e-02	-2.722e-01	3.035e-02 3.2909209728240967	1.0
chr12_42081636_T_G_b38	1	3.18630e-02	-2.726e-01	3.030e-02 3.180206775665283	1.0
chr12_42082086_G_A_b38	1	3.18630e-02	-2.726e-01	3.030e-02 3.236536026000977	1.0
chr12_42056451_G_A_b38	1	3.18630e-02	-2.726e-01	3.030e-02 3.3420236110687256	1.0
chr12_42045819_C_T_b38	1	1.62902e-02	-2.722e-01	3.035e-02 3.2015085220336914	1.0
chr12_42051457_A_G_b38	1	1.62902e-02	-2.722e-01	3.035e-02 3.283545732498169	1.0
chr12_42050420_A_G_b38	1	1.62902e-02	-2.722e-01	3.035e-02 3.2767481803894043	1.0
chr12_42046470_G_GT_b38	1	1.62902e-02	-2.722e-01	3.035e-02 3.0064950534302817	1.0
chr12_42077663_T_C_b38	1	1.62902e-02	-2.722e-01	3.035e-02 3.2505056858062744	1.0
chr12_42044196_T_C_b38	1	2.09863e-05	-2.722e-01	3.035e-02 2.9291412830352783	1.0
chr12_42149059_A_G_b38	2	7.98891e-01	-4.312e-02	3.843e-02 4.09564208984375	1.0
chr12_42156345_G_A_b38	2	1.42033e-01	-4.224e-02	3.852e-02 4.031169414520264	1.0
chr12_42302643_G_A_b38	2	1.46768e-02	-2.759e-03	3.747e-02 4.093997001647948	1.0
chr12_42193207_C_T_b38	2	1.40700e-02	-4.584e-02	3.901e-02 3.8556976318359375	1.0
chr12_42288611_C_T_b38	2	1.08378e-02	-1.501e-02	3.788e-02 4.14219331741333	1.0
chr12_42261690_C_T_b38	2	1.01464e-02	-1.354e-02	3.747e-02 3.9585695266723633	1.0
chr12_42225722_G_A_b38	2	4.75854e-03	-4.584e-02	3.901e-02 4.069075584411621	1.0
chr12_42144317_G_A_b38	3	9.34935e-01	3.369e-01	6.051e-02 0.08564893156290054	1.0
chr12_42156641_G_A_b38	3	4.37267e-03	2.699e-01	4.939e-02 -0.5016192197799683	1.0
chr12_42145045_C_G_b38	4	6.80461e-02	-2.449e-01	2.981e-02 0.9702664613723756	1.0
chr12_42145035_T_C_b38	4	4.78151e-02	-2.386e-01	2.966e-02 1.0941039323806765	1.0
chr12_42140689_C_T_b38	4	7.96536e-03	-2.471e-01	2.978e-02 1.080209493637085	1.0
chr12_42140580_C_T_b38	4	7.96536e-03	-2.471e-01	2.978e-02 1.0733439922332764	1.0
chr12_42140569_A_ACAGT_b38	4	6.83566e-03	-2.454e-01	2.973e-02 1.1137595926300157	1.0
chr12_42135670_C_T_b38	4	3.16644e-03	-2.482e-01	2.976e-02 1.3148143291473389	1.0
chr12_42126096_C_T_b38	4	2.39877e-03	-2.502e-01	2.980e-02 0.7878095507621765	1.0
chr12_42126450_T_C_b38	4	1.46132e-03	-2.471e-01	2.978e-02 1.0401633977890017	1.0
chr12_42126765_C_T_b38	4	1.46132e-03	-2.471e-01	2.978e-02 1.0437265634536743	1.0
chr12_42131406_T_C_b38	4	1.46132e-03	-2.471e-01	2.978e-02 1.0618290901184082	1.0
chr12_42127359_T_TA_b38	4	1.46132e-03	-2.471e-01	2.978e-02 1.1137595926300157	1.0
chr12_42129358_G_T_b38	4	8.75018e-04	-2.467e-01	2.971e-02 1.2987273931503296	1.0
chr12_42121121_A_C_b38	4	8.71165e-04	-2.486e-01	2.985e-02 1.2320457696914673	1.0
chr12_42129564_T_C_b38	4	8.71165e-04	-2.486e-01	2.985e-02 1.3120265007019043	1.0
chr12_42130133_C_T_b38	4	8.71165e-04	-2.486e-01	2.985e-02 1.3098869323730469	1.0
chr12_42129131_A_G_b38	4	8.71165e-04	-2.486e-01	2.985e-02 1.2922539710998535	1.0
chr12_42105737_T_C_b38	4	4.51049e-04	-2.471e-01	2.978e-02 0.6753344535827637	1.0
chr12_42102175_T_C_b38	4	4.51049e-04	-2.471e-01	2.978e-02 0.9874885082244872	1.0
chr12_42105736_T_A_b38	4	4.51049e-04	-2.471e-01	2.978e-02 0.6488361358642578	1.0
chr12_42097149_G_A_b38	4	4.42782e-04	-2.473e-01	2.960e-02 1.291163444519043	1.0
chr12_42113151_C_T_b38	4	3.79581e-04	-2.461e-01	2.941e-02 1.3761167526245115	1.0
chr12_42096610_G_A_b38	4	3.52175e-04	-2.482e-01	2.976e-02 1.2450920343399048	1.0
chr12_42109992_C_A_b38	4	3.52175e-04	-2.482e-01	2.976e-02 1.3019800186157229	1.0
chr12_42114864_C_T_b38	4	3.45944e-04	-2.490e-01	2.992e-02 1.4404542996287892	1.0
chr12_42096199_C_T_b38	4	3.35360e-04	-2.486e-01	2.985e-02 1.2842833995819092	1.0
chr12_42114183_G_A_b38	4	3.35360e-04	-2.486e-01	2.985e-02 1.0469850301742554	1.0
chr12_42116543_G_A_b38	4	3.35360e-04	-2.486e-01	2.985e-02 1.27166748046875	1.0
chr12_42116872_C_G_b38	4	3.35360e-04	-2.486e-01	2.985e-02 1.0827851295471191	1.0
chr12_42110142_G_C_b38	4	3.21120e-04	-2.472e-01	2.972e-02 1.2994641065597534	1.0
chr12_42095009_A_AC_b38	4	2.99622e-04	-2.453e-01	2.980e-02 1.3097095646587482	1.0
chr12_42111309_C_T_b38	4	2.73114e-04	-2.440e-01	2.989e-02 1.1594043970108032	1.0
chr12_42111914_A_G_b38	4	2.68277e-04	-2.463e-01	3.005e-02 1.2511876821517944	1.0
chr12_42144728_C_G_b38	5	1.85424e-03	-3.033e-01	3.936e-02 -0.2257009744644165	1.0
chr12_42135575_AAAT_A_b38	5	5.74744e-05	-3.057e-01	3.961e-02 -0.4288959633972182	1.0
chr12_42122574_A_G_b38	5	2.02736e-05	-3.025e-01	3.956e-02 -0.22118626534938807	1.0
chr12_42124300_T_C_b38	5	2.02736e-05	-3.025e-01	3.956e-02 -0.1861032396554947	1.0
chr12_42117491_G_GT_b38	5	4.57448e-06	-3.025e-01	3.956e-02 -0.3673261024278208	1.0
chr12_42172480_T_C_b38	5	4.47465e-06	-2.503e-01	4.129e-02 -0.168435737490654	1.0
