chr19_53132920_C_A_b38	1	9.99777e-01	-8.969e-01	7.265e-02 0.1547786444425583	1.0
chr19_53093297_A_G_b38	2	2.30133e-01	4.529e-01	6.140e-02 -1.1211910247802734	1.0
chr19_53094042_G_A_b38	2	1.85778e-01	4.503e-01	6.163e-02 -1.1313830614089966	1.0
chr19_53094975_C_T_b38	2	1.85778e-01	4.503e-01	6.163e-02 -1.1399308443069458	1.0
chr19_53092765_A_G_b38	2	1.85778e-01	4.503e-01	6.163e-02 -1.0519559383392334	1.0
chr19_53093667_G_T_b38	2	1.85778e-01	4.503e-01	6.163e-02 -1.1329917907714844	1.0
chr19_53096337_C_T_b38	2	2.65343e-02	3.273e-01	5.607e-02 -1.4658024311065674	1.0
chr19_53132951_T_C_b38	3	8.59322e-01	1.644e-03	5.475e-02 1.2596291303634644	1.0
chr19_53132945_A_G_b38	3	1.40455e-01	-6.415e-03	5.507e-02 1.2721989154815674	1.0
chr19_53132434_C_G_b38	4	9.64921e-01	2.739e-01	5.558e-02 -1.5167046785354614	1.0
chr19_53114466_T_G_b38	5	2.26279e-01	-2.859e-01	5.450e-02 4.737396240234375	1.0
chr19_53116212_C_T_b38	5	1.05569e-01	-2.388e-01	5.440e-02 5.15866231918335	1.0
chr19_53115445_C_T_b38	5	9.24774e-02	-2.420e-01	5.463e-02 5.092854976654053	1.0
chr19_53117160_G_A_b38	5	7.81597e-02	-2.250e-01	5.442e-02 5.11220645904541	1.0
chr19_53117725_T_C_b38	5	5.78288e-02	-2.323e-01	5.469e-02 5.026774883270264	1.0
chr19_53116646_C_T_b38	5	5.16099e-02	-2.326e-01	5.449e-02 5.1039390563964835	1.0
chr19_53109058_T_C_b38	5	2.78606e-02	-2.835e-01	5.459e-02 3.9063453674316406	1.0
chr19_53118308_G_A_b38	5	2.61564e-02	-1.372e-01	5.408e-02 3.8905770778656006	1.0
chr19_53112088_C_G_b38	5	2.60356e-02	-2.848e-01	5.471e-02 3.9149398803710938	1.0
chr19_53113040_T_C_b38	5	2.60356e-02	-2.848e-01	5.471e-02 3.9089841842651367	1.0
chr19_53110365_A_G_b38	5	2.04391e-02	-2.525e-01	5.415e-02 3.9935712814331055	1.0
chr19_53110078_T_TA_b38	5	2.04391e-02	-2.525e-01	5.415e-02 3.827458521438008	1.0
chr19_53109504_T_G_b38	5	1.88921e-02	-2.535e-01	5.424e-02 4.0046353340148935	1.0
chr19_53109492_T_C_b38	5	1.88921e-02	-2.535e-01	5.424e-02 4.004444122314453	1.0
chr19_53108220_C_T_b38	5	1.88921e-02	-2.535e-01	5.424e-02 4.019569873809815	1.0
chr19_53114565_C_T_b38	5	3.64355e-03	-1.720e-01	5.429e-02 3.634696483612061	1.0
chr19_53107405_G_T_b38	5	2.78124e-03	-3.073e-01	5.417e-02 3.9269804954528813	1.0
chr19_53104815_A_G_b38	5	3.20645e-38	-2.942e-01	5.425e-02 3.9264709949493413	1.0
chr19_53106468_C_T_b38	5	1.15701e-38	-2.848e-01	5.471e-02 3.916624784469605	1.0
chr19_53105087_G_A_b38	5	1.15701e-38	-2.848e-01	5.471e-02 3.935836553573608	1.0
chr19_53105773_G_A_b38	5	1.15701e-38	-2.848e-01	5.471e-02 3.92055606842041	1.0
chr19_53107276_G_A_b38	5	8.58671e-39	-2.770e-01	5.389e-02 4.0306901931762695	1.0
chr19_53107513_G_T_b38	5	8.29025e-39	-2.762e-01	5.382e-02 4.051750183105469	1.0
chr19_53106281_G_T_b38	5	4.77883e-39	-2.731e-01	5.450e-02 3.791835784912109	1.0
chr19_53105972_C_CAAAT_b38	5	3.62194e-39	-2.705e-01	5.466e-02 3.6817463853535046	1.0
chr19_53105713_G_A_b38	5	3.62194e-39	-2.705e-01	5.466e-02 3.9625048637390137	1.0
chr19_53106431_T_A_b38	5	3.62194e-39	-2.705e-01	5.466e-02 3.958820343017578	1.0
chr19_53106029_G_A_b38	5	3.62194e-39	-2.705e-01	5.466e-02 3.765168818030512	1.0
chr19_53106002_T_C_b38	5	3.62194e-39	-2.705e-01	5.466e-02 3.967731952667236	1.0
chr19_53105737_A_G_b38	5	3.62194e-39	-2.705e-01	5.466e-02 3.961527585983277	1.0
chr19_53106480_T_C_b38	5	3.62194e-39	-2.705e-01	5.466e-02 3.959895133972168	1.0
chr19_53105350_C_T_b38	5	3.62194e-39	-2.705e-01	5.466e-02 3.940291166305542	1.0
chr19_53105346_C_T_b38	5	3.62194e-39	-2.705e-01	5.466e-02 3.9414124488830566	1.0
chr19_53105637_T_A_b38	5	3.62194e-39	-2.705e-01	5.466e-02 3.9657983779907213	1.0
chr19_53105229_G_A_b38	5	3.62194e-39	-2.705e-01	5.466e-02 3.960138320922852	1.0
chr19_53104962_T_C_b38	5	3.62194e-39	-2.705e-01	5.466e-02 3.941027164459229	1.0
chr19_53105431_A_C_b38	5	3.62194e-39	-2.705e-01	5.466e-02 3.9408800601959233	1.0
chr19_53106110_C_T_b38	5	3.62194e-39	-2.705e-01	5.466e-02 3.968644857406616	1.0
chr19_53105102_C_T_b38	5	3.62194e-39	-2.705e-01	5.466e-02 3.9494686126708975	1.0
chr19_53107547_C_CAGGGT_b38	5	1.35102e-39	-2.580e-01	5.466e-02 3.825009785057037	1.0
chr19_53107346_C_T_b38	5	1.11082e-39	-2.535e-01	5.424e-02 4.0098652839660645	1.0
chr19_53107934_T_C_b38	5	1.11082e-39	-2.535e-01	5.424e-02 4.0266828536987305	1.0
chr19_53106714_C_G_b38	5	1.06969e-39	-2.525e-01	5.415e-02 4.0344204902648935	1.0
chr19_53134782_C_T_b38	6	8.10310e-02	1.911e-02	5.596e-02 -1.2713428735733032	1.0
chr19_53150770_C_T_b38	6	6.68549e-03	2.619e-02	5.585e-02 -1.4314106702804563	1.0
chr19_53142038_T_C_b38	6	4.42966e-03	2.145e-02	5.610e-02 -1.356251835823059	1.0
chr19_53132763_A_G_b38	6	3.73007e-03	-4.573e-02	5.699e-02 1.447489857673645	1.0
chr19_53151656_T_C_b38	6	4.97796e-04	2.145e-02	5.610e-02 -1.421170949935913	1.0
chr19_53144646_A_G_b38	6	4.97796e-04	2.145e-02	5.610e-02 -1.4002448320388794	1.0
chr19_53149560_C_A_b38	6	4.97796e-04	2.145e-02	5.610e-02 -1.4237563610076904	1.0
chr19_53132554_A_G_b38	7	2.25696e-03	-3.475e-03	6.059e-02 -0.25387442111968994	1.0
