chr1_39491629_G_A_b38	1	3.69262e-01	-4.575e-01	5.233e-02 -5.564107418060303	1.0
chr1_39491497_C_T_b38	1	3.69262e-01	-4.575e-01	5.233e-02 -5.576401710510254	1.0
chr1_39498201_A_G_b38	1	1.25476e-01	-4.384e-01	4.984e-02 -2.339557409286499	1.0
chr1_39493413_C_T_b38	1	5.68800e-02	-4.575e-01	5.233e-02 -5.556396484375	1.0
chr1_39492408_C_G_b38	1	4.27533e-02	-4.481e-01	5.251e-02 -5.563412189483644	1.0
chr1_39531044_C_T_b38	1	1.05353e-02	-4.260e-01	4.893e-02 -3.5786347389221187	1.0
chr1_39523655_C_T_b38	1	9.89517e-03	-4.266e-01	4.862e-02 -3.5539064407348637	1.0
chr1_39528873_A_T_b38	1	7.97131e-03	-4.265e-01	4.875e-02 -3.48738956451416	1.0
chr1_39526058_G_GGAGT_b38	1	7.16802e-03	-4.294e-01	4.927e-02 -3.425510667906148	1.0
chr1_39479625_C_T_b38	1	5.08628e-07	-4.575e-01	5.233e-02 -5.5515971183776855	1.0
chr1_39482552_A_G_b38	1	4.14588e-07	-4.514e-01	5.239e-02 -5.523727893829347	1.0
chr1_39479096_C_T_b38	1	2.11285e-07	-4.514e-01	5.239e-02 -5.525508403778076	1.0
chr1_39478508_A_G_b38	1	2.11285e-07	-4.514e-01	5.239e-02 -5.501006603240967	1.0
chr1_39491437_G_A_b38	2	4.97926e-01	6.565e-01	9.694e-02 2.9532659935389973	1.0
chr1_39491997_C_G_b38	2	4.97926e-01	6.565e-01	9.694e-02 2.9532659935389973	1.0
chr1_39490429_G_C_b38	2	3.31447e-03	-6.281e-01	9.494e-02 -2.736947774887085	1.0
chr1_39554348_C_A_b38	3	8.90425e-01	-8.497e-01	1.217e-01 -0.606723964214325	1.0
chr1_39386795_G_A_b38	3	4.18027e-02	-8.209e-01	1.227e-01 -0.35978326201438904	1.0
chr1_39367730_G_A_b38	3	4.18027e-02	-8.209e-01	1.227e-01 -0.5657037496566772	1.0
chr1_39290083_A_G_b38	3	7.84344e-03	-7.788e-01	1.244e-01 -0.12748143076896667	1.0
chr1_39289221_T_C_b38	3	2.19693e-03	-7.724e-01	1.230e-01 -0.2764640748500824	1.0
chr1_39515924_A_G_b38	4	3.99728e-01	3.267e-01	9.901e-02 -1.8705341098783108	1.0
chr1_39523340_G_A_b38	4	1.17406e-01	3.040e-01	9.689e-02 -1.5244356393814087	1.0
chr1_39520061_C_T_b38	4	6.91245e-02	2.889e-01	9.967e-02 -1.8103862775375763	1.0
chr1_39517350_C_G_b38	4	2.76939e-02	3.018e-01	9.956e-02 -1.344275712966919	1.0
chr1_39510350_G_C_b38	4	2.02720e-02	2.575e-01	1.026e-01 -1.8834307453229533	1.0
chr1_39523036_A_G_b38	4	1.79873e-02	2.067e-01	1.074e-01 -2.400928735733032	1.0
chr1_39574963_G_C_b38	4	6.53397e-03	-3.761e-01	7.927e-02 1.8289483785629272	1.0
chr1_39535795_G_A_b38	4	6.40061e-03	2.701e-01	1.048e-01 -1.2839917486281416	1.0
chr1_39556451_T_C_b38	4	6.02693e-03	-3.769e-01	7.997e-02 1.8443992137908936	1.0
chr1_39551323_A_G_b38	4	6.02693e-03	-3.769e-01	7.997e-02 1.7481317520141602	1.0
chr1_39535654_G_A_b38	4	4.89738e-03	1.839e-01	1.099e-01 -2.5357933830939614	1.0
chr1_39581551_A_G_b38	4	4.69899e-03	-3.507e-01	7.902e-02 1.956850528717041	1.0
chr1_39582235_T_C_b38	4	4.69899e-03	-3.507e-01	7.902e-02 1.9544264078140257	1.0
chr1_39582105_T_C_b38	4	4.69899e-03	-3.507e-01	7.902e-02 1.949506163597107	1.0
chr1_39536476_C_T_b38	5	3.31915e-03	5.852e-01	1.355e-01 0.16318625211715698	1.0
chr1_39479247_T_G_b38	5	2.76129e-03	5.777e-01	1.501e-01 0.09764383733272552	1.0
chr1_39499691_G_A_b38	5	5.54417e-04	5.071e-01	1.380e-01 0.16309630870819092	1.0
chr1_39507077_G_C_b38	5	4.94567e-04	5.474e-01	1.447e-01 0.25909653306007385	1.0
chr1_39470895_C_T_b38	5	4.54910e-04	5.061e-01	1.534e-01 1.10558021068573	1.0
chr1_39471359_G_A_b38	5	4.54910e-04	5.061e-01	1.534e-01 1.1115694046020508	1.0
chr1_39475217_C_T_b38	5	4.54910e-04	5.061e-01	1.534e-01 1.006106972694397	1.0
chr1_39466755_T_C_b38	5	4.54910e-04	5.061e-01	1.534e-01 1.0776854753494265	1.0
chr1_39685606_A_G_b38	5	4.33085e-04	4.700e-01	1.278e-01 1.1137332916259766	1.0
chr1_39566663_T_C_b38	5	3.54958e-04	5.664e-01	1.337e-01 0.2896783947944641	1.0
chr1_39561179_A_C_b38	5	3.54958e-04	5.664e-01	1.337e-01 0.24881353974342346	1.0
chr1_39453064_G_T_b38	5	3.53948e-04	5.300e-01	1.559e-01 0.9548799395561218	1.0
chr1_39444441_T_C_b38	5	3.53948e-04	5.300e-01	1.559e-01 1.034633994102478	1.0
chr1_39535762_C_T_b38	5	2.98591e-04	5.131e-01	1.435e-01 -0.06313635408878326	1.0
chr1_39575277_C_A_b38	5	2.10979e-04	5.613e-01	1.314e-01 0.32545205950737	1.0
chr1_39582288_G_A_b38	5	2.10979e-04	5.613e-01	1.314e-01 0.22308623790740967	1.0
chr1_39571534_G_A_b38	5	2.10979e-04	5.613e-01	1.314e-01 0.32380756735801697	1.0
chr1_39554390_T_C_b38	5	2.10979e-04	5.613e-01	1.314e-01 0.3630683720111847	1.0
chr1_39558806_G_C_b38	5	2.10979e-04	5.613e-01	1.314e-01 0.3550132215023041	1.0
chr1_39589982_C_G_b38	5	7.36430e-19	5.549e-01	1.292e-01 0.10001240670681	1.0
chr1_39553866_T_C_b38	5	5.44208e-19	5.033e-01	1.200e-01 0.1491987556219101	1.0
chr1_39606075_C_G_b38	5	1.95358e-19	6.230e-01	1.416e-01 0.4808162748813629	1.0
chr1_39617804_A_G_b38	5	1.95358e-19	6.230e-01	1.416e-01 0.4110765159130096	1.0
chr1_39609541_A_G_b38	5	1.95358e-19	6.230e-01	1.416e-01 0.4862842857837677	1.0
chr1_39616190_C_T_b38	5	1.95358e-19	6.230e-01	1.416e-01 0.4842137396335602	1.0
chr1_39623145_G_A_b38	5	1.80156e-19	6.114e-01	1.398e-01 0.2910221517086029	1.0
chr1_39428612_A_G_b38	5	3.62678e-20	5.300e-01	1.559e-01 0.9948177933692932	1.0
chr1_39415220_C_A_b38	5	2.66939e-20	4.673e-01	1.432e-01 1.1355035305023191	1.0
chr1_39306285_G_A_b38	5	7.93967e-21	5.300e-01	1.559e-01 0.7355060577392578	1.0
chr1_39307118_G_T_b38	5	7.93967e-21	5.300e-01	1.559e-01 0.9017650485038756	1.0
chr1_39662380_C_T_b38	5	5.94526e-21	4.207e-01	1.285e-01 1.0784658193588257	1.0
