chr8_41186700_G_A_b38	1	1.22101e-01	-4.482e-01	4.895e-02 -1.2521941661834717	1.0
chr8_41179038_T_G_b38	1	1.22101e-01	-4.482e-01	4.895e-02 -1.3230427503585815	1.0
chr8_41181499_G_C_b38	1	1.22101e-01	-4.482e-01	4.895e-02 -1.2535943984985352	1.0
chr8_41172906_G_A_b38	1	1.21967e-01	-4.482e-01	4.895e-02 -1.1408826112747192	1.0
chr8_41168174_G_GA_b38	1	1.21967e-01	-4.482e-01	4.895e-02 -1.2205241887022868	1.0
chr8_41171001_C_T_b38	1	1.21967e-01	-4.482e-01	4.895e-02 -1.1433165073394775	1.0
chr8_41165961_T_G_b38	1	1.21967e-01	-4.482e-01	4.895e-02 -1.1551072597503662	1.0
chr8_41162968_A_T_b38	1	9.49895e-02	-4.480e-01	4.895e-02 -1.1591838598251345	1.0
chr8_41195012_C_T_b38	1	1.36301e-02	-4.389e-01	4.856e-02 -1.2278169393539429	1.0
chr8_41190177_A_T_b38	1	9.54493e-03	-4.401e-01	4.920e-02 -1.2548201084136963	1.0
chr8_41193740_G_A_b38	1	9.54493e-03	-4.401e-01	4.920e-02 -1.1925714015960691	1.0
chr8_41189762_G_A_b38	1	9.54493e-03	-4.401e-01	4.920e-02 -1.2384257316589355	1.0
chr8_41200535_T_C_b38	1	3.03213e-03	-4.242e-01	4.772e-02 -1.219794988632202	1.0
chr8_41201158_C_T_b38	1	3.03213e-03	-4.242e-01	4.772e-02 -1.2240830659866333	1.0
chr8_41159121_C_T_b38	1	1.31460e-03	-4.368e-01	4.854e-02 -1.0592818260192869	1.0
chr8_41196646_T_A_b38	1	2.03176e-04	-4.247e-01	4.861e-02 -1.2523746490478516	1.0
chr8_41195103_A_G_b38	1	2.03176e-04	-4.247e-01	4.861e-02 -1.2421815395355225	1.0
chr8_41196029_C_T_b38	1	2.03176e-04	-4.247e-01	4.861e-02 -1.253184199333191	1.0
chr8_41180666_G_T_b38	1	7.75270e-08	-5.259e-01	5.876e-02 -1.1182334423065186	1.0
chr8_41314587_T_C_b38	2	6.08268e-01	4.705e-01	1.078e-01 0.0	1.0
chr8_41317642_A_G_b38	2	1.53670e-01	4.447e-01	1.131e-01 0.0	1.0
chr8_41318824_A_G_b38	2	2.81394e-02	4.280e-01	1.132e-01 0.0	1.0
chr8_41319067_C_T_b38	2	2.81394e-02	4.280e-01	1.132e-01 0.0	1.0
chr8_41319368_C_T_b38	2	2.81394e-02	4.280e-01	1.132e-01 0.0	1.0
chr8_41313654_A_G_b38	2	2.41901e-02	4.167e-01	1.140e-01 0.0	1.0
chr8_41312963_T_A_b38	2	2.41901e-02	4.167e-01	1.140e-01 0.0	1.0
chr8_41316245_G_A_b38	2	1.34586e-02	4.167e-01	1.140e-01 0.0	1.0
chr8_41315151_G_C_b38	2	1.34586e-02	4.167e-01	1.140e-01 0.0	1.0
chr8_41315836_T_C_b38	2	1.34586e-02	4.167e-01	1.140e-01 0.0	1.0
chr8_41315216_A_G_b38	2	1.34586e-02	4.167e-01	1.140e-01 0.0	1.0
chr8_41315844_A_G_b38	2	1.34586e-02	4.167e-01	1.140e-01 0.0	1.0
chr8_41315029_A_G_b38	2	1.34586e-02	4.167e-01	1.140e-01 0.0	1.0
chr8_41316183_C_T_b38	2	1.34586e-02	4.167e-01	1.140e-01 0.0	1.0
chr8_41319651_T_C_b38	2	1.04630e-02	4.280e-01	1.132e-01 0.0	1.0
chr8_41309972_T_C_b38	3	3.32976e-01	-2.027e-01	3.884e-02 -5.459105968475342	1.0
chr8_41310043_C_G_b38	3	1.19984e-01	-2.027e-01	3.884e-02 -5.574845790863037	1.0
chr8_41311757_T_C_b38	3	9.12994e-02	-2.063e-01	3.878e-02 -5.2439866065979	1.0
chr8_41311736_A_G_b38	3	8.18271e-02	-1.442e-01	3.800e-02 -4.709871292114258	1.0
chr8_41316943_A_G_b38	3	7.17040e-02	-2.099e-01	3.857e-02 -5.264723300933838	1.0
chr8_41309118_GGCT_G_b38	3	6.74103e-02	-1.923e-01	3.918e-02 -5.154754519361623	1.0
chr8_41309674_G_T_b38	3	6.37065e-02	-1.924e-01	3.930e-02 -5.540687084197998	1.0
chr8_41315889_A_G_b38	3	5.27481e-02	-1.451e-01	3.764e-02 -4.739830017089844	1.0
chr8_41313713_C_T_b38	3	4.78015e-02	-2.063e-01	3.878e-02 -5.149056952373281	1.0
chr8_41319020_T_G_b38	3	3.05625e-02	-2.062e-01	3.876e-02 -5.296430587768555	1.0
chr8_41319147_A_G_b38	3	1.22948e-02	-1.383e-01	3.766e-02 -4.740577220916748	1.0
chr8_41306173_G_GA_b38	3	8.82180e-03	-1.925e-01	3.903e-02 -5.007320930488572	1.0
chr8_41311977_A_C_b38	3	6.76662e-03	-1.367e-01	3.824e-02 -3.7074859142303462	1.0
chr8_41317807_G_A_b38	3	5.34952e-03	-1.954e-01	3.842e-02 -5.27631139755249	1.0
chr8_41308275_T_C_b38	3	2.02050e-03	-1.687e-01	3.756e-02 -5.121242046356201	1.0
chr8_41308222_A_T_b38	3	2.02050e-03	-1.687e-01	3.756e-02 -5.119897365570068	1.0
chr8_41305383_G_A_b38	3	2.73033e-04	-2.050e-01	4.084e-02 -3.67366886138916	1.0
chr8_41304505_G_A_b38	3	2.02063e-04	-1.974e-01	4.069e-02 -3.7000253200531006	1.0
chr8_41304442_GC_G_b38	3	1.24673e-04	-1.993e-01	4.080e-02 -3.848387483295058	1.0
chr8_41151849_G_A_b38	4	6.72467e-01	-1.012e-01	4.247e-02 2.19700288772583	1.0
chr8_41155445_A_T_b38	4	3.49714e-02	-8.254e-02	4.240e-02 2.244748830795288	1.0
chr8_41155411_A_T_b38	4	3.49714e-02	-8.254e-02	4.240e-02 2.24036717414856	1.0
chr8_41177163_C_T_b38	4	1.58431e-02	-7.759e-02	4.252e-02 2.3591649532318115	1.0
chr8_41166487_G_A_b38	4	1.10535e-02	-7.890e-02	4.261e-02 2.228292465209961	1.0
chr8_41166712_C_A_b38	4	1.10535e-02	-7.890e-02	4.261e-02 2.235045909881592	1.0
chr8_41172923_C_T_b38	4	1.04498e-02	-1.049e-01	4.407e-02 2.1431198120117188	1.0
chr8_41186468_C_T_b38	4	9.62972e-03	-7.235e-02	4.242e-02 2.3743457794189453	1.0
chr8_41185579_C_G_b38	4	9.62972e-03	-7.235e-02	4.242e-02 2.371329365480692	1.0
chr8_41188725_C_T_b38	4	9.62972e-03	-7.235e-02	4.242e-02 2.380023717880249	1.0
chr8_41174171_A_C_b38	4	8.02479e-03	-1.033e-01	4.452e-02 2.2006156177184613	1.0
chr8_41176818_A_G_b38	4	6.35203e-03	-1.027e-01	4.452e-02 2.217352867126465	1.0
chr8_41171278_C_T_b38	4	4.48364e-03	-7.034e-02	4.259e-02 2.27411150932312	1.0
chr8_41169733_G_A_b38	4	4.48364e-03	-7.034e-02	4.259e-02 2.268808603286743	1.0
chr8_41171415_C_T_b38	4	4.48364e-03	-7.034e-02	4.259e-02 2.276517629623413	1.0
chr8_41168129_A_T_b38	4	4.48364e-03	-7.034e-02	4.259e-02 2.274852514266968	1.0
chr8_41165023_C_T_b38	4	3.13213e-03	-7.348e-02	4.262e-02 2.270721435546875	1.0
chr8_41164791_C_G_b38	4	3.13213e-03	-7.348e-02	4.262e-02 2.265082359313965	1.0
chr8_41165725_T_G_b38	4	3.13213e-03	-7.348e-02	4.262e-02 2.273012638092041	1.0
chr8_41163242_C_T_b38	4	2.56558e-03	-1.049e-01	4.397e-02 2.2007083892822266	1.0
chr8_41167259_T_C_b38	4	2.21701e-03	-6.920e-02	4.264e-02 2.2551889419555664	1.0
chr8_41167794_C_T_b38	4	2.21701e-03	-6.920e-02	4.264e-02 2.273531675338745	1.0
chr8_41178570_C_G_b38	4	2.20796e-03	-9.865e-02	4.455e-02 2.2490530014038086	1.0
chr8_41181685_G_A_b38	4	1.67036e-03	-6.748e-02	4.237e-02 2.3146767616271973	1.0
chr8_41165234_A_G_b38	4	1.34158e-03	-7.021e-02	4.300e-02 2.2632067203521733	1.0
chr8_41170679_T_C_b38	4	1.23249e-03	-6.131e-02	4.286e-02 2.3008124828338623	1.0
chr8_41170685_A_C_b38	4	1.23249e-03	-6.131e-02	4.286e-02 2.281747341156006	1.0
chr8_41171182_T_C_b38	4	1.20931e-03	-9.545e-02	4.451e-02 2.1413559913635254	1.0
chr8_41195301_C_T_b38	4	1.06165e-03	-9.409e-02	4.407e-02 2.341439962387085	1.0
chr8_41174126_G_GA_b38	4	9.77782e-04	-9.117e-02	4.656e-02 2.328944637425697	1.0
chr8_41216284_T_C_b38	4	8.66844e-04	-6.154e-02	4.293e-02 2.8870639801025386	1.0
chr8_41190926_A_AGG_b38	4	8.60823e-04	-9.625e-02	4.458e-02 2.398748780055588	1.0
chr8_40715492_C_T_b38	5	7.85691e-03	-5.755e-01	1.272e-01 0.0	1.0
