chr14_21069908_C_A_b38	1	5.00939e-01	-1.288e-01	3.659e-02 8.779813766479492	1.0
chr14_21071525_C_T_b38	1	1.14201e-01	-1.327e-01	3.762e-02 8.617157936096191	1.0
chr14_21071903_C_T_b38	1	6.58623e-02	-1.246e-01	3.673e-02 8.292440414428711	1.0
chr14_21072704_G_T_b38	1	1.60245e-02	-1.066e-01	3.632e-02 8.187111854553223	1.0
chr14_21069831_T_A_b38	2	8.47247e-02	-1.381e-01	7.714e-02 -1.1457796096801758	1.0
chr14_21069138_C_T_b38	2	2.99214e-02	-2.207e-01	9.468e-02 -0.9497268199920654	1.0
chr14_21069144_C_A_b38	2	2.99214e-02	-2.207e-01	9.468e-02 -0.9416783452033995	1.0
chr14_21080259_A_G_b38	2	1.03499e-02	-1.382e-01	7.009e-02 -1.2070440978683623	1.0
chr14_21077390_A_AT_b38	2	8.31881e-03	-1.379e-01	7.345e-02 -1.4806265857335097	1.0
chr14_21076184_T_C_b38	2	8.31881e-03	-1.379e-01	7.345e-02 -1.2371292114257812	1.0
chr14_21077263_C_A_b38	2	8.31881e-03	-1.379e-01	7.345e-02 -1.4806265857335097	1.0
chr14_21079045_C_T_b38	2	8.31881e-03	-1.379e-01	7.345e-02 -1.1265851259231567	1.0
chr14_21068966_G_C_b38	2	7.17274e-03	-9.255e-02	7.341e-02 -1.4281150102615356	1.0
chr14_21088862_G_A_b38	2	6.90964e-03	-1.578e-01	7.282e-02 -1.082183837890625	1.0
chr14_21085533_C_T_b38	2	6.90964e-03	-1.578e-01	7.282e-02 -1.064154028892517	1.0
chr14_21088950_G_A_b38	2	6.90964e-03	-1.578e-01	7.282e-02 -1.1007384061813354	1.0
chr14_21086689_G_T_b38	2	5.37242e-03	-1.534e-01	7.373e-02 -1.1465942538504736	1.0
chr14_21080475_T_C_b38	2	4.05060e-03	-1.382e-01	7.009e-02 -1.1402900218963623	1.0
chr14_21081176_G_A_b38	2	4.05060e-03	-1.382e-01	7.009e-02 -1.1415820121765137	1.0
chr14_21081655_G_A_b38	2	4.05060e-03	-1.382e-01	7.009e-02 -1.1528836488723757	1.0
chr14_21082340_G_T_b38	2	4.04354e-03	-1.380e-01	7.022e-02 -1.1035724878311155	1.0
chr14_21083264_G_A_b38	2	3.25678e-03	-1.379e-01	7.345e-02 -1.0567345619201658	1.0
chr14_21083179_T_C_b38	2	3.25678e-03	-1.379e-01	7.345e-02 -1.046409010887146	1.0
chr14_21083269_C_T_b38	2	3.25678e-03	-1.379e-01	7.345e-02 -1.0533896684646606	1.0
chr14_21081443_C_T_b38	2	3.25678e-03	-1.379e-01	7.345e-02 -1.1673649549484253	1.0
chr14_21084845_C_T_b38	2	2.98159e-03	-1.299e-01	6.814e-02 -1.0007725954055786	1.0
chr14_21085664_C_T_b38	2	2.98159e-03	-1.299e-01	6.814e-02 -1.0130593776702879	1.0
chr14_21084898_T_C_b38	2	1.90157e-03	-1.178e-01	6.680e-02 -0.9577013254165648	1.0
chr14_21059711_GCTGGTCTCAAACTC_G_b38	3	4.44345e-03	-2.183e-01	7.796e-02 0.07385282828856274	1.0
chr14_21050901_G_A_b38	3	3.88068e-03	-2.267e-01	8.174e-02 -0.10441052168607713	1.0
chr14_21058724_G_T_b38	3	3.88068e-03	-2.267e-01	8.174e-02 0.053628850728273385	1.0
chr14_21058857_G_A_b38	3	3.88068e-03	-2.267e-01	8.174e-02 0.08371847122907639	1.0
chr14_21056059_C_T_b38	3	2.47672e-03	-2.030e-01	8.061e-02 -0.2012089490890503	1.0
chr14_21053788_A_G_b38	3	2.17414e-03	-2.055e-01	7.739e-02 0.7713028192520142	1.0
