chr12_56333921_G_A_b38	1	1.48368e-01	1.279e-01	3.474e-02
chr12_56334353_T_C_b38	1	1.48368e-01	1.279e-01	3.474e-02
chr12_56353960_C_T_b38	1	5.28632e-02	1.505e-01	3.473e-02
chr12_56334474_GA_G_b38	1	3.52776e-02	9.097e-02	2.847e-02
chr12_56334216_G_A_b38	1	3.52776e-02	9.097e-02	2.847e-02
chr12_56335955_A_G_b38	1	2.80443e-02	1.279e-01	3.474e-02
chr12_56332565_A_G_b38	1	2.58756e-02	1.279e-01	3.474e-02
chr12_56332556_C_T_b38	1	2.58756e-02	1.279e-01	3.474e-02
chr12_56332197_GA_G_b38	1	2.58756e-02	1.279e-01	3.474e-02
chr12_56336643_T_TA_b38	1	1.81374e-02	1.279e-01	3.474e-02
chr12_56350638_G_A_b38	1	1.71633e-02	1.399e-01	3.472e-02
chr12_56356420_C_T_b38	1	1.71633e-02	1.399e-01	3.472e-02
chr12_56356953_C_T_b38	1	1.71633e-02	1.399e-01	3.472e-02
chr12_56350661_T_C_b38	1	1.71633e-02	1.399e-01	3.472e-02
chr12_56352774_C_T_b38	1	1.71633e-02	1.399e-01	3.472e-02
chr12_56352004_T_C_b38	1	1.71633e-02	1.399e-01	3.472e-02
chr12_56358370_C_T_b38	1	1.71633e-02	1.399e-01	3.472e-02
chr12_56329935_T_C_b38	1	1.68593e-02	1.279e-01	3.474e-02
chr12_56329802_A_G_b38	1	1.68593e-02	1.279e-01	3.474e-02
chr12_56330549_C_T_b38	1	1.68593e-02	1.279e-01	3.474e-02
chr12_56331337_A_G_b38	1	1.68593e-02	1.279e-01	3.474e-02
chr12_56357088_G_C_b38	1	1.08007e-02	1.363e-01	3.498e-02
chr12_56339747_G_A_b38	1	1.03323e-02	1.279e-01	3.474e-02
chr12_56342206_G_T_b38	1	1.03323e-02	1.279e-01	3.474e-02
chr12_56325666_G_A_b38	1	1.02163e-02	1.279e-01	3.474e-02
chr12_56324638_T_C_b38	1	1.02163e-02	1.279e-01	3.474e-02
chr12_56359090_A_G_b38	1	6.17781e-03	1.399e-01	3.472e-02
chr12_56332734_G_A_b38	1	6.15248e-03	-9.097e-02	2.847e-02
chr12_56360038_C_A_b38	1	5.40377e-03	1.390e-01	3.484e-02
chr12_56345032_GC_G_b38	1	5.30783e-03	1.279e-01	3.474e-02
chr12_56345773_A_G_b38	1	5.30783e-03	1.279e-01	3.474e-02
chr12_56346073_GCC_G_b38	1	5.30783e-03	1.279e-01	3.474e-02
chr12_56347444_G_A_b38	1	5.30783e-03	1.279e-01	3.474e-02
chr12_56346898_C_G_b38	1	5.30783e-03	1.279e-01	3.474e-02
chr12_56346229_GAGA_G_b38	1	5.30783e-03	1.279e-01	3.474e-02
chr12_56324021_G_A_b38	1	5.26986e-03	1.279e-01	3.474e-02
chr12_56321800_G_A_b38	1	5.26986e-03	1.279e-01	3.474e-02
chr12_56314792_G_A_b38	1	5.26986e-03	1.279e-01	3.474e-02
chr12_56312637_T_C_b38	1	5.26986e-03	1.279e-01	3.474e-02
chr12_56313138_A_C_b38	1	5.26986e-03	1.279e-01	3.474e-02
chr12_56337293_C_G_b38	1	5.26360e-03	9.326e-02	2.857e-02
chr12_56349583_T_C_b38	1	2.58913e-03	9.752e-02	2.835e-02
chr12_56350492_C_G_b38	1	2.58913e-03	9.752e-02	2.835e-02
chr12_56352611_AATGC_A_b38	1	2.58913e-03	9.752e-02	2.835e-02
chr12_56329046_C_T_b38	1	2.42915e-03	-9.097e-02	2.847e-02
chr12_56295751_G_A_b38	1	1.97765e-03	1.286e-01	3.474e-02
chr12_56307595_G_C_b38	1	1.84857e-03	1.279e-01	3.474e-02
chr12_56296878_G_A_b38	1	1.84857e-03	1.279e-01	3.474e-02
chr12_56284195_T_A_b38	1	1.84857e-03	1.279e-01	3.474e-02
chr12_56285967_A_G_b38	1	1.84857e-03	1.279e-01	3.474e-02
chr12_56293788_G_T_b38	1	1.84857e-03	1.279e-01	3.474e-02
chr12_56286187_A_G_b38	1	1.84857e-03	1.279e-01	3.474e-02
chr12_56291014_C_T_b38	1	1.84857e-03	1.279e-01	3.474e-02
chr12_56308228_C_A_b38	1	1.84857e-03	1.279e-01	3.474e-02
chr12_56290873_CA_C_b38	1	1.84857e-03	1.279e-01	3.474e-02
chr12_56293213_C_T_b38	1	1.84857e-03	1.279e-01	3.474e-02
chr12_56302958_T_C_b38	1	1.84857e-03	1.279e-01	3.474e-02
chr12_56293675_T_C_b38	1	1.84857e-03	1.279e-01	3.474e-02
chr12_56306209_A_C_b38	1	1.84857e-03	1.279e-01	3.474e-02
chr12_56302170_C_T_b38	1	1.84857e-03	1.279e-01	3.474e-02
chr12_56286852_A_G_b38	1	1.84857e-03	1.279e-01	3.474e-02
chr12_56294453_G_A_b38	1	1.84857e-03	1.279e-01	3.474e-02
chr12_56299736_C_A_b38	1	1.84857e-03	1.279e-01	3.474e-02
chr12_56305176_G_A_b38	1	1.84857e-03	1.279e-01	3.474e-02
chr12_56301033_A_G_b38	1	1.84857e-03	1.279e-01	3.474e-02
chr12_56304419_T_TC_b38	1	1.84857e-03	1.279e-01	3.474e-02
chr12_56301676_G_GT_b38	1	1.84857e-03	1.279e-01	3.474e-02
chr12_56284551_T_C_b38	1	1.84857e-03	1.279e-01	3.474e-02
chr12_56286747_T_C_b38	1	1.84857e-03	1.279e-01	3.474e-02
chr12_56302272_A_G_b38	1	1.84857e-03	1.279e-01	3.474e-02
chr12_56290191_C_T_b38	1	1.84857e-03	1.279e-01	3.474e-02
chr12_56333458_T_C_b38	2	7.25487e-03	4.455e-02	3.354e-02
