chr4_55420021_G_T_b38	1	1.29315e-01	-1.752e-01	2.565e-02
chr4_55407965_G_A_b38	1	9.00015e-02	-1.734e-01	2.563e-02
chr4_55409063_G_T_b38	1	9.00015e-02	-1.734e-01	2.563e-02
chr4_55436423_C_T_b38	1	4.75123e-02	-1.752e-01	2.565e-02
chr4_55431707_CAG_C_b38	1	4.75123e-02	-1.752e-01	2.565e-02
chr4_55425453_CAA_C_b38	1	4.75123e-02	-1.752e-01	2.565e-02
chr4_55437438_C_T_b38	1	4.75123e-02	-1.752e-01	2.565e-02
chr4_55463226_CTGTTTAAT_C_b38	1	4.40487e-02	-1.777e-01	2.539e-02
chr4_55460485_G_A_b38	1	1.63237e-02	-1.752e-01	2.565e-02
chr4_55491150_G_T_b38	1	1.63237e-02	-1.752e-01	2.565e-02
chr4_55486718_C_T_b38	1	1.63237e-02	-1.752e-01	2.565e-02
chr4_55490228_C_T_b38	1	1.63237e-02	-1.752e-01	2.565e-02
chr4_55493557_T_G_b38	1	1.63237e-02	-1.752e-01	2.565e-02
chr4_55455102_G_A_b38	1	1.63237e-02	-1.752e-01	2.565e-02
chr4_55495262_T_C_b38	1	1.63237e-02	-1.752e-01	2.565e-02
chr4_55490176_T_C_b38	1	1.63237e-02	-1.752e-01	2.565e-02
chr4_55483718_C_A_b38	1	1.63237e-02	-1.752e-01	2.565e-02
chr4_55452295_G_A_b38	1	1.63237e-02	-1.752e-01	2.565e-02
chr4_55454900_T_G_b38	1	1.63237e-02	-1.752e-01	2.565e-02
chr4_55452921_A_C_b38	1	1.63237e-02	-1.752e-01	2.565e-02
chr4_55489895_A_G_b38	1	1.63237e-02	-1.752e-01	2.565e-02
chr4_55492720_C_T_b38	1	1.63237e-02	-1.752e-01	2.565e-02
chr4_55465165_A_C_b38	1	1.63237e-02	-1.752e-01	2.565e-02
chr4_55480916_AT_A_b38	1	1.63237e-02	-1.752e-01	2.565e-02
chr4_55454938_A_T_b38	1	1.63237e-02	-1.752e-01	2.565e-02
chr4_55401306_C_T_b38	1	1.61282e-02	-1.716e-01	2.713e-02
chr4_55413708_A_G_b38	1	1.00182e-02	-1.729e-01	2.711e-02
chr4_55415153_A_G_b38	1	1.00182e-02	-1.729e-01	2.711e-02
chr4_55388935_C_T_b38	1	6.58919e-03	-1.525e-01	2.476e-02
chr4_55389469_CAAT_C_b38	1	6.58919e-03	-1.525e-01	2.476e-02
chr4_55587928_AT_A_b38	1	5.31562e-03	-1.774e-01	2.561e-02
chr4_55548666_A_G_b38	1	5.31562e-03	-1.774e-01	2.561e-02
chr4_55561053_C_T_b38	1	5.31562e-03	-1.774e-01	2.561e-02
chr4_55561218_G_A_b38	1	5.31562e-03	-1.774e-01	2.561e-02
chr4_55564241_A_G_b38	1	5.31562e-03	-1.774e-01	2.561e-02
chr4_55558018_G_A_b38	1	5.31562e-03	-1.774e-01	2.561e-02
chr4_55457922_A_G_b38	1	4.22654e-03	-1.791e-01	2.716e-02
chr4_55578154_G_A_b38	1	3.76521e-03	-1.758e-01	2.560e-02
chr4_55570843_T_C_b38	1	3.76521e-03	-1.758e-01	2.560e-02
chr4_55575856_G_A_b38	1	3.76521e-03	-1.758e-01	2.560e-02
chr4_55577294_A_G_b38	1	3.76521e-03	-1.758e-01	2.560e-02
chr4_55451489_T_G_b38	1	3.37730e-03	-1.709e-01	2.606e-02
chr4_55508982_C_T_b38	1	3.01296e-03	-1.752e-01	2.565e-02
chr4_55542243_C_A_b38	1	3.01296e-03	-1.752e-01	2.565e-02
chr4_55514802_T_G_b38	1	3.01296e-03	-1.752e-01	2.565e-02
chr4_55527164_C_T_b38	1	3.01296e-03	-1.752e-01	2.565e-02
chr4_55529387_T_C_b38	1	3.01296e-03	-1.752e-01	2.565e-02
chr4_55510177_C_T_b38	1	3.01296e-03	-1.752e-01	2.565e-02
chr4_55514317_G_A_b38	1	3.01296e-03	-1.752e-01	2.565e-02
chr4_55522229_T_C_b38	1	3.01296e-03	-1.752e-01	2.565e-02
chr4_55541843_TAAC_T_b38	1	3.01296e-03	-1.752e-01	2.565e-02
chr4_55540928_T_C_b38	1	3.01296e-03	-1.752e-01	2.565e-02
chr4_55528801_T_A_b38	1	3.01296e-03	-1.752e-01	2.565e-02
chr4_55529786_C_T_b38	1	3.01296e-03	-1.752e-01	2.565e-02
chr4_55544621_T_C_b38	1	3.01296e-03	-1.752e-01	2.565e-02
chr4_55509442_T_C_b38	1	3.01296e-03	-1.752e-01	2.565e-02
chr4_55502504_G_A_b38	1	3.01296e-03	-1.752e-01	2.565e-02
chr4_55516548_T_C_b38	1	3.01296e-03	-1.752e-01	2.565e-02
chr4_55517185_C_T_b38	1	3.01296e-03	-1.752e-01	2.565e-02
chr4_55516744_T_C_b38	1	3.01296e-03	-1.752e-01	2.565e-02
chr4_55573424_G_C_b38	1	2.98744e-03	-1.756e-01	2.572e-02
chr4_55387515_G_T_b38	1	2.58683e-03	-1.496e-01	2.501e-02
chr4_55398586_C_G_b38	1	2.30472e-03	-1.471e-01	2.513e-02
chr4_55390940_G_A_b38	1	2.01630e-03	-1.464e-01	2.468e-02
chr4_55587104_C_G_b38	1	1.93496e-03	-1.739e-01	2.575e-02
chr4_55427346_T_TTTTG_b38	1	1.44924e-03	-1.669e-01	2.692e-02
chr4_55403985_TCTTAA_T_b38	1	1.39262e-03	-1.472e-01	2.512e-02
chr4_55399400_T_G_b38	2	2.31034e-02	2.128e-01	8.102e-02
chr4_55423339_G_A_b38	2	2.21030e-03	2.164e-01	8.145e-02
chr4_55444209_A_G_b38	2	1.49754e-04	1.235e-01	7.483e-02
chr4_55396207_A_G_b38	3	3.61902e-04	4.576e-02	2.963e-02
chr4_55398774_C_G_b38	3	1.60505e-05	0.000e+00	0.000e+00
chr4_55386866_C_T_b38	3	1.14961e-05	0.000e+00	0.000e+00
chr4_55371160_G_A_b38	3	3.64010e-06	0.000e+00	0.000e+00
chr4_55377355_G_A_b38	3	3.47739e-06	0.000e+00	0.000e+00
chr4_55372680_G_A_b38	3	3.33731e-06	0.000e+00	0.000e+00
chr4_55376406_G_A_b38	3	2.97861e-06	0.000e+00	0.000e+00
chr4_55384913_A_G_b38	3	1.19434e-06	0.000e+00	0.000e+00
chr4_55408140_G_A_b38	3	1.10250e-06	0.000e+00	0.000e+00
chr4_55408163_C_T_b38	3	1.10250e-06	0.000e+00	0.000e+00
chr4_55418464_C_T_b38	3	3.17927e-09	0.000e+00	0.000e+00
chr4_55444455_A_G_b38	3	1.01410e-09	0.000e+00	0.000e+00
chr4_55444176_C_G_b38	3	1.01410e-09	0.000e+00	0.000e+00
chr4_55439944_G_A_b38	3	1.01410e-09	0.000e+00	0.000e+00
chr4_55445780_A_G_b38	3	1.01410e-09	0.000e+00	0.000e+00
chr4_55444454_C_T_b38	3	1.01410e-09	0.000e+00	0.000e+00
chr4_55362646_T_TTA_b38	3	3.54700e-10	0.000e+00	0.000e+00
chr4_55363537_A_AT_b38	3	3.54700e-10	0.000e+00	0.000e+00
chr4_55362647_G_GAGATA_b38	3	3.54700e-10	0.000e+00	0.000e+00
chr4_55368239_C_T_b38	3	3.19864e-10	0.000e+00	0.000e+00
chr4_55441047_C_A_b38	3	2.72026e-10	0.000e+00	0.000e+00
chr4_55443825_A_G_b38	3	2.56604e-10	0.000e+00	0.000e+00
chr4_55432247_C_G_b38	3	2.56604e-10	0.000e+00	0.000e+00
chr4_55440563_C_T_b38	3	2.56604e-10	0.000e+00	0.000e+00
chr4_55432027_G_A_b38	3	2.56604e-10	0.000e+00	0.000e+00
