chr5_36883557_T_TAATA_b38	1	2.68637e-01	1.888e-01	4.260e-02
chr5_36865567_G_T_b38	1	1.55117e-01	1.676e-01	4.203e-02
chr5_36882917_G_A_b38	1	7.11421e-02	1.710e-01	4.173e-02
chr5_36861888_G_GC_b38	1	4.66809e-02	1.289e-01	4.361e-02
chr5_36861889_A_T_b38	1	4.66809e-02	1.289e-01	4.361e-02
chr5_36880769_C_T_b38	1	4.44402e-02	1.668e-01	4.199e-02
chr5_36876180_T_TC_b38	1	4.15195e-02	1.649e-01	4.172e-02
chr5_36878678_A_G_b38	1	3.52477e-02	1.634e-01	4.181e-02
chr5_36817237_T_C_b38	1	1.27642e-02	1.634e-01	4.211e-02
chr5_36833280_C_G_b38	1	1.27642e-02	1.634e-01	4.211e-02
chr5_36860948_C_CTT_b38	1	1.04733e-02	1.319e-01	4.323e-02
chr5_36887793_T_C_b38	1	1.02266e-02	1.594e-01	4.175e-02
chr5_36911514_T_G_b38	1	9.75833e-03	1.615e-01	4.247e-02
chr5_36787605_G_GA_b38	1	7.53647e-03	1.681e-01	4.157e-02
chr5_36941456_A_C_b38	1	5.87510e-03	1.661e-01	4.179e-02
chr5_36904297_T_C_b38	1	5.85818e-03	1.504e-01	4.109e-02
chr5_36850827_A_G_b38	1	5.80395e-03	1.452e-01	4.305e-02
chr5_36786357_T_C_b38	1	5.31598e-03	1.647e-01	4.172e-02
chr5_36941665_T_C_b38	1	2.98645e-03	1.600e-01	4.226e-02
chr5_36954710_G_A_b38	1	2.95367e-03	1.588e-01	4.199e-02
chr5_36856859_G_A_b38	2	5.85836e-03	-2.056e-01	9.927e-02
chr5_36796756_C_G_b38	2	8.44707e-05	-1.351e-01	9.646e-02
