chr14_92030046_T_A_b38	1	1.57619e-01	9.015e-02	1.998e-02
chr14_92033664_T_C_b38	1	9.88437e-02	8.403e-02	2.188e-02
chr14_92033504_G_A_b38	1	9.88437e-02	8.403e-02	2.188e-02
chr14_92019537_G_T_b38	1	5.38643e-02	8.913e-02	1.974e-02
chr14_92033512_G_A_b38	1	3.07543e-02	7.598e-02	2.144e-02
chr14_91994848_C_T_b38	1	2.17702e-02	8.784e-02	1.940e-02
chr14_92032485_ATAT_A_b38	1	2.06305e-02	8.169e-02	2.231e-02
chr14_92035651_C_T_b38	1	2.03140e-02	8.515e-02	2.219e-02
chr14_92030978_T_TG_b38	1	2.02893e-02	8.376e-02	2.176e-02
chr14_91979112_T_C_b38	1	1.82835e-02	9.276e-02	1.953e-02
chr14_92031646_C_A_b38	1	1.78315e-02	8.292e-02	2.174e-02
chr14_92030897_CA_C_b38	1	1.54254e-02	8.294e-02	2.199e-02
chr14_91981495_T_A_b38	1	1.37840e-02	9.171e-02	1.957e-02
chr14_92065544_G_A_b38	1	1.16084e-02	8.624e-02	1.970e-02
chr14_92035913_C_T_b38	1	1.06733e-02	8.401e-02	2.188e-02
chr14_92037924_C_A_b38	1	9.80247e-03	8.293e-02	2.173e-02
chr14_91961994_T_C_b38	1	9.28179e-03	9.041e-02	1.957e-02
chr14_91961801_C_CTTCT_b38	1	8.74973e-03	9.047e-02	1.964e-02
chr14_91962066_G_A_b38	1	8.02195e-03	8.964e-02	1.954e-02
chr14_92029192_A_G_b38	1	7.44747e-03	8.239e-02	2.218e-02
chr14_91960878_A_C_b38	1	6.70141e-03	8.911e-02	1.961e-02
chr14_91961682_T_C_b38	1	6.30936e-03	8.843e-02	1.952e-02
chr14_91961353_A_G_b38	1	6.28151e-03	8.842e-02	1.952e-02
chr14_91961757_C_G_b38	1	6.21411e-03	8.839e-02	1.952e-02
chr14_92031689_A_G_b38	1	6.17839e-03	7.600e-02	2.144e-02
chr14_91961190_A_T_b38	1	6.13181e-03	8.831e-02	1.952e-02
chr14_91963420_C_A_b38	1	6.12796e-03	8.832e-02	1.952e-02
chr14_91963434_C_T_b38	1	6.12796e-03	8.832e-02	1.952e-02
chr14_91961004_T_C_b38	1	6.12796e-03	8.832e-02	1.952e-02
chr14_91962545_A_G_b38	1	6.12796e-03	8.832e-02	1.952e-02
chr14_91962754_C_T_b38	1	5.99048e-03	8.822e-02	1.952e-02
chr14_91962301_G_A_b38	1	5.66023e-03	8.797e-02	1.953e-02
chr14_92051011_C_T_b38	1	5.22598e-03	8.469e-02	2.148e-02
chr14_91963160_A_G_b38	1	5.18981e-03	8.769e-02	1.955e-02
chr14_92030269_T_C_b38	1	4.98879e-03	8.064e-02	2.242e-02
chr14_91961288_T_C_b38	1	4.73735e-03	8.730e-02	1.956e-02
chr14_92059654_T_TA_b38	1	4.60860e-03	9.158e-02	2.212e-02
chr14_92040239_T_C_b38	1	3.43396e-03	7.794e-02	2.124e-02
chr14_92049652_C_T_b38	1	3.24956e-03	8.326e-02	2.173e-02
chr14_92043698_G_A_b38	1	3.24956e-03	8.326e-02	2.173e-02
chr14_92050341_A_C_b38	1	3.24956e-03	8.326e-02	2.173e-02
chr14_92054634_G_A_b38	1	3.16836e-03	8.219e-02	2.147e-02
chr14_92045130_G_A_b38	1	3.07890e-03	8.191e-02	2.159e-02
chr14_92057990_A_G_b38	1	2.95245e-03	8.175e-02	2.163e-02
chr14_92053306_A_ATCTG_b38	1	2.95245e-03	8.175e-02	2.163e-02
chr14_92055264_A_G_b38	1	2.95245e-03	8.175e-02	2.163e-02
chr14_92057245_A_G_b38	1	2.95245e-03	8.175e-02	2.163e-02
chr14_92095265_G_A_b38	1	2.77570e-03	9.250e-02	2.155e-02
chr14_92057412_A_AAAC_b38	1	2.75621e-03	8.172e-02	2.173e-02
chr14_92057654_C_T_b38	1	2.73576e-03	8.137e-02	2.148e-02
chr14_92026307_T_C_b38	1	2.73378e-03	7.966e-02	2.209e-02
chr14_91963597_G_A_b38	1	2.48793e-03	8.456e-02	1.952e-02
chr14_91964487_G_A_b38	1	2.45891e-03	8.450e-02	1.952e-02
chr14_92056121_GCCT_G_b38	1	2.38857e-03	8.047e-02	2.163e-02
chr14_92080200_C_T_b38	1	2.24764e-03	8.856e-02	2.210e-02
chr14_91963840_A_G_b38	1	2.17478e-03	8.402e-02	1.955e-02
chr14_92086321_A_AG_b38	1	2.17242e-03	9.100e-02	2.149e-02
chr14_92043642_G_A_b38	1	2.04347e-03	8.621e-02	2.314e-02
chr14_91963819_AT_A_b38	1	2.04106e-03	8.371e-02	1.955e-02
chr14_91963817_AT_A_b38	1	2.04106e-03	8.371e-02	1.955e-02
chr14_92047604_G_A_b38	1	1.87616e-03	8.146e-02	2.199e-02
chr14_92048026_G_A_b38	1	1.87616e-03	8.146e-02	2.199e-02
chr14_92078605_T_C_b38	1	1.86672e-03	8.453e-02	2.165e-02
chr14_92069317_A_G_b38	1	1.81179e-03	8.451e-02	2.169e-02
chr14_92017883_T_C_b38	1	1.73765e-03	8.117e-02	2.213e-02
chr14_91964468_G_GC_b38	1	1.70274e-03	8.436e-02	1.992e-02
chr14_92078900_A_G_b38	1	1.60759e-03	8.717e-02	2.226e-02
chr14_92016604_C_T_b38	1	1.49625e-03	8.009e-02	2.210e-02
chr14_91959442_T_C_b38	2	5.28279e-02	-2.376e-01	5.912e-02
chr14_91963095_G_GA_b38	2	4.27022e-02	-2.297e-01	5.798e-02
chr14_92091633_T_A_b38	2	3.72826e-03	-1.677e-01	4.869e-02
chr14_92033467_C_T_b38	3	1.19130e-03	3.482e-02	3.620e-02
chr14_92031306_A_G_b38	3	1.96106e-04	3.120e-02	3.561e-02
chr14_92012953_A_G_b38	3	1.26436e-04	6.799e-02	3.105e-02
chr14_92037494_T_C_b38	3	7.46325e-05	3.247e-02	3.610e-02
chr14_92053560_G_A_b38	3	2.57764e-05	0.000e+00	0.000e+00
chr14_92056279_G_A_b38	3	1.83244e-05	0.000e+00	0.000e+00
chr14_92048662_G_C_b38	3	1.83244e-05	0.000e+00	0.000e+00
chr14_92062251_C_T_b38	3	2.05692e-06	0.000e+00	0.000e+00
chr14_91997277_A_G_b38	3	2.00300e-06	0.000e+00	0.000e+00
chr14_91991052_T_A_b38	3	1.99632e-06	0.000e+00	0.000e+00
chr14_92076227_C_A_b38	3	1.99469e-06	0.000e+00	0.000e+00
chr14_92075029_C_T_b38	3	1.99469e-06	0.000e+00	0.000e+00
chr14_91998898_C_T_b38	3	1.96743e-06	0.000e+00	0.000e+00
chr14_91988404_A_T_b38	3	1.96276e-06	0.000e+00	0.000e+00
chr14_92008231_C_T_b38	3	1.91971e-06	0.000e+00	0.000e+00
chr14_91983916_G_A_b38	3	1.82292e-06	0.000e+00	0.000e+00
chr14_91986164_C_T_b38	3	1.82292e-06	0.000e+00	0.000e+00
