chr6_155264099_A_G_b38	1	2.16325e-01	2.362e-01	4.446e-02
chr6_155263222_T_C_b38	1	4.07790e-02	2.010e-01	3.911e-02
chr6_155265464_A_C_b38	1	3.34574e-02	2.056e-01	3.911e-02
chr6_155277543_A_C_b38	1	2.69040e-02	2.338e-01	4.216e-02
chr6_155240662_C_T_b38	1	2.18352e-02	-2.500e-01	4.548e-02
chr6_155253064_C_T_b38	1	2.06494e-02	-2.140e-01	3.904e-02
chr6_155243955_T_C_b38	1	2.04299e-02	-2.129e-01	3.886e-02
chr6_155243956_C_T_b38	1	2.04299e-02	-2.129e-01	3.886e-02
chr6_155266288_A_G_b38	1	1.90504e-02	2.010e-01	3.910e-02
chr6_155266462_A_C_b38	1	1.84386e-02	2.012e-01	3.918e-02
chr6_155283012_T_C_b38	1	1.74053e-02	2.292e-01	4.197e-02
chr6_155243168_T_G_b38	1	1.55571e-02	-2.101e-01	3.873e-02
chr6_155262539_A_C_b38	1	1.48135e-02	1.999e-01	3.918e-02
chr6_155266568_T_C_b38	1	1.36682e-02	2.008e-01	3.889e-02
chr6_155266575_T_G_b38	1	1.36682e-02	2.008e-01	3.889e-02
chr6_155242707_G_A_b38	1	1.27634e-02	-2.092e-01	3.884e-02
chr6_155256689_C_T_b38	1	1.25977e-02	2.053e-01	3.897e-02
chr6_155267327_G_A_b38	1	1.23312e-02	2.010e-01	3.909e-02
chr6_155260701_T_G_b38	1	1.20082e-02	2.005e-01	3.888e-02
chr6_155266613_A_G_b38	1	1.13899e-02	2.008e-01	3.917e-02
chr6_155267241_T_C_b38	1	1.12266e-02	2.004e-01	3.912e-02
chr6_155267255_A_G_b38	1	1.12266e-02	2.004e-01	3.912e-02
chr6_155259134_T_C_b38	1	1.11646e-02	2.011e-01	3.909e-02
chr6_155260485_G_A_b38	1	1.11646e-02	2.011e-01	3.909e-02
chr6_155261081_T_G_b38	1	1.11646e-02	2.011e-01	3.909e-02
chr6_155260052_C_T_b38	1	1.11646e-02	2.011e-01	3.909e-02
chr6_155260155_C_A_b38	1	1.11646e-02	2.011e-01	3.909e-02
chr6_155260770_C_T_b38	1	1.10550e-02	2.010e-01	3.909e-02
chr6_155257579_AAGAT_A_b38	1	1.03315e-02	2.227e-01	4.256e-02
chr6_155266771_T_C_b38	1	1.02962e-02	2.005e-01	3.927e-02
chr6_155273503_C_T_b38	1	1.01960e-02	2.031e-01	3.895e-02
chr6_155242460_T_C_b38	1	1.01551e-02	-2.080e-01	3.896e-02
chr6_155244610_T_C_b38	1	9.70621e-03	-2.065e-01	3.874e-02
chr6_155248504_G_C_b38	1	9.17086e-03	-2.059e-01	3.871e-02
chr6_155250563_T_C_b38	1	9.08488e-03	-2.059e-01	3.873e-02
chr6_155248580_A_G_b38	1	9.03887e-03	-2.041e-01	3.838e-02
chr6_155252197_A_G_b38	1	9.03887e-03	-2.041e-01	3.838e-02
chr6_155273810_T_C_b38	1	8.83205e-03	2.029e-01	3.913e-02
chr6_155247409_C_A_b38	1	8.47212e-03	-2.030e-01	3.827e-02
chr6_155245265_C_G_b38	1	8.25807e-03	-2.057e-01	3.884e-02
chr6_155296059_G_C_b38	1	8.20076e-03	2.308e-01	4.198e-02
chr6_155246746_T_C_b38	1	7.96895e-03	-2.039e-01	3.854e-02
chr6_155265503_CAGA_C_b38	1	7.86557e-03	1.950e-01	3.936e-02
chr6_155294594_A_G_b38	1	7.79991e-03	2.302e-01	4.195e-02
chr6_155269559_C_T_b38	1	7.62711e-03	2.017e-01	3.915e-02
chr6_155254473_G_A_b38	1	7.33772e-03	-2.005e-01	3.887e-02
chr6_155272895_A_G_b38	1	7.29523e-03	2.011e-01	3.909e-02
chr6_155294851_A_G_b38	1	6.90087e-03	2.292e-01	4.196e-02
chr6_155246727_A_C_b38	1	6.86918e-03	-2.030e-01	3.860e-02
chr6_155254412_C_G_b38	1	6.85836e-03	-2.011e-01	3.909e-02
chr6_155258900_CTGA_C_b38	1	6.85836e-03	2.011e-01	3.909e-02
chr6_155254807_C_T_b38	1	6.85836e-03	-2.011e-01	3.909e-02
chr6_155250202_A_G_b38	1	6.84801e-03	-2.226e-01	4.231e-02
chr6_155257465_A_T_b38	1	6.80063e-03	2.010e-01	3.909e-02
chr6_155259207_A_G_b38	1	6.39017e-03	1.965e-01	3.911e-02
chr6_155247685_A_G_b38	1	6.29104e-03	-2.024e-01	3.862e-02
chr6_155268639_G_A_b38	1	6.26076e-03	1.950e-01	3.902e-02
chr6_155242154_C_T_b38	1	5.98371e-03	-2.048e-01	3.914e-02
chr6_155285901_A_G_b38	1	5.96825e-03	2.211e-01	4.217e-02
chr6_155257622_A_T_b38	1	5.59227e-03	1.997e-01	3.916e-02
chr6_155292598_T_C_b38	1	4.60738e-03	2.253e-01	4.186e-02
chr6_155247182_C_T_b38	1	4.48713e-03	-1.994e-01	3.855e-02
chr6_155245016_C_T_b38	1	4.23875e-03	-2.023e-01	3.919e-02
chr6_155291225_A_G_b38	1	4.20328e-03	2.258e-01	4.209e-02
chr6_155258112_A_C_b38	1	4.17098e-03	1.959e-01	3.887e-02
chr6_155254733_G_A_b38	1	4.17098e-03	-1.959e-01	3.887e-02
chr6_155256240_T_C_b38	1	3.90622e-03	1.965e-01	3.910e-02
chr6_155258423_A_G_b38	1	3.90622e-03	1.965e-01	3.910e-02
chr6_155258547_A_AAT_b38	1	3.90622e-03	1.965e-01	3.910e-02
chr6_155273641_A_T_b38	1	3.79537e-03	1.965e-01	3.926e-02
chr6_155274348_G_C_b38	1	3.79528e-03	2.014e-01	3.911e-02
chr6_155276552_C_G_b38	1	3.71051e-03	2.011e-01	3.909e-02
chr6_155275767_T_C_b38	1	3.55750e-03	2.007e-01	3.908e-02
chr6_155253344_G_A_b38	1	3.43643e-03	-1.988e-01	3.885e-02
chr6_155276510_A_G_b38	1	3.36597e-03	2.002e-01	3.908e-02
chr6_155274993_C_T_b38	1	3.03274e-03	1.998e-01	3.917e-02
chr6_155275212_T_C_b38	1	2.72498e-03	2.004e-01	3.945e-02
chr6_155245030_C_A_b38	1	2.41505e-03	-1.977e-01	3.921e-02
chr6_155275151_A_G_b38	1	2.10824e-03	1.981e-01	3.939e-02
chr6_155264020_G_A_b38	2	1.16987e-02	4.851e-02	6.940e-02
chr6_155264998_A_G_b38	2	4.50517e-03	4.861e-02	6.930e-02
chr6_155262733_G_GA_b38	2	1.48396e-03	5.977e-02	6.566e-02
chr6_155261611_T_G_b38	2	1.26979e-03	5.274e-02	6.562e-02
chr6_155304599_G_A_b38	2	7.79971e-04	2.440e-01	1.047e-01
chr6_155259639_T_G_b38	2	6.47176e-04	5.216e-02	6.892e-02
chr6_155270501_C_T_b38	2	4.15125e-04	7.191e-02	6.752e-02
chr6_155273792_C_T_b38	2	3.51040e-04	6.482e-02	6.879e-02
chr6_155258614_G_A_b38	2	3.24223e-04	6.345e-02	7.092e-02
chr6_155271867_G_A_b38	2	2.91169e-04	5.616e-02	6.879e-02
chr6_155255414_T_C_b38	2	2.79556e-04	5.884e-02	6.862e-02
chr6_155274939_C_T_b38	2	2.55222e-04	-1.216e-01	9.451e-02
chr6_155243033_A_G_b38	2	1.51070e-04	7.747e-02	6.776e-02
chr6_155279777_C_T_b38	2	1.21057e-04	-6.536e-02	9.997e-02
chr6_155248568_G_A_b38	2	1.18156e-04	5.938e-02	6.813e-02
chr6_155243129_G_A_b38	2	1.18156e-04	5.938e-02	6.813e-02
chr6_155253578_G_A_b38	2	1.18156e-04	5.938e-02	6.813e-02
chr6_155279684_T_A_b38	2	1.11573e-04	5.938e-02	6.813e-02
chr6_155288568_T_A_b38	2	1.11573e-04	5.938e-02	6.813e-02
chr6_155274418_A_G_b38	2	1.11573e-04	5.938e-02	6.813e-02
chr6_155279125_A_T_b38	2	1.11573e-04	5.938e-02	6.813e-02
chr6_155278751_G_A_b38	2	1.11573e-04	5.938e-02	6.813e-02
chr6_155286802_C_T_b38	2	9.27784e-05	4.196e-02	6.985e-02
chr6_155235382_C_T_b38	2	8.18089e-05	1.005e-01	7.040e-02
chr6_155235663_C_T_b38	2	5.23167e-05	6.514e-02	5.477e-02
chr6_155289290_A_C_b38	2	4.68303e-05	-5.493e-02	1.032e-01
chr6_155296147_G_A_b38	2	4.35927e-05	5.938e-02	6.813e-02
chr6_155230543_T_TTATGCCAGTC_b38	2	4.27617e-05	-5.664e-02	7.143e-02
chr6_155229752_A_T_b38	2	4.13711e-05	-5.524e-02	6.590e-02
chr6_155228908_G_A_b38	2	4.03762e-05	5.275e-02	6.714e-02
chr6_155217836_C_T_b38	2	3.95583e-05	-5.223e-02	7.184e-02
chr6_155298107_A_G_b38	2	3.66473e-05	4.269e-02	6.661e-02
chr6_155294214_T_C_b38	2	3.66473e-05	4.269e-02	6.661e-02
chr6_155294480_A_G_b38	2	3.66473e-05	4.269e-02	6.661e-02
chr6_155219627_A_T_b38	2	3.19018e-05	3.270e-02	6.323e-02
chr6_155222554_C_T_b38	2	3.05304e-05	-1.552e-02	6.561e-02
chr6_155223016_T_C_b38	2	2.96570e-05	-6.398e-03	6.516e-02
chr6_155226948_C_T_b38	2	2.94188e-05	3.411e-02	5.382e-02
chr6_155222244_A_G_b38	2	2.93046e-05	-1.558e-03	6.469e-02
chr6_155223889_C_T_b38	2	2.84057e-05	3.600e-03	6.249e-02
chr6_155222857_G_C_b38	2	2.78808e-05	4.303e-03	6.117e-02
chr6_155254297_C_T_b38	3	2.07254e-03	-1.911e-01	3.908e-02
chr6_155255311_G_A_b38	3	1.69311e-03	-1.829e-01	3.775e-02
chr6_155229539_T_C_b38	3	1.45900e-03	-2.005e-01	3.898e-02
chr6_155276664_C_CTTTTTT_b38	3	1.38957e-03	1.946e-01	3.942e-02
chr6_155229871_C_T_b38	3	1.29371e-03	-1.998e-01	3.903e-02
chr6_155300954_A_G_b38	3	1.17966e-03	2.136e-01	4.186e-02
chr6_155252700_T_C_b38	3	1.10114e-03	-1.862e-01	3.822e-02
chr6_155269675_A_T_b38	3	9.18759e-04	1.788e-01	3.811e-02
chr6_155297889_A_T_b38	3	6.99203e-04	2.089e-01	4.185e-02
chr6_155269950_C_T_b38	3	6.35597e-04	1.759e-01	3.821e-02
chr6_155233573_A_G_b38	3	6.19139e-04	-2.101e-01	4.235e-02
chr6_155264144_C_T_b38	3	5.22706e-04	1.215e-01	5.492e-02
chr6_155246749_A_G_b38	3	4.15646e-04	-1.762e-01	3.789e-02
chr6_155247747_A_G_b38	3	3.39301e-04	-1.742e-01	3.785e-02
chr6_155302945_A_G_b38	3	1.35327e-04	1.880e-01	4.072e-02
chr6_155302178_C_G_b38	3	1.14534e-04	1.877e-01	4.101e-02
chr6_155266063_C_A_b38	3	1.02356e-04	1.338e-01	4.850e-02
chr6_155264191_C_T_b38	3	8.77820e-05	3.177e-02	4.714e-02
chr6_155262411_G_A_b38	3	7.51567e-05	1.285e-01	5.024e-02
chr6_155232698_C_T_b38	3	7.35423e-05	-1.915e-01	4.285e-02
chr6_155262486_G_C_b38	3	5.24480e-05	1.360e-01	3.764e-02
chr6_155259890_G_T_b38	3	4.25933e-05	1.391e-01	3.759e-02
chr6_155236038_A_G_b38	3	3.47710e-05	-1.578e-01	3.698e-02
chr6_155241463_C_T_b38	3	2.98492e-05	-1.476e-01	3.728e-02
chr6_155240430_C_T_b38	3	2.28933e-05	-1.439e-01	3.702e-02
chr6_155258266_A_G_b38	3	1.17984e-05	0.000e+00	0.000e+00
chr6_155239346_C_T_b38	3	1.16077e-05	0.000e+00	0.000e+00
chr6_155292983_C_T_b38	3	1.13035e-05	1.546e-01	3.870e-02
chr6_155230785_A_AT_b38	3	1.08081e-05	1.459e-01	3.662e-02
chr6_155235220_G_A_b38	3	9.07208e-06	0.000e+00	0.000e+00
chr6_155236187_G_A_b38	3	7.92244e-06	0.000e+00	0.000e+00
chr6_155241030_A_G_b38	3	7.86493e-06	0.000e+00	0.000e+00
chr6_155239940_T_C_b38	3	7.66968e-06	0.000e+00	0.000e+00
chr6_155223263_T_C_b38	3	5.97889e-06	0.000e+00	0.000e+00
chr6_155222925_T_C_b38	3	5.80077e-06	0.000e+00	0.000e+00
chr6_155222249_C_T_b38	3	5.56914e-06	0.000e+00	0.000e+00
chr6_155238431_C_T_b38	3	5.26058e-06	0.000e+00	0.000e+00
chr6_155232718_ATCTC_A_b38	3	4.53597e-06	0.000e+00	0.000e+00
chr6_155232714_A_AG_b38	3	4.48247e-06	0.000e+00	0.000e+00
chr6_155266642_C_T_b38	3	4.20765e-06	0.000e+00	0.000e+00
chr6_155268736_G_A_b38	3	4.11236e-06	0.000e+00	0.000e+00
chr6_155267350_T_C_b38	3	4.10634e-06	0.000e+00	0.000e+00
chr6_155267548_T_C_b38	3	3.90263e-06	0.000e+00	0.000e+00
chr6_155232840_C_T_b38	3	3.86467e-06	0.000e+00	0.000e+00
chr6_155268698_G_A_b38	3	3.60605e-06	0.000e+00	0.000e+00
chr6_155233217_G_T_b38	3	3.31198e-06	0.000e+00	0.000e+00
chr6_155257550_G_A_b38	3	2.88972e-06	0.000e+00	0.000e+00
chr6_155270417_A_G_b38	3	2.43541e-06	0.000e+00	0.000e+00
chr6_155222869_T_C_b38	3	1.79558e-06	0.000e+00	0.000e+00
chr6_155273124_A_C_b38	3	3.21464e-07	0.000e+00	0.000e+00
chr6_155244911_A_C_b38	3	2.36543e-07	0.000e+00	0.000e+00
chr6_155270270_G_A_b38	3	2.25865e-07	0.000e+00	0.000e+00
chr6_155269384_C_T_b38	3	2.15361e-07	0.000e+00	0.000e+00
chr6_155286819_A_G_b38	3	2.02432e-07	0.000e+00	0.000e+00
chr6_155287896_C_T_b38	3	2.01116e-07	0.000e+00	0.000e+00
chr6_155251720_A_G_b38	3	1.89478e-07	0.000e+00	0.000e+00
chr6_155280455_C_T_b38	3	1.84911e-07	0.000e+00	0.000e+00
chr6_155286355_AAGAC_A_b38	3	1.77091e-07	0.000e+00	0.000e+00
chr6_155254808_G_A_b38	3	1.71313e-07	0.000e+00	0.000e+00
chr6_155248728_A_G_b38	3	1.68773e-07	0.000e+00	0.000e+00
chr6_155283866_T_C_b38	3	1.64304e-07	0.000e+00	0.000e+00
chr6_155278251_C_T_b38	3	1.64304e-07	0.000e+00	0.000e+00
chr6_155253073_T_C_b38	3	1.55061e-07	0.000e+00	0.000e+00
chr6_155276013_C_T_b38	3	1.54436e-07	0.000e+00	0.000e+00
chr6_155296407_C_A_b38	3	1.48847e-07	0.000e+00	0.000e+00
chr6_155251550_G_C_b38	3	1.47922e-07	0.000e+00	0.000e+00
chr6_155274564_G_T_b38	3	1.26819e-07	0.000e+00	0.000e+00
chr6_155283710_T_C_b38	3	1.26819e-07	0.000e+00	0.000e+00
chr6_155285326_T_A_b38	3	1.26819e-07	0.000e+00	0.000e+00
chr6_155280794_C_G_b38	3	1.26819e-07	0.000e+00	0.000e+00
chr6_155279991_A_C_b38	3	1.26819e-07	0.000e+00	0.000e+00
chr6_155282537_A_G_b38	3	1.18545e-07	0.000e+00	0.000e+00
chr6_155248244_C_T_b38	3	1.10397e-07	0.000e+00	0.000e+00
chr6_155242450_C_T_b38	3	1.08973e-07	0.000e+00	0.000e+00
chr6_155251578_T_G_b38	3	9.86597e-08	0.000e+00	0.000e+00
chr6_155242301_C_T_b38	3	9.14196e-08	0.000e+00	0.000e+00
