chr6_28944025_G_A_b38	1	2.80743e-01	4.838e-01	9.206e-02
chr6_28947331_T_C_b38	1	6.93035e-02	5.187e-01	9.462e-02
chr6_28946145_C_T_b38	1	4.02417e-02	4.836e-01	9.197e-02
chr6_28945995_T_C_b38	1	4.02417e-02	4.836e-01	9.197e-02
chr6_28947643_C_T_b38	1	3.01474e-02	4.836e-01	9.197e-02
chr6_28938929_T_C_b38	1	2.79972e-02	4.836e-01	9.197e-02
chr6_28939278_A_G_b38	1	2.79972e-02	4.836e-01	9.197e-02
chr6_28935197_G_A_b38	1	2.29812e-02	4.836e-01	9.197e-02
chr6_28934356_G_T_b38	1	2.29812e-02	4.836e-01	9.197e-02
chr6_28938754_A_T_b38	1	2.29812e-02	4.836e-01	9.197e-02
chr6_28959481_T_A_b38	1	2.20359e-02	5.064e-01	9.351e-02
chr6_28944681_T_C_b38	1	1.84975e-02	4.677e-01	9.652e-02
chr6_28937835_A_G_b38	1	1.44206e-02	4.735e-01	9.223e-02
chr6_28956753_T_C_b38	1	1.20972e-02	4.836e-01	9.197e-02
chr6_28954942_G_A_b38	1	1.20972e-02	4.836e-01	9.197e-02
chr6_28933257_T_C_b38	1	1.00173e-02	4.836e-01	9.197e-02
chr6_28924062_G_A_b38	1	1.00173e-02	4.836e-01	9.197e-02
chr6_28926567_G_A_b38	1	1.00173e-02	4.836e-01	9.197e-02
chr6_28987749_A_G_b38	1	9.92538e-03	5.040e-01	9.175e-02
chr6_28974202_T_C_b38	1	9.92538e-03	5.040e-01	9.175e-02
chr6_28993323_A_G_b38	1	9.92538e-03	5.040e-01	9.175e-02
chr6_28979143_T_C_b38	1	9.92538e-03	5.040e-01	9.175e-02
chr6_28900023_C_T_b38	1	8.57659e-03	4.994e-01	9.216e-02
chr6_28959357_T_C_b38	1	6.31949e-03	4.791e-01	9.394e-02
chr6_28958806_G_C_b38	1	6.31949e-03	4.791e-01	9.394e-02
chr6_28961693_C_T_b38	1	6.31949e-03	4.791e-01	9.394e-02
chr6_28963900_C_G_b38	1	6.31949e-03	4.791e-01	9.394e-02
chr6_28963089_T_G_b38	1	6.31949e-03	4.791e-01	9.394e-02
chr6_28925142_A_T_b38	1	6.28581e-03	4.735e-01	9.223e-02
chr6_28947056_T_C_b38	1	6.24395e-03	4.677e-01	9.652e-02
chr6_28948475_C_T_b38	1	6.24395e-03	4.677e-01	9.652e-02
chr6_28940835_A_G_b38	1	5.79862e-03	4.677e-01	9.652e-02
chr6_28988639_A_G_b38	1	4.87916e-03	4.987e-01	9.366e-02
chr6_28941688_T_C_b38	1	4.72266e-03	4.559e-01	1.001e-01
chr6_28949314_T_C_b38	1	4.53770e-03	4.723e-01	9.747e-02
chr6_28948933_C_G_b38	1	4.39281e-03	4.677e-01	9.652e-02
chr6_28951159_T_C_b38	1	4.39281e-03	4.677e-01	9.652e-02
chr6_28949112_A_G_b38	1	4.39281e-03	4.677e-01	9.652e-02
chr6_28904669_T_C_b38	1	4.29666e-03	4.836e-01	9.197e-02
chr6_28896962_C_G_b38	1	4.29666e-03	4.836e-01	9.197e-02
chr6_28895487_C_G_b38	1	4.29666e-03	4.836e-01	9.197e-02
chr6_28899705_A_G_b38	1	4.29666e-03	4.836e-01	9.197e-02
chr6_28899308_T_C_b38	1	4.29666e-03	4.836e-01	9.197e-02
chr6_28894392_T_A_b38	1	4.29666e-03	4.836e-01	9.197e-02
chr6_28913378_C_G_b38	1	4.29666e-03	4.836e-01	9.197e-02
chr6_28905283_T_C_b38	1	4.29666e-03	4.836e-01	9.197e-02
chr6_28912852_T_C_b38	1	4.29666e-03	4.836e-01	9.197e-02
chr6_28907725_C_T_b38	1	4.29666e-03	4.836e-01	9.197e-02
chr6_28899619_T_C_b38	1	4.29666e-03	4.836e-01	9.197e-02
chr6_28904853_T_A_b38	1	4.29666e-03	4.836e-01	9.197e-02
chr6_28901396_A_C_b38	1	4.29666e-03	4.836e-01	9.197e-02
chr6_28916373_G_A_b38	1	4.29666e-03	4.836e-01	9.197e-02
chr6_28897936_C_T_b38	1	4.29666e-03	4.836e-01	9.197e-02
chr6_28917975_T_C_b38	1	4.29666e-03	4.836e-01	9.197e-02
chr6_28901233_C_T_b38	1	4.29666e-03	4.836e-01	9.197e-02
chr6_28944299_C_T_b38	2	1.64308e-02	-2.321e-01	1.367e-01
chr6_28927188_G_C_b38	2	4.25161e-04	-2.999e-01	1.412e-01
chr6_28927022_G_C_b38	2	1.17188e-04	-1.829e-01	1.488e-01
chr6_28967482_G_A_b38	2	7.71612e-05	-4.347e-02	1.223e-01
chr6_28972109_G_A_b38	2	7.27219e-05	-2.323e-01	1.363e-01
chr6_28923023_G_C_b38	2	7.20038e-05	-9.543e-02	1.220e-01
