chr16_28813364_T_C_b38	1	4.33118e-02	5.769e-01	8.560e-02
chr16_28814986_A_G_b38	1	4.33118e-02	5.769e-01	8.560e-02
chr16_28811776_A_G_b38	1	4.33118e-02	5.769e-01	8.560e-02
chr16_28829060_A_G_b38	1	3.35442e-02	5.663e-01	8.470e-02
chr16_28825882_T_G_b38	1	3.35442e-02	5.663e-01	8.470e-02
chr16_28814099_C_T_b38	1	3.02900e-02	5.572e-01	8.355e-02
chr16_28814456_C_T_b38	1	3.02900e-02	5.572e-01	8.355e-02
chr16_28814632_A_G_b38	1	3.02900e-02	5.572e-01	8.355e-02
chr16_28816177_T_C_b38	1	3.02900e-02	5.572e-01	8.355e-02
chr16_28811719_AT_A_b38	1	3.02900e-02	5.572e-01	8.355e-02
chr16_28817513_A_C_b38	1	3.02900e-02	5.572e-01	8.355e-02
chr16_28814284_G_A_b38	1	3.02900e-02	5.572e-01	8.355e-02
chr16_28814545_T_G_b38	1	3.02900e-02	5.572e-01	8.355e-02
chr16_28813779_T_C_b38	1	3.02900e-02	5.572e-01	8.355e-02
chr16_28821061_C_T_b38	1	2.45412e-02	5.573e-01	8.406e-02
chr16_28821978_C_A_b38	1	2.45412e-02	5.573e-01	8.406e-02
chr16_28820038_T_C_b38	1	2.45412e-02	5.573e-01	8.406e-02
chr16_28821776_A_G_b38	1	2.45412e-02	5.573e-01	8.406e-02
chr16_28824359_T_TG_b38	1	2.07495e-02	5.622e-01	8.519e-02
chr16_28824884_T_C_b38	1	1.89672e-02	5.469e-01	8.315e-02
chr16_28846324_A_G_b38	1	1.71575e-02	5.314e-01	8.107e-02
chr16_28826585_A_G_b38	1	1.54602e-02	5.443e-01	8.317e-02
chr16_28835925_T_C_b38	1	1.44828e-02	5.204e-01	7.976e-02
chr16_28828071_G_A_b38	1	1.39066e-02	5.554e-01	8.521e-02
chr16_28837347_T_C_b38	1	1.39066e-02	5.554e-01	8.521e-02
chr16_28828414_C_G_b38	1	1.39066e-02	5.554e-01	8.521e-02
chr16_28831263_G_GGTTGT_b38	1	1.39066e-02	5.554e-01	8.521e-02
chr16_28830456_C_T_b38	1	1.39066e-02	5.554e-01	8.521e-02
chr16_28806466_A_G_b38	1	1.29665e-02	5.536e-01	8.496e-02
chr16_28826194_T_C_b38	1	1.15716e-02	5.263e-01	8.125e-02
chr16_28833044_G_A_b38	1	7.95194e-03	5.357e-01	8.361e-02
chr16_28848481_A_G_b38	1	7.95194e-03	5.357e-01	8.361e-02
chr16_28828104_T_C_b38	1	7.95194e-03	5.357e-01	8.361e-02
chr16_28833930_G_A_b38	1	7.95194e-03	5.357e-01	8.361e-02
chr16_28835828_G_C_b38	1	7.95194e-03	5.357e-01	8.361e-02
chr16_28828609_G_T_b38	1	7.95194e-03	5.357e-01	8.361e-02
chr16_28842675_A_C_b38	1	7.95194e-03	5.357e-01	8.361e-02
chr16_28850560_C_T_b38	1	7.95194e-03	5.357e-01	8.361e-02
chr16_28840056_C_CCT_b38	1	7.95194e-03	5.357e-01	8.361e-02
chr16_28833706_TGATCAGGG_T_b38	1	7.95194e-03	5.357e-01	8.361e-02
chr16_28843448_A_G_b38	1	7.95194e-03	5.357e-01	8.361e-02
chr16_28844406_A_G_b38	1	7.95194e-03	5.357e-01	8.361e-02
chr16_28831797_A_G_b38	1	7.95194e-03	5.357e-01	8.361e-02
chr16_28832963_A_G_b38	1	7.95194e-03	5.357e-01	8.361e-02
chr16_28837497_A_G_b38	1	7.95194e-03	5.357e-01	8.361e-02
chr16_28844201_G_C_b38	1	7.95194e-03	5.357e-01	8.361e-02
chr16_28835545_G_A_b38	1	7.95194e-03	5.357e-01	8.361e-02
chr16_28850413_A_C_b38	1	7.95194e-03	5.357e-01	8.361e-02
chr16_28831704_C_T_b38	1	7.95194e-03	5.357e-01	8.361e-02
chr16_28835519_T_G_b38	1	7.95194e-03	5.357e-01	8.361e-02
chr16_28848862_G_A_b38	1	3.51142e-03	5.272e-01	8.427e-02
chr16_28848916_C_G_b38	1	3.51142e-03	5.272e-01	8.427e-02
chr16_28882250_T_C_b38	1	2.42486e-03	5.558e-01	8.506e-02
chr16_28882403_ACT_A_b38	1	2.42486e-03	5.558e-01	8.506e-02
chr16_28861033_G_C_b38	1	2.42486e-03	5.558e-01	8.506e-02
chr16_28878376_C_CT_b38	1	2.42486e-03	5.558e-01	8.506e-02
chr16_28854595_G_A_b38	1	2.42486e-03	5.558e-01	8.506e-02
chr16_28859641_G_A_b38	1	2.42486e-03	5.558e-01	8.506e-02
chr16_28874338_C_T_b38	1	2.42486e-03	5.558e-01	8.506e-02
chr16_28860336_C_A_b38	1	2.42486e-03	5.558e-01	8.506e-02
chr16_28872520_C_T_b38	1	2.42486e-03	5.558e-01	8.506e-02
chr16_28806716_C_T_b38	1	1.84302e-03	5.108e-01	8.330e-02
chr16_28874610_T_C_b38	1	1.82909e-03	5.353e-01	8.266e-02
chr16_28550661_T_C_b38	1	1.48225e-03	5.365e-01	8.247e-02
chr16_28554837_G_T_b38	1	1.48225e-03	5.365e-01	8.247e-02
chr16_28554346_C_G_b38	1	1.48225e-03	5.365e-01	8.247e-02
chr16_28871103_T_C_b38	1	1.38657e-03	5.366e-01	8.330e-02
chr16_28854571_C_T_b38	1	1.38657e-03	5.366e-01	8.330e-02
chr16_28862077_G_A_b38	1	1.38657e-03	5.366e-01	8.330e-02
chr16_28869881_A_C_b38	1	1.38657e-03	5.366e-01	8.330e-02
chr16_28861277_T_C_b38	1	1.38657e-03	5.366e-01	8.330e-02
chr16_28878810_C_A_b38	1	1.38657e-03	5.366e-01	8.330e-02
chr16_28882211_A_G_b38	1	1.38657e-03	5.366e-01	8.330e-02
chr16_28880144_C_T_b38	1	1.38657e-03	5.366e-01	8.330e-02
chr16_28863801_T_G_b38	1	1.38657e-03	5.366e-01	8.330e-02
chr16_28871920_A_G_b38	1	1.38657e-03	5.366e-01	8.330e-02
chr16_28878386_CA_C_b38	1	1.38657e-03	5.366e-01	8.330e-02
chr16_28859275_A_G_b38	1	1.38657e-03	5.366e-01	8.330e-02
chr16_28860532_C_T_b38	1	1.38657e-03	5.366e-01	8.330e-02
chr16_28856483_C_T_b38	1	1.38657e-03	5.366e-01	8.330e-02
chr16_28864161_A_G_b38	1	1.38657e-03	5.366e-01	8.330e-02
chr16_28863226_C_G_b38	1	1.38657e-03	5.366e-01	8.330e-02
chr16_28868163_A_G_b38	1	1.38657e-03	5.366e-01	8.330e-02
chr16_28878165_C_A_b38	1	1.38657e-03	5.366e-01	8.330e-02
chr16_28860668_A_G_b38	1	1.38657e-03	5.366e-01	8.330e-02
chr16_28860539_A_G_b38	1	1.38657e-03	5.366e-01	8.330e-02
chr16_28853721_T_C_b38	1	1.38657e-03	5.366e-01	8.330e-02
chr16_28882088_T_C_b38	1	1.38657e-03	5.366e-01	8.330e-02
chr16_28853352_T_C_b38	1	1.38657e-03	5.366e-01	8.330e-02
chr16_28863883_A_T_b38	1	1.38657e-03	5.366e-01	8.330e-02
chr16_28851566_TCTC_T_b38	1	1.38657e-03	5.366e-01	8.330e-02
chr16_28839050_T_G_b38	1	1.31447e-03	5.168e-01	8.535e-02
chr16_28855740_T_C_b38	1	1.25680e-03	5.350e-01	8.331e-02
chr16_28754838_A_G_b38	1	1.11372e-03	4.425e-01	8.223e-02
chr16_28544385_T_A_b38	1	9.10885e-04	5.262e-01	8.210e-02
chr16_28921927_C_T_b38	1	7.61494e-04	-5.448e-01	8.614e-02
chr16_28523984_A_G_b38	1	6.72237e-04	5.255e-01	8.275e-02
chr16_28534128_A_G_b38	1	6.72237e-04	5.255e-01	8.275e-02
chr16_28526650_T_C_b38	1	6.72237e-04	5.255e-01	8.275e-02
chr16_28523682_A_G_b38	1	6.72237e-04	5.255e-01	8.275e-02
chr16_28916497_C_A_b38	1	6.59272e-04	-5.327e-01	8.465e-02
chr16_28857641_C_G_b38	1	6.15391e-04	5.219e-01	8.309e-02
chr16_28857374_G_A_b38	1	5.41317e-04	5.178e-01	8.279e-02
chr16_28922147_C_T_b38	1	5.06971e-04	-5.389e-01	8.631e-02
chr16_28925938_T_C_b38	1	5.06971e-04	-5.389e-01	8.631e-02
chr16_28620700_T_G_b38	1	4.78762e-04	-5.307e-01	8.443e-02
chr16_28883809_A_G_b38	1	4.42471e-04	5.181e-01	8.338e-02
chr16_28818967_G_C_b38	2	6.02355e-03	-6.066e-01	1.791e-01
chr16_28848540_G_A_b38	2	2.70818e-03	-6.179e-01	1.991e-01
chr16_28826697_T_C_b38	2	2.49054e-03	-5.938e-01	1.938e-01
chr16_28850303_G_C_b38	2	2.49054e-03	-5.938e-01	1.938e-01
chr16_28864417_G_A_b38	2	4.32617e-04	-6.133e-01	1.986e-01
chr16_28802481_TAGAA_T_b38	2	3.66430e-04	-5.300e-01	2.402e-01
chr16_28895345_T_C_b38	2	3.18303e-04	-5.764e-01	1.946e-01
chr16_28538948_C_T_b38	2	8.39664e-05	0.000e+00	0.000e+00
chr16_28541231_C_T_b38	2	4.30979e-05	0.000e+00	0.000e+00
chr16_28595102_G_A_b38	2	4.30979e-05	0.000e+00	0.000e+00
chr16_28578836_G_A_b38	2	1.80257e-05	0.000e+00	0.000e+00
