chr3_183810654_C_T_b38	1	2.64556e-01	3.626e-01	7.309e-02
chr3_183809830_T_C_b38	1	5.67605e-02	3.519e-01	6.393e-02
chr3_183808781_G_T_b38	1	5.27680e-02	3.575e-01	6.371e-02
chr3_183808777_AC_A_b38	1	5.27680e-02	3.575e-01	6.371e-02
chr3_183808630_T_C_b38	1	4.46822e-02	3.377e-01	6.122e-02
chr3_183808836_C_A_b38	1	3.34567e-02	3.345e-01	6.076e-02
chr3_183815269_T_C_b38	1	3.08349e-02	3.574e-01	6.393e-02
chr3_183807731_G_A_b38	1	3.00953e-02	3.574e-01	6.393e-02
chr3_183807160_T_C_b38	1	3.00953e-02	3.574e-01	6.393e-02
chr3_183806405_T_C_b38	1	3.00953e-02	3.574e-01	6.393e-02
chr3_183807626_A_G_b38	1	3.00953e-02	3.574e-01	6.393e-02
chr3_183807333_A_G_b38	1	3.00953e-02	3.574e-01	6.393e-02
chr3_183805869_A_G_b38	1	3.00953e-02	3.574e-01	6.393e-02
chr3_183806561_C_G_b38	1	3.00953e-02	3.574e-01	6.393e-02
chr3_183816176_T_C_b38	1	2.93231e-02	3.425e-01	6.191e-02
chr3_183814270_C_CTT_b38	1	2.80304e-02	3.540e-01	6.494e-02
chr3_183803345_A_G_b38	1	2.62068e-02	3.423e-01	6.213e-02
chr3_183802701_A_G_b38	1	2.62068e-02	3.423e-01	6.213e-02
chr3_183806591_A_G_b38	1	1.89831e-02	3.340e-01	6.097e-02
chr3_183805417_A_G_b38	1	1.80230e-02	3.574e-01	6.394e-02
chr3_183813198_A_G_b38	1	1.71695e-02	3.517e-01	6.411e-02
chr3_183805233_G_A_b38	1	1.66839e-02	3.524e-01	6.339e-02
chr3_183804769_T_C_b38	1	1.10944e-02	3.330e-01	6.109e-02
chr3_183805141_C_T_b38	1	1.10944e-02	3.330e-01	6.109e-02
chr3_183814101_T_C_b38	1	1.10354e-02	3.280e-01	5.972e-02
chr3_183797526_A_G_b38	1	1.06412e-02	3.445e-01	6.449e-02
chr3_183817125_A_G_b38	1	9.77556e-03	3.496e-01	6.581e-02
chr3_183815835_C_G_b38	1	8.20791e-03	3.501e-01	6.537e-02
chr3_183795202_T_A_b38	1	1.64200e-03	2.839e-01	2.577e-02
chr3_183789845_G_C_b38	1	1.13775e-03	2.887e-01	2.631e-02
chr3_183791380_A_G_b38	1	1.13775e-03	2.887e-01	2.631e-02
chr3_183790400_AGATGTTTGTTCAATGAAGTG_A_b38	1	1.10961e-03	2.865e-01	2.611e-02
chr3_183787859_G_C_b38	1	1.10961e-03	2.865e-01	2.611e-02
chr3_183790398_G_T_b38	1	1.10961e-03	2.865e-01	2.611e-02
chr3_183820637_T_C_b38	2	1.29312e-01	-1.741e-01	4.223e-02
chr3_183824939_G_T_b38	2	1.14947e-01	-1.454e-01	3.585e-02
chr3_183824938_A_T_b38	2	1.14947e-01	-1.454e-01	3.585e-02
chr3_183820628_A_G_b38	2	9.14964e-02	-1.736e-01	4.309e-02
chr3_183825503_G_A_b38	2	4.91276e-02	-1.437e-01	3.759e-02
chr3_183822697_T_A_b38	2	2.61618e-02	-1.349e-01	3.656e-02
chr3_183828295_A_C_b38	2	2.26038e-02	-1.325e-01	3.659e-02
chr3_183826314_T_C_b38	2	4.36653e-03	-1.246e-01	3.699e-02
chr3_183819910_C_A_b38	2	1.51517e-03	-1.376e-01	4.689e-02
chr3_183813190_G_A_b38	2	1.27060e-03	-3.093e-01	1.099e-01
chr3_183813498_G_A_b38	2	1.27060e-03	-3.093e-01	1.099e-01
chr3_183831212_G_A_b38	2	1.25776e-03	-1.172e-01	3.755e-02
chr3_183816382_C_T_b38	2	9.30110e-04	-3.102e-01	1.078e-01
chr3_183835752_A_G_b38	2	5.39467e-04	-1.194e-01	3.751e-02
chr3_183816750_T_C_b38	2	5.27474e-04	-2.687e-01	1.051e-01
chr3_183817188_G_A_b38	2	4.42809e-04	-3.422e-01	1.356e-01
chr3_183817306_C_T_b38	2	4.42809e-04	-3.422e-01	1.356e-01
chr3_183816706_G_T_b38	2	3.94082e-04	-3.377e-01	1.823e-01
chr3_183810738_C_T_b38	3	5.13384e-03	4.257e-02	7.423e-02
