chr3_53077688_T_C_b38	1	2.63701e-01	6.131e-01	4.484e-02
chr3_53069139_C_T_b38	1	2.04467e-01	6.180e-01	4.406e-02
chr3_53073553_G_A_b38	1	8.95025e-02	6.141e-01	4.345e-02
chr3_53069246_A_G_b38	1	5.72240e-02	6.001e-01	4.687e-02
chr3_53089470_G_A_b38	1	2.85526e-02	6.089e-01	4.445e-02
chr3_53087260_A_G_b38	1	2.82331e-02	6.089e-01	4.443e-02
chr3_53086082_C_T_b38	1	2.82331e-02	6.089e-01	4.443e-02
chr3_53089257_A_G_b38	1	2.82331e-02	6.089e-01	4.443e-02
chr3_53084723_C_T_b38	1	2.82331e-02	6.089e-01	4.443e-02
chr3_53088953_G_A_b38	1	2.82331e-02	6.089e-01	4.443e-02
chr3_53088354_A_G_b38	1	2.82331e-02	6.089e-01	4.443e-02
chr3_53085687_G_A_b38	1	2.82331e-02	6.089e-01	4.443e-02
chr3_53088242_G_A_b38	1	2.82331e-02	6.089e-01	4.443e-02
chr3_53086908_C_T_b38	1	2.66416e-02	6.088e-01	4.444e-02
chr3_53097813_T_C_b38	1	2.26222e-02	6.101e-01	4.459e-02
chr3_53069780_G_T_b38	1	1.88644e-02	6.023e-01	4.512e-02
chr3_53088241_T_C_b38	1	1.52268e-02	6.063e-01	4.424e-02
chr3_53091906_T_C_b38	1	1.04180e-02	6.093e-01	4.430e-02
chr3_53081144_A_C_b38	1	7.75147e-03	6.068e-01	4.468e-02
chr3_53097814_G_A_b38	1	7.18337e-03	6.113e-01	4.444e-02
chr3_53097756_T_C_b38	1	7.17618e-03	6.112e-01	4.445e-02
chr3_53093119_AC_A_b38	1	4.29681e-03	6.051e-01	4.414e-02
chr3_53092127_G_A_b38	1	4.29681e-03	6.051e-01	4.414e-02
chr3_53096897_C_A_b38	1	2.87645e-03	6.057e-01	4.495e-02
chr3_53064859_T_C_b38	2	8.26002e-02	1.308e-01	5.184e-02
chr3_53064922_C_G_b38	2	7.97844e-02	1.301e-01	5.182e-02
chr3_53067208_C_T_b38	2	7.77742e-03	1.148e-01	5.127e-02
chr3_53063092_C_T_b38	2	4.04989e-03	1.115e-01	5.306e-02
chr3_53062536_G_A_b38	2	2.72657e-03	1.120e-01	5.289e-02
chr3_53062378_A_G_b38	2	2.72657e-03	1.120e-01	5.289e-02
chr3_53058359_A_G_b38	2	1.93169e-03	1.181e-01	5.320e-02
chr3_53051459_C_G_b38	2	1.51848e-03	1.307e-01	5.345e-02
chr3_53062031_A_G_b38	2	1.10829e-03	-8.384e-02	4.309e-02
chr3_53067564_C_T_b38	2	9.48572e-04	6.978e-02	4.318e-02
chr3_53048921_C_T_b38	2	9.33134e-04	1.222e-01	5.367e-02
chr3_53062214_C_T_b38	2	9.04319e-04	-7.959e-02	4.344e-02
chr3_53061863_C_T_b38	2	8.90657e-04	-7.997e-02	4.397e-02
chr3_53024944_C_T_b38	2	7.01819e-04	-1.348e-01	5.174e-02
chr3_53044574_C_A_b38	2	6.79485e-04	1.136e-01	5.325e-02
chr3_52928732_C_G_b38	2	2.94112e-04	-1.845e-01	5.235e-02
chr3_53064359_A_G_b38	3	5.03022e-03	-2.004e-01	9.032e-02
chr3_53046121_C_A_b38	3	1.19437e-04	-1.680e-01	9.309e-02
