chr6_139755628_C_T_b38	1	6.92744e-02	-2.454e-01	5.486e-02
chr6_139755990_T_C_b38	1	6.92744e-02	-2.454e-01	5.486e-02
chr6_139760086_G_T_b38	1	6.92600e-02	-2.456e-01	5.490e-02
chr6_139761996_G_C_b38	1	6.92600e-02	-2.456e-01	5.490e-02
chr6_139764158_T_C_b38	1	6.92600e-02	-2.456e-01	5.490e-02
chr6_139754891_A_T_b38	1	5.77596e-02	-2.425e-01	5.473e-02
chr6_139782614_G_A_b38	1	3.03685e-02	-2.346e-01	5.458e-02
chr6_139812504_A_ATTAAAG_b38	1	2.03831e-02	-2.259e-01	5.710e-02
chr6_139766075_A_C_b38	1	1.98091e-02	-2.307e-01	5.491e-02
chr6_139780966_G_A_b38	1	1.92797e-02	-2.291e-01	5.451e-02
chr6_139781801_T_G_b38	1	1.92797e-02	-2.291e-01	5.451e-02
chr6_139782164_C_T_b38	1	1.92797e-02	-2.291e-01	5.451e-02
chr6_139782720_A_G_b38	1	1.70612e-02	-2.267e-01	5.435e-02
chr6_139794186_G_A_b38	1	1.67588e-02	-2.291e-01	5.499e-02
chr6_139785222_G_T_b38	1	1.67588e-02	-2.291e-01	5.499e-02
chr6_139794578_A_G_b38	1	1.67588e-02	-2.291e-01	5.499e-02
chr6_139815394_T_C_b38	1	1.65157e-02	-2.252e-01	5.770e-02
chr6_139800693_C_T_b38	1	1.53219e-02	-2.286e-01	5.512e-02
chr6_139796571_T_A_b38	1	1.53219e-02	-2.286e-01	5.512e-02
chr6_139800467_A_G_b38	1	1.53219e-02	-2.286e-01	5.512e-02
chr6_139795278_A_AT_b38	1	1.47367e-02	-2.266e-01	5.480e-02
chr6_139788625_A_G_b38	1	1.47367e-02	-2.266e-01	5.480e-02
chr6_139785814_A_G_b38	1	1.47367e-02	-2.266e-01	5.480e-02
chr6_139805744_C_T_b38	1	1.35375e-02	-2.256e-01	5.852e-02
chr6_139796319_T_G_b38	1	1.35365e-02	-2.261e-01	5.495e-02
chr6_139760165_G_T_b38	1	1.13008e-02	-2.367e-01	5.817e-02
chr6_139811112_A_G_b38	1	9.59925e-03	-2.224e-01	5.899e-02
chr6_139746516_A_G_b38	1	9.51130e-03	-2.429e-01	5.506e-02
chr6_139757917_GA_G_b38	1	9.31303e-03	-2.336e-01	5.808e-02
chr6_139752477_A_G_b38	1	8.81952e-03	-2.418e-01	5.473e-02
chr6_139744870_G_T_b38	1	8.81952e-03	-2.418e-01	5.473e-02
chr6_139745948_A_G_b38	1	8.81952e-03	-2.418e-01	5.473e-02
chr6_139747704_C_T_b38	1	8.81952e-03	-2.418e-01	5.473e-02
chr6_139802443_T_C_b38	1	8.40663e-03	2.200e-01	5.474e-02
chr6_139735517_CA_C_b38	1	8.00984e-03	-2.413e-01	5.490e-02
chr6_139735856_A_G_b38	1	8.00984e-03	-2.413e-01	5.490e-02
chr6_139742956_C_T_b38	1	7.52993e-03	-2.395e-01	5.468e-02
chr6_139743416_A_G_b38	1	7.52993e-03	-2.395e-01	5.468e-02
chr6_139811138_C_T_b38	1	6.94712e-03	1.959e-01	5.321e-02
chr6_139760011_A_G_b38	1	6.56402e-03	-2.305e-01	5.814e-02
chr6_139732567_A_G_b38	1	6.39135e-03	-2.391e-01	5.507e-02
chr6_139776864_A_G_b38	1	5.46385e-03	-2.125e-01	5.411e-02
chr6_139775313_A_G_b38	1	5.43117e-03	-2.153e-01	5.481e-02
chr6_139803533_C_T_b38	1	4.40726e-03	2.037e-01	5.280e-02
chr6_139780144_C_T_b38	1	2.49678e-03	-1.969e-01	5.280e-02
chr6_139780965_T_C_b38	1	2.49678e-03	-1.969e-01	5.280e-02
chr6_139780412_A_G_b38	1	2.49678e-03	-1.969e-01	5.280e-02
chr6_139800273_G_A_b38	1	2.49678e-03	-1.969e-01	5.280e-02
chr6_139803308_C_T_b38	1	2.49678e-03	1.969e-01	5.280e-02
chr6_139773288_G_T_b38	1	2.15708e-03	-1.933e-01	5.239e-02
chr6_139768658_GT_G_b38	1	1.99624e-03	-2.146e-01	5.822e-02
chr6_139790388_A_G_b38	1	1.87826e-03	-1.936e-01	5.303e-02
chr6_139772558_T_G_b38	1	1.40524e-03	-1.918e-01	5.278e-02
chr6_139700322_G_C_b38	1	1.26299e-03	-2.210e-01	5.428e-02
chr6_139803938_A_G_b38	1	8.52524e-04	1.867e-01	5.348e-02
chr6_139735318_A_G_b38	1	8.19756e-04	-2.306e-01	5.893e-02
chr6_139698051_T_C_b38	1	3.37945e-04	-2.356e-01	4.714e-02
chr6_139724034_C_T_b38	1	3.26898e-04	-2.349e-01	4.708e-02
chr6_139830866_G_T_b38	2	2.42265e-01	2.934e-01	7.325e-02
chr6_139831451_A_G_b38	2	2.42265e-01	2.934e-01	7.325e-02
chr6_139828746_A_T_b38	2	9.13924e-02	2.931e-01	7.324e-02
chr6_139809886_A_G_b38	2	5.05620e-02	2.803e-01	7.262e-02
chr6_139807597_G_A_b38	2	1.11887e-02	2.359e-01	7.004e-02
chr6_139797539_C_T_b38	2	4.58066e-03	2.567e-01	7.343e-02
chr6_139826805_T_G_b38	3	1.21286e-02	3.849e-01	1.095e-01
chr6_139868191_ACTAT_A_b38	3	1.77059e-03	2.861e-01	1.051e-01
chr6_139874862_GT_G_b38	3	9.43542e-04	2.784e-01	1.132e-01
chr6_139753954_G_A_b38	3	2.70428e-07	0.000e+00	0.000e+00
chr6_139612657_GC_G_b38	3	1.76441e-07	0.000e+00	0.000e+00
chr6_139702232_A_G_b38	3	1.54451e-07	0.000e+00	0.000e+00
chr6_139697354_C_T_b38	3	1.32278e-07	0.000e+00	0.000e+00
