chr2_173968239_G_T_b38	1	5.34595e-01	-2.272e-01	4.719e-02
chr2_173969105_G_A_b38	1	2.85118e-01	-2.316e-01	4.726e-02
chr2_173967851_T_C_b38	1	9.25680e-02	-2.230e-01	4.832e-02
chr2_173963364_G_C_b38	1	1.65954e-02	-2.225e-01	4.938e-02
chr2_173961650_T_C_b38	1	1.28906e-02	-2.281e-01	4.964e-02
chr2_173946493_C_T_b38	1	7.53615e-03	-2.281e-01	4.964e-02
chr2_173963662_G_A_b38	2	2.09285e-02	2.755e-01	1.080e-01
chr2_173976727_G_A_b38	2	5.28000e-03	1.827e-01	8.983e-02
chr2_173998758_G_A_b38	2	3.44940e-04	1.403e-01	9.375e-02
chr2_173968715_A_G_b38	3	4.57614e-04	7.972e-02	7.380e-02
chr2_173967349_C_A_b38	3	1.11731e-04	1.149e-01	8.212e-02
chr2_173972874_G_A_b38	3	7.13120e-05	1.018e-01	7.301e-02
chr2_173976915_C_T_b38	3	3.70551e-05	8.462e-02	7.656e-02
chr2_173983942_C_T_b38	3	3.54533e-05	1.365e-01	7.668e-02
chr2_173988709_G_A_b38	3	3.51624e-05	1.366e-01	7.698e-02
chr2_173986145_A_G_b38	3	3.02956e-05	1.328e-01	7.727e-02
chr2_173987779_A_AG_b38	3	3.02956e-05	1.328e-01	7.727e-02
chr2_173988057_G_T_b38	3	2.49984e-05	1.210e-01	7.362e-02
chr2_173985126_T_C_b38	3	2.46617e-05	1.200e-01	7.347e-02
chr2_173985398_T_C_b38	3	2.46617e-05	1.200e-01	7.347e-02
chr2_173986162_G_A_b38	3	2.35961e-05	1.236e-01	7.846e-02
chr2_173959016_G_C_b38	3	2.28726e-05	7.529e-02	7.480e-02
chr2_173958768_T_C_b38	3	2.10804e-05	6.817e-02	7.364e-02
chr2_173959448_A_AG_b38	3	2.10804e-05	6.817e-02	7.364e-02
chr2_173947599_G_C_b38	3	2.02331e-05	0.000e+00	0.000e+00
chr2_173953298_A_G_b38	3	2.02331e-05	0.000e+00	0.000e+00
chr2_173944605_A_C_b38	3	1.21634e-05	0.000e+00	0.000e+00
chr2_173986945_C_T_b38	3	1.06773e-05	0.000e+00	0.000e+00
chr2_173956763_G_C_b38	3	1.06142e-05	0.000e+00	0.000e+00
chr2_173957198_T_A_b38	3	1.06142e-05	0.000e+00	0.000e+00
chr2_173957932_T_G_b38	3	1.06142e-05	0.000e+00	0.000e+00
chr2_173987543_C_T_b38	3	9.98968e-06	0.000e+00	0.000e+00
chr2_173986591_GTGTC_G_b38	3	9.83017e-06	0.000e+00	0.000e+00
chr2_173985335_G_A_b38	3	9.83017e-06	0.000e+00	0.000e+00
chr2_173918464_CG_C_b38	3	6.71355e-06	0.000e+00	0.000e+00
chr2_173926193_A_C_b38	3	6.71355e-06	0.000e+00	0.000e+00
chr2_173933336_G_A_b38	3	6.71355e-06	0.000e+00	0.000e+00
chr2_173937272_T_C_b38	3	2.87114e-06	0.000e+00	0.000e+00
chr2_173929562_A_T_b38	3	2.76622e-06	0.000e+00	0.000e+00
chr2_173930353_G_A_b38	3	2.76622e-06	0.000e+00	0.000e+00
chr2_173938765_A_G_b38	3	2.76622e-06	0.000e+00	0.000e+00
chr2_173929478_A_G_b38	3	2.76622e-06	0.000e+00	0.000e+00
chr2_173937959_G_A_b38	3	2.76622e-06	0.000e+00	0.000e+00
chr2_173937694_A_T_b38	3	2.76622e-06	0.000e+00	0.000e+00
