chr3_41195090_G_C_b38	1	2.27262e-01	1.491e-01	3.397e-02
chr3_41190671_C_T_b38	1	1.52950e-01	1.601e-01	3.315e-02
chr3_41193025_C_G_b38	1	9.51260e-02	1.572e-01	3.443e-02
chr3_41197903_T_TGTAC_b38	1	6.90038e-02	1.572e-01	3.426e-02
chr3_41197905_G_GAAAGTCTACA_b38	1	6.90038e-02	1.572e-01	3.426e-02
chr3_41197554_C_A_b38	1	3.41330e-02	1.480e-01	3.302e-02
chr3_41197886_AG_A_b38	1	2.91564e-02	1.488e-01	3.372e-02
chr3_41218911_G_A_b38	1	1.90249e-02	1.570e-01	3.420e-02
chr3_41192398_T_C_b38	1	1.84210e-02	-1.390e-01	3.274e-02
chr3_41216557_A_G_b38	1	1.79210e-02	1.560e-01	3.468e-02
chr3_41190293_T_A_b38	1	1.77648e-02	1.472e-01	3.383e-02
chr3_41190477_C_T_b38	1	1.77648e-02	1.472e-01	3.383e-02
chr3_41200847_C_A_b38	1	1.53889e-02	1.489e-01	3.390e-02
chr3_41201372_A_G_b38	1	1.53889e-02	1.489e-01	3.390e-02
chr3_41202251_T_G_b38	1	1.53889e-02	1.489e-01	3.390e-02
chr3_41218526_G_A_b38	1	1.18567e-02	1.486e-01	3.274e-02
chr3_41200876_C_T_b38	1	1.00807e-02	-1.381e-01	3.133e-02
chr3_41185839_A_C_b38	1	8.35927e-03	1.427e-01	3.302e-02
chr3_41218103_G_A_b38	1	8.02488e-03	1.485e-01	3.364e-02
chr3_41208990_G_A_b38	1	8.02488e-03	1.485e-01	3.364e-02
chr3_41218020_G_A_b38	1	8.02488e-03	1.485e-01	3.364e-02
chr3_41213155_G_T_b38	1	8.02488e-03	1.485e-01	3.364e-02
chr3_41198686_G_A_b38	1	7.98814e-03	1.374e-01	3.347e-02
chr3_41189163_T_C_b38	1	7.92710e-03	-1.365e-01	3.133e-02
chr3_41184054_T_C_b38	1	7.13782e-03	1.466e-01	3.345e-02
chr3_41234675_A_T_b38	1	6.62261e-03	1.538e-01	3.322e-02
chr3_41226034_A_G_b38	1	6.62261e-03	1.538e-01	3.322e-02
chr3_41232581_C_G_b38	1	5.64274e-03	1.531e-01	3.359e-02
chr3_41213867_T_G_b38	1	5.25660e-03	-1.379e-01	3.119e-02
chr3_41232779_A_T_b38	1	5.17458e-03	1.530e-01	3.375e-02
chr3_41242302_G_C_b38	1	5.14637e-03	1.544e-01	3.411e-02
chr3_41243045_C_A_b38	1	4.52658e-03	1.521e-01	3.358e-02
chr3_41181095_G_A_b38	1	4.46142e-03	1.419e-01	3.317e-02
chr3_41232986_A_G_b38	1	4.18186e-03	1.487e-01	3.281e-02
chr3_41235549_C_T_b38	1	4.18186e-03	1.487e-01	3.281e-02
chr3_41218878_C_T_b38	1	3.80415e-03	1.434e-01	3.381e-02
chr3_41243400_G_A_b38	1	3.58982e-03	1.492e-01	3.343e-02
chr3_41241891_G_A_b38	1	3.27992e-03	1.458e-01	3.223e-02
chr3_41239897_T_G_b38	1	2.69640e-03	1.441e-01	3.229e-02
chr3_41230590_C_A_b38	1	2.57026e-03	1.460e-01	3.277e-02
chr3_41220953_T_C_b38	1	2.08359e-03	1.423e-01	3.207e-02
chr3_41039333_G_A_b38	2	3.25001e-02	1.720e-01	3.816e-02
chr3_41052589_C_T_b38	2	2.31628e-02	1.686e-01	3.807e-02
chr3_41055985_T_G_b38	2	2.31628e-02	1.686e-01	3.807e-02
chr3_41055826_G_A_b38	2	2.31628e-02	1.686e-01	3.807e-02
chr3_41056045_G_A_b38	2	1.15894e-02	1.571e-01	3.692e-02
chr3_41050525_G_A_b38	2	9.51844e-03	1.623e-01	3.851e-02
chr3_41029688_C_T_b38	2	5.77947e-03	-1.492e-01	3.640e-02
chr3_41061659_T_C_b38	2	4.16266e-03	1.494e-01	3.712e-02
chr3_41058608_C_T_b38	2	2.22471e-03	1.441e-01	3.720e-02
chr3_41032051_G_A_b38	2	1.20627e-03	-1.364e-01	3.657e-02
chr3_41032092_G_C_b38	2	1.07278e-03	-1.367e-01	3.696e-02
chr3_41063285_A_AG_b38	2	1.06032e-03	1.371e-01	3.720e-02
chr3_41026797_G_A_b38	2	7.24721e-04	1.357e-01	3.805e-02
chr3_41025564_C_T_b38	2	6.24391e-04	1.414e-01	4.016e-02
chr3_41174775_C_A_b38	3	1.53173e-03	1.296e-01	3.166e-02
chr3_41174305_C_T_b38	3	1.53173e-03	1.296e-01	3.166e-02
chr3_41163218_G_T_b38	3	8.49556e-04	1.306e-01	3.130e-02
chr3_41162372_A_C_b38	3	6.43147e-04	1.287e-01	3.141e-02
chr3_41162404_G_A_b38	3	6.43147e-04	1.287e-01	3.141e-02
chr3_41162369_GA_G_b38	3	6.43147e-04	1.287e-01	3.141e-02
chr3_41162099_G_C_b38	3	6.43147e-04	1.287e-01	3.141e-02
chr3_41164204_T_C_b38	3	5.06120e-04	1.268e-01	3.142e-02
chr3_41165257_A_C_b38	3	4.81206e-04	1.266e-01	3.148e-02
chr3_41165507_C_T_b38	3	4.11289e-04	1.253e-01	3.151e-02
chr3_41168472_C_T_b38	3	4.11289e-04	1.253e-01	3.151e-02
chr3_41146216_A_G_b38	3	3.67209e-04	-1.159e-01	3.097e-02
chr3_41171262_T_C_b38	3	3.57847e-04	1.158e-01	3.161e-02
chr3_41171294_G_GT_b38	3	3.57847e-04	1.158e-01	3.161e-02
chr3_41149531_G_A_b38	3	3.42420e-04	1.169e-01	3.162e-02
chr3_41160211_T_A_b38	3	2.82873e-04	-1.203e-01	3.111e-02
chr3_41158126_G_C_b38	3	2.82873e-04	-1.203e-01	3.111e-02
chr3_41146509_A_C_b38	3	2.48692e-04	-1.164e-01	3.082e-02
chr3_41160635_A_G_b38	3	2.42514e-04	-1.190e-01	3.113e-02
chr3_41149651_C_T_b38	3	2.36471e-04	1.158e-01	3.076e-02
chr3_41148126_A_C_b38	3	1.48628e-04	-1.120e-01	3.080e-02
chr3_41156559_T_C_b38	3	8.47539e-05	-1.111e-01	3.172e-02
chr3_41163336_T_C_b38	3	8.46920e-05	-1.103e-01	3.148e-02
chr3_41163483_T_C_b38	3	5.89834e-05	-1.067e-01	3.150e-02
chr3_41153610_CA_C_b38	3	4.63651e-05	-1.026e-01	3.127e-02
chr3_41153447_C_T_b38	3	3.76190e-05	-9.963e-02	3.107e-02
chr3_41152801_G_A_b38	3	3.76190e-05	-9.963e-02	3.107e-02
chr3_41144914_T_G_b38	3	3.76052e-05	-9.471e-02	3.098e-02
chr3_41152792_A_G_b38	3	3.54057e-05	-9.895e-02	3.106e-02
