chr3_154121585_A_C_b38	1	7.97766e-02	-2.529e-01	6.418e-02
chr3_154023500_A_T_b38	1	6.12036e-02	3.286e-01	4.952e-02
chr3_154021365_A_T_b38	1	6.12036e-02	3.286e-01	4.952e-02
chr3_154023155_A_G_b38	1	6.12036e-02	3.286e-01	4.952e-02
chr3_154026444_C_T_b38	1	6.10790e-02	3.288e-01	4.927e-02
chr3_154025993_G_C_b38	1	6.10790e-02	3.288e-01	4.927e-02
chr3_154026137_C_T_b38	1	6.10790e-02	3.288e-01	4.927e-02
chr3_154028755_T_C_b38	1	6.10790e-02	3.288e-01	4.927e-02
chr3_154024624_C_T_b38	1	6.10790e-02	3.288e-01	4.927e-02
chr3_154073867_G_A_b38	1	6.02699e-02	-3.143e-01	5.217e-02
chr3_154120614_T_A_b38	1	3.84465e-02	-2.566e-01	6.075e-02
chr3_154142863_C_T_b38	1	3.80679e-02	-2.944e-01	5.164e-02
chr3_154101187_TA_T_b38	1	1.39177e-02	-2.901e-01	5.059e-02
chr3_154120967_GACC_G_b38	1	9.03362e-03	-2.439e-01	6.212e-02
chr3_154018103_T_C_b38	1	8.41865e-03	3.357e-01	4.545e-02
chr3_154020547_A_C_b38	1	8.41865e-03	3.357e-01	4.545e-02
chr3_154014300_G_A_b38	1	8.41865e-03	3.357e-01	4.545e-02
chr3_154017830_C_A_b38	1	8.41865e-03	3.357e-01	4.545e-02
chr3_154018679_G_A_b38	1	8.41865e-03	3.357e-01	4.545e-02
chr3_154014609_A_G_b38	1	8.41865e-03	3.357e-01	4.545e-02
chr3_154014443_T_C_b38	1	8.41865e-03	3.357e-01	4.545e-02
chr3_154017843_C_G_b38	1	8.41865e-03	3.357e-01	4.545e-02
chr3_154018754_G_A_b38	1	8.41865e-03	3.357e-01	4.545e-02
chr3_154014233_G_A_b38	1	8.41865e-03	3.357e-01	4.545e-02
chr3_154014328_A_G_b38	1	8.41865e-03	3.357e-01	4.545e-02
chr3_154018301_CA_C_b38	1	8.41865e-03	3.357e-01	4.545e-02
chr3_154020640_G_A_b38	1	8.41865e-03	3.357e-01	4.545e-02
chr3_154020083_C_G_b38	1	8.41865e-03	3.357e-01	4.545e-02
chr3_154018684_G_T_b38	1	8.41865e-03	3.357e-01	4.545e-02
chr3_154014226_T_C_b38	1	8.41865e-03	3.357e-01	4.545e-02
chr3_154015486_G_A_b38	1	8.41865e-03	3.357e-01	4.545e-02
chr3_154016529_A_G_b38	1	8.41865e-03	3.357e-01	4.545e-02
chr3_154019333_T_C_b38	1	8.41865e-03	3.357e-01	4.545e-02
chr3_154021004_C_T_b38	1	8.41865e-03	3.357e-01	4.545e-02
chr3_154018795_C_A_b38	1	8.41865e-03	3.357e-01	4.545e-02
chr3_154019696_T_TG_b38	1	8.41865e-03	3.357e-01	4.545e-02
chr3_154018923_C_CA_b38	1	8.41865e-03	3.357e-01	4.545e-02
chr3_154129793_T_A_b38	1	4.83076e-03	-2.703e-01	4.926e-02
chr3_154128911_T_C_b38	1	4.83076e-03	-2.703e-01	4.926e-02
chr3_154165637_C_A_b38	1	4.21492e-03	-3.099e-01	5.250e-02
chr3_154075524_G_A_b38	1	3.22123e-03	-2.993e-01	5.218e-02
chr3_154075883_C_T_b38	1	3.22123e-03	-2.993e-01	5.218e-02
chr3_154078871_G_A_b38	1	3.22123e-03	-2.993e-01	5.218e-02
chr3_154090857_TC_T_b38	1	3.22123e-03	-2.993e-01	5.218e-02
chr3_154084498_C_T_b38	1	3.22123e-03	-2.993e-01	5.218e-02
chr3_154091042_C_T_b38	1	3.22123e-03	-2.993e-01	5.218e-02
chr3_154077360_T_C_b38	1	3.22123e-03	-2.993e-01	5.218e-02
chr3_154096086_T_A_b38	1	3.22123e-03	-2.993e-01	5.218e-02
chr3_154125878_T_G_b38	1	3.01691e-03	-2.576e-01	4.701e-02
chr3_154154573_TATAG_T_b38	1	2.90433e-03	-2.806e-01	4.885e-02
chr3_154114827_G_T_b38	1	2.49532e-03	-2.696e-01	5.017e-02
chr3_154166728_T_A_b38	1	2.20771e-03	-2.802e-01	4.955e-02
chr3_154101173_C_T_b38	1	1.94428e-03	-2.883e-01	5.307e-02
chr3_154155749_CAAAAG_C_b38	1	1.80827e-03	-2.778e-01	4.926e-02
chr3_154162935_C_T_b38	1	1.80827e-03	-2.778e-01	4.926e-02
chr3_154152722_G_A_b38	1	1.80827e-03	-2.778e-01	4.926e-02
chr3_154150377_A_G_b38	1	1.80827e-03	-2.778e-01	4.926e-02
chr3_154155599_G_A_b38	1	1.80827e-03	-2.778e-01	4.926e-02
chr3_154083743_T_C_b38	1	7.05878e-04	-3.396e-01	4.312e-02
chr3_154088199_T_C_b38	1	7.05878e-04	-3.396e-01	4.312e-02
chr3_154069449_T_C_b38	1	3.59507e-04	-3.365e-01	4.224e-02
chr3_154067819_T_C_b38	1	3.59507e-04	3.365e-01	4.224e-02
chr3_154065316_A_G_b38	1	3.59507e-04	3.365e-01	4.224e-02
chr3_154069637_C_T_b38	1	3.59507e-04	-3.365e-01	4.224e-02
chr3_154104117_T_C_b38	1	3.14292e-04	-3.225e-01	4.257e-02
chr3_154104367_T_C_b38	1	3.14292e-04	-3.225e-01	4.257e-02
chr3_154093610_T_C_b38	1	2.98799e-04	-3.320e-01	4.299e-02
chr3_154085034_C_T_b38	1	2.98799e-04	-3.320e-01	4.299e-02
chr3_154088225_A_T_b38	1	2.98799e-04	-3.320e-01	4.299e-02
chr3_154087310_C_T_b38	1	2.98799e-04	-3.320e-01	4.299e-02
chr3_154091527_G_A_b38	1	2.98799e-04	-3.320e-01	4.299e-02
chr3_154082516_G_A_b38	1	2.98799e-04	-3.320e-01	4.299e-02
chr3_154089098_G_C_b38	1	2.98799e-04	-3.320e-01	4.299e-02
chr3_154083552_T_G_b38	1	2.98799e-04	-3.320e-01	4.299e-02
chr3_154083611_A_G_b38	1	2.98799e-04	-3.320e-01	4.299e-02
chr3_154083939_A_C_b38	1	2.98799e-04	-3.320e-01	4.299e-02
chr3_154088186_A_G_b38	1	2.98799e-04	-3.320e-01	4.299e-02
chr3_154085509_G_C_b38	1	2.98799e-04	-3.320e-01	4.299e-02
chr3_154086582_A_T_b38	1	2.98799e-04	-3.320e-01	4.299e-02
chr3_154089850_A_G_b38	1	2.98799e-04	-3.320e-01	4.299e-02
chr3_154093860_T_C_b38	1	2.98799e-04	-3.320e-01	4.299e-02
chr3_154090945_A_T_b38	1	2.98799e-04	-3.320e-01	4.299e-02
chr3_154082649_T_C_b38	1	2.98799e-04	-3.320e-01	4.299e-02
chr3_154082540_C_T_b38	1	2.98799e-04	-3.320e-01	4.299e-02
chr3_154087186_C_T_b38	1	2.98799e-04	-3.320e-01	4.299e-02
chr3_154092445_A_G_b38	1	2.98799e-04	-3.320e-01	4.299e-02
chr3_154086332_TTA_T_b38	1	2.98799e-04	-3.320e-01	4.299e-02
chr3_154116605_A_C_b38	2	3.12455e-01	-1.592e-01	4.082e-02
chr3_154023085_C_G_b38	2	4.35166e-02	1.894e-01	4.380e-02
chr3_154023891_C_T_b38	2	4.35166e-02	1.894e-01	4.380e-02
chr3_154023225_T_G_b38	2	4.35166e-02	1.894e-01	4.380e-02
chr3_154023839_C_T_b38	2	4.35166e-02	1.894e-01	4.380e-02
chr3_154007833_A_G_b38	2	2.02776e-02	1.800e-01	3.858e-02
chr3_154006667_CA_C_b38	2	1.56715e-02	1.896e-01	4.234e-02
chr3_154046571_T_C_b38	2	9.44567e-03	1.709e-01	4.425e-02
chr3_154030970_A_G_b38	2	5.92863e-03	1.643e-01	4.404e-02
chr3_154037234_A_G_b38	2	5.92863e-03	1.643e-01	4.404e-02
chr3_154046324_C_G_b38	2	5.39495e-03	1.586e-01	4.275e-02
chr3_154044311_G_A_b38	2	5.39495e-03	1.586e-01	4.275e-02
chr3_154028265_G_GA_b38	2	4.93582e-03	1.626e-01	4.419e-02
chr3_154121456_C_T_b38	3	6.16285e-02	2.631e-01	1.108e-01
chr3_154132908_C_T_b38	3	4.96833e-12	0.000e+00	0.000e+00
chr3_154121676_G_T_b38	4	5.15105e-03	-2.006e-01	7.597e-02
chr3_154120579_A_C_b38	4	2.16365e-03	-1.965e-01	7.609e-02
chr3_154120764_C_T_b38	4	2.16365e-03	-1.965e-01	7.609e-02
chr3_154122077_G_C_b38	4	1.17239e-03	-2.060e-01	7.391e-02
chr3_154122171_T_C_b38	4	1.17239e-03	-2.060e-01	7.391e-02
chr3_154119457_C_T_b38	4	3.09365e-04	-2.134e-01	6.995e-02
chr3_154119738_A_G_b38	4	3.09365e-04	-2.134e-01	6.995e-02
chr3_154119617_C_G_b38	4	3.09365e-04	-2.134e-01	6.995e-02
chr3_154118044_C_T_b38	4	2.87694e-07	0.000e+00	0.000e+00
chr3_154118510_T_C_b38	4	2.87694e-07	0.000e+00	0.000e+00
chr3_154118030_C_T_b38	4	2.87694e-07	0.000e+00	0.000e+00
chr3_154118183_G_A_b38	4	2.87694e-07	0.000e+00	0.000e+00
chr3_154116073_A_T_b38	4	2.06599e-07	0.000e+00	0.000e+00
chr3_154130241_T_C_b38	4	2.02169e-07	0.000e+00	0.000e+00
chr3_154127529_G_GTCA_b38	4	2.02169e-07	0.000e+00	0.000e+00
chr3_154124902_A_G_b38	4	1.53078e-07	0.000e+00	0.000e+00
chr3_154140113_T_TC_b38	4	1.09182e-07	0.000e+00	0.000e+00
chr3_154134653_T_C_b38	4	1.09182e-07	0.000e+00	0.000e+00
chr3_154144968_C_T_b38	4	1.09182e-07	0.000e+00	0.000e+00
chr3_154138986_T_G_b38	4	1.09182e-07	0.000e+00	0.000e+00
chr3_154132077_A_C_b38	4	1.09182e-07	0.000e+00	0.000e+00
chr3_154145716_A_G_b38	4	1.09182e-07	0.000e+00	0.000e+00
chr3_154133746_C_G_b38	4	1.09182e-07	0.000e+00	0.000e+00
chr3_154111316_A_G_b38	4	9.00730e-08	0.000e+00	0.000e+00
chr3_154103387_T_A_b38	4	9.00730e-08	0.000e+00	0.000e+00
chr3_154108814_C_A_b38	4	9.00730e-08	0.000e+00	0.000e+00
chr3_154109511_T_A_b38	4	9.00730e-08	0.000e+00	0.000e+00
chr3_154108681_C_T_b38	4	9.00730e-08	0.000e+00	0.000e+00
chr3_154109468_C_G_b38	4	9.00730e-08	0.000e+00	0.000e+00
chr3_154101246_C_G_b38	4	9.00730e-08	0.000e+00	0.000e+00
chr3_154106357_C_T_b38	4	9.00730e-08	0.000e+00	0.000e+00
chr3_154107011_G_A_b38	4	9.00730e-08	0.000e+00	0.000e+00
chr3_154099187_A_T_b38	4	4.86941e-08	0.000e+00	0.000e+00
chr3_154152618_G_A_b38	4	3.25012e-08	0.000e+00	0.000e+00
chr3_154155854_T_G_b38	4	3.25012e-08	0.000e+00	0.000e+00
chr3_154159037_A_G_b38	4	3.25012e-08	0.000e+00	0.000e+00
chr3_154165076_G_A_b38	4	3.25012e-08	0.000e+00	0.000e+00
chr3_154165555_C_T_b38	4	3.25012e-08	0.000e+00	0.000e+00
chr3_154159140_G_T_b38	4	3.25012e-08	0.000e+00	0.000e+00
chr3_154156350_C_A_b38	4	3.25012e-08	0.000e+00	0.000e+00
chr3_154153208_T_G_b38	4	3.25012e-08	0.000e+00	0.000e+00
chr3_154153776_C_T_b38	4	3.25012e-08	0.000e+00	0.000e+00
chr3_154153094_A_G_b38	4	3.25012e-08	0.000e+00	0.000e+00
chr3_154156777_G_A_b38	4	3.25012e-08	0.000e+00	0.000e+00
chr3_154161312_C_CAAATATAAAAAGCCTT_b38	4	3.25012e-08	0.000e+00	0.000e+00
chr3_154157286_A_G_b38	4	3.25012e-08	0.000e+00	0.000e+00
chr3_154164456_T_TTATC_b38	4	3.25012e-08	0.000e+00	0.000e+00
chr3_154161678_G_A_b38	4	3.25012e-08	0.000e+00	0.000e+00
chr3_154164047_G_A_b38	4	3.25012e-08	0.000e+00	0.000e+00
chr3_154153483_T_A_b38	4	3.25012e-08	0.000e+00	0.000e+00
chr3_154153603_G_T_b38	4	3.25012e-08	0.000e+00	0.000e+00
chr3_154146084_A_G_b38	4	1.09423e-08	0.000e+00	0.000e+00
chr3_154072261_C_G_b38	4	6.50378e-09	0.000e+00	0.000e+00
