chr5_181188933_T_C_b38	1	5.40617e-01	5.997e-01	9.077e-02
chr5_181199505_A_G_b38	1	1.16532e-01	5.602e-01	9.223e-02
chr5_181199927_A_G_b38	1	1.16532e-01	5.602e-01	9.223e-02
chr5_181210221_T_G_b38	1	5.69632e-02	5.643e-01	9.039e-02
chr5_181205629_G_C_b38	1	4.59208e-02	5.982e-01	9.781e-02
chr5_181193631_T_C_b38	1	4.39212e-02	6.067e-01	9.730e-02
chr5_181199686_T_C_b38	1	3.32393e-02	5.930e-01	9.803e-02
chr5_181192673_G_C_b38	1	2.34968e-02	6.089e-01	9.665e-02
chr5_181207160_A_G_b38	1	8.77527e-03	5.851e-01	9.716e-02
chr5_181207747_C_T_b38	1	8.77527e-03	5.851e-01	9.716e-02
chr5_181206646_A_C_b38	2	1.17157e-01	5.576e-01	1.602e-01
chr5_181206699_T_C_b38	2	1.17157e-01	5.576e-01	1.602e-01
chr5_181198494_G_C_b38	2	9.69791e-02	4.468e-01	1.984e-01
chr5_181200936_T_C_b38	2	7.78162e-03	4.423e-01	1.930e-01
chr5_181188938_G_A_b38	2	7.54647e-03	4.711e-01	1.910e-01
chr5_181202753_CA_C_b38	2	1.56636e-03	2.746e-01	1.572e-01
chr5_181204544_CA_C_b38	2	1.48319e-03	3.034e-01	1.634e-01
chr5_181196320_T_C_b38	2	1.41310e-03	2.480e-01	1.897e-01
chr5_181200917_C_T_b38	2	9.73544e-04	2.480e-01	1.897e-01
chr5_181190265_T_G_b38	2	8.75131e-04	3.260e-01	2.066e-01
chr5_181206680_C_G_b38	2	7.36159e-04	2.480e-01	1.897e-01
chr5_181206854_T_G_b38	2	7.36159e-04	2.480e-01	1.897e-01
chr5_181197917_G_A_b38	3	2.84955e-02	-7.350e-01	3.314e-01
chr5_181191831_C_T_b38	3	1.08543e-02	-8.452e-01	2.465e-01
chr5_181191286_C_A_b38	3	8.32871e-03	-8.194e-01	2.335e-01
chr5_181180153_C_T_b38	3	2.55665e-03	-7.156e-01	2.329e-01
chr5_181180163_C_T_b38	3	2.55665e-03	-7.156e-01	2.329e-01
chr5_181192093_T_A_b38	3	2.25000e-03	-7.619e-01	2.123e-01
chr5_181206858_G_C_b38	3	1.87825e-03	-7.688e-01	3.191e-01
chr5_181206862_G_C_b38	3	1.87825e-03	-7.688e-01	3.191e-01
chr5_181191682_G_A_b38	3	1.54756e-03	-7.688e-01	3.191e-01
chr5_181180154_A_G_b38	3	1.35115e-03	-7.090e-01	1.948e-01
chr5_181172287_G_A_b38	3	7.27005e-04	-7.746e-01	2.007e-01
chr5_181199654_T_C_b38	3	4.89822e-04	-2.483e-01	2.957e-01
chr5_181199643_G_A_b38	3	4.89822e-04	-2.483e-01	2.957e-01
chr5_181184488_T_C_b38	3	2.56107e-04	-6.733e-01	2.110e-01
chr5_181183782_G_A_b38	3	2.03649e-04	-6.307e-01	2.046e-01
chr5_181197135_G_A_b38	3	1.44713e-04	-5.120e-01	2.431e-01
chr5_181177874_A_G_b38	3	1.40498e-04	-5.884e-01	2.019e-01
chr5_181181363_T_A_b38	3	1.40498e-04	-5.884e-01	2.019e-01
chr5_181181208_C_T_b38	3	1.40498e-04	-5.884e-01	2.019e-01
chr5_181178934_A_G_b38	3	1.40498e-04	-5.884e-01	2.019e-01
chr5_181182313_A_G_b38	3	1.40498e-04	-5.884e-01	2.019e-01
chr5_181180658_C_G_b38	3	1.40498e-04	-5.884e-01	2.019e-01
chr5_181178987_T_C_b38	3	1.40498e-04	-5.884e-01	2.019e-01
chr5_181180726_C_T_b38	3	1.40498e-04	-5.884e-01	2.019e-01
chr5_181180552_C_T_b38	3	1.40498e-04	-5.884e-01	2.019e-01
chr5_181178901_A_G_b38	3	1.40498e-04	-5.884e-01	2.019e-01
chr5_181181029_G_A_b38	3	1.40498e-04	-5.884e-01	2.019e-01
chr5_181181372_G_T_b38	3	1.40498e-04	-5.884e-01	2.019e-01
chr5_181181300_G_A_b38	3	1.40498e-04	-5.884e-01	2.019e-01
chr5_181202843_C_T_b38	3	2.23290e-10	0.000e+00	0.000e+00
chr5_181201173_T_C_b38	3	2.23290e-10	0.000e+00	0.000e+00
chr5_181203667_G_A_b38	3	1.68844e-10	0.000e+00	0.000e+00
chr5_181180304_C_G_b38	3	7.79119e-11	0.000e+00	0.000e+00
chr5_181180407_C_G_b38	3	6.87513e-11	0.000e+00	0.000e+00
chr5_181180370_C_T_b38	3	6.37322e-11	0.000e+00	0.000e+00
chr5_181198487_C_A_b38	4	1.02639e-03	-1.377e-01	2.826e-01
chr5_181199030_G_A_b38	4	2.87618e-04	-1.937e-01	2.351e-01
chr5_181209450_G_A_b38	4	1.35103e-04	4.992e-01	1.487e-01
chr5_181205454_C_T_b38	4	3.37050e-05	-2.328e-01	1.880e-01
chr5_181204433_G_A_b38	4	3.37050e-05	-2.328e-01	1.880e-01
chr5_181188956_T_C_b38	4	2.27854e-05	-2.328e-01	1.880e-01
chr5_181209955_G_GT_b38	4	2.15364e-05	-2.928e-01	1.665e-01
chr5_181207501_A_G_b38	4	1.90912e-05	-1.567e-01	1.842e-01
chr5_181212067_C_T_b38	4	1.45782e-05	0.000e+00	0.000e+00
chr5_181212322_C_T_b38	4	1.41345e-05	0.000e+00	0.000e+00
chr5_181214577_G_A_b38	4	7.20007e-06	0.000e+00	0.000e+00
chr5_181211203_A_T_b38	4	6.30438e-06	0.000e+00	0.000e+00
chr5_181211275_G_T_b38	4	6.30438e-06	0.000e+00	0.000e+00
chr5_181209698_TCAA_T_b38	4	6.19702e-06	0.000e+00	0.000e+00
chr5_181209678_A_C_b38	4	6.19702e-06	0.000e+00	0.000e+00
chr5_181210354_C_T_b38	4	6.19702e-06	0.000e+00	0.000e+00
chr5_181210325_C_T_b38	4	6.19702e-06	0.000e+00	0.000e+00
chr5_181211281_G_A_b38	4	6.19702e-06	0.000e+00	0.000e+00
chr5_181209662_T_C_b38	4	6.19702e-06	0.000e+00	0.000e+00
