chr10_3140852_T_TA_b38	1	5.54011e-01	-9.774e-01	6.394e-02
chr10_3151220_C_T_b38	1	4.45885e-01	-9.899e-01	6.479e-02
chr10_3148307_A_T_b38	2	9.99896e-01	3.728e-01	5.171e-02
chr10_3172919_G_C_b38	3	8.39117e-01	1.206e-01	2.852e-02
chr10_3148073_A_G_b38	3	3.63188e-02	1.187e-01	2.722e-02
chr10_3154197_G_A_b38	3	2.19939e-02	1.162e-01	2.749e-02
chr10_3152981_G_C_b38	3	1.73985e-02	1.136e-01	2.732e-02
chr10_3148106_C_T_b38	3	1.70608e-02	1.131e-01	2.725e-02
chr10_3156299_A_G_b38	3	8.51367e-03	1.120e-01	2.743e-02
chr10_3172750_T_C_b38	4	2.40873e-02	-9.591e-02	5.156e-02
chr10_3146480_C_T_b38	4	1.89231e-03	-1.503e-01	5.413e-02
chr10_3158567_C_T_b38	4	1.74365e-03	-1.237e-01	5.328e-02
chr10_3159978_C_CG_b38	4	1.57775e-03	-1.200e-01	5.273e-02
chr10_3165601_T_G_b38	4	1.15437e-03	-8.001e-02	4.556e-02
chr10_3128629_T_TCCCTGGCGCCTCCTC_b38	4	8.61091e-04	-1.264e-01	5.243e-02
chr10_3138934_C_T_b38	4	7.82185e-04	-1.244e-01	5.227e-02
chr10_3135296_A_G_b38	4	6.25321e-04	-1.167e-01	5.189e-02
chr10_3172547_G_A_b38	5	5.85685e-04	-8.199e-02	4.200e-02
chr10_3173454_G_T_b38	5	6.90682e-05	-2.076e-02	4.981e-02
chr10_3169016_G_C_b38	5	2.21857e-05	0.000e+00	0.000e+00
chr10_3168003_C_T_b38	5	2.21857e-05	0.000e+00	0.000e+00
chr10_3181424_T_C_b38	5	1.50278e-05	0.000e+00	0.000e+00
chr10_3163426_C_T_b38	5	1.41177e-05	0.000e+00	0.000e+00
chr10_3178213_G_T_b38	5	1.10894e-05	0.000e+00	0.000e+00
chr10_3167558_G_A_b38	5	9.45836e-06	0.000e+00	0.000e+00
chr10_3148507_G_A_b38	5	5.46786e-06	0.000e+00	0.000e+00
chr10_3160796_G_A_b38	5	5.24014e-06	0.000e+00	0.000e+00
chr10_3162007_C_CA_b38	5	5.09281e-06	0.000e+00	0.000e+00
chr10_3158499_G_A_b38	5	4.94282e-06	0.000e+00	0.000e+00
chr10_3155066_T_C_b38	5	4.62316e-06	0.000e+00	0.000e+00
chr10_3155400_G_A_b38	5	4.62316e-06	0.000e+00	0.000e+00
chr10_3148661_T_G_b38	5	4.58456e-06	0.000e+00	0.000e+00
chr10_3162743_G_T_b38	5	4.49937e-06	0.000e+00	0.000e+00
chr10_3150251_C_CA_b38	5	4.42480e-06	0.000e+00	0.000e+00
chr10_3148605_T_C_b38	5	4.27149e-06	0.000e+00	0.000e+00
