chr17_81977760_C_G_b38	1	4.36895e-01	-1.655e-01	3.705e-02
chr17_81978065_G_A_b38	1	1.67864e-01	-1.619e-01	3.679e-02
chr17_81973170_A_G_b38	1	4.70187e-02	-1.559e-01	3.699e-02
chr17_81976318_C_A_b38	1	4.56301e-02	1.403e-01	4.431e-02
chr17_81965178_C_G_b38	1	1.44479e-02	-1.562e-01	3.639e-02
chr17_81964030_C_CCT_b38	1	1.44479e-02	-1.562e-01	3.639e-02
chr17_81965674_T_C_b38	1	1.39504e-02	-1.559e-01	3.641e-02
chr17_81962050_T_C_b38	1	1.02860e-02	-1.535e-01	3.669e-02
chr17_81970757_A_G_b38	1	8.62971e-03	-1.279e-01	3.360e-02
chr17_81987207_G_A_b38	1	7.43624e-03	-1.578e-01	3.958e-02
chr17_81963898_T_C_b38	1	4.31803e-03	-1.495e-01	3.729e-02
chr17_81976663_A_G_b38	2	1.33304e-01	-2.619e-01	9.083e-02
chr17_81975860_T_G_b38	2	6.60062e-02	-2.619e-01	9.083e-02
chr17_81975573_G_A_b38	2	2.42787e-02	-2.620e-01	9.085e-02
chr17_81978102_G_A_b38	2	2.14148e-02	-2.620e-01	9.085e-02
chr17_81972550_C_A_b38	2	1.34754e-02	-2.620e-01	9.085e-02
chr17_81971370_G_A_b38	2	9.02031e-03	-2.623e-01	9.090e-02
chr17_81971791_C_T_b38	2	9.02031e-03	-2.623e-01	9.090e-02
chr17_81982498_G_A_b38	2	8.82690e-03	-2.623e-01	9.090e-02
chr17_81998950_G_A_b38	2	7.31649e-03	-2.598e-01	8.478e-02
chr17_82000691_C_T_b38	2	5.45302e-03	-2.422e-01	8.156e-02
chr17_82001176_G_A_b38	2	5.45302e-03	-2.422e-01	8.156e-02
chr17_81987217_C_T_b38	2	4.26719e-03	-2.597e-01	9.050e-02
chr17_81988665_A_G_b38	2	4.26719e-03	-2.597e-01	9.050e-02
chr17_81965325_T_C_b38	2	3.52035e-03	-2.597e-01	9.050e-02
chr17_81986377_C_T_b38	2	1.73130e-03	-1.655e-01	7.487e-02
chr17_81993338_C_T_b38	2	1.68482e-03	-2.444e-01	9.481e-02
chr17_81993404_G_C_b38	2	1.68482e-03	-2.444e-01	9.481e-02
chr17_81979665_G_C_b38	2	1.67995e-03	-1.345e-01	6.323e-02
chr17_81985393_C_A_b38	2	1.49276e-03	-1.600e-01	7.578e-02
chr17_81991703_G_T_b38	2	1.21726e-03	-2.186e-01	9.176e-02
chr17_81963656_C_T_b38	3	2.17825e-01	-1.808e-01	3.594e-02
