chr2_202337443_A_G_b38	1	9.38397e-02	5.529e-01	1.073e-01
chr2_202336237_G_A_b38	1	8.92886e-02	5.529e-01	1.073e-01
chr2_202288403_G_T_b38	1	5.51113e-02	6.162e-01	1.092e-01
chr2_202334465_G_A_b38	1	5.12337e-02	5.528e-01	1.071e-01
chr2_202335101_A_G_b38	1	5.12337e-02	5.528e-01	1.071e-01
chr2_202316793_C_T_b38	1	3.74776e-02	6.001e-01	1.118e-01
chr2_202343622_G_A_b38	1	3.47573e-02	5.792e-01	1.096e-01
chr2_202329547_G_T_b38	1	3.18856e-02	5.629e-01	1.072e-01
chr2_202334496_C_T_b38	1	3.06973e-02	5.455e-01	1.075e-01
chr2_202332878_G_A_b38	1	2.53157e-02	5.527e-01	1.070e-01
chr2_202333895_T_C_b38	1	2.53157e-02	5.527e-01	1.070e-01
chr2_202334195_C_A_b38	1	2.53157e-02	5.527e-01	1.070e-01
chr2_202288044_G_C_b38	1	2.30992e-02	5.928e-01	1.072e-01
chr2_202318044_C_T_b38	1	1.87390e-02	5.924e-01	1.118e-01
chr2_202315145_A_G_b38	1	1.86989e-02	5.638e-01	1.069e-01
chr2_202329998_A_T_b38	1	1.83419e-02	5.528e-01	1.069e-01
chr2_202330448_G_A_b38	1	1.83419e-02	5.528e-01	1.069e-01
chr2_202331724_T_C_b38	1	1.83419e-02	5.528e-01	1.069e-01
chr2_202343970_A_G_b38	1	1.74618e-02	5.712e-01	1.102e-01
chr2_202331112_C_T_b38	1	1.64996e-02	5.554e-01	1.082e-01
chr2_202316233_G_A_b38	1	1.63867e-02	5.764e-01	1.100e-01
chr2_202315958_C_G_b38	1	1.63867e-02	5.764e-01	1.100e-01
chr2_202318042_C_T_b38	1	1.63867e-02	5.764e-01	1.100e-01
chr2_202317317_G_A_b38	1	1.63867e-02	5.764e-01	1.100e-01
chr2_202294224_C_A_b38	1	1.57572e-02	5.860e-01	1.079e-01
chr2_202301641_T_C_b38	1	1.57572e-02	5.860e-01	1.079e-01
chr2_202348338_T_C_b38	1	9.22024e-03	5.703e-01	1.100e-01
chr2_202350016_A_G_b38	1	9.22024e-03	5.703e-01	1.100e-01
chr2_202358243_G_A_b38	1	8.79509e-03	5.718e-01	1.100e-01
chr2_202309597_A_G_b38	1	8.15100e-03	5.777e-01	1.083e-01
chr2_202291213_A_C_b38	1	7.83841e-03	5.790e-01	1.083e-01
chr2_202287356_A_G_b38	1	6.94202e-03	5.644e-01	1.067e-01
chr2_202291561_C_G_b38	1	6.94202e-03	5.644e-01	1.067e-01
chr2_202291596_A_G_b38	1	6.94202e-03	5.644e-01	1.067e-01
chr2_202287993_A_T_b38	1	6.94202e-03	5.644e-01	1.067e-01
chr2_202309888_G_A_b38	1	6.94202e-03	5.644e-01	1.067e-01
chr2_202289528_C_T_b38	1	6.94202e-03	5.644e-01	1.067e-01
chr2_202307690_A_C_b38	1	6.94202e-03	5.644e-01	1.067e-01
chr2_202308774_C_T_b38	1	6.94202e-03	5.644e-01	1.067e-01
chr2_202290230_G_A_b38	1	6.94202e-03	5.644e-01	1.067e-01
chr2_202310686_T_A_b38	1	6.94202e-03	5.644e-01	1.067e-01
chr2_202298068_A_AAATGTGCACATTGAGG_b38	1	6.94202e-03	5.644e-01	1.067e-01
chr2_202292261_G_T_b38	1	6.94202e-03	5.644e-01	1.067e-01
chr2_202303512_C_G_b38	1	6.94202e-03	5.644e-01	1.067e-01
chr2_202296298_C_T_b38	1	6.94202e-03	5.644e-01	1.067e-01
chr2_202299650_CAT_C_b38	1	6.60013e-03	5.651e-01	1.066e-01
chr2_202282060_G_A_b38	1	6.50877e-03	5.934e-01	1.071e-01
chr2_202350409_G_A_b38	1	3.67001e-03	5.378e-01	1.072e-01
chr2_202275121_T_C_b38	1	3.36045e-03	5.839e-01	1.063e-01
chr2_202275691_CAG_C_b38	1	2.98435e-03	5.692e-01	1.046e-01
chr2_202273922_A_G_b38	1	2.98435e-03	5.692e-01	1.046e-01
chr2_202274567_A_G_b38	1	2.98435e-03	5.692e-01	1.046e-01
chr2_202275548_C_T_b38	1	2.98435e-03	5.692e-01	1.046e-01
chr2_202348370_T_C_b38	1	2.76408e-03	5.316e-01	1.076e-01
chr2_202264235_A_G_b38	1	2.03133e-03	5.614e-01	1.049e-01
chr2_202283787_C_T_b38	1	1.93633e-03	5.634e-01	1.065e-01
chr2_202285639_T_C_b38	1	1.93633e-03	5.634e-01	1.065e-01
chr2_202281997_T_C_b38	1	1.93633e-03	5.634e-01	1.065e-01
chr2_202351699_C_T_b38	1	1.16113e-03	4.969e-01	1.027e-01
chr2_202359438_C_A_b38	1	1.11609e-03	5.119e-01	1.058e-01
chr2_202246543_T_C_b38	1	9.98113e-04	5.454e-01	1.025e-01
chr2_202250610_G_C_b38	1	8.97783e-04	5.482e-01	1.027e-01
chr2_202259281_A_G_b38	1	8.65015e-04	5.330e-01	1.009e-01
chr2_202258055_G_C_b38	1	8.65015e-04	5.330e-01	1.009e-01
chr2_202339142_G_A_b38	2	2.79619e-02	1.905e-01	6.623e-02
chr2_202340588_G_T_b38	2	1.77723e-02	1.932e-01	6.545e-02
chr2_202340445_G_A_b38	2	1.77723e-02	1.932e-01	6.545e-02
chr2_202339844_G_A_b38	2	1.69721e-02	1.929e-01	6.577e-02
chr2_202353808_T_A_b38	2	1.34078e-02	2.112e-01	6.540e-02
chr2_202354661_C_G_b38	2	1.34078e-02	2.112e-01	6.540e-02
chr2_202354102_A_C_b38	2	1.34078e-02	2.112e-01	6.540e-02
chr2_202358572_A_G_b38	2	1.06196e-02	2.508e-01	8.188e-02
chr2_202356745_A_G_b38	2	6.48176e-03	1.922e-01	6.465e-02
chr2_202349728_T_C_b38	2	2.02923e-03	1.484e-01	6.385e-02
chr2_202356851_A_G_b38	2	1.73083e-03	1.436e-01	6.301e-02
chr2_202346662_T_C_b38	2	1.65937e-03	1.235e-01	6.377e-02
chr2_202345306_G_A_b38	2	1.59695e-03	1.226e-01	6.405e-02
chr2_202347506_A_C_b38	2	5.73845e-04	1.233e-01	6.383e-02
chr2_202366019_A_G_b38	2	1.56469e-04	1.345e-01	6.254e-02
chr2_202361648_G_A_b38	2	5.10134e-05	9.094e-02	8.201e-02
chr2_202337491_GA_G_b38	3	7.68692e-04	-2.667e-01	1.952e-01
chr2_202373900_C_T_b38	3	7.43616e-04	5.204e-01	1.036e-01
chr2_202382786_C_A_b38	3	5.15766e-04	5.096e-01	1.032e-01
chr2_202382414_C_T_b38	3	5.15766e-04	5.096e-01	1.032e-01
chr2_202376031_T_TGCCCACCGCA_b38	3	5.15766e-04	5.096e-01	1.032e-01
chr2_202371316_G_A_b38	3	4.94960e-04	5.056e-01	1.026e-01
chr2_202370416_G_A_b38	3	4.69005e-04	4.977e-01	1.013e-01
chr2_202416790_G_A_b38	3	1.52362e-04	5.096e-01	1.032e-01
chr2_202427116_C_T_b38	3	1.52362e-04	5.096e-01	1.032e-01
chr2_202427621_T_C_b38	3	1.52362e-04	5.096e-01	1.032e-01
chr2_202413973_T_C_b38	3	1.52362e-04	5.096e-01	1.032e-01
chr2_202392451_AAAGT_A_b38	3	1.52362e-04	5.096e-01	1.032e-01
chr2_202398850_C_T_b38	3	1.52362e-04	5.096e-01	1.032e-01
chr2_202329339_G_A_b38	3	9.43421e-05	3.924e-01	9.790e-02
chr2_202381010_G_A_b38	3	2.71369e-05	3.865e-01	9.261e-02
chr2_202334165_G_C_b38	3	2.10837e-05	0.000e+00	0.000e+00
chr2_202319434_TG_T_b38	3	1.47577e-05	3.541e-01	9.593e-02
chr2_202327690_G_GAGAA_b38	3	7.81188e-06	0.000e+00	0.000e+00
chr2_202330369_G_T_b38	3	3.39502e-06	0.000e+00	0.000e+00
chr2_202327129_C_T_b38	3	3.39502e-06	0.000e+00	0.000e+00
chr2_202319041_T_C_b38	3	2.07311e-06	0.000e+00	0.000e+00
chr2_202300710_C_T_b38	3	9.46602e-07	0.000e+00	0.000e+00
chr2_202288169_G_A_b38	3	9.46602e-07	0.000e+00	0.000e+00
chr2_202287040_T_A_b38	3	9.46602e-07	0.000e+00	0.000e+00
chr2_202309905_A_G_b38	3	9.46602e-07	0.000e+00	0.000e+00
chr2_202299250_A_G_b38	3	8.15960e-07	0.000e+00	0.000e+00
chr2_202290195_A_C_b38	3	7.91874e-07	0.000e+00	0.000e+00
chr2_202299247_A_C_b38	3	3.95584e-07	0.000e+00	0.000e+00
