chr9_33677341_A_C_b38	1	9.95820e-02	1.091e+00	2.313e-01
chr9_33677004_C_G_b38	1	9.95820e-02	1.091e+00	2.313e-01
chr9_33677476_C_T_b38	1	9.95820e-02	1.091e+00	2.313e-01
chr9_33677351_GT_G_b38	1	9.95820e-02	1.091e+00	2.313e-01
chr9_33676829_G_T_b38	1	3.31253e-02	1.091e+00	2.313e-01
chr9_33676775_G_C_b38	1	3.31253e-02	1.091e+00	2.313e-01
chr9_33678307_G_A_b38	1	3.22330e-02	1.091e+00	2.313e-01
chr9_33677170_T_TC_b38	1	2.79030e-02	1.039e+00	2.390e-01
chr9_33677182_A_G_b38	1	2.79030e-02	1.039e+00	2.390e-01
chr9_33677151_G_C_b38	1	2.79030e-02	1.039e+00	2.390e-01
chr9_33677187_G_C_b38	1	2.65096e-02	1.038e+00	2.395e-01
chr9_33679602_ATG_A_b38	1	1.64810e-02	1.091e+00	2.313e-01
chr9_33679508_G_A_b38	1	1.64810e-02	1.091e+00	2.313e-01
chr9_33679778_G_A_b38	1	1.64810e-02	1.091e+00	2.313e-01
chr9_33679356_G_A_b38	1	1.64810e-02	1.091e+00	2.313e-01
chr9_33676175_C_T_b38	1	1.59236e-02	1.091e+00	2.313e-01
chr9_33674503_C_T_b38	1	1.02792e-02	1.091e+00	2.313e-01
chr9_33673798_C_A_b38	1	1.02792e-02	1.091e+00	2.313e-01
chr9_33673937_C_T_b38	1	1.02792e-02	1.091e+00	2.313e-01
chr9_33672538_C_A_b38	1	1.02792e-02	1.091e+00	2.313e-01
chr9_33673794_A_G_b38	1	1.02792e-02	1.091e+00	2.313e-01
chr9_33681450_A_C_b38	1	1.01348e-02	1.091e+00	2.313e-01
chr9_33682141_A_C_b38	1	1.01348e-02	1.091e+00	2.313e-01
chr9_33681811_G_A_b38	1	1.01348e-02	1.091e+00	2.313e-01
chr9_33680603_G_T_b38	1	1.01348e-02	1.091e+00	2.313e-01
chr9_33682137_C_CGT_b38	1	1.01348e-02	1.091e+00	2.313e-01
chr9_33680994_T_C_b38	1	1.01348e-02	1.091e+00	2.313e-01
chr9_33667566_C_T_b38	1	7.34514e-03	1.091e+00	2.313e-01
chr9_33667639_G_A_b38	1	7.34514e-03	1.091e+00	2.313e-01
chr9_33672393_T_C_b38	1	7.34514e-03	1.091e+00	2.313e-01
chr9_33669134_G_A_b38	1	7.34514e-03	1.091e+00	2.313e-01
chr9_33672344_T_A_b38	1	7.34514e-03	1.091e+00	2.313e-01
chr9_33669386_A_G_b38	1	7.34514e-03	1.091e+00	2.313e-01
chr9_33669651_A_G_b38	1	7.34514e-03	1.091e+00	2.313e-01
chr9_33687193_A_G_b38	1	7.00951e-03	1.091e+00	2.313e-01
chr9_33683742_T_C_b38	1	7.00951e-03	1.091e+00	2.313e-01
chr9_33686112_A_G_b38	1	7.00951e-03	1.091e+00	2.313e-01
chr9_33684949_T_C_b38	1	7.00951e-03	1.091e+00	2.313e-01
chr9_33685273_C_T_b38	1	7.00951e-03	1.091e+00	2.313e-01
chr9_33685837_C_T_b38	1	7.00951e-03	1.091e+00	2.313e-01
chr9_33683569_G_C_b38	1	7.00951e-03	1.091e+00	2.313e-01
chr9_33683800_C_G_b38	1	7.00951e-03	1.091e+00	2.313e-01
chr9_33685399_G_A_b38	1	7.00951e-03	1.091e+00	2.313e-01
chr9_33687890_C_T_b38	1	3.55424e-03	1.091e+00	2.313e-01
chr9_33688471_T_A_b38	1	3.55424e-03	1.091e+00	2.313e-01
chr9_33687631_C_T_b38	1	3.55424e-03	1.091e+00	2.313e-01
chr9_33691385_A_C_b38	1	3.55424e-03	1.091e+00	2.313e-01
chr9_33687513_C_G_b38	1	3.55424e-03	1.091e+00	2.313e-01
chr9_33677084_G_A_b38	1	2.98452e-03	9.331e-01	2.587e-01
chr9_33664734_C_G_b38	1	2.84607e-03	1.091e+00	2.313e-01
chr9_33663770_T_G_b38	1	2.84607e-03	1.091e+00	2.313e-01
chr9_33662595_G_A_b38	1	2.84607e-03	1.091e+00	2.313e-01
chr9_33662952_T_C_b38	1	2.84607e-03	1.091e+00	2.313e-01
chr9_33662916_C_G_b38	1	2.84607e-03	1.091e+00	2.313e-01
chr9_33666718_T_C_b38	1	2.84607e-03	1.091e+00	2.313e-01
chr9_33662559_G_C_b38	1	2.84607e-03	1.091e+00	2.313e-01
chr9_33663503_C_T_b38	1	2.84607e-03	1.091e+00	2.313e-01
chr9_33667282_G_A_b38	1	2.84607e-03	1.091e+00	2.313e-01
chr9_33662085_G_T_b38	1	2.84607e-03	1.091e+00	2.313e-01
chr9_33662426_G_A_b38	1	2.84607e-03	1.091e+00	2.313e-01
chr9_33662787_A_C_b38	1	2.84607e-03	1.091e+00	2.313e-01
chr9_33667496_T_A_b38	1	2.84607e-03	1.091e+00	2.313e-01
chr9_33667157_T_C_b38	1	2.84607e-03	1.091e+00	2.313e-01
chr9_33669376_A_G_b38	1	2.45742e-03	1.082e+00	2.449e-01
chr9_33677385_GGCC_G_b38	1	2.27482e-03	9.475e-01	2.693e-01
chr9_33666450_G_A_b38	1	2.23684e-03	9.988e-01	2.166e-01
chr9_33681448_A_C_b38	1	1.86268e-03	9.613e-01	2.293e-01
chr9_33719797_T_C_b38	1	1.14536e-03	1.091e+00	2.313e-01
chr9_33716806_A_C_b38	1	1.14536e-03	1.091e+00	2.313e-01
chr9_33710242_C_T_b38	1	1.14536e-03	1.091e+00	2.313e-01
chr9_33717760_A_T_b38	1	1.14536e-03	1.091e+00	2.313e-01
chr9_33721195_C_T_b38	1	1.14536e-03	1.091e+00	2.313e-01
chr9_33639641_C_T_b38	2	5.26800e-03	-6.224e-01	2.095e-01
chr9_33771039_A_G_b38	2	8.21221e-04	-5.936e-01	2.160e-01
chr9_33605166_A_G_b38	2	5.20525e-05	-3.070e-01	1.751e-01
