chr4_121823883_C_T_b38	1	3.40801e-01	-1.655e-01	4.712e-02
chr4_121805793_ATTCTTTTTTTTTT_A_b38	1	6.57661e-02	-2.029e-01	4.524e-02
chr4_121825130_TC_T_b38	1	5.70666e-02	-1.664e-01	4.663e-02
chr4_121825441_A_T_b38	1	5.70666e-02	-1.664e-01	4.663e-02
chr4_121827841_A_C_b38	1	3.45276e-02	-1.675e-01	4.613e-02
chr4_121829906_G_A_b38	1	2.09275e-02	-1.699e-01	4.508e-02
chr4_121828924_C_T_b38	1	1.70907e-02	-1.622e-01	4.704e-02
chr4_121814898_T_C_b38	1	1.14966e-02	-1.605e-01	4.602e-02
chr4_121834007_T_C_b38	1	9.19979e-03	-1.715e-01	4.400e-02
chr4_121844494_C_T_b38	1	9.19979e-03	-1.715e-01	4.400e-02
chr4_121838011_C_T_b38	1	9.19979e-03	-1.715e-01	4.400e-02
chr4_121839813_G_A_b38	1	9.19979e-03	-1.715e-01	4.400e-02
chr4_121803449_G_A_b38	1	8.28775e-03	-1.715e-01	4.400e-02
chr4_121807810_A_T_b38	1	8.28775e-03	-1.715e-01	4.400e-02
chr4_121818028_C_G_b38	1	7.12706e-03	-1.594e-01	4.678e-02
chr4_121838836_G_A_b38	1	4.77681e-03	-1.620e-01	4.502e-02
chr4_121834090_A_G_b38	1	4.77681e-03	-1.620e-01	4.502e-02
chr4_121808258_CACTT_C_b38	1	4.30325e-03	-1.620e-01	4.502e-02
chr4_121811061_T_G_b38	1	4.30325e-03	-1.620e-01	4.502e-02
chr4_121801538_C_G_b38	1	4.30325e-03	-1.620e-01	4.502e-02
chr4_121803596_A_G_b38	1	4.30325e-03	-1.620e-01	4.502e-02
chr4_121808350_A_G_b38	1	4.30325e-03	-1.620e-01	4.502e-02
chr4_121804148_G_A_b38	1	3.40009e-03	-1.585e-01	4.594e-02
chr4_121854912_A_G_b38	1	2.84826e-03	-1.748e-01	4.204e-02
chr4_121849522_G_C_b38	1	2.84826e-03	-1.748e-01	4.204e-02
chr4_121824234_TG_T_b38	2	1.17575e-01	1.194e-01	4.838e-02
chr4_121823787_G_A_b38	2	9.97747e-02	1.235e-01	5.182e-02
chr4_121820188_A_G_b38	2	4.72188e-02	1.609e-01	4.576e-02
chr4_121819007_C_T_b38	2	1.57209e-02	1.313e-01	4.612e-02
chr4_121819299_T_G_b38	2	1.57209e-02	1.313e-01	4.612e-02
chr4_121825170_A_G_b38	2	1.57165e-02	1.271e-01	5.083e-02
chr4_121829295_C_T_b38	2	1.35769e-02	1.416e-01	4.890e-02
chr4_121801951_G_A_b38	2	1.27704e-02	1.635e-01	4.415e-02
chr4_121828386_C_T_b38	2	1.11341e-02	1.239e-01	4.726e-02
chr4_121827153_G_A_b38	2	9.20373e-03	1.294e-01	5.042e-02
chr4_121828850_A_G_b38	2	8.69443e-03	1.249e-01	5.082e-02
chr4_121824574_C_T_b38	2	8.68327e-03	1.050e-01	5.769e-02
chr4_121817966_A_G_b38	2	6.09325e-03	1.312e-01	4.972e-02
chr4_121818328_G_A_b38	2	6.09325e-03	1.312e-01	4.972e-02
chr4_121816123_T_C_b38	2	6.09325e-03	1.312e-01	4.972e-02
chr4_121832730_A_G_b38	2	3.06365e-03	1.293e-01	5.098e-02
chr4_121800257_C_T_b38	2	2.67035e-03	1.390e-01	4.700e-02
chr4_121799844_A_G_b38	2	2.67035e-03	1.390e-01	4.700e-02
chr4_121801213_G_A_b38	2	2.67035e-03	1.390e-01	4.700e-02
chr4_121840254_C_T_b38	2	2.35833e-03	1.355e-01	4.807e-02
chr4_121843398_G_A_b38	2	2.35833e-03	1.355e-01	4.807e-02
chr4_121838717_C_T_b38	2	2.35833e-03	1.355e-01	4.807e-02
chr4_121808530_T_C_b38	2	2.12453e-03	1.355e-01	4.807e-02
chr4_121809666_G_C_b38	2	2.12453e-03	1.355e-01	4.807e-02
chr4_121808146_T_C_b38	2	2.12453e-03	1.355e-01	4.807e-02
chr4_121812468_T_C_b38	2	2.12453e-03	1.355e-01	4.807e-02
chr4_121810544_G_C_b38	2	2.12453e-03	1.355e-01	4.807e-02
chr4_121843570_A_C_b38	2	1.38522e-03	1.293e-01	5.098e-02
chr4_121808096_G_A_b38	2	1.24789e-03	1.293e-01	5.098e-02
chr4_121848812_T_C_b38	2	1.13320e-03	1.352e-01	5.819e-02
chr4_121797839_T_C_b38	2	1.04765e-03	1.390e-01	4.700e-02
chr4_121750116_C_T_b38	2	8.98520e-04	1.726e-01	5.274e-02
chr4_121748567_G_C_b38	3	7.78917e-04	2.096e-01	5.558e-02
chr4_121748592_T_C_b38	3	2.09845e-04	1.947e-01	5.647e-02
chr4_121790480_T_C_b38	3	1.54541e-04	1.911e-01	6.719e-02
chr4_121747694_T_A_b38	3	7.77421e-05	1.867e-01	5.938e-02
chr4_121760218_T_C_b38	3	5.28819e-05	1.972e-01	6.504e-02
chr4_121757062_A_C_b38	3	5.28819e-05	1.972e-01	6.504e-02
chr4_121760882_A_AG_b38	3	5.28819e-05	1.972e-01	6.504e-02
chr4_121751834_G_A_b38	3	5.28819e-05	1.972e-01	6.504e-02
chr4_121754560_C_G_b38	3	5.28819e-05	1.972e-01	6.504e-02
chr4_121760955_A_G_b38	3	5.28819e-05	1.972e-01	6.504e-02
chr4_121777306_A_G_b38	3	4.19132e-05	1.831e-01	7.552e-02
chr4_121781304_T_C_b38	3	4.19132e-05	1.831e-01	7.552e-02
chr4_121791904_C_A_b38	3	4.19132e-05	1.831e-01	7.552e-02
chr4_121776396_G_A_b38	3	4.19132e-05	1.831e-01	7.552e-02
chr4_121797259_A_G_b38	3	4.19132e-05	1.831e-01	7.552e-02
chr4_121791393_A_G_b38	3	4.19132e-05	1.831e-01	7.552e-02
chr4_121781498_C_T_b38	3	4.19132e-05	1.831e-01	7.552e-02
chr4_121784848_A_G_b38	3	4.19132e-05	1.831e-01	7.552e-02
chr4_121785292_T_G_b38	3	4.19132e-05	1.831e-01	7.552e-02
chr4_121770868_T_C_b38	3	2.59403e-05	1.807e-01	6.559e-02
chr4_121776728_A_G_b38	3	2.41184e-05	1.499e-01	7.351e-02
chr4_121768340_AT_A_b38	3	2.27038e-05	1.782e-01	6.709e-02
chr4_121779696_T_TGGGATTACA_b38	3	1.96029e-05	0.000e+00	0.000e+00
chr4_121740963_G_T_b38	3	1.47678e-05	0.000e+00	0.000e+00
chr4_121738030_G_C_b38	3	5.42844e-07	0.000e+00	0.000e+00
chr4_121738195_T_C_b38	3	5.42844e-07	0.000e+00	0.000e+00
chr4_121769876_A_G_b38	3	5.04619e-07	0.000e+00	0.000e+00
chr4_121761852_G_A_b38	3	3.88635e-07	0.000e+00	0.000e+00
