chr15_90425166_T_G_b38	1	1.38587e-01	3.318e-01	6.046e-02
chr15_90425963_A_T_b38	1	1.38587e-01	3.318e-01	6.046e-02
chr15_90427549_G_A_b38	1	1.38587e-01	3.318e-01	6.046e-02
chr15_90423286_T_C_b38	1	1.38587e-01	3.318e-01	6.046e-02
chr15_90424517_C_G_b38	1	1.38587e-01	3.318e-01	6.046e-02
chr15_90420973_C_T_b38	1	1.38587e-01	3.318e-01	6.046e-02
chr15_90461133_T_C_b38	1	1.00536e-01	3.441e-01	6.768e-02
chr15_90440233_A_G_b38	1	5.47643e-02	3.154e-01	4.185e-02
chr15_90404667_T_C_b38	1	5.66582e-03	3.069e-01	4.165e-02
chr15_90403876_T_C_b38	1	5.66582e-03	3.069e-01	4.165e-02
chr15_90479915_G_C_b38	1	1.83354e-03	2.929e-01	5.182e-02
chr15_90466252_G_A_b38	2	9.79117e-01	2.081e-01	2.516e-02
chr15_90494302_G_GTATT_b38	2	2.08688e-02	2.050e-01	2.452e-02
chr15_90388488_G_A_b38	3	7.05996e-02	-1.824e-01	6.694e-02
chr15_90390451_T_C_b38	3	5.53070e-02	1.076e-01	3.912e-02
chr15_90391099_A_G_b38	3	3.43372e-02	1.070e-01	3.906e-02
chr15_90388583_T_A_b38	3	1.27395e-02	-1.031e-01	7.241e-02
chr15_90383325_G_A_b38	3	3.03957e-03	-1.406e-01	6.555e-02
chr15_90383567_C_T_b38	3	3.03957e-03	-1.406e-01	6.555e-02
chr15_90385007_C_T_b38	3	2.38035e-03	-1.300e-01	6.433e-02
chr15_90386115_A_AC_b38	3	2.28004e-03	-9.244e-02	6.681e-02
chr15_90378426_C_T_b38	3	1.96536e-03	-1.438e-01	6.170e-02
chr15_90347432_C_A_b38	3	1.56781e-03	-1.296e-01	4.205e-02
chr15_90361626_G_A_b38	3	1.32065e-03	-1.360e-01	4.513e-02
chr15_90349996_A_C_b38	3	1.26368e-03	-1.286e-01	4.306e-02
chr15_90347346_T_TTAACAAGGC_b38	3	1.24050e-03	-1.243e-01	4.174e-02
chr15_90347885_A_C_b38	3	1.17448e-03	-1.256e-01	4.258e-02
chr15_90392111_CT_C_b38	3	1.15607e-03	-5.530e-02	8.393e-02
chr15_90355827_G_A_b38	3	1.02885e-03	-1.247e-01	4.311e-02
chr15_90377777_T_C_b38	3	9.74661e-04	-1.438e-01	6.170e-02
chr15_90365965_G_A_b38	3	9.74661e-04	-1.438e-01	6.170e-02
chr15_90348539_T_C_b38	3	9.58191e-04	-1.210e-01	4.239e-02
chr15_90397812_G_A_b38	3	9.36191e-04	-1.200e-01	7.277e-02
chr15_90396062_G_C_b38	3	8.37234e-04	-1.098e-01	7.244e-02
chr15_90396916_G_T_b38	3	8.37234e-04	-1.098e-01	7.244e-02
chr15_90349353_G_C_b38	3	8.34190e-04	-1.151e-01	4.128e-02
chr15_90355675_A_G_b38	3	8.07466e-04	-1.222e-01	4.431e-02
chr15_90352033_G_A_b38	3	8.07466e-04	-1.222e-01	4.431e-02
chr15_90348430_T_C_b38	3	6.58444e-04	-1.136e-01	4.280e-02
chr15_90349399_G_T_b38	3	9.91162e-05	-1.233e-01	4.342e-02
chr15_90388131_C_T_b38	4	8.73715e-03	-9.181e-02	3.522e-02
chr15_90388225_C_T_b38	4	8.73715e-03	-9.181e-02	3.522e-02
chr15_90386331_C_T_b38	4	6.65804e-03	-1.140e-01	3.180e-02
chr15_90387643_C_T_b38	4	5.31892e-03	-1.071e-01	3.310e-02
chr15_90387401_C_G_b38	4	4.43430e-03	-1.044e-01	3.280e-02
chr15_90387227_T_C_b38	4	3.96270e-03	-1.039e-01	3.339e-02
chr15_90404753_AT_A_b38	4	6.18635e-25	0.000e+00	0.000e+00
chr15_90400239_G_A_b38	4	6.18635e-25	0.000e+00	0.000e+00
chr15_90392993_T_C_b38	4	9.21345e-28	0.000e+00	0.000e+00
chr15_90407558_G_A_b38	4	1.57344e-29	0.000e+00	0.000e+00
chr15_90409333_C_G_b38	4	1.04483e-29	0.000e+00	0.000e+00
chr15_90434101_G_T_b38	4	3.99008e-30	0.000e+00	0.000e+00
chr15_90427804_T_C_b38	4	1.75567e-30	0.000e+00	0.000e+00
chr15_90409836_A_G_b38	4	1.48386e-30	0.000e+00	0.000e+00
chr15_90431158_G_C_b38	4	2.86955e-31	0.000e+00	0.000e+00
chr15_90393186_C_CAT_b38	4	2.08896e-32	0.000e+00	0.000e+00
chr15_90393819_T_A_b38	4	1.17836e-32	0.000e+00	0.000e+00
chr15_90389734_A_C_b38	4	1.15110e-32	0.000e+00	0.000e+00
chr15_90394805_T_TCTC_b38	4	3.12998e-33	0.000e+00	0.000e+00
chr15_90393472_G_A_b38	4	5.84468e-34	0.000e+00	0.000e+00
chr15_90395000_G_A_b38	4	2.81198e-35	0.000e+00	0.000e+00
chr15_90380639_A_G_b38	4	6.56604e-37	0.000e+00	0.000e+00
chr15_90382198_A_T_b38	4	6.56604e-37	0.000e+00	0.000e+00
chr15_90372800_C_T_b38	4	4.98166e-37	0.000e+00	0.000e+00
chr15_90378806_C_T_b38	4	4.87071e-37	0.000e+00	0.000e+00
chr15_90378404_G_A_b38	4	4.32504e-37	0.000e+00	0.000e+00
chr15_90380815_C_T_b38	4	4.32504e-37	0.000e+00	0.000e+00
chr15_90379443_A_G_b38	4	4.32504e-37	0.000e+00	0.000e+00
chr15_90379525_A_G_b38	4	4.32504e-37	0.000e+00	0.000e+00
chr15_90371896_T_C_b38	4	3.25622e-37	0.000e+00	0.000e+00
chr15_90372434_A_G_b38	4	3.25622e-37	0.000e+00	0.000e+00
chr15_90380929_G_C_b38	4	2.72483e-37	0.000e+00	0.000e+00
chr15_90381470_C_T_b38	4	2.44841e-37	0.000e+00	0.000e+00
chr15_90396827_C_A_b38	4	2.15459e-37	0.000e+00	0.000e+00
chr15_90373811_G_A_b38	4	2.14487e-37	0.000e+00	0.000e+00
chr15_90373608_G_A_b38	4	2.14487e-37	0.000e+00	0.000e+00
chr15_90376101_T_C_b38	4	1.77296e-37	0.000e+00	0.000e+00
chr15_90360079_A_G_b38	4	1.62755e-38	0.000e+00	0.000e+00
chr15_90352332_A_C_b38	4	5.58368e-39	0.000e+00	0.000e+00
chr15_90351052_T_C_b38	4	1.25206e-39	0.000e+00	0.000e+00
chr15_90385297_G_A_b38	4	4.88676e-40	0.000e+00	0.000e+00
chr15_90348334_T_C_b38	4	3.49913e-41	0.000e+00	0.000e+00
chr15_90351251_T_C_b38	4	3.37364e-41	0.000e+00	0.000e+00
chr15_90346091_A_G_b38	5	5.19717e-05	0.000e+00	0.000e+00
chr15_90345329_A_G_b38	5	3.57635e-05	0.000e+00	0.000e+00
chr15_90344352_A_C_b38	5	3.02509e-05	0.000e+00	0.000e+00
chr15_90345814_A_G_b38	5	2.97782e-05	0.000e+00	0.000e+00
chr15_90340873_A_G_b38	5	1.25413e-05	0.000e+00	0.000e+00
chr15_90340501_G_T_b38	5	5.69939e-06	0.000e+00	0.000e+00
