chr13_32496369_G_A_b38	1	2.70987e-01	1.096e-01	1.969e-02
chr13_32563835_G_A_b38	1	7.19582e-02	9.941e-02	1.936e-02
chr13_32548658_T_C_b38	1	6.03187e-02	1.008e-01	2.031e-02
chr13_32465094_G_T_b38	1	5.85659e-02	1.081e-01	1.970e-02
chr13_32551236_C_G_b38	1	5.04997e-02	9.795e-02	1.935e-02
chr13_32549791_C_T_b38	1	3.14958e-02	1.008e-01	2.031e-02
chr13_32518792_C_T_b38	1	2.07078e-02	9.907e-02	2.033e-02
chr13_32517104_G_C_b38	1	2.07078e-02	9.907e-02	2.033e-02
chr13_32527680_C_T_b38	1	2.07078e-02	9.907e-02	2.033e-02
chr13_32552600_A_C_b38	1	1.65410e-02	9.322e-02	1.935e-02
chr13_32552711_A_G_b38	1	1.65410e-02	9.322e-02	1.935e-02
chr13_32551069_G_A_b38	1	1.65410e-02	9.322e-02	1.935e-02
chr13_32551937_T_C_b38	1	1.65410e-02	9.322e-02	1.935e-02
chr13_32561287_C_T_b38	1	1.50176e-02	9.199e-02	1.918e-02
chr13_32563248_AT_A_b38	1	1.12305e-02	9.227e-02	1.949e-02
chr13_32572075_G_T_b38	1	1.09295e-02	1.000e-01	2.017e-02
chr13_32552728_TG_T_b38	1	1.04214e-02	9.360e-02	1.984e-02
chr13_32496990_G_C_b38	1	9.42296e-03	9.907e-02	2.016e-02
chr13_32569269_G_A_b38	1	9.14300e-03	9.931e-02	2.019e-02
chr13_32569227_C_T_b38	1	9.14300e-03	9.931e-02	2.019e-02
chr13_32506943_CAG_C_b38	1	7.94560e-03	9.902e-02	2.031e-02
chr13_32500537_C_A_b38	1	4.05585e-03	9.484e-02	2.008e-02
chr13_32557205_A_G_b38	1	3.92932e-03	8.601e-02	1.916e-02
chr13_32608003_G_A_b38	1	3.63566e-03	1.002e-01	2.028e-02
chr13_32587322_G_T_b38	1	3.61086e-03	9.208e-02	1.955e-02
chr13_32567803_C_A_b38	1	2.77550e-03	9.056e-02	1.948e-02
chr13_32495051_C_T_b38	1	2.70799e-03	9.329e-02	2.015e-02
chr13_32596797_A_G_b38	2	6.62275e-03	1.176e-01	3.322e-02
chr13_32795679_C_T_b38	2	5.80435e-05	1.305e-01	3.710e-02
