chr19_48716202_T_C_b38	1	8.08841e-02	-2.525e-01	5.952e-02
chr19_48720376_C_G_b38	1	4.93504e-02	-2.521e-01	6.137e-02
chr19_48700572_C_T_b38	1	4.64346e-02	-2.406e-01	6.385e-02
chr19_48720313_G_A_b38	1	4.55573e-02	-2.500e-01	6.121e-02
chr19_48726066_G_A_b38	1	4.08257e-02	-2.681e-01	6.214e-02
chr19_48702851_C_G_b38	1	3.82046e-02	-2.343e-01	6.176e-02
chr19_48702888_G_C_b38	1	3.82046e-02	-2.343e-01	6.176e-02
chr19_48702915_C_T_b38	1	3.82046e-02	-2.343e-01	6.176e-02
chr19_48703205_C_T_b38	1	3.82046e-02	-2.343e-01	6.176e-02
chr19_48703417_G_A_b38	1	3.82046e-02	-2.343e-01	6.176e-02
chr19_48703160_A_G_b38	1	3.82046e-02	-2.343e-01	6.176e-02
chr19_48728969_G_A_b38	1	2.17410e-02	-2.536e-01	6.124e-02
chr19_48721132_T_C_b38	1	1.94603e-02	-2.521e-01	6.137e-02
chr19_48721709_A_C_b38	1	1.94603e-02	-2.521e-01	6.137e-02
chr19_48724186_C_T_b38	1	1.83261e-02	-2.542e-01	6.208e-02
chr19_48725015_T_C_b38	1	1.83261e-02	-2.542e-01	6.208e-02
chr19_48723786_G_A_b38	1	1.83261e-02	-2.542e-01	6.208e-02
chr19_48723999_C_T_b38	1	1.83261e-02	-2.542e-01	6.208e-02
chr19_48717066_A_G_b38	1	1.35777e-02	-2.341e-01	6.281e-02
chr19_48711838_C_T_b38	1	1.33137e-02	-2.352e-01	6.321e-02
chr19_48714854_G_T_b38	1	1.00738e-02	-2.282e-01	6.281e-02
chr19_48715173_A_G_b38	1	1.00738e-02	-2.282e-01	6.281e-02
chr19_48715180_A_C_b38	1	1.00738e-02	-2.282e-01	6.281e-02
chr19_48722509_A_T_b38	1	9.97702e-03	-2.443e-01	6.236e-02
chr19_48715345_C_T_b38	1	5.70388e-03	-2.162e-01	6.272e-02
chr19_48714803_C_T_b38	1	5.29386e-03	-2.173e-01	6.348e-02
chr19_48726268_T_C_b38	1	5.20022e-03	-2.324e-01	6.231e-02
chr19_48732845_T_C_b38	1	4.94987e-03	-2.229e-01	5.988e-02
chr19_48703949_A_G_b38	1	4.38262e-03	-1.918e-01	6.210e-02
chr19_48704000_T_C_b38	1	4.38262e-03	-1.918e-01	6.210e-02
chr19_48703728_G_A_b38	1	4.35283e-03	-1.921e-01	6.224e-02
chr19_48703998_A_G_b38	1	4.14417e-03	-1.922e-01	6.266e-02
chr19_48706309_A_G_b38	1	3.90535e-03	-2.062e-01	6.176e-02
chr19_48706303_T_G_b38	1	3.90535e-03	-2.062e-01	6.176e-02
chr19_48705969_G_A_b38	1	3.57234e-03	-1.850e-01	6.143e-02
chr19_48704535_G_A_b38	1	3.57234e-03	-1.850e-01	6.143e-02
chr19_48705721_A_G_b38	1	3.55689e-03	-1.854e-01	6.159e-02
chr19_48751698_C_T_b38	1	3.13418e-03	2.338e-01	5.905e-02
chr19_48710027_G_A_b38	1	2.38901e-03	-1.930e-01	6.100e-02
chr19_48710576_G_A_b38	1	2.38901e-03	-1.930e-01	6.100e-02
chr19_48710247_G_A_b38	1	2.38901e-03	-1.930e-01	6.100e-02
chr19_48738719_A_G_b38	1	1.85638e-03	-2.109e-01	6.189e-02
chr19_48744795_C_T_b38	1	1.85638e-03	2.109e-01	6.189e-02
chr19_48737758_C_T_b38	1	1.78184e-03	-2.122e-01	6.254e-02
chr19_48737757_G_A_b38	1	1.78184e-03	-2.122e-01	6.254e-02
chr19_48706068_C_T_b38	1	1.59290e-03	-1.850e-01	6.143e-02
chr19_48706082_T_C_b38	1	1.59290e-03	-1.850e-01	6.143e-02
chr19_48706061_G_A_b38	1	1.59290e-03	-1.850e-01	6.143e-02
chr19_48735769_T_C_b38	1	1.09941e-03	-2.000e-01	6.205e-02
chr19_48705753_T_C_b38	1	1.05491e-03	-1.551e-01	6.195e-02
chr19_48705307_C_T_b38	1	1.05491e-03	-1.551e-01	6.195e-02
chr19_48705286_T_C_b38	1	1.05491e-03	-1.551e-01	6.195e-02
chr19_48705244_A_G_b38	1	1.05491e-03	-1.551e-01	6.195e-02
chr19_48705608_G_A_b38	1	1.05491e-03	-1.551e-01	6.195e-02
chr19_48705372_G_C_b38	1	1.05491e-03	-1.551e-01	6.195e-02
chr19_48706207_C_A_b38	1	9.76239e-04	-1.758e-01	6.234e-02
chr19_48706594_A_G_b38	1	9.50334e-04	-1.746e-01	6.216e-02
chr19_48704394_T_C_b38	1	8.78421e-04	-1.484e-01	6.137e-02
chr19_48704297_C_T_b38	1	8.78421e-04	-1.484e-01	6.137e-02
chr19_48743609_A_G_b38	1	8.56156e-04	1.909e-01	6.093e-02
chr19_48696176_T_C_b38	2	1.26143e-02	-8.237e-02	1.470e-01
chr19_48695750_T_C_b38	2	1.25430e-02	-8.741e-02	1.376e-01
chr19_48695865_T_G_b38	2	1.18910e-02	-4.415e-02	1.530e-01
chr19_48696658_C_A_b38	2	5.99741e-03	-1.612e-01	1.623e-01
chr19_48693829_C_T_b38	2	2.31499e-03	-9.551e-02	1.413e-01
chr19_48691166_C_T_b38	2	1.53164e-03	-9.593e-02	1.362e-01
chr19_48691833_A_G_b38	2	1.53164e-03	-9.593e-02	1.362e-01
chr19_48691619_T_C_b38	2	1.53164e-03	-9.593e-02	1.362e-01
chr19_48691505_T_A_b38	2	1.53164e-03	-9.593e-02	1.362e-01
chr19_48691635_T_C_b38	2	1.53164e-03	-9.593e-02	1.362e-01
chr19_48692425_A_G_b38	2	1.53164e-03	-9.593e-02	1.362e-01
chr19_48691623_C_T_b38	2	1.53164e-03	-9.593e-02	1.362e-01
chr19_48692424_C_T_b38	2	1.53164e-03	-9.593e-02	1.362e-01
chr19_48692101_C_T_b38	2	1.53164e-03	-9.593e-02	1.362e-01
chr19_48691555_C_T_b38	2	1.53164e-03	-9.593e-02	1.362e-01
chr19_48691269_T_C_b38	2	1.53164e-03	-9.593e-02	1.362e-01
chr19_48693206_G_A_b38	2	1.53164e-03	-9.593e-02	1.362e-01
chr19_48691985_TTGTA_T_b38	2	1.53164e-03	-9.593e-02	1.362e-01
chr19_48691122_G_A_b38	2	1.53164e-03	-9.593e-02	1.362e-01
chr19_48691183_C_T_b38	2	1.53164e-03	-9.593e-02	1.362e-01
chr19_48692510_C_T_b38	2	1.53164e-03	-9.593e-02	1.362e-01
chr19_48692528_T_C_b38	2	1.53164e-03	-9.593e-02	1.362e-01
chr19_48692998_G_A_b38	2	1.50194e-03	-8.867e-02	1.380e-01
chr19_48692504_AC_A_b38	2	1.39630e-03	-6.286e-02	1.398e-01
chr19_48688792_C_T_b38	2	1.29616e-03	-1.812e-01	1.439e-01
chr19_48693465_G_A_b38	2	1.27344e-03	-2.239e-02	1.366e-01
chr19_48688285_C_A_b38	2	1.07221e-03	-1.514e-01	1.507e-01
chr19_48689599_A_G_b38	2	1.04109e-03	-1.425e-01	1.428e-01
chr19_48690632_C_T_b38	2	1.04109e-03	-1.425e-01	1.428e-01
chr19_48690601_G_A_b38	2	1.04109e-03	-1.425e-01	1.428e-01
chr19_48690580_C_CAG_b38	2	1.04109e-03	-1.425e-01	1.428e-01
chr19_48690217_T_C_b38	2	1.04109e-03	-1.425e-01	1.428e-01
chr19_48690328_G_A_b38	2	1.04109e-03	-1.425e-01	1.428e-01
chr19_48690549_T_C_b38	2	1.04109e-03	-1.425e-01	1.428e-01
chr19_48690404_A_T_b38	2	1.04109e-03	-1.425e-01	1.428e-01
chr19_48690595_A_T_b38	2	1.04109e-03	-1.425e-01	1.428e-01
chr19_48690335_T_A_b38	2	1.04109e-03	-1.425e-01	1.428e-01
chr19_48689515_G_A_b38	2	1.04109e-03	-1.425e-01	1.428e-01
chr19_48690700_T_A_b38	2	1.04109e-03	-1.425e-01	1.428e-01
chr19_48690221_C_T_b38	2	1.04109e-03	-1.425e-01	1.428e-01
chr19_48690218_G_T_b38	2	1.04109e-03	-1.425e-01	1.428e-01
chr19_48690556_C_A_b38	2	1.04109e-03	-1.425e-01	1.428e-01
chr19_48690701_T_A_b38	2	1.04109e-03	-1.425e-01	1.428e-01
chr19_48688664_A_G_b38	2	9.98353e-04	-1.408e-01	1.497e-01
chr19_48688746_G_T_b38	2	9.98353e-04	-1.408e-01	1.497e-01
chr19_48688434_C_T_b38	2	9.98353e-04	-1.408e-01	1.497e-01
chr19_48687887_C_A_b38	2	9.98353e-04	-1.408e-01	1.497e-01
chr19_48687968_T_C_b38	2	9.98353e-04	-1.408e-01	1.497e-01
chr19_48688543_G_A_b38	2	9.98353e-04	-1.408e-01	1.497e-01
chr19_48687870_T_C_b38	2	9.98353e-04	-1.408e-01	1.497e-01
chr19_48687879_A_G_b38	2	9.98353e-04	-1.408e-01	1.497e-01
chr19_48689126_C_T_b38	2	8.85036e-04	-1.100e-01	1.481e-01
chr19_48690680_G_A_b38	2	8.36896e-04	-9.633e-02	1.433e-01
chr19_48690848_C_G_b38	2	8.20272e-04	-9.468e-02	1.362e-01
chr19_48690970_G_A_b38	2	7.72412e-04	-7.718e-02	1.359e-01
chr19_48685853_T_G_b38	2	4.08853e-04	-3.746e-02	1.580e-01
chr19_48673697_C_T_b38	3	1.20572e-04	-1.084e-01	8.467e-02
chr19_48684354_G_A_b38	3	9.50415e-05	-1.013e-01	8.447e-02
chr19_48683978_C_G_b38	3	9.50415e-05	-1.013e-01	8.447e-02
chr19_48684010_G_A_b38	3	9.50415e-05	-1.013e-01	8.447e-02
chr19_48684067_G_T_b38	3	9.50415e-05	-1.013e-01	8.447e-02
chr19_48684704_C_A_b38	3	9.50415e-05	-1.013e-01	8.447e-02
chr19_48684284_C_T_b38	3	9.50415e-05	-1.013e-01	8.447e-02
chr19_48674005_G_A_b38	3	9.26018e-05	-1.107e-01	8.069e-02
chr19_48673773_C_T_b38	3	9.26018e-05	-1.107e-01	8.069e-02
chr19_48672642_CTT_C_b38	3	9.26018e-05	-1.107e-01	8.069e-02
chr19_48680027_G_A_b38	3	8.09550e-05	-9.231e-02	8.913e-02
chr19_48678688_A_G_b38	3	7.52327e-05	-9.542e-02	8.111e-02
chr19_48676224_C_T_b38	3	7.52327e-05	-9.542e-02	8.111e-02
chr19_48679021_A_G_b38	3	7.52327e-05	-9.542e-02	8.111e-02
chr19_48674791_T_G_b38	3	7.43609e-05	-9.492e-02	8.140e-02
chr19_48677071_A_G_b38	3	7.01793e-05	-8.947e-02	8.097e-02
chr19_48683512_C_G_b38	3	6.81009e-05	-8.268e-02	8.491e-02
chr19_48682693_G_A_b38	3	6.81009e-05	-8.268e-02	8.491e-02
chr19_48680921_C_G_b38	3	6.28598e-05	-7.845e-02	8.361e-02
chr19_48683460_T_C_b38	3	5.05615e-05	-6.709e-02	8.042e-02
chr19_48682884_C_G_b38	3	4.13879e-05	-3.831e-02	7.879e-02
chr19_48665959_TG_T_b38	3	2.85064e-05	-1.107e-01	8.069e-02
chr19_48668336_T_C_b38	3	2.85064e-05	-1.107e-01	8.069e-02
chr19_48667211_C_A_b38	3	1.94696e-05	-7.829e-02	8.857e-02
chr19_48660962_G_A_b38	3	1.66037e-05	-5.545e-02	8.677e-02
chr19_48661483_T_C_b38	3	1.48173e-05	4.819e-02	7.338e-02
