chr4_99564098_G_A_b38	1	1.47955e-01	-1.858e-01	3.258e-02
chr4_99563386_G_A_b38	1	1.47955e-01	-1.858e-01	3.258e-02
chr4_99563133_T_C_b38	1	5.86420e-02	-1.858e-01	3.258e-02
chr4_99566158_G_A_b38	1	2.99025e-02	-1.860e-01	3.250e-02
chr4_99565322_C_T_b38	1	2.78360e-02	-1.857e-01	3.258e-02
chr4_99566213_C_T_b38	1	2.78360e-02	-1.857e-01	3.258e-02
chr4_99565401_CTAT_C_b38	1	2.78360e-02	-1.857e-01	3.258e-02
chr4_99566106_A_G_b38	1	2.78360e-02	-1.857e-01	3.258e-02
chr4_99561463_A_T_b38	1	2.73766e-02	-1.857e-01	3.258e-02
chr4_99562095_C_T_b38	1	2.73766e-02	-1.857e-01	3.258e-02
chr4_99561550_C_T_b38	1	2.73766e-02	-1.857e-01	3.258e-02
chr4_99562490_C_G_b38	1	2.70326e-02	-1.851e-01	3.245e-02
chr4_99568047_G_A_b38	1	1.59145e-02	-1.857e-01	3.258e-02
chr4_99566950_GT_G_b38	1	1.59145e-02	-1.857e-01	3.258e-02
chr4_99567423_G_C_b38	1	1.59145e-02	-1.857e-01	3.258e-02
chr4_99568081_A_G_b38	1	1.59145e-02	-1.857e-01	3.258e-02
chr4_99568664_C_G_b38	1	1.59145e-02	-1.857e-01	3.258e-02
chr4_99570352_T_C_b38	1	1.04681e-02	-1.861e-01	3.263e-02
chr4_99569531_G_A_b38	1	1.01074e-02	-1.855e-01	3.256e-02
chr4_99571660_G_A_b38	1	1.01074e-02	-1.855e-01	3.256e-02
chr4_99569786_C_G_b38	1	1.01074e-02	-1.855e-01	3.256e-02
chr4_99570523_C_A_b38	1	1.01074e-02	-1.855e-01	3.256e-02
chr4_99568838_C_T_b38	1	1.01074e-02	-1.855e-01	3.256e-02
chr4_99571032_T_C_b38	1	1.01074e-02	-1.855e-01	3.256e-02
chr4_99556666_C_T_b38	1	8.94324e-03	-1.855e-01	3.256e-02
chr4_99556880_C_T_b38	1	8.94324e-03	-1.855e-01	3.256e-02
chr4_99555760_A_T_b38	1	8.94324e-03	-1.855e-01	3.256e-02
chr4_99552566_A_G_b38	1	6.36585e-03	-1.866e-01	3.241e-02
chr4_99559758_T_C_b38	1	5.81276e-03	-1.791e-01	3.260e-02
chr4_99557583_C_A_b38	1	5.64779e-03	-1.825e-01	3.258e-02
chr4_99557767_C_T_b38	1	5.64779e-03	-1.825e-01	3.258e-02
chr4_99582604_C_T_b38	1	5.13012e-03	-1.855e-01	3.255e-02
chr4_99576421_C_T_b38	1	5.13012e-03	-1.855e-01	3.255e-02
chr4_99584169_A_T_b38	1	5.13012e-03	-1.855e-01	3.255e-02
chr4_99576030_T_C_b38	1	5.13012e-03	-1.855e-01	3.255e-02
chr4_99579618_C_T_b38	1	5.13012e-03	-1.855e-01	3.255e-02
chr4_99575906_A_C_b38	1	5.13012e-03	-1.855e-01	3.255e-02
chr4_99578973_C_T_b38	1	5.13012e-03	-1.855e-01	3.255e-02
chr4_99574660_T_C_b38	1	5.13012e-03	-1.855e-01	3.255e-02
chr4_99583507_T_C_b38	1	5.13012e-03	-1.855e-01	3.255e-02
chr4_99583980_A_G_b38	1	5.13012e-03	-1.855e-01	3.255e-02
chr4_99581665_G_T_b38	1	5.13012e-03	-1.855e-01	3.255e-02
chr4_99578513_T_A_b38	1	5.13012e-03	-1.855e-01	3.255e-02
chr4_99574331_G_T_b38	1	5.13012e-03	-1.855e-01	3.255e-02
chr4_99577976_C_G_b38	1	5.13012e-03	-1.855e-01	3.255e-02
chr4_99580533_T_C_b38	1	5.13012e-03	-1.855e-01	3.255e-02
chr4_99575734_C_G_b38	1	5.13012e-03	-1.855e-01	3.255e-02
chr4_99578816_G_A_b38	1	5.13012e-03	-1.855e-01	3.255e-02
chr4_99578179_A_C_b38	1	5.13012e-03	-1.855e-01	3.255e-02
chr4_99552547_G_A_b38	1	4.94396e-03	-1.855e-01	3.255e-02
chr4_99545478_C_A_b38	1	4.94396e-03	-1.855e-01	3.255e-02
chr4_99548195_AT_A_b38	1	4.94396e-03	-1.855e-01	3.255e-02
chr4_99552755_C_T_b38	1	4.94396e-03	-1.855e-01	3.255e-02
chr4_99551072_GATTTATAGTTCAGAGA_G_b38	1	4.94396e-03	-1.855e-01	3.255e-02
chr4_99544984_C_A_b38	1	4.94396e-03	-1.855e-01	3.255e-02
chr4_99540980_A_G_b38	1	4.94396e-03	-1.855e-01	3.255e-02
chr4_99550329_A_G_b38	1	4.94396e-03	-1.855e-01	3.255e-02
chr4_99548975_T_C_b38	1	4.94396e-03	-1.855e-01	3.255e-02
chr4_99576597_C_A_b38	1	4.93072e-03	-1.848e-01	3.242e-02
chr4_99552960_A_G_b38	1	2.99865e-03	-1.824e-01	3.262e-02
chr4_99543408_A_T_b38	1	2.91771e-03	-1.725e-01	3.105e-02
chr4_99543871_T_A_b38	1	2.91771e-03	-1.725e-01	3.105e-02
chr4_99541566_C_T_b38	1	2.91771e-03	-1.725e-01	3.105e-02
chr4_99546465_C_T_b38	1	2.91771e-03	-1.725e-01	3.105e-02
chr4_99546722_A_G_b38	1	2.91771e-03	-1.725e-01	3.105e-02
chr4_99532611_G_A_b38	1	2.27625e-03	-1.869e-01	3.239e-02
chr4_99526964_T_G_b38	1	2.10521e-03	-1.865e-01	3.244e-02
chr4_99526458_G_A_b38	1	2.10521e-03	-1.865e-01	3.244e-02
chr4_99537871_C_T_b38	1	2.10521e-03	-1.865e-01	3.244e-02
chr4_99527065_C_G_b38	1	2.10521e-03	-1.865e-01	3.244e-02
chr4_99528816_C_A_b38	1	2.10521e-03	-1.865e-01	3.244e-02
chr4_99528840_T_C_b38	1	2.10521e-03	-1.865e-01	3.244e-02
chr4_99527667_C_T_b38	1	2.10521e-03	-1.865e-01	3.244e-02
chr4_99538698_A_G_b38	1	1.63321e-03	-1.854e-01	3.259e-02
chr4_99538605_T_C_b38	1	1.63321e-03	-1.854e-01	3.259e-02
chr4_99813107_G_A_b38	2	9.66764e-02	1.306e-01	2.764e-02
chr4_99808828_C_T_b38	2	3.34796e-02	1.267e-01	2.842e-02
chr4_99816878_G_T_b38	2	6.67851e-03	1.305e-01	2.763e-02
chr4_99819613_T_G_b38	2	1.34361e-03	1.252e-01	2.786e-02
chr4_99832951_C_T_b38	2	1.00575e-03	1.208e-01	2.735e-02
chr4_99832676_G_A_b38	2	1.00575e-03	1.208e-01	2.735e-02
chr4_99563657_C_T_b38	3	1.55047e-03	2.549e-02	7.277e-02
chr4_99572898_A_C_b38	3	8.07503e-05	9.330e-02	7.132e-02
chr4_99554037_A_T_b38	3	7.14497e-05	9.330e-02	7.132e-02
chr4_99554575_G_T_b38	3	7.14497e-05	9.330e-02	7.132e-02
chr4_99558556_T_C_b38	3	7.14497e-05	9.330e-02	7.132e-02
chr4_99558221_G_A_b38	3	7.14497e-05	9.330e-02	7.132e-02
chr4_99566493_A_G_b38	3	6.66401e-05	-1.808e-02	7.720e-02
chr4_99574948_C_G_b38	3	2.61410e-05	9.330e-02	7.132e-02
chr4_99579984_C_T_b38	3	2.61410e-05	9.330e-02	7.132e-02
chr4_99574414_A_G_b38	3	2.61410e-05	9.330e-02	7.132e-02
chr4_99551479_A_G_b38	3	2.52256e-05	9.330e-02	7.132e-02
chr4_99580626_C_T_b38	3	1.35353e-05	0.000e+00	0.000e+00
chr4_99601435_C_T_b38	3	8.42716e-09	0.000e+00	0.000e+00
chr4_99597090_C_A_b38	3	6.70933e-09	0.000e+00	0.000e+00
chr4_99589334_G_T_b38	3	6.70933e-09	0.000e+00	0.000e+00
chr4_99609922_C_G_b38	3	6.70933e-09	0.000e+00	0.000e+00
chr4_99608986_C_T_b38	3	6.70933e-09	0.000e+00	0.000e+00
chr4_99600648_A_C_b38	3	6.70933e-09	0.000e+00	0.000e+00
chr4_99605788_A_G_b38	3	6.70933e-09	0.000e+00	0.000e+00
chr4_99589858_G_A_b38	3	6.70933e-09	0.000e+00	0.000e+00
chr4_99534413_C_T_b38	3	6.45697e-09	0.000e+00	0.000e+00
chr4_99525302_T_A_b38	3	6.45697e-09	0.000e+00	0.000e+00
chr4_99550847_C_T_b38	3	4.78256e-09	0.000e+00	0.000e+00
chr4_99649624_G_T_b38	3	3.52997e-09	0.000e+00	0.000e+00
chr4_99646303_G_A_b38	3	3.52997e-09	0.000e+00	0.000e+00
chr4_99645634_A_C_b38	3	3.12908e-09	0.000e+00	0.000e+00
chr4_99646841_T_C_b38	3	3.12908e-09	0.000e+00	0.000e+00
chr4_99648473_A_T_b38	3	3.12908e-09	0.000e+00	0.000e+00
chr4_99646508_T_C_b38	3	3.12908e-09	0.000e+00	0.000e+00
chr4_99647019_C_T_b38	3	3.12908e-09	0.000e+00	0.000e+00
chr4_99644528_T_A_b38	3	2.72264e-09	0.000e+00	0.000e+00
chr4_99645502_T_A_b38	3	2.72264e-09	0.000e+00	0.000e+00
chr4_99596453_G_A_b38	3	2.17876e-09	0.000e+00	0.000e+00
