chr20_32858936_G_C_b38	1	4.34011e-01	-4.306e-01	6.160e-02
chr20_32851659_AGT_A_b38	1	1.46068e-01	-4.301e-01	5.946e-02
chr20_32852422_G_A_b38	1	1.46068e-01	-4.301e-01	5.946e-02
chr20_32839829_C_T_b38	1	7.52896e-02	-4.301e-01	5.946e-02
chr20_32839536_C_T_b38	1	7.52896e-02	-4.301e-01	5.946e-02
chr20_32825209_T_TA_b38	1	5.75335e-02	-3.892e-01	5.277e-02
chr20_32828097_G_C_b38	1	2.54229e-02	-4.296e-01	5.943e-02
chr20_32837827_A_G_b38	1	1.40113e-02	-4.292e-01	6.148e-02
chr20_32861919_CTT_C_b38	1	7.77838e-03	-4.193e-01	6.276e-02
chr20_32830303_C_A_b38	1	4.60559e-03	-4.300e-01	6.162e-02
chr20_32863544_T_A_b38	1	4.08919e-03	-4.114e-01	6.252e-02
chr20_32863545_C_A_b38	1	4.08919e-03	-4.114e-01	6.252e-02
chr20_32876702_C_G_b38	2	5.80659e-02	-4.640e-01	1.318e-01
chr20_32856132_T_C_b38	2	3.11417e-02	-3.015e-01	1.040e-01
chr20_32855780_A_G_b38	2	3.11417e-02	-3.015e-01	1.040e-01
chr20_32841513_C_T_b38	2	9.46251e-03	-3.016e-01	1.040e-01
chr20_32846163_A_G_b38	2	9.46251e-03	-3.016e-01	1.040e-01
chr20_32839888_C_T_b38	2	9.46251e-03	-3.016e-01	1.040e-01
chr20_32834474_TAGA_T_b38	2	9.46251e-03	-3.016e-01	1.040e-01
chr20_32834379_G_A_b38	2	9.46251e-03	-3.016e-01	1.040e-01
chr20_32842830_T_C_b38	2	7.80493e-03	-2.957e-01	1.048e-01
chr20_32842964_A_G_b38	2	4.88525e-03	-2.692e-01	1.017e-01
chr20_32823838_G_A_b38	2	3.20777e-03	-3.015e-01	1.040e-01
chr20_32830792_T_TC_b38	2	3.20777e-03	-3.015e-01	1.040e-01
chr20_32820791_A_AGGGCAGAGGTC_b38	2	3.20777e-03	-3.015e-01	1.040e-01
chr20_32822032_G_GT_b38	2	3.20777e-03	-3.015e-01	1.040e-01
chr20_32829964_C_CT_b38	2	3.20777e-03	-3.015e-01	1.040e-01
chr20_32821514_C_T_b38	2	3.20777e-03	-3.015e-01	1.040e-01
chr20_32814773_A_G_b38	2	3.20777e-03	-3.015e-01	1.040e-01
chr20_32828142_C_G_b38	2	3.20777e-03	-3.015e-01	1.040e-01
chr20_32859052_A_G_b38	3	4.75226e-03	1.674e-01	1.273e-01
chr20_32849801_G_A_b38	3	1.29594e-04	1.786e-01	1.259e-01
chr20_32833942_T_C_b38	3	4.90317e-05	1.783e-01	1.232e-01
chr20_32839283_A_G_b38	3	4.90317e-05	1.783e-01	1.232e-01
chr20_32774614_G_A_b38	3	4.50274e-05	3.411e-01	1.324e-01
chr20_32764091_T_C_b38	3	3.46399e-05	3.198e-01	1.330e-01
chr20_32762910_G_T_b38	3	3.46399e-05	3.198e-01	1.330e-01
chr20_32785182_C_T_b38	3	1.43769e-05	3.046e-01	1.267e-01
