chr5_115856933_G_A_b38	1	9.99965e-01	1.953e-01	3.687e-02
chr5_115741509_T_C_b38	2	2.55581e-01	-1.726e-01	2.491e-02
chr5_115731904_T_C_b38	2	2.28808e-02	-1.667e-01	2.454e-02
chr5_115731961_A_G_b38	2	2.28808e-02	-1.667e-01	2.454e-02
chr5_115731398_T_C_b38	2	2.28808e-02	-1.667e-01	2.454e-02
chr5_115731371_C_T_b38	2	2.28808e-02	-1.667e-01	2.454e-02
chr5_115730574_C_T_b38	2	2.28808e-02	-1.667e-01	2.454e-02
chr5_115730737_C_T_b38	2	2.28808e-02	-1.667e-01	2.454e-02
chr5_115731256_T_G_b38	2	2.28808e-02	-1.667e-01	2.454e-02
chr5_115731479_A_G_b38	2	2.28808e-02	-1.667e-01	2.454e-02
chr5_115732031_T_C_b38	2	2.28808e-02	-1.667e-01	2.454e-02
chr5_115730751_T_C_b38	2	2.28808e-02	-1.667e-01	2.454e-02
chr5_115733092_C_G_b38	2	2.28675e-02	-1.667e-01	2.454e-02
chr5_115732628_T_C_b38	2	2.28675e-02	-1.667e-01	2.454e-02
chr5_115733091_T_A_b38	2	2.28675e-02	-1.667e-01	2.454e-02
chr5_115734222_G_A_b38	2	2.28675e-02	-1.667e-01	2.454e-02
chr5_115734017_G_T_b38	2	2.28675e-02	-1.667e-01	2.454e-02
chr5_115734144_T_C_b38	2	2.28675e-02	-1.667e-01	2.454e-02
chr5_115733532_T_G_b38	2	2.28675e-02	-1.667e-01	2.454e-02
chr5_115729439_C_G_b38	2	1.91243e-02	-1.699e-01	2.513e-02
chr5_115728080_C_G_b38	2	1.91243e-02	-1.699e-01	2.513e-02
chr5_115728806_A_G_b38	2	1.91243e-02	-1.699e-01	2.513e-02
chr5_115733170_A_G_b38	2	1.91243e-02	-1.699e-01	2.513e-02
chr5_115733984_C_T_b38	2	1.77934e-02	-1.665e-01	2.466e-02
chr5_115734322_C_G_b38	2	1.72709e-02	-1.664e-01	2.465e-02
chr5_115737036_G_C_b38	2	1.60547e-02	-1.667e-01	2.475e-02
chr5_115735852_A_G_b38	2	1.28453e-02	-1.636e-01	2.443e-02
chr5_115736001_A_G_b38	2	1.28453e-02	-1.636e-01	2.443e-02
chr5_115730124_C_T_b38	2	1.04132e-02	-1.628e-01	2.444e-02
chr5_115730081_C_A_b38	2	1.04132e-02	-1.628e-01	2.444e-02
chr5_115730253_C_T_b38	2	1.04132e-02	-1.628e-01	2.444e-02
chr5_115732541_T_G_b38	2	1.04132e-02	-1.628e-01	2.444e-02
chr5_115730332_A_G_b38	2	1.04132e-02	-1.628e-01	2.444e-02
chr5_115742544_T_C_b38	2	1.03075e-02	-1.620e-01	2.534e-02
chr5_115738469_A_T_b38	2	9.99563e-03	-1.652e-01	2.481e-02
chr5_115736393_G_C_b38	2	8.24025e-03	-1.616e-01	2.439e-02
chr5_115730206_C_G_b38	2	7.85275e-03	-1.624e-01	2.454e-02
chr5_115740620_G_A_b38	2	7.69244e-03	-1.674e-01	2.531e-02
chr5_115729612_T_A_b38	2	7.36467e-03	-1.614e-01	2.441e-02
chr5_115727250_C_T_b38	2	7.16095e-03	-1.627e-01	2.465e-02
chr5_115724095_G_A_b38	2	6.87787e-03	-1.669e-01	2.522e-02
chr5_115723841_T_C_b38	2	5.46383e-03	-1.600e-01	2.439e-02
chr5_115734706_C_T_b38	2	5.26372e-03	-1.568e-01	2.395e-02
chr5_115736726_G_A_b38	2	5.02658e-03	-1.610e-01	2.459e-02
chr5_115727574_C_T_b38	2	4.94002e-03	-1.574e-01	2.404e-02
chr5_115736232_C_A_b38	2	4.86449e-03	-1.620e-01	2.478e-02
chr5_115731789_G_C_b38	2	4.47253e-03	-1.578e-01	2.420e-02
chr5_115740847_G_C_b38	2	4.39151e-03	-1.626e-01	2.492e-02
chr5_115742244_G_T_b38	2	4.33923e-03	-1.624e-01	2.604e-02
chr5_115736374_A_G_b38	2	3.94918e-03	-1.579e-01	2.430e-02
chr5_115691166_T_A_b38	2	1.30447e-03	-1.737e-01	2.643e-02
chr5_115695167_G_A_b38	2	1.17441e-03	-1.721e-01	2.627e-02
chr5_115696907_T_C_b38	2	1.17441e-03	-1.721e-01	2.627e-02
chr5_115698012_T_C_b38	2	1.17441e-03	-1.721e-01	2.627e-02
chr5_115710213_A_G_b38	2	9.97755e-04	-1.711e-01	2.621e-02
chr5_115706770_T_TC_b38	2	9.77415e-04	-1.714e-01	2.627e-02
chr5_115703776_C_A_b38	2	9.33247e-04	-1.712e-01	2.628e-02
chr5_115703735_C_T_b38	2	9.33247e-04	-1.712e-01	2.628e-02
chr5_115702482_C_A_b38	2	9.33247e-04	-1.712e-01	2.628e-02
chr5_115700944_T_A_b38	2	9.33247e-04	-1.712e-01	2.628e-02
chr5_115704158_T_C_b38	2	9.33247e-04	-1.712e-01	2.628e-02
chr5_115707679_T_C_b38	2	9.33247e-04	-1.712e-01	2.628e-02
chr5_115703888_A_G_b38	2	9.33247e-04	-1.712e-01	2.628e-02
chr5_115703653_G_A_b38	2	9.33247e-04	-1.712e-01	2.628e-02
chr5_115704503_C_T_b38	2	9.33247e-04	-1.712e-01	2.628e-02
chr5_115704653_G_C_b38	2	9.33247e-04	-1.712e-01	2.628e-02
chr5_115708018_C_T_b38	2	9.33247e-04	-1.712e-01	2.628e-02
chr5_115707120_A_G_b38	2	9.33247e-04	-1.712e-01	2.628e-02
chr5_115705037_C_G_b38	2	9.33247e-04	-1.712e-01	2.628e-02
chr5_115702074_G_A_b38	2	9.33247e-04	-1.712e-01	2.628e-02
chr5_115703787_G_A_b38	2	9.33247e-04	-1.712e-01	2.628e-02
chr5_115708451_A_T_b38	2	9.33247e-04	-1.712e-01	2.628e-02
chr5_115706556_G_A_b38	2	9.33247e-04	-1.712e-01	2.628e-02
chr5_115706122_G_A_b38	2	9.33247e-04	-1.712e-01	2.628e-02
chr5_115710428_G_A_b38	2	9.33247e-04	-1.712e-01	2.628e-02
chr5_115703983_C_T_b38	2	9.33247e-04	-1.712e-01	2.628e-02
chr5_115706214_A_G_b38	2	9.33247e-04	-1.712e-01	2.628e-02
chr5_115704924_C_A_b38	2	9.33247e-04	-1.712e-01	2.628e-02
chr5_115707117_GA_G_b38	2	9.33247e-04	-1.712e-01	2.628e-02
chr5_115699939_C_T_b38	2	9.33247e-04	-1.712e-01	2.628e-02
chr5_115702638_A_G_b38	2	9.33247e-04	-1.712e-01	2.628e-02
chr5_115703471_G_A_b38	2	9.33247e-04	-1.712e-01	2.628e-02
chr5_115700852_T_C_b38	2	9.33247e-04	-1.712e-01	2.628e-02
chr5_115704139_G_C_b38	2	9.33247e-04	-1.712e-01	2.628e-02
chr5_115702460_A_C_b38	2	9.33247e-04	-1.712e-01	2.628e-02
chr5_115709310_AG_A_b38	2	9.33247e-04	-1.712e-01	2.628e-02
chr5_115700088_A_G_b38	2	9.33247e-04	-1.712e-01	2.628e-02
chr5_115706202_A_C_b38	2	9.33247e-04	-1.712e-01	2.628e-02
chr5_115703717_A_G_b38	2	9.33247e-04	-1.712e-01	2.628e-02
chr5_115700301_C_T_b38	2	8.32222e-04	-1.706e-01	2.626e-02
chr5_115711800_G_A_b38	2	8.04377e-04	-1.701e-01	2.620e-02
chr5_115706597_G_T_b38	2	7.48450e-04	-1.710e-01	2.640e-02
chr5_115705974_C_T_b38	2	7.48450e-04	-1.710e-01	2.640e-02
chr5_115722451_T_C_b38	2	6.44747e-04	-1.545e-01	2.387e-02
chr5_115704773_T_C_b38	2	5.48314e-04	-1.683e-01	2.620e-02
chr5_115841565_C_G_b38	3	9.91027e-01	3.439e-01	7.454e-02
chr5_115846130_C_G_b38	3	7.88555e-03	2.601e-01	6.036e-02
chr5_115837981_C_A_b38	4	8.76761e-01	1.297e-01	3.034e-02
chr5_115899393_C_T_b38	5	3.21862e-02	1.451e-01	3.606e-02
chr5_115903616_G_A_b38	5	1.39546e-03	1.135e-01	3.788e-02
chr5_115909049_T_A_b38	5	2.85428e-04	9.021e-02	3.755e-02
chr5_115900993_A_C_b38	5	1.32675e-04	8.970e-02	3.737e-02
chr5_115897274_C_A_b38	5	1.32675e-04	8.970e-02	3.737e-02
chr5_115841317_T_C_b38	6	4.89075e-04	-4.325e-02	2.708e-02
chr5_115840892_A_G_b38	6	5.66449e-05	4.965e-03	2.883e-02
chr5_115844719_G_A_b38	6	1.64914e-05	-3.477e-02	2.819e-02
chr5_115842992_A_AG_b38	6	9.70417e-06	0.000e+00	0.000e+00
chr5_115842698_C_T_b38	6	9.55181e-06	0.000e+00	0.000e+00
chr5_115840004_G_A_b38	6	7.66316e-06	0.000e+00	0.000e+00
chr5_115840219_T_G_b38	6	7.66316e-06	0.000e+00	0.000e+00
chr5_115839322_T_TGCATGCACA_b38	6	7.37257e-06	0.000e+00	0.000e+00
chr5_115851202_T_C_b38	6	5.93564e-06	0.000e+00	0.000e+00
chr5_115838961_A_C_b38	6	4.83045e-06	0.000e+00	0.000e+00
chr5_115848753_T_C_b38	6	3.83506e-06	0.000e+00	0.000e+00
chr5_115856643_G_T_b38	6	2.89426e-06	0.000e+00	0.000e+00
chr5_115856642_C_CATT_b38	6	2.89426e-06	0.000e+00	0.000e+00
chr5_115852570_T_A_b38	6	2.52864e-06	0.000e+00	0.000e+00
chr5_115852963_A_G_b38	6	2.43242e-06	0.000e+00	0.000e+00
chr5_115852617_T_C_b38	6	2.43242e-06	0.000e+00	0.000e+00
chr5_115827095_C_G_b38	6	2.20698e-06	0.000e+00	0.000e+00
chr5_115824737_T_C_b38	6	1.72724e-06	0.000e+00	0.000e+00
chr5_115824650_G_GCTAT_b38	6	1.68144e-06	0.000e+00	0.000e+00
chr5_115816997_G_C_b38	6	1.57125e-06	0.000e+00	0.000e+00
