chr12_132084115_A_G_b38	1	9.98306e-01	-9.822e-01	1.372e-01
chr12_132084298_C_A_b38	2	4.58362e-01	3.626e-01	1.207e-01
chr12_132086033_AATT_A_b38	2	7.37820e-02	3.723e-01	1.134e-01
chr12_132083996_G_C_b38	2	7.35137e-02	2.841e-01	1.208e-01
chr12_132084948_G_T_b38	2	4.48264e-02	3.075e-01	9.437e-02
chr12_132087356_A_G_b38	2	4.22016e-02	3.699e-01	1.086e-01
chr12_132089096_T_C_b38	2	4.22016e-02	3.699e-01	1.086e-01
chr12_132088275_C_T_b38	2	4.22016e-02	3.699e-01	1.086e-01
chr12_132087708_T_C_b38	2	4.22016e-02	3.699e-01	1.086e-01
chr12_132102461_G_A_b38	2	2.92278e-02	3.817e-01	1.066e-01
chr12_132104188_G_A_b38	2	2.92278e-02	3.817e-01	1.066e-01
chr12_132101496_G_A_b38	2	2.92278e-02	3.817e-01	1.066e-01
chr12_132083566_G_GT_b38	2	2.80992e-02	3.055e-01	7.079e-02
chr12_132092833_G_A_b38	2	2.67204e-02	3.699e-01	1.086e-01
chr12_132093330_GT_G_b38	2	2.67204e-02	3.699e-01	1.086e-01
chr12_132083534_G_A_b38	2	7.88578e-03	2.688e-01	9.601e-02
chr12_132078826_G_A_b38	2	1.90683e-03	3.588e-01	4.283e-02
chr12_132130919_C_CCCTGAGTG_b38	3	5.05830e-01	3.530e-01	6.518e-02
chr12_132084730_C_T_b38	3	1.57884e-01	2.797e-01	9.223e-02
chr12_132089195_A_G_b38	3	1.28695e-02	2.549e-01	6.301e-02
chr12_132130125_T_C_b38	3	5.81435e-03	3.047e-01	6.612e-02
chr12_132129709_T_C_b38	3	5.81435e-03	3.047e-01	6.612e-02
chr12_132125769_G_A_b38	3	3.88643e-03	1.993e-01	4.708e-02
chr12_132122341_C_T_b38	3	3.88643e-03	1.993e-01	4.708e-02
chr12_132107320_C_T_b38	3	3.86196e-03	2.101e-01	4.977e-02
chr12_132103142_G_A_b38	3	2.45435e-03	2.413e-01	5.728e-02
chr12_132124941_T_C_b38	3	1.84189e-03	1.861e-01	4.702e-02
chr12_132084483_T_C_b38	4	1.03569e-01	-2.011e-01	9.315e-02
chr12_132117677_C_CGGGCACCCTCCAGTCACAGGCCAGAACAGGGGA_b38	4	1.59956e-02	-3.441e-01	1.043e-01
chr12_132094217_G_A_b38	4	1.25955e-02	-2.239e-01	9.087e-02
chr12_132115715_CA_C_b38	4	7.42547e-03	-3.267e-01	1.155e-01
chr12_132097580_A_G_b38	4	4.48287e-03	-2.224e-01	9.128e-02
chr12_132099011_G_A_b38	4	4.48287e-03	-2.224e-01	9.128e-02
chr12_132107949_T_C_b38	4	4.48287e-03	-2.224e-01	9.128e-02
chr12_132098690_C_CTT_b38	4	4.48287e-03	-2.224e-01	9.128e-02
chr12_132109061_G_A_b38	4	4.48287e-03	-2.224e-01	9.128e-02
chr12_132102659_C_T_b38	4	4.48287e-03	-2.224e-01	9.128e-02
chr12_132108170_A_G_b38	4	2.43404e-03	-1.940e-01	8.819e-02
chr12_132084181_GC_G_b38	4	2.12105e-03	-1.982e-02	4.943e-02
chr12_132085653_G_C_b38	4	1.92513e-03	-1.302e-01	1.047e-01
chr12_132128729_C_T_b38	4	1.78646e-03	-2.637e-01	9.296e-02
chr12_132113803_CT_C_b38	4	1.67880e-03	-2.225e-01	9.315e-02
chr12_132090744_G_T_b38	4	1.39886e-03	-1.788e-01	1.200e-01
chr12_132095006_C_T_b38	4	9.78405e-04	-1.774e-01	8.260e-02
chr12_132118465_A_G_b38	4	8.43108e-04	-2.243e-01	9.135e-02
chr12_132095913_C_A_b38	4	5.49955e-04	-1.449e-01	7.585e-02
chr12_132133262_C_T_b38	4	5.44957e-04	-2.304e-01	9.796e-02
chr12_132089486_G_A_b38	4	5.13801e-04	-9.973e-02	8.195e-02
chr12_132092813_C_A_b38	4	5.13801e-04	-9.973e-02	8.195e-02
chr12_132091107_C_T_b38	4	5.13801e-04	-9.973e-02	8.195e-02
chr12_132099641_G_A_b38	4	4.84806e-04	-1.212e-01	5.277e-02
chr12_132119034_T_C_b38	4	4.64411e-04	-1.858e-01	8.553e-02
chr12_132119703_A_G_b38	4	3.65186e-27	0.000e+00	0.000e+00
chr12_132120198_A_G_b38	4	2.31132e-27	0.000e+00	0.000e+00
chr12_132120361_T_C_b38	4	1.15042e-27	0.000e+00	0.000e+00
chr12_132117829_A_G_b38	4	1.79657e-28	0.000e+00	0.000e+00
chr12_132119589_GCT_G_b38	4	1.75776e-28	0.000e+00	0.000e+00
chr12_132109055_T_G_b38	4	7.21304e-43	0.000e+00	0.000e+00
chr12_132107977_T_C_b38	4	7.21304e-43	0.000e+00	0.000e+00
chr12_132084110_T_A_b38	5	1.88291e-02	1.495e-01	5.654e-02
