chr16_84701176_C_G_b38	1	6.21596e-02	9.612e-02	2.836e-02
chr16_84748058_A_G_b38	1	3.92039e-02	1.120e-01	2.781e-02
chr16_84748904_T_G_b38	1	3.29432e-02	1.101e-01	2.763e-02
chr16_84749265_T_G_b38	1	2.98724e-02	1.101e-01	2.784e-02
chr16_84749251_C_G_b38	1	2.98724e-02	1.101e-01	2.784e-02
chr16_84749704_G_A_b38	1	2.98724e-02	1.101e-01	2.784e-02
chr16_84702371_A_G_b38	1	2.86162e-02	8.729e-02	2.785e-02
chr16_84749216_C_T_b38	1	2.78305e-02	1.097e-01	2.787e-02
chr16_84742916_A_G_b38	1	2.06555e-02	1.104e-01	2.867e-02
chr16_84749144_A_C_b38	1	1.98075e-02	1.103e-01	2.871e-02
chr16_84747469_G_A_b38	1	1.93687e-02	1.102e-01	2.875e-02
chr16_84748608_A_C_b38	1	1.90040e-02	1.094e-01	2.856e-02
chr16_84748343_G_A_b38	1	1.86710e-02	1.094e-01	2.860e-02
chr16_84749867_G_A_b38	1	1.86691e-02	1.099e-01	2.875e-02
chr16_84744616_G_A_b38	1	1.78016e-02	1.095e-01	2.874e-02
chr16_84743385_C_T_b38	1	1.66128e-02	1.087e-01	2.869e-02
chr16_84745156_C_T_b38	1	1.66128e-02	1.087e-01	2.869e-02
chr16_84745642_T_G_b38	1	1.54184e-02	1.080e-01	2.864e-02
chr16_84747007_C_T_b38	1	1.45821e-02	1.063e-01	2.833e-02
chr16_84750267_A_G_b38	1	1.41454e-02	1.120e-01	2.771e-02
chr16_84750684_A_G_b38	1	1.34922e-02	1.110e-01	2.757e-02
chr16_84724904_C_T_b38	1	1.26109e-02	1.003e-01	2.914e-02
chr16_84741193_A_G_b38	1	1.14526e-02	1.068e-01	2.900e-02
chr16_84716128_A_T_b38	1	1.08503e-02	9.815e-02	2.892e-02
chr16_84716253_T_C_b38	1	1.08503e-02	9.815e-02	2.892e-02
chr16_84719847_A_G_b38	1	7.73268e-03	9.495e-02	2.891e-02
chr16_84747495_C_G_b38	1	7.49345e-03	9.965e-02	2.801e-02
chr16_84713410_C_G_b38	1	7.36499e-03	9.377e-02	2.868e-02
chr16_84761264_A_G_b38	1	7.21335e-03	1.115e-01	2.893e-02
chr16_84729102_A_G_b38	1	5.90488e-03	1.008e-01	2.894e-02
chr16_84717440_C_G_b38	1	5.70553e-03	8.569e-02	2.685e-02
chr16_84753505_G_A_b38	1	5.48359e-03	1.079e-01	2.857e-02
chr16_84752854_C_A_b38	1	5.48359e-03	1.079e-01	2.857e-02
chr16_84720134_T_C_b38	1	5.43844e-03	9.230e-02	2.916e-02
chr16_84709224_A_G_b38	1	5.07987e-03	7.282e-02	2.521e-02
chr16_84709897_G_A_b38	1	4.89097e-03	8.621e-02	3.034e-02
chr16_84714664_C_G_b38	1	4.67684e-03	8.354e-02	2.673e-02
chr16_84709766_T_C_b38	1	4.23163e-03	6.984e-02	2.473e-02
chr16_84754819_A_G_b38	1	4.02381e-03	1.060e-01	2.874e-02
chr16_84759655_A_G_b38	1	3.98942e-03	1.055e-01	2.862e-02
chr16_84746862_G_A_b38	1	3.57636e-03	8.321e-02	2.491e-02
chr16_84765407_C_T_b38	1	2.98630e-03	9.680e-02	2.686e-02
chr16_84764694_G_C_b38	1	2.87719e-03	9.663e-02	2.690e-02
chr16_84762997_A_G_b38	1	2.83445e-03	9.660e-02	2.692e-02
chr16_84769060_T_G_b38	1	2.62592e-03	9.623e-02	2.700e-02
chr16_84765175_T_C_b38	1	2.55651e-03	9.809e-02	2.759e-02
chr16_84763258_A_C_b38	1	2.55289e-03	9.574e-02	2.692e-02
chr16_84764483_T_C_b38	1	2.46828e-03	9.555e-02	2.694e-02
chr16_84742572_A_T_b38	1	2.31616e-03	8.190e-02	2.564e-02
chr16_84706913_CAT_C_b38	1	2.11744e-03	7.261e-02	2.891e-02
chr16_84769672_A_G_b38	1	2.04876e-03	9.415e-02	2.698e-02
chr16_84731273_C_A_b38	1	2.01475e-03	9.430e-02	3.017e-02
chr16_84738867_C_T_b38	1	1.88438e-03	9.198e-02	2.963e-02
chr16_84751597_G_A_b38	1	1.85193e-03	8.652e-02	2.496e-02
chr16_84737085_G_A_b38	1	1.73113e-03	9.110e-02	2.963e-02
chr16_84736964_G_A_b38	1	1.73113e-03	9.110e-02	2.963e-02
chr16_84737261_C_T_b38	1	1.71454e-03	9.103e-02	2.964e-02
chr16_84740416_G_A_b38	1	1.65851e-03	9.057e-02	2.961e-02
chr16_84740846_C_T_b38	1	1.65851e-03	9.057e-02	2.961e-02
chr16_84767301_G_A_b38	1	1.65524e-03	9.363e-02	2.737e-02
chr16_84736881_C_T_b38	1	1.45487e-03	8.799e-02	2.919e-02
chr16_84721849_C_T_b38	1	1.43700e-03	7.838e-02	2.935e-02
chr16_84736993_T_A_b38	1	1.42277e-03	8.920e-02	2.969e-02
chr16_84737307_T_A_b38	1	1.40476e-03	8.895e-02	2.965e-02
chr16_84746596_G_T_b38	1	1.25498e-03	8.695e-02	2.938e-02
chr16_84739854_A_G_b38	1	1.10868e-03	8.574e-02	2.942e-02
chr16_84737367_A_G_b38	1	1.07245e-03	8.640e-02	2.980e-02
chr16_84730885_C_A_b38	1	9.90681e-04	8.554e-02	2.981e-02
chr16_84733546_A_G_b38	1	9.81122e-04	8.456e-02	2.948e-02
chr16_84699945_C_G_b38	2	2.36089e-02	6.331e-02	4.261e-02
