chr3_41200876_C_T_b38	1	1.41392e-01	-2.423e-01	4.130e-02
chr3_41185839_A_C_b38	1	8.59783e-02	2.531e-01	4.363e-02
chr3_41218526_G_A_b38	1	8.56858e-02	2.580e-01	4.356e-02
chr3_41197554_C_A_b38	1	7.79821e-02	2.473e-01	4.364e-02
chr3_41213867_T_G_b38	1	6.87733e-02	-2.423e-01	4.130e-02
chr3_41195090_G_C_b38	1	6.59393e-02	2.150e-01	4.197e-02
chr3_41189163_T_C_b38	1	3.94211e-02	-2.323e-01	4.134e-02
chr3_41235549_C_T_b38	1	2.70414e-02	2.580e-01	4.356e-02
chr3_41226034_A_G_b38	1	2.70414e-02	2.580e-01	4.356e-02
chr3_41241891_G_A_b38	1	2.70414e-02	2.580e-01	4.356e-02
chr3_41234675_A_T_b38	1	2.70414e-02	2.580e-01	4.356e-02
chr3_41232986_A_G_b38	1	2.70414e-02	2.580e-01	4.356e-02
chr3_41220488_A_G_b38	1	2.35240e-02	-2.386e-01	4.058e-02
chr3_41218878_C_T_b38	1	1.97870e-02	2.357e-01	4.213e-02
chr3_41190671_C_T_b38	1	1.95330e-02	2.257e-01	4.242e-02
chr3_41201372_A_G_b38	1	1.45711e-02	2.249e-01	4.196e-02
chr3_41202251_T_G_b38	1	1.45711e-02	2.249e-01	4.196e-02
chr3_41200847_C_A_b38	1	1.45711e-02	2.249e-01	4.196e-02
chr3_41243234_GA_G_b38	1	1.42328e-02	2.496e-01	4.317e-02
chr3_41193025_C_G_b38	1	1.12580e-02	2.130e-01	4.176e-02
chr3_41216557_A_G_b38	1	9.38877e-03	2.285e-01	4.213e-02
chr3_41240109_C_CTAAT_b38	1	8.82825e-03	2.369e-01	4.177e-02
chr3_41190477_C_T_b38	1	8.58182e-03	2.150e-01	4.197e-02
chr3_41190293_T_A_b38	1	8.58182e-03	2.150e-01	4.197e-02
chr3_41197886_AG_A_b38	1	7.68321e-03	2.150e-01	4.197e-02
chr3_41198686_G_A_b38	1	7.68321e-03	2.150e-01	4.197e-02
chr3_41208990_G_A_b38	1	7.08741e-03	2.249e-01	4.196e-02
chr3_41218103_G_A_b38	1	7.08741e-03	2.249e-01	4.196e-02
chr3_41213155_G_T_b38	1	7.08741e-03	2.249e-01	4.196e-02
chr3_41197903_T_TGTAC_b38	1	6.95740e-03	2.130e-01	4.176e-02
chr3_41197905_G_GAAAGTCTACA_b38	1	6.95740e-03	2.130e-01	4.176e-02
chr3_41218911_G_A_b38	1	6.35578e-03	2.227e-01	4.176e-02
chr3_41246573_C_T_b38	1	5.96584e-03	2.496e-01	4.296e-02
chr3_41246513_T_C_b38	1	5.96584e-03	2.496e-01	4.296e-02
chr3_41246166_A_G_b38	1	5.76162e-03	2.513e-01	4.329e-02
chr3_41244928_G_A_b38	1	5.75612e-03	2.500e-01	4.309e-02
chr3_41246569_G_A_b38	1	5.60660e-03	2.483e-01	4.284e-02
chr3_41218020_G_A_b38	1	4.21160e-03	2.231e-01	4.258e-02
chr3_41192398_T_C_b38	1	4.08609e-03	-2.055e-01	4.236e-02
chr3_41243400_G_A_b38	1	3.85635e-03	2.320e-01	4.229e-02
chr3_41243045_C_A_b38	1	3.85635e-03	2.320e-01	4.229e-02
chr3_41247540_T_C_b38	1	3.45801e-03	2.497e-01	4.386e-02
chr3_41249590_G_A_b38	1	3.39883e-03	2.569e-01	4.511e-02
chr3_41184054_T_C_b38	1	3.02550e-03	2.189e-01	4.212e-02
chr3_41227661_A_T_b38	1	2.89382e-03	2.287e-01	4.220e-02
chr3_41245527_T_C_b38	1	2.28717e-03	2.357e-01	4.213e-02
chr3_41220953_T_C_b38	1	2.23670e-03	2.249e-01	4.196e-02
chr3_41239897_T_G_b38	1	2.23670e-03	2.249e-01	4.196e-02
chr3_41230590_C_A_b38	1	2.23670e-03	2.249e-01	4.196e-02
chr3_41232581_C_G_b38	1	2.00581e-03	2.227e-01	4.176e-02
chr3_41232779_A_T_b38	1	2.00581e-03	2.227e-01	4.176e-02
chr3_41242302_G_C_b38	1	2.00581e-03	2.227e-01	4.176e-02
chr3_41204313_T_C_b38	2	4.87593e-03	2.040e-01	1.011e-01
chr3_41295899_T_C_b38	2	3.23906e-05	2.956e-01	1.089e-01
