chr5_10739371_TA_T_b38	1	9.99025e-01	-3.513e-01	3.577e-02
chr5_10675920_C_T_b38	1	1.06547e-07	0.000e+00	0.000e+00
chr5_10676097_A_C_b38	1	3.84015e-09	0.000e+00	0.000e+00
chr5_10672279_G_A_b38	1	6.43881e-20	0.000e+00	0.000e+00
chr5_10675380_C_T_b38	1	3.97327e-20	0.000e+00	0.000e+00
chr5_10680885_G_A_b38	2	9.99025e-01	4.922e-01	4.676e-02
chr5_10760897_C_G_b38	3	5.84525e-01	-1.800e-01	2.664e-02
chr5_10785267_C_T_b38	3	4.14499e-01	2.065e-01	2.863e-02
chr5_10740310_A_G_b38	4	2.98833e-03	-1.450e-01	7.198e-02
chr5_10741081_T_C_b38	4	2.01702e-03	-1.284e-01	7.092e-02
chr5_10740635_G_A_b38	4	9.50654e-04	3.027e-01	2.002e-01
chr5_10742016_T_C_b38	4	9.19435e-04	2.715e-01	1.767e-01
chr5_10742289_C_T_b38	4	9.19435e-04	2.715e-01	1.767e-01
chr5_10741980_C_T_b38	4	9.19435e-04	2.715e-01	1.767e-01
