chr19_43580251_G_A_b38	1	5.14480e-01	3.831e-01	5.989e-02
chr19_43581675_C_T_b38	1	9.50959e-02	3.829e-01	5.990e-02
chr19_43578398_C_A_b38	1	8.05249e-02	3.822e-01	5.991e-02
chr19_43578277_C_A_b38	1	8.05249e-02	3.822e-01	5.991e-02
chr19_43577584_T_G_b38	1	7.66225e-02	3.942e-01	6.113e-02
chr19_43574316_T_G_b38	1	1.10341e-02	3.683e-01	6.022e-02
chr19_43564249_G_A_b38	1	6.17768e-03	3.676e-01	5.978e-02
chr19_43558535_G_A_b38	1	4.17194e-03	3.656e-01	6.028e-02
chr19_43564041_C_T_b38	1	2.44781e-03	3.501e-01	5.660e-02
chr19_43580003_G_A_b38	2	1.59290e-01	-1.817e-01	5.727e-02
chr19_43584228_A_AGAAGTGACT_b38	2	6.56287e-02	-2.297e-01	6.404e-02
chr19_43584226_A_ACC_b38	2	6.56287e-02	-2.297e-01	6.404e-02
chr19_43573237_A_G_b38	2	5.24639e-02	-2.025e-01	5.542e-02
chr19_43578793_T_C_b38	2	2.51936e-02	-1.818e-01	5.726e-02
chr19_43570844_CT_C_b38	2	2.39943e-02	-1.893e-01	5.551e-02
chr19_43577136_A_G_b38	2	2.34204e-02	-1.846e-01	5.615e-02
chr19_43573108_A_T_b38	2	2.12519e-02	-1.876e-01	5.565e-02
chr19_43572012_A_T_b38	2	2.01385e-02	-1.859e-01	5.548e-02
chr19_43570445_T_G_b38	2	1.05075e-02	-1.869e-01	5.481e-02
chr19_43566034_A_G_b38	2	1.05075e-02	-1.869e-01	5.481e-02
chr19_43567851_T_C_b38	2	7.52304e-03	-1.885e-01	5.585e-02
chr19_43569117_G_A_b38	2	7.15560e-03	-1.895e-01	5.654e-02
chr19_43568024_A_G_b38	2	6.77636e-03	-1.817e-01	5.447e-02
chr19_43558367_A_G_b38	2	1.52305e-03	-1.572e-01	5.418e-02
chr19_43555849_A_G_b38	2	1.49440e-03	-1.573e-01	5.436e-02
chr19_43556662_A_G_b38	2	1.49440e-03	-1.573e-01	5.436e-02
chr19_43558502_A_G_b38	2	1.49440e-03	-1.573e-01	5.436e-02
chr19_43580520_G_C_b38	3	6.77328e-03	-1.003e-01	1.420e-01
chr19_43579630_G_GGTTCAC_b38	3	2.50214e-03	-1.254e-01	1.498e-01
chr19_43582803_T_G_b38	3	8.53171e-04	-9.863e-02	1.419e-01
chr19_43560351_G_A_b38	3	4.38108e-05	-9.671e-02	1.421e-01
chr19_43567459_G_A_b38	3	4.38108e-05	-9.671e-02	1.421e-01
chr19_43541521_C_T_b38	3	3.65958e-10	0.000e+00	0.000e+00
chr19_43539452_G_C_b38	3	3.65958e-10	0.000e+00	0.000e+00
chr19_43540170_A_C_b38	3	3.65958e-10	0.000e+00	0.000e+00
chr19_43553820_G_A_b38	3	3.65958e-10	0.000e+00	0.000e+00
