chr9_33677351_GT_G_b38	1	4.74720e-02	5.168e-01	1.723e-01
chr9_33676829_G_T_b38	1	4.74720e-02	5.168e-01	1.723e-01
chr9_33676775_G_C_b38	1	4.74720e-02	5.168e-01	1.723e-01
chr9_33677004_C_G_b38	1	4.74720e-02	5.168e-01	1.723e-01
chr9_33677341_A_C_b38	1	4.74720e-02	5.168e-01	1.723e-01
chr9_33677151_G_C_b38	1	4.74720e-02	5.168e-01	1.723e-01
chr9_33677170_T_TC_b38	1	4.74720e-02	5.168e-01	1.723e-01
chr9_33677182_A_G_b38	1	4.74720e-02	5.168e-01	1.723e-01
chr9_33677476_C_T_b38	1	4.74212e-02	5.170e-01	1.722e-01
chr9_33677187_G_C_b38	1	4.59460e-02	5.141e-01	1.719e-01
chr9_33677385_GGCC_G_b38	1	1.30502e-02	4.760e-01	1.979e-01
chr9_33679356_G_A_b38	1	9.49286e-03	5.169e-01	1.705e-01
chr9_33679602_ATG_A_b38	1	9.49286e-03	5.169e-01	1.705e-01
chr9_33679508_G_A_b38	1	9.49286e-03	5.169e-01	1.705e-01
chr9_33678307_G_A_b38	1	9.49286e-03	5.169e-01	1.705e-01
chr9_33677084_G_A_b38	1	7.99843e-03	3.895e-01	1.893e-01
chr9_33676175_C_T_b38	1	7.79109e-03	5.171e-01	1.704e-01
chr9_33681448_A_C_b38	1	6.62864e-03	5.219e-01	1.668e-01
chr9_33673794_A_G_b38	1	5.55601e-03	5.173e-01	1.707e-01
chr9_33674503_C_T_b38	1	5.55601e-03	5.173e-01	1.707e-01
chr9_33672344_T_A_b38	1	5.55601e-03	5.173e-01	1.707e-01
chr9_33672538_C_A_b38	1	5.55601e-03	5.173e-01	1.707e-01
chr9_33673937_C_T_b38	1	5.55601e-03	5.173e-01	1.707e-01
chr9_33672393_T_C_b38	1	5.55601e-03	5.173e-01	1.707e-01
chr9_33673798_C_A_b38	1	5.55601e-03	5.173e-01	1.707e-01
chr9_33679778_G_A_b38	1	4.96315e-03	5.179e-01	1.707e-01
chr9_33680994_T_C_b38	1	4.96315e-03	5.179e-01	1.707e-01
chr9_33681811_G_A_b38	1	4.96315e-03	5.179e-01	1.707e-01
chr9_33680603_G_T_b38	1	4.96315e-03	5.179e-01	1.707e-01
chr9_33682141_A_C_b38	1	4.96315e-03	5.179e-01	1.707e-01
chr9_33682137_C_CGT_b38	1	4.96315e-03	5.179e-01	1.707e-01
chr9_33681450_A_C_b38	1	4.96315e-03	5.179e-01	1.707e-01
chr9_33685837_C_T_b38	1	3.75296e-03	5.179e-01	1.707e-01
chr9_33685399_G_A_b38	1	3.75296e-03	5.179e-01	1.707e-01
chr9_33685273_C_T_b38	1	3.75296e-03	5.179e-01	1.707e-01
chr9_33683800_C_G_b38	1	3.75296e-03	5.179e-01	1.707e-01
chr9_33687193_A_G_b38	1	3.75296e-03	5.179e-01	1.707e-01
chr9_33684949_T_C_b38	1	3.75296e-03	5.179e-01	1.707e-01
chr9_33686112_A_G_b38	1	3.75296e-03	5.179e-01	1.707e-01
chr9_33683569_G_C_b38	1	3.75296e-03	5.179e-01	1.707e-01
chr9_33683742_T_C_b38	1	3.75296e-03	5.179e-01	1.707e-01
chr9_33669386_A_G_b38	1	3.02313e-03	5.188e-01	1.707e-01
chr9_33667282_G_A_b38	1	3.02313e-03	5.188e-01	1.707e-01
chr9_33667496_T_A_b38	1	3.02313e-03	5.188e-01	1.707e-01
chr9_33669134_G_A_b38	1	3.02313e-03	5.188e-01	1.707e-01
chr9_33667566_C_T_b38	1	3.02313e-03	5.188e-01	1.707e-01
chr9_33667639_G_A_b38	1	3.02313e-03	5.188e-01	1.707e-01
chr9_33669651_A_G_b38	1	3.02313e-03	5.188e-01	1.707e-01
chr9_33691385_A_C_b38	1	1.80389e-03	5.193e-01	1.707e-01
chr9_33688471_T_A_b38	1	1.80389e-03	5.193e-01	1.707e-01
chr9_33687631_C_T_b38	1	1.80389e-03	5.193e-01	1.707e-01
chr9_33687890_C_T_b38	1	1.80389e-03	5.193e-01	1.707e-01
chr9_33687513_C_G_b38	1	1.80389e-03	5.193e-01	1.707e-01
chr9_33664734_C_G_b38	1	1.59962e-03	5.202e-01	1.707e-01
chr9_33662559_G_C_b38	1	1.59962e-03	5.202e-01	1.707e-01
chr9_33662916_C_G_b38	1	1.59962e-03	5.202e-01	1.707e-01
chr9_33662595_G_A_b38	1	1.59962e-03	5.202e-01	1.707e-01
chr9_33667157_T_C_b38	1	1.59962e-03	5.202e-01	1.707e-01
chr9_33662085_G_T_b38	1	1.59962e-03	5.202e-01	1.707e-01
chr9_33662426_G_A_b38	1	1.59962e-03	5.202e-01	1.707e-01
chr9_33662787_A_C_b38	1	1.59962e-03	5.202e-01	1.707e-01
chr9_33663503_C_T_b38	1	1.59962e-03	5.202e-01	1.707e-01
chr9_33666718_T_C_b38	1	1.59962e-03	5.202e-01	1.707e-01
chr9_33663770_T_G_b38	1	1.59962e-03	5.202e-01	1.707e-01
chr9_33662952_T_C_b38	1	1.59962e-03	5.202e-01	1.707e-01
chr9_33684438_C_T_b38	1	1.55353e-03	4.079e-01	1.569e-01
chr9_33675132_C_T_b38	1	1.17460e-03	3.908e-01	1.884e-01
chr9_33669376_A_G_b38	1	1.13812e-03	4.630e-01	1.784e-01
chr9_33686226_A_C_b38	1	4.63093e-04	4.003e-01	1.884e-01
chr9_33721195_C_T_b38	1	4.28166e-04	5.291e-01	1.707e-01
chr9_33717760_A_T_b38	1	4.28166e-04	5.291e-01	1.707e-01
chr9_33710242_C_T_b38	1	4.28166e-04	5.291e-01	1.707e-01
chr9_33716806_A_C_b38	1	4.28166e-04	5.291e-01	1.707e-01
chr9_33719797_T_C_b38	1	4.28166e-04	5.291e-01	1.707e-01
chr9_33668641_A_G_b38	1	3.81560e-04	4.003e-01	1.884e-01
chr9_33669165_G_A_b38	1	3.81560e-04	4.003e-01	1.884e-01
chr9_33666450_G_A_b38	1	3.76899e-04	3.844e-01	1.532e-01
chr9_33692397_C_G_b38	1	3.39962e-04	4.838e-01	1.971e-01
chr9_33696246_G_T_b38	1	3.39962e-04	4.838e-01	1.971e-01
chr9_33680504_G_T_b38	2	4.23580e-02	2.041e-01	6.506e-02
chr9_33673027_T_C_b38	2	2.58017e-02	1.907e-01	6.440e-02
chr9_33682234_C_T_b38	2	2.32264e-02	1.907e-01	6.441e-02
chr9_33674679_C_T_b38	2	1.99215e-02	-1.928e-01	6.631e-02
chr9_33669942_G_A_b38	2	1.92268e-02	-2.203e-01	6.974e-02
chr9_33670887_C_T_b38	2	1.87693e-02	-2.155e-01	6.813e-02
chr9_33680618_A_C_b38	2	1.70948e-02	-1.903e-01	6.529e-02
chr9_33683010_C_G_b38	2	1.65096e-02	1.880e-01	6.329e-02
chr9_33685364_A_G_b38	2	1.65096e-02	1.880e-01	6.329e-02
chr9_33664302_T_A_b38	2	1.42464e-02	2.032e-01	6.468e-02
chr9_33671781_T_C_b38	2	1.36029e-02	1.880e-01	6.329e-02
chr9_33700903_C_T_b38	2	1.29852e-02	1.974e-01	6.369e-02
chr9_33692211_T_G_b38	2	1.17511e-02	-2.203e-01	6.974e-02
chr9_33699331_A_G_b38	2	1.14545e-02	-2.155e-01	6.813e-02
chr9_33667254_C_T_b38	2	1.03577e-02	-2.155e-01	6.813e-02
chr9_33695732_T_C_b38	2	8.07750e-03	1.882e-01	6.330e-02
chr9_33688472_T_A_b38	2	8.07750e-03	1.882e-01	6.330e-02
chr9_33925212_G_T_b38	2	7.69766e-03	-2.826e-01	6.807e-02
chr9_33696707_TTAAAAA_T_b38	2	6.22049e-03	-1.904e-01	6.531e-02
chr9_33698806_G_T_b38	2	6.22049e-03	-1.904e-01	6.531e-02
chr9_33771733_T_C_b38	2	4.68265e-03	2.110e-01	6.015e-02
chr9_33769184_A_G_b38	2	4.24121e-03	2.193e-01	6.326e-02
chr9_33776184_C_A_b38	2	4.24121e-03	2.193e-01	6.326e-02
chr9_33770141_A_ACT_b38	2	4.24121e-03	2.193e-01	6.326e-02
chr9_33704676_T_G_b38	2	4.13725e-03	1.979e-01	6.373e-02
chr9_33716777_T_G_b38	2	2.40448e-03	1.890e-01	6.338e-02
chr9_33713525_G_A_b38	2	2.40448e-03	1.890e-01	6.338e-02
chr9_33711248_T_C_b38	2	2.40448e-03	1.890e-01	6.338e-02
chr9_33711247_A_T_b38	2	2.40448e-03	1.890e-01	6.338e-02
chr9_33748129_C_T_b38	2	2.06448e-03	2.061e-01	6.329e-02
chr9_33704586_G_GGC_b38	2	2.03531e-03	1.869e-01	6.381e-02
chr9_33704587_T_TTTGCACTACGGG_b38	2	2.03531e-03	1.869e-01	6.381e-02
chr9_33721937_A_G_b38	2	1.73288e-03	-1.911e-01	6.540e-02
chr9_34043589_C_CCTCAACCTCCTGGA_b38	2	1.66561e-03	2.975e-01	6.872e-02
chr9_34005795_G_T_b38	2	1.66561e-03	2.975e-01	6.872e-02
chr9_34039231_T_G_b38	2	1.66561e-03	2.975e-01	6.872e-02
chr9_34055481_T_C_b38	2	1.66561e-03	2.975e-01	6.872e-02
chr9_34029621_G_A_b38	2	1.66561e-03	2.975e-01	6.872e-02
chr9_34047384_G_A_b38	2	1.66561e-03	2.975e-01	6.872e-02
chr9_33754114_T_C_b38	2	1.63406e-03	2.023e-01	6.297e-02
chr9_33876638_G_A_b38	2	1.61623e-03	-2.791e-01	7.355e-02
chr9_33902713_G_A_b38	2	1.61623e-03	-2.791e-01	7.355e-02
chr9_33838692_C_T_b38	2	1.61623e-03	-2.791e-01	7.355e-02
chr9_33858699_G_A_b38	2	1.61623e-03	-2.791e-01	7.355e-02
chr9_33829940_G_A_b38	2	1.61623e-03	-2.791e-01	7.355e-02
chr9_33835011_G_A_b38	2	1.61623e-03	-2.791e-01	7.355e-02
chr9_33894292_A_G_b38	2	1.61623e-03	-2.791e-01	7.355e-02
chr9_33733862_T_G_b38	2	1.61275e-03	2.018e-01	6.344e-02
chr9_33754319_C_T_b38	2	1.58282e-03	-2.255e-01	6.952e-02
chr9_33770934_G_A_b38	2	1.58282e-03	-2.255e-01	6.952e-02
chr9_33748155_A_G_b38	2	1.58282e-03	-2.255e-01	6.952e-02
chr9_33717586_A_G_b38	2	1.44586e-03	-2.054e-01	7.088e-02
chr9_33721010_T_G_b38	2	1.44586e-03	-2.054e-01	7.088e-02
chr9_33739742_T_C_b38	2	1.03770e-03	1.943e-01	6.331e-02
chr9_33745605_G_T_b38	2	1.03770e-03	1.943e-01	6.331e-02
chr9_33739702_T_G_b38	2	1.03770e-03	1.943e-01	6.331e-02
chr9_33761288_C_T_b38	2	9.09232e-04	-2.030e-01	6.647e-02
chr9_34051180_A_G_b38	2	8.71742e-04	2.866e-01	6.873e-02
chr9_34054550_A_G_b38	2	8.71742e-04	2.866e-01	6.873e-02
chr9_34056148_T_C_b38	2	8.71742e-04	2.866e-01	6.873e-02
chr9_33806771_TC_T_b38	2	8.52567e-04	-2.519e-01	6.869e-02
chr9_33806003_A_G_b38	2	8.52567e-04	-2.519e-01	6.869e-02
chr9_34056608_C_T_b38	2	8.44397e-04	2.943e-01	7.084e-02
chr9_33743490_G_A_b38	2	7.90931e-04	-1.969e-01	6.538e-02
chr9_33741594_G_C_b38	2	7.90931e-04	-1.969e-01	6.538e-02
chr9_33748876_C_T_b38	2	7.90931e-04	-1.969e-01	6.538e-02
chr9_33941455_G_C_b38	2	7.77896e-04	-2.829e-01	6.815e-02
chr9_33930791_G_A_b38	2	7.77896e-04	-2.829e-01	6.815e-02
chr9_33994498_G_A_b38	2	7.77896e-04	2.829e-01	6.815e-02
chr9_33932704_G_T_b38	2	7.77896e-04	-2.829e-01	6.815e-02
chr9_33999131_C_T_b38	2	7.77896e-04	2.829e-01	6.815e-02
chr9_33978303_A_G_b38	2	7.77896e-04	2.829e-01	6.815e-02
chr9_33971443_G_A_b38	2	7.77896e-04	-2.829e-01	6.815e-02
chr9_34023777_A_G_b38	2	7.77896e-04	2.829e-01	6.815e-02
chr9_33979775_G_A_b38	2	7.77896e-04	-2.829e-01	6.815e-02
chr9_33985037_T_C_b38	2	7.77896e-04	-2.829e-01	6.815e-02
chr9_34023574_C_T_b38	2	7.77896e-04	2.829e-01	6.815e-02
chr9_34011995_C_CATT_b38	2	7.77896e-04	2.829e-01	6.815e-02
chr9_33951954_G_C_b38	2	7.77896e-04	-2.829e-01	6.815e-02
chr9_33942667_T_C_b38	2	7.77896e-04	-2.829e-01	6.815e-02
chr9_33968456_G_A_b38	2	7.77896e-04	-2.829e-01	6.815e-02
chr9_33932442_T_G_b38	2	7.77896e-04	-2.829e-01	6.815e-02
chr9_34004504_T_C_b38	2	7.77896e-04	2.829e-01	6.815e-02
chr9_33930187_C_T_b38	2	7.77896e-04	-2.829e-01	6.815e-02
chr9_33966604_C_T_b38	2	7.77896e-04	-2.829e-01	6.815e-02
chr9_34011805_C_G_b38	2	7.77896e-04	2.829e-01	6.815e-02
chr9_33955550_C_T_b38	2	7.77896e-04	-2.829e-01	6.815e-02
chr9_33973326_A_G_b38	2	7.77896e-04	-2.829e-01	6.815e-02
chr9_34025436_C_T_b38	2	7.77896e-04	2.829e-01	6.815e-02
chr9_33932340_A_G_b38	2	7.77896e-04	-2.829e-01	6.815e-02
chr9_34003517_A_G_b38	2	7.77896e-04	2.829e-01	6.815e-02
chr9_33778047_TA_T_b38	2	7.77653e-04	2.241e-01	6.314e-02
chr9_33731381_T_C_b38	2	7.41959e-04	1.878e-01	6.389e-02
chr9_33785965_G_A_b38	2	7.32208e-04	2.220e-01	6.236e-02
chr9_33792267_G_A_b38	2	7.32208e-04	2.220e-01	6.236e-02
chr9_33766538_G_A_b38	2	6.65185e-04	1.898e-01	6.353e-02
chr9_33980994_G_A_b38	2	5.49077e-04	-2.796e-01	6.885e-02
chr9_33928225_T_C_b38	2	5.47037e-04	-2.777e-01	6.827e-02
chr9_33782143_G_A_b38	2	5.09107e-04	-2.427e-01	7.017e-02
chr9_33781282_G_A_b38	2	5.09107e-04	-2.427e-01	7.017e-02
chr9_33785247_G_A_b38	2	4.55390e-04	2.253e-01	6.241e-02
chr9_33796692_TGAG_T_b38	2	4.35242e-04	-2.552e-01	7.503e-02
chr9_33925370_T_A_b38	2	4.29599e-04	-2.202e-01	6.166e-02
chr9_33778401_G_A_b38	2	3.85032e-04	2.080e-01	6.197e-02
chr9_33901237_A_G_b38	2	3.29750e-04	-2.115e-01	6.296e-02
chr9_33818259_T_C_b38	2	3.29750e-04	-2.115e-01	6.296e-02
chr9_33893075_A_G_b38	2	3.29750e-04	-2.115e-01	6.296e-02
chr9_33894947_C_T_b38	2	3.29750e-04	-2.115e-01	6.296e-02
chr9_34024810_C_G_b38	2	3.07573e-04	-2.857e-01	7.299e-02
chr9_33797058_A_T_b38	2	3.01690e-04	2.174e-01	6.279e-02
chr9_33791035_G_T_b38	2	3.01690e-04	2.174e-01	6.279e-02
chr9_33791166_T_C_b38	2	3.01690e-04	2.174e-01	6.279e-02
chr9_33795788_T_G_b38	2	2.82766e-04	-2.553e-01	7.812e-02
chr9_33819557_A_T_b38	2	2.79414e-04	-2.146e-01	6.232e-02
chr9_33825231_C_T_b38	2	2.79414e-04	-2.146e-01	6.232e-02
chr9_33902038_T_C_b38	2	2.79414e-04	-2.146e-01	6.232e-02
chr9_33845081_G_T_b38	2	2.79414e-04	-2.146e-01	6.232e-02
chr9_33897564_T_C_b38	2	2.79414e-04	-2.146e-01	6.232e-02
chr9_33819957_A_G_b38	2	2.79414e-04	-2.146e-01	6.232e-02
chr9_33836657_A_G_b38	2	2.79414e-04	-2.146e-01	6.232e-02
chr9_33870046_T_C_b38	2	2.79414e-04	-2.146e-01	6.232e-02
chr9_33892725_A_G_b38	2	2.79414e-04	-2.146e-01	6.232e-02
chr9_33917500_T_C_b38	2	2.79414e-04	-2.146e-01	6.232e-02
chr9_33890934_A_G_b38	2	2.79414e-04	-2.146e-01	6.232e-02
chr9_33907951_T_C_b38	2	2.79414e-04	-2.146e-01	6.232e-02
chr9_33921979_G_C_b38	2	2.79414e-04	-2.146e-01	6.232e-02
chr9_33875960_G_A_b38	2	2.79414e-04	-2.146e-01	6.232e-02
chr9_33850685_C_CT_b38	2	2.79414e-04	-2.146e-01	6.232e-02
chr9_33889794_T_C_b38	2	2.79414e-04	-2.146e-01	6.232e-02
chr9_33913383_T_C_b38	2	2.79414e-04	-2.146e-01	6.232e-02
chr9_33826629_GGA_G_b38	2	2.79414e-04	-2.146e-01	6.232e-02
chr9_33906397_T_C_b38	2	2.79414e-04	-2.146e-01	6.232e-02
chr9_33900621_G_C_b38	2	2.79414e-04	-2.146e-01	6.232e-02
chr9_33905527_G_C_b38	2	2.79414e-04	-2.146e-01	6.232e-02
chr9_33888755_A_G_b38	2	2.79414e-04	-2.146e-01	6.232e-02
chr9_33833001_C_A_b38	2	2.71313e-04	-2.142e-01	6.239e-02
chr9_33812128_G_C_b38	2	2.64445e-04	-2.149e-01	6.275e-02
chr9_33887927_G_A_b38	2	2.48822e-04	-2.149e-01	6.580e-02
chr9_33810869_A_G_b38	2	2.35398e-04	-2.126e-01	6.297e-02
chr9_33896594_T_C_b38	2	2.33904e-04	-2.125e-01	6.289e-02
chr9_33800630_A_G_b38	2	2.26531e-04	-2.280e-01	7.133e-02
chr9_33677112_A_AC_b38	3	5.30100e-03	-1.569e-01	8.361e-02
chr9_33677602_T_C_b38	3	5.25015e-03	-1.567e-01	8.362e-02
chr9_33678487_T_G_b38	3	3.98233e-04	-1.291e-01	7.594e-02
chr9_33678401_T_C_b38	3	3.34147e-04	-1.194e-01	7.624e-02
chr9_33679275_T_C_b38	3	2.92317e-04	-1.106e-01	7.569e-02
chr9_33685856_T_C_b38	3	1.25260e-04	-1.106e-01	7.569e-02
chr9_33683351_T_A_b38	3	1.25260e-04	-1.106e-01	7.569e-02
chr9_33683715_T_C_b38	3	1.25260e-04	-1.106e-01	7.569e-02
chr9_33678415_A_C_b38	3	1.23723e-04	-7.572e-03	7.610e-02
chr9_33676096_C_G_b38	3	1.01768e-04	-7.572e-03	7.610e-02
chr9_33675631_A_C_b38	3	9.99748e-05	5.227e-03	7.461e-02
chr9_33669755_A_C_b38	3	9.18261e-05	-1.022e-01	7.490e-02
chr9_33669771_A_C_b38	3	8.93479e-05	-9.982e-02	7.426e-02
chr9_33668657_T_G_b38	3	8.19819e-05	-9.390e-02	7.435e-02
chr9_33673110_G_A_b38	3	7.60663e-05	5.227e-03	7.461e-02
chr9_33672809_A_C_b38	3	7.60663e-05	5.227e-03	7.461e-02
chr9_33690594_C_A_b38	3	7.21044e-05	-1.194e-01	7.624e-02
chr9_33696955_C_T_b38	3	7.21044e-05	-1.194e-01	7.624e-02
chr9_33683259_T_C_b38	3	6.32119e-05	2.098e-02	9.390e-02
chr9_33686197_C_T_b38	3	6.32119e-05	2.098e-02	9.390e-02
chr9_33688273_G_A_b38	3	6.30781e-05	-1.106e-01	7.569e-02
chr9_33692591_G_A_b38	3	6.30781e-05	-1.106e-01	7.569e-02
chr9_33698106_C_G_b38	3	6.30781e-05	-1.106e-01	7.569e-02
chr9_33662183_TCTGTAGCCCCAA_T_b38	3	5.24532e-05	-1.058e-01	7.660e-02
chr9_33662391_A_G_b38	3	4.53849e-05	-9.390e-02	7.435e-02
chr9_33663110_C_T_b38	3	4.53849e-05	-9.390e-02	7.435e-02
chr9_33663112_C_A_b38	3	4.53849e-05	-9.390e-02	7.435e-02
chr9_33670492_C_G_b38	3	4.29125e-05	5.227e-03	7.461e-02
chr9_33725600_C_T_b38	3	2.45534e-05	-1.194e-01	7.624e-02
chr9_33724896_A_T_b38	3	2.45534e-05	-1.194e-01	7.624e-02
chr9_33666011_C_T_b38	3	2.37562e-05	5.227e-03	7.461e-02
chr9_33663513_C_T_b38	3	2.37562e-05	5.227e-03	7.461e-02
chr9_33715823_T_G_b38	3	2.14797e-05	-1.106e-01	7.569e-02
chr9_33715240_T_C_b38	3	2.14797e-05	-1.106e-01	7.569e-02
chr9_33713111_TA_T_b38	3	2.14797e-05	-1.106e-01	7.569e-02
chr9_33708509_A_G_b38	3	2.14797e-05	-1.106e-01	7.569e-02
chr9_33703777_T_C_b38	3	2.14797e-05	-1.106e-01	7.569e-02
chr9_33706395_A_G_b38	3	2.14797e-05	-1.106e-01	7.569e-02
chr9_33726232_G_A_b38	3	2.14797e-05	-1.106e-01	7.569e-02
chr9_33723378_A_G_b38	3	2.14797e-05	-1.106e-01	7.569e-02
chr9_33719279_C_G_b38	3	2.14797e-05	-1.106e-01	7.569e-02
chr9_33722660_T_C_b38	3	2.14797e-05	-1.106e-01	7.569e-02
