chr4_987144_G_A_b38	1	6.10629e-01	3.414e-01	3.006e-02
chr4_987108_C_A_b38	1	3.89363e-01	3.508e-01	2.894e-02
chr4_1001194_G_A_b38	2	1.34800e-01	3.052e-01	3.730e-02
chr4_1002131_G_C_b38	2	1.05865e-01	3.045e-01	3.732e-02
chr4_1002772_C_G_b38	2	9.05300e-02	3.035e-01	3.726e-02
chr4_1003100_C_T_b38	2	8.46190e-02	3.046e-01	3.732e-02
chr4_1002209_A_G_b38	2	6.88211e-02	3.017e-01	3.704e-02
chr4_1001634_G_C_b38	2	6.71928e-02	3.054e-01	3.789e-02
chr4_1001671_C_T_b38	2	6.62336e-02	3.029e-01	3.723e-02
chr4_1002377_G_A_b38	2	6.62336e-02	3.029e-01	3.723e-02
chr4_1002460_G_C_b38	2	6.62336e-02	3.029e-01	3.723e-02
chr4_1003697_T_G_b38	2	6.02424e-02	2.987e-01	3.740e-02
chr4_1002902_G_A_b38	2	4.94996e-02	3.025e-01	3.722e-02
chr4_1001319_C_G_b38	2	4.26258e-02	3.020e-01	3.733e-02
chr4_1002224_G_C_b38	2	4.11418e-02	2.993e-01	3.689e-02
chr4_1001517_T_C_b38	2	2.16795e-02	3.001e-01	3.695e-02
chr4_1002980_T_C_b38	2	1.20418e-02	2.948e-01	3.645e-02
chr4_1003307_T_C_b38	2	1.03211e-02	2.770e-01	3.442e-02
chr4_1000223_G_T_b38	2	9.31833e-03	3.014e-01	3.801e-02
chr4_1000626_G_A_b38	2	2.59250e-03	2.964e-01	3.793e-02
chr4_1005657_C_G_b38	2	5.04152e-07	0.000e+00	0.000e+00
chr4_1015184_G_A_b38	2	2.49072e-07	0.000e+00	0.000e+00
chr4_1011076_T_C_b38	2	8.27948e-08	0.000e+00	0.000e+00
chr4_1011075_T_G_b38	2	8.27948e-08	0.000e+00	0.000e+00
chr4_1013199_C_T_b38	2	1.67645e-10	0.000e+00	0.000e+00
chr4_1013447_C_T_b38	2	1.67645e-10	0.000e+00	0.000e+00
chr4_1026603_C_G_b38	2	1.12714e-10	0.000e+00	0.000e+00
chr4_960186_T_G_b38	3	7.48306e-01	-3.055e-01	3.868e-02
chr4_965703_A_G_b38	3	1.17970e-01	-2.877e-01	3.869e-02
chr4_987183_T_G_b38	3	5.95878e-02	-2.634e-01	4.262e-02
chr4_959727_T_TG_b38	3	3.08683e-02	-2.799e-01	3.781e-02
chr4_977051_T_C_b38	3	2.05622e-02	-2.828e-01	4.044e-02
chr4_966293_G_A_b38	3	1.16843e-02	-2.809e-01	4.224e-02
chr4_960489_T_C_b38	3	1.10105e-02	-2.940e-01	3.967e-02
chr4_976019_A_G_b38	3	3.64419e-06	0.000e+00	0.000e+00
chr4_1025909_C_G_b38	4	6.73806e-01	1.972e-01	3.140e-02
chr4_1024917_C_A_b38	4	2.92156e-01	1.901e-01	3.097e-02
chr4_1001247_TGCACCCCTATCACCCAGGCC_T_b38	4	2.44939e-02	1.817e-01	3.208e-02
chr4_1012412_G_A_b38	4	8.89376e-03	1.864e-01	3.222e-02
chr4_1016112_G_C_b38	4	3.56589e-04	1.899e-01	3.312e-02
chr4_1020384_G_A_b38	4	9.79362e-24	0.000e+00	0.000e+00
chr4_1017273_TGGCCTCGTTC_T_b38	4	8.97372e-24	0.000e+00	0.000e+00
chr4_1013136_C_T_b38	4	7.66656e-24	0.000e+00	0.000e+00
chr4_1022056_C_G_b38	4	6.99009e-24	0.000e+00	0.000e+00
chr4_1020278_G_A_b38	4	6.99009e-24	0.000e+00	0.000e+00
chr4_1020130_G_A_b38	4	6.99009e-24	0.000e+00	0.000e+00
chr4_981450_C_T_b38	5	1.56716e-02	-1.160e-01	4.307e-02
chr4_963496_C_T_b38	5	8.54296e-03	-1.158e-01	4.272e-02
chr4_993631_C_CG_b38	5	8.25877e-03	-1.046e-01	4.325e-02
chr4_960953_C_G_b38	5	5.00063e-03	-1.235e-01	4.277e-02
chr4_894724_T_C_b38	5	3.37721e-03	-1.267e-01	3.998e-02
chr4_947730_C_T_b38	5	3.26168e-03	-1.158e-01	4.230e-02
chr4_887440_C_T_b38	5	3.18608e-03	-1.245e-01	3.940e-02
chr4_909643_TTC_T_b38	5	1.93336e-03	-1.205e-01	4.002e-02
chr4_892731_G_A_b38	5	1.93336e-03	-1.205e-01	4.002e-02
chr4_887407_C_T_b38	5	1.93336e-03	-1.205e-01	4.002e-02
chr4_892273_G_A_b38	5	1.93336e-03	-1.205e-01	4.002e-02
chr4_888108_C_T_b38	5	1.93336e-03	-1.205e-01	4.002e-02
chr4_928998_GT_G_b38	5	1.73869e-03	-1.199e-01	4.034e-02
chr4_889061_C_T_b38	5	1.35988e-03	1.160e-01	3.984e-02
chr4_889057_C_T_b38	5	1.28588e-03	1.153e-01	3.987e-02
chr4_957373_C_T_b38	5	1.13530e-03	-9.938e-02	4.230e-02
chr4_976303_A_G_b38	5	1.08190e-03	-7.281e-02	3.860e-02
chr4_860444_T_C_b38	5	2.25201e-04	-1.195e-01	3.800e-02
chr4_886469_G_A_b38	5	9.01392e-05	0.000e+00	0.000e+00
chr4_871642_G_A_b38	5	8.24945e-05	0.000e+00	0.000e+00
chr4_873454_C_T_b38	5	8.24945e-05	0.000e+00	0.000e+00
chr4_881551_C_A_b38	5	8.24945e-05	0.000e+00	0.000e+00
chr4_872153_A_G_b38	5	8.24945e-05	0.000e+00	0.000e+00
chr4_881367_G_A_b38	5	8.24945e-05	0.000e+00	0.000e+00
chr4_881883_T_C_b38	5	8.24945e-05	0.000e+00	0.000e+00
chr4_989272_T_C_b38	6	4.66406e-05	0.000e+00	0.000e+00
chr4_991939_A_G_b38	6	1.51315e-05	0.000e+00	0.000e+00
chr4_984600_A_G_b38	6	1.50174e-05	0.000e+00	0.000e+00
chr4_993488_T_C_b38	6	9.54919e-06	0.000e+00	0.000e+00
chr4_983482_G_A_b38	6	5.69596e-06	0.000e+00	0.000e+00
chr4_981349_T_C_b38	6	2.23577e-06	0.000e+00	0.000e+00
chr4_973543_C_A_b38	6	1.85454e-06	0.000e+00	0.000e+00
chr4_993603_C_G_b38	6	6.51744e-07	0.000e+00	0.000e+00
chr4_959910_A_C_b38	6	2.59444e-18	0.000e+00	0.000e+00
chr4_960459_G_T_b38	6	2.59444e-18	0.000e+00	0.000e+00
chr4_959405_TC_T_b38	6	2.26404e-18	0.000e+00	0.000e+00
chr4_973547_G_T_b38	6	2.82802e-19	0.000e+00	0.000e+00
chr4_975517_G_T_b38	6	9.44489e-20	0.000e+00	0.000e+00
chr4_993555_G_T_b38	6	3.36032e-20	0.000e+00	0.000e+00
chr4_962259_A_G_b38	6	1.48099e-21	0.000e+00	0.000e+00
chr4_961296_A_G_b38	6	1.88204e-22	0.000e+00	0.000e+00
