chr5_56909530_A_G_b38	1	6.40923e-01	1.043e+00	7.301e-02
chr5_56926111_T_C_b38	1	1.08692e-01	1.091e+00	8.082e-02
chr5_56930997_CT_C_b38	1	1.08692e-01	1.091e+00	8.082e-02
chr5_56947858_T_C_b38	1	2.81260e-02	-1.098e+00	8.281e-02
chr5_56946496_C_T_b38	1	2.81260e-02	-1.098e+00	8.281e-02
chr5_56941308_T_A_b38	1	2.81260e-02	-1.098e+00	8.281e-02
chr5_56951701_G_T_b38	1	2.81260e-02	-1.098e+00	8.281e-02
chr5_56941328_G_A_b38	1	2.81260e-02	-1.098e+00	8.281e-02
chr5_56910246_G_T_b38	2	1.56530e-01	2.616e-01	5.811e-02
chr5_56912587_G_T_b38	2	8.15882e-02	2.741e-01	5.853e-02
chr5_56917845_G_A_b38	2	5.60990e-02	2.741e-01	5.848e-02
chr5_56916768_C_T_b38	2	5.60990e-02	2.741e-01	5.848e-02
chr5_56915096_G_A_b38	2	5.60990e-02	2.741e-01	5.848e-02
chr5_56916164_C_T_b38	2	5.60990e-02	2.741e-01	5.848e-02
chr5_56910848_C_A_b38	2	3.91311e-02	2.500e-01	5.920e-02
chr5_56924555_T_C_b38	2	3.05939e-02	2.742e-01	5.844e-02
chr5_56919325_T_C_b38	2	3.05939e-02	2.742e-01	5.844e-02
chr5_56933953_GGA_G_b38	2	3.05939e-02	2.742e-01	5.844e-02
chr5_56907946_G_A_b38	2	2.92400e-02	2.334e-01	5.744e-02
chr5_56913423_G_A_b38	2	2.45420e-02	2.532e-01	5.869e-02
chr5_56911965_C_T_b38	2	2.45420e-02	2.532e-01	5.869e-02
chr5_56909835_T_G_b38	2	2.05410e-02	2.166e-01	5.992e-02
chr5_56917579_G_C_b38	2	1.69421e-02	2.532e-01	5.869e-02
chr5_56917507_C_T_b38	2	1.69421e-02	2.532e-01	5.869e-02
chr5_56926531_A_T_b38	2	9.24354e-03	2.532e-01	5.866e-02
chr5_56933461_C_T_b38	2	9.24354e-03	2.532e-01	5.866e-02
chr5_56925501_A_G_b38	2	9.24354e-03	2.532e-01	5.866e-02
chr5_56930583_T_C_b38	2	9.24354e-03	2.532e-01	5.866e-02
chr5_56950783_A_G_b38	2	9.07256e-03	-2.772e-01	5.795e-02
chr5_56939721_C_T_b38	2	9.07256e-03	-2.772e-01	5.795e-02
chr5_56931499_T_A_b38	2	8.43220e-03	2.483e-01	5.742e-02
chr5_56928512_G_T_b38	2	8.43220e-03	2.483e-01	5.742e-02
chr5_56902323_A_C_b38	2	7.98970e-03	2.348e-01	5.762e-02
chr5_56903375_G_A_b38	2	6.95711e-03	2.351e-01	5.871e-02
chr5_56901589_G_A_b38	2	6.95711e-03	2.351e-01	5.871e-02
chr5_56954015_C_G_b38	2	5.36227e-03	-2.772e-01	5.778e-02
chr5_56901687_C_G_b38	2	5.12369e-03	2.311e-01	5.986e-02
chr5_56900019_A_G_b38	2	4.22804e-03	2.237e-01	5.915e-02
chr5_56903559_T_G_b38	2	4.14171e-03	2.404e-01	6.715e-02
chr5_56903093_C_T_b38	2	4.14171e-03	2.404e-01	6.715e-02
chr5_56904189_C_T_b38	2	4.14171e-03	2.404e-01	6.715e-02
chr5_56902394_GA_G_b38	2	4.10950e-03	2.408e-01	6.735e-02
chr5_56905523_A_G_b38	2	3.50139e-03	2.286e-01	7.036e-02
chr5_56944425_A_G_b38	2	2.58034e-03	-2.585e-01	5.733e-02
chr5_56909472_A_G_b38	3	4.80013e-03	-3.282e-02	9.003e-02
chr5_56908291_C_T_b38	3	1.16679e-03	-4.777e-02	9.077e-02
chr5_56910874_A_G_b38	3	4.11694e-04	-4.696e-02	8.718e-02
chr5_56911884_T_C_b38	3	2.31969e-04	-4.520e-02	8.713e-02
chr5_56917329_A_G_b38	3	7.33779e-05	-5.427e-02	9.210e-02
chr5_56917065_CATG_C_b38	3	7.33779e-05	-5.427e-02	9.210e-02
chr5_56918114_T_TATC_b38	3	7.24085e-05	-5.083e-02	9.090e-02
chr5_56918633_A_ACTT_b38	3	7.02662e-05	-5.126e-02	8.782e-02
chr5_56917812_A_C_b38	3	7.02662e-05	-5.126e-02	8.782e-02
chr5_56916359_A_G_b38	3	7.02662e-05	-5.126e-02	8.782e-02
chr5_56915577_T_C_b38	3	7.02662e-05	-5.126e-02	8.782e-02
chr5_56900449_G_A_b38	3	6.64127e-05	-3.821e-02	9.365e-02
chr5_56899963_A_G_b38	3	6.59253e-05	-5.569e-02	9.059e-02
chr5_56903684_C_T_b38	3	6.59110e-05	-5.083e-02	9.090e-02
chr5_56925710_A_G_b38	3	2.14187e-32	0.000e+00	0.000e+00
chr5_56929449_C_T_b38	3	2.14187e-32	0.000e+00	0.000e+00
chr5_56932640_G_A_b38	3	2.14187e-32	0.000e+00	0.000e+00
chr5_56926912_C_T_b38	3	2.14187e-32	0.000e+00	0.000e+00
chr5_56932618_G_A_b38	3	2.14187e-32	0.000e+00	0.000e+00
chr5_56928051_A_AT_b38	3	2.14187e-32	0.000e+00	0.000e+00
chr5_56932668_T_C_b38	3	2.08653e-32	0.000e+00	0.000e+00
chr5_56924887_T_C_b38	3	2.08653e-32	0.000e+00	0.000e+00
chr5_56897840_C_T_b38	3	2.06483e-32	0.000e+00	0.000e+00
chr5_56925172_G_A_b38	3	2.00969e-32	0.000e+00	0.000e+00
chr5_56921702_T_C_b38	3	2.00969e-32	0.000e+00	0.000e+00
chr5_56931552_G_GATAA_b38	3	2.00969e-32	0.000e+00	0.000e+00
chr5_56923871_T_C_b38	3	2.00969e-32	0.000e+00	0.000e+00
chr5_56921369_A_G_b38	3	2.00969e-32	0.000e+00	0.000e+00
chr5_56919926_G_A_b38	3	2.00969e-32	0.000e+00	0.000e+00
chr5_56897627_CCTGT_C_b38	3	1.80690e-32	0.000e+00	0.000e+00
chr5_56932213_T_C_b38	3	1.57636e-32	0.000e+00	0.000e+00
chr5_56945862_A_G_b38	3	7.17872e-33	0.000e+00	0.000e+00
chr5_56949442_C_G_b38	3	7.17872e-33	0.000e+00	0.000e+00
chr5_56948464_G_A_b38	3	7.17872e-33	0.000e+00	0.000e+00
chr5_56942377_G_A_b38	3	7.17872e-33	0.000e+00	0.000e+00
chr5_56941838_C_A_b38	3	7.17872e-33	0.000e+00	0.000e+00
chr5_56940186_C_T_b38	3	7.17872e-33	0.000e+00	0.000e+00
