chr1_205788696_C_T_b38	1	4.36232e-01	3.291e-01	6.644e-02
chr1_205770138_C_T_b38	1	1.76530e-01	2.752e-01	5.996e-02
chr1_205754444_C_T_b38	1	8.36626e-02	2.752e-01	5.995e-02
chr1_205751355_G_A_b38	1	8.36626e-02	2.752e-01	5.995e-02
chr1_205750404_G_A_b38	1	3.97544e-02	2.752e-01	5.994e-02
chr1_205775418_C_A_b38	1	2.56649e-02	2.380e-01	7.696e-02
chr1_205775090_C_T_b38	2	1.31675e-02	1.274e-01	1.153e-01
chr1_205769199_GGTT_G_b38	2	1.64703e-03	-1.774e-01	1.322e-01
chr1_205782054_C_T_b38	2	9.79942e-04	1.258e-01	1.148e-01
chr1_205764904_C_T_b38	2	6.78584e-04	-1.905e-01	1.306e-01
chr1_205754770_AT_A_b38	2	6.78584e-04	-1.905e-01	1.306e-01
chr1_205761445_G_T_b38	2	6.78584e-04	-1.905e-01	1.306e-01
chr1_205790748_T_C_b38	2	3.78452e-04	-5.761e-02	1.774e-01
chr1_205807729_C_T_b38	2	3.44307e-04	2.321e-01	1.004e-01
chr1_205820327_A_T_b38	2	3.11724e-04	2.075e-01	9.032e-02
chr1_205816357_G_T_b38	2	1.56141e-04	1.664e-01	9.091e-02
chr1_205816804_T_C_b38	2	1.56141e-04	1.664e-01	9.091e-02
chr1_205816510_C_G_b38	2	1.56141e-04	1.664e-01	9.091e-02
