chr12_132137079_G_A_b38	1	3.75104e-01	3.371e-01	5.290e-02
chr12_132124595_C_T_b38	1	1.89543e-01	3.396e-01	5.820e-02
chr12_132125134_G_A_b38	1	1.31623e-01	3.368e-01	6.280e-02
chr12_132125415_G_A_b38	1	1.31623e-01	3.368e-01	6.280e-02
chr12_132138844_G_C_b38	1	8.05128e-02	3.193e-01	8.503e-02
chr12_132138928_T_C_b38	1	8.05128e-02	3.193e-01	8.503e-02
chr12_132136830_A_G_b38	1	1.09686e-02	2.314e-01	1.507e-01
chr12_132144264_G_A_b38	2	2.29374e-01	-1.941e-01	1.154e-01
chr12_132146127_A_G_b38	2	1.90917e-02	-1.464e-01	7.906e-02
chr12_132139578_G_A_b38	2	8.58262e-03	-1.497e-01	8.892e-02
chr12_132139544_C_T_b38	2	8.58262e-03	-1.497e-01	8.892e-02
chr12_132134023_A_G_b38	2	3.32055e-03	-1.419e-01	5.432e-02
chr12_132134000_T_C_b38	2	3.16926e-03	-1.416e-01	5.503e-02
chr12_132141415_G_A_b38	2	1.65039e-03	-1.160e-01	6.704e-02
chr12_132139526_T_C_b38	2	1.65039e-03	-1.160e-01	6.704e-02
chr12_132126344_A_G_b38	2	1.18152e-03	-1.223e-01	5.117e-02
chr12_132136448_G_A_b38	2	1.11908e-03	-1.260e-01	6.267e-02
chr12_132137657_G_A_b38	2	8.84042e-04	-1.160e-01	6.704e-02
chr12_132134404_C_A_b38	2	8.84042e-04	-1.160e-01	6.704e-02
chr12_132124676_G_T_b38	2	8.53866e-04	-1.204e-01	5.962e-02
chr12_132141098_C_T_b38	3	4.26171e-02	2.760e-01	8.136e-02
chr12_132140560_G_A_b38	3	4.93428e-03	2.373e-01	9.636e-02
chr12_132141646_C_T_b38	3	6.33142e-04	5.747e-02	5.226e-02
chr12_132141880_G_A_b38	3	3.69639e-04	-5.099e-02	5.561e-02
chr12_132148365_T_G_b38	3	2.82924e-04	3.341e-03	8.553e-02
chr12_132167886_G_A_b38	4	3.43852e-04	-1.314e-01	4.639e-02
