chr2_202912503_C_T_b38	1	1.63831e-01	-2.157e-01	4.211e-02
chr2_202913477_A_T_b38	1	7.21383e-02	-2.239e-01	4.220e-02
chr2_202917018_G_A_b38	1	4.73166e-02	-2.238e-01	4.219e-02
chr2_202908514_G_A_b38	1	4.26652e-02	-2.238e-01	4.217e-02
chr2_202910989_G_A_b38	1	2.98462e-02	-2.155e-01	4.203e-02
chr2_202910752_G_A_b38	1	2.98462e-02	-2.155e-01	4.203e-02
chr2_202910011_G_C_b38	1	2.98462e-02	-2.155e-01	4.203e-02
chr2_202910025_G_A_b38	1	2.98462e-02	-2.155e-01	4.203e-02
chr2_202915792_A_G_b38	1	1.96125e-02	-2.153e-01	4.196e-02
chr2_202915756_T_C_b38	1	1.96125e-02	-2.153e-01	4.196e-02
chr2_202908261_C_T_b38	1	1.76763e-02	-2.153e-01	4.194e-02
chr2_202908963_A_G_b38	1	1.76763e-02	-2.153e-01	4.194e-02
chr2_202901840_T_C_b38	1	1.34248e-02	-2.234e-01	4.205e-02
chr2_202933642_TC_T_b38	1	1.30681e-02	-2.234e-01	4.205e-02
chr2_202929539_T_C_b38	1	1.30681e-02	-2.234e-01	4.205e-02
chr2_202922682_A_G_b38	1	1.30681e-02	-2.234e-01	4.205e-02
chr2_202906537_G_A_b38	1	1.10382e-02	-2.153e-01	4.194e-02
chr2_202904389_C_T_b38	1	1.10382e-02	-2.153e-01	4.194e-02
chr2_202904063_G_A_b38	1	1.10382e-02	-2.153e-01	4.194e-02
chr2_202906929_C_G_b38	1	1.10382e-02	-2.153e-01	4.194e-02
chr2_202905080_C_T_b38	1	1.10382e-02	-2.153e-01	4.194e-02
chr2_202922089_A_G_b38	1	1.07927e-02	-2.153e-01	4.194e-02
chr2_202918286_C_T_b38	1	1.07927e-02	2.153e-01	4.194e-02
chr2_202918761_G_A_b38	1	1.07927e-02	-2.153e-01	4.194e-02
chr2_202896433_TA_T_b38	1	5.51003e-03	-2.146e-01	4.165e-02
chr2_202888293_G_A_b38	1	5.51003e-03	-2.146e-01	4.165e-02
chr2_202896954_G_A_b38	1	5.51003e-03	-2.146e-01	4.165e-02
chr2_202891954_G_A_b38	1	5.51003e-03	-2.146e-01	4.165e-02
chr2_202893798_C_A_b38	1	5.51003e-03	-2.146e-01	4.165e-02
chr2_202893828_C_T_b38	1	5.51003e-03	-2.146e-01	4.165e-02
chr2_202893193_A_G_b38	1	5.51003e-03	-2.146e-01	4.165e-02
chr2_202893673_T_C_b38	1	5.51003e-03	-2.146e-01	4.165e-02
chr2_202888349_T_C_b38	1	5.51003e-03	-2.146e-01	4.165e-02
chr2_202887258_A_G_b38	1	5.51003e-03	-2.146e-01	4.165e-02
chr2_202901033_T_C_b38	1	5.50842e-03	-2.146e-01	4.165e-02
chr2_202900086_T_A_b38	1	5.50842e-03	-2.146e-01	4.165e-02
chr2_202898353_T_G_b38	1	5.50842e-03	-2.146e-01	4.165e-02
chr2_202929716_G_A_b38	1	5.36209e-03	-2.146e-01	4.165e-02
chr2_202924956_C_T_b38	1	5.36209e-03	-2.146e-01	4.165e-02
chr2_202926166_T_C_b38	1	5.36209e-03	-2.146e-01	4.165e-02
chr2_202936503_T_G_b38	1	5.36209e-03	-2.146e-01	4.165e-02
chr2_202933595_C_T_b38	1	5.36209e-03	-2.146e-01	4.165e-02
chr2_202924227_T_C_b38	1	5.36209e-03	-2.146e-01	4.165e-02
chr2_202927905_A_G_b38	1	5.36209e-03	-2.146e-01	4.165e-02
chr2_202922397_A_G_b38	1	5.36209e-03	-2.146e-01	4.165e-02
chr2_202926610_G_A_b38	1	5.36209e-03	-2.146e-01	4.165e-02
chr2_202931264_T_G_b38	1	5.36209e-03	-2.146e-01	4.165e-02
chr2_202931039_G_A_b38	1	5.36209e-03	-2.146e-01	4.165e-02
chr2_202927189_G_A_b38	1	5.36209e-03	-2.146e-01	4.165e-02
chr2_202875247_T_G_b38	1	5.20952e-03	-2.227e-01	4.175e-02
chr2_202879887_G_A_b38	1	4.89245e-03	-2.288e-01	4.284e-02
chr2_202960704_ACCTTCCCG_A_b38	1	3.10724e-03	-2.135e-01	4.067e-02
chr2_202882093_A_G_b38	1	2.14686e-03	-2.140e-01	4.143e-02
chr2_202873047_A_G_b38	1	2.14686e-03	-2.140e-01	4.143e-02
chr2_202865040_G_A_b38	1	2.14686e-03	-2.140e-01	4.143e-02
chr2_202873941_G_A_b38	1	2.14686e-03	-2.140e-01	4.143e-02
chr2_202879731_C_T_b38	1	2.14686e-03	-2.140e-01	4.143e-02
chr2_202877269_G_GGAAAA_b38	1	2.14686e-03	-2.140e-01	4.143e-02
chr2_202870143_C_A_b38	1	2.14686e-03	-2.140e-01	4.143e-02
chr2_202869642_A_T_b38	1	2.14686e-03	-2.140e-01	4.143e-02
chr2_202876075_C_T_b38	1	2.14686e-03	-2.140e-01	4.143e-02
chr2_202876215_G_C_b38	1	2.14686e-03	-2.140e-01	4.143e-02
chr2_202885549_C_T_b38	1	2.14686e-03	-2.140e-01	4.143e-02
chr2_202875287_C_T_b38	1	2.14686e-03	-2.140e-01	4.143e-02
chr2_202875547_A_C_b38	1	2.14686e-03	-2.140e-01	4.143e-02
chr2_202884716_T_C_b38	1	2.14686e-03	-2.140e-01	4.143e-02
chr2_202881162_T_C_b38	1	2.14686e-03	-2.140e-01	4.143e-02
chr2_202876138_T_C_b38	1	2.14686e-03	-2.140e-01	4.143e-02
chr2_202863724_G_A_b38	1	2.14686e-03	-2.140e-01	4.143e-02
chr2_202882799_A_G_b38	1	2.14686e-03	-2.140e-01	4.143e-02
chr2_202864454_C_G_b38	1	2.14686e-03	-2.140e-01	4.143e-02
chr2_202864261_C_T_b38	1	2.14686e-03	-2.140e-01	4.143e-02
chr2_202869266_G_A_b38	1	2.14686e-03	-2.140e-01	4.143e-02
chr2_202876639_A_T_b38	1	2.14686e-03	-2.140e-01	4.143e-02
chr2_202879722_G_A_b38	1	2.14686e-03	-2.140e-01	4.143e-02
chr2_202884053_T_C_b38	1	2.14686e-03	-2.140e-01	4.143e-02
chr2_202878716_TC_T_b38	1	2.14686e-03	-2.140e-01	4.143e-02
chr2_202871528_C_G_b38	1	2.14686e-03	-2.140e-01	4.143e-02
chr2_202880604_T_C_b38	1	2.14686e-03	-2.140e-01	4.143e-02
chr2_202887209_C_G_b38	1	2.14686e-03	-2.140e-01	4.143e-02
chr2_202875133_C_G_b38	1	2.14686e-03	-2.140e-01	4.143e-02
chr2_202823577_A_T_b38	1	2.11645e-03	-2.244e-01	4.123e-02
chr2_202814583_T_C_b38	1	2.11645e-03	-2.244e-01	4.123e-02
chr2_202957070_T_C_b38	1	1.97649e-03	-2.140e-01	4.143e-02
chr2_202944112_G_A_b38	1	1.97649e-03	-2.140e-01	4.143e-02
chr2_202940829_G_A_b38	1	1.97649e-03	-2.140e-01	4.143e-02
chr2_202947179_A_T_b38	1	1.97649e-03	-2.140e-01	4.143e-02
chr2_202958677_C_T_b38	1	1.97649e-03	-2.140e-01	4.143e-02
chr2_202961673_G_A_b38	1	1.97649e-03	-2.140e-01	4.143e-02
chr2_202949971_A_T_b38	1	1.97649e-03	-2.140e-01	4.143e-02
chr2_202947189_A_C_b38	1	1.97649e-03	-2.140e-01	4.143e-02
chr2_202939566_C_T_b38	1	1.97649e-03	-2.140e-01	4.143e-02
chr2_202941206_C_G_b38	1	1.97649e-03	-2.140e-01	4.143e-02
chr2_202954748_A_G_b38	1	1.97649e-03	-2.140e-01	4.143e-02
chr2_202941714_GTTAATTTT_G_b38	1	1.97649e-03	-2.140e-01	4.143e-02
chr2_202942001_C_T_b38	1	1.97649e-03	-2.140e-01	4.143e-02
chr2_202958168_C_G_b38	1	1.97649e-03	-2.140e-01	4.143e-02
chr2_202960383_A_G_b38	1	1.97649e-03	-2.140e-01	4.143e-02
chr2_202951771_G_A_b38	1	1.97649e-03	-2.140e-01	4.143e-02
chr2_202942360_A_T_b38	1	1.97649e-03	-2.140e-01	4.143e-02
chr2_202946905_G_A_b38	1	1.97649e-03	-2.140e-01	4.143e-02
chr2_202932091_C_G_b38	1	1.74397e-03	-2.027e-01	4.096e-02
chr2_202928653_C_A_b38	2	2.30167e-02	-9.880e-02	2.963e-02
chr2_202921551_A_G_b38	2	1.45241e-02	-8.960e-02	3.003e-02
chr2_202941216_T_C_b38	2	4.57092e-03	-9.645e-02	2.980e-02
chr2_202907094_A_C_b38	2	4.57049e-03	-7.601e-02	2.880e-02
chr2_202905306_T_C_b38	2	4.57049e-03	-7.601e-02	2.880e-02
chr2_202899141_C_T_b38	2	1.09532e-03	-7.052e-02	2.885e-02
chr2_202866131_G_A_b38	2	8.77775e-04	-8.047e-02	2.899e-02
chr2_202948200_C_A_b38	2	8.46286e-04	-8.377e-02	3.033e-02
chr2_202868828_C_T_b38	2	8.45229e-04	-8.023e-02	2.906e-02
chr2_202966629_G_A_b38	2	4.41586e-04	-9.182e-02	3.004e-02
chr2_202992245_CACTT_C_b38	2	3.98366e-04	-9.007e-02	2.985e-02
chr2_203007505_C_T_b38	2	2.34131e-04	-8.574e-02	2.989e-02
chr2_203009410_G_T_b38	2	2.34131e-04	-8.574e-02	2.989e-02
chr2_202991399_G_A_b38	2	1.33485e-04	-8.226e-02	3.018e-02
chr2_202841807_G_C_b38	2	1.27780e-04	-8.018e-02	2.907e-02
chr2_202885326_T_C_b38	2	8.78639e-05	-5.819e-02	2.749e-02
chr2_202848254_C_T_b38	2	7.88785e-05	-7.879e-02	2.908e-02
chr2_202849547_G_A_b38	2	7.69727e-05	-7.874e-02	2.916e-02
chr2_202836174_C_T_b38	2	7.61677e-05	-8.434e-02	3.181e-02
chr2_202856616_G_A_b38	2	6.49928e-05	-8.268e-02	3.201e-02
chr2_202852612_G_A_b38	2	4.51619e-05	-7.243e-02	2.930e-02
chr2_202912476_C_CT_b38	3	4.98694e-04	-3.611e-02	4.712e-02
chr2_202916348_C_T_b38	3	1.67859e-05	0.000e+00	0.000e+00
chr2_202918486_T_C_b38	3	8.31638e-06	0.000e+00	0.000e+00
chr2_202903616_C_T_b38	3	5.92840e-06	0.000e+00	0.000e+00
chr2_202896851_A_G_b38	3	2.28506e-06	0.000e+00	0.000e+00
chr2_202887305_C_A_b38	3	1.77204e-07	0.000e+00	0.000e+00
chr2_202887306_C_G_b38	3	1.77204e-07	0.000e+00	0.000e+00
chr2_202887302_G_GCA_b38	3	1.77204e-07	0.000e+00	0.000e+00
chr2_202898078_CA_C_b38	3	1.77204e-07	0.000e+00	0.000e+00
chr2_202928093_C_T_b38	3	1.61450e-07	0.000e+00	0.000e+00
chr2_202940311_A_G_b38	3	1.27728e-07	0.000e+00	0.000e+00
chr2_202874289_C_T_b38	3	8.74608e-08	0.000e+00	0.000e+00
chr2_202886008_C_G_b38	3	8.74608e-08	0.000e+00	0.000e+00
chr2_202878969_A_G_b38	3	8.74608e-08	0.000e+00	0.000e+00
chr2_202947124_T_C_b38	3	8.47112e-08	0.000e+00	0.000e+00
chr2_202953852_A_G_b38	3	8.47112e-08	0.000e+00	0.000e+00
chr2_202944807_A_AC_b38	3	8.47112e-08	0.000e+00	0.000e+00
chr2_202951131_T_C_b38	3	8.26449e-08	0.000e+00	0.000e+00
chr2_202941351_A_T_b38	3	8.26449e-08	0.000e+00	0.000e+00
chr2_202955052_A_T_b38	3	7.50673e-08	0.000e+00	0.000e+00
chr2_202867547_T_C_b38	3	7.03165e-08	0.000e+00	0.000e+00
chr2_202884669_C_CTTT_b38	3	6.57576e-08	0.000e+00	0.000e+00
chr2_202883871_A_G_b38	3	6.47685e-08	0.000e+00	0.000e+00
