chr7_1545607_C_T_b38	1	1.01740e-01	2.509e-01	4.035e-02
chr7_1547017_A_AGCC_b38	1	5.62756e-02	2.373e-01	3.887e-02
chr7_1545038_C_T_b38	1	5.19276e-02	2.471e-01	4.055e-02
chr7_1545099_G_A_b38	1	5.19276e-02	2.471e-01	4.055e-02
chr7_1544037_A_G_b38	1	5.19107e-02	2.472e-01	4.055e-02
chr7_1543652_A_G_b38	1	5.19107e-02	2.472e-01	4.055e-02
chr7_1547407_G_A_b38	1	4.78951e-02	2.439e-01	4.009e-02
chr7_1546603_A_G_b38	1	4.78951e-02	2.439e-01	4.009e-02
chr7_1529575_G_A_b38	1	4.20581e-02	2.395e-01	3.854e-02
chr7_1544305_C_T_b38	1	3.94169e-02	2.448e-01	4.048e-02
chr7_1549132_G_A_b38	1	2.11350e-02	2.334e-01	3.941e-02
chr7_1530484_G_C_b38	1	2.00046e-02	2.350e-01	3.865e-02
chr7_1549781_T_G_b38	1	1.85967e-02	2.334e-01	3.956e-02
chr7_1521588_C_G_b38	1	1.59190e-02	2.311e-01	3.831e-02
chr7_1528186_TA_T_b38	1	1.54585e-02	2.325e-01	3.854e-02
chr7_1529884_C_T_b38	1	1.53018e-02	2.326e-01	3.859e-02
chr7_1549420_G_A_b38	1	1.46680e-02	2.301e-01	3.931e-02
chr7_1550807_T_C_b38	1	1.44884e-02	2.300e-01	3.930e-02
chr7_1530457_A_G_b38	1	1.40245e-02	2.302e-01	3.825e-02
chr7_1549447_G_A_b38	1	1.36773e-02	2.299e-01	3.934e-02
chr7_1529294_G_A_b38	1	1.29050e-02	2.311e-01	3.851e-02
chr7_1522024_C_T_b38	1	1.20156e-02	2.312e-01	3.863e-02
chr7_1539735_C_T_b38	1	1.16281e-02	2.275e-01	3.918e-02
chr7_1545967_T_C_b38	1	1.04660e-02	2.314e-01	4.000e-02
chr7_1537068_C_A_b38	1	9.39415e-03	2.291e-01	3.975e-02
chr7_1554792_G_A_b38	1	9.13461e-03	2.165e-01	3.857e-02
chr7_1517984_C_T_b38	1	8.37602e-03	2.305e-01	3.894e-02
chr7_1523478_A_G_b38	1	7.57868e-03	2.252e-01	3.814e-02
chr7_1539638_G_A_b38	1	7.15295e-03	2.244e-01	3.931e-02
chr7_1548755_A_G_b38	1	6.90855e-03	2.299e-01	4.029e-02
chr7_1547230_T_C_b38	1	6.85142e-03	2.297e-01	4.029e-02
chr7_1549276_C_A_b38	1	6.22022e-03	2.261e-01	3.977e-02
chr7_1536581_A_G_b38	1	6.07113e-03	2.252e-01	3.968e-02
chr7_1525295_G_A_b38	1	4.81425e-03	2.195e-01	3.778e-02
chr7_1525174_C_T_b38	1	4.81425e-03	2.195e-01	3.778e-02
chr7_1547026_T_C_b38	1	4.27034e-03	2.249e-01	4.013e-02
chr7_1520262_G_T_b38	1	4.23841e-03	2.214e-01	3.826e-02
chr7_1524096_C_T_b38	1	4.00348e-03	2.194e-01	3.801e-02
chr7_1550644_A_G_b38	1	3.94859e-03	2.197e-01	3.933e-02
chr7_1543239_A_G_b38	1	3.78063e-03	2.275e-01	4.077e-02
chr7_1544845_T_C_b38	1	3.78063e-03	2.275e-01	4.077e-02
chr7_1522066_C_T_b38	1	3.76237e-03	2.211e-01	3.837e-02
chr7_1524459_C_T_b38	1	3.76237e-03	2.211e-01	3.837e-02
chr7_1550740_T_C_b38	1	3.46543e-03	2.222e-01	3.996e-02
chr7_1523153_T_C_b38	1	3.22887e-03	2.187e-01	3.815e-02
chr7_1521868_C_T_b38	1	3.22887e-03	2.187e-01	3.815e-02
chr7_1523071_G_A_b38	1	3.22887e-03	2.187e-01	3.815e-02
chr7_1523148_G_A_b38	1	3.22887e-03	2.187e-01	3.815e-02
chr7_1522099_G_A_b38	1	3.22887e-03	2.187e-01	3.815e-02
chr7_1523636_C_G_b38	1	3.22887e-03	2.187e-01	3.815e-02
chr7_1523246_A_G_b38	1	3.22887e-03	2.187e-01	3.815e-02
chr7_1523765_T_C_b38	1	3.22887e-03	2.187e-01	3.815e-02
chr7_1523012_C_A_b38	1	3.22887e-03	2.187e-01	3.815e-02
chr7_1520524_A_G_b38	1	3.22887e-03	2.187e-01	3.815e-02
chr7_1523050_T_C_b38	1	3.22887e-03	2.187e-01	3.815e-02
chr7_1523030_G_T_b38	1	3.22887e-03	2.187e-01	3.815e-02
chr7_1522882_A_G_b38	1	3.22887e-03	2.187e-01	3.815e-02
chr7_1522995_T_C_b38	1	3.22887e-03	2.187e-01	3.815e-02
chr7_1523389_C_T_b38	1	3.22887e-03	2.187e-01	3.815e-02
chr7_1521043_T_C_b38	1	3.22887e-03	2.187e-01	3.815e-02
chr7_1521086_G_A_b38	1	3.22887e-03	2.187e-01	3.815e-02
chr7_1522657_T_C_b38	1	3.22887e-03	2.187e-01	3.815e-02
chr7_1521818_T_C_b38	1	3.22887e-03	2.187e-01	3.815e-02
chr7_1521901_G_T_b38	1	3.22887e-03	2.187e-01	3.815e-02
chr7_1521562_G_A_b38	1	3.22887e-03	2.187e-01	3.815e-02
chr7_1521078_T_C_b38	1	3.22887e-03	2.187e-01	3.815e-02
chr7_1523410_T_C_b38	1	3.22887e-03	2.187e-01	3.815e-02
chr7_1548051_A_G_b38	1	3.22014e-03	2.255e-01	4.066e-02
chr7_1518010_T_C_b38	1	2.82946e-03	2.316e-01	4.056e-02
chr7_1519508_G_C_b38	1	2.62305e-03	2.324e-01	4.079e-02
chr7_1517129_C_T_b38	1	2.58009e-03	2.311e-01	4.046e-02
chr7_1529149_T_C_b38	1	2.49994e-03	2.162e-01	3.807e-02
chr7_1552361_G_C_b38	1	2.36149e-03	2.055e-01	3.853e-02
chr7_1523648_T_C_b38	1	2.34747e-03	2.170e-01	3.829e-02
chr7_1518331_T_C_b38	1	2.04477e-03	2.259e-01	3.997e-02
chr7_1528615_G_A_b38	1	2.02990e-03	2.294e-01	4.063e-02
chr7_1527739_T_C_b38	1	2.02990e-03	2.294e-01	4.063e-02
chr7_1525773_A_G_b38	1	1.99346e-03	2.286e-01	4.052e-02
chr7_1525709_T_C_b38	1	1.99346e-03	2.286e-01	4.052e-02
chr7_1523361_T_A_b38	1	1.99346e-03	2.286e-01	4.052e-02
chr7_1529782_C_T_b38	1	1.93868e-03	2.144e-01	3.810e-02
chr7_1552258_A_G_b38	1	1.91224e-03	2.026e-01	3.830e-02
chr7_1551798_A_G_b38	1	1.82240e-03	2.017e-01	3.822e-02
chr7_1522527_G_A_b38	1	1.73668e-03	2.207e-01	3.936e-02
chr7_1527813_A_G_b38	1	1.68750e-03	2.146e-01	3.834e-02
chr7_1519888_T_C_b38	1	1.67180e-03	2.152e-01	3.845e-02
chr7_1529813_C_T_b38	1	1.60151e-03	2.138e-01	3.827e-02
chr7_1541285_C_T_b38	1	1.59307e-03	2.106e-01	3.903e-02
chr7_1556203_A_G_b38	1	1.51411e-03	2.005e-01	3.890e-02
chr7_1544442_C_T_b38	1	1.45536e-03	2.117e-01	3.934e-02
chr7_1535975_G_A_b38	1	1.44599e-03	2.111e-01	3.930e-02
chr7_1536336_A_G_b38	1	1.35280e-03	2.121e-01	3.958e-02
chr7_1523237_A_G_b38	1	1.29833e-03	2.126e-01	3.835e-02
chr7_1560778_G_C_b38	2	8.86070e-02	9.944e-02	4.147e-02
chr7_1560107_G_A_b38	3	7.89090e-04	-1.404e-01	9.402e-02
chr7_1558678_C_G_b38	3	4.92648e-04	-1.844e-01	9.747e-02
chr7_1562685_CGTGA_C_b38	3	3.69482e-04	-1.579e-01	9.248e-02
chr7_1562574_C_T_b38	3	2.80632e-04	-1.546e-01	9.971e-02
chr7_1563299_A_T_b38	3	1.58340e-04	-1.281e-01	9.391e-02
chr7_1559108_G_A_b38	3	1.57837e-04	-1.329e-01	9.383e-02
chr7_1564435_G_T_b38	3	1.54478e-04	-1.576e-01	9.247e-02
chr7_1565311_G_A_b38	3	1.46134e-04	-1.537e-01	9.244e-02
chr7_1565479_G_A_b38	3	1.12323e-04	-1.544e-01	9.237e-02
chr7_1569754_G_C_b38	3	2.06712e-05	-1.476e-01	9.243e-02
chr7_1567994_A_G_b38	3	2.06712e-05	-1.476e-01	9.243e-02
chr7_1570357_C_G_b38	3	2.06712e-05	-1.476e-01	9.243e-02
chr7_1570513_G_A_b38	3	2.06712e-05	-1.476e-01	9.243e-02
chr7_1577674_G_A_b38	3	3.23346e-08	0.000e+00	0.000e+00
chr7_1576510_G_A_b38	3	3.23346e-08	0.000e+00	0.000e+00
chr7_1575572_A_T_b38	3	3.23346e-08	0.000e+00	0.000e+00
chr7_1571472_C_G_b38	3	3.23346e-08	0.000e+00	0.000e+00
chr7_1578858_G_A_b38	3	3.23346e-08	0.000e+00	0.000e+00
chr7_1556748_G_A_b38	3	3.18533e-08	0.000e+00	0.000e+00
chr7_1557028_G_C_b38	3	3.18533e-08	0.000e+00	0.000e+00
chr7_1543243_C_A_b38	3	7.22869e-09	0.000e+00	0.000e+00
chr7_1537723_G_A_b38	3	6.53930e-09	0.000e+00	0.000e+00
