chr20_32851659_AGT_A_b38	1	3.59133e-01	-2.736e-01	4.887e-02
chr20_32852422_G_A_b38	1	3.59133e-01	-2.736e-01	4.887e-02
chr20_32839829_C_T_b38	1	1.17705e-01	-2.724e-01	4.642e-02
chr20_32839536_C_T_b38	1	1.17705e-01	-2.724e-01	4.642e-02
chr20_32828097_G_C_b38	1	4.61917e-02	-2.706e-01	4.260e-02
chr20_32856132_T_C_b38	2	1.35578e-01	1.521e-01	6.115e-02
chr20_32861491_G_A_b38	2	3.84393e-02	1.369e-01	4.755e-02
chr20_32855780_A_G_b38	2	2.47999e-02	1.261e-01	5.963e-02
chr20_32861702_C_T_b38	2	2.31709e-02	1.367e-01	4.755e-02
chr20_32853969_C_T_b38	2	1.31173e-02	1.696e-01	6.929e-02
chr20_32851301_T_G_b38	2	4.24536e-03	1.252e-01	5.702e-02
chr20_32842032_T_C_b38	2	1.60230e-03	1.252e-01	5.702e-02
chr20_32842964_A_G_b38	2	1.34322e-03	1.211e-01	5.742e-02
chr20_32842830_T_C_b38	2	1.32759e-03	1.243e-01	5.944e-02
chr20_32841513_C_T_b38	2	1.32759e-03	1.243e-01	5.944e-02
chr20_32834379_G_A_b38	2	1.32759e-03	1.243e-01	5.944e-02
chr20_32839888_C_T_b38	2	1.32759e-03	1.243e-01	5.944e-02
chr20_32846163_A_G_b38	2	1.32759e-03	1.243e-01	5.944e-02
chr20_32834474_TAGA_T_b38	2	1.32759e-03	1.243e-01	5.944e-02
chr20_32813196_C_T_b38	2	8.10172e-04	1.184e-01	5.047e-02
chr20_32813520_G_A_b38	2	8.10172e-04	1.184e-01	5.047e-02
chr20_32880898_C_CAT_b38	3	1.34309e-02	2.275e-01	6.114e-02
chr20_32861043_G_A_b38	3	8.77227e-03	2.508e-01	7.722e-02
chr20_32871097_C_T_b38	3	6.00557e-03	2.015e-01	5.879e-02
chr20_32851403_A_G_b38	3	3.17369e-03	2.371e-01	7.646e-02
chr20_32861919_CTT_C_b38	3	1.36953e-03	2.788e-01	9.526e-02
chr20_32845211_T_G_b38	3	1.11643e-03	2.326e-01	7.623e-02
chr20_32834813_A_G_b38	3	1.11643e-03	2.326e-01	7.623e-02
chr20_32883751_C_T_b38	3	1.10495e-03	2.029e-01	6.119e-02
chr20_32858936_G_C_b38	3	5.22496e-04	1.402e-01	1.769e-01
chr20_32816941_A_G_b38	3	5.03128e-04	2.422e-01	7.375e-02
chr20_32815400_G_T_b38	3	5.03128e-04	2.422e-01	7.375e-02
chr20_32828783_T_A_b38	3	4.35408e-04	2.506e-01	7.731e-02
chr20_32811986_C_T_b38	3	4.27008e-04	1.588e-01	5.041e-02
chr20_32839678_TTTTG_T_b38	3	3.42614e-04	2.168e-01	7.891e-02
chr20_32837827_A_G_b38	3	1.56998e-05	-2.344e-01	3.681e-02
chr20_32851148_A_G_b38	3	3.05706e-06	0.000e+00	0.000e+00
chr20_32863545_C_A_b38	3	1.22743e-06	0.000e+00	0.000e+00
chr20_32863544_T_A_b38	3	1.22743e-06	0.000e+00	0.000e+00
chr20_32893130_C_T_b38	3	9.31162e-13	0.000e+00	0.000e+00
chr20_32857585_A_T_b38	4	3.04932e-04	5.880e-02	3.333e-02
chr20_32861580_C_T_b38	4	1.53843e-05	0.000e+00	0.000e+00
chr20_32854150_T_C_b38	4	1.10399e-05	0.000e+00	0.000e+00
chr20_32858839_A_G_b38	4	1.07885e-05	0.000e+00	0.000e+00
chr20_32860890_C_T_b38	4	3.48385e-06	0.000e+00	0.000e+00
chr20_32851549_A_G_b38	4	2.95055e-12	0.000e+00	0.000e+00
chr20_32837263_A_G_b38	4	1.48861e-12	0.000e+00	0.000e+00
chr20_32847454_T_G_b38	4	5.49049e-13	0.000e+00	0.000e+00
chr20_32848941_C_T_b38	4	5.13343e-13	0.000e+00	0.000e+00
chr20_32872781_G_A_b38	4	3.33555e-13	0.000e+00	0.000e+00
chr20_32871317_A_G_b38	4	3.33555e-13	0.000e+00	0.000e+00
chr20_32878728_C_T_b38	4	3.33555e-13	0.000e+00	0.000e+00
chr20_32838820_C_A_b38	4	3.01867e-13	0.000e+00	0.000e+00
chr20_32842385_A_G_b38	4	2.64827e-13	0.000e+00	0.000e+00
chr20_32842059_C_T_b38	4	2.64827e-13	0.000e+00	0.000e+00
chr20_32845384_C_T_b38	4	2.58991e-13	0.000e+00	0.000e+00
chr20_32830811_A_G_b38	4	1.16986e-13	0.000e+00	0.000e+00
chr20_32830775_T_C_b38	4	1.14190e-13	0.000e+00	0.000e+00
chr20_32821986_T_C_b38	4	1.05610e-13	0.000e+00	0.000e+00
chr20_32826651_A_C_b38	4	1.05610e-13	0.000e+00	0.000e+00
chr20_32822473_A_G_b38	4	1.05610e-13	0.000e+00	0.000e+00
chr20_32814463_A_G_b38	4	1.05610e-13	0.000e+00	0.000e+00
chr20_32824019_T_C_b38	4	1.05610e-13	0.000e+00	0.000e+00
chr20_32813930_T_C_b38	4	6.97506e-14	0.000e+00	0.000e+00
chr20_32816341_A_G_b38	4	6.22931e-14	0.000e+00	0.000e+00
chr20_32815404_T_G_b38	4	6.22931e-14	0.000e+00	0.000e+00
