chr1_39575699_G_GA_b38	1	5.29711e-01	-2.925e-01	2.486e-02
chr1_39562508_A_G_b38	1	5.87551e-02	-2.913e-01	2.490e-02
chr1_39572899_C_T_b38	1	3.82257e-02	-2.893e-01	2.508e-02
chr1_39557105_C_G_b38	1	3.68518e-02	-2.916e-01	2.503e-02
chr1_39501551_G_A_b38	1	2.85637e-02	-2.917e-01	2.465e-02
chr1_39501608_T_C_b38	1	2.85637e-02	-2.917e-01	2.465e-02
chr1_39505256_C_A_b38	1	2.85637e-02	-2.917e-01	2.465e-02
chr1_39503387_C_T_b38	1	2.85637e-02	-2.917e-01	2.465e-02
chr1_39570014_C_T_b38	1	2.55137e-02	-2.893e-01	2.508e-02
chr1_39571175_G_C_b38	1	2.55137e-02	-2.893e-01	2.508e-02
chr1_39579628_A_C_b38	1	2.37993e-02	-2.884e-01	2.511e-02
chr1_39580421_G_A_b38	1	2.26284e-02	-2.884e-01	2.512e-02
chr1_39578100_G_A_b38	1	1.69572e-02	-2.886e-01	2.528e-02
chr1_39582337_G_A_b38	1	1.46835e-02	-2.885e-01	2.510e-02
chr1_39552837_C_T_b38	1	1.28691e-02	-2.893e-01	2.508e-02
chr1_39556810_C_T_b38	1	1.28691e-02	-2.893e-01	2.508e-02
chr1_39559525_TG_T_b38	1	1.28691e-02	-2.893e-01	2.508e-02
chr1_39553919_A_G_b38	1	1.28691e-02	-2.893e-01	2.508e-02
chr1_39537738_C_T_b38	1	1.10482e-02	-2.892e-01	2.485e-02
chr1_39586436_C_G_b38	1	9.94899e-03	-2.881e-01	2.516e-02
chr1_39574963_G_C_b38	2	1.39575e-02	-7.359e-02	3.085e-02
chr1_39581551_A_G_b38	2	8.25419e-03	-7.215e-02	3.119e-02
chr1_39577175_GA_G_b38	2	7.11789e-03	1.962e-02	4.005e-02
chr1_39576085_G_A_b38	2	4.94803e-03	4.411e-02	3.774e-02
chr1_39582235_T_C_b38	2	4.89447e-03	-7.226e-02	3.118e-02
chr1_39582105_T_C_b38	2	4.89447e-03	-7.226e-02	3.118e-02
chr1_39556451_T_C_b38	2	8.60362e-04	-6.318e-02	3.085e-02
chr1_39573358_C_T_b38	2	7.26528e-04	4.219e-02	3.759e-02
chr1_39597541_A_G_b38	2	4.84234e-04	5.671e-02	3.177e-02
chr1_39583648_G_A_b38	2	4.47669e-04	4.211e-02	3.759e-02
chr1_39551323_A_G_b38	2	2.40963e-04	-5.895e-02	3.067e-02
chr1_39565151_C_T_b38	2	2.19848e-04	4.211e-02	3.759e-02
chr1_39566770_A_G_b38	2	2.19848e-04	4.211e-02	3.759e-02
chr1_39559922_G_T_b38	2	2.19848e-04	4.211e-02	3.759e-02
chr1_39553686_C_T_b38	2	2.19848e-04	4.211e-02	3.759e-02
chr1_39561422_T_C_b38	2	2.18277e-04	4.203e-02	3.780e-02
chr1_39602239_C_G_b38	2	1.67632e-04	4.951e-02	2.832e-02
chr1_39545973_A_G_b38	2	1.66030e-04	-5.316e-02	3.120e-02
chr1_39595397_C_T_b38	2	1.55096e-04	2.693e-02	3.922e-02
chr1_39593381_G_C_b38	2	1.55096e-04	2.693e-02	3.922e-02
chr1_39611634_G_C_b38	2	1.13009e-04	4.542e-02	3.141e-02
chr1_39535795_G_A_b38	2	1.10989e-04	5.077e-02	3.925e-02
chr1_39545488_A_T_b38	2	8.62058e-05	4.203e-02	3.780e-02
chr1_39546304_A_C_b38	2	8.35936e-05	4.094e-02	3.780e-02
chr1_39554348_C_A_b38	3	4.87003e-04	1.393e-01	5.081e-02
chr1_39386795_G_A_b38	3	9.63208e-27	0.000e+00	0.000e+00
chr1_39367730_G_A_b38	3	9.63208e-27	0.000e+00	0.000e+00
