chr18_35446723_G_A_b38	1	8.14018e-01	3.295e-01	5.943e-02
chr18_35444143_G_A_b38	1	8.27280e-02	2.995e-01	5.920e-02
chr18_35468590_C_T_b38	1	3.29669e-02	2.895e-01	5.691e-02
chr18_35444402_C_T_b38	1	1.46740e-02	2.803e-01	6.014e-02
chr18_35466558_G_A_b38	1	1.44925e-02	2.808e-01	5.724e-02
chr18_35414790_T_C_b38	2	2.28233e-02	1.918e-01	6.456e-02
chr18_35435028_C_T_b38	2	8.48369e-04	1.413e-01	5.838e-02
chr18_35424891_T_C_b38	2	5.00444e-04	9.575e-02	6.018e-02
chr18_35406540_T_G_b38	3	3.70214e-04	-6.370e-02	7.117e-02
chr18_35406636_C_A_b38	3	3.32908e-04	-5.432e-02	6.685e-02
chr18_35404872_A_G_b38	3	2.93623e-04	-1.496e-01	7.522e-02
chr18_35405230_A_AAC_b38	3	8.46643e-05	-7.824e-02	7.171e-02
chr18_35403827_T_C_b38	3	3.88305e-05	-6.890e-02	6.571e-02
chr18_35410355_G_C_b38	3	3.64844e-05	5.380e-02	7.113e-02
chr18_35413698_A_T_b38	3	2.19618e-05	5.795e-02	7.432e-02
chr18_35424474_C_T_b38	3	1.22990e-05	0.000e+00	0.000e+00
chr18_35417472_G_A_b38	3	1.19321e-05	0.000e+00	0.000e+00
chr18_35429683_C_A_b38	3	8.87579e-06	0.000e+00	0.000e+00
