chr16_82169898_T_G_b38	1	2.30982e-01	-2.798e-01	7.963e-02
chr16_82170100_A_C_b38	1	9.17818e-02	-2.571e-01	7.820e-02
chr16_82170137_T_C_b38	1	9.17818e-02	-2.571e-01	7.820e-02
chr16_82170163_G_T_b38	1	9.17818e-02	-2.571e-01	7.820e-02
chr16_82169421_T_C_b38	1	8.12972e-02	-2.798e-01	7.938e-02
chr16_82169363_G_C_b38	1	8.12972e-02	-2.798e-01	7.938e-02
chr16_82165993_A_G_b38	1	2.51183e-02	-2.720e-01	7.378e-02
chr16_82168279_G_A_b38	1	2.25675e-02	-2.675e-01	7.714e-02
chr16_82168128_A_ATTTGT_b38	1	2.25675e-02	-2.675e-01	7.714e-02
chr16_82166059_A_C_b38	1	2.16202e-02	-2.807e-01	7.825e-02
chr16_82167315_T_C_b38	1	2.01072e-02	-2.816e-01	7.740e-02
chr16_82166999_T_C_b38	1	2.01072e-02	-2.816e-01	7.740e-02
chr16_82168531_C_T_b38	1	1.90137e-02	-2.658e-01	7.824e-02
chr16_82166064_G_A_b38	1	1.03975e-02	-2.680e-01	7.684e-02
chr16_82166704_T_C_b38	1	1.03975e-02	-2.680e-01	7.684e-02
chr16_82167467_T_C_b38	1	1.03975e-02	-2.680e-01	7.684e-02
chr16_82166458_T_C_b38	1	1.03975e-02	-2.680e-01	7.684e-02
chr16_82166072_T_C_b38	1	1.03975e-02	-2.680e-01	7.684e-02
chr16_82167433_A_C_b38	1	1.03975e-02	-2.680e-01	7.684e-02
chr16_82166671_G_T_b38	1	1.03975e-02	-2.680e-01	7.684e-02
chr16_82166732_T_C_b38	1	1.03975e-02	-2.680e-01	7.684e-02
chr16_82166366_G_A_b38	1	1.03975e-02	-2.680e-01	7.684e-02
chr16_82167056_A_G_b38	1	1.03975e-02	-2.680e-01	7.684e-02
chr16_82166514_C_T_b38	1	1.03975e-02	-2.680e-01	7.684e-02
chr16_82166118_A_G_b38	1	1.03975e-02	-2.680e-01	7.684e-02
chr16_82166226_T_C_b38	1	1.03975e-02	-2.680e-01	7.684e-02
chr16_82167412_A_G_b38	1	1.03975e-02	-2.680e-01	7.684e-02
chr16_82165918_A_T_b38	1	1.03975e-02	-2.680e-01	7.684e-02
chr16_82169838_T_C_b38	1	8.86296e-03	-2.550e-01	1.044e-01
chr16_82165856_C_T_b38	1	7.43991e-03	-2.633e-01	7.614e-02
chr16_82167697_C_T_b38	1	7.43991e-03	-2.633e-01	7.614e-02
chr16_82160970_C_CAGA_b38	1	1.30107e-05	0.000e+00	0.000e+00
chr16_82170153_C_T_b38	1	6.80253e-06	0.000e+00	0.000e+00
chr16_82172674_G_A_b38	2	2.84080e-01	-4.478e-01	8.367e-02
chr16_82173697_T_C_b38	2	1.77849e-01	-4.480e-01	8.361e-02
chr16_82173937_T_C_b38	2	1.77849e-01	-4.480e-01	8.361e-02
chr16_82166498_A_C_b38	2	9.32595e-02	-4.570e-01	8.735e-02
chr16_82149227_C_G_b38	2	6.34074e-02	-4.416e-01	8.120e-02
chr16_82155196_C_T_b38	2	3.14160e-02	-4.338e-01	8.181e-02
chr16_82163071_T_C_b38	2	2.07539e-02	-4.414e-01	8.619e-02
chr16_82160800_G_C_b38	2	2.07539e-02	-4.414e-01	8.619e-02
chr16_82150596_A_C_b38	2	1.92985e-02	-4.562e-01	8.659e-02
chr16_82150595_A_G_b38	2	1.92985e-02	-4.562e-01	8.659e-02
chr16_82176256_A_G_b38	2	1.84915e-02	-4.215e-01	8.245e-02
chr16_82166375_C_T_b38	2	1.59585e-02	-3.687e-01	7.405e-02
chr16_82146733_G_C_b38	2	1.29576e-02	-3.709e-01	7.097e-02
chr16_82154641_A_G_b38	2	1.11391e-02	-4.192e-01	8.157e-02
chr16_82165300_G_A_b38	2	8.57956e-03	-3.576e-01	7.370e-02
chr16_82153114_C_G_b38	2	7.81140e-03	-4.432e-01	8.554e-02
chr16_82161408_T_C_b38	2	5.13308e-03	-3.575e-01	7.383e-02
chr16_82159550_A_G_b38	2	3.75140e-03	-4.239e-01	8.478e-02
chr16_82141019_A_G_b38	2	3.12810e-03	-2.987e-01	5.659e-02
chr16_82170106_G_T_b38	2	9.59095e-04	-3.361e-01	8.156e-02
chr16_82133468_C_T_b38	2	9.25734e-04	-4.267e-01	8.500e-02
chr16_82170527_C_G_b38	2	6.35366e-04	-3.255e-01	8.199e-02
chr16_82133588_C_T_b38	2	5.78581e-04	-4.240e-01	8.476e-02
chr16_82153576_T_C_b38	2	5.08622e-04	-3.741e-01	7.857e-02
chr16_82151715_A_G_b38	2	5.08622e-04	-3.741e-01	7.857e-02
chr16_82138374_G_C_b38	2	2.39857e-05	0.000e+00	0.000e+00
chr16_82122793_A_C_b38	2	4.44261e-06	0.000e+00	0.000e+00
chr16_82143510_C_G_b38	2	3.34282e-06	0.000e+00	0.000e+00
chr16_82200456_C_T_b38	3	8.45400e-01	3.481e-01	6.048e-02
chr16_82240660_C_T_b38	3	6.20507e-02	3.967e-01	7.098e-02
chr16_82205776_C_T_b38	3	3.53759e-02	3.705e-01	6.998e-02
chr16_82232444_C_T_b38	3	3.20349e-02	3.424e-01	6.195e-02
chr16_82205221_C_G_b38	3	1.71334e-02	3.632e-01	6.968e-02
chr16_83050685_A_G_b38	4	6.39059e-02	2.337e-01	4.293e-02
chr16_83058461_G_A_b38	4	2.10334e-02	2.302e-01	4.407e-02
chr16_83050503_A_G_b38	4	1.20085e-02	2.120e-01	4.127e-02
chr16_83050779_A_T_b38	4	7.73543e-03	2.325e-01	4.600e-02
chr16_83051118_A_G_b38	4	4.74245e-03	2.277e-01	4.560e-02
chr16_83048889_G_C_b38	4	2.05037e-03	2.228e-01	4.575e-02
chr16_83051189_G_C_b38	4	3.09981e-04	2.115e-01	4.625e-02
chr16_83049587_A_G_b38	4	9.36214e-05	2.018e-01	4.532e-02
chr16_83054166_T_A_b38	4	2.48343e-05	2.019e-01	4.680e-02
chr16_82170604_T_C_b38	5	3.48564e-04	-4.309e-02	1.236e-01
chr16_82169975_G_A_b38	5	3.32755e-04	4.093e-02	1.240e-01
chr16_82170192_C_A_b38	5	3.14432e-04	4.636e-03	1.250e-01
chr16_82171396_G_A_b38	5	5.71331e-06	0.000e+00	0.000e+00
chr16_82171748_G_C_b38	5	5.71331e-06	0.000e+00	0.000e+00
chr16_82172364_T_C_b38	5	5.71331e-06	0.000e+00	0.000e+00
chr16_82168533_C_T_b38	5	1.04193e-34	0.000e+00	0.000e+00
chr16_82167093_TGAGTA_T_b38	5	6.22080e-35	0.000e+00	0.000e+00
chr16_82167102_G_A_b38	5	6.22080e-35	0.000e+00	0.000e+00
chr16_82166651_CAGTGAA_C_b38	5	6.22080e-35	0.000e+00	0.000e+00
chr16_82167103_T_C_b38	5	6.22080e-35	0.000e+00	0.000e+00
chr16_82166163_A_C_b38	5	6.22080e-35	0.000e+00	0.000e+00
chr16_82165735_C_T_b38	5	5.99075e-35	0.000e+00	0.000e+00
chr16_82175100_G_C_b38	5	5.79877e-35	0.000e+00	0.000e+00
chr16_82175089_C_T_b38	5	5.79877e-35	0.000e+00	0.000e+00
chr16_82173337_G_A_b38	5	5.34502e-35	0.000e+00	0.000e+00
chr16_82160979_G_A_b38	5	4.51710e-35	0.000e+00	0.000e+00
chr16_82172623_C_T_b38	5	3.95817e-35	0.000e+00	0.000e+00
chr16_82164733_A_G_b38	5	3.88468e-35	0.000e+00	0.000e+00
chr16_82160973_A_AAGG_b38	5	2.84615e-35	0.000e+00	0.000e+00
chr16_82164659_G_T_b38	5	2.73542e-35	0.000e+00	0.000e+00
chr16_82182024_A_C_b38	5	2.69961e-35	0.000e+00	0.000e+00
chr16_82173778_C_G_b38	5	2.59965e-35	0.000e+00	0.000e+00
chr16_82158610_G_A_b38	5	2.53374e-35	0.000e+00	0.000e+00
chr16_82159373_A_G_b38	5	2.30204e-35	0.000e+00	0.000e+00
chr16_82158116_G_A_b38	5	2.30204e-35	0.000e+00	0.000e+00
chr16_82157995_C_G_b38	5	2.30204e-35	0.000e+00	0.000e+00
chr16_82155682_T_C_b38	5	2.29473e-35	0.000e+00	0.000e+00
chr16_82155881_G_C_b38	5	2.29473e-35	0.000e+00	0.000e+00
chr16_82155829_C_T_b38	5	2.29473e-35	0.000e+00	0.000e+00
chr16_82161237_A_G_b38	5	2.26763e-35	0.000e+00	0.000e+00
chr16_82156129_T_C_b38	5	2.26380e-35	0.000e+00	0.000e+00
chr16_82159062_C_G_b38	5	2.21712e-35	0.000e+00	0.000e+00
chr16_82174191_A_G_b38	5	2.18026e-35	0.000e+00	0.000e+00
chr16_82159695_C_T_b38	5	2.17419e-35	0.000e+00	0.000e+00
chr16_82168956_C_G_b38	5	2.00758e-35	0.000e+00	0.000e+00
chr16_82168249_T_A_b38	5	1.98727e-35	0.000e+00	0.000e+00
chr16_82167914_G_C_b38	5	1.98727e-35	0.000e+00	0.000e+00
chr16_82182670_A_G_b38	5	1.97485e-35	0.000e+00	0.000e+00
chr16_82153662_C_T_b38	5	1.97226e-35	0.000e+00	0.000e+00
chr16_82154617_C_CA_b38	5	1.79940e-35	0.000e+00	0.000e+00
chr16_82154807_C_G_b38	5	1.79940e-35	0.000e+00	0.000e+00
chr16_82189672_T_G_b38	5	1.60701e-35	0.000e+00	0.000e+00
chr16_82189634_AT_A_b38	5	1.60701e-35	0.000e+00	0.000e+00
chr16_82189829_G_A_b38	5	1.60701e-35	0.000e+00	0.000e+00
chr16_82175612_C_T_b38	5	1.50254e-35	0.000e+00	0.000e+00
chr16_82162797_C_T_b38	5	1.49467e-35	0.000e+00	0.000e+00
chr16_82165327_C_T_b38	5	1.43218e-35	0.000e+00	0.000e+00
chr16_82165230_A_T_b38	5	1.40299e-35	0.000e+00	0.000e+00
chr16_82184609_T_C_b38	5	1.12904e-35	0.000e+00	0.000e+00
chr16_82183201_A_ACTT_b38	5	9.74960e-36	0.000e+00	0.000e+00
chr16_82163872_A_AATGTGAT_b38	5	8.76838e-36	0.000e+00	0.000e+00
chr16_82164587_A_G_b38	5	8.76838e-36	0.000e+00	0.000e+00
chr16_82164382_C_G_b38	5	8.76838e-36	0.000e+00	0.000e+00
chr16_82163759_C_A_b38	5	8.76838e-36	0.000e+00	0.000e+00
chr16_82164208_C_G_b38	5	8.76838e-36	0.000e+00	0.000e+00
chr16_82163981_A_T_b38	5	8.76838e-36	0.000e+00	0.000e+00
chr16_82164520_C_T_b38	5	8.76838e-36	0.000e+00	0.000e+00
chr16_82164057_T_C_b38	5	8.76838e-36	0.000e+00	0.000e+00
chr16_82164252_C_A_b38	5	8.76838e-36	0.000e+00	0.000e+00
chr16_82179537_C_A_b38	5	7.21793e-36	0.000e+00	0.000e+00
chr16_82186069_T_C_b38	5	3.74587e-36	0.000e+00	0.000e+00
chr16_82187541_C_T_b38	5	3.74587e-36	0.000e+00	0.000e+00
