chr19_43527172_C_T_b38	1	2.33374e-01	-2.219e-01	3.882e-02
chr19_43527400_CAG_C_b38	1	2.33374e-01	-2.219e-01	3.882e-02
chr19_43531588_AAGAG_A_b38	1	8.69909e-02	-2.262e-01	3.784e-02
chr19_43525592_T_G_b38	1	5.39490e-02	-2.192e-01	3.838e-02
chr19_43529393_A_G_b38	1	5.06317e-02	-2.192e-01	3.838e-02
chr19_43531006_C_T_b38	1	3.23258e-02	-2.192e-01	3.839e-02
chr19_43522770_A_G_b38	1	2.36264e-02	-2.215e-01	3.907e-02
chr19_43524143_C_T_b38	1	2.36264e-02	-2.215e-01	3.907e-02
chr19_43572012_A_T_b38	1	1.23712e-02	2.278e-01	3.844e-02
chr19_43570844_CT_C_b38	1	1.23712e-02	2.278e-01	3.844e-02
chr19_43573237_A_G_b38	1	1.23712e-02	2.278e-01	3.844e-02
chr19_43573108_A_T_b38	1	1.23712e-02	2.278e-01	3.844e-02
chr19_43568024_A_G_b38	1	1.23712e-02	2.278e-01	3.844e-02
chr19_43567851_T_C_b38	1	1.23712e-02	2.278e-01	3.844e-02
chr19_43521282_G_A_b38	1	1.14104e-02	-2.223e-01	3.924e-02
chr19_43518517_C_T_b38	1	1.14104e-02	-2.223e-01	3.924e-02
chr19_43517621_A_G_b38	1	1.14104e-02	-2.223e-01	3.924e-02
chr19_43577136_A_G_b38	1	9.76281e-03	2.253e-01	3.817e-02
chr19_43518511_C_T_b38	1	8.96837e-03	-2.223e-01	3.948e-02
chr19_43569117_G_A_b38	1	8.27492e-03	2.313e-01	3.931e-02
chr19_43548464_T_C_b38	1	7.02388e-03	-2.084e-01	3.698e-02
chr19_43541783_A_G_b38	1	6.90813e-03	-2.077e-01	3.686e-02
chr19_43551430_C_T_b38	1	6.90813e-03	-2.077e-01	3.686e-02
chr19_43541481_C_A_b38	1	6.90813e-03	-2.077e-01	3.686e-02
chr19_43517497_G_A_b38	1	6.44944e-03	-2.184e-01	3.932e-02
chr19_43505212_C_T_b38	1	5.49763e-03	-2.247e-01	3.962e-02
chr19_43504376_C_T_b38	1	5.49763e-03	-2.247e-01	3.962e-02
chr19_43503344_C_T_b38	1	5.49763e-03	-2.247e-01	3.962e-02
chr19_43517122_C_A_b38	1	5.49763e-03	-2.247e-01	3.962e-02
chr19_43504337_G_A_b38	1	5.49763e-03	-2.247e-01	3.962e-02
chr19_43513551_C_T_b38	1	5.49763e-03	-2.247e-01	3.962e-02
chr19_43510378_C_T_b38	1	5.49763e-03	-2.247e-01	3.962e-02
chr19_43503475_G_C_b38	1	5.49763e-03	-2.247e-01	3.962e-02
chr19_43515620_A_G_b38	1	5.49763e-03	-2.247e-01	3.962e-02
chr19_43503634_G_T_b38	1	5.49763e-03	-2.247e-01	3.962e-02
chr19_43512414_A_T_b38	1	5.49763e-03	-2.247e-01	3.962e-02
chr19_43517937_A_G_b38	1	4.41422e-03	-2.189e-01	3.975e-02
chr19_43570445_T_G_b38	1	3.97235e-03	2.233e-01	3.862e-02
chr19_43515267_A_T_b38	1	3.75482e-03	-2.227e-01	3.958e-02
chr19_43578793_T_C_b38	1	2.49281e-03	2.281e-01	3.857e-02
chr19_43580003_G_A_b38	1	2.49281e-03	2.281e-01	3.857e-02
chr19_43566034_A_G_b38	1	2.45075e-03	2.180e-01	3.811e-02
chr19_43490994_G_A_b38	1	1.72304e-03	-2.264e-01	4.009e-02
chr19_43501724_CCAAA_C_b38	1	1.72304e-03	-2.264e-01	4.009e-02
chr19_43558367_A_G_b38	1	1.67045e-03	2.131e-01	3.711e-02
chr19_43558502_A_G_b38	1	1.67045e-03	2.131e-01	3.711e-02
chr19_43556662_A_G_b38	1	1.67045e-03	2.131e-01	3.711e-02
chr19_43555849_A_G_b38	1	1.67045e-03	2.131e-01	3.711e-02
chr19_43544840_G_GT_b38	1	1.13059e-03	-2.037e-01	3.741e-02
chr19_43522406_T_C_b38	2	1.20117e-01	1.274e-01	3.413e-02
chr19_43522915_T_C_b38	2	1.20117e-01	1.274e-01	3.413e-02
chr19_43551093_G_A_b38	2	9.21632e-02	1.455e-01	3.601e-02
chr19_43533218_C_G_b38	2	9.18541e-02	1.338e-01	3.488e-02
chr19_43536845_T_C_b38	2	9.18541e-02	1.338e-01	3.488e-02
chr19_43541349_C_T_b38	2	3.92556e-02	1.326e-01	3.471e-02
chr19_43549390_G_A_b38	2	3.92556e-02	1.326e-01	3.471e-02
chr19_43540396_C_T_b38	2	3.92556e-02	1.326e-01	3.471e-02
chr19_43546814_T_C_b38	2	3.92556e-02	1.326e-01	3.471e-02
chr19_43543164_C_T_b38	2	2.19583e-02	1.346e-01	3.654e-02
chr19_43512767_G_GA_b38	2	1.21240e-02	1.213e-01	3.425e-02
chr19_43517153_ATT_A_b38	2	1.21240e-02	1.213e-01	3.425e-02
chr19_43558535_G_A_b38	2	1.11947e-02	1.334e-01	3.464e-02
chr19_43564249_G_A_b38	2	9.13905e-03	1.361e-01	3.577e-02
chr19_43564041_C_T_b38	2	8.71287e-03	1.344e-01	3.543e-02
chr19_43568381_C_T_b38	2	8.71287e-03	1.344e-01	3.543e-02
chr19_43567861_G_T_b38	2	8.71287e-03	1.344e-01	3.543e-02
chr19_43574316_T_G_b38	2	8.48586e-03	1.335e-01	3.527e-02
chr19_43565589_T_A_b38	2	6.77980e-03	1.319e-01	3.543e-02
chr19_43564554_T_C_b38	2	6.77980e-03	1.319e-01	3.543e-02
chr19_43491123_G_A_b38	2	3.57011e-03	1.216e-01	3.430e-02
chr19_43488076_C_G_b38	2	3.57011e-03	1.216e-01	3.430e-02
chr19_43577584_T_G_b38	2	7.61502e-04	1.259e-01	3.566e-02
chr19_43580251_G_A_b38	2	7.61502e-04	1.259e-01	3.566e-02
chr19_43578277_C_A_b38	2	7.61502e-04	1.259e-01	3.566e-02
chr19_43581675_C_T_b38	2	7.61502e-04	1.259e-01	3.566e-02
chr19_43578398_C_A_b38	2	7.61502e-04	1.259e-01	3.566e-02
chr19_43562442_AT_A_b38	2	5.75359e-04	1.098e-01	3.544e-02
chr19_43571109_TCA_T_b38	2	5.75359e-04	1.098e-01	3.544e-02
chr19_43570060_A_G_b38	2	5.75359e-04	1.098e-01	3.544e-02
chr19_43567108_C_A_b38	2	5.75359e-04	1.098e-01	3.544e-02
chr19_43481167_C_CT_b38	2	5.63186e-04	9.994e-02	3.247e-02
chr19_43484936_G_A_b38	2	5.32418e-04	9.870e-02	3.228e-02
chr19_43501293_C_T_b38	2	4.39919e-04	1.102e-01	3.687e-02
chr19_43451170_G_A_b38	3	6.06736e-03	3.232e-01	8.155e-02
chr19_43439715_G_C_b38	3	6.06736e-03	3.232e-01	8.155e-02
chr19_43441576_T_C_b38	3	6.06736e-03	3.232e-01	8.155e-02
chr19_43442665_G_A_b38	3	6.06736e-03	3.232e-01	8.155e-02
chr19_43441804_T_C_b38	3	6.06736e-03	3.232e-01	8.155e-02
chr19_43449883_A_G_b38	3	6.06736e-03	3.232e-01	8.155e-02
chr19_43443994_G_A_b38	3	6.06736e-03	3.232e-01	8.155e-02
chr19_43451951_T_A_b38	3	6.04361e-03	3.232e-01	8.155e-02
chr19_43451954_A_T_b38	3	6.04361e-03	3.232e-01	8.155e-02
chr19_43436818_GC_G_b38	3	7.07434e-12	0.000e+00	0.000e+00
chr19_43433481_A_G_b38	3	7.07434e-12	0.000e+00	0.000e+00
chr19_43430261_T_C_b38	3	7.07434e-12	0.000e+00	0.000e+00
chr19_43431486_C_T_b38	3	7.07434e-12	0.000e+00	0.000e+00
chr19_43421836_G_A_b38	3	1.24200e-12	0.000e+00	0.000e+00
chr19_43424191_C_T_b38	3	1.24200e-12	0.000e+00	0.000e+00
chr19_43406026_C_T_b38	3	9.39851e-13	0.000e+00	0.000e+00
chr19_43413153_C_T_b38	3	9.35611e-13	0.000e+00	0.000e+00
chr19_43398692_C_A_b38	3	9.35611e-13	0.000e+00	0.000e+00
chr19_43413277_G_A_b38	3	9.35611e-13	0.000e+00	0.000e+00
chr19_43422034_T_C_b38	3	7.51978e-13	0.000e+00	0.000e+00
chr19_43423755_C_T_b38	3	7.51978e-13	0.000e+00	0.000e+00
chr19_43404554_A_G_b38	3	5.89912e-13	0.000e+00	0.000e+00
chr19_43408071_C_G_b38	3	5.89912e-13	0.000e+00	0.000e+00
chr19_43397038_AT_A_b38	3	5.89912e-13	0.000e+00	0.000e+00
chr19_43389222_T_C_b38	3	5.89912e-13	0.000e+00	0.000e+00
chr19_43399238_T_C_b38	3	5.89912e-13	0.000e+00	0.000e+00
chr19_43397040_G_C_b38	3	5.89912e-13	0.000e+00	0.000e+00
chr19_43405325_T_G_b38	3	5.89912e-13	0.000e+00	0.000e+00
chr19_43385299_C_T_b38	3	5.89912e-13	0.000e+00	0.000e+00
chr19_43393295_C_T_b38	3	5.89912e-13	0.000e+00	0.000e+00
chr19_43391769_A_G_b38	3	5.89912e-13	0.000e+00	0.000e+00
chr19_43401438_T_G_b38	3	5.89912e-13	0.000e+00	0.000e+00
chr19_43382015_G_A_b38	3	5.89912e-13	0.000e+00	0.000e+00
chr19_43404937_G_A_b38	3	5.89912e-13	0.000e+00	0.000e+00
chr19_43391710_C_G_b38	3	5.89912e-13	0.000e+00	0.000e+00
chr19_43413577_A_G_b38	3	5.89912e-13	0.000e+00	0.000e+00
chr19_43397037_C_CCCCCCGTCTCT_b38	3	4.63031e-13	0.000e+00	0.000e+00
chr19_43393594_A_G_b38	3	4.43668e-13	0.000e+00	0.000e+00
chr19_43387793_A_G_b38	3	4.25116e-13	0.000e+00	0.000e+00
chr19_43448178_C_G_b38	4	3.15147e-04	0.000e+00	0.000e+00
chr19_43450422_T_C_b38	4	3.15147e-04	0.000e+00	0.000e+00
chr19_43451941_A_AAT_b38	4	6.07041e-12	0.000e+00	0.000e+00
chr19_43451946_AAT_A_b38	4	2.74530e-12	0.000e+00	0.000e+00
