chr3_53091569_T_C_b38	1	1.99605e-01	-3.309e-01	5.319e-02
chr3_53088241_T_C_b38	1	1.99605e-01	-3.309e-01	5.319e-02
chr3_53077688_T_C_b38	1	9.94839e-02	-3.280e-01	4.894e-02
chr3_53097756_T_C_b38	1	4.36556e-02	-3.150e-01	4.450e-02
chr3_53097814_G_A_b38	1	4.36556e-02	-3.150e-01	4.450e-02
chr3_53093661_G_T_b38	1	3.95409e-02	-3.204e-01	4.620e-02
chr3_53069139_C_T_b38	1	2.53227e-02	-3.192e-01	4.415e-02
chr3_53074760_G_A_b38	1	2.38969e-02	-3.160e-01	4.089e-02
chr3_53089470_G_A_b38	1	1.86376e-02	-3.070e-01	4.273e-02
chr3_53088953_G_A_b38	1	1.86376e-02	-3.070e-01	4.273e-02
chr3_53088242_G_A_b38	1	1.86376e-02	-3.070e-01	4.273e-02
chr3_53085687_G_A_b38	1	1.86376e-02	-3.070e-01	4.273e-02
chr3_53093119_AC_A_b38	1	1.86376e-02	-3.070e-01	4.273e-02
chr3_53089257_A_G_b38	1	1.86376e-02	-3.070e-01	4.273e-02
chr3_53096897_C_A_b38	1	1.86376e-02	-3.070e-01	4.273e-02
chr3_53088354_A_G_b38	1	1.86376e-02	-3.070e-01	4.273e-02
chr3_53086082_C_T_b38	1	1.86376e-02	-3.070e-01	4.273e-02
chr3_53087260_A_G_b38	1	1.86376e-02	-3.070e-01	4.273e-02
chr3_53092127_G_A_b38	1	1.86376e-02	-3.070e-01	4.273e-02
chr3_53091906_T_C_b38	1	1.86376e-02	-3.070e-01	4.273e-02
chr3_53084723_C_T_b38	1	1.86376e-02	-3.070e-01	4.273e-02
chr3_53086908_C_T_b38	1	1.86376e-02	-3.070e-01	4.273e-02
chr3_53081144_A_C_b38	1	1.86261e-02	-3.070e-01	4.273e-02
chr3_53097813_T_C_b38	1	1.13435e-02	-3.020e-01	4.144e-02
chr3_53072031_T_C_b38	1	9.73003e-03	-3.117e-01	4.500e-02
chr3_53069780_G_T_b38	1	6.94949e-03	-3.054e-01	4.133e-02
chr3_53073764_C_T_b38	1	5.79571e-03	-3.089e-01	4.057e-02
chr3_53073553_G_A_b38	1	5.68199e-03	-3.058e-01	4.178e-02
chr3_53069246_A_G_b38	1	2.73169e-03	-2.982e-01	3.904e-02
chr3_53130177_C_T_b38	2	2.56559e-02	-1.205e-01	5.955e-02
chr3_53130078_C_T_b38	2	2.56559e-02	-1.205e-01	5.955e-02
chr3_53130787_C_T_b38	2	1.40768e-02	-9.564e-02	5.901e-02
chr3_53129937_A_T_b38	2	1.03914e-02	-1.209e-01	5.812e-02
chr3_53132119_C_G_b38	2	4.66244e-03	-1.156e-01	5.645e-02
chr3_53131178_T_C_b38	2	4.62929e-03	-9.595e-02	5.898e-02
chr3_53131247_T_G_b38	2	4.62929e-03	-9.595e-02	5.898e-02
chr3_53131448_C_T_b38	2	4.62929e-03	-9.595e-02	5.898e-02
chr3_53128731_C_T_b38	2	2.23179e-03	-1.086e-01	5.669e-02
chr3_53129041_A_T_b38	2	2.23179e-03	-1.086e-01	5.669e-02
chr3_53128263_A_C_b38	2	2.23179e-03	-1.086e-01	5.669e-02
chr3_53128644_G_C_b38	2	2.23179e-03	-1.086e-01	5.669e-02
chr3_53128429_A_G_b38	2	2.23179e-03	-1.086e-01	5.669e-02
chr3_53128390_G_A_b38	2	2.23179e-03	-1.086e-01	5.669e-02
chr3_53132082_A_G_b38	2	1.89815e-03	-1.017e-01	5.834e-02
chr3_53131611_A_G_b38	2	1.89815e-03	-1.017e-01	5.834e-02
chr3_53132643_T_A_b38	2	1.89686e-03	-1.007e-01	5.771e-02
chr3_53132494_T_C_b38	2	1.89686e-03	-1.007e-01	5.771e-02
chr3_53126254_C_T_b38	2	1.61989e-03	-1.091e-01	5.666e-02
chr3_53126177_G_T_b38	2	1.61989e-03	-1.091e-01	5.666e-02
chr3_53126116_T_C_b38	2	1.61989e-03	-1.091e-01	5.666e-02
chr3_53126200_T_C_b38	2	1.61989e-03	-1.091e-01	5.666e-02
chr3_53126227_G_A_b38	2	1.61989e-03	-1.091e-01	5.666e-02
chr3_53126255_C_T_b38	2	1.61989e-03	-1.091e-01	5.666e-02
chr3_53126253_A_T_b38	2	1.61989e-03	-1.091e-01	5.666e-02
chr3_53089016_C_T_b38	2	1.06244e-03	1.989e-01	6.308e-02
chr3_53106587_T_C_b38	2	9.92663e-04	1.457e-01	5.831e-02
chr3_53133458_C_A_b38	2	7.21777e-04	-9.380e-02	5.762e-02
chr3_53123286_A_T_b38	2	7.11826e-04	-1.118e-01	5.631e-02
chr3_53123530_T_C_b38	2	7.11826e-04	-1.118e-01	5.631e-02
chr3_53122851_T_C_b38	2	7.11826e-04	-1.118e-01	5.631e-02
chr3_53122049_G_C_b38	2	7.11826e-04	-1.118e-01	5.631e-02
chr3_53121142_C_T_b38	2	7.06934e-04	-1.104e-01	5.570e-02
chr3_53084188_T_C_b38	2	7.01287e-04	1.855e-01	6.452e-02
chr3_53134097_G_T_b38	2	6.66572e-04	8.243e-02	5.148e-02
chr3_53133838_T_G_b38	2	6.17286e-04	-8.138e-02	5.345e-02
chr3_53135307_G_C_b38	2	6.17286e-04	-8.138e-02	5.345e-02
chr3_53135286_T_G_b38	2	6.17286e-04	-8.138e-02	5.345e-02
chr3_53114439_G_C_b38	2	5.51925e-04	1.228e-01	5.619e-02
chr3_53106614_A_C_b38	2	4.87401e-04	-1.303e-01	5.719e-02
chr3_53137806_A_G_b38	2	4.83124e-04	-8.455e-02	5.205e-02
chr3_53092656_TTGCCCTGGACAAGGC_T_b38	2	4.68698e-04	-1.765e-01	6.564e-02
chr3_53086998_G_A_b38	2	4.68698e-04	-1.765e-01	6.564e-02
chr3_53094335_G_A_b38	2	4.68698e-04	-1.765e-01	6.564e-02
chr3_53096450_G_A_b38	2	4.68698e-04	-1.765e-01	6.564e-02
chr3_53093751_T_C_b38	2	4.68698e-04	-1.765e-01	6.564e-02
chr3_53096419_C_T_b38	2	4.68698e-04	-1.765e-01	6.564e-02
chr3_53080524_C_T_b38	2	4.50661e-04	-1.733e-01	6.489e-02
chr3_53136609_T_C_b38	2	4.33612e-04	-8.138e-02	5.345e-02
chr3_53135635_C_G_b38	2	4.33612e-04	-8.138e-02	5.345e-02
chr3_53136028_A_G_b38	2	4.33612e-04	-8.138e-02	5.345e-02
chr3_53136158_C_T_b38	2	4.32376e-04	-8.187e-02	5.391e-02
chr3_53097932_A_G_b38	2	4.02955e-04	-1.714e-01	6.551e-02
chr3_53085313_T_C_b38	2	4.00813e-04	1.740e-01	6.602e-02
chr3_53113870_C_T_b38	2	3.98039e-04	-1.118e-01	5.631e-02
chr3_53113390_TAGGATTTCAG_T_b38	2	3.98039e-04	-1.118e-01	5.631e-02
chr3_53120123_GCACT_G_b38	2	3.98039e-04	-1.118e-01	5.631e-02
chr3_53120116_ATTAACT_A_b38	2	3.98039e-04	-1.118e-01	5.631e-02
chr3_53119415_A_T_b38	2	3.98039e-04	-1.118e-01	5.631e-02
chr3_53117648_A_C_b38	2	3.98039e-04	-1.118e-01	5.631e-02
chr3_53138096_A_G_b38	2	3.95354e-04	-7.718e-02	5.336e-02
chr3_53082214_T_C_b38	2	3.79879e-04	1.755e-01	6.424e-02
chr3_53091453_G_A_b38	2	3.79879e-04	1.755e-01	6.424e-02
chr3_53085518_T_C_b38	2	3.79879e-04	1.755e-01	6.424e-02
chr3_53136484_C_T_b38	2	3.11135e-04	7.487e-02	5.054e-02
chr3_53138956_G_A_b38	2	2.89330e-04	7.192e-02	5.076e-02
chr3_53108240_A_G_b38	2	2.09177e-04	-9.766e-02	5.707e-02
chr3_53107500_C_G_b38	2	2.09177e-04	-9.766e-02	5.707e-02
chr3_53108205_A_T_b38	2	2.09177e-04	-9.766e-02	5.707e-02
chr3_53107533_C_T_b38	2	2.09177e-04	-9.766e-02	5.707e-02
chr3_53107949_G_C_b38	2	2.09177e-04	-9.766e-02	5.707e-02
chr3_53140622_A_AGT_b38	2	1.94195e-04	-9.067e-02	5.292e-02
chr3_53073584_T_C_b38	2	1.54956e-04	1.854e-01	6.536e-02
chr3_53072864_T_C_b38	2	1.51877e-04	1.830e-01	6.498e-02
chr3_53091413_A_T_b38	2	1.34875e-04	-1.309e-01	6.173e-02
chr3_53109885_A_G_b38	2	1.33624e-04	-7.445e-02	5.524e-02
chr3_53110347_T_C_b38	2	1.33624e-04	-7.445e-02	5.524e-02
chr3_53130510_G_C_b38	3	1.57564e-03	-1.007e-01	9.505e-02
