chr10_100913306_G_T_b38	1	1.45860e-01	4.350e-01	8.585e-02
chr10_100914879_T_A_b38	1	1.33582e-01	4.423e-01	8.638e-02
chr10_100914880_C_A_b38	1	1.33582e-01	4.423e-01	8.638e-02
chr10_100914591_A_G_b38	1	1.33582e-01	4.423e-01	8.638e-02
chr10_100929460_T_C_b38	1	1.12429e-01	4.680e-01	8.616e-02
chr10_100913950_C_G_b38	1	1.03093e-01	4.350e-01	8.584e-02
chr10_100932873_AG_A_b38	1	8.37567e-02	4.600e-01	8.560e-02
chr10_100927081_GT_G_b38	1	2.18927e-02	4.350e-01	8.584e-02
chr10_100943376_G_T_b38	1	1.74281e-02	4.477e-01	8.419e-02
chr10_100914349_AT_A_b38	1	6.99149e-03	3.888e-01	8.860e-02
chr10_100895556_T_C_b38	1	6.62135e-03	4.229e-01	8.767e-02
chr10_100889027_C_A_b38	1	6.62135e-03	4.229e-01	8.767e-02
chr10_100900524_G_C_b38	1	6.62135e-03	4.229e-01	8.767e-02
chr10_100960145_T_C_b38	1	4.89755e-03	4.242e-01	8.449e-02
chr10_100946841_A_G_b38	1	4.89755e-03	4.242e-01	8.449e-02
chr10_100931655_T_G_b38	1	4.42909e-03	4.097e-01	8.794e-02
chr10_100929747_G_A_b38	1	4.21116e-03	4.103e-01	8.811e-02
chr10_100928658_T_C_b38	1	4.21116e-03	4.103e-01	8.811e-02
chr10_100949619_G_A_b38	1	3.75477e-03	4.165e-01	8.397e-02
chr10_100948391_G_A_b38	1	3.75477e-03	4.165e-01	8.397e-02
chr10_100887424_A_G_b38	1	3.27799e-03	4.202e-01	8.627e-02
chr10_100915710_C_A_b38	1	3.08570e-03	3.785e-01	8.762e-02
chr10_100903788_A_G_b38	1	2.43045e-03	3.887e-01	8.967e-02
chr10_100903808_G_A_b38	1	2.31460e-03	3.893e-01	8.991e-02
chr10_100905504_C_G_b38	1	2.31460e-03	3.893e-01	8.991e-02
chr10_100984574_A_T_b38	1	2.16289e-03	4.238e-01	8.346e-02
chr10_100918008_G_T_b38	1	2.10422e-03	3.785e-01	8.762e-02
chr10_100909099_C_A_b38	1	2.09856e-03	3.784e-01	8.866e-02
chr10_100957976_G_A_b38	1	2.04341e-03	4.112e-01	8.557e-02
chr10_100906848_AT_A_b38	1	2.02276e-03	3.827e-01	8.925e-02
chr10_100899684_T_C_b38	1	2.02183e-03	4.022e-01	8.961e-02
chr10_100900917_C_T_b38	1	2.02183e-03	4.022e-01	8.961e-02
chr10_100901147_A_C_b38	1	2.02183e-03	4.022e-01	8.961e-02
chr10_100899807_C_G_b38	1	2.02183e-03	4.022e-01	8.961e-02
chr10_100901494_G_T_b38	1	2.02183e-03	4.022e-01	8.961e-02
chr10_100897140_T_C_b38	1	2.02183e-03	4.022e-01	8.961e-02
chr10_100900909_G_A_b38	1	2.02183e-03	4.022e-01	8.961e-02
chr10_100900016_G_T_b38	1	2.02183e-03	4.022e-01	8.961e-02
chr10_100898151_C_T_b38	1	1.86423e-03	4.014e-01	8.967e-02
chr10_100899178_G_A_b38	1	1.86423e-03	4.014e-01	8.967e-02
chr10_100973950_A_AT_b38	1	1.81182e-03	4.242e-01	8.449e-02
chr10_100891319_C_G_b38	1	1.80432e-03	4.001e-01	8.980e-02
chr10_100907521_A_T_b38	1	1.60672e-03	3.737e-01	8.706e-02
chr10_100912491_A_T_b38	2	1.24856e-01	5.629e-01	2.128e-01
chr10_100912961_T_C_b38	3	1.07830e-03	-8.728e-02	1.175e-01
chr10_100913535_G_A_b38	3	2.68761e-04	-8.764e-02	1.176e-01
chr10_100910439_T_G_b38	3	1.51883e-04	-8.307e-02	1.159e-01
chr10_100904851_G_A_b38	3	8.23449e-05	-9.852e-02	1.189e-01
chr10_100919512_GA_G_b38	3	7.26366e-05	-8.770e-02	1.158e-01
chr10_100893217_T_G_b38	3	5.66452e-05	0.000e+00	0.000e+00
chr10_100888995_G_A_b38	3	5.66452e-05	0.000e+00	0.000e+00
chr10_100894008_A_G_b38	3	5.66452e-05	0.000e+00	0.000e+00
chr10_100933213_A_G_b38	3	3.88275e-05	0.000e+00	0.000e+00
chr10_100932847_T_C_b38	3	3.88275e-05	0.000e+00	0.000e+00
chr10_100932886_G_A_b38	3	3.88275e-05	0.000e+00	0.000e+00
chr10_100936152_C_T_b38	3	3.87650e-05	0.000e+00	0.000e+00
chr10_100886585_G_T_b38	3	7.67284e-07	0.000e+00	0.000e+00
chr10_100945301_A_AT_b38	3	6.27189e-07	0.000e+00	0.000e+00
chr10_100883253_G_A_b38	3	6.14666e-07	0.000e+00	0.000e+00
chr10_100943677_T_C_b38	3	4.91957e-07	0.000e+00	0.000e+00
chr10_100955130_C_T_b38	3	4.25312e-07	0.000e+00	0.000e+00
chr10_100955426_T_C_b38	3	4.25312e-07	0.000e+00	0.000e+00
