chr19_57354163_C_A_b38	1	2.21538e-01	3.847e-01	8.132e-02
chr19_57360805_G_C_b38	1	1.87862e-01	3.991e-01	8.135e-02
chr19_57358779_G_A_b38	1	1.52854e-01	3.970e-01	8.164e-02
chr19_57360806_C_T_b38	1	8.48846e-02	3.872e-01	8.208e-02
chr19_57363586_C_G_b38	1	3.79766e-02	3.778e-01	8.036e-02
chr19_57366826_G_T_b38	1	3.23065e-02	3.741e-01	8.021e-02
chr19_57367730_G_T_b38	1	2.77054e-02	3.739e-01	8.072e-02
chr19_57367204_G_A_b38	1	2.64317e-02	3.729e-01	8.044e-02
chr19_57366514_A_G_b38	1	1.06210e-02	-3.706e-01	8.429e-02
chr19_57385366_G_A_b38	1	8.63500e-03	3.719e-01	7.981e-02
chr19_57369202_G_A_b38	1	7.74235e-03	-3.483e-01	8.089e-02
chr19_57387465_T_C_b38	1	6.66264e-03	3.642e-01	7.938e-02
chr19_57379469_T_C_b38	1	6.40688e-03	3.751e-01	8.073e-02
chr19_57349717_T_C_b38	2	5.87636e-02	-2.494e-01	8.336e-02
chr19_57320109_A_G_b38	2	1.80370e-02	-2.838e-01	7.992e-02
chr19_57323352_C_T_b38	2	4.41850e-03	-2.413e-01	7.853e-02
chr19_57349862_T_A_b38	2	3.56646e-03	-1.749e-01	1.086e-01
chr19_57323884_C_T_b38	2	3.03075e-03	-2.366e-01	8.018e-02
chr19_57320235_C_T_b38	2	2.86836e-03	-2.295e-01	7.707e-02
chr19_57326650_C_G_b38	2	2.68430e-03	-2.307e-01	7.647e-02
chr19_57326558_C_A_b38	2	2.68430e-03	-2.307e-01	7.647e-02
chr19_57347101_C_T_b38	2	2.29814e-03	-1.844e-01	1.108e-01
chr19_57320172_C_G_b38	2	2.05087e-03	-2.293e-01	8.020e-02
chr19_57344562_C_T_b38	2	1.04431e-03	-1.788e-01	1.109e-01
chr19_57331533_T_C_b38	2	3.26198e-04	-2.192e-01	1.189e-01
chr19_57328199_T_A_b38	2	2.77557e-04	-2.077e-01	1.185e-01
chr19_57327015_A_G_b38	2	2.77557e-04	-2.077e-01	1.185e-01
chr19_57327782_A_G_b38	2	2.77557e-04	-2.077e-01	1.185e-01
chr19_57331899_C_T_b38	2	2.77557e-04	-2.077e-01	1.185e-01
chr19_57341985_C_CTG_b38	2	2.36423e-04	-1.936e-01	1.159e-01
chr19_57340913_C_T_b38	2	2.36423e-04	-1.936e-01	1.159e-01
chr19_57351088_A_G_b38	3	1.04061e-03	3.084e-01	1.924e-01
chr19_57350932_G_GAGA_b38	3	3.36035e-04	2.885e-01	1.952e-01
chr19_57350957_C_G_b38	3	3.36035e-04	2.885e-01	1.952e-01
chr19_57350775_A_G_b38	3	1.95998e-04	1.643e-01	1.675e-01
chr19_57348281_T_C_b38	3	1.34478e-04	2.128e-01	1.519e-01
chr19_57342127_T_C_b38	3	5.31954e-05	1.932e-01	1.553e-01
chr19_57345834_T_C_b38	3	5.31954e-05	1.932e-01	1.553e-01
chr19_57345774_C_A_b38	3	5.31954e-05	1.932e-01	1.553e-01
chr19_57340150_T_C_b38	3	2.41122e-05	0.000e+00	0.000e+00
chr19_57338500_G_A_b38	3	2.41122e-05	0.000e+00	0.000e+00
