chr10_77819493_G_A_b38	1	1.92352e-01	3.488e-01	2.827e-02
chr10_77787210_G_A_b38	1	1.50448e-01	3.458e-01	2.748e-02
chr10_77788059_CTG_C_b38	1	1.50448e-01	3.458e-01	2.748e-02
chr10_77778207_C_T_b38	1	8.32256e-02	3.465e-01	2.782e-02
chr10_77820343_C_T_b38	1	4.27402e-02	3.415e-01	2.689e-02
chr10_77798373_G_C_b38	1	4.27402e-02	3.415e-01	2.689e-02
chr10_77811350_C_T_b38	1	4.27402e-02	3.415e-01	2.689e-02
chr10_77789289_A_G_b38	1	4.27402e-02	3.415e-01	2.689e-02
chr10_77814320_G_A_b38	1	4.27402e-02	3.415e-01	2.689e-02
chr10_77817650_G_C_b38	1	4.27402e-02	3.415e-01	2.689e-02
chr10_77798422_T_C_b38	1	3.76037e-02	3.420e-01	2.669e-02
chr10_77776707_T_C_b38	1	2.11985e-02	3.398e-01	2.686e-02
chr10_77780830_T_C_b38	1	1.95616e-02	3.412e-01	2.679e-02
chr10_77774769_T_C_b38	1	1.95616e-02	3.412e-01	2.679e-02
chr10_77781211_T_C_b38	1	1.95616e-02	3.412e-01	2.679e-02
chr10_77772173_G_A_b38	1	8.59347e-03	3.449e-01	2.773e-02
chr10_77769457_G_A_b38	1	8.59347e-03	3.449e-01	2.773e-02
chr10_77772822_G_A_b38	1	8.59347e-03	3.449e-01	2.773e-02
chr10_77769487_C_T_b38	1	8.59347e-03	3.449e-01	2.773e-02
chr10_77769592_A_G_b38	1	7.15125e-03	3.423e-01	2.743e-02
chr10_77818486_G_C_b38	1	6.70567e-03	3.351e-01	2.655e-02
chr10_77767008_T_C_b38	1	1.27583e-03	3.409e-01	2.797e-02
chr10_77926038_G_A_b38	2	4.64806e-01	-1.190e-01	3.024e-02
chr10_77924116_C_T_b38	2	1.40421e-01	-1.215e-01	2.979e-02
chr10_77924587_A_G_b38	2	1.40421e-01	-1.215e-01	2.979e-02
chr10_77937329_A_G_b38	2	3.31164e-02	-1.197e-01	2.829e-02
chr10_77881129_T_C_b38	2	1.65915e-02	-1.343e-01	3.030e-02
chr10_77919931_T_G_b38	2	1.35310e-02	-1.027e-01	2.684e-02
chr10_77918542_T_C_b38	2	1.35310e-02	-1.027e-01	2.684e-02
chr10_77942143_A_G_b38	2	1.27772e-02	-1.152e-01	2.884e-02
chr10_77876971_G_A_b38	2	8.83384e-03	-1.321e-01	3.079e-02
chr10_77876970_T_C_b38	2	7.47926e-03	-1.308e-01	3.078e-02
chr10_77883854_A_G_b38	2	7.47926e-03	-1.308e-01	3.078e-02
chr10_77879116_T_G_b38	2	7.47926e-03	-1.308e-01	3.078e-02
chr10_77877857_A_AGCAGGGCCGGCC_b38	2	7.47926e-03	-1.308e-01	3.078e-02
chr10_77884501_T_G_b38	2	7.43764e-03	-1.305e-01	3.069e-02
chr10_77918369_A_G_b38	2	7.21771e-03	-1.024e-01	2.712e-02
chr10_77904273_C_T_b38	2	7.08595e-03	-1.083e-01	2.710e-02
chr10_77901694_T_C_b38	2	4.93808e-03	-1.059e-01	2.730e-02
chr10_77902455_T_C_b38	2	4.93808e-03	-1.059e-01	2.730e-02
chr10_77941099_G_A_b38	2	4.71142e-03	-1.123e-01	2.930e-02
chr10_77910676_C_G_b38	2	4.63676e-03	-1.035e-01	2.679e-02
chr10_77910779_C_T_b38	2	4.63676e-03	-1.035e-01	2.679e-02
chr10_77910896_T_C_b38	2	4.41435e-03	-1.031e-01	2.680e-02
chr10_77942219_G_A_b38	2	4.31202e-03	-1.113e-01	2.937e-02
chr10_77885667_C_T_b38	2	3.95101e-03	-1.271e-01	3.082e-02
chr10_77882429_A_G_b38	2	3.95101e-03	-1.271e-01	3.082e-02
chr10_77886264_C_T_b38	2	3.95101e-03	-1.271e-01	3.082e-02
chr10_77870731_C_A_b38	2	3.33547e-03	-1.361e-01	2.975e-02
chr10_77828776_C_G_b38	2	3.28131e-03	-1.374e-01	3.004e-02
chr10_77828862_GCTCCAGC_G_b38	2	3.28131e-03	-1.374e-01	3.004e-02
chr10_77911321_A_G_b38	2	3.00385e-03	-1.029e-01	2.708e-02
chr10_77904611_G_C_b38	2	2.99539e-03	-1.046e-01	2.747e-02
chr10_77904558_C_T_b38	2	2.99539e-03	-1.046e-01	2.747e-02
chr10_77767030_A_T_b38	2	2.02596e-03	-1.478e-01	2.931e-02
chr10_77860358_C_T_b38	2	1.86834e-03	-1.356e-01	2.924e-02
chr10_77856602_G_A_b38	2	1.86834e-03	-1.356e-01	2.924e-02
chr10_77865869_C_T_b38	2	1.86834e-03	-1.356e-01	2.924e-02
chr10_77904855_G_A_b38	2	1.07642e-03	-1.039e-01	2.763e-02
chr10_77902304_G_C_b38	2	1.00591e-03	-1.038e-01	2.781e-02
chr10_77911486_G_T_b38	2	9.92121e-04	-1.017e-01	2.726e-02
chr10_77913722_G_A_b38	2	9.92121e-04	-1.017e-01	2.726e-02
chr10_77914132_A_ACTC_b38	2	9.92121e-04	-1.017e-01	2.726e-02
chr10_77914529_T_C_b38	2	9.92121e-04	-1.017e-01	2.726e-02
chr10_77900983_T_C_b38	2	7.96396e-04	-1.072e-01	2.709e-02
chr10_77873615_A_G_b38	2	7.22344e-04	-1.342e-01	2.916e-02
chr10_77869369_T_C_b38	2	7.22344e-04	-1.342e-01	2.916e-02
chr10_77872969_A_G_b38	2	7.22344e-04	-1.342e-01	2.916e-02
chr10_77866771_T_C_b38	2	7.22344e-04	-1.342e-01	2.916e-02
chr10_77869893_T_C_b38	2	7.22344e-04	-1.342e-01	2.916e-02
chr10_77875336_G_A_b38	2	7.22344e-04	-1.342e-01	2.916e-02
chr10_77874087_G_A_b38	2	7.22344e-04	-1.342e-01	2.916e-02
chr10_77871733_A_G_b38	2	7.22344e-04	-1.342e-01	2.916e-02
chr10_77874514_T_C_b38	2	7.22344e-04	-1.342e-01	2.916e-02
chr10_77869327_G_A_b38	2	7.22344e-04	-1.342e-01	2.916e-02
chr10_77867629_A_G_b38	2	7.22344e-04	-1.342e-01	2.916e-02
chr10_77870378_A_G_b38	2	7.22344e-04	-1.342e-01	2.916e-02
chr10_77827914_A_G_b38	2	6.97298e-04	-1.354e-01	2.956e-02
chr10_77826566_C_T_b38	2	6.97298e-04	-1.354e-01	2.956e-02
chr10_77827815_G_A_b38	2	6.97298e-04	-1.354e-01	2.956e-02
chr10_77899791_C_T_b38	2	6.89123e-04	-1.066e-01	2.727e-02
chr10_77827287_G_A_b38	2	6.18185e-04	-1.351e-01	2.967e-02
chr10_77835715_G_A_b38	2	5.77850e-04	-1.349e-01	2.973e-02
chr10_77935565_T_C_b38	3	1.45642e-01	2.428e-01	6.617e-02
chr10_77926075_G_A_b38	4	9.65204e-04	-3.542e-02	3.880e-02
chr10_77924837_GTCTC_G_b38	4	4.56314e-05	-2.813e-02	3.733e-02
chr10_77921749_C_T_b38	4	2.34799e-05	0.000e+00	0.000e+00
chr10_77923477_C_T_b38	4	2.34799e-05	0.000e+00	0.000e+00
chr10_77921724_G_C_b38	4	2.20413e-05	0.000e+00	0.000e+00
chr10_77923160_C_T_b38	4	2.20413e-05	0.000e+00	0.000e+00
chr10_77890593_G_C_b38	4	2.15595e-05	-1.940e-01	7.021e-02
chr10_77877951_C_T_b38	4	1.14687e-05	0.000e+00	0.000e+00
chr10_77920676_A_T_b38	4	8.77664e-06	0.000e+00	0.000e+00
chr10_77889895_G_T_b38	4	8.19829e-06	0.000e+00	0.000e+00
chr10_77878233_T_C_b38	4	1.24980e-09	0.000e+00	0.000e+00
chr10_77885312_C_A_b38	4	1.24980e-09	0.000e+00	0.000e+00
chr10_77892637_C_T_b38	4	4.64133e-10	0.000e+00	0.000e+00
chr10_77876403_C_T_b38	4	1.02135e-10	0.000e+00	0.000e+00
chr10_77857627_T_G_b38	4	9.11253e-11	0.000e+00	0.000e+00
chr10_77875510_GAGA_G_b38	4	9.11253e-11	0.000e+00	0.000e+00
chr10_77857890_G_A_b38	4	9.11253e-11	0.000e+00	0.000e+00
chr10_77857753_C_G_b38	4	9.11253e-11	0.000e+00	0.000e+00
chr10_77866037_T_C_b38	4	9.11253e-11	0.000e+00	0.000e+00
chr10_77866189_G_A_b38	4	9.11253e-11	0.000e+00	0.000e+00
chr10_77874049_G_A_b38	4	9.11253e-11	0.000e+00	0.000e+00
chr10_77865724_C_T_b38	4	3.54981e-11	0.000e+00	0.000e+00
chr10_77897947_C_G_b38	4	2.34183e-17	0.000e+00	0.000e+00
chr10_77943497_G_A_b38	4	5.69975e-22	0.000e+00	0.000e+00
chr10_77941605_A_C_b38	4	3.85142e-22	0.000e+00	0.000e+00
chr10_77941721_C_T_b38	4	3.85142e-22	0.000e+00	0.000e+00
chr10_77941768_T_C_b38	4	3.85142e-22	0.000e+00	0.000e+00
chr10_77900367_T_C_b38	4	3.38982e-22	0.000e+00	0.000e+00
chr10_77936112_G_A_b38	4	2.99036e-22	0.000e+00	0.000e+00
chr10_77920641_G_A_b38	4	2.35976e-22	0.000e+00	0.000e+00
chr10_77900176_G_A_b38	4	1.84681e-22	0.000e+00	0.000e+00
chr10_77938319_T_C_b38	4	4.89843e-23	0.000e+00	0.000e+00
chr10_77905415_T_C_b38	4	2.67164e-23	0.000e+00	0.000e+00
