chr1_155011887_G_A_b38	1	3.96128e-01	-1.197e-01	2.043e-02
chr1_155022502_G_T_b38	1	3.08275e-01	-1.245e-01	2.088e-02
chr1_155013615_T_C_b38	1	9.92419e-02	-1.238e-01	2.152e-02
chr1_155021439_CT_C_b38	1	9.25883e-02	-1.199e-01	2.091e-02
chr1_155018913_T_C_b38	1	7.84710e-02	-1.184e-01	2.076e-02
chr1_155017347_T_TGGGGGCAGTAGAGGGGGCAGTAGA_b38	1	1.27381e-02	-1.185e-01	2.218e-02
chr1_155033974_C_A_b38	1	5.18825e-03	-1.304e-01	2.433e-02
chr1_155033975_C_G_b38	1	5.18825e-03	-1.304e-01	2.433e-02
chr1_155002444_G_A_b38	2	1.68496e-02	4.298e-02	5.344e-02
chr1_155004637_A_G_b38	2	2.34152e-03	2.392e-02	4.923e-02
chr1_155004042_A_G_b38	2	2.34152e-03	2.392e-02	4.923e-02
chr1_154998034_G_C_b38	2	1.90982e-03	4.373e-02	5.282e-02
chr1_154998496_A_G_b38	2	1.90982e-03	4.373e-02	5.282e-02
chr1_155010560_T_G_b38	2	1.11908e-03	4.172e-02	4.515e-02
chr1_154995784_C_T_b38	2	7.90967e-04	1.454e-02	4.712e-02
chr1_154992637_G_T_b38	2	7.02883e-04	-1.903e-02	4.045e-02
chr1_154996879_TCTC_T_b38	2	5.30521e-04	-6.991e-05	3.770e-02
chr1_154988972_T_G_b38	2	2.92817e-04	1.231e-02	4.683e-02
chr1_154988982_A_G_b38	2	2.92817e-04	1.231e-02	4.683e-02
chr1_154984509_C_T_b38	2	2.92817e-04	1.231e-02	4.683e-02
chr1_154987406_A_G_b38	2	2.90569e-04	-2.203e-02	3.913e-02
chr1_154985591_C_T_b38	2	2.90569e-04	-2.203e-02	3.913e-02
chr1_154987543_T_G_b38	2	2.90569e-04	-2.203e-02	3.913e-02
chr1_154989230_A_G_b38	2	2.82577e-04	-1.777e-02	4.038e-02
chr1_154991470_A_G_b38	2	2.82577e-04	-1.777e-02	4.038e-02
chr1_154984186_C_A_b38	2	2.76078e-04	-6.536e-04	4.434e-02
chr1_154991186_A_G_b38	2	2.65092e-04	-7.759e-03	4.099e-02
chr1_154956231_G_A_b38	2	7.43956e-05	-2.903e-02	4.821e-02
chr1_154962189_C_T_b38	2	6.90111e-05	-2.328e-02	4.603e-02
chr1_155002143_G_A_b38	3	4.46300e-04	-1.818e-02	4.692e-02
chr1_154972259_T_A_b38	3	5.60188e-06	0.000e+00	0.000e+00
