chr21_39396344_C_T_b38	1	3.69653e-01	5.537e-01	5.439e-02
chr21_39397881_T_C_b38	1	8.16260e-02	5.419e-01	5.456e-02
chr21_39397364_A_G_b38	1	6.72145e-02	5.390e-01	5.447e-02
chr21_39398686_T_C_b38	1	6.72145e-02	5.390e-01	5.447e-02
chr21_39397091_G_T_b38	1	6.72145e-02	5.390e-01	5.447e-02
chr21_39394255_G_T_b38	1	6.72145e-02	5.390e-01	5.447e-02
chr21_39394122_G_A_b38	1	6.72145e-02	5.390e-01	5.447e-02
chr21_39397685_G_GATTAA_b38	1	2.79250e-02	5.380e-01	5.520e-02
chr21_39388679_A_T_b38	1	2.59447e-02	5.285e-01	5.494e-02
chr21_39390329_G_A_b38	1	1.60800e-02	5.321e-01	5.508e-02
chr21_39398959_C_T_b38	1	1.60800e-02	5.321e-01	5.508e-02
chr21_39400558_C_T_b38	1	1.60800e-02	5.321e-01	5.508e-02
chr21_39392513_A_AT_b38	1	1.60800e-02	5.321e-01	5.508e-02
chr21_39400510_T_C_b38	1	1.60800e-02	5.321e-01	5.508e-02
chr21_39392123_G_A_b38	1	1.60800e-02	5.321e-01	5.508e-02
chr21_39400119_C_T_b38	1	1.60800e-02	5.321e-01	5.508e-02
chr21_39391969_T_C_b38	1	1.25475e-02	5.285e-01	5.494e-02
chr21_39401561_C_T_b38	1	1.25475e-02	5.285e-01	5.494e-02
chr21_39389619_T_G_b38	1	3.68717e-03	5.141e-01	5.530e-02
chr21_39389381_A_G_b38	1	3.68717e-03	5.141e-01	5.530e-02
chr21_39389130_G_C_b38	1	3.68717e-03	5.141e-01	5.530e-02
chr21_39378066_C_G_b38	2	1.63822e-02	-2.152e-01	8.756e-02
chr21_39406256_C_T_b38	2	2.04066e-03	-1.957e-01	6.986e-02
chr21_39361832_C_A_b38	2	1.76933e-03	-2.129e-01	9.936e-02
