chr16_742190_A_G_b38	1	2.36232e-01	3.498e-01	8.399e-02
chr16_733864_C_A_b38	1	1.02210e-01	3.658e-01	8.472e-02
chr16_733865_T_C_b38	1	1.02210e-01	3.658e-01	8.472e-02
chr16_719566_C_G_b38	1	3.65252e-02	3.515e-01	8.235e-02
chr16_719026_G_C_b38	1	2.75122e-02	3.506e-01	8.377e-02
chr16_719247_G_A_b38	1	2.75122e-02	3.506e-01	8.377e-02
chr16_731292_C_T_b38	1	2.39425e-02	3.912e-01	9.377e-02
chr16_728024_T_C_b38	1	2.32768e-02	3.460e-01	8.370e-02
chr16_730339_A_G_b38	1	2.17947e-02	3.792e-01	9.172e-02
chr16_717519_T_C_b38	1	2.13079e-02	3.951e-01	9.542e-02
chr16_734765_C_T_b38	1	2.11881e-02	3.305e-01	8.638e-02
chr16_733004_T_C_b38	1	1.94541e-02	3.575e-01	9.363e-02
chr16_716485_G_A_b38	1	1.80349e-02	3.468e-01	8.548e-02
chr16_718596_G_T_b38	1	1.45614e-02	3.541e-01	8.853e-02
chr16_733173_T_C_b38	1	1.38656e-02	3.450e-01	9.339e-02
chr16_731633_G_A_b38	1	1.09098e-02	3.450e-01	9.535e-02
chr16_732132_C_T_b38	1	1.09098e-02	3.450e-01	9.535e-02
chr16_733156_G_C_b38	1	1.09098e-02	3.450e-01	9.535e-02
chr16_719538_G_A_b38	1	8.84141e-03	3.406e-01	8.878e-02
chr16_728820_G_A_b38	1	8.70753e-03	3.305e-01	8.638e-02
chr16_716078_A_G_b38	1	7.95487e-03	3.468e-01	8.548e-02
chr16_717426_T_TG_b38	1	7.31254e-03	3.350e-01	8.880e-02
chr16_717430_C_G_b38	1	7.02152e-03	3.246e-01	8.654e-02
chr16_714753_C_G_b38	1	6.65709e-03	3.540e-01	8.827e-02
chr16_714826_C_T_b38	1	5.82633e-03	3.479e-01	8.773e-02
chr16_724045_TGGGGCAGTGGGTGGGTGG_T_b38	1	5.72566e-03	3.190e-01	8.657e-02
chr16_740647_G_T_b38	1	5.08128e-03	2.760e-01	1.057e-01
chr16_720103_C_G_b38	1	5.02425e-03	3.028e-01	8.332e-02
chr16_718597_A_G_b38	1	4.87826e-03	3.236e-01	8.900e-02
chr16_719926_C_G_b38	1	4.15806e-03	3.078e-01	8.612e-02
chr16_714948_A_G_b38	1	2.51840e-03	3.356e-01	9.065e-02
chr16_739761_A_G_b38	1	2.34706e-03	2.764e-01	1.056e-01
chr16_741179_A_G_b38	2	1.53055e-02	1.951e-01	2.565e-01
chr16_740409_T_C_b38	2	1.09278e-02	3.556e-01	2.178e-01
chr16_740502_T_G_b38	2	5.78909e-03	1.958e-01	2.568e-01
chr16_742193_T_A_b38	2	4.90956e-03	2.979e-01	3.107e-01
chr16_742280_C_T_b38	2	4.12095e-03	-1.484e-01	3.686e-01
chr16_759263_A_G_b38	3	1.38852e-03	4.602e-01	1.492e-01
chr16_759135_A_C_b38	3	6.08571e-04	4.060e-01	1.505e-01
chr16_759390_T_C_b38	3	5.05527e-04	4.043e-01	1.528e-01
chr16_757672_T_C_b38	3	1.19154e-04	2.573e-01	1.640e-01
chr16_758061_A_G_b38	3	1.19154e-04	2.573e-01	1.640e-01
chr16_762539_C_T_b38	3	8.55814e-05	1.858e-01	1.721e-01
