chr2_30255762_T_C_b38	1	1.57675e-01	-3.213e-01	5.802e-02
chr2_30255913_A_G_b38	1	1.57675e-01	-3.213e-01	5.802e-02
chr2_30251485_G_A_b38	1	1.36077e-01	-3.046e-01	5.543e-02
chr2_30251699_TAAG_T_b38	1	1.36077e-01	-3.046e-01	5.543e-02
chr2_30252208_T_C_b38	1	5.42515e-02	-2.886e-01	5.458e-02
chr2_30255520_G_T_b38	1	3.03278e-02	-3.192e-01	6.167e-02
chr2_30256417_A_T_b38	1	3.03278e-02	-3.192e-01	6.167e-02
chr2_30257999_A_G_b38	1	2.51588e-02	-3.093e-01	5.795e-02
chr2_30255307_C_T_b38	1	2.01930e-02	-3.204e-01	6.299e-02
chr2_30265317_A_G_b38	1	1.84324e-02	-2.913e-01	5.543e-02
chr2_30257890_A_G_b38	1	1.83619e-02	-3.124e-01	5.926e-02
chr2_30257884_T_G_b38	1	1.83619e-02	-3.124e-01	5.926e-02
chr2_30246717_C_CTAAAACTCAACAAGTAG_b38	1	1.77925e-02	-2.807e-01	5.578e-02
chr2_30268526_A_G_b38	1	1.41787e-02	-2.837e-01	5.462e-02
chr2_30256991_C_A_b38	1	1.05887e-02	-3.232e-01	6.266e-02
chr2_30251649_A_C_b38	1	1.04553e-02	-3.091e-01	6.273e-02
chr2_30251493_G_A_b38	1	1.04553e-02	-3.091e-01	6.273e-02
chr2_30250311_T_C_b38	1	1.01833e-02	-2.931e-01	5.964e-02
chr2_30257061_C_T_b38	1	7.92894e-03	-3.205e-01	6.297e-02
chr2_30274766_T_C_b38	1	7.65047e-03	-3.743e-01	7.345e-02
chr2_30245994_C_T_b38	1	7.47943e-03	-3.032e-01	6.246e-02
chr2_30249489_C_T_b38	1	6.45175e-03	-3.025e-01	6.278e-02
chr2_30274891_G_A_b38	1	5.61461e-03	-3.416e-01	6.819e-02
chr2_30271306_G_T_b38	1	5.61461e-03	-3.416e-01	6.819e-02
chr2_30271373_C_T_b38	1	5.61461e-03	-3.416e-01	6.819e-02
chr2_30275787_G_A_b38	1	5.61461e-03	-3.416e-01	6.819e-02
chr2_30270873_G_A_b38	1	5.42014e-03	-3.210e-01	6.431e-02
chr2_30279245_C_T_b38	1	3.14344e-03	-3.323e-01	6.813e-02
chr2_30279131_C_T_b38	1	3.14344e-03	-3.323e-01	6.813e-02
chr2_30280171_A_G_b38	1	3.14344e-03	-3.323e-01	6.813e-02
chr2_30273917_C_T_b38	1	3.14344e-03	-3.323e-01	6.813e-02
chr2_30279484_T_C_b38	1	3.14344e-03	-3.323e-01	6.813e-02
chr2_30279123_G_A_b38	1	3.14344e-03	-3.323e-01	6.813e-02
chr2_30279311_A_C_b38	1	3.14344e-03	-3.323e-01	6.813e-02
chr2_30258477_A_T_b38	1	2.58834e-03	-3.070e-01	6.353e-02
chr2_30257330_C_G_b38	1	2.48073e-03	-2.959e-01	6.142e-02
chr2_30258443_A_G_b38	1	2.05138e-03	-2.995e-01	6.276e-02
chr2_30259051_G_A_b38	1	1.67165e-03	-3.016e-01	6.384e-02
chr2_30221845_G_A_b38	2	2.32694e-02	2.259e-01	7.864e-02
chr2_30220369_A_G_b38	2	8.37715e-03	-1.983e-01	7.389e-02
chr2_30213455_G_C_b38	2	5.34710e-03	1.930e-01	7.692e-02
chr2_30214363_C_A_b38	2	3.31531e-03	1.703e-01	7.402e-02
chr2_30208545_G_T_b38	2	1.68227e-03	1.546e-01	7.831e-02
chr2_30233961_AATAT_A_b38	3	1.10274e-04	-1.111e-01	1.324e-01
chr2_30234154_A_G_b38	3	1.03637e-04	-2.008e-01	1.143e-01
