chr19_37154673_CA_C_b38	1	1.05821e-01	2.125e-01	3.773e-02
chr19_37158675_G_T_b38	1	1.05821e-01	2.125e-01	3.773e-02
chr19_37160812_C_T_b38	1	9.13741e-02	2.122e-01	3.787e-02
chr19_37160027_G_C_b38	1	9.13741e-02	2.122e-01	3.787e-02
chr19_37152020_C_T_b38	1	8.64802e-02	2.114e-01	3.786e-02
chr19_37152015_G_A_b38	1	8.25819e-02	2.109e-01	3.780e-02
chr19_37191523_A_C_b38	1	6.62017e-02	2.082e-01	3.755e-02
chr19_37194307_G_GTGT_b38	1	3.30585e-02	2.019e-01	3.737e-02
chr19_37106292_G_A_b38	1	3.16609e-02	2.159e-01	3.684e-02
chr19_37108287_T_C_b38	1	2.23908e-02	2.135e-01	3.683e-02
chr19_37105990_G_C_b38	1	2.23908e-02	2.135e-01	3.683e-02
chr19_37137010_C_CCCT_b38	1	2.21687e-02	2.069e-01	3.727e-02
chr19_37143153_A_G_b38	1	1.50438e-02	2.029e-01	3.711e-02
chr19_37143389_G_T_b38	1	1.50438e-02	2.029e-01	3.711e-02
chr19_37124629_A_G_b38	1	9.13116e-03	1.998e-01	3.718e-02
chr19_37104163_T_G_b38	1	8.00289e-03	2.058e-01	3.676e-02
chr19_37006769_G_A_b38	1	6.34002e-03	2.126e-01	3.613e-02
chr19_37006257_T_C_b38	1	6.34002e-03	2.126e-01	3.613e-02
chr19_37104671_T_C_b38	1	6.13841e-03	2.050e-01	3.696e-02
chr19_37111222_A_AT_b38	1	6.13841e-03	2.050e-01	3.696e-02
chr19_37101326_T_C_b38	1	6.13841e-03	2.050e-01	3.696e-02
chr19_37106493_A_C_b38	1	6.13841e-03	2.050e-01	3.696e-02
chr19_37107847_C_CT_b38	1	6.13841e-03	2.050e-01	3.696e-02
chr19_37073726_C_T_b38	1	5.76344e-03	2.036e-01	3.689e-02
chr19_37124104_A_C_b38	1	5.28738e-03	1.962e-01	3.728e-02
chr19_37007360_G_A_b38	1	3.68636e-03	2.091e-01	3.619e-02
chr19_37004479_A_C_b38	1	3.66612e-03	2.075e-01	3.586e-02
chr19_37133947_C_T_b38	1	3.52695e-03	1.941e-01	3.736e-02
chr19_37145874_A_C_b38	1	3.47024e-03	1.903e-01	3.675e-02
chr19_37025318_T_C_b38	1	3.12793e-03	2.107e-01	3.650e-02
chr19_37025472_C_A_b38	1	3.12793e-03	2.107e-01	3.650e-02
chr19_37036255_C_T_b38	1	3.09382e-03	2.106e-01	3.654e-02
chr19_37131109_T_C_b38	1	3.07948e-03	1.902e-01	3.690e-02
chr19_37129346_T_A_b38	1	3.07948e-03	1.902e-01	3.690e-02
chr19_37088908_G_A_b38	1	3.02255e-03	2.004e-01	3.719e-02
chr19_37102994_AT_A_b38	1	3.02255e-03	2.004e-01	3.719e-02
chr19_37080933_C_T_b38	1	3.02255e-03	2.004e-01	3.719e-02
chr19_37097875_C_T_b38	1	3.02255e-03	2.004e-01	3.719e-02
chr19_37115126_T_C_b38	1	3.02255e-03	2.004e-01	3.719e-02
chr19_37116629_T_C_b38	1	3.02255e-03	2.004e-01	3.719e-02
chr19_37087669_A_G_b38	1	3.02255e-03	2.004e-01	3.719e-02
chr19_37001848_C_T_b38	1	2.92144e-03	2.065e-01	3.599e-02
chr19_37003580_A_G_b38	1	2.60338e-03	2.046e-01	3.580e-02
chr19_37007164_T_C_b38	1	2.19948e-03	2.040e-01	3.592e-02
chr19_37091569_G_C_b38	1	1.83150e-03	1.969e-01	3.727e-02
chr19_37087620_G_C_b38	1	1.83150e-03	1.969e-01	3.727e-02
chr19_37082172_A_G_b38	1	1.83150e-03	1.969e-01	3.727e-02
chr19_37114666_A_G_b38	1	1.83150e-03	1.969e-01	3.727e-02
chr19_37100573_T_C_b38	1	1.83150e-03	1.969e-01	3.727e-02
chr19_37116522_A_G_b38	1	1.83150e-03	1.969e-01	3.727e-02
chr19_37089513_G_A_b38	1	1.83150e-03	1.969e-01	3.727e-02
chr19_37133186_A_G_b38	1	1.72106e-03	1.886e-01	3.747e-02
chr19_37132682_C_T_b38	1	1.72106e-03	1.886e-01	3.747e-02
chr19_37132570_T_C_b38	1	1.72106e-03	1.886e-01	3.747e-02
chr19_37132747_A_G_b38	1	1.72106e-03	1.886e-01	3.747e-02
chr19_37133430_G_C_b38	1	1.72106e-03	1.886e-01	3.747e-02
chr19_37132816_CCAG_C_b38	1	1.72106e-03	1.886e-01	3.747e-02
chr19_37035291_G_A_b38	1	1.57802e-03	2.075e-01	3.696e-02
chr19_37139568_C_T_b38	1	1.35223e-03	1.853e-01	3.723e-02
chr19_37095772_A_T_b38	1	1.29977e-03	1.943e-01	3.729e-02
chr19_37137502_C_T_b38	1	1.08465e-03	1.842e-01	3.739e-02
chr19_37139468_A_G_b38	1	1.08465e-03	1.842e-01	3.739e-02
chr19_37136586_G_A_b38	1	1.08465e-03	1.842e-01	3.739e-02
chr19_37139308_T_C_b38	1	1.08465e-03	1.842e-01	3.739e-02
chr19_37139472_C_T_b38	1	1.08465e-03	1.842e-01	3.739e-02
chr19_37136211_A_G_b38	1	1.08465e-03	1.842e-01	3.739e-02
chr19_37139480_A_G_b38	1	1.08465e-03	1.842e-01	3.739e-02
chr19_37138589_A_G_b38	1	1.08465e-03	1.842e-01	3.739e-02
chr19_37136499_G_A_b38	1	1.08465e-03	1.842e-01	3.739e-02
chr19_37138189_C_T_b38	1	1.08465e-03	1.842e-01	3.739e-02
chr19_37114424_ACT_A_b38	1	9.00858e-04	1.898e-01	3.691e-02
chr19_37111269_G_A_b38	1	9.00858e-04	1.898e-01	3.691e-02
chr19_37106098_C_T_b38	1	9.00858e-04	1.898e-01	3.691e-02
chr19_37116923_C_T_b38	1	9.00858e-04	1.898e-01	3.691e-02
chr19_37117473_G_A_b38	1	9.00858e-04	1.898e-01	3.691e-02
chr19_37116625_A_G_b38	1	8.77800e-04	1.899e-01	3.698e-02
chr19_37060370_T_C_b38	1	5.63898e-04	2.025e-01	3.740e-02
chr19_36784656_G_A_b38	2	3.56063e-02	2.070e-01	4.124e-02
chr19_36808512_G_C_b38	2	3.56063e-02	2.070e-01	4.124e-02
chr19_36803655_C_G_b38	2	3.56063e-02	2.070e-01	4.124e-02
chr19_36780783_C_G_b38	2	3.56063e-02	2.070e-01	4.124e-02
chr19_36798161_GA_G_b38	2	3.56063e-02	2.070e-01	4.124e-02
chr19_36804929_C_T_b38	2	3.56063e-02	2.070e-01	4.124e-02
chr19_36779079_G_C_b38	2	3.26475e-02	2.061e-01	4.123e-02
chr19_36796503_T_C_b38	2	3.26475e-02	2.061e-01	4.123e-02
chr19_36822798_C_T_b38	2	2.70955e-02	2.040e-01	4.113e-02
chr19_36796303_C_A_b38	2	1.76757e-02	2.098e-01	4.297e-02
chr19_36809790_C_G_b38	2	1.70583e-02	1.998e-01	4.106e-02
chr19_36824066_T_C_b38	2	5.86253e-03	2.020e-01	4.388e-02
chr19_36826281_A_T_b38	2	5.20364e-03	1.874e-01	4.060e-02
chr19_36808526_C_T_b38	2	5.20364e-03	1.874e-01	4.060e-02
chr19_36782579_G_A_b38	2	5.20364e-03	1.874e-01	4.060e-02
chr19_36825084_T_C_b38	2	5.20364e-03	1.874e-01	4.060e-02
chr19_36830493_C_A_b38	2	5.20364e-03	1.874e-01	4.060e-02
chr19_36833415_A_T_b38	2	5.20364e-03	1.874e-01	4.060e-02
chr19_36832143_G_C_b38	2	5.20364e-03	1.874e-01	4.060e-02
chr19_36827455_T_G_b38	2	5.20364e-03	1.874e-01	4.060e-02
chr19_36775887_T_C_b38	2	4.78148e-03	1.988e-01	4.346e-02
chr19_36816483_C_T_b38	2	4.13901e-03	1.942e-01	4.259e-02
chr19_36819442_T_C_b38	2	4.13901e-03	1.942e-01	4.259e-02
chr19_36805840_T_TG_b38	2	3.07960e-03	1.831e-01	4.074e-02
chr19_36798547_G_C_b38	2	3.07960e-03	1.831e-01	4.074e-02
chr19_36805843_T_A_b38	2	3.07960e-03	1.831e-01	4.074e-02
chr19_36808262_G_A_b38	2	3.07960e-03	1.831e-01	4.074e-02
chr19_36815189_C_T_b38	2	2.60352e-03	1.906e-01	4.273e-02
chr19_36834924_A_G_b38	2	2.60352e-03	1.906e-01	4.273e-02
chr19_36815026_A_C_b38	2	2.60352e-03	1.906e-01	4.273e-02
chr19_36829965_A_G_b38	2	2.60352e-03	1.906e-01	4.273e-02
chr19_36813825_A_G_b38	2	2.60352e-03	1.906e-01	4.273e-02
chr19_36438671_TGAGGCA_T_b38	2	1.93754e-03	2.171e-01	4.518e-02
chr19_36766290_C_T_b38	2	1.47112e-03	1.875e-01	4.298e-02
chr19_36450063_A_G_b38	2	1.15693e-03	1.992e-01	4.239e-02
chr19_36836744_A_G_b38	2	1.00376e-03	1.735e-01	4.081e-02
chr19_36840737_A_G_b38	2	1.00376e-03	1.735e-01	4.081e-02
chr19_36848254_T_G_b38	2	1.00376e-03	1.735e-01	4.081e-02
chr19_36770921_A_G_b38	2	6.44848e-04	1.876e-01	4.485e-02
chr19_36765509_C_T_b38	2	6.44848e-04	1.876e-01	4.485e-02
chr19_36766514_C_T_b38	2	6.44848e-04	1.876e-01	4.485e-02
chr19_36438354_A_T_b38	2	5.12978e-04	2.064e-01	4.540e-02
chr19_36448670_C_T_b38	2	5.06348e-04	1.903e-01	4.196e-02
chr19_36447504_C_T_b38	2	5.06348e-04	1.903e-01	4.196e-02
chr19_36444044_C_A_b38	2	5.06348e-04	1.903e-01	4.196e-02
chr19_36451875_A_G_b38	2	5.06348e-04	1.903e-01	4.196e-02
chr19_36444724_G_A_b38	2	5.06348e-04	1.903e-01	4.196e-02
chr19_36442339_C_T_b38	2	5.06348e-04	1.903e-01	4.196e-02
chr19_36454223_C_A_b38	2	4.60606e-04	1.903e-01	4.219e-02
chr19_36455900_A_G_b38	2	3.85632e-04	1.877e-01	4.175e-02
chr19_36455627_T_C_b38	2	3.85632e-04	1.877e-01	4.175e-02
chr19_36455528_G_A_b38	2	3.85632e-04	1.877e-01	4.175e-02
chr19_36455971_C_T_b38	2	3.85632e-04	1.877e-01	4.175e-02
chr19_36455648_G_A_b38	2	3.85632e-04	1.877e-01	4.175e-02
chr19_36456681_T_G_b38	2	3.54095e-04	1.872e-01	4.182e-02
chr19_36460389_A_C_b38	2	3.54095e-04	1.872e-01	4.182e-02
chr19_36473474_C_T_b38	2	3.26314e-04	1.883e-01	4.226e-02
chr19_36472735_C_T_b38	2	3.26314e-04	1.883e-01	4.226e-02
chr19_36481327_T_C_b38	2	3.26314e-04	1.883e-01	4.226e-02
chr19_36475200_C_T_b38	2	3.26314e-04	1.883e-01	4.226e-02
chr19_36440848_G_C_b38	2	3.03416e-04	1.874e-01	4.220e-02
chr19_36767716_C_T_b38	2	2.90482e-04	1.710e-01	4.272e-02
chr19_36456278_G_A_b38	2	2.70768e-04	1.846e-01	4.187e-02
chr19_36774057_C_T_b38	2	2.30632e-04	1.792e-01	4.497e-02
chr19_36480050_A_G_b38	2	1.91842e-04	1.933e-01	4.424e-02
chr19_36483856_G_C_b38	2	1.91842e-04	1.933e-01	4.424e-02
chr19_36769369_G_C_b38	2	1.64140e-04	1.774e-01	4.491e-02
chr19_36761238_G_A_b38	2	1.60695e-04	1.776e-01	4.497e-02
chr19_36439524_G_A_b38	2	1.14817e-04	1.923e-01	4.407e-02
chr19_36482185_A_C_b38	2	1.14025e-04	1.932e-01	4.432e-02
chr19_37151565_G_T_b38	3	1.49732e-02	3.071e-01	8.741e-02
chr19_37155843_G_A_b38	3	1.74486e-05	2.981e-01	8.144e-02
chr19_37158533_G_A_b38	3	1.74486e-05	2.981e-01	8.144e-02
chr19_37157433_C_T_b38	3	1.74486e-05	2.981e-01	8.144e-02
chr19_37155208_C_T_b38	3	1.74486e-05	2.981e-01	8.144e-02
chr19_37152875_C_T_b38	3	1.55875e-05	2.967e-01	8.187e-02
chr19_37154556_G_A_b38	3	1.55875e-05	2.967e-01	8.187e-02
chr19_37151928_G_A_b38	3	1.55875e-05	2.967e-01	8.187e-02
chr19_37162590_A_C_b38	3	3.58630e-06	0.000e+00	0.000e+00
chr19_37155365_G_C_b38	3	3.01918e-06	0.000e+00	0.000e+00
chr19_37152620_C_T_b38	3	3.01918e-06	0.000e+00	0.000e+00
chr19_37160791_A_G_b38	3	3.01918e-06	0.000e+00	0.000e+00
chr19_37161093_C_A_b38	3	1.06367e-06	0.000e+00	0.000e+00
chr19_37163558_C_T_b38	3	8.73233e-07	0.000e+00	0.000e+00
chr19_37072864_ATAT_A_b38	3	4.49528e-07	0.000e+00	0.000e+00
