chr20_49220589_G_C_b38	1	2.72188e-01	-9.240e-02	1.679e-02
chr20_49215517_A_T_b38	1	1.65221e-01	-9.240e-02	1.679e-02
chr20_49216460_A_G_b38	1	1.65221e-01	-9.240e-02	1.679e-02
chr20_49227804_A_G_b38	1	1.46325e-01	9.348e-02	1.676e-02
chr20_49235382_T_C_b38	1	6.12374e-02	9.283e-02	1.670e-02
chr20_49219081_G_A_b38	1	2.99240e-02	8.249e-02	1.757e-02
chr20_49200336_C_G_b38	1	1.37995e-02	8.767e-02	1.673e-02
chr20_49220669_C_T_b38	1	1.12525e-02	8.290e-02	1.713e-02
chr20_49201278_G_A_b38	1	9.51948e-03	8.693e-02	1.684e-02
chr20_49218618_T_A_b38	1	9.47233e-03	8.267e-02	1.791e-02
chr20_49254902_A_T_b38	1	7.59039e-03	8.923e-02	1.677e-02
chr20_49186764_A_C_b38	1	6.98230e-03	8.891e-02	1.678e-02
chr20_49184078_C_T_b38	1	6.49013e-03	8.908e-02	1.685e-02
chr20_49262572_C_T_b38	1	5.97253e-03	8.839e-02	1.677e-02
chr20_49177259_G_C_b38	1	5.87296e-03	8.870e-02	1.685e-02
chr20_49310319_C_G_b38	1	4.87031e-03	9.121e-02	1.675e-02
chr20_49223054_C_T_b38	1	4.72685e-03	8.200e-02	1.723e-02
chr20_49225123_G_T_b38	1	4.52436e-03	8.370e-02	1.723e-02
chr20_49177818_A_G_b38	1	3.60308e-03	8.766e-02	1.697e-02
chr20_49189555_G_A_b38	1	3.24462e-03	8.964e-02	1.743e-02
chr20_49121639_CCTTT_C_b38	1	3.23123e-03	8.970e-02	1.668e-02
chr20_49156064_T_C_b38	1	2.66835e-03	8.905e-02	1.668e-02
chr20_49218381_C_T_b38	2	7.31001e-03	3.234e-02	2.644e-02
chr20_49217718_A_G_b38	2	4.49640e-03	4.801e-02	3.019e-02
chr20_49221331_G_A_b38	2	2.94625e-03	3.119e-02	2.658e-02
chr20_49223484_A_G_b38	2	1.58630e-03	2.987e-02	2.635e-02
chr20_49228378_C_T_b38	2	9.80793e-04	3.037e-02	2.636e-02
chr20_49212153_C_T_b38	2	8.81107e-04	2.876e-02	2.635e-02
chr20_49211971_T_C_b38	2	8.72824e-04	2.849e-02	2.634e-02
chr20_49213553_A_G_b38	2	8.69985e-04	2.840e-02	2.634e-02
chr20_49231050_C_T_b38	2	4.26566e-04	2.986e-02	2.633e-02
chr20_49232350_C_T_b38	2	4.26566e-04	2.986e-02	2.633e-02
chr20_49230061_G_T_b38	2	4.26566e-04	2.986e-02	2.633e-02
chr20_49204859_C_T_b38	2	3.03138e-04	1.285e-02	2.609e-02
chr20_49194571_C_CTATGATCTTTCAAATTAT_b38	2	2.89404e-04	-1.159e-02	2.482e-02
chr20_49202327_C_T_b38	2	2.83867e-04	7.635e-03	2.591e-02
chr20_49261677_GCT_G_b38	2	1.87426e-04	3.377e-02	2.672e-02
chr20_49264417_T_G_b38	2	1.62161e-04	2.988e-02	2.633e-02
chr20_49252058_C_A_b38	2	1.58214e-04	2.926e-02	2.642e-02
chr20_49245642_T_TAA_b38	2	1.36147e-04	2.459e-02	2.631e-02
chr20_49256259_A_G_b38	2	1.34805e-04	2.428e-02	2.623e-02
chr20_49258767_T_C_b38	2	1.34805e-04	2.428e-02	2.623e-02
chr20_49256830_C_T_b38	2	1.32823e-04	2.378e-02	2.624e-02
chr20_49268018_C_T_b38	2	1.12260e-04	1.813e-02	2.500e-02
chr20_49178433_G_A_b38	2	8.61674e-05	1.358e-02	2.611e-02
chr20_49279619_C_T_b38	2	3.34441e-05	4.713e-02	3.225e-02
chr20_49274656_G_A_b38	2	2.51499e-05	3.521e-02	2.641e-02
chr20_49299913_C_T_b38	2	2.18280e-05	3.176e-02	2.655e-02
chr20_49218712_AT_A_b38	3	5.50805e-05	0.000e+00	0.000e+00
chr20_49218530_G_A_b38	3	5.45764e-05	0.000e+00	0.000e+00
chr20_49220789_T_TTGTC_b38	3	2.44549e-05	0.000e+00	0.000e+00
chr20_49220732_C_T_b38	3	1.50265e-05	0.000e+00	0.000e+00
chr20_49217815_C_T_b38	3	1.40489e-05	0.000e+00	0.000e+00
chr20_49217160_T_C_b38	3	1.39953e-05	0.000e+00	0.000e+00
chr20_49216881_A_C_b38	3	1.37029e-05	0.000e+00	0.000e+00
chr20_49217099_T_C_b38	3	1.35613e-05	0.000e+00	0.000e+00
chr20_49218247_T_C_b38	3	1.01654e-05	0.000e+00	0.000e+00
chr20_49215809_C_G_b38	3	8.49190e-06	0.000e+00	0.000e+00
chr20_49216469_A_C_b38	3	7.69758e-06	0.000e+00	0.000e+00
chr20_49215367_T_G_b38	3	7.51175e-06	0.000e+00	0.000e+00
chr20_49222433_T_C_b38	3	7.40524e-06	0.000e+00	0.000e+00
chr20_49222247_T_C_b38	3	4.15094e-06	0.000e+00	0.000e+00
chr20_49229278_C_T_b38	3	2.24737e-06	0.000e+00	0.000e+00
chr20_49225374_T_C_b38	3	2.23208e-06	0.000e+00	0.000e+00
chr20_49225690_C_T_b38	3	1.98784e-06	0.000e+00	0.000e+00
chr20_49229246_A_G_b38	3	1.88725e-06	0.000e+00	0.000e+00
chr20_49228683_T_A_b38	3	1.79469e-06	0.000e+00	0.000e+00
chr20_49226316_C_T_b38	3	1.78348e-06	0.000e+00	0.000e+00
chr20_49227555_G_C_b38	3	1.75567e-06	0.000e+00	0.000e+00
chr20_49213978_G_A_b38	3	1.72974e-06	0.000e+00	0.000e+00
chr20_49229163_C_G_b38	3	1.72899e-06	0.000e+00	0.000e+00
chr20_49213713_T_C_b38	3	1.65701e-06	0.000e+00	0.000e+00
chr20_49233009_T_C_b38	3	2.95879e-07	0.000e+00	0.000e+00
chr20_49230609_T_C_b38	3	2.95013e-07	0.000e+00	0.000e+00
chr20_49232034_T_C_b38	3	2.78223e-07	0.000e+00	0.000e+00
chr20_49236285_G_A_b38	3	2.24813e-07	0.000e+00	0.000e+00
chr20_49231677_C_T_b38	3	1.98072e-07	0.000e+00	0.000e+00
chr20_49231500_G_A_b38	3	1.98072e-07	0.000e+00	0.000e+00
chr20_49230049_T_C_b38	3	1.98072e-07	0.000e+00	0.000e+00
chr20_49244163_T_A_b38	3	1.35768e-07	0.000e+00	0.000e+00
chr20_49232989_G_A_b38	3	1.25393e-07	0.000e+00	0.000e+00
chr20_49232178_T_G_b38	3	1.20763e-07	0.000e+00	0.000e+00
chr20_49233645_C_T_b38	3	1.13547e-07	0.000e+00	0.000e+00
chr20_49234220_T_G_b38	3	1.13497e-07	0.000e+00	0.000e+00
chr20_49235812_T_C_b38	3	1.08902e-07	0.000e+00	0.000e+00
chr20_49208768_T_C_b38	3	1.04022e-07	0.000e+00	0.000e+00
chr20_49235817_T_C_b38	3	1.02916e-07	0.000e+00	0.000e+00
chr20_49266989_C_T_b38	3	9.80221e-08	0.000e+00	0.000e+00
chr20_49241535_C_T_b38	3	8.52157e-08	0.000e+00	0.000e+00
chr20_49239772_C_T_b38	3	8.44855e-08	0.000e+00	0.000e+00
chr20_49238545_G_A_b38	3	8.10080e-08	0.000e+00	0.000e+00
chr20_49241598_A_G_b38	3	7.78350e-08	0.000e+00	0.000e+00
chr20_49237507_C_T_b38	3	7.78350e-08	0.000e+00	0.000e+00
chr20_49239500_T_G_b38	3	7.78350e-08	0.000e+00	0.000e+00
chr20_49239706_T_TG_b38	3	7.78350e-08	0.000e+00	0.000e+00
chr20_49242385_T_G_b38	3	7.78350e-08	0.000e+00	0.000e+00
chr20_49209277_C_T_b38	3	7.55867e-08	0.000e+00	0.000e+00
chr20_49242478_A_G_b38	3	7.55227e-08	0.000e+00	0.000e+00
chr20_49265353_T_G_b38	3	5.50961e-08	0.000e+00	0.000e+00
chr20_49265060_A_G_b38	3	5.50961e-08	0.000e+00	0.000e+00
chr20_49262845_T_C_b38	3	5.50961e-08	0.000e+00	0.000e+00
chr20_49263990_G_A_b38	3	5.50961e-08	0.000e+00	0.000e+00
chr20_49263994_C_T_b38	3	5.50961e-08	0.000e+00	0.000e+00
chr20_49250772_C_A_b38	3	5.40262e-08	0.000e+00	0.000e+00
chr20_49255840_C_G_b38	3	5.39191e-08	0.000e+00	0.000e+00
chr20_49255192_G_A_b38	3	5.39191e-08	0.000e+00	0.000e+00
chr20_49254740_ACCTTGGAC_A_b38	3	5.39191e-08	0.000e+00	0.000e+00
chr20_49268047_T_A_b38	3	5.35166e-08	0.000e+00	0.000e+00
chr20_49245566_A_G_b38	3	5.21912e-08	0.000e+00	0.000e+00
chr20_49238622_C_G_b38	3	5.21790e-08	0.000e+00	0.000e+00
chr20_49249985_T_A_b38	3	5.13981e-08	0.000e+00	0.000e+00
chr20_49258870_G_A_b38	3	5.09833e-08	0.000e+00	0.000e+00
chr20_49261670_C_CAG_b38	3	4.64258e-08	0.000e+00	0.000e+00
chr20_49248835_G_A_b38	3	4.07245e-08	0.000e+00	0.000e+00
chr20_49250343_A_G_b38	3	4.02467e-08	0.000e+00	0.000e+00
chr20_49252325_A_T_b38	3	3.95850e-08	0.000e+00	0.000e+00
chr20_49258902_A_G_b38	3	3.53773e-08	0.000e+00	0.000e+00
chr20_49266601_A_AT_b38	3	3.52585e-08	0.000e+00	0.000e+00
chr20_49245913_T_C_b38	3	3.50946e-08	0.000e+00	0.000e+00
chr20_49245040_T_TG_b38	3	3.50946e-08	0.000e+00	0.000e+00
chr20_49259568_C_T_b38	3	3.44550e-08	0.000e+00	0.000e+00
chr20_49266500_C_T_b38	3	3.41308e-08	0.000e+00	0.000e+00
chr20_49266356_T_A_b38	3	3.38337e-08	0.000e+00	0.000e+00
chr20_49269233_C_A_b38	3	3.38337e-08	0.000e+00	0.000e+00
chr20_49261862_G_C_b38	3	3.34497e-08	0.000e+00	0.000e+00
chr20_49255790_A_G_b38	3	3.33714e-08	0.000e+00	0.000e+00
chr20_49255498_T_TTTTC_b38	3	3.33714e-08	0.000e+00	0.000e+00
chr20_49248972_G_A_b38	3	3.19947e-08	0.000e+00	0.000e+00
chr20_49250750_C_T_b38	3	3.19947e-08	0.000e+00	0.000e+00
chr20_49250491_A_T_b38	3	3.19947e-08	0.000e+00	0.000e+00
chr20_49251055_A_G_b38	3	3.19947e-08	0.000e+00	0.000e+00
chr20_49255087_C_T_b38	3	3.18586e-08	0.000e+00	0.000e+00
chr20_49254215_T_C_b38	3	3.17538e-08	0.000e+00	0.000e+00
chr20_49253969_T_C_b38	3	3.15418e-08	0.000e+00	0.000e+00
chr20_49266578_A_T_b38	3	3.10190e-08	0.000e+00	0.000e+00
chr20_49260246_A_G_b38	3	2.54036e-08	0.000e+00	0.000e+00
chr20_49279676_C_T_b38	3	2.43428e-08	0.000e+00	0.000e+00
chr20_49301111_G_C_b38	3	2.40730e-08	0.000e+00	0.000e+00
chr20_49297921_T_C_b38	3	2.39712e-08	0.000e+00	0.000e+00
chr20_49300385_T_C_b38	3	2.39712e-08	0.000e+00	0.000e+00
chr20_49302125_A_G_b38	3	2.39712e-08	0.000e+00	0.000e+00
chr20_49286807_T_C_b38	3	2.21824e-08	0.000e+00	0.000e+00
chr20_49287247_T_C_b38	3	2.21824e-08	0.000e+00	0.000e+00
chr20_49287606_C_T_b38	3	2.21824e-08	0.000e+00	0.000e+00
chr20_49274827_G_T_b38	3	2.15328e-08	0.000e+00	0.000e+00
chr20_49278660_C_T_b38	3	2.10966e-08	0.000e+00	0.000e+00
chr20_49303135_G_C_b38	3	2.05952e-08	0.000e+00	0.000e+00
chr20_49312443_A_G_b38	3	2.05952e-08	0.000e+00	0.000e+00
chr20_49305297_A_T_b38	3	2.02627e-08	0.000e+00	0.000e+00
chr20_49307221_A_G_b38	3	2.01755e-08	0.000e+00	0.000e+00
chr20_49311078_C_T_b38	3	2.01755e-08	0.000e+00	0.000e+00
chr20_49303018_G_C_b38	3	1.99555e-08	0.000e+00	0.000e+00
chr20_49273805_T_C_b38	3	1.90637e-08	0.000e+00	0.000e+00
chr20_49273008_T_TA_b38	3	1.90637e-08	0.000e+00	0.000e+00
chr20_49282949_C_T_b38	3	1.85604e-08	0.000e+00	0.000e+00
chr20_49293795_C_T_b38	3	1.82753e-08	0.000e+00	0.000e+00
chr20_49292574_C_T_b38	3	1.81725e-08	0.000e+00	0.000e+00
chr20_49286239_T_C_b38	3	1.79698e-08	0.000e+00	0.000e+00
chr20_49288971_G_A_b38	3	1.77842e-08	0.000e+00	0.000e+00
chr20_49290063_T_C_b38	3	1.66942e-08	0.000e+00	0.000e+00
chr20_49274795_G_C_b38	3	1.66476e-08	0.000e+00	0.000e+00
chr20_49274966_CA_C_b38	3	1.60587e-08	0.000e+00	0.000e+00
chr20_49302661_G_A_b38	3	1.51303e-08	0.000e+00	0.000e+00
chr20_49270147_G_A_b38	3	1.50723e-08	0.000e+00	0.000e+00
chr20_49272204_A_G_b38	3	1.43998e-08	0.000e+00	0.000e+00
chr20_49292046_C_CT_b38	3	1.42527e-08	0.000e+00	0.000e+00
chr20_49283352_T_C_b38	3	1.42527e-08	0.000e+00	0.000e+00
chr20_49306777_C_G_b38	3	1.40910e-08	0.000e+00	0.000e+00
chr20_49289768_A_G_b38	3	1.29611e-08	0.000e+00	0.000e+00
chr20_49304115_A_G_b38	3	1.23654e-08	0.000e+00	0.000e+00
chr20_49303350_T_C_b38	3	1.21854e-08	0.000e+00	0.000e+00
chr20_49302168_G_A_b38	3	1.19217e-08	0.000e+00	0.000e+00
chr20_49273067_G_T_b38	3	1.18998e-08	0.000e+00	0.000e+00
chr20_49269690_T_C_b38	3	1.17067e-08	0.000e+00	0.000e+00
chr20_49275733_T_C_b38	3	1.17067e-08	0.000e+00	0.000e+00
chr20_49273084_T_C_b38	3	1.15362e-08	0.000e+00	0.000e+00
chr20_49269773_TG_T_b38	3	1.15163e-08	0.000e+00	0.000e+00
chr20_49290360_CA_C_b38	3	1.14801e-08	0.000e+00	0.000e+00
chr20_49272200_T_C_b38	3	1.09030e-08	0.000e+00	0.000e+00
chr20_49299531_G_A_b38	3	1.08208e-08	0.000e+00	0.000e+00
chr20_49284085_C_CAG_b38	3	6.96335e-09	0.000e+00	0.000e+00
