chr1_11262571_G_T_b38	1	1.19497e-01	-2.959e-01	4.775e-02
chr1_11262508_C_G_b38	1	1.19496e-01	-2.959e-01	4.775e-02
chr1_11260272_G_C_b38	1	3.37390e-02	-3.067e-01	4.848e-02
chr1_11260293_G_A_b38	1	2.69950e-02	-3.031e-01	4.828e-02
chr1_11262099_A_G_b38	1	2.62895e-02	-2.853e-01	4.852e-02
chr1_11218068_T_C_b38	1	2.57807e-02	-3.285e-01	4.864e-02
chr1_11218106_C_T_b38	1	2.57807e-02	-3.285e-01	4.864e-02
chr1_11215531_A_G_b38	1	2.57807e-02	-3.285e-01	4.864e-02
chr1_11253187_T_C_b38	1	2.15150e-02	-3.077e-01	4.824e-02
chr1_11213965_G_A_b38	1	1.93873e-02	-3.269e-01	4.884e-02
chr1_11214490_T_C_b38	1	1.93873e-02	-3.269e-01	4.884e-02
chr1_11218756_G_C_b38	1	1.93873e-02	-3.269e-01	4.884e-02
chr1_11258706_C_G_b38	1	1.93012e-02	-3.066e-01	4.845e-02
chr1_11257920_G_C_b38	1	1.93012e-02	-3.066e-01	4.845e-02
chr1_11259530_A_G_b38	1	1.93012e-02	-3.066e-01	4.845e-02
chr1_11257263_C_T_b38	1	1.69994e-02	-3.066e-01	4.845e-02
chr1_11255649_G_A_b38	1	1.69994e-02	-3.066e-01	4.845e-02
chr1_11244249_G_A_b38	1	1.60041e-02	-3.041e-01	4.702e-02
chr1_11245259_G_A_b38	1	1.26717e-02	-3.075e-01	4.787e-02
chr1_11241006_T_C_b38	1	1.26717e-02	-3.075e-01	4.787e-02
chr1_11242008_G_A_b38	1	1.26717e-02	-3.075e-01	4.787e-02
chr1_11251160_G_GC_b38	1	1.26717e-02	-3.075e-01	4.787e-02
chr1_11241657_A_G_b38	1	1.26717e-02	-3.075e-01	4.787e-02
chr1_11250618_CT_C_b38	1	1.26717e-02	-3.075e-01	4.787e-02
chr1_11246604_T_TG_b38	1	1.01177e-02	-3.076e-01	4.822e-02
chr1_11244526_A_G_b38	1	1.01177e-02	-3.076e-01	4.822e-02
chr1_11244185_A_G_b38	1	1.01177e-02	-3.076e-01	4.822e-02
chr1_11244816_A_G_b38	1	1.01177e-02	-3.076e-01	4.822e-02
chr1_11248705_T_C_b38	1	1.01177e-02	-3.076e-01	4.822e-02
chr1_11247196_G_C_b38	1	1.01177e-02	-3.076e-01	4.822e-02
chr1_11203976_CA_C_b38	1	9.53046e-03	-3.278e-01	4.823e-02
chr1_11244663_C_T_b38	1	7.93352e-03	-3.063e-01	4.839e-02
chr1_11239454_C_T_b38	1	7.93352e-03	-3.063e-01	4.839e-02
chr1_11246222_G_C_b38	1	7.93352e-03	-3.063e-01	4.839e-02
chr1_11258179_C_T_b38	1	7.67289e-03	-2.975e-01	4.851e-02
chr1_11257604_A_T_b38	1	7.67289e-03	-2.975e-01	4.851e-02
chr1_11254600_T_TA_b38	1	6.76012e-03	-2.975e-01	4.851e-02
chr1_11209739_T_C_b38	1	6.47338e-03	-3.288e-01	4.888e-02
chr1_11237705_T_C_b38	1	6.39462e-03	-3.062e-01	4.868e-02
chr1_11241139_C_G_b38	1	6.39462e-03	-3.062e-01	4.868e-02
chr1_11249928_A_G_b38	1	6.39462e-03	-3.062e-01	4.868e-02
chr1_11246825_A_G_b38	1	6.39462e-03	-3.062e-01	4.868e-02
chr1_11238733_T_C_b38	1	6.39462e-03	-3.062e-01	4.868e-02
chr1_11257875_T_C_b38	1	6.17773e-03	-2.976e-01	4.886e-02
chr1_11225623_T_C_b38	1	6.07262e-03	-3.102e-01	4.800e-02
chr1_11228291_G_C_b38	1	6.07262e-03	-3.102e-01	4.800e-02
chr1_11228576_G_C_b38	1	6.07262e-03	-3.102e-01	4.800e-02
chr1_11228561_G_A_b38	1	6.07262e-03	-3.102e-01	4.800e-02
chr1_11226688_T_C_b38	1	6.07262e-03	-3.102e-01	4.800e-02
chr1_11201963_A_G_b38	1	5.72517e-03	-3.266e-01	4.875e-02
chr1_11206654_C_T_b38	1	5.72517e-03	-3.266e-01	4.875e-02
chr1_11210114_C_T_b38	1	5.72517e-03	-3.266e-01	4.875e-02
chr1_11206335_G_C_b38	1	5.72517e-03	-3.266e-01	4.875e-02
chr1_11207226_C_T_b38	1	5.72517e-03	-3.266e-01	4.875e-02
chr1_11206407_T_C_b38	1	5.72517e-03	-3.266e-01	4.875e-02
chr1_11230284_C_G_b38	1	5.03217e-03	-3.075e-01	4.787e-02
chr1_11233735_A_C_b38	1	5.03217e-03	-3.075e-01	4.787e-02
chr1_11225517_A_G_b38	1	4.89086e-03	-3.105e-01	4.836e-02
chr1_11224279_A_G_b38	1	4.89086e-03	-3.105e-01	4.836e-02
chr1_11205987_C_T_b38	1	4.52356e-03	-3.229e-01	4.853e-02
chr1_11211519_T_C_b38	1	4.47978e-03	-3.262e-01	4.903e-02
chr1_11209860_G_T_b38	1	4.47978e-03	-3.262e-01	4.903e-02
chr1_11226815_G_T_b38	1	4.35789e-03	-3.080e-01	4.816e-02
chr1_11263844_C_G_b38	1	4.35015e-03	-2.817e-01	4.808e-02
chr1_11234417_T_A_b38	1	4.02003e-03	-3.075e-01	4.821e-02
chr1_11233090_C_T_b38	1	4.02003e-03	-3.075e-01	4.821e-02
chr1_11232696_A_G_b38	1	4.02003e-03	-3.075e-01	4.821e-02
chr1_11233143_C_T_b38	1	4.02003e-03	-3.075e-01	4.821e-02
chr1_11201872_T_C_b38	1	3.84277e-03	-3.244e-01	4.899e-02
chr1_11229104_G_A_b38	1	3.76116e-03	-3.090e-01	4.851e-02
chr1_11226121_T_C_b38	1	3.76116e-03	-3.090e-01	4.851e-02
chr1_11224034_G_A_b38	1	3.76116e-03	-3.090e-01	4.851e-02
chr1_11223907_C_G_b38	1	3.76116e-03	-3.090e-01	4.851e-02
chr1_11220994_GT_G_b38	1	3.62506e-03	-3.096e-01	4.865e-02
chr1_11228190_T_C_b38	1	3.54019e-03	-3.082e-01	4.850e-02
chr1_11232609_T_A_b38	1	3.10618e-03	-3.062e-01	4.837e-02
chr1_11228701_G_A_b38	1	3.03871e-03	-3.086e-01	4.879e-02
chr1_11234885_T_A_b38	1	2.54474e-03	-3.060e-01	4.866e-02
chr1_11233902_C_T_b38	1	2.54474e-03	-3.060e-01	4.866e-02
chr1_11223329_GTA_G_b38	1	2.22418e-03	-3.078e-01	4.913e-02
chr1_11223334_A_AT_b38	1	2.22418e-03	-3.078e-01	4.913e-02
chr1_11205660_A_G_b38	1	1.65322e-03	-2.949e-01	4.581e-02
chr1_11264136_A_G_b38	1	1.61329e-03	-2.764e-01	4.900e-02
chr1_11218232_T_C_b38	1	1.61026e-03	-3.179e-01	5.124e-02
chr1_11261608_C_T_b38	2	8.44104e-03	9.832e-02	1.907e-01
chr1_11266165_C_T_b38	2	2.48921e-03	1.076e-01	1.878e-01
chr1_11265810_T_G_b38	2	2.33045e-03	4.638e-02	1.806e-01
chr1_11266343_A_G_b38	2	2.33045e-03	4.638e-02	1.806e-01
chr1_11257863_A_G_b38	2	1.85550e-03	4.850e-02	1.803e-01
chr1_11258926_T_C_b38	2	1.85550e-03	4.850e-02	1.803e-01
chr1_11257253_C_T_b38	2	1.75091e-03	1.101e-01	1.871e-01
chr1_11267386_A_G_b38	2	1.56765e-03	6.536e-02	1.255e-01
chr1_11252089_G_A_b38	2	7.36843e-04	-1.249e-01	1.642e-01
chr1_11243643_G_A_b38	2	7.36843e-04	-1.249e-01	1.642e-01
chr1_11243553_T_C_b38	2	7.36843e-04	-1.249e-01	1.642e-01
chr1_11252149_T_C_b38	2	7.36843e-04	-1.249e-01	1.642e-01
chr1_11244524_G_A_b38	2	7.36843e-04	-1.249e-01	1.642e-01
chr1_11246168_G_A_b38	2	7.36843e-04	-1.249e-01	1.642e-01
chr1_11243096_C_A_b38	2	7.36843e-04	-1.249e-01	1.642e-01
chr1_11248452_G_A_b38	2	7.36843e-04	-1.249e-01	1.642e-01
chr1_11245328_G_T_b38	2	7.36843e-04	-1.249e-01	1.642e-01
chr1_11239408_G_T_b38	2	7.36843e-04	-1.249e-01	1.642e-01
chr1_11245743_A_G_b38	2	6.26889e-04	-6.782e-02	2.067e-01
chr1_11241784_C_A_b38	2	6.26889e-04	-6.782e-02	2.067e-01
chr1_11249796_GAA_G_b38	2	6.26889e-04	-6.782e-02	2.067e-01
chr1_11238682_T_C_b38	2	6.26889e-04	-6.782e-02	2.067e-01
chr1_11216069_A_AT_b38	2	2.14194e-04	-1.685e-01	1.100e-01
chr1_11220937_T_C_b38	2	2.13656e-04	-1.685e-01	1.100e-01
chr1_11217701_A_G_b38	2	2.11654e-04	-1.782e-01	1.116e-01
chr1_11215039_G_A_b38	2	2.11654e-04	-1.782e-01	1.116e-01
chr1_11219103_T_C_b38	2	2.11654e-04	-1.782e-01	1.116e-01
chr1_11219048_G_A_b38	2	2.11654e-04	-1.782e-01	1.116e-01
chr1_11214207_G_C_b38	2	2.11654e-04	-1.782e-01	1.116e-01
chr1_11226558_AGGTG_A_b38	2	2.11654e-04	-1.782e-01	1.116e-01
chr1_11226161_C_T_b38	2	2.11654e-04	-1.782e-01	1.116e-01
chr1_11215019_C_T_b38	2	2.11654e-04	-1.782e-01	1.116e-01
chr1_11224397_T_G_b38	2	2.11654e-04	-1.782e-01	1.116e-01
chr1_11218168_A_T_b38	2	2.11654e-04	-1.782e-01	1.116e-01
chr1_11220556_A_G_b38	2	2.11654e-04	-1.782e-01	1.116e-01
chr1_11227479_A_G_b38	2	2.11654e-04	-1.782e-01	1.116e-01
chr1_11222661_C_T_b38	2	2.11654e-04	-1.782e-01	1.116e-01
chr1_11219518_A_G_b38	2	2.11654e-04	-1.782e-01	1.116e-01
chr1_11224486_T_C_b38	2	2.11654e-04	-1.782e-01	1.116e-01
chr1_11219862_G_A_b38	2	2.11654e-04	-1.782e-01	1.116e-01
chr1_11219982_G_A_b38	2	2.11654e-04	-1.782e-01	1.116e-01
chr1_11213361_T_G_b38	2	2.11654e-04	-1.782e-01	1.116e-01
chr1_11235851_G_A_b38	2	1.97357e-04	-1.655e-01	1.097e-01
chr1_11233159_A_G_b38	2	1.79064e-04	-1.743e-01	1.311e-01
chr1_11174753_G_A_b38	2	2.91297e-05	-1.770e-01	1.106e-01
chr1_11184432_C_T_b38	2	2.87434e-05	-1.769e-01	1.116e-01
chr1_11180054_A_G_b38	2	2.87434e-05	-1.769e-01	1.116e-01
chr1_11171762_C_T_b38	2	2.87434e-05	-1.769e-01	1.116e-01
chr1_11175962_G_A_b38	2	2.87434e-05	-1.769e-01	1.116e-01
chr1_11169376_G_C_b38	2	2.87434e-05	-1.769e-01	1.116e-01
chr1_11175419_A_G_b38	2	2.87434e-05	-1.769e-01	1.116e-01
chr1_11195645_G_A_b38	2	2.87434e-05	-1.769e-01	1.116e-01
chr1_11200904_T_A_b38	2	2.87434e-05	-1.769e-01	1.116e-01
chr1_11164860_G_A_b38	2	2.87434e-05	-1.769e-01	1.116e-01
chr1_11202951_G_A_b38	2	2.87434e-05	-1.769e-01	1.116e-01
chr1_11173806_C_G_b38	2	2.87434e-05	-1.769e-01	1.116e-01
chr1_11188180_C_T_b38	2	2.87434e-05	-1.769e-01	1.116e-01
chr1_11185852_C_T_b38	2	2.87434e-05	-1.769e-01	1.116e-01
chr1_11192495_C_T_b38	2	2.87434e-05	-1.769e-01	1.116e-01
chr1_11206946_T_C_b38	2	2.87434e-05	-1.769e-01	1.116e-01
chr1_11167781_G_C_b38	2	2.87434e-05	-1.769e-01	1.116e-01
chr1_11165198_T_G_b38	2	2.87434e-05	-1.769e-01	1.116e-01
chr1_11193787_C_T_b38	2	2.87434e-05	-1.769e-01	1.116e-01
chr1_11192632_C_A_b38	2	2.87434e-05	-1.769e-01	1.116e-01
chr1_11165583_C_T_b38	2	2.87434e-05	-1.769e-01	1.116e-01
chr1_11188156_C_T_b38	2	2.87434e-05	-1.769e-01	1.116e-01
chr1_11183964_C_T_b38	2	2.87434e-05	-1.769e-01	1.116e-01
chr1_11170911_C_T_b38	2	2.87434e-05	-1.769e-01	1.116e-01
chr1_11194185_A_G_b38	2	2.87434e-05	-1.769e-01	1.116e-01
chr1_11167167_C_T_b38	2	2.87434e-05	-1.769e-01	1.116e-01
chr1_11202290_G_GTGGTGGCA_b38	2	2.87434e-05	-1.769e-01	1.116e-01
chr1_11195374_C_T_b38	2	2.87434e-05	-1.769e-01	1.116e-01
chr1_11170533_C_T_b38	2	2.87434e-05	-1.769e-01	1.116e-01
chr1_11181886_C_T_b38	2	2.87434e-05	-1.769e-01	1.116e-01
chr1_11202280_T_C_b38	2	2.87434e-05	-1.769e-01	1.116e-01
chr1_11194786_T_C_b38	2	2.87434e-05	-1.769e-01	1.116e-01
chr1_11182182_G_A_b38	2	2.87434e-05	-1.769e-01	1.116e-01
chr1_11170088_A_G_b38	2	2.87434e-05	-1.769e-01	1.116e-01
chr1_11169810_C_T_b38	2	2.87434e-05	-1.769e-01	1.116e-01
chr1_11173159_C_A_b38	2	2.87434e-05	-1.769e-01	1.116e-01
chr1_11163254_C_T_b38	2	2.87434e-05	-1.769e-01	1.116e-01
chr1_11207022_G_A_b38	2	2.87434e-05	-1.769e-01	1.116e-01
chr1_11182738_A_T_b38	2	2.87434e-05	-1.769e-01	1.116e-01
chr1_11167308_C_T_b38	2	2.87434e-05	-1.769e-01	1.116e-01
chr1_11179956_C_T_b38	2	2.87434e-05	-1.769e-01	1.116e-01
chr1_11177394_CAA_C_b38	2	2.87434e-05	-1.769e-01	1.116e-01
chr1_11204771_A_C_b38	2	2.87434e-05	-1.769e-01	1.116e-01
chr1_11176500_A_G_b38	2	2.87434e-05	-1.769e-01	1.116e-01
chr1_11194951_T_C_b38	2	2.87434e-05	-1.769e-01	1.116e-01
chr1_11201965_G_A_b38	2	2.87434e-05	-1.769e-01	1.116e-01
chr1_11203368_C_T_b38	2	2.87434e-05	-1.769e-01	1.116e-01
chr1_11167303_G_T_b38	2	2.87434e-05	-1.769e-01	1.116e-01
chr1_11166664_A_G_b38	2	2.87434e-05	-1.769e-01	1.116e-01
chr1_11176203_C_A_b38	2	2.87434e-05	-1.769e-01	1.116e-01
chr1_11177683_G_A_b38	2	2.87434e-05	-1.769e-01	1.116e-01
chr1_11199773_A_C_b38	2	2.87434e-05	-1.769e-01	1.116e-01
chr1_11163766_T_C_b38	2	2.87434e-05	-1.769e-01	1.116e-01
chr1_11179178_C_A_b38	2	2.87434e-05	-1.769e-01	1.116e-01
chr1_11192890_A_C_b38	2	2.62020e-05	-1.666e-01	1.099e-01
chr1_11200400_A_G_b38	2	2.62020e-05	-1.666e-01	1.099e-01
chr1_11187963_C_T_b38	2	2.62020e-05	-1.666e-01	1.099e-01
chr1_11193211_A_G_b38	2	2.62020e-05	-1.666e-01	1.099e-01
chr1_11195977_T_C_b38	2	2.62020e-05	-1.666e-01	1.099e-01
chr1_11171927_G_C_b38	2	2.40680e-05	-1.588e-01	1.103e-01
chr1_11178359_G_A_b38	2	2.32474e-05	-1.741e-01	1.311e-01
chr1_11175663_A_G_b38	2	2.32474e-05	-1.741e-01	1.311e-01
chr1_11175863_T_C_b38	2	2.19646e-05	-1.481e-01	1.089e-01
chr1_11165277_G_GTATT_b38	2	2.19646e-05	-1.481e-01	1.089e-01
chr1_11312860_G_A_b38	2	2.07315e-05	0.000e+00	0.000e+00
chr1_11202644_G_C_b38	2	1.96181e-05	0.000e+00	0.000e+00
chr1_11311406_C_T_b38	3	1.17205e-04	0.000e+00	0.000e+00
chr1_11284572_T_C_b38	3	6.88391e-05	2.565e-01	4.865e-02
chr1_11287098_C_CTGTT_b38	3	7.07097e-06	0.000e+00	0.000e+00
chr1_11300900_A_G_b38	3	1.60146e-06	0.000e+00	0.000e+00
chr1_11277502_C_T_b38	3	1.03386e-06	0.000e+00	0.000e+00
chr1_11304958_G_A_b38	3	4.09410e-07	0.000e+00	0.000e+00
chr1_11291441_C_CTACAAAAA_b38	3	5.87988e-08	0.000e+00	0.000e+00
chr1_11312581_A_G_b38	3	5.56920e-10	0.000e+00	0.000e+00
