chr7_1545607_C_T_b38	1	7.96136e-02	2.006e-01	5.161e-02
chr7_1530457_A_G_b38	1	6.48479e-02	1.495e-01	6.209e-02
chr7_1543652_A_G_b38	1	6.06165e-02	2.008e-01	5.527e-02
chr7_1544037_A_G_b38	1	6.06165e-02	2.008e-01	5.527e-02
chr7_1544305_C_T_b38	1	5.26209e-02	1.976e-01	5.282e-02
chr7_1545038_C_T_b38	1	5.26209e-02	1.976e-01	5.282e-02
chr7_1545099_G_A_b38	1	5.26209e-02	1.976e-01	5.282e-02
chr7_1547407_G_A_b38	1	3.31648e-02	1.908e-01	5.222e-02
chr7_1530484_G_C_b38	1	2.94154e-02	1.390e-01	6.748e-02
chr7_1529294_G_A_b38	1	1.56518e-02	2.164e-01	2.222e-01
chr7_1549420_G_A_b38	1	1.49041e-02	1.780e-01	5.162e-02
chr7_1549132_G_A_b38	1	1.49041e-02	1.780e-01	5.162e-02
chr7_1550644_A_G_b38	1	1.35208e-02	1.760e-01	5.154e-02
chr7_1549276_C_A_b38	1	1.34155e-02	1.770e-01	5.504e-02
chr7_1551798_A_G_b38	1	1.31418e-02	1.810e-01	5.526e-02
chr7_1552361_G_C_b38	1	1.31418e-02	1.810e-01	5.526e-02
chr7_1528615_G_A_b38	1	1.15508e-02	1.549e-01	4.993e-02
chr7_1541285_C_T_b38	1	1.09807e-02	1.634e-01	4.549e-02
chr7_1548913_G_A_b38	1	9.00299e-03	1.642e-01	4.548e-02
chr7_1529884_C_T_b38	1	8.85132e-03	1.361e-01	7.797e-02
chr7_1525773_A_G_b38	1	8.62630e-03	1.547e-01	4.955e-02
chr7_1527739_T_C_b38	1	8.62630e-03	1.547e-01	4.955e-02
chr7_1550807_T_C_b38	1	7.42280e-03	1.668e-01	4.714e-02
chr7_1539638_G_A_b38	1	7.09638e-03	1.601e-01	6.344e-02
chr7_1539735_C_T_b38	1	6.93056e-03	1.587e-01	6.389e-02
chr7_1546603_A_G_b38	1	6.73308e-03	1.689e-01	4.826e-02
chr7_1523532_G_A_b38	1	6.69695e-03	1.608e-01	7.453e-02
chr7_1536581_A_G_b38	1	5.67540e-03	1.565e-01	6.177e-02
chr7_1554792_G_A_b38	1	5.64286e-03	1.629e-01	4.738e-02
chr7_1534767_A_G_b38	1	5.20371e-03	1.480e-01	4.903e-02
chr7_1535598_T_C_b38	1	5.20371e-03	1.480e-01	4.903e-02
chr7_1547017_A_AGCC_b38	1	4.95787e-03	1.564e-01	4.641e-02
chr7_1518010_T_C_b38	1	4.89240e-03	1.670e-01	5.015e-02
chr7_1519508_G_C_b38	1	4.89240e-03	1.670e-01	5.015e-02
chr7_1531602_G_A_b38	1	4.70192e-03	1.189e-01	4.717e-02
chr7_1525709_T_C_b38	1	4.50604e-03	1.543e-01	4.884e-02
chr7_1523361_T_A_b38	1	4.50604e-03	1.543e-01	4.884e-02
chr7_1534926_T_C_b38	1	4.44143e-03	1.446e-01	4.891e-02
chr7_1544442_C_T_b38	1	4.33115e-03	1.537e-01	4.559e-02
chr7_1545967_T_C_b38	1	4.30152e-03	1.632e-01	4.843e-02
chr7_1529782_C_T_b38	1	4.26487e-03	1.143e-01	4.713e-02
chr7_1535778_A_G_b38	1	3.65534e-03	1.480e-01	4.903e-02
chr7_1535741_A_G_b38	1	3.65534e-03	1.480e-01	4.903e-02
chr7_1521588_C_G_b38	1	3.30971e-03	1.594e-01	1.246e-01
chr7_1537068_C_A_b38	1	3.07549e-03	1.422e-01	4.815e-02
chr7_1547026_T_C_b38	1	3.04107e-03	1.552e-01	4.779e-02
chr7_1528186_TA_T_b38	1	3.02260e-03	1.344e-01	7.033e-02
chr7_1529575_G_A_b38	1	2.99490e-03	1.239e-01	4.727e-02
chr7_1549447_G_A_b38	1	2.86862e-03	1.523e-01	4.718e-02
chr7_1536818_C_T_b38	1	2.73197e-03	1.356e-01	4.665e-02
chr7_1517984_C_T_b38	1	2.39722e-03	1.657e-01	1.149e-01
chr7_1552258_A_G_b38	1	2.33302e-03	1.532e-01	4.859e-02
chr7_1529813_C_T_b38	1	2.23126e-03	9.963e-02	4.766e-02
chr7_1523478_A_G_b38	1	1.88222e-03	1.312e-01	4.647e-02
chr7_1545275_A_G_b38	1	1.86076e-03	1.459e-01	4.756e-02
chr7_1521818_T_C_b38	1	1.80804e-03	1.303e-01	4.645e-02
chr7_1521562_G_A_b38	1	1.80804e-03	1.303e-01	4.645e-02
chr7_1521043_T_C_b38	1	1.80804e-03	1.303e-01	4.645e-02
chr7_1523636_C_G_b38	1	1.80804e-03	1.303e-01	4.645e-02
chr7_1522657_T_C_b38	1	1.80804e-03	1.303e-01	4.645e-02
chr7_1523410_T_C_b38	1	1.80804e-03	1.303e-01	4.645e-02
chr7_1523765_T_C_b38	1	1.80804e-03	1.303e-01	4.645e-02
chr7_1522882_A_G_b38	1	1.80804e-03	1.303e-01	4.645e-02
chr7_1523050_T_C_b38	1	1.80804e-03	1.303e-01	4.645e-02
chr7_1523012_C_A_b38	1	1.80804e-03	1.303e-01	4.645e-02
chr7_1522099_G_A_b38	1	1.80804e-03	1.303e-01	4.645e-02
chr7_1521901_G_T_b38	1	1.80804e-03	1.303e-01	4.645e-02
chr7_1523153_T_C_b38	1	1.80804e-03	1.303e-01	4.645e-02
chr7_1521868_C_T_b38	1	1.80804e-03	1.303e-01	4.645e-02
chr7_1523071_G_A_b38	1	1.80804e-03	1.303e-01	4.645e-02
chr7_1523030_G_T_b38	1	1.80804e-03	1.303e-01	4.645e-02
chr7_1523148_G_A_b38	1	1.80804e-03	1.303e-01	4.645e-02
chr7_1522995_T_C_b38	1	1.80804e-03	1.303e-01	4.645e-02
chr7_1521078_T_C_b38	1	1.80804e-03	1.303e-01	4.645e-02
chr7_1523246_A_G_b38	1	1.80804e-03	1.303e-01	4.645e-02
chr7_1521086_G_A_b38	1	1.80804e-03	1.303e-01	4.645e-02
chr7_1523389_C_T_b38	1	1.80804e-03	1.303e-01	4.645e-02
chr7_1523648_T_C_b38	1	1.80804e-03	1.303e-01	4.645e-02
chr7_1520262_G_T_b38	1	1.77067e-03	1.415e-01	4.672e-02
chr7_1529149_T_C_b38	1	1.72267e-03	1.109e-01	4.689e-02
chr7_1543239_A_G_b38	1	1.71691e-03	1.483e-01	4.885e-02
chr7_1544845_T_C_b38	1	1.71691e-03	1.483e-01	4.885e-02
chr7_1535176_C_T_b38	1	1.68667e-03	1.192e-01	4.671e-02
chr7_1548277_CT_C_b38	1	1.65416e-03	1.469e-01	4.861e-02
chr7_1539529_GCAGCGTGGC_G_b38	1	1.64040e-03	1.371e-01	5.095e-02
chr7_1554505_A_G_b38	1	1.59981e-03	1.474e-01	4.898e-02
chr7_1522024_C_T_b38	1	1.57409e-03	1.308e-01	4.762e-02
chr7_1522527_G_A_b38	1	1.57100e-03	1.323e-01	4.818e-02
chr7_1541881_T_C_b38	1	1.53579e-03	1.516e-01	5.066e-02
chr7_1547230_T_C_b38	1	1.25994e-03	1.425e-01	4.888e-02
chr7_1548051_A_G_b38	1	1.25994e-03	1.425e-01	4.888e-02
chr7_1536336_A_G_b38	1	1.22673e-03	1.233e-01	4.807e-02
chr7_1535453_G_A_b38	1	1.19048e-03	1.131e-01	4.738e-02
chr7_1535181_C_A_b38	1	1.19048e-03	1.131e-01	4.738e-02
chr7_1548755_A_G_b38	1	1.16806e-03	1.392e-01	4.823e-02
chr7_1535141_G_A_b38	1	1.16784e-03	1.120e-01	4.707e-02
chr7_1525549_A_G_b38	1	1.15538e-03	1.230e-01	4.704e-02
chr7_1523237_A_G_b38	1	1.13230e-03	1.213e-01	4.654e-02
chr7_1549781_T_G_b38	1	1.10548e-03	1.380e-01	4.820e-02
chr7_1519888_T_C_b38	1	1.05792e-03	1.322e-01	4.681e-02
chr7_1524096_C_T_b38	1	1.03827e-03	1.203e-01	4.685e-02
chr7_1525174_C_T_b38	1	1.03827e-03	1.203e-01	4.685e-02
chr7_1525295_G_A_b38	1	1.03827e-03	1.203e-01	4.685e-02
chr7_1520524_A_G_b38	1	1.01102e-03	1.303e-01	4.645e-02
chr7_1535975_G_A_b38	1	8.24934e-04	1.138e-01	4.780e-02
chr7_1554327_A_G_b38	1	8.22386e-04	1.361e-01	4.969e-02
chr7_1527813_A_G_b38	2	5.95518e-03	-3.172e-01	3.038e-01
chr7_1524459_C_T_b38	2	1.94985e-03	-1.591e-01	2.543e-01
chr7_1522066_C_T_b38	2	1.94985e-03	-1.591e-01	2.543e-01
chr7_1550740_T_C_b38	2	1.85234e-03	-1.414e-01	2.568e-01
chr7_1552777_A_G_b38	2	9.46790e-04	-1.575e-02	2.073e-01
chr7_1518331_T_C_b38	2	7.40215e-04	6.350e-02	1.085e-01
chr7_1517129_C_T_b38	2	7.18415e-04	5.982e-02	1.105e-01
chr7_1556203_A_G_b38	2	6.27865e-04	1.383e-01	5.895e-02
chr7_1513737_A_G_b38	2	4.77487e-04	8.115e-03	1.086e-01
chr7_1516442_T_C_b38	2	4.16855e-04	-1.936e-02	1.063e-01
chr7_1514679_T_A_b38	2	3.87323e-04	1.542e-02	9.554e-02
chr7_1512784_G_A_b38	2	3.71451e-04	-1.210e-02	9.872e-02
chr7_1516485_G_A_b38	2	3.66680e-04	-6.257e-03	9.914e-02
chr7_1515038_C_G_b38	2	3.55375e-04	-3.908e-02	9.098e-02
chr7_1514152_G_A_b38	2	3.53115e-04	1.127e-02	9.280e-02
