chr5_181206194_G_A_b38	1	4.39700e-01	4.537e-01	8.961e-02
chr5_181204817_T_C_b38	1	1.10718e-01	4.274e-01	9.048e-02
chr5_181199927_A_G_b38	1	9.31649e-02	4.178e-01	9.337e-02
chr5_181199505_A_G_b38	1	9.31649e-02	4.178e-01	9.337e-02
chr5_181188933_T_C_b38	1	3.68209e-02	4.188e-01	9.338e-02
chr5_181202606_T_G_b38	1	3.22579e-02	4.006e-01	9.258e-02
chr5_181202812_C_A_b38	1	3.21946e-02	4.043e-01	9.341e-02
chr5_181199686_T_C_b38	1	2.87559e-02	4.153e-01	9.942e-02
chr5_181210221_T_G_b38	1	2.30991e-02	4.135e-01	9.136e-02
chr5_181201432_A_G_b38	1	1.79860e-02	3.855e-01	9.241e-02
chr5_181207160_A_G_b38	1	1.29504e-02	4.154e-01	9.919e-02
chr5_181207747_C_T_b38	1	1.29504e-02	4.154e-01	9.919e-02
chr5_181192673_G_C_b38	1	1.02231e-02	4.113e-01	9.915e-02
chr5_181193631_T_C_b38	1	1.01918e-02	4.003e-01	1.002e-01
chr5_181197917_G_A_b38	2	1.23160e-02	-9.351e-02	2.269e-01
chr5_181197414_G_C_b38	2	5.33489e-03	6.139e-02	1.897e-01
chr5_181199036_G_C_b38	2	3.29404e-03	-6.163e-03	1.996e-01
chr5_181197135_G_A_b38	2	2.12059e-03	-8.937e-06	2.135e-01
chr5_181199643_G_A_b38	2	2.10204e-03	-8.906e-06	2.135e-01
chr5_181199654_T_C_b38	2	2.10204e-03	-8.906e-06	2.135e-01
chr5_181200224_G_A_b38	2	2.01203e-03	6.011e-02	1.893e-01
chr5_181199254_C_T_b38	2	2.01203e-03	6.011e-02	1.893e-01
chr5_181199341_G_A_b38	2	2.01203e-03	6.011e-02	1.893e-01
chr5_181202843_C_T_b38	2	1.16724e-03	4.463e-04	2.123e-01
chr5_181201173_T_C_b38	2	1.16724e-03	4.463e-04	2.123e-01
chr5_181194636_G_T_b38	2	1.04660e-03	-1.760e-02	1.865e-01
chr5_181193879_G_A_b38	2	1.04660e-03	-1.760e-02	1.865e-01
chr5_181194595_A_C_b38	2	1.04660e-03	-1.760e-02	1.865e-01
chr5_181193942_T_TC_b38	2	1.04660e-03	-1.760e-02	1.865e-01
chr5_181193978_C_T_b38	2	1.04660e-03	-1.760e-02	1.865e-01
chr5_181194118_C_G_b38	2	1.04660e-03	-1.760e-02	1.865e-01
chr5_181194472_CAG_C_b38	2	1.04660e-03	-1.760e-02	1.865e-01
chr5_181194410_C_T_b38	2	1.04660e-03	-1.760e-02	1.865e-01
chr5_181191286_C_A_b38	2	9.42278e-04	-2.080e-01	2.018e-01
chr5_181206862_G_C_b38	2	8.53361e-04	-9.306e-02	2.244e-01
chr5_181206858_G_C_b38	2	8.53361e-04	-9.306e-02	2.244e-01
chr5_181192093_T_A_b38	2	8.05031e-04	-1.554e-01	1.972e-01
chr5_181203667_G_A_b38	2	7.93735e-04	6.677e-04	2.125e-01
chr5_181191682_G_A_b38	2	7.69096e-04	-9.306e-02	2.244e-01
chr5_181211410_C_T_b38	2	7.18039e-04	2.135e-01	1.673e-01
chr5_181210219_C_T_b38	2	7.18039e-04	2.135e-01	1.673e-01
chr5_181210936_G_C_b38	2	7.18039e-04	2.135e-01	1.673e-01
chr5_181191831_C_T_b38	2	6.60697e-04	-3.870e-02	1.923e-01
chr5_181183214_G_A_b38	2	6.51768e-04	-2.643e-01	1.948e-01
chr5_181188311_G_A_b38	2	6.29710e-04	1.979e-02	1.774e-01
chr5_181190656_C_T_b38	2	6.29710e-04	1.979e-02	1.774e-01
chr5_181191133_C_G_b38	2	6.29710e-04	1.979e-02	1.774e-01
chr5_181192603_T_C_b38	2	6.23443e-04	-1.236e-02	1.790e-01
chr5_181189598_A_G_b38	2	6.22308e-04	3.095e-02	1.687e-01
chr5_181190877_A_G_b38	2	6.17813e-04	2.013e-02	1.724e-01
chr5_181188831_T_TG_b38	2	6.16168e-04	-1.999e-02	1.729e-01
chr5_181184488_T_C_b38	2	3.23878e-04	-1.543e-01	1.812e-01
chr5_181183782_G_A_b38	2	3.07323e-04	-1.276e-01	1.863e-01
chr5_181180154_A_G_b38	2	2.86639e-04	-9.027e-02	1.970e-01
chr5_181180153_C_T_b38	2	2.80785e-04	-8.273e-02	1.928e-01
chr5_181180163_C_T_b38	2	2.80785e-04	-8.273e-02	1.928e-01
chr5_181180304_C_G_b38	2	2.16356e-04	-2.237e-02	1.986e-01
chr5_181177874_A_G_b38	2	2.14672e-04	-4.561e-02	1.925e-01
chr5_181180552_C_T_b38	2	2.14672e-04	-4.561e-02	1.925e-01
chr5_181178901_A_G_b38	2	2.14672e-04	-4.561e-02	1.925e-01
chr5_181178934_A_G_b38	2	2.14672e-04	-4.561e-02	1.925e-01
chr5_181181372_G_T_b38	2	2.14672e-04	-4.561e-02	1.925e-01
chr5_181181300_G_A_b38	2	2.14672e-04	-4.561e-02	1.925e-01
chr5_181178987_T_C_b38	2	2.14672e-04	-4.561e-02	1.925e-01
chr5_181182313_A_G_b38	2	2.14672e-04	-4.561e-02	1.925e-01
chr5_181181208_C_T_b38	2	2.14672e-04	-4.561e-02	1.925e-01
chr5_181181029_G_A_b38	2	2.14672e-04	-4.561e-02	1.925e-01
chr5_181180726_C_T_b38	2	2.14672e-04	-4.561e-02	1.925e-01
chr5_181181363_T_A_b38	2	2.14672e-04	-4.561e-02	1.925e-01
chr5_181180658_C_G_b38	2	2.14672e-04	-4.561e-02	1.925e-01
chr5_181180407_C_G_b38	2	2.14312e-04	-3.295e-02	1.943e-01
chr5_181180370_C_T_b38	2	2.07965e-04	-2.944e-02	1.854e-01
chr5_181216614_A_AG_b38	2	2.04376e-04	-6.669e-02	1.729e-01
chr5_181151068_G_T_b38	2	9.07060e-05	7.842e-02	1.737e-01
chr5_181149210_G_T_b38	2	8.81840e-05	6.001e-02	1.741e-01
chr5_181148493_G_T_b38	2	8.81840e-05	6.001e-02	1.741e-01
chr5_181165796_C_T_b38	2	8.51557e-05	3.718e-02	1.732e-01
chr5_181165965_A_C_b38	2	8.50215e-05	6.737e-02	1.605e-01
chr5_181153226_C_T_b38	2	8.37652e-05	-9.288e-02	1.668e-01
chr5_181172287_G_A_b38	2	8.25409e-05	-3.882e-02	1.775e-01
chr5_181153747_A_G_b38	2	8.10774e-05	1.394e-03	1.745e-01
chr5_181153462_G_A_b38	2	8.10774e-05	1.394e-03	1.745e-01
chr5_181153059_C_T_b38	2	8.10774e-05	1.394e-03	1.745e-01
chr5_181154052_C_T_b38	2	8.10774e-05	1.394e-03	1.745e-01
chr5_181150763_A_C_b38	2	7.55792e-05	-3.597e-02	1.594e-01
chr5_181198494_G_C_b38	3	1.68538e-03	3.403e-01	2.044e-01
chr5_181198672_T_C_b38	3	1.00091e-03	1.931e-01	2.689e-01
chr5_181200936_T_C_b38	3	1.44770e-04	3.352e-01	1.549e-01
chr5_181199224_A_G_b38	3	1.27394e-04	2.627e-01	1.640e-01
chr5_181188938_G_A_b38	3	7.72736e-05	3.257e-01	1.450e-01
