chr9_33687890_C_T_b38	1	3.82022e-02	1.595e+00	9.806e-02
chr9_33691385_A_C_b38	1	3.82022e-02	1.595e+00	9.806e-02
chr9_33687631_C_T_b38	1	3.82022e-02	1.595e+00	9.806e-02
chr9_33687513_C_G_b38	1	3.82022e-02	1.595e+00	9.806e-02
chr9_33688471_T_A_b38	1	3.82022e-02	1.595e+00	9.806e-02
chr9_33721195_C_T_b38	1	1.87933e-02	1.592e+00	9.769e-02
chr9_33710242_C_T_b38	1	1.87933e-02	1.592e+00	9.769e-02
chr9_33717760_A_T_b38	1	1.87933e-02	1.592e+00	9.769e-02
chr9_33719797_T_C_b38	1	1.87933e-02	1.592e+00	9.769e-02
chr9_33716806_A_C_b38	1	1.87933e-02	1.592e+00	9.769e-02
chr9_33685399_G_A_b38	1	1.86588e-02	1.592e+00	9.769e-02
chr9_33679778_G_A_b38	1	1.86588e-02	1.592e+00	9.769e-02
chr9_33680603_G_T_b38	1	1.86588e-02	1.592e+00	9.769e-02
chr9_33681811_G_A_b38	1	1.86588e-02	1.592e+00	9.769e-02
chr9_33676829_G_T_b38	1	1.86588e-02	1.592e+00	9.769e-02
chr9_33677351_GT_G_b38	1	1.86588e-02	1.592e+00	9.769e-02
chr9_33679602_ATG_A_b38	1	1.86588e-02	1.592e+00	9.769e-02
chr9_33677004_C_G_b38	1	1.86588e-02	1.592e+00	9.769e-02
chr9_33685273_C_T_b38	1	1.86588e-02	1.592e+00	9.769e-02
chr9_33680994_T_C_b38	1	1.86588e-02	1.592e+00	9.769e-02
chr9_33683742_T_C_b38	1	1.86588e-02	1.592e+00	9.769e-02
chr9_33676775_G_C_b38	1	1.86588e-02	1.592e+00	9.769e-02
chr9_33673794_A_G_b38	1	1.86588e-02	1.592e+00	9.769e-02
chr9_33685837_C_T_b38	1	1.86588e-02	1.592e+00	9.769e-02
chr9_33682141_A_C_b38	1	1.86588e-02	1.592e+00	9.769e-02
chr9_33683800_C_G_b38	1	1.86588e-02	1.592e+00	9.769e-02
chr9_33677341_A_C_b38	1	1.86588e-02	1.592e+00	9.769e-02
chr9_33684949_T_C_b38	1	1.86588e-02	1.592e+00	9.769e-02
chr9_33687193_A_G_b38	1	1.86588e-02	1.592e+00	9.769e-02
chr9_33678307_G_A_b38	1	1.86588e-02	1.592e+00	9.769e-02
chr9_33674503_C_T_b38	1	1.86588e-02	1.592e+00	9.769e-02
chr9_33676175_C_T_b38	1	1.86588e-02	1.592e+00	9.769e-02
chr9_33673937_C_T_b38	1	1.86588e-02	1.592e+00	9.769e-02
chr9_33681450_A_C_b38	1	1.86588e-02	1.592e+00	9.769e-02
chr9_33679356_G_A_b38	1	1.86588e-02	1.592e+00	9.769e-02
chr9_33673798_C_A_b38	1	1.86588e-02	1.592e+00	9.769e-02
chr9_33683569_G_C_b38	1	1.86588e-02	1.592e+00	9.769e-02
chr9_33677476_C_T_b38	1	1.86588e-02	1.592e+00	9.769e-02
chr9_33682137_C_CGT_b38	1	1.86588e-02	1.592e+00	9.769e-02
chr9_33686112_A_G_b38	1	1.86588e-02	1.592e+00	9.769e-02
chr9_33672538_C_A_b38	1	1.79087e-02	1.590e+00	9.726e-02
chr9_33672393_T_C_b38	1	6.28205e-03	1.590e+00	9.726e-02
chr9_33669386_A_G_b38	1	6.28205e-03	1.590e+00	9.726e-02
chr9_33662952_T_C_b38	1	6.28205e-03	1.590e+00	9.726e-02
chr9_33667157_T_C_b38	1	6.28205e-03	1.590e+00	9.726e-02
chr9_33662787_A_C_b38	1	6.28205e-03	1.590e+00	9.726e-02
chr9_33669134_G_A_b38	1	6.28205e-03	1.590e+00	9.726e-02
chr9_33669651_A_G_b38	1	6.28205e-03	1.590e+00	9.726e-02
chr9_33662916_C_G_b38	1	6.28205e-03	1.590e+00	9.726e-02
chr9_33662085_G_T_b38	1	6.28205e-03	1.590e+00	9.726e-02
chr9_33672344_T_A_b38	1	6.28205e-03	1.590e+00	9.726e-02
chr9_33663770_T_G_b38	1	6.28205e-03	1.590e+00	9.726e-02
chr9_33667496_T_A_b38	1	6.28205e-03	1.590e+00	9.726e-02
chr9_33667282_G_A_b38	1	6.28205e-03	1.590e+00	9.726e-02
chr9_33667639_G_A_b38	1	6.28205e-03	1.590e+00	9.726e-02
chr9_33662426_G_A_b38	1	6.28205e-03	1.590e+00	9.726e-02
chr9_33667566_C_T_b38	1	6.28205e-03	1.590e+00	9.726e-02
chr9_33663503_C_T_b38	1	6.28205e-03	1.590e+00	9.726e-02
chr9_33669376_A_G_b38	1	6.28205e-03	1.590e+00	9.726e-02
chr9_33664734_C_G_b38	1	6.28205e-03	1.590e+00	9.726e-02
chr9_33666718_T_C_b38	1	6.28205e-03	1.590e+00	9.726e-02
chr9_33662559_G_C_b38	1	6.28205e-03	1.590e+00	9.726e-02
chr9_33677182_A_G_b38	1	1.62746e-03	1.578e+00	9.795e-02
chr9_33677151_G_C_b38	1	1.62746e-03	1.578e+00	9.795e-02
chr9_33677170_T_TC_b38	1	1.62746e-03	1.578e+00	9.795e-02
chr9_33679508_G_A_b38	1	3.39271e-04	1.555e+00	9.785e-02
chr9_33673442_G_A_b38	2	1.58448e-01	2.513e-01	6.177e-02
chr9_33673441_T_C_b38	2	1.58448e-01	2.513e-01	6.177e-02
chr9_33683259_T_C_b38	2	7.01675e-02	2.195e-01	5.643e-02
chr9_33686197_C_T_b38	2	7.01675e-02	2.195e-01	5.643e-02
chr9_33732466_T_C_b38	2	4.96319e-02	2.337e-01	5.677e-02
chr9_33757200_CT_C_b38	2	1.74889e-02	2.326e-01	5.643e-02
chr9_33763422_G_A_b38	2	8.79949e-03	2.171e-01	5.526e-02
chr9_33699331_A_G_b38	3	3.89892e-02	1.724e-01	4.951e-02
chr9_33692211_T_G_b38	3	4.71263e-03	1.829e-01	5.007e-02
chr9_33696707_TTAAAAA_T_b38	3	1.08014e-45	0.000e+00	0.000e+00
chr9_33700903_C_T_b38	3	7.95759e-46	0.000e+00	0.000e+00
chr9_33695732_T_C_b38	3	7.11365e-46	0.000e+00	0.000e+00
chr9_33698806_G_T_b38	3	5.15056e-46	0.000e+00	0.000e+00
chr9_33704587_T_TTTGCACTACGGG_b38	3	3.18204e-46	0.000e+00	0.000e+00
chr9_33704586_G_GGC_b38	3	3.18204e-46	0.000e+00	0.000e+00
chr9_33688472_T_A_b38	3	2.79134e-46	0.000e+00	0.000e+00
chr9_33721010_T_G_b38	3	2.10651e-46	0.000e+00	0.000e+00
chr9_33717586_A_G_b38	3	2.10651e-46	0.000e+00	0.000e+00
chr9_33721937_A_G_b38	3	9.74826e-47	0.000e+00	0.000e+00
chr9_33674679_C_T_b38	3	9.52511e-47	0.000e+00	0.000e+00
chr9_33680618_A_C_b38	3	9.52511e-47	0.000e+00	0.000e+00
chr9_33669942_G_A_b38	3	6.13119e-47	0.000e+00	0.000e+00
chr9_33667254_C_T_b38	3	5.64795e-47	0.000e+00	0.000e+00
chr9_33670887_C_T_b38	3	5.64795e-47	0.000e+00	0.000e+00
chr9_33782143_G_A_b38	3	1.85567e-47	0.000e+00	0.000e+00
chr9_33781282_G_A_b38	3	1.85567e-47	0.000e+00	0.000e+00
chr9_33754319_C_T_b38	3	1.81735e-47	0.000e+00	0.000e+00
chr9_33748155_A_G_b38	3	1.81735e-47	0.000e+00	0.000e+00
chr9_33770934_G_A_b38	3	1.63007e-47	0.000e+00	0.000e+00
chr9_33697529_C_CTTTTGTTTGGTTGTCAA_b38	4	6.86258e-05	0.000e+00	0.000e+00
chr9_33697521_C_CTTTTG_b38	4	6.86258e-05	0.000e+00	0.000e+00
chr9_33697527_G_GAA_b38	4	6.86258e-05	0.000e+00	0.000e+00
chr9_33697525_C_CT_b38	4	6.86258e-05	0.000e+00	0.000e+00
chr9_33697030_T_C_b38	4	3.92622e-05	0.000e+00	0.000e+00
chr9_33696983_G_T_b38	4	3.92622e-05	0.000e+00	0.000e+00
chr9_33697186_C_A_b38	4	3.92622e-05	0.000e+00	0.000e+00
chr9_33696849_G_A_b38	4	6.20434e-38	0.000e+00	0.000e+00
chr9_33696720_G_A_b38	4	6.20434e-38	0.000e+00	0.000e+00
chr9_33696705_G_A_b38	4	6.20434e-38	0.000e+00	0.000e+00
chr9_33698274_CTG_C_b38	4	5.55267e-38	0.000e+00	0.000e+00
chr9_33700525_AT_A_b38	4	3.60579e-38	0.000e+00	0.000e+00
chr9_33699375_G_T_b38	4	2.95847e-38	0.000e+00	0.000e+00
chr9_33699232_G_A_b38	4	2.95847e-38	0.000e+00	0.000e+00
chr9_33699150_T_C_b38	4	2.95847e-38	0.000e+00	0.000e+00
chr9_33699091_C_T_b38	4	2.95847e-38	0.000e+00	0.000e+00
chr9_33699310_G_C_b38	4	2.95847e-38	0.000e+00	0.000e+00
chr9_33699676_T_C_b38	4	2.95847e-38	0.000e+00	0.000e+00
chr9_33699879_G_A_b38	4	2.95847e-38	0.000e+00	0.000e+00
chr9_33699590_A_T_b38	4	2.95847e-38	0.000e+00	0.000e+00
chr9_33695796_C_T_b38	4	2.72969e-38	0.000e+00	0.000e+00
chr9_33695437_T_G_b38	4	2.72969e-38	0.000e+00	0.000e+00
chr9_33695133_A_G_b38	4	2.72969e-38	0.000e+00	0.000e+00
chr9_33695720_T_C_b38	4	2.72969e-38	0.000e+00	0.000e+00
chr9_33702358_A_G_b38	4	2.05145e-38	0.000e+00	0.000e+00
chr9_33700779_C_A_b38	4	1.91337e-38	0.000e+00	0.000e+00
chr9_33694163_C_G_b38	4	1.77854e-38	0.000e+00	0.000e+00
chr9_33693958_T_C_b38	4	1.77854e-38	0.000e+00	0.000e+00
chr9_33694711_T_C_b38	4	1.77854e-38	0.000e+00	0.000e+00
chr9_33693250_A_G_b38	4	1.77854e-38	0.000e+00	0.000e+00
chr9_33694140_C_A_b38	4	1.77854e-38	0.000e+00	0.000e+00
chr9_33703236_T_C_b38	4	1.16864e-38	0.000e+00	0.000e+00
chr9_33703956_T_C_b38	4	1.08998e-38	0.000e+00	0.000e+00
chr9_33692077_AG_A_b38	4	1.07775e-38	0.000e+00	0.000e+00
chr9_33708795_A_G_b38	4	3.19814e-39	0.000e+00	0.000e+00
chr9_33716190_G_T_b38	4	3.19814e-39	0.000e+00	0.000e+00
chr9_33729379_T_C_b38	4	2.55380e-40	0.000e+00	0.000e+00
chr9_33728782_G_C_b38	4	2.55380e-40	0.000e+00	0.000e+00
chr9_33742291_C_G_b38	4	1.69170e-40	0.000e+00	0.000e+00
chr9_33746855_G_T_b38	4	1.69170e-40	0.000e+00	0.000e+00
chr9_33742262_C_G_b38	4	1.69170e-40	0.000e+00	0.000e+00
chr9_33742367_C_G_b38	4	1.69170e-40	0.000e+00	0.000e+00
chr9_33707703_C_G_b38	4	3.16639e-43	0.000e+00	0.000e+00
chr9_33692948_C_T_b38	4	2.09789e-45	0.000e+00	0.000e+00
chr9_33731218_A_G_b38	4	2.04144e-45	0.000e+00	0.000e+00
chr9_33692390_A_G_b38	4	1.27126e-45	0.000e+00	0.000e+00
chr9_33718795_T_C_b38	4	8.09119e-46	0.000e+00	0.000e+00
chr9_33717997_T_C_b38	4	8.09119e-46	0.000e+00	0.000e+00
chr9_33678146_C_A_b38	4	7.06774e-46	0.000e+00	0.000e+00
chr9_33699548_C_A_b38	4	6.81539e-46	0.000e+00	0.000e+00
chr9_33713593_A_G_b38	4	6.60478e-46	0.000e+00	0.000e+00
chr9_33711713_C_T_b38	4	6.60478e-46	0.000e+00	0.000e+00
chr9_33676029_C_A_b38	4	6.55754e-46	0.000e+00	0.000e+00
chr9_33656507_T_C_b38	4	5.01711e-46	0.000e+00	0.000e+00
chr9_33655387_C_A_b38	4	5.01711e-46	0.000e+00	0.000e+00
chr9_33659572_G_A_b38	4	5.01711e-46	0.000e+00	0.000e+00
chr9_33653459_G_A_b38	4	5.01711e-46	0.000e+00	0.000e+00
chr9_33660460_T_C_b38	4	4.30134e-46	0.000e+00	0.000e+00
chr9_33692920_G_C_b38	4	4.09720e-46	0.000e+00	0.000e+00
chr9_33723905_AT_A_b38	4	2.91236e-46	0.000e+00	0.000e+00
chr9_33722757_A_ATAT_b38	4	2.91236e-46	0.000e+00	0.000e+00
chr9_33722755_A_AT_b38	4	2.91236e-46	0.000e+00	0.000e+00
chr9_33730158_C_T_b38	4	2.52608e-46	0.000e+00	0.000e+00
chr9_33736198_T_C_b38	4	2.51766e-46	0.000e+00	0.000e+00
chr9_33747424_A_C_b38	4	2.51766e-46	0.000e+00	0.000e+00
chr9_33747095_G_A_b38	4	2.51766e-46	0.000e+00	0.000e+00
chr9_33672240_T_G_b38	4	2.47924e-46	0.000e+00	0.000e+00
chr9_33670284_C_T_b38	4	2.47924e-46	0.000e+00	0.000e+00
chr9_33709612_C_G_b38	4	1.96015e-46	0.000e+00	0.000e+00
chr9_33712473_A_T_b38	4	1.28992e-46	0.000e+00	0.000e+00
chr9_33709611_T_TTAG_b38	4	1.25178e-46	0.000e+00	0.000e+00
chr9_33742575_T_C_b38	4	4.63069e-47	0.000e+00	0.000e+00
