chr16_733173_T_C_b38	1	3.54424e-01	4.017e-01	8.826e-02
chr16_733004_T_C_b38	1	2.38165e-01	3.731e-01	8.822e-02
chr16_742190_A_G_b38	1	9.71333e-02	3.394e-01	9.101e-02
chr16_730339_A_G_b38	1	6.09955e-02	3.907e-01	8.980e-02
chr16_733865_T_C_b38	1	4.17390e-02	3.318e-01	8.642e-02
chr16_733864_C_A_b38	1	4.17390e-02	3.318e-01	8.642e-02
chr16_731292_C_T_b38	1	3.14633e-02	3.525e-01	8.980e-02
chr16_740647_G_T_b38	1	2.07083e-02	3.189e-01	1.028e-01
chr16_719566_C_G_b38	1	9.46453e-03	3.418e-01	8.755e-02
chr16_739761_A_G_b38	1	7.75239e-03	3.290e-01	1.026e-01
chr16_719026_G_C_b38	1	5.71869e-03	3.221e-01	8.804e-02
chr16_719247_G_A_b38	1	5.71869e-03	3.221e-01	8.804e-02
chr16_742038_A_G_b38	2	2.19343e-01	2.318e-01	7.507e-02
chr16_742034_T_C_b38	2	1.12844e-01	2.127e-01	7.235e-02
chr16_735717_T_C_b38	2	5.51373e-02	2.254e-01	7.115e-02
chr16_734920_A_G_b38	2	4.09456e-02	2.173e-01	7.031e-02
chr16_727121_T_C_b38	2	2.17844e-02	2.283e-01	7.392e-02
chr16_727129_A_G_b38	2	9.16331e-03	2.123e-01	7.286e-02
chr16_724692_A_G_b38	2	8.39370e-03	2.094e-01	7.183e-02
chr16_721750_T_C_b38	2	2.14061e-03	1.630e-01	5.931e-02
chr16_720983_G_A_b38	2	1.39973e-03	1.493e-01	5.673e-02
chr16_721108_C_A_b38	2	8.62256e-04	1.480e-01	5.700e-02
chr16_741179_A_G_b38	3	6.55256e-03	-1.431e-01	2.384e-01
chr16_742280_C_T_b38	3	3.45710e-03	-3.242e-01	2.086e-01
chr16_742193_T_A_b38	3	3.10586e-03	-3.126e-01	2.068e-01
chr16_740502_T_G_b38	3	1.68301e-03	-1.408e-01	2.382e-01
chr16_740409_T_C_b38	3	1.34165e-03	-1.161e-02	2.148e-01
chr16_729930_C_T_b38	3	4.42853e-08	0.000e+00	0.000e+00
