chr5_181205744_TC_T_b38	1	7.98158e-01	6.730e-01	1.164e-01
chr5_181207677_A_G_b38	1	4.51782e-02	6.384e-01	1.140e-01
chr5_181207407_TG_T_b38	1	4.51782e-02	6.384e-01	1.140e-01
chr5_181206194_G_A_b38	1	2.90073e-02	5.434e-01	1.129e-01
chr5_181202812_C_A_b38	1	2.51066e-02	6.346e-01	1.080e-01
chr5_181202606_T_G_b38	1	2.51066e-02	6.346e-01	1.080e-01
chr5_181207754_C_T_b38	1	1.30438e-02	6.143e-01	1.079e-01
chr5_181205629_G_C_b38	2	8.55619e-03	-1.597e-01	1.686e-01
chr5_181201432_A_G_b38	2	5.98564e-03	4.626e-01	2.378e-01
chr5_181207747_C_T_b38	2	5.88663e-03	3.987e-01	2.959e-01
chr5_181207160_A_G_b38	2	5.88663e-03	3.987e-01	2.959e-01
chr5_181204817_T_C_b38	2	5.48981e-03	4.036e-01	2.516e-01
chr5_181206954_A_G_b38	2	3.30633e-03	-2.636e-01	2.273e-01
chr5_181199686_T_C_b38	2	2.58248e-03	4.439e-01	2.683e-01
chr5_181210221_T_G_b38	2	2.13172e-03	3.047e-01	2.782e-01
chr5_181204497_C_G_b38	2	2.08919e-03	-4.100e-01	2.846e-01
chr5_181207878_ATATAT_A_b38	2	2.00014e-03	-3.232e-01	2.072e-01
chr5_181199505_A_G_b38	2	1.57537e-03	3.580e-01	2.658e-01
chr5_181199927_A_G_b38	2	1.57537e-03	3.580e-01	2.658e-01
chr5_181214992_A_G_b38	2	1.17691e-03	-3.471e-01	1.746e-01
chr5_181204828_G_C_b38	2	1.16920e-03	-2.246e-01	2.082e-01
chr5_181208951_A_C_b38	2	9.88451e-04	-2.701e-01	2.217e-01
chr5_181211092_G_C_b38	2	9.88451e-04	-2.701e-01	2.217e-01
chr5_181204121_G_C_b38	2	8.81668e-04	-1.373e-01	1.611e-01
chr5_181204387_G_A_b38	2	8.54626e-04	-1.167e-01	1.640e-01
chr5_181209962_T_TG_b38	2	8.10460e-04	1.683e-02	2.355e-01
chr5_181212588_C_G_b38	2	7.20418e-04	-2.769e-01	3.003e-01
chr5_181201826_A_G_b38	2	5.89055e-04	-7.789e-02	1.653e-01
chr5_181199550_G_T_b38	2	5.12473e-04	-2.066e-01	2.038e-01
chr5_181198254_G_A_b38	2	5.06591e-04	-1.628e-01	2.452e-01
chr5_181200250_T_C_b38	2	4.67710e-04	-1.778e-01	1.551e-01
chr5_181192673_G_C_b38	2	4.50109e-04	2.901e-01	3.020e-01
chr5_181193631_T_C_b38	2	4.50109e-04	2.901e-01	3.020e-01
chr5_181184737_A_C_b38	2	3.77558e-04	2.752e-01	1.530e-01
chr5_181184875_C_T_b38	2	3.25932e-04	2.723e-01	1.640e-01
chr5_181195615_C_T_b38	2	2.93081e-04	-2.458e-01	1.575e-01
chr5_181186456_T_C_b38	2	2.38842e-04	2.254e-01	1.735e-01
chr5_181186440_T_C_b38	2	2.38842e-04	2.254e-01	1.735e-01
chr5_181188933_T_C_b38	2	2.35023e-04	1.177e-01	2.180e-01
chr5_181192438_G_A_b38	2	2.27721e-04	-2.100e-01	1.576e-01
chr5_181216131_G_A_b38	2	1.91158e-04	-8.909e-02	1.524e-01
chr5_181212948_G_A_b38	3	1.21156e-04	5.319e-01	2.105e-01
chr5_181204894_G_A_b38	3	7.14161e-05	3.368e-01	2.563e-01
chr5_181204544_CA_C_b38	3	5.23190e-05	2.845e-01	2.074e-01
chr5_181199313_C_T_b38	3	1.93460e-05	0.000e+00	0.000e+00
chr5_181197516_A_C_b38	3	1.93460e-05	0.000e+00	0.000e+00
chr5_181197570_G_T_b38	3	1.93460e-05	0.000e+00	0.000e+00
chr5_181197569_A_G_b38	3	1.93460e-05	0.000e+00	0.000e+00
chr5_181197592_C_G_b38	3	1.93460e-05	0.000e+00	0.000e+00
chr5_181197590_T_A_b38	3	1.93460e-05	0.000e+00	0.000e+00
chr5_181199305_G_A_b38	3	1.93460e-05	0.000e+00	0.000e+00
chr5_181197520_G_A_b38	3	1.93460e-05	0.000e+00	0.000e+00
chr5_181196021_G_A_b38	3	9.55797e-06	0.000e+00	0.000e+00
chr5_181227020_T_C_b38	3	5.55503e-06	0.000e+00	0.000e+00
chr5_181223835_C_CTG_b38	3	5.55503e-06	0.000e+00	0.000e+00
