chr3_56682894_T_G_b38	1	8.68865e-02	-1.735e-01	4.408e-02
chr3_56701152_C_A_b38	1	7.83318e-02	-1.960e-01	4.071e-02
chr3_56699066_T_C_b38	1	7.63618e-02	-1.958e-01	4.072e-02
chr3_56698238_T_C_b38	1	7.63618e-02	-1.958e-01	4.072e-02
chr3_56696819_G_A_b38	1	7.63618e-02	-1.958e-01	4.072e-02
chr3_56696759_C_A_b38	1	7.63618e-02	-1.958e-01	4.072e-02
chr3_56701034_C_G_b38	1	6.85100e-02	-1.945e-01	4.059e-02
chr3_56658293_T_G_b38	1	5.51718e-02	-1.959e-01	4.105e-02
chr3_56706073_A_G_b38	1	3.54639e-02	-1.922e-01	4.159e-02
chr3_56706478_AATG_A_b38	1	2.72149e-02	-1.900e-01	4.170e-02
chr3_56703618_G_A_b38	1	2.72149e-02	-1.900e-01	4.170e-02
chr3_56705551_T_A_b38	1	2.72149e-02	-1.900e-01	4.170e-02
chr3_56703169_C_T_b38	1	2.72149e-02	-1.900e-01	4.170e-02
chr3_56704608_C_T_b38	1	2.72149e-02	-1.900e-01	4.170e-02
chr3_56705895_T_C_b38	1	2.72149e-02	-1.900e-01	4.170e-02
chr3_56703362_C_T_b38	1	2.72149e-02	-1.900e-01	4.170e-02
chr3_56652301_T_C_b38	1	1.76289e-02	-1.929e-01	4.091e-02
chr3_56681335_T_C_b38	1	1.38945e-02	-1.715e-01	4.398e-02
chr3_56682061_A_G_b38	1	1.38945e-02	-1.715e-01	4.398e-02
chr3_56680981_T_A_b38	1	1.38945e-02	-1.715e-01	4.398e-02
chr3_56686563_T_C_b38	1	7.80444e-03	-1.709e-01	4.396e-02
chr3_56680041_A_G_b38	1	7.45019e-03	-1.709e-01	4.396e-02
chr3_56680573_A_AT_b38	1	7.45019e-03	-1.709e-01	4.396e-02
chr3_56692077_A_C_b38	1	4.62931e-03	-1.692e-01	4.388e-02
chr3_56692869_T_C_b38	1	4.62931e-03	-1.692e-01	4.388e-02
chr3_56692129_A_G_b38	1	4.62931e-03	-1.692e-01	4.388e-02
chr3_56689632_C_T_b38	1	4.62931e-03	-1.692e-01	4.388e-02
chr3_56692947_A_C_b38	1	4.62931e-03	-1.692e-01	4.388e-02
chr3_56708057_G_C_b38	1	2.83759e-03	-1.705e-01	4.312e-02
chr3_56707557_A_G_b38	1	2.83759e-03	-1.705e-01	4.312e-02
chr3_56694871_C_A_b38	1	2.49507e-03	-1.685e-01	4.375e-02
chr3_56693857_T_G_b38	1	2.49507e-03	-1.685e-01	4.375e-02
chr3_56661032_T_A_b38	1	2.15986e-03	-1.683e-01	4.368e-02
chr3_56670905_A_C_b38	1	2.15986e-03	-1.683e-01	4.368e-02
chr3_56665743_A_G_b38	1	2.15986e-03	-1.683e-01	4.368e-02
chr3_56670891_C_A_b38	1	2.15986e-03	-1.683e-01	4.368e-02
chr3_56670581_T_A_b38	1	2.15986e-03	-1.683e-01	4.368e-02
chr3_56684839_A_AT_b38	1	1.00641e-03	-1.287e-01	4.130e-02
chr3_56673885_GA_G_b38	1	1.00164e-03	-1.462e-01	4.275e-02
chr3_56688491_T_C_b38	1	8.77828e-04	-1.417e-01	4.184e-02
chr3_56683261_C_CG_b38	2	5.35887e-02	2.271e-01	1.213e-01
chr3_56684002_A_G_b38	2	1.51249e-02	2.280e-01	1.208e-01
chr3_56685182_A_G_b38	2	7.68349e-03	2.348e-01	1.203e-01
chr3_56685803_G_A_b38	2	3.83623e-03	2.403e-01	1.182e-01
chr3_56686609_G_A_b38	2	3.83623e-03	2.403e-01	1.182e-01
chr3_56686410_CT_C_b38	2	3.83623e-03	2.403e-01	1.182e-01
chr3_56686124_G_A_b38	2	3.83623e-03	2.403e-01	1.182e-01
chr3_56680672_CTTAT_C_b38	2	3.66573e-03	2.403e-01	1.182e-01
chr3_56677107_T_C_b38	2	1.77925e-03	2.772e-01	9.250e-02
chr3_56675148_A_C_b38	2	1.77925e-03	2.772e-01	9.250e-02
chr3_56691991_C_T_b38	2	1.70312e-03	2.772e-01	9.250e-02
chr3_56694015_G_C_b38	2	6.32886e-04	2.759e-01	9.301e-02
chr3_56694077_C_T_b38	2	6.32886e-04	2.759e-01	9.301e-02
chr3_56693437_G_C_b38	2	6.25512e-04	2.759e-01	9.301e-02
chr3_56668700_G_A_b38	2	5.41475e-04	2.755e-01	9.299e-02
chr3_56660263_G_A_b38	2	5.41475e-04	2.755e-01	9.299e-02
chr3_56660714_A_G_b38	2	5.41475e-04	2.755e-01	9.299e-02
chr3_56669680_AGTGT_A_b38	2	5.41475e-04	2.755e-01	9.299e-02
chr3_56661261_C_G_b38	2	5.41475e-04	2.755e-01	9.299e-02
chr3_56661272_G_A_b38	2	5.41475e-04	2.755e-01	9.299e-02
chr3_56665446_G_A_b38	2	5.41475e-04	2.755e-01	9.299e-02
chr3_56666401_G_C_b38	2	5.41475e-04	2.755e-01	9.299e-02
chr3_56660153_C_T_b38	2	5.41475e-04	2.755e-01	9.299e-02
chr3_56668064_T_C_b38	2	5.41475e-04	2.755e-01	9.299e-02
chr3_56661816_G_A_b38	2	5.41475e-04	2.755e-01	9.299e-02
chr3_56667914_A_T_b38	2	5.41475e-04	2.755e-01	9.299e-02
chr3_56664975_G_A_b38	2	5.41475e-04	2.755e-01	9.299e-02
chr3_56685961_T_C_b38	2	4.66398e-04	2.333e-01	1.020e-01
chr3_56635438_T_C_b38	2	2.69579e-04	2.927e-01	9.559e-02
chr3_56647403_A_AC_b38	2	2.19964e-04	2.755e-01	9.299e-02
chr3_56650617_G_A_b38	2	2.19964e-04	2.755e-01	9.299e-02
chr3_56647615_C_T_b38	2	2.19964e-04	2.755e-01	9.299e-02
chr3_56643157_G_A_b38	2	2.19964e-04	2.755e-01	9.299e-02
chr3_56644587_T_C_b38	2	2.19964e-04	2.755e-01	9.299e-02
chr3_56650791_C_G_b38	2	2.19964e-04	2.755e-01	9.299e-02
chr3_56657247_G_T_b38	2	2.19964e-04	2.755e-01	9.299e-02
chr3_56644288_C_A_b38	2	2.19964e-04	2.755e-01	9.299e-02
chr3_56645577_T_C_b38	2	2.19964e-04	2.755e-01	9.299e-02
chr3_56646224_T_G_b38	2	2.19964e-04	2.755e-01	9.299e-02
chr3_56649267_A_G_b38	2	2.19964e-04	2.755e-01	9.299e-02
chr3_56731594_G_A_b38	2	1.67823e-04	2.093e-01	7.080e-02
chr3_56732110_G_A_b38	2	1.67823e-04	2.093e-01	7.080e-02
chr3_56712450_T_C_b38	2	5.34397e-06	0.000e+00	0.000e+00
chr3_56634972_C_T_b38	2	3.82189e-06	0.000e+00	0.000e+00
chr3_56680930_T_C_b38	3	1.41889e-03	-2.347e-01	1.023e-01
chr3_56649804_G_T_b38	3	7.72635e-04	-4.298e-01	1.236e-01
chr3_56591655_C_G_b38	3	1.17066e-06	0.000e+00	0.000e+00
