chr12_123962860_A_T_b38	1	1.17090e-01	2.671e-01	4.891e-02
chr12_123924955_G_A_b38	1	1.08325e-01	2.441e-01	6.231e-02
chr12_123929551_C_T_b38	1	4.83863e-02	2.395e-01	5.603e-02
chr12_123962069_G_A_b38	1	3.31835e-02	2.586e-01	4.812e-02
chr12_123961706_T_C_b38	1	3.31835e-02	2.586e-01	4.812e-02
chr12_123943615_T_A_b38	1	2.46406e-02	2.502e-01	4.378e-02
chr12_123958205_T_C_b38	1	2.31971e-02	2.588e-01	4.433e-02
chr12_123935181_C_T_b38	1	2.30110e-02	2.476e-01	4.653e-02
chr12_123943214_T_TA_b38	1	2.27676e-02	2.507e-01	4.464e-02
chr12_123941294_A_G_b38	1	2.27676e-02	2.507e-01	4.464e-02
chr12_123942189_C_T_b38	1	2.27676e-02	2.507e-01	4.464e-02
chr12_123940531_A_G_b38	1	2.27676e-02	2.507e-01	4.464e-02
chr12_123919222_C_T_b38	1	2.20756e-02	2.381e-01	5.152e-02
chr12_123934515_A_C_b38	1	2.16940e-02	2.449e-01	4.697e-02
chr12_123933925_C_G_b38	1	2.16940e-02	2.449e-01	4.697e-02
chr12_123939053_G_C_b38	1	1.96362e-02	2.515e-01	4.476e-02
chr12_123940837_TGG_T_b38	1	1.96362e-02	2.515e-01	4.476e-02
chr12_123943784_T_C_b38	1	1.85921e-02	2.458e-01	5.306e-02
chr12_123957333_C_G_b38	1	1.84540e-02	2.562e-01	4.350e-02
chr12_123962918_T_A_b38	1	1.84540e-02	2.562e-01	4.350e-02
chr12_123962919_A_G_b38	1	1.84540e-02	2.562e-01	4.350e-02
chr12_123962181_A_G_b38	1	1.84540e-02	2.562e-01	4.350e-02
chr12_123934127_C_T_b38	1	1.84390e-02	2.455e-01	4.712e-02
chr12_123932792_G_A_b38	1	1.84390e-02	2.455e-01	4.712e-02
chr12_123971271_C_T_b38	1	1.81082e-02	2.584e-01	4.022e-02
chr12_123955563_C_A_b38	1	1.57907e-02	2.592e-01	4.048e-02
chr12_123956196_G_T_b38	1	1.33845e-02	2.557e-01	4.632e-02
chr12_123946502_G_A_b38	1	1.30705e-02	2.490e-01	4.827e-02
chr12_123930906_T_C_b38	1	1.05642e-02	2.158e-01	6.724e-02
chr12_123975620_G_T_b38	1	9.18927e-03	2.542e-01	4.028e-02
chr12_123928944_G_A_b38	1	9.09372e-03	2.064e-01	7.073e-02
chr12_123951241_T_A_b38	1	8.78986e-03	2.537e-01	4.025e-02
chr12_123954426_G_C_b38	1	8.78986e-03	2.537e-01	4.025e-02
chr12_123923444_A_G_b38	1	7.75647e-03	2.159e-01	6.681e-02
chr12_123922856_C_T_b38	1	7.75647e-03	2.159e-01	6.681e-02
chr12_123923129_T_C_b38	1	7.75647e-03	2.159e-01	6.681e-02
chr12_123953670_C_T_b38	1	7.59859e-03	2.543e-01	4.051e-02
chr12_123932791_T_C_b38	1	7.00525e-03	2.220e-01	6.364e-02
chr12_123935529_C_CAGGA_b38	1	7.00525e-03	2.220e-01	6.364e-02
chr12_123953813_A_G_b38	1	6.73173e-03	2.558e-01	4.086e-02
chr12_123920171_T_C_b38	1	5.26986e-03	2.305e-01	5.672e-02
chr12_123997709_T_C_b38	1	5.12529e-03	2.578e-01	4.032e-02
chr12_123925982_A_T_b38	1	4.86808e-03	1.759e-01	9.086e-02
chr12_124004615_A_G_b38	1	4.12464e-03	2.566e-01	4.037e-02
chr12_124002131_A_G_b38	1	3.80527e-03	2.554e-01	4.027e-02
chr12_124002304_A_G_b38	1	3.67568e-03	2.557e-01	4.036e-02
chr12_123994019_A_T_b38	1	3.51951e-03	2.552e-01	4.031e-02
chr12_123992159_C_G_b38	1	3.51951e-03	2.552e-01	4.031e-02
chr12_123994784_C_T_b38	1	3.51951e-03	2.552e-01	4.031e-02
chr12_123982657_C_A_b38	1	3.51951e-03	2.552e-01	4.031e-02
chr12_123992052_T_A_b38	1	3.51951e-03	2.552e-01	4.031e-02
chr12_123990609_A_G_b38	1	3.51951e-03	2.552e-01	4.031e-02
chr12_123985512_C_T_b38	1	3.51951e-03	2.552e-01	4.031e-02
chr12_123982176_C_T_b38	1	3.51951e-03	2.552e-01	4.031e-02
chr12_123980289_G_T_b38	1	3.51951e-03	2.552e-01	4.031e-02
chr12_123992014_C_T_b38	1	3.51951e-03	2.552e-01	4.031e-02
chr12_123989885_T_TTCTAATGACCAAATCCTA_b38	1	3.51951e-03	2.552e-01	4.031e-02
chr12_123985191_A_G_b38	1	3.51951e-03	2.552e-01	4.031e-02
chr12_123997143_A_G_b38	1	3.51951e-03	2.552e-01	4.031e-02
chr12_123939270_T_C_b38	1	2.99493e-03	2.433e-01	4.088e-02
chr12_123938728_C_G_b38	1	2.61409e-03	2.486e-01	4.180e-02
chr12_123947154_A_G_b38	1	2.28602e-03	2.430e-01	4.117e-02
chr12_123921324_G_A_b38	1	2.10301e-03	2.401e-01	4.209e-02
chr12_123996319_G_A_b38	1	1.96617e-03	2.532e-01	4.033e-02
chr12_123959795_G_GAATT_b38	1	1.88323e-03	2.487e-01	4.105e-02
chr12_123964676_C_A_b38	1	1.88323e-03	2.487e-01	4.105e-02
chr12_123984025_G_C_b38	1	1.86023e-03	2.546e-01	4.061e-02
chr12_123961022_C_G_b38	1	1.70555e-03	-2.489e-01	4.123e-02
chr12_123944732_G_A_b38	1	1.62899e-03	2.449e-01	4.165e-02
chr12_123952668_A_T_b38	1	9.33450e-04	-2.498e-01	4.129e-02
chr12_124097669_T_C_b38	2	1.10495e-01	-1.841e-01	4.281e-02
chr12_124100606_C_T_b38	2	5.14720e-02	1.838e-01	4.412e-02
chr12_124096703_T_A_b38	2	5.14720e-02	1.838e-01	4.412e-02
chr12_124099058_C_A_b38	2	3.65778e-02	1.766e-01	4.200e-02
chr12_124100790_G_A_b38	2	3.65778e-02	1.766e-01	4.200e-02
chr12_124100158_G_A_b38	2	2.70478e-02	1.716e-01	4.034e-02
chr12_124106107_G_C_b38	2	2.62855e-02	1.723e-01	4.136e-02
chr12_124105200_C_T_b38	2	2.62855e-02	1.723e-01	4.136e-02
chr12_124110948_C_T_b38	2	4.27580e-03	1.521e-01	3.891e-02
chr12_124106839_A_G_b38	2	1.02689e-03	-1.456e-01	3.899e-02
chr12_124101081_T_C_b38	2	3.69733e-04	1.471e-01	4.130e-02
chr12_124121136_C_T_b38	2	9.23881e-05	1.278e-01	3.832e-02
chr12_123942622_CCA_C_b38	3	5.30195e-02	2.384e-01	6.268e-02
chr12_123922745_T_A_b38	3	4.58346e-03	1.997e-01	6.450e-02
chr12_123996254_A_G_b38	3	3.19292e-03	2.483e-01	6.172e-02
chr12_123962861_A_T_b38	3	4.84167e-04	2.372e-01	6.413e-02
chr12_123953121_T_A_b38	3	1.02196e-05	2.841e-01	5.487e-02
chr12_123994614_T_C_b38	3	7.05378e-06	0.000e+00	0.000e+00
chr12_123986200_G_A_b38	3	1.32614e-06	0.000e+00	0.000e+00
chr12_123971893_AC_A_b38	3	1.43500e-07	0.000e+00	0.000e+00
chr12_123853225_C_T_b38	4	4.48304e-03	4.089e-01	9.863e-02
