chr14_102509235_C_T_b38	1	3.57911e-01	-9.343e-02	2.272e-02
chr14_102510879_T_TC_b38	1	1.69190e-01	-9.244e-02	2.264e-02
chr14_102515258_C_T_b38	1	1.31230e-01	-9.645e-02	2.247e-02
chr14_102509318_C_T_b38	1	7.94673e-02	-7.622e-02	2.232e-02
chr14_102517520_G_A_b38	1	2.95481e-02	-8.405e-02	2.151e-02
chr14_102520352_G_A_b38	1	2.76831e-02	-9.216e-02	2.269e-02
chr14_102497303_G_A_b38	1	1.63851e-02	-8.905e-02	2.279e-02
chr14_102508929_G_A_b38	1	1.55215e-02	-6.698e-02	2.091e-02
chr14_102508928_A_G_b38	1	1.55215e-02	-6.698e-02	2.091e-02
chr14_102478451_C_G_b38	1	1.08892e-02	-1.016e-01	2.507e-02
chr14_102513126_C_T_b38	1	1.02808e-02	-7.229e-02	2.076e-02
chr14_102513307_C_T_b38	1	8.19405e-03	-7.607e-02	2.233e-02
chr14_102499560_G_A_b38	1	8.09676e-03	-7.798e-02	2.128e-02
chr14_102480004_A_G_b38	1	6.66450e-03	-9.749e-02	2.487e-02
chr14_102504244_C_G_b38	1	4.54816e-03	-7.426e-02	2.232e-02
chr14_102509215_T_A_b38	1	4.26004e-03	-5.846e-02	2.136e-02
chr14_102510246_G_T_b38	2	1.08525e-02	-1.900e-02	3.683e-02
chr14_102528212_C_A_b38	2	1.61988e-03	6.684e-02	3.675e-02
chr14_102505982_G_A_b38	2	1.13336e-03	-2.357e-02	3.542e-02
chr14_102526575_A_G_b38	2	1.06056e-03	5.588e-02	3.436e-02
chr14_102513575_T_C_b38	2	1.03186e-03	-2.257e-02	3.545e-02
chr14_102512770_G_A_b38	2	1.00223e-03	-2.016e-02	3.551e-02
chr14_102512814_C_T_b38	2	1.00223e-03	-2.016e-02	3.551e-02
chr14_102527662_T_C_b38	2	9.51466e-04	5.624e-02	3.665e-02
chr14_102515951_CATG_C_b38	2	7.69135e-04	-3.195e-02	3.578e-02
chr14_102504555_G_A_b38	2	7.10659e-04	-2.324e-02	3.539e-02
chr14_102526408_A_G_b38	2	7.06828e-04	4.839e-02	3.560e-02
chr14_102514800_C_T_b38	2	6.98397e-04	-2.725e-02	3.512e-02
chr14_102502316_C_T_b38	2	6.73711e-04	-1.956e-02	3.513e-02
chr14_102515009_T_C_b38	2	6.64516e-04	-2.383e-02	3.556e-02
chr14_102519735_A_G_b38	2	6.64516e-04	-2.383e-02	3.556e-02
chr14_102515054_A_G_b38	2	6.21095e-04	-1.938e-02	3.514e-02
chr14_102526838_G_A_b38	2	5.29769e-04	4.604e-02	4.782e-02
chr14_102517131_C_G_b38	2	5.05348e-04	6.612e-04	3.142e-02
chr14_102491948_G_A_b38	2	4.57796e-04	-3.506e-02	3.980e-02
chr14_102528045_G_C_b38	2	3.28879e-04	1.943e-02	4.017e-02
chr14_102495605_C_T_b38	2	3.21826e-04	-2.246e-02	3.539e-02
chr14_102496670_G_A_b38	2	3.15693e-04	-2.127e-02	3.525e-02
chr14_102491839_C_T_b38	2	3.15693e-04	-2.127e-02	3.525e-02
chr14_102492189_C_G_b38	2	3.02983e-04	-1.782e-02	3.532e-02
chr14_102521358_G_A_b38	2	3.02388e-04	-1.832e-02	3.749e-02
chr14_102529580_G_A_b38	2	2.94854e-04	6.151e-03	3.964e-02
chr14_102528699_T_TG_b38	2	2.91686e-04	-2.777e-03	3.978e-02
chr14_102523410_G_A_b38	2	2.89859e-04	-1.727e-02	3.573e-02
chr14_102521328_G_A_b38	2	2.84660e-04	-1.000e-02	3.765e-02
chr14_102524344_G_A_b38	2	2.84014e-04	-1.596e-02	3.533e-02
chr14_102483889_C_T_b38	2	1.93089e-04	5.005e-02	3.993e-02
chr14_102483934_T_C_b38	2	1.41755e-04	3.747e-02	4.672e-02
chr14_102478447_G_C_b38	2	7.30510e-05	-2.639e-02	3.500e-02
chr14_102434686_G_A_b38	2	6.73571e-05	-5.814e-02	3.175e-02
chr14_102468125_C_T_b38	2	6.60822e-05	-1.931e-02	3.463e-02
chr14_102480446_G_T_b38	2	6.54729e-05	-1.799e-02	3.484e-02
chr14_102480451_C_G_b38	2	6.51034e-05	-1.741e-02	3.484e-02
chr14_102470904_C_T_b38	2	6.45563e-05	1.145e-02	3.566e-02
chr14_102462642_G_A_b38	2	6.43862e-05	-1.663e-02	3.465e-02
chr14_102479863_G_A_b38	2	6.40212e-05	-1.489e-02	3.506e-02
chr14_102465430_T_A_b38	2	6.34787e-05	-1.361e-02	3.508e-02
chr14_102482212_A_G_b38	2	5.67715e-05	2.921e-03	3.056e-02
chr14_102530199_C_T_b38	3	3.76583e-04	-1.130e-01	4.816e-02
chr14_102529425_C_T_b38	3	2.55301e-04	-1.042e-01	4.683e-02
chr14_102535531_G_C_b38	3	6.64649e-05	-1.133e-01	5.419e-02
