chr19_43571109_TCA_T_b38	1	2.43700e-01	5.470e-01	8.688e-02
chr19_43580251_G_A_b38	1	1.98457e-01	5.179e-01	9.272e-02
chr19_43570060_A_G_b38	1	1.19475e-01	5.474e-01	8.684e-02
chr19_43567108_C_A_b38	1	1.19434e-01	5.474e-01	8.684e-02
chr19_43583574_C_G_b38	1	9.02329e-02	5.272e-01	8.795e-02
chr19_43578277_C_A_b38	1	2.94602e-02	5.196e-01	9.253e-02
chr19_43578398_C_A_b38	1	2.94602e-02	5.196e-01	9.253e-02
chr19_43581675_C_T_b38	1	2.89245e-02	5.196e-01	9.253e-02
chr19_43562442_AT_A_b38	1	2.27813e-02	5.266e-01	8.828e-02
chr19_43577584_T_G_b38	1	1.69610e-02	5.196e-01	9.253e-02
chr19_43564554_T_C_b38	1	8.32780e-03	5.229e-01	9.105e-02
chr19_43565589_T_A_b38	1	8.32780e-03	5.229e-01	9.105e-02
chr19_43564041_C_T_b38	1	4.79087e-03	5.224e-01	9.206e-02
chr19_43568381_C_T_b38	1	4.79087e-03	5.224e-01	9.206e-02
chr19_43567861_G_T_b38	1	4.79087e-03	5.224e-01	9.206e-02
chr19_43564249_G_A_b38	1	4.79087e-03	5.224e-01	9.206e-02
chr19_43574316_T_G_b38	1	2.70395e-03	5.006e-01	9.313e-02
chr19_43580199_G_T_b38	2	1.23342e-01	-2.484e-01	9.731e-02
chr19_43597493_G_A_b38	2	2.95387e-02	-2.997e-01	8.881e-02
chr19_43579276_C_T_b38	2	1.81223e-02	-2.484e-01	9.715e-02
chr19_43570651_G_A_b38	2	5.15265e-03	-2.466e-01	9.686e-02
chr19_43574386_A_T_b38	2	5.15265e-03	-2.466e-01	9.686e-02
chr19_43571484_G_A_b38	2	5.15265e-03	-2.466e-01	9.686e-02
chr19_43601584_G_A_b38	2	3.21947e-03	-2.339e-01	8.840e-02
chr19_43558622_C_G_b38	2	3.00812e-03	-2.689e-01	1.032e-01
chr19_43558738_G_A_b38	2	3.00812e-03	-2.689e-01	1.032e-01
chr19_43560713_C_G_b38	2	2.47767e-03	-2.795e-01	1.106e-01
chr19_43564423_A_C_b38	2	2.26197e-03	-2.473e-01	9.681e-02
chr19_43605154_G_A_b38	2	1.00355e-03	-2.077e-01	8.655e-02
chr19_43603345_G_A_b38	2	1.00355e-03	-2.077e-01	8.655e-02
chr19_43568739_T_TGAGGGAGCAGGAGTTGGG_b38	2	9.49994e-04	-2.330e-01	9.801e-02
chr19_43605155_C_T_b38	2	9.40278e-04	-2.080e-01	8.848e-02
chr19_43605733_G_A_b38	2	3.74338e-04	-2.352e-01	8.763e-02
chr19_43626301_G_A_b38	2	3.74338e-04	-2.352e-01	8.763e-02
chr19_43614201_G_A_b38	2	3.74338e-04	-2.352e-01	8.763e-02
chr19_43547347_C_T_b38	2	3.35617e-04	-2.853e-01	1.034e-01
chr19_43551492_G_A_b38	2	3.35617e-04	-2.853e-01	1.034e-01
chr19_43543161_ATTCCCAG_A_b38	2	1.61983e-07	0.000e+00	0.000e+00
chr19_43580003_G_A_b38	3	4.82537e-03	-1.703e-01	9.430e-02
chr19_43578793_T_C_b38	3	8.55851e-04	-1.915e-01	9.419e-02
chr19_43577136_A_G_b38	3	3.92424e-04	-1.925e-01	9.415e-02
chr19_43573237_A_G_b38	3	2.08802e-04	-1.935e-01	9.433e-02
chr19_43569117_G_A_b38	3	1.28833e-04	-2.379e-01	9.976e-02
chr19_43570844_CT_C_b38	3	1.26356e-04	-1.711e-01	9.429e-02
chr19_43573108_A_T_b38	3	1.05809e-04	-1.710e-01	9.446e-02
chr19_43572012_A_T_b38	3	1.05809e-04	-1.710e-01	9.446e-02
chr19_43558367_A_G_b38	3	6.80429e-05	-1.936e-01	9.138e-02
chr19_43558502_A_G_b38	3	6.80429e-05	-1.936e-01	9.138e-02
chr19_43556662_A_G_b38	3	6.80429e-05	-1.936e-01	9.138e-02
chr19_43555849_A_G_b38	3	6.80429e-05	-1.936e-01	9.138e-02
chr19_43566034_A_G_b38	3	5.94475e-05	-1.905e-01	9.463e-02
chr19_43567851_T_C_b38	3	5.94475e-05	-1.905e-01	9.463e-02
chr19_43570445_T_G_b38	3	5.94475e-05	-1.905e-01	9.463e-02
chr19_43584228_A_AGAAGTGACT_b38	3	4.79354e-05	-8.457e-02	1.038e-01
chr19_43584226_A_ACC_b38	3	4.79354e-05	-8.457e-02	1.038e-01
chr19_43548464_T_C_b38	3	2.22181e-05	2.268e-01	9.116e-02
chr19_43568024_A_G_b38	3	2.19293e-05	-1.697e-01	9.589e-02
chr19_43545379_G_C_b38	3	3.04614e-09	0.000e+00	0.000e+00
chr19_43541481_C_A_b38	3	2.40687e-09	0.000e+00	0.000e+00
chr19_43541783_A_G_b38	3	2.40687e-09	0.000e+00	0.000e+00
chr19_43551430_C_T_b38	3	2.40687e-09	0.000e+00	0.000e+00
chr19_43544840_G_GT_b38	3	2.33495e-09	0.000e+00	0.000e+00
