chr11_67330307_T_C_b38	1	9.24172e-01	4.158e-01	3.728e-02
chr11_67391941_A_AGGCGGG_b38	1	2.93755e-02	4.157e-01	3.758e-02
chr11_67257063_C_T_b38	1	2.10150e-02	4.147e-01	3.750e-02
chr11_67220577_C_A_b38	1	2.10150e-02	4.147e-01	3.750e-02
chr11_67132148_A_G_b38	1	4.32718e-03	4.143e-01	3.706e-02
chr11_67184495_G_C_b38	1	5.37457e-10	0.000e+00	0.000e+00
chr11_67184494_G_C_b38	1	5.37457e-10	0.000e+00	0.000e+00
chr11_67308593_G_A_b38	1	5.11073e-10	0.000e+00	0.000e+00
chr11_66882056_G_C_b38	1	2.36923e-10	0.000e+00	0.000e+00
chr11_67382636_A_G_b38	2	4.69656e-01	3.702e-01	7.013e-02
chr11_67398866_G_A_b38	2	1.56183e-01	3.632e-01	6.698e-02
chr11_67393161_T_C_b38	2	1.56183e-01	3.632e-01	6.698e-02
chr11_67318827_T_C_b38	2	1.16498e-01	-2.964e-01	5.044e-02
chr11_67405440_C_T_b38	2	6.92142e-02	3.449e-01	5.487e-02
chr11_67420115_C_T_b38	2	1.60857e-02	3.575e-01	6.047e-02
chr11_67420995_C_T_b38	2	1.60857e-02	3.575e-01	6.047e-02
chr11_67321249_G_A_b38	3	5.08609e-01	-2.554e-01	5.681e-02
chr11_67402068_C_T_b38	3	2.89830e-01	-2.842e-01	5.523e-02
chr11_67316875_G_C_b38	3	8.16726e-02	-2.230e-01	6.955e-02
chr11_67346429_C_G_b38	3	4.39490e-02	-2.565e-01	5.459e-02
chr11_67416735_C_T_b38	3	4.19154e-02	-2.666e-01	5.392e-02
chr11_67369362_TAGGG_T_b38	3	1.26161e-02	-2.577e-01	5.271e-02
chr11_67369355_CAG_C_b38	3	1.26161e-02	-2.577e-01	5.271e-02
chr11_67418800_C_A_b38	3	4.20290e-03	-2.757e-01	5.360e-02
chr11_67317290_C_T_b38	4	2.29522e-02	1.237e-01	4.750e-02
chr11_67314118_T_C_b38	4	1.66140e-02	2.310e-01	7.638e-02
chr11_67316272_G_T_b38	4	1.25871e-02	1.234e-01	4.963e-02
chr11_67313253_T_G_b38	4	8.01036e-03	1.235e-01	4.969e-02
chr11_67314875_C_A_b38	4	8.01036e-03	1.235e-01	4.969e-02
chr11_67327847_C_T_b38	4	4.34273e-03	1.265e-01	4.810e-02
chr11_67311161_G_A_b38	4	3.50519e-03	1.224e-01	4.739e-02
chr11_67277767_C_T_b38	4	2.67496e-03	1.540e-01	4.714e-02
chr11_67324862_A_ATTAT_b38	4	2.21831e-03	1.017e-01	4.287e-02
chr11_67282821_G_A_b38	4	2.18236e-03	1.417e-01	4.457e-02
chr11_67298418_C_T_b38	4	1.73777e-03	1.266e-01	4.805e-02
chr11_67334967_C_T_b38	4	1.63672e-03	1.266e-01	4.805e-02
chr11_67331461_T_G_b38	4	1.63672e-03	1.266e-01	4.805e-02
chr11_67338441_C_T_b38	4	1.63672e-03	1.266e-01	4.805e-02
chr11_67302546_G_A_b38	4	1.59751e-03	1.257e-01	4.705e-02
chr11_67340769_C_T_b38	4	1.10728e-03	1.169e-01	4.715e-02
chr11_67233651_TCAA_T_b38	4	9.98913e-04	1.486e-01	4.306e-02
chr11_67297031_A_C_b38	4	7.93828e-04	1.111e-01	4.680e-02
chr11_67355012_A_G_b38	4	7.72949e-04	-2.301e-01	6.845e-02
chr11_67351041_T_C_b38	4	7.72949e-04	-2.301e-01	6.845e-02
chr11_67231384_T_C_b38	4	4.76804e-04	1.588e-01	4.662e-02
chr11_67351058_A_G_b38	4	4.08804e-04	-1.328e-01	4.727e-02
chr11_67362651_A_G_b38	4	4.08804e-04	-1.328e-01	4.727e-02
chr11_67357937_A_G_b38	4	4.08804e-04	-1.328e-01	4.727e-02
chr11_67356862_T_G_b38	4	4.08804e-04	-1.328e-01	4.727e-02
chr11_67357752_T_C_b38	4	4.08804e-04	-1.328e-01	4.727e-02
chr11_67224761_C_T_b38	4	3.84015e-04	1.462e-01	4.409e-02
chr11_67224146_T_G_b38	4	3.84015e-04	1.462e-01	4.409e-02
chr11_67266795_C_A_b38	4	2.65775e-04	1.383e-01	4.344e-02
chr11_67306061_G_A_b38	4	2.11517e-04	9.046e-02	4.478e-02
chr11_67368385_A_G_b38	4	1.40810e-04	-2.235e-01	6.692e-02
chr11_67368027_T_TC_b38	4	1.13595e-04	-1.289e-01	4.573e-02
chr11_67379951_T_G_b38	4	9.41656e-05	-1.267e-01	4.649e-02
chr11_67369926_GA_G_b38	4	9.41656e-05	-1.267e-01	4.649e-02
chr11_67369510_C_T_b38	4	9.41656e-05	-1.267e-01	4.649e-02
chr11_67369731_T_C_b38	4	9.41656e-05	-1.267e-01	4.649e-02
chr11_67412217_A_G_b38	4	8.33580e-05	-1.150e-01	4.316e-02
chr11_67416021_T_C_b38	4	8.33580e-05	-1.150e-01	4.316e-02
chr11_67402128_C_G_b38	4	7.89084e-05	-1.162e-01	4.403e-02
chr11_67396662_G_T_b38	4	7.89084e-05	-1.162e-01	4.403e-02
chr11_67404265_C_T_b38	4	7.89084e-05	-1.162e-01	4.403e-02
chr11_67397320_T_C_b38	4	7.89084e-05	-1.162e-01	4.403e-02
chr11_67323441_C_T_b38	5	9.58246e-04	3.250e-01	9.509e-02
chr11_67307776_G_A_b38	5	8.37556e-04	3.040e-01	9.122e-02
chr11_67295213_C_T_b38	5	8.37556e-04	3.040e-01	9.122e-02
chr11_67355131_G_A_b38	5	2.26470e-04	3.303e-01	8.872e-02
chr11_67247128_T_C_b38	5	9.45676e-05	2.546e-01	7.399e-02
chr11_67368030_G_C_b38	5	3.53055e-05	3.347e-01	8.588e-02
chr11_67273727_G_A_b38	5	3.33225e-05	2.484e-01	8.069e-02
chr11_67279777_T_C_b38	5	3.33225e-05	2.484e-01	8.069e-02
chr11_67279929_G_C_b38	5	3.33225e-05	2.484e-01	8.069e-02
chr11_67280158_T_C_b38	5	3.33225e-05	2.484e-01	8.069e-02
chr11_67285667_C_T_b38	5	3.33225e-05	2.484e-01	8.069e-02
chr11_67274449_C_T_b38	5	3.33225e-05	2.484e-01	8.069e-02
chr11_67278001_G_A_b38	5	3.33225e-05	2.484e-01	8.069e-02
chr11_67295289_C_T_b38	5	3.34550e-24	0.000e+00	0.000e+00
chr11_67312034_G_A_b38	5	1.79104e-24	0.000e+00	0.000e+00
chr11_67372565_G_C_b38	5	2.02111e-26	0.000e+00	0.000e+00
chr11_67261092_C_G_b38	5	5.66612e-27	0.000e+00	0.000e+00
chr11_67230537_G_A_b38	5	5.66612e-27	0.000e+00	0.000e+00
chr11_67217923_T_C_b38	5	5.66612e-27	0.000e+00	0.000e+00
chr11_67249077_A_G_b38	5	5.66612e-27	0.000e+00	0.000e+00
chr11_67237803_T_C_b38	5	5.66612e-27	0.000e+00	0.000e+00
chr11_67255598_C_G_b38	5	5.66612e-27	0.000e+00	0.000e+00
chr11_67220540_T_A_b38	5	5.66612e-27	0.000e+00	0.000e+00
chr11_67234954_T_G_b38	5	5.66612e-27	0.000e+00	0.000e+00
chr11_67246189_T_C_b38	5	5.66612e-27	0.000e+00	0.000e+00
