chr17_48892013_GCCA_G_b38	1	1.46388e-01	6.370e-01	1.299e-01
chr17_48890426_T_C_b38	1	8.67788e-02	6.245e-01	1.186e-01
chr17_48889588_T_C_b38	1	6.47130e-02	6.287e-01	1.293e-01
chr17_48890646_G_C_b38	1	6.47130e-02	6.287e-01	1.293e-01
chr17_48889699_C_T_b38	1	6.47130e-02	6.287e-01	1.293e-01
chr17_48892303_A_T_b38	1	6.47130e-02	6.287e-01	1.293e-01
chr17_48889762_G_A_b38	1	6.47130e-02	6.287e-01	1.293e-01
chr17_48892007_G_A_b38	1	6.47130e-02	6.287e-01	1.293e-01
chr17_48909317_A_G_b38	1	2.76257e-02	5.780e-01	1.351e-01
chr17_48907063_C_T_b38	1	2.14920e-02	6.082e-01	1.564e-01
chr17_48906680_T_A_b38	1	2.14920e-02	6.082e-01	1.564e-01
chr17_48907497_A_T_b38	1	2.14920e-02	6.082e-01	1.564e-01
chr17_48889675_T_A_b38	1	1.68203e-02	6.038e-01	1.063e-01
chr17_48906029_G_A_b38	1	1.53151e-02	6.072e-01	1.549e-01
chr17_48904965_T_A_b38	1	1.53151e-02	6.072e-01	1.549e-01
chr17_48905809_G_C_b38	1	1.53151e-02	6.072e-01	1.549e-01
chr17_48905387_G_C_b38	1	1.53151e-02	6.072e-01	1.549e-01
chr17_48880625_A_G_b38	1	1.52098e-02	6.020e-01	9.020e-02
chr17_48908231_A_C_b38	1	1.37774e-02	5.753e-01	1.220e-01
chr17_48899763_G_A_b38	1	1.02390e-02	6.047e-01	1.511e-01
chr17_48902956_C_T_b38	1	1.02390e-02	6.047e-01	1.511e-01
chr17_48899244_G_A_b38	1	1.02390e-02	6.047e-01	1.511e-01
chr17_48899394_C_G_b38	1	1.02390e-02	6.047e-01	1.511e-01
chr17_48899419_C_T_b38	1	1.02390e-02	6.047e-01	1.511e-01
chr17_48900921_A_G_b38	1	1.02390e-02	6.047e-01	1.511e-01
chr17_48900554_A_G_b38	1	1.02390e-02	6.047e-01	1.511e-01
chr17_48900100_T_G_b38	1	1.02390e-02	6.047e-01	1.511e-01
chr17_48880334_G_C_b38	1	6.58023e-03	5.928e-01	8.976e-02
chr17_48882163_G_A_b38	1	5.08345e-03	5.898e-01	8.852e-02
chr17_48895117_ATCTC_A_b38	1	4.08247e-03	5.971e-01	1.389e-01
chr17_48895503_C_T_b38	1	4.08247e-03	5.971e-01	1.389e-01
chr17_48898008_G_A_b38	1	4.08247e-03	5.971e-01	1.389e-01
chr17_48897788_AG_A_b38	1	4.08247e-03	5.971e-01	1.389e-01
chr17_48892721_G_GA_b38	1	4.08247e-03	5.971e-01	1.389e-01
chr17_48893778_G_A_b38	1	4.08247e-03	5.971e-01	1.389e-01
chr17_48897372_T_C_b38	1	4.08247e-03	5.971e-01	1.389e-01
chr17_48911235_C_T_b38	1	4.03629e-03	5.650e-01	1.100e-01
chr17_48911167_A_G_b38	1	4.03629e-03	5.650e-01	1.100e-01
chr17_48913439_C_A_b38	1	2.44929e-03	5.557e-01	8.728e-02
chr17_48911992_A_G_b38	1	2.44929e-03	5.557e-01	8.728e-02
chr17_48920756_T_C_b38	1	2.37037e-03	5.798e-01	1.193e-01
chr17_48889676_T_A_b38	1	1.89374e-03	5.738e-01	8.708e-02
chr17_48924439_A_G_b38	1	1.55787e-03	5.536e-01	8.537e-02
chr17_48914194_A_G_b38	1	1.48604e-03	5.557e-01	8.728e-02
chr17_48917034_C_T_b38	1	1.48604e-03	5.557e-01	8.728e-02
chr17_48918373_A_G_b38	1	1.48604e-03	5.557e-01	8.728e-02
chr17_48914390_G_A_b38	1	1.48604e-03	5.557e-01	8.728e-02
chr17_48917608_G_A_b38	1	1.48604e-03	5.557e-01	8.728e-02
chr17_48917484_G_C_b38	1	1.48604e-03	5.557e-01	8.728e-02
chr17_48916305_T_G_b38	1	1.48604e-03	5.557e-01	8.728e-02
chr17_48914169_T_C_b38	1	1.48604e-03	5.557e-01	8.728e-02
chr17_48916008_G_A_b38	1	1.48604e-03	5.557e-01	8.728e-02
chr17_48909254_C_T_b38	2	3.98467e-02	4.686e-01	1.998e-01
chr17_48908272_A_G_b38	2	8.71855e-03	-4.058e-01	1.967e-01
chr17_48910303_G_A_b38	2	6.94177e-03	4.683e-01	1.962e-01
chr17_48911792_A_G_b38	2	3.75853e-03	4.588e-01	1.912e-01
chr17_48904057_T_C_b38	2	1.88868e-03	3.871e-01	1.849e-01
chr17_48920597_C_T_b38	2	1.05263e-03	4.344e-01	1.766e-01
chr17_48921540_A_G_b38	2	9.38556e-04	4.884e-01	2.569e-01
chr17_48922011_C_G_b38	2	9.38556e-04	4.884e-01	2.569e-01
chr17_48929588_T_C_b38	2	9.38556e-04	4.884e-01	2.569e-01
chr17_48932672_G_T_b38	2	9.38556e-04	4.884e-01	2.569e-01
chr17_48925027_G_A_b38	2	9.38556e-04	4.884e-01	2.569e-01
chr17_48922311_T_C_b38	2	9.38556e-04	4.884e-01	2.569e-01
chr17_48930845_A_G_b38	2	9.38556e-04	4.884e-01	2.569e-01
chr17_48927831_A_G_b38	2	9.38556e-04	4.884e-01	2.569e-01
chr17_48925077_G_T_b38	2	9.38556e-04	4.884e-01	2.569e-01
chr17_48919221_T_A_b38	2	9.38556e-04	4.884e-01	2.569e-01
chr17_48933433_CAG_C_b38	2	9.38556e-04	4.884e-01	2.569e-01
chr17_48922748_C_T_b38	2	9.38556e-04	4.884e-01	2.569e-01
chr17_48929131_T_C_b38	2	9.38556e-04	4.884e-01	2.569e-01
chr17_48922575_C_T_b38	2	9.38556e-04	4.884e-01	2.569e-01
chr17_48932473_G_A_b38	2	9.38556e-04	4.884e-01	2.569e-01
chr17_48931395_A_T_b38	2	9.38556e-04	4.884e-01	2.569e-01
chr17_48920636_T_C_b38	2	9.38556e-04	4.884e-01	2.569e-01
chr17_48925859_G_T_b38	2	9.38556e-04	4.884e-01	2.569e-01
chr17_48925162_G_A_b38	2	9.38556e-04	4.884e-01	2.569e-01
chr17_48922889_C_T_b38	2	6.50077e-04	-3.623e-01	1.704e-01
chr17_48928147_T_G_b38	2	3.88664e-04	3.077e-01	4.296e-01
chr17_48923298_A_G_b38	2	3.74971e-04	1.389e-01	5.519e-01
chr17_48928226_C_T_b38	2	3.27298e-04	3.622e-01	3.531e-01
chr17_48908229_C_T_b38	3	3.31390e-04	-3.505e-02	3.161e-01
chr17_48913578_C_T_b38	3	7.04412e-05	-1.481e-01	2.828e-01
chr17_48916034_CT_C_b38	3	5.56131e-05	0.000e+00	0.000e+00
chr17_48905287_G_C_b38	3	4.24214e-05	0.000e+00	0.000e+00
chr17_48901684_C_T_b38	3	3.42484e-05	0.000e+00	0.000e+00
chr17_48929804_G_C_b38	3	2.76797e-05	0.000e+00	0.000e+00
chr17_48929787_T_A_b38	3	2.76797e-05	0.000e+00	0.000e+00
chr17_48930053_A_C_b38	3	2.76797e-05	0.000e+00	0.000e+00
chr17_48930135_G_A_b38	3	3.97375e-06	0.000e+00	0.000e+00
chr17_48925085_C_A_b38	3	3.97375e-06	0.000e+00	0.000e+00
chr17_48926202_A_T_b38	3	3.93419e-06	0.000e+00	0.000e+00
chr17_48898336_G_A_b38	3	4.75222e-09	0.000e+00	0.000e+00
chr17_48937209_T_C_b38	3	3.27496e-09	0.000e+00	0.000e+00
chr17_48943228_G_C_b38	3	3.14572e-09	0.000e+00	0.000e+00
chr17_48965096_G_A_b38	3	2.80591e-09	0.000e+00	0.000e+00
chr17_48950460_G_A_b38	3	2.01070e-09	0.000e+00	0.000e+00
chr17_48938410_C_T_b38	3	2.01070e-09	0.000e+00	0.000e+00
chr17_48886812_G_A_b38	3	1.54864e-09	0.000e+00	0.000e+00
chr17_48950624_T_C_b38	3	1.43739e-09	0.000e+00	0.000e+00
chr17_48887123_G_A_b38	3	7.39122e-10	0.000e+00	0.000e+00
chr17_48962179_C_T_b38	3	6.87568e-10	0.000e+00	0.000e+00
chr17_48950105_CT_C_b38	3	5.54964e-10	0.000e+00	0.000e+00
chr17_48962662_T_C_b38	3	4.91523e-10	0.000e+00	0.000e+00
chr17_48861094_G_A_b38	3	2.06196e-10	0.000e+00	0.000e+00
chr17_48876253_CCCACCTCAG_C_b38	3	2.06196e-10	0.000e+00	0.000e+00
chr17_48875896_A_G_b38	3	2.06196e-10	0.000e+00	0.000e+00
chr17_48862133_G_A_b38	3	2.06196e-10	0.000e+00	0.000e+00
chr17_48859127_T_C_b38	3	2.06196e-10	0.000e+00	0.000e+00
chr17_48868204_G_C_b38	3	2.06196e-10	0.000e+00	0.000e+00
chr17_48875845_C_G_b38	3	2.06196e-10	0.000e+00	0.000e+00
chr17_48864216_G_A_b38	3	2.06196e-10	0.000e+00	0.000e+00
chr17_48861500_C_T_b38	3	2.06196e-10	0.000e+00	0.000e+00
