chr2_85596044_TG_T_b38	1	2.10774e-01	-1.460e-01	2.860e-02
chr2_85626892_A_G_b38	1	1.64685e-01	-1.587e-01	2.977e-02
chr2_85591674_G_A_b38	1	7.33545e-02	-1.512e-01	3.192e-02
chr2_85591763_C_T_b38	1	7.33545e-02	-1.512e-01	3.192e-02
chr2_85651035_G_T_b38	1	5.26499e-02	-1.587e-01	2.976e-02
chr2_85642017_GCTGT_G_b38	1	5.26499e-02	-1.587e-01	2.976e-02
chr2_85596961_G_C_b38	1	3.80531e-02	-1.388e-01	2.938e-02
chr2_85591150_G_A_b38	1	3.63000e-02	-1.428e-01	3.138e-02
chr2_85600891_T_G_b38	1	3.39463e-02	-1.410e-01	3.006e-02
chr2_85599009_G_A_b38	1	2.70726e-02	-1.351e-01	2.915e-02
chr2_85592904_A_G_b38	1	2.12822e-02	-1.421e-01	3.223e-02
chr2_85663170_T_C_b38	1	1.72065e-02	-1.465e-01	2.877e-02
chr2_85662402_A_C_b38	1	1.72065e-02	-1.465e-01	2.877e-02
chr2_85659544_G_C_b38	1	1.72065e-02	-1.465e-01	2.877e-02
chr2_85633105_A_T_b38	1	1.56907e-02	-1.440e-01	3.006e-02
chr2_85649101_CT_C_b38	1	1.11040e-02	-1.496e-01	2.999e-02
chr2_85599598_G_A_b38	1	1.02324e-02	-1.509e-01	3.427e-02
chr2_85627353_T_C_b38	1	9.65225e-03	-1.395e-01	2.991e-02
chr2_85619962_A_C_b38	1	9.65225e-03	-1.395e-01	2.991e-02
chr2_85626340_G_C_b38	1	9.65225e-03	-1.395e-01	2.991e-02
chr2_85607518_T_G_b38	1	6.04779e-03	-1.452e-01	3.414e-02
chr2_85663635_T_C_b38	1	3.46320e-03	-1.552e-01	3.286e-02
chr2_85646921_C_T_b38	1	3.05625e-03	-1.393e-01	2.980e-02
chr2_85584106_G_A_b38	2	1.10706e-02	-4.637e-02	4.218e-02
chr2_85621875_G_GAGTCCCGCTA_b38	2	9.02632e-04	1.129e-01	4.022e-02
chr2_85561017_C_T_b38	2	2.50389e-04	-7.081e-02	3.915e-02
chr2_85559433_C_G_b38	2	1.95533e-04	-6.260e-02	3.860e-02
