chr8_25452264_A_T_b38	1	6.34603e-02	1.132e-01	1.738e-02
chr8_25451000_C_T_b38	1	4.35755e-02	1.129e-01	1.750e-02
chr8_25456876_G_T_b38	1	4.09842e-02	1.058e-01	1.695e-02
chr8_25449475_T_C_b38	1	3.48409e-02	1.123e-01	1.751e-02
chr8_25449566_TG_T_b38	1	3.48409e-02	1.123e-01	1.751e-02
chr8_25449005_T_C_b38	1	3.48409e-02	1.123e-01	1.751e-02
chr8_25455744_T_C_b38	1	2.76368e-02	1.064e-01	1.696e-02
chr8_25453794_G_A_b38	1	2.76368e-02	1.064e-01	1.696e-02
chr8_25455745_G_A_b38	1	2.76368e-02	1.064e-01	1.696e-02
chr8_25455703_G_A_b38	1	2.76368e-02	1.064e-01	1.696e-02
chr8_25454261_G_A_b38	1	2.70745e-02	1.109e-01	1.768e-02
chr8_25455058_C_G_b38	1	2.70745e-02	1.109e-01	1.768e-02
chr8_25460737_A_G_b38	1	2.51227e-02	1.113e-01	1.804e-02
chr8_25452728_T_G_b38	1	2.43963e-02	1.087e-01	1.714e-02
chr8_25457055_G_C_b38	1	2.32029e-02	1.042e-01	1.696e-02
chr8_25458711_G_T_b38	1	2.04099e-02	9.978e-02	1.714e-02
chr8_25458715_C_A_b38	1	2.04099e-02	9.978e-02	1.714e-02
chr8_25458743_G_A_b38	1	2.04099e-02	9.978e-02	1.714e-02
chr8_25448293_A_G_b38	1	1.90005e-02	1.123e-01	1.751e-02
chr8_25454500_G_T_b38	1	1.70391e-02	1.046e-01	1.690e-02
chr8_25451201_T_C_b38	1	1.50480e-02	1.135e-01	1.812e-02
chr8_25434656_A_C_b38	1	1.32453e-02	1.084e-01	1.710e-02
chr8_25449038_C_G_b38	1	1.17761e-02	1.060e-01	1.706e-02
chr8_25460308_A_T_b38	1	1.15119e-02	1.037e-01	1.724e-02
chr8_25446014_A_T_b38	1	1.05775e-02	1.079e-01	1.712e-02
chr8_25447390_G_T_b38	1	1.05775e-02	1.079e-01	1.712e-02
chr8_25447182_C_T_b38	1	1.05775e-02	1.079e-01	1.712e-02
chr8_25436831_A_G_b38	1	1.05775e-02	1.079e-01	1.712e-02
chr8_25439227_T_TA_b38	1	1.05775e-02	1.079e-01	1.712e-02
chr8_25441379_A_G_b38	1	1.05775e-02	1.079e-01	1.712e-02
chr8_25436836_C_T_b38	1	1.05775e-02	1.079e-01	1.712e-02
chr8_25442628_A_C_b38	1	1.05775e-02	1.079e-01	1.712e-02
chr8_25447592_G_A_b38	1	1.05775e-02	1.079e-01	1.712e-02
chr8_25439414_C_T_b38	1	1.05775e-02	1.079e-01	1.712e-02
chr8_25441194_G_C_b38	1	1.05775e-02	1.079e-01	1.712e-02
chr8_25440090_A_G_b38	1	9.86737e-03	1.076e-01	1.712e-02
chr8_25459273_A_G_b38	1	8.38213e-03	1.002e-01	1.718e-02
chr8_25443471_T_TA_b38	1	8.10714e-03	1.086e-01	1.735e-02
chr8_25459145_G_T_b38	1	7.92514e-03	9.978e-02	1.714e-02
chr8_25468214_T_C_b38	1	7.00206e-03	1.091e-01	1.786e-02
chr8_25462673_G_A_b38	1	6.82441e-03	1.037e-01	1.723e-02
chr8_25460986_G_C_b38	1	6.82441e-03	1.037e-01	1.723e-02
chr8_25443241_T_TA_b38	1	6.62395e-03	1.061e-01	1.706e-02
chr8_25444963_T_C_b38	1	6.58382e-03	1.129e-01	1.813e-02
chr8_25445411_G_A_b38	1	6.41347e-03	1.060e-01	1.706e-02
chr8_25446913_G_C_b38	1	6.41347e-03	1.060e-01	1.706e-02
chr8_25445897_T_C_b38	1	6.41347e-03	1.060e-01	1.706e-02
chr8_25459906_G_A_b38	1	6.24969e-03	1.013e-01	1.717e-02
chr8_25459808_G_C_b38	1	6.24969e-03	1.013e-01	1.717e-02
chr8_25460056_T_C_b38	1	6.24969e-03	1.013e-01	1.717e-02
chr8_25459945_G_A_b38	1	6.24969e-03	1.013e-01	1.717e-02
chr8_25459785_A_T_b38	1	6.24969e-03	1.013e-01	1.717e-02
chr8_25465374_T_TTAG_b38	1	5.67568e-03	1.085e-01	1.788e-02
chr8_25457344_A_G_b38	1	5.57736e-03	-1.007e-01	1.712e-02
chr8_25467827_G_A_b38	1	5.25576e-03	1.041e-01	1.721e-02
chr8_25454518_A_G_b38	1	4.94382e-03	1.013e-01	1.701e-02
chr8_25471251_C_A_b38	1	4.66505e-03	1.102e-01	1.786e-02
chr8_25441159_A_G_b38	1	4.65986e-03	1.109e-01	1.800e-02
chr8_25464769_G_A_b38	1	4.41125e-03	1.037e-01	1.723e-02
chr8_25463765_T_C_b38	1	4.41125e-03	1.037e-01	1.723e-02
chr8_25455940_C_T_b38	1	4.23566e-03	-1.012e-01	1.707e-02
chr8_25449209_A_G_b38	1	4.06193e-03	1.032e-01	1.715e-02
chr8_25450766_C_T_b38	1	4.06193e-03	1.032e-01	1.715e-02
chr8_25467625_C_T_b38	1	3.08468e-03	1.065e-01	1.789e-02
chr8_25470996_T_C_b38	1	2.94309e-03	1.048e-01	1.724e-02
chr8_25470641_T_C_b38	1	2.94309e-03	1.048e-01	1.724e-02
chr8_25466546_C_T_b38	1	2.93798e-03	-1.027e-01	1.727e-02
chr8_25434181_T_C_b38	1	2.75971e-03	1.037e-01	1.713e-02
chr8_25450282_G_A_b38	1	2.64367e-03	-1.025e-01	1.725e-02
chr8_25472768_T_A_b38	1	2.31100e-03	1.047e-01	1.733e-02
chr8_25471436_T_C_b38	1	2.31100e-03	1.047e-01	1.733e-02
chr8_25460098_T_G_b38	1	2.21760e-03	1.018e-01	1.784e-02
chr8_25459782_T_G_b38	1	2.21760e-03	1.018e-01	1.784e-02
chr8_25447226_C_T_b38	1	2.20721e-03	1.032e-01	1.714e-02
chr8_25436342_C_T_b38	1	2.20721e-03	1.032e-01	1.714e-02
chr8_25482352_T_G_b38	1	2.08331e-03	1.037e-01	1.723e-02
chr8_25481631_A_T_b38	1	2.08331e-03	1.037e-01	1.723e-02
chr8_25480993_A_G_b38	1	2.08331e-03	1.037e-01	1.723e-02
chr8_25479112_T_C_b38	1	1.78646e-03	1.037e-01	1.731e-02
chr8_25483317_G_A_b38	1	1.71559e-03	1.069e-01	1.785e-02
chr8_25475047_C_T_b38	1	1.63841e-03	1.076e-01	1.801e-02
chr8_25437263_T_C_b38	1	1.55366e-03	-1.025e-01	1.722e-02
chr8_25446708_T_C_b38	1	1.55366e-03	-1.025e-01	1.722e-02
chr8_25447357_A_G_b38	1	1.55366e-03	-1.025e-01	1.722e-02
chr8_25422001_TA_T_b38	1	1.43501e-03	1.051e-01	1.715e-02
chr8_25417772_GGT_G_b38	1	1.43501e-03	1.051e-01	1.715e-02
chr8_25430898_C_T_b38	1	1.42455e-03	1.117e-01	1.822e-02
chr8_25476000_A_G_b38	1	1.37183e-03	1.072e-01	1.803e-02
chr8_25478710_T_C_b38	1	1.37183e-03	1.072e-01	1.803e-02
chr8_25474284_G_C_b38	1	1.32010e-03	-1.033e-01	1.741e-02
chr8_25475084_G_T_b38	1	1.32010e-03	-1.033e-01	1.741e-02
chr8_25477838_G_A_b38	1	1.32010e-03	-1.033e-01	1.741e-02
chr8_25468015_G_A_b38	1	1.23301e-03	-1.008e-01	1.744e-02
chr8_25482557_G_T_b38	1	1.16782e-03	-1.022e-01	1.730e-02
chr8_25430495_C_T_b38	1	8.91345e-04	1.032e-01	1.710e-02
chr8_25433271_CT_C_b38	1	8.91345e-04	1.032e-01	1.710e-02
chr8_25425333_A_G_b38	1	7.99781e-04	1.032e-01	1.714e-02
chr8_25485106_AAGC_A_b38	1	7.53964e-04	1.032e-01	1.714e-02
chr8_25470642_A_G_b38	1	7.22439e-04	-1.015e-01	1.744e-02
chr8_25476580_T_C_b38	1	6.57405e-04	-1.023e-01	1.763e-02
chr8_25458321_G_A_b38	2	2.11254e-02	4.856e-02	3.825e-02
chr8_25441223_C_G_b38	2	2.80431e-03	7.478e-02	3.349e-02
chr8_25470055_A_G_b38	2	8.76282e-04	5.549e-02	3.395e-02
chr8_25456078_T_C_b38	3	1.35761e-04	0.000e+00	0.000e+00
chr8_25462766_T_C_b38	3	4.96675e-05	0.000e+00	0.000e+00
chr8_25455198_C_G_b38	3	4.61282e-05	0.000e+00	0.000e+00
chr8_25467006_C_T_b38	3	1.88433e-05	0.000e+00	0.000e+00
chr8_25451596_T_C_b38	3	1.88361e-05	0.000e+00	0.000e+00
chr8_25452903_A_G_b38	3	1.71538e-05	0.000e+00	0.000e+00
chr8_25467311_T_C_b38	3	1.70988e-05	0.000e+00	0.000e+00
chr8_25466137_T_C_b38	3	1.70988e-05	0.000e+00	0.000e+00
chr8_25472009_G_C_b38	3	2.40826e-10	0.000e+00	0.000e+00
chr8_25468624_C_T_b38	3	2.40826e-10	0.000e+00	0.000e+00
chr8_25482259_A_G_b38	3	2.40826e-10	0.000e+00	0.000e+00
chr8_25480443_A_G_b38	3	2.40826e-10	0.000e+00	0.000e+00
chr8_25443349_C_T_b38	3	2.35481e-10	0.000e+00	0.000e+00
chr8_25446504_C_T_b38	3	2.34500e-10	0.000e+00	0.000e+00
chr8_25434386_G_A_b38	3	2.34255e-10	0.000e+00	0.000e+00
chr8_25484347_G_A_b38	3	1.16812e-10	0.000e+00	0.000e+00
chr8_25494667_A_G_b38	3	8.68500e-11	0.000e+00	0.000e+00
chr8_25489884_C_T_b38	3	8.67842e-11	0.000e+00	0.000e+00
chr8_25485729_T_C_b38	3	8.67842e-11	0.000e+00	0.000e+00
chr8_25497048_ACT_A_b38	3	8.60989e-11	0.000e+00	0.000e+00
chr8_25422157_T_C_b38	3	8.49708e-11	0.000e+00	0.000e+00
chr8_25418083_C_T_b38	3	8.48820e-11	0.000e+00	0.000e+00
chr8_25411979_T_C_b38	3	8.48820e-11	0.000e+00	0.000e+00
chr8_25413394_CAAACTT_C_b38	3	8.48820e-11	0.000e+00	0.000e+00
chr8_25411943_C_T_b38	3	8.48820e-11	0.000e+00	0.000e+00
chr8_25505359_G_A_b38	3	8.37923e-11	0.000e+00	0.000e+00
chr8_25508414_CAAG_C_b38	3	8.23268e-11	0.000e+00	0.000e+00
chr8_25499407_G_A_b38	3	8.23268e-11	0.000e+00	0.000e+00
chr8_25497855_C_T_b38	3	7.55807e-11	0.000e+00	0.000e+00
chr8_25545254_G_A_b38	3	3.31489e-11	0.000e+00	0.000e+00
chr8_25526119_C_T_b38	3	3.31489e-11	0.000e+00	0.000e+00
chr8_25547296_C_T_b38	3	3.31489e-11	0.000e+00	0.000e+00
chr8_25539972_TG_T_b38	3	3.31489e-11	0.000e+00	0.000e+00
chr8_25518084_C_CT_b38	3	3.31489e-11	0.000e+00	0.000e+00
chr8_25517394_C_T_b38	3	3.31489e-11	0.000e+00	0.000e+00
chr8_25525166_T_A_b38	3	3.31489e-11	0.000e+00	0.000e+00
chr8_25516586_T_G_b38	3	3.31489e-11	0.000e+00	0.000e+00
chr8_25542509_C_T_b38	3	3.31489e-11	0.000e+00	0.000e+00
chr8_25517504_C_T_b38	3	3.21204e-11	0.000e+00	0.000e+00
chr8_25531566_C_A_b38	3	3.18449e-11	0.000e+00	0.000e+00
chr8_25529457_C_T_b38	3	2.97026e-11	0.000e+00	0.000e+00
chr8_25395917_C_CA_b38	3	2.84091e-11	0.000e+00	0.000e+00
chr8_25399825_G_A_b38	3	2.84091e-11	0.000e+00	0.000e+00
chr8_25396320_T_G_b38	3	2.84091e-11	0.000e+00	0.000e+00
chr8_25395288_A_G_b38	3	2.84091e-11	0.000e+00	0.000e+00
chr8_25394474_T_C_b38	3	2.84091e-11	0.000e+00	0.000e+00
chr8_25394412_G_C_b38	3	2.84091e-11	0.000e+00	0.000e+00
chr8_25394150_G_A_b38	3	2.84091e-11	0.000e+00	0.000e+00
chr8_25388244_A_G_b38	3	2.84091e-11	0.000e+00	0.000e+00
chr8_25408266_AG_A_b38	3	2.83794e-11	0.000e+00	0.000e+00
chr8_25391580_G_C_b38	3	2.83794e-11	0.000e+00	0.000e+00
chr8_25407481_G_A_b38	3	2.83794e-11	0.000e+00	0.000e+00
chr8_25389261_G_C_b38	3	2.82253e-11	0.000e+00	0.000e+00
chr8_25396006_G_A_b38	3	2.80854e-11	0.000e+00	0.000e+00
