chr9_33677351_GT_G_b38	1	7.20628e-02	1.188e+00	1.990e-01
chr9_33676775_G_C_b38	1	7.20628e-02	1.188e+00	1.990e-01
chr9_33677476_C_T_b38	1	7.20628e-02	1.188e+00	1.990e-01
chr9_33677182_A_G_b38	1	7.20628e-02	1.188e+00	1.990e-01
chr9_33677151_G_C_b38	1	7.20628e-02	1.188e+00	1.990e-01
chr9_33677004_C_G_b38	1	7.20628e-02	1.188e+00	1.990e-01
chr9_33677170_T_TC_b38	1	7.20628e-02	1.188e+00	1.990e-01
chr9_33677341_A_C_b38	1	7.20628e-02	1.188e+00	1.990e-01
chr9_33676829_G_T_b38	1	7.20628e-02	1.188e+00	1.990e-01
chr9_33677187_G_C_b38	1	1.96221e-02	1.170e+00	2.028e-01
chr9_33679356_G_A_b38	1	1.39050e-02	1.183e+00	1.922e-01
chr9_33678307_G_A_b38	1	1.39050e-02	1.183e+00	1.922e-01
chr9_33679602_ATG_A_b38	1	1.39050e-02	1.183e+00	1.922e-01
chr9_33676175_C_T_b38	1	1.23861e-02	1.183e+00	1.922e-01
chr9_33672344_T_A_b38	1	9.24519e-03	1.182e+00	1.902e-01
chr9_33673798_C_A_b38	1	9.24519e-03	1.182e+00	1.902e-01
chr9_33672538_C_A_b38	1	9.24519e-03	1.182e+00	1.902e-01
chr9_33673937_C_T_b38	1	9.24519e-03	1.182e+00	1.902e-01
chr9_33672393_T_C_b38	1	9.24519e-03	1.182e+00	1.902e-01
chr9_33674503_C_T_b38	1	9.24519e-03	1.182e+00	1.902e-01
chr9_33673794_A_G_b38	1	9.24519e-03	1.182e+00	1.902e-01
chr9_33681811_G_A_b38	1	8.10938e-03	1.181e+00	1.890e-01
chr9_33679778_G_A_b38	1	8.10938e-03	1.181e+00	1.890e-01
chr9_33680994_T_C_b38	1	8.10938e-03	1.181e+00	1.890e-01
chr9_33680603_G_T_b38	1	8.10938e-03	1.181e+00	1.890e-01
chr9_33682137_C_CGT_b38	1	8.10938e-03	1.181e+00	1.890e-01
chr9_33682141_A_C_b38	1	8.10938e-03	1.181e+00	1.890e-01
chr9_33681450_A_C_b38	1	8.10938e-03	1.181e+00	1.890e-01
chr9_33684438_C_T_b38	1	7.20403e-03	1.043e+00	1.471e-01
chr9_33685399_G_A_b38	1	5.69642e-03	1.181e+00	1.890e-01
chr9_33683569_G_C_b38	1	5.69642e-03	1.181e+00	1.890e-01
chr9_33686112_A_G_b38	1	5.69642e-03	1.181e+00	1.890e-01
chr9_33684949_T_C_b38	1	5.69642e-03	1.181e+00	1.890e-01
chr9_33683742_T_C_b38	1	5.69642e-03	1.181e+00	1.890e-01
chr9_33687193_A_G_b38	1	5.69642e-03	1.181e+00	1.890e-01
chr9_33685837_C_T_b38	1	5.69642e-03	1.181e+00	1.890e-01
chr9_33683800_C_G_b38	1	5.69642e-03	1.181e+00	1.890e-01
chr9_33685273_C_T_b38	1	5.69642e-03	1.181e+00	1.890e-01
chr9_33667639_G_A_b38	1	4.83339e-03	1.181e+00	1.890e-01
chr9_33669134_G_A_b38	1	4.83339e-03	1.181e+00	1.890e-01
chr9_33667282_G_A_b38	1	4.83339e-03	1.181e+00	1.890e-01
chr9_33669651_A_G_b38	1	4.83339e-03	1.181e+00	1.890e-01
chr9_33669386_A_G_b38	1	4.83339e-03	1.181e+00	1.890e-01
chr9_33667496_T_A_b38	1	4.83339e-03	1.181e+00	1.890e-01
chr9_33669376_A_G_b38	1	4.83339e-03	1.181e+00	1.890e-01
chr9_33667566_C_T_b38	1	4.83339e-03	1.181e+00	1.890e-01
chr9_33666450_G_A_b38	1	4.81737e-03	1.116e+00	1.778e-01
chr9_33679508_G_A_b38	1	3.42141e-03	1.139e+00	1.735e-01
chr9_33662426_G_A_b38	1	2.69398e-03	1.180e+00	1.864e-01
chr9_33662916_C_G_b38	1	2.69398e-03	1.180e+00	1.864e-01
chr9_33663770_T_G_b38	1	2.69398e-03	1.180e+00	1.864e-01
chr9_33667157_T_C_b38	1	2.69398e-03	1.180e+00	1.864e-01
chr9_33662952_T_C_b38	1	2.69398e-03	1.180e+00	1.864e-01
chr9_33662595_G_A_b38	1	2.69398e-03	1.180e+00	1.864e-01
chr9_33663503_C_T_b38	1	2.69398e-03	1.180e+00	1.864e-01
chr9_33664734_C_G_b38	1	2.69398e-03	1.180e+00	1.864e-01
chr9_33662787_A_C_b38	1	2.69398e-03	1.180e+00	1.864e-01
chr9_33662085_G_T_b38	1	2.69398e-03	1.180e+00	1.864e-01
chr9_33662559_G_C_b38	1	2.69398e-03	1.180e+00	1.864e-01
chr9_33666718_T_C_b38	1	2.69398e-03	1.180e+00	1.864e-01
chr9_33687890_C_T_b38	1	2.55048e-03	1.180e+00	1.864e-01
chr9_33691385_A_C_b38	1	2.55048e-03	1.180e+00	1.864e-01
chr9_33688471_T_A_b38	1	2.55048e-03	1.180e+00	1.864e-01
chr9_33687631_C_T_b38	1	2.55048e-03	1.180e+00	1.864e-01
chr9_33687513_C_G_b38	1	2.55048e-03	1.180e+00	1.864e-01
chr9_33716806_A_C_b38	1	9.63804e-04	1.180e+00	1.864e-01
chr9_33710242_C_T_b38	1	9.63804e-04	1.180e+00	1.864e-01
chr9_33721195_C_T_b38	1	9.63804e-04	1.180e+00	1.864e-01
chr9_33719797_T_C_b38	1	9.63804e-04	1.180e+00	1.864e-01
chr9_33717760_A_T_b38	1	9.63804e-04	1.180e+00	1.864e-01
chr9_33681448_A_C_b38	1	8.89306e-04	1.048e+00	1.543e-01
chr9_33677084_G_A_b38	2	1.84538e-02	-6.532e-01	3.641e-01
chr9_33677385_GGCC_G_b38	2	1.50792e-02	-4.640e-01	3.355e-01
chr9_33675132_C_T_b38	2	3.02933e-03	-6.628e-01	3.663e-01
chr9_33686226_A_C_b38	2	1.16399e-03	-6.666e-01	3.640e-01
chr9_33669165_G_A_b38	2	9.05620e-04	-6.667e-01	3.640e-01
chr9_33668641_A_G_b38	2	9.05620e-04	-6.667e-01	3.640e-01
chr9_33667262_G_A_b38	2	4.68167e-04	-6.668e-01	3.641e-01
chr9_33663251_C_T_b38	2	4.68167e-04	-6.668e-01	3.641e-01
chr9_33690228_G_A_b38	2	4.30068e-04	-6.650e-01	3.631e-01
chr9_33701370_A_G_b38	2	4.30068e-04	-6.650e-01	3.631e-01
chr9_33692397_C_G_b38	2	4.30068e-04	-6.650e-01	3.631e-01
chr9_33691075_G_A_b38	2	4.30068e-04	-6.650e-01	3.631e-01
chr9_33688184_C_T_b38	2	4.30068e-04	-6.650e-01	3.631e-01
chr9_33700437_T_G_b38	2	4.30068e-04	-6.650e-01	3.631e-01
chr9_33701988_A_G_b38	2	4.30068e-04	-6.650e-01	3.631e-01
chr9_33689673_A_G_b38	2	4.30068e-04	-6.650e-01	3.631e-01
chr9_33696246_G_T_b38	2	4.30068e-04	-6.650e-01	3.631e-01
chr9_33722539_T_TG_b38	2	1.85820e-04	-5.640e-01	2.824e-01
chr9_33715040_CCAACAACAGCAAAACACACCT_C_b38	2	1.81303e-04	-6.779e-01	3.484e-01
chr9_33720861_G_A_b38	2	1.62519e-04	-6.650e-01	3.631e-01
chr9_33720182_C_T_b38	2	1.62519e-04	-6.650e-01	3.631e-01
chr9_33716970_G_C_b38	2	1.62519e-04	-6.650e-01	3.631e-01
chr9_33718727_TTG_T_b38	2	1.62519e-04	-6.650e-01	3.631e-01
chr9_33677112_A_AC_b38	3	9.99718e-05	0.000e+00	0.000e+00
chr9_33677602_T_C_b38	3	9.99718e-05	0.000e+00	0.000e+00
chr9_33678401_T_C_b38	3	2.34925e-05	0.000e+00	0.000e+00
chr9_33678487_T_G_b38	3	2.06458e-05	0.000e+00	0.000e+00
chr9_33679275_T_C_b38	3	1.00184e-05	0.000e+00	0.000e+00
chr9_33678415_A_C_b38	3	9.41254e-06	0.000e+00	0.000e+00
chr9_33675631_A_C_b38	3	1.34162e-10	0.000e+00	0.000e+00
chr9_33672809_A_C_b38	3	1.00394e-10	0.000e+00	0.000e+00
chr9_33673110_G_A_b38	3	1.00394e-10	0.000e+00	0.000e+00
chr9_33676096_C_G_b38	3	8.75558e-11	0.000e+00	0.000e+00
chr9_33670492_C_G_b38	3	5.25648e-11	0.000e+00	0.000e+00
chr9_33663513_C_T_b38	3	2.72337e-11	0.000e+00	0.000e+00
chr9_33666011_C_T_b38	3	2.72337e-11	0.000e+00	0.000e+00
chr9_33685856_T_C_b38	3	9.74031e-12	0.000e+00	0.000e+00
chr9_33683715_T_C_b38	3	9.74031e-12	0.000e+00	0.000e+00
chr9_33683351_T_A_b38	3	9.74031e-12	0.000e+00	0.000e+00
chr9_33686197_C_T_b38	3	8.00484e-12	0.000e+00	0.000e+00
chr9_33683259_T_C_b38	3	8.00484e-12	0.000e+00	0.000e+00
chr9_33669771_A_C_b38	3	7.78316e-12	0.000e+00	0.000e+00
chr9_33669755_A_C_b38	3	7.68847e-12	0.000e+00	0.000e+00
chr9_33696955_C_T_b38	3	7.59313e-12	0.000e+00	0.000e+00
chr9_33668657_T_G_b38	3	6.71831e-12	0.000e+00	0.000e+00
chr9_33717708_C_T_b38	3	6.50447e-12	0.000e+00	0.000e+00
chr9_33705622_C_T_b38	3	6.50447e-12	0.000e+00	0.000e+00
chr9_33710527_G_C_b38	3	6.50447e-12	0.000e+00	0.000e+00
chr9_33690594_C_A_b38	3	5.61317e-12	0.000e+00	0.000e+00
chr9_33688273_G_A_b38	3	4.59926e-12	0.000e+00	0.000e+00
chr9_33692591_G_A_b38	3	4.37524e-12	0.000e+00	0.000e+00
chr9_33698106_C_G_b38	3	4.37524e-12	0.000e+00	0.000e+00
chr9_33663110_C_T_b38	3	3.91879e-12	0.000e+00	0.000e+00
chr9_33663112_C_A_b38	3	3.91879e-12	0.000e+00	0.000e+00
chr9_33662391_A_G_b38	3	3.91879e-12	0.000e+00	0.000e+00
chr9_33662183_TCTGTAGCCCCAA_T_b38	3	3.82584e-12	0.000e+00	0.000e+00
chr9_33638048_G_C_b38	3	3.56713e-12	0.000e+00	0.000e+00
chr9_33725600_C_T_b38	3	2.46780e-12	0.000e+00	0.000e+00
chr9_33724896_A_T_b38	3	2.46780e-12	0.000e+00	0.000e+00
chr9_33723378_A_G_b38	3	1.97056e-12	0.000e+00	0.000e+00
chr9_33726232_G_A_b38	3	1.97056e-12	0.000e+00	0.000e+00
chr9_33722660_T_C_b38	3	1.97056e-12	0.000e+00	0.000e+00
chr9_33715240_T_C_b38	3	1.73802e-12	0.000e+00	0.000e+00
chr9_33719279_C_G_b38	3	1.73802e-12	0.000e+00	0.000e+00
chr9_33715823_T_G_b38	3	1.73802e-12	0.000e+00	0.000e+00
chr9_33706395_A_G_b38	3	1.65336e-12	0.000e+00	0.000e+00
chr9_33703777_T_C_b38	3	1.65336e-12	0.000e+00	0.000e+00
chr9_33713111_TA_T_b38	3	1.65336e-12	0.000e+00	0.000e+00
chr9_33708509_A_G_b38	3	1.64778e-12	0.000e+00	0.000e+00
chr9_33702341_G_A_b38	3	1.54357e-12	0.000e+00	0.000e+00
chr9_33706454_G_T_b38	3	1.54357e-12	0.000e+00	0.000e+00
chr9_33711038_G_GAATA_b38	3	1.54357e-12	0.000e+00	0.000e+00
