chr1_25430369_T_C_b38	1	1.56968e-01	3.832e-01	6.589e-02
chr1_25361410_T_C_b38	1	6.10403e-02	-4.329e-01	5.385e-02
chr1_25358993_G_A_b38	1	6.10403e-02	-4.329e-01	5.385e-02
chr1_25351353_T_A_b38	1	6.10403e-02	-4.329e-01	5.385e-02
chr1_25342223_T_C_b38	1	6.10403e-02	-4.329e-01	5.385e-02
chr1_25431505_A_G_b38	1	5.10580e-02	3.894e-01	5.669e-02
chr1_25421866_T_C_b38	1	4.92102e-02	4.087e-01	6.262e-02
chr1_25361785_A_G_b38	1	3.90433e-02	4.216e-01	5.197e-02
chr1_25428523_G_A_b38	1	3.31093e-02	3.816e-01	5.780e-02
chr1_25416125_G_A_b38	1	2.97434e-02	4.102e-01	5.614e-02
chr1_25416115_C_T_b38	1	2.97434e-02	4.102e-01	5.614e-02
chr1_25382767_A_C_b38	1	2.82932e-02	4.208e-01	5.385e-02
chr1_25341835_C_T_b38	1	2.61796e-02	-4.212e-01	5.190e-02
chr1_25397655_T_C_b38	1	2.44394e-02	4.128e-01	5.381e-02
chr1_25371863_T_C_b38	1	2.25432e-02	4.163e-01	5.128e-02
chr1_25391350_G_A_b38	1	1.98302e-02	4.155e-01	5.272e-02
chr1_25426126_A_G_b38	1	1.63521e-02	3.929e-01	5.837e-02
chr1_25400995_T_C_b38	1	1.12620e-02	4.100e-01	5.289e-02
chr1_25400345_C_T_b38	1	1.10175e-02	3.965e-01	5.424e-02
chr1_25422304_G_A_b38	1	1.08659e-02	3.830e-01	5.276e-02
chr1_25425141_C_T_b38	1	1.08659e-02	3.830e-01	5.276e-02
chr1_25417977_C_T_b38	1	1.05106e-02	3.881e-01	5.267e-02
chr1_25421164_C_T_b38	1	8.51601e-03	3.812e-01	5.235e-02
chr1_25377285_A_G_b38	1	7.96487e-03	4.191e-01	5.163e-02
chr1_25420072_C_T_b38	1	6.83273e-03	3.873e-01	5.101e-02
chr1_25416094_A_T_b38	1	6.77498e-03	3.878e-01	5.114e-02
chr1_25420739_G_C_b38	1	6.44902e-03	3.767e-01	5.068e-02
chr1_25427649_C_G_b38	1	5.64614e-03	3.759e-01	5.508e-02
chr1_25426560_T_C_b38	1	5.64614e-03	3.759e-01	5.508e-02
chr1_25427147_C_T_b38	1	5.64614e-03	3.759e-01	5.508e-02
chr1_25421155_G_A_b38	1	5.54446e-03	3.812e-01	5.078e-02
chr1_25395599_A_G_b38	1	5.43563e-03	3.916e-01	4.967e-02
chr1_25395715_T_C_b38	1	5.43563e-03	3.916e-01	4.967e-02
chr1_25421082_C_T_b38	1	5.34697e-03	3.807e-01	5.062e-02
chr1_25414356_A_C_b38	1	4.63848e-03	3.876e-01	5.042e-02
chr1_25415138_C_A_b38	1	4.59590e-03	3.949e-01	5.138e-02
chr1_25434800_T_C_b38	1	3.63930e-03	3.728e-01	5.317e-02
chr1_25422968_C_T_b38	1	2.99148e-03	3.778e-01	5.087e-02
chr1_25392744_A_C_b38	1	2.83478e-03	3.936e-01	5.043e-02
chr1_25393108_T_A_b38	1	2.83478e-03	3.936e-01	5.043e-02
chr1_25474918_C_T_b38	1	2.45612e-03	-3.987e-01	5.069e-02
chr1_25456575_A_G_b38	1	2.45612e-03	-3.987e-01	5.069e-02
chr1_25469095_GGC_G_b38	1	2.45612e-03	-3.987e-01	5.069e-02
chr1_25468401_A_G_b38	1	2.45612e-03	-3.987e-01	5.069e-02
chr1_25466424_G_A_b38	1	2.45612e-03	-3.987e-01	5.069e-02
chr1_25460822_G_A_b38	1	2.45612e-03	-3.987e-01	5.069e-02
chr1_25437686_A_G_b38	1	2.20614e-03	3.746e-01	4.940e-02
chr1_25436314_A_AT_b38	1	2.20614e-03	3.746e-01	4.940e-02
chr1_25434429_C_T_b38	1	2.03221e-03	3.651e-01	4.996e-02
chr1_25393020_T_C_b38	1	1.91951e-03	3.853e-01	4.922e-02
chr1_25393554_G_C_b38	1	1.91951e-03	3.853e-01	4.922e-02
chr1_25400947_C_T_b38	1	1.72611e-03	3.952e-01	5.058e-02
chr1_25404222_G_A_b38	1	1.72611e-03	3.952e-01	5.058e-02
chr1_25420908_G_T_b38	1	1.64437e-03	3.779e-01	4.999e-02
chr1_25421744_G_A_b38	1	1.64437e-03	3.779e-01	4.999e-02
chr1_25416624_C_T_b38	1	1.55142e-03	3.785e-01	4.947e-02
chr1_25418713_G_T_b38	1	1.55142e-03	3.785e-01	4.947e-02
chr1_25417674_C_T_b38	1	1.55142e-03	3.785e-01	4.947e-02
chr1_25418570_T_C_b38	1	1.55142e-03	3.785e-01	4.947e-02
chr1_25432164_G_A_b38	2	2.52131e-03	7.143e-02	1.838e-01
chr1_25439997_A_G_b38	2	2.51971e-03	2.309e-01	2.057e-01
chr1_25435433_A_T_b38	2	2.51971e-03	2.309e-01	2.057e-01
chr1_25431643_A_G_b38	2	2.50850e-03	8.439e-02	1.488e-01
chr1_25427074_G_A_b38	2	2.22602e-03	1.450e-01	1.930e-01
chr1_25439974_T_C_b38	2	2.18389e-03	1.853e-01	2.425e-01
chr1_25438992_A_G_b38	2	2.18389e-03	1.853e-01	2.425e-01
chr1_25436411_A_T_b38	2	1.82264e-03	1.951e-01	1.842e-01
chr1_25473190_CTCTG_C_b38	2	1.62338e-03	-3.642e-01	1.234e-01
chr1_25386743_A_T_b38	2	1.55938e-03	3.149e-01	1.259e-01
chr1_25454177_C_T_b38	2	1.45137e-03	-2.464e-01	2.393e-01
chr1_25454662_A_G_b38	2	1.45137e-03	-2.464e-01	2.393e-01
chr1_25452745_T_G_b38	2	1.45137e-03	2.464e-01	2.393e-01
chr1_25440132_A_G_b38	2	1.42454e-03	1.559e-01	1.889e-01
chr1_25412573_G_A_b38	2	1.41973e-03	2.725e-01	1.650e-01
chr1_25419154_C_T_b38	2	1.41973e-03	2.725e-01	1.650e-01
chr1_25389394_C_A_b38	2	1.39748e-03	3.511e-01	1.083e-01
chr1_25382613_C_G_b38	2	1.39748e-03	3.511e-01	1.083e-01
chr1_25452476_T_A_b38	2	1.32632e-03	2.400e-01	2.382e-01
chr1_25413699_C_T_b38	2	1.27629e-03	2.597e-01	1.675e-01
chr1_25452758_G_A_b38	2	1.17717e-03	2.581e-01	1.861e-01
chr1_25449852_C_G_b38	2	1.08521e-03	2.504e-01	1.935e-01
chr1_25449242_A_T_b38	2	1.08521e-03	2.504e-01	1.935e-01
chr1_25440010_C_CT_b38	2	1.08335e-03	1.063e-01	1.874e-01
chr1_25427534_C_G_b38	2	1.08184e-03	4.293e-02	7.909e-02
chr1_25394663_A_G_b38	2	1.01263e-03	3.310e-01	1.257e-01
chr1_25253604_G_A_b38	2	9.84817e-04	-4.179e-01	5.825e-02
chr1_25357521_C_T_b38	2	9.64451e-04	3.739e-01	8.323e-02
chr1_25442446_A_G_b38	2	9.31720e-04	2.023e-01	2.420e-01
chr1_25441118_G_A_b38	2	9.31720e-04	2.023e-01	2.420e-01
chr1_25442718_G_GA_b38	2	9.31720e-04	2.023e-01	2.420e-01
chr1_25442730_A_T_b38	2	9.31720e-04	2.023e-01	2.420e-01
chr1_25503497_C_T_b38	2	8.98208e-04	-3.923e-01	6.906e-02
chr1_25350444_G_T_b38	2	8.09733e-04	3.739e-01	8.614e-02
chr1_25397875_G_A_b38	2	7.75277e-04	3.395e-01	1.157e-01
chr1_25405059_C_T_b38	2	7.46173e-04	2.945e-01	2.729e-01
chr1_25400895_C_T_b38	2	7.46173e-04	2.945e-01	2.729e-01
chr1_25443697_C_G_b38	2	6.40894e-04	1.035e-01	2.747e-01
chr1_25451252_C_T_b38	2	6.13448e-04	1.788e-01	1.861e-01
chr1_25451615_C_T_b38	2	6.13448e-04	1.788e-01	1.861e-01
chr1_25452341_G_A_b38	2	6.13448e-04	1.788e-01	1.861e-01
chr1_25448152_CTT_C_b38	2	5.91737e-04	1.741e-01	1.895e-01
chr1_25462796_G_GT_b38	2	5.12062e-04	-2.991e-01	2.057e-01
chr1_25464913_A_T_b38	2	5.12062e-04	-2.991e-01	2.057e-01
chr1_25476604_G_C_b38	2	5.12062e-04	-2.991e-01	2.057e-01
chr1_25458960_A_G_b38	2	5.12062e-04	-2.991e-01	2.057e-01
chr1_25463707_A_T_b38	2	5.12062e-04	-2.991e-01	2.057e-01
chr1_25458060_G_A_b38	2	5.12062e-04	-2.991e-01	2.057e-01
chr1_25457827_A_G_b38	2	5.12062e-04	-2.991e-01	2.057e-01
chr1_25465415_G_A_b38	2	5.12062e-04	-2.991e-01	2.057e-01
chr1_25465571_G_T_b38	2	5.12062e-04	-2.991e-01	2.057e-01
chr1_25466474_C_T_b38	2	5.12062e-04	-2.991e-01	2.057e-01
chr1_25393713_G_T_b38	2	4.54068e-04	2.137e-01	2.780e-01
chr1_25445224_A_G_b38	2	4.28232e-04	1.180e-01	1.934e-01
chr1_25348294_C_T_b38	2	4.27966e-04	3.626e-01	9.252e-02
chr1_25348422_C_T_b38	2	4.27966e-04	3.626e-01	9.252e-02
chr1_25404426_T_G_b38	2	4.09519e-04	2.680e-01	2.568e-01
chr1_25457332_A_G_b38	2	3.82987e-04	-3.187e-01	1.360e-01
chr1_25464254_A_G_b38	2	3.82987e-04	-3.187e-01	1.360e-01
chr1_25397514_C_T_b38	2	3.58343e-04	3.090e-01	1.579e-01
chr1_25474299_C_T_b38	2	3.54176e-04	-3.069e-01	1.510e-01
chr1_25461707_T_C_b38	2	3.25432e-04	-2.875e-01	1.945e-01
chr1_25478252_T_A_b38	2	3.25432e-04	-2.875e-01	1.945e-01
chr1_25464716_A_G_b38	2	2.85990e-04	-3.134e-01	1.356e-01
chr1_25409878_C_T_b38	2	2.42877e-04	4.127e-02	7.915e-02
chr1_25393757_C_G_b38	2	2.41972e-04	2.800e-01	1.498e-01
chr1_25336580_C_G_b38	2	2.17104e-04	3.420e-01	1.017e-01
chr1_25341420_G_A_b38	2	2.07546e-04	3.504e-01	1.012e-01
chr1_25461931_A_G_b38	2	1.96304e-04	-2.768e-01	1.527e-01
chr1_25471632_G_A_b38	2	1.96304e-04	-2.768e-01	1.527e-01
chr1_25461934_C_A_b38	2	1.96304e-04	-2.768e-01	1.527e-01
chr1_25479621_T_C_b38	2	1.96304e-04	-2.768e-01	1.527e-01
chr1_25495711_A_C_b38	2	1.85160e-04	-3.488e-01	9.979e-02
chr1_25390648_C_T_b38	2	1.65010e-04	7.739e-02	2.596e-01
chr1_25526102_A_T_b38	2	1.63737e-04	-3.423e-01	1.075e-01
chr1_25483925_A_G_b38	2	1.48820e-04	-3.327e-01	1.437e-01
chr1_25486368_A_G_b38	2	1.48820e-04	-3.327e-01	1.437e-01
chr1_25484475_A_G_b38	2	1.48820e-04	-3.327e-01	1.437e-01
chr1_25495780_A_G_b38	2	1.48820e-04	-3.327e-01	1.437e-01
chr1_25482566_A_G_b38	2	1.44786e-04	-3.273e-01	1.733e-01
chr1_25495346_C_T_b38	2	1.44786e-04	-3.273e-01	1.733e-01
chr1_25499837_G_A_b38	2	1.44786e-04	-3.273e-01	1.733e-01
chr1_25501831_CCT_C_b38	2	1.44786e-04	-3.273e-01	1.733e-01
chr1_25523360_T_C_b38	2	1.15343e-04	-3.254e-01	1.208e-01
chr1_25495734_T_C_b38	2	1.08756e-04	-3.311e-01	1.204e-01
chr1_25523715_T_C_b38	2	1.00262e-04	-3.199e-01	1.241e-01
chr1_25518223_G_A_b38	2	8.58766e-05	-2.849e-01	1.257e-01
chr1_25502191_G_GCGT_b38	2	8.46286e-05	-2.986e-01	1.890e-01
chr1_25495197_G_T_b38	2	8.46286e-05	-2.986e-01	1.890e-01
chr1_25499290_G_A_b38	2	8.46286e-05	-2.986e-01	1.890e-01
chr1_25393597_G_A_b38	2	8.35371e-05	9.038e-02	7.977e-02
chr1_25500011_A_G_b38	2	7.36788e-05	-2.792e-01	2.275e-01
chr1_25528945_T_G_b38	2	7.19643e-05	-2.634e-01	1.342e-01
chr1_25393610_G_C_b38	2	7.17430e-05	7.345e-02	7.915e-02
chr1_25530263_G_C_b38	2	6.27152e-05	-3.857e-01	4.999e-02
chr1_25532533_G_T_b38	2	6.16250e-05	-3.958e-01	5.133e-02
chr1_25491214_C_T_b38	2	5.37969e-05	-2.949e-01	1.477e-01
chr1_25495180_G_T_b38	2	5.19651e-05	-2.601e-01	2.207e-01
chr1_25528603_A_G_b38	2	4.41349e-05	-2.289e-01	1.400e-01
chr1_25531592_G_A_b38	2	4.34463e-05	-3.843e-01	5.019e-02
chr1_25487320_C_A_b38	2	4.20947e-05	-2.768e-01	1.527e-01
chr1_25480604_T_C_b38	2	4.20947e-05	-2.768e-01	1.527e-01
chr1_25487129_T_C_b38	2	4.20947e-05	-2.768e-01	1.527e-01
chr1_25482457_T_C_b38	2	4.20947e-05	-2.768e-01	1.527e-01
chr1_25502267_T_C_b38	2	4.20947e-05	-2.768e-01	1.527e-01
chr1_25534025_G_A_b38	2	4.06409e-05	-3.843e-01	5.027e-02
chr1_25491907_G_A_b38	2	3.96218e-05	-2.078e-01	2.671e-01
chr1_25523451_C_T_b38	2	3.92777e-05	-2.714e-01	1.555e-01
chr1_25504408_C_T_b38	2	3.34693e-05	-2.546e-01	1.805e-01
chr1_25526432_A_G_b38	2	2.71716e-05	-1.084e-01	9.152e-02
chr1_25526729_A_G_b38	2	2.30161e-05	-9.987e-02	9.226e-02
chr1_25514283_C_T_b38	2	2.20043e-05	-3.542e-01	4.906e-02
chr1_25515140_C_T_b38	2	2.20043e-05	-3.542e-01	4.906e-02
chr1_25511874_C_T_b38	2	1.63979e-05	0.000e+00	0.000e+00
chr1_25513555_T_C_b38	2	1.44759e-05	0.000e+00	0.000e+00
chr1_25513735_G_A_b38	2	1.44759e-05	0.000e+00	0.000e+00
chr1_25508241_T_G_b38	2	1.44759e-05	0.000e+00	0.000e+00
chr1_25516454_A_C_b38	2	1.31728e-05	0.000e+00	0.000e+00
chr1_25511541_T_C_b38	2	1.27587e-05	0.000e+00	0.000e+00
chr1_25506757_C_T_b38	2	1.23776e-05	0.000e+00	0.000e+00
chr1_25514712_A_G_b38	2	1.22913e-05	0.000e+00	0.000e+00
chr1_25512527_G_A_b38	2	1.21249e-05	0.000e+00	0.000e+00
chr1_25485055_T_A_b38	2	7.22381e-06	0.000e+00	0.000e+00
chr1_25491961_C_T_b38	2	6.96150e-06	0.000e+00	0.000e+00
chr1_25490356_T_C_b38	2	6.80449e-06	0.000e+00	0.000e+00
chr1_25490167_CATA_C_b38	2	6.80449e-06	0.000e+00	0.000e+00
chr1_25525486_A_G_b38	2	4.74519e-06	0.000e+00	0.000e+00
chr1_25428338_G_A_b38	3	2.23109e-05	0.000e+00	0.000e+00
