chr19_15895264_T_A_b38	1	2.87365e-02	-3.193e-01	6.844e-02
chr19_15893990_C_A_b38	1	2.61721e-02	-3.653e-01	7.805e-02
chr19_15896974_A_G_b38	1	2.27690e-02	-3.577e-01	7.709e-02
chr19_15896044_A_C_b38	1	2.27690e-02	-3.577e-01	7.709e-02
chr19_15897659_C_G_b38	1	2.27690e-02	-3.577e-01	7.709e-02
chr19_15897578_A_C_b38	1	2.27690e-02	-3.577e-01	7.709e-02
chr19_15895907_C_CATCT_b38	1	2.27690e-02	-3.577e-01	7.709e-02
chr19_15897447_T_C_b38	1	2.27690e-02	-3.577e-01	7.709e-02
chr19_15897702_A_G_b38	1	2.27690e-02	-3.577e-01	7.709e-02
chr19_15897831_A_AAGAG_b38	1	2.27690e-02	-3.577e-01	7.709e-02
chr19_15895291_T_C_b38	1	2.27673e-02	-3.577e-01	7.709e-02
chr19_15895368_A_G_b38	1	2.27673e-02	-3.577e-01	7.709e-02
chr19_15894193_C_T_b38	1	2.27640e-02	-3.577e-01	7.709e-02
chr19_15893586_C_G_b38	1	2.27640e-02	-3.577e-01	7.709e-02
chr19_15892841_T_C_b38	1	2.27640e-02	-3.577e-01	7.709e-02
chr19_15935668_G_T_b38	1	1.49531e-02	-2.885e-01	6.543e-02
chr19_15894206_G_A_b38	1	1.43788e-02	-3.519e-01	7.789e-02
chr19_15894486_C_T_b38	1	1.43788e-02	-3.519e-01	7.789e-02
chr19_15898317_G_T_b38	1	1.43788e-02	-3.519e-01	7.789e-02
chr19_15893561_A_T_b38	1	1.43788e-02	-3.519e-01	7.789e-02
chr19_15894805_A_T_b38	1	1.43788e-02	-3.519e-01	7.789e-02
chr19_15894209_T_C_b38	1	1.43788e-02	-3.519e-01	7.789e-02
chr19_15894764_C_T_b38	1	1.43788e-02	-3.519e-01	7.789e-02
chr19_15898797_T_A_b38	1	1.43788e-02	-3.519e-01	7.789e-02
chr19_15895603_G_A_b38	1	1.43788e-02	-3.519e-01	7.789e-02
chr19_15897624_A_G_b38	1	1.43788e-02	-3.519e-01	7.789e-02
chr19_15897289_T_C_b38	1	1.43788e-02	-3.519e-01	7.789e-02
chr19_15894294_C_T_b38	1	1.43788e-02	-3.519e-01	7.789e-02
chr19_15895867_ATCTG_A_b38	1	1.43788e-02	-3.519e-01	7.789e-02
chr19_15894467_G_T_b38	1	1.43788e-02	-3.519e-01	7.789e-02
chr19_15888817_C_T_b38	1	1.43788e-02	-3.519e-01	7.789e-02
chr19_15894466_G_C_b38	1	1.43788e-02	-3.519e-01	7.789e-02
chr19_15894422_A_G_b38	1	1.43788e-02	-3.519e-01	7.789e-02
chr19_15895801_T_C_b38	1	1.43788e-02	-3.519e-01	7.789e-02
chr19_15917047_A_T_b38	1	8.81375e-03	-3.344e-01	8.062e-02
chr19_15885198_C_T_b38	1	8.71886e-03	-3.545e-01	7.718e-02
chr19_15935081_G_A_b38	1	8.10277e-03	-2.864e-01	6.745e-02
chr19_15886726_G_C_b38	1	6.59974e-03	-3.519e-01	7.789e-02
chr19_15884978_C_T_b38	1	6.59974e-03	-3.519e-01	7.789e-02
chr19_15885482_A_G_b38	1	6.59974e-03	-3.519e-01	7.789e-02
chr19_15886612_A_C_b38	1	6.59974e-03	-3.519e-01	7.789e-02
chr19_15884338_G_A_b38	1	6.59974e-03	-3.519e-01	7.789e-02
chr19_15884995_A_T_b38	1	6.14534e-03	-3.474e-01	7.724e-02
chr19_15884997_C_CTACCATCT_b38	1	6.14534e-03	-3.474e-01	7.724e-02
chr19_15884994_C_CT_b38	1	6.14534e-03	-3.474e-01	7.724e-02
chr19_15886097_C_T_b38	1	6.14534e-03	-3.474e-01	7.724e-02
chr19_15867577_C_T_b38	1	3.46752e-03	-2.672e-01	6.208e-02
chr19_15870995_A_G_b38	1	2.87354e-03	-2.673e-01	6.285e-02
chr19_15938434_T_A_b38	1	2.80554e-03	-2.767e-01	6.485e-02
chr19_15954039_C_T_b38	1	2.80554e-03	-2.767e-01	6.485e-02
chr19_15943653_G_A_b38	1	2.80554e-03	-2.767e-01	6.485e-02
chr19_15954038_A_C_b38	1	2.80554e-03	-2.767e-01	6.485e-02
chr19_15954703_A_G_b38	1	2.80554e-03	-2.767e-01	6.485e-02
chr19_15934484_A_G_b38	1	2.21496e-03	-2.570e-01	6.655e-02
chr19_15866442_A_G_b38	1	2.16712e-03	-2.574e-01	6.173e-02
chr19_15874615_A_G_b38	1	2.10461e-03	-2.616e-01	6.282e-02
chr19_15868839_T_C_b38	1	1.84400e-03	-2.558e-01	6.204e-02
chr19_15881104_C_G_b38	1	1.82448e-03	-2.584e-01	6.271e-02
chr19_15867697_C_T_b38	1	1.82448e-03	-2.584e-01	6.271e-02
chr19_15869638_G_A_b38	1	1.82448e-03	-2.584e-01	6.271e-02
chr19_15872054_C_T_b38	1	1.82448e-03	-2.584e-01	6.271e-02
chr19_15867247_T_C_b38	1	1.82448e-03	-2.584e-01	6.271e-02
chr19_15866669_A_T_b38	1	1.82448e-03	-2.584e-01	6.271e-02
chr19_15877942_CTT_C_b38	1	1.82448e-03	-2.584e-01	6.271e-02
chr19_15870191_TC_T_b38	1	1.82448e-03	-2.584e-01	6.271e-02
chr19_15877610_G_C_b38	1	1.82448e-03	-2.584e-01	6.271e-02
chr19_15867754_G_A_b38	1	1.82448e-03	-2.584e-01	6.271e-02
chr19_15875837_C_T_b38	1	1.82448e-03	-2.584e-01	6.271e-02
chr19_15873698_C_T_b38	1	1.82448e-03	-2.584e-01	6.271e-02
chr19_15872170_G_GT_b38	1	1.82448e-03	-2.584e-01	6.271e-02
chr19_15871604_G_A_b38	1	1.82448e-03	-2.584e-01	6.271e-02
chr19_15872926_A_G_b38	1	1.82448e-03	-2.584e-01	6.271e-02
chr19_15867119_C_A_b38	1	1.82448e-03	-2.584e-01	6.271e-02
chr19_15871163_A_C_b38	1	1.82448e-03	-2.584e-01	6.271e-02
chr19_15871788_T_C_b38	1	1.82448e-03	-2.584e-01	6.271e-02
chr19_15871848_A_G_b38	1	1.82448e-03	-2.584e-01	6.271e-02
chr19_15868905_A_G_b38	1	1.82448e-03	-2.584e-01	6.271e-02
chr19_15870215_G_C_b38	1	1.82448e-03	-2.584e-01	6.271e-02
chr19_15876927_A_G_b38	1	1.82448e-03	-2.584e-01	6.271e-02
chr19_15869550_G_C_b38	1	1.82448e-03	-2.584e-01	6.271e-02
chr19_15877157_G_A_b38	1	1.82448e-03	-2.584e-01	6.271e-02
chr19_15867004_A_G_b38	1	1.82448e-03	-2.584e-01	6.271e-02
chr19_15872706_G_T_b38	1	1.82448e-03	-2.584e-01	6.271e-02
chr19_15871159_C_CA_b38	1	1.82448e-03	-2.584e-01	6.271e-02
chr19_15866635_G_A_b38	1	1.82448e-03	-2.584e-01	6.271e-02
chr19_15867831_T_G_b38	1	1.82448e-03	-2.584e-01	6.271e-02
chr19_15872141_G_T_b38	1	1.82448e-03	-2.584e-01	6.271e-02
chr19_15866604_T_C_b38	1	1.82448e-03	-2.584e-01	6.271e-02
chr19_15869682_T_G_b38	1	1.82448e-03	-2.584e-01	6.271e-02
chr19_15867776_C_T_b38	1	1.82448e-03	-2.584e-01	6.271e-02
chr19_15868891_G_T_b38	1	1.82448e-03	-2.584e-01	6.271e-02
chr19_15872889_T_TGCTG_b38	1	1.82448e-03	-2.584e-01	6.271e-02
chr19_15870090_A_G_b38	1	1.82448e-03	-2.584e-01	6.271e-02
chr19_15870316_C_T_b38	1	1.82448e-03	-2.584e-01	6.271e-02
chr19_15871897_T_C_b38	1	1.82448e-03	-2.584e-01	6.271e-02
chr19_15868183_G_C_b38	1	1.82448e-03	-2.584e-01	6.271e-02
chr19_15877848_T_C_b38	1	1.82448e-03	-2.584e-01	6.271e-02
chr19_15872891_A_G_b38	1	1.82448e-03	-2.584e-01	6.271e-02
chr19_15879061_T_A_b38	1	1.82448e-03	-2.584e-01	6.271e-02
chr19_15872779_C_T_b38	1	1.82448e-03	-2.584e-01	6.271e-02
chr19_15869873_T_C_b38	1	1.82448e-03	-2.584e-01	6.271e-02
chr19_15866768_T_C_b38	1	1.82448e-03	-2.584e-01	6.271e-02
chr19_15871890_C_T_b38	1	1.82448e-03	-2.584e-01	6.271e-02
chr19_15875578_G_A_b38	1	1.74209e-03	-2.571e-01	6.259e-02
chr19_15871950_T_C_b38	1	1.68503e-03	-2.581e-01	6.297e-02
chr19_15961048_C_A_b38	1	1.65662e-03	-2.686e-01	6.523e-02
chr19_15957995_G_C_b38	1	1.65662e-03	-2.686e-01	6.523e-02
chr19_15957481_A_G_b38	1	1.65662e-03	-2.686e-01	6.523e-02
chr19_15959828_G_A_b38	1	1.65662e-03	-2.686e-01	6.523e-02
chr19_15958856_T_C_b38	1	1.65662e-03	-2.686e-01	6.523e-02
chr19_15959650_G_T_b38	1	1.65662e-03	-2.686e-01	6.523e-02
chr19_15959826_G_A_b38	1	1.65662e-03	-2.686e-01	6.523e-02
chr19_15958119_T_C_b38	1	1.65662e-03	-2.686e-01	6.523e-02
chr19_15956741_A_G_b38	1	1.65662e-03	-2.686e-01	6.523e-02
chr19_15957668_G_T_b38	1	1.65662e-03	-2.686e-01	6.523e-02
chr19_15961082_T_C_b38	1	1.65662e-03	-2.686e-01	6.523e-02
chr19_15960351_G_C_b38	1	1.65662e-03	-2.686e-01	6.523e-02
chr19_15957877_A_C_b38	1	1.65662e-03	-2.686e-01	6.523e-02
chr19_15959448_C_G_b38	1	1.65662e-03	-2.686e-01	6.523e-02
chr19_15956751_C_T_b38	1	1.65662e-03	-2.686e-01	6.523e-02
chr19_15957061_C_A_b38	1	1.65662e-03	-2.686e-01	6.523e-02
chr19_15957104_T_C_b38	1	1.65662e-03	-2.686e-01	6.523e-02
chr19_15959983_G_A_b38	1	1.65662e-03	-2.686e-01	6.523e-02
chr19_15957263_A_G_b38	1	1.42257e-03	-2.622e-01	6.441e-02
chr19_15949211_C_T_b38	1	1.35617e-03	-2.615e-01	6.447e-02
chr19_15941092_T_C_b38	1	1.18096e-03	-2.592e-01	6.458e-02
chr19_15953421_G_A_b38	1	1.06944e-03	-2.551e-01	6.404e-02
chr19_15942551_C_G_b38	1	1.06944e-03	-2.551e-01	6.404e-02
chr19_15950935_TA_T_b38	1	1.06944e-03	-2.551e-01	6.404e-02
chr19_15945802_A_C_b38	1	1.06944e-03	-2.551e-01	6.404e-02
chr19_15941028_A_C_b38	1	1.06944e-03	-2.551e-01	6.404e-02
chr19_15949438_A_G_b38	1	1.06944e-03	-2.551e-01	6.404e-02
chr19_15947353_T_G_b38	1	1.06944e-03	-2.551e-01	6.404e-02
chr19_15944380_T_C_b38	1	1.06944e-03	-2.551e-01	6.404e-02
chr19_15949848_A_G_b38	1	1.06944e-03	-2.551e-01	6.404e-02
chr19_15940904_A_G_b38	1	1.06944e-03	-2.551e-01	6.404e-02
chr19_15944703_A_G_b38	1	1.06944e-03	-2.551e-01	6.404e-02
chr19_15944877_T_C_b38	1	1.06944e-03	-2.551e-01	6.404e-02
chr19_15952831_T_C_b38	1	1.06944e-03	-2.551e-01	6.404e-02
chr19_15945472_C_T_b38	1	1.06944e-03	-2.551e-01	6.404e-02
chr19_15938260_C_A_b38	1	1.06944e-03	-2.551e-01	6.404e-02
chr19_15951789_C_T_b38	1	1.06944e-03	-2.551e-01	6.404e-02
chr19_15953644_A_G_b38	1	1.06944e-03	-2.551e-01	6.404e-02
chr19_15951171_C_G_b38	1	1.06944e-03	-2.551e-01	6.404e-02
chr19_15954611_A_G_b38	1	1.06944e-03	-2.551e-01	6.404e-02
chr19_15940994_G_A_b38	1	1.06944e-03	-2.551e-01	6.404e-02
chr19_15940140_T_C_b38	1	1.06944e-03	-2.551e-01	6.404e-02
chr19_15943570_G_A_b38	1	1.06944e-03	-2.551e-01	6.404e-02
chr19_15947479_A_G_b38	1	1.06944e-03	-2.551e-01	6.404e-02
chr19_15948514_C_T_b38	1	1.06944e-03	-2.551e-01	6.404e-02
chr19_15953005_G_A_b38	1	1.06944e-03	-2.551e-01	6.404e-02
chr19_15943107_C_T_b38	1	1.06944e-03	-2.551e-01	6.404e-02
chr19_15944364_A_G_b38	1	1.06944e-03	-2.551e-01	6.404e-02
chr19_15941737_C_T_b38	1	1.06944e-03	-2.551e-01	6.404e-02
chr19_15943080_C_T_b38	1	1.06944e-03	-2.551e-01	6.404e-02
chr19_15944641_A_AG_b38	1	1.06944e-03	-2.551e-01	6.404e-02
chr19_15950806_G_A_b38	1	1.06944e-03	-2.551e-01	6.404e-02
chr19_15948696_A_G_b38	1	1.06944e-03	-2.551e-01	6.404e-02
chr19_15951772_G_A_b38	1	1.06944e-03	-2.551e-01	6.404e-02
chr19_15949307_C_A_b38	1	1.06944e-03	-2.551e-01	6.404e-02
chr19_15941856_G_A_b38	1	1.06944e-03	-2.551e-01	6.404e-02
chr19_15947993_G_C_b38	1	1.06944e-03	-2.551e-01	6.404e-02
chr19_15945647_G_A_b38	1	1.06944e-03	-2.551e-01	6.404e-02
chr19_15945422_C_T_b38	1	1.06944e-03	-2.551e-01	6.404e-02
chr19_15950938_G_T_b38	1	1.06944e-03	-2.551e-01	6.404e-02
chr19_15941142_C_A_b38	1	1.06944e-03	-2.551e-01	6.404e-02
chr19_15942333_C_A_b38	1	1.06944e-03	-2.551e-01	6.404e-02
chr19_15952588_C_G_b38	1	1.06944e-03	-2.551e-01	6.404e-02
chr19_15943009_TC_T_b38	1	1.06944e-03	-2.551e-01	6.404e-02
chr19_15940121_G_A_b38	1	1.06944e-03	-2.551e-01	6.404e-02
chr19_15953045_G_T_b38	1	1.06944e-03	-2.551e-01	6.404e-02
chr19_15950931_C_CTG_b38	1	1.06944e-03	-2.551e-01	6.404e-02
chr19_15950940_TAG_T_b38	1	1.06944e-03	-2.551e-01	6.404e-02
chr19_15863463_G_A_b38	1	9.95544e-04	-2.549e-01	6.464e-02
chr19_15869250_G_A_b38	1	7.97974e-04	-2.466e-01	6.362e-02
chr19_15962269_T_A_b38	1	5.66489e-04	-2.683e-01	6.510e-02
chr19_15962425_C_T_b38	1	5.66489e-04	-2.683e-01	6.510e-02
chr19_15962132_A_G_b38	1	5.66489e-04	-2.683e-01	6.510e-02
chr19_15955417_G_A_b38	1	4.97435e-04	-2.461e-01	6.554e-02
chr19_15956000_A_T_b38	1	4.65237e-04	-2.454e-01	6.573e-02
chr19_15954359_G_T_b38	1	4.65237e-04	-2.454e-01	6.573e-02
chr19_15958045_G_A_b38	1	4.65237e-04	-2.454e-01	6.573e-02
chr19_15960512_G_C_b38	1	4.65237e-04	-2.454e-01	6.573e-02
chr19_15961227_A_C_b38	1	4.65237e-04	-2.454e-01	6.573e-02
chr19_15956402_G_A_b38	1	4.65237e-04	-2.454e-01	6.573e-02
chr19_15956403_T_C_b38	1	4.65237e-04	-2.454e-01	6.573e-02
chr19_15955971_G_C_b38	1	4.65237e-04	-2.454e-01	6.573e-02
chr19_15954862_G_A_b38	1	4.65237e-04	-2.454e-01	6.573e-02
chr19_15955537_A_G_b38	1	4.65237e-04	-2.454e-01	6.573e-02
chr19_15961631_A_G_b38	1	4.65237e-04	-2.454e-01	6.573e-02
chr19_15954174_A_T_b38	1	4.65237e-04	-2.454e-01	6.573e-02
chr19_15869614_C_T_b38	1	4.53367e-04	-2.293e-01	6.201e-02
chr19_15959716_AT_A_b38	1	3.88419e-04	-2.420e-01	6.585e-02
chr19_15962943_G_T_b38	1	2.93013e-04	-2.512e-01	6.401e-02
chr19_15912301_T_A_b38	2	2.21221e-02	-1.741e-01	1.665e-01
chr19_15913626_A_T_b38	2	2.75716e-03	-1.660e-01	1.427e-01
chr19_15916358_G_A_b38	2	2.22805e-03	-2.054e-01	1.413e-01
chr19_15906223_A_T_b38	2	1.44902e-03	-2.071e-01	1.393e-01
chr19_15903454_T_C_b38	2	1.44902e-03	-2.071e-01	1.393e-01
chr19_15921138_C_A_b38	2	1.35181e-03	-2.071e-01	1.393e-01
chr19_15902915_C_A_b38	2	1.05481e-03	-1.595e-01	1.482e-01
chr19_15931092_A_G_b38	2	3.95238e-04	-9.284e-02	1.783e-01
chr19_15888788_A_G_b38	2	3.74344e-04	-1.554e-01	1.560e-01
chr19_15890405_C_A_b38	2	3.74344e-04	-1.554e-01	1.560e-01
chr19_15892942_T_C_b38	2	3.74344e-04	-1.554e-01	1.560e-01
chr19_15888614_G_T_b38	2	3.74344e-04	-1.554e-01	1.560e-01
chr19_15900424_C_T_b38	2	3.74344e-04	-1.554e-01	1.560e-01
chr19_15890819_G_A_b38	2	3.74344e-04	-1.554e-01	1.560e-01
chr19_15894711_G_T_b38	2	3.74344e-04	-1.554e-01	1.560e-01
chr19_15960080_G_A_b38	2	1.80135e-04	-2.415e-01	1.202e-01
chr19_15896068_C_CCA_b38	2	1.59425e-04	4.576e-02	2.033e-01
chr19_15883179_A_G_b38	2	1.39674e-04	0.000e+00	0.000e+00
chr19_15886506_C_T_b38	2	1.39674e-04	0.000e+00	0.000e+00
chr19_15959057_A_T_b38	2	1.08117e-04	0.000e+00	0.000e+00
chr19_15937666_C_T_b38	2	1.08117e-04	0.000e+00	0.000e+00
chr19_15958297_C_A_b38	2	1.08117e-04	0.000e+00	0.000e+00
chr19_15945571_T_C_b38	2	1.08117e-04	0.000e+00	0.000e+00
chr19_15954426_C_T_b38	2	1.08117e-04	0.000e+00	0.000e+00
chr19_15942909_G_A_b38	2	1.08117e-04	0.000e+00	0.000e+00
chr19_15871415_C_A_b38	2	1.23075e-05	0.000e+00	0.000e+00
chr19_15867248_G_A_b38	2	1.23075e-05	0.000e+00	0.000e+00
chr19_15873074_A_G_b38	2	1.23075e-05	0.000e+00	0.000e+00
chr19_15870591_G_A_b38	2	1.23075e-05	0.000e+00	0.000e+00
chr19_15873192_A_T_b38	2	1.23075e-05	0.000e+00	0.000e+00
chr19_15874060_C_T_b38	2	1.23075e-05	0.000e+00	0.000e+00
chr19_15947561_G_A_b38	2	3.28967e-06	0.000e+00	0.000e+00
chr19_15948673_A_G_b38	2	3.28967e-06	0.000e+00	0.000e+00
chr19_15951663_AG_A_b38	2	2.47698e-06	0.000e+00	0.000e+00
chr19_15912306_C_T_b38	3	2.34827e-04	-8.571e-03	7.142e-02
chr19_15911334_A_G_b38	3	2.30836e-04	-6.016e-03	7.013e-02
chr19_15911097_T_C_b38	3	6.21418e-05	-3.358e-02	6.425e-02
chr19_15911190_A_G_b38	3	6.21418e-05	-3.358e-02	6.425e-02
chr19_15912567_A_G_b38	3	5.99223e-05	1.514e-03	6.498e-02
chr19_15911078_G_A_b38	3	5.88078e-05	-3.358e-02	6.425e-02
chr19_15913852_G_C_b38	3	2.96746e-05	-6.038e-02	7.727e-02
chr19_15913964_A_G_b38	3	2.22815e-05	-2.759e-02	6.647e-02
chr19_15913929_A_G_b38	3	2.22815e-05	-2.759e-02	6.647e-02
chr19_15910732_C_CT_b38	3	1.92526e-05	-3.568e-02	6.390e-02
chr19_15909566_C_T_b38	3	1.90257e-05	-3.358e-02	6.425e-02
chr19_15909720_G_A_b38	3	1.90257e-05	-3.358e-02	6.425e-02
chr19_15909814_C_T_b38	3	1.82754e-05	-6.016e-03	7.013e-02
chr19_15907533_G_A_b38	3	1.40453e-05	1.617e-03	7.724e-02
chr19_15907240_A_C_b38	3	1.33593e-05	1.515e-02	7.076e-02
chr19_15907368_C_T_b38	3	1.31894e-05	-1.024e-02	7.051e-02
chr19_15909127_G_GC_b38	3	1.30605e-05	-6.016e-03	7.013e-02
chr19_15908171_C_A_b38	3	1.30605e-05	-6.016e-03	7.013e-02
chr19_15907063_T_C_b38	3	1.30605e-05	-6.016e-03	7.013e-02
chr19_15907064_G_A_b38	3	1.30605e-05	-6.016e-03	7.013e-02
chr19_15903033_T_C_b38	3	1.25912e-05	-6.627e-02	7.743e-02
chr19_15919648_G_T_b38	3	1.10507e-05	-5.851e-02	7.813e-02
chr19_15919683_C_T_b38	3	1.10507e-05	-5.851e-02	7.813e-02
chr19_15905477_C_T_b38	3	9.13979e-06	0.000e+00	0.000e+00
chr19_15906196_G_A_b38	3	9.13979e-06	0.000e+00	0.000e+00
chr19_15904974_C_G_b38	3	9.13979e-06	0.000e+00	0.000e+00
chr19_15902528_T_C_b38	3	9.03189e-06	0.000e+00	0.000e+00
chr19_15903563_T_C_b38	3	9.03189e-06	0.000e+00	0.000e+00
chr19_15903354_G_C_b38	3	9.03189e-06	0.000e+00	0.000e+00
chr19_15903752_G_A_b38	3	9.03189e-06	0.000e+00	0.000e+00
chr19_15903140_C_T_b38	3	9.03189e-06	0.000e+00	0.000e+00
chr19_15903183_T_C_b38	3	9.03189e-06	0.000e+00	0.000e+00
chr19_15903064_G_C_b38	3	9.03189e-06	0.000e+00	0.000e+00
chr19_15906807_G_A_b38	3	8.77934e-06	0.000e+00	0.000e+00
chr19_15906781_T_C_b38	3	8.77934e-06	0.000e+00	0.000e+00
chr19_15906003_AT_A_b38	3	8.77934e-06	0.000e+00	0.000e+00
chr19_15906317_G_T_b38	3	8.77934e-06	0.000e+00	0.000e+00
chr19_15904695_CTG_C_b38	3	8.76644e-06	0.000e+00	0.000e+00
chr19_15904644_C_CA_b38	3	8.76644e-06	0.000e+00	0.000e+00
chr19_15904841_A_T_b38	3	8.76644e-06	0.000e+00	0.000e+00
chr19_15905074_A_T_b38	3	8.76644e-06	0.000e+00	0.000e+00
chr19_15904832_G_C_b38	3	8.76644e-06	0.000e+00	0.000e+00
chr19_15904289_T_C_b38	3	8.76644e-06	0.000e+00	0.000e+00
chr19_15921833_A_C_b38	3	6.43867e-06	0.000e+00	0.000e+00
chr19_15928981_T_G_b38	3	6.24975e-06	0.000e+00	0.000e+00
chr19_15926663_G_T_b38	3	6.24975e-06	0.000e+00	0.000e+00
chr19_15925535_A_G_b38	3	6.24975e-06	0.000e+00	0.000e+00
chr19_15923904_A_G_b38	3	5.58993e-06	0.000e+00	0.000e+00
chr19_15900196_G_A_b38	3	5.19020e-06	0.000e+00	0.000e+00
chr19_15893728_G_A_b38	3	4.44458e-06	0.000e+00	0.000e+00
chr19_15900332_T_C_b38	3	3.74119e-06	0.000e+00	0.000e+00
chr19_15889356_C_T_b38	3	3.67843e-06	0.000e+00	0.000e+00
chr19_15885672_T_TG_b38	3	2.45051e-06	0.000e+00	0.000e+00
chr19_15883920_A_G_b38	3	2.45051e-06	0.000e+00	0.000e+00
chr19_15885539_A_T_b38	3	1.69714e-06	0.000e+00	0.000e+00
chr19_15885435_A_G_b38	3	1.69714e-06	0.000e+00	0.000e+00
chr19_15937203_A_G_b38	3	1.61524e-06	0.000e+00	0.000e+00
