chr10_122372406_C_G_b38	1	4.90654e-01	3.260e-01	8.784e-02
chr10_122379180_TCCTGTCAGTTTAC_T_b38	1	8.38751e-02	3.005e-01	7.787e-02
chr10_122390795_C_T_b38	1	6.78870e-02	3.081e-01	8.207e-02
chr10_122389425_C_T_b38	1	6.78870e-02	3.081e-01	8.207e-02
chr10_122367245_G_T_b38	1	3.67489e-02	2.652e-01	7.315e-02
chr10_122395494_G_A_b38	1	3.05754e-02	2.897e-01	8.109e-02
chr10_122394276_G_A_b38	1	3.05754e-02	2.897e-01	8.109e-02
chr10_122395110_C_T_b38	1	2.13356e-02	3.041e-01	7.652e-02
chr10_122395212_CTT_C_b38	1	2.13356e-02	3.041e-01	7.652e-02
chr10_122366517_C_T_b38	1	2.08211e-02	2.649e-01	7.874e-02
chr10_122369174_T_C_b38	1	1.25449e-02	2.400e-01	7.320e-02
chr10_122405700_C_A_b38	1	1.13624e-02	2.989e-01	8.309e-02
chr10_122423149_C_T_b38	1	4.37232e-03	2.888e-01	8.490e-02
chr10_122402030_C_T_b38	1	4.37232e-03	2.888e-01	8.490e-02
chr10_122400319_A_G_b38	1	4.37232e-03	2.888e-01	8.490e-02
chr10_122421621_C_A_b38	1	4.37232e-03	2.888e-01	8.490e-02
chr10_122368474_T_C_b38	2	1.26363e-01	-2.083e-01	6.162e-02
chr10_122371251_CAT_C_b38	2	1.14755e-01	-1.973e-01	6.144e-02
chr10_122368927_C_T_b38	2	6.87771e-02	-1.973e-01	6.146e-02
chr10_122375287_G_C_b38	2	6.41005e-02	-1.608e-01	5.450e-02
chr10_122383113_T_C_b38	2	4.98046e-02	-1.900e-01	6.127e-02
chr10_122390401_T_C_b38	2	4.10157e-02	-1.922e-01	5.798e-02
chr10_122397530_A_G_b38	2	3.77308e-02	-1.979e-01	6.089e-02
chr10_122388651_A_G_b38	2	3.73008e-02	-1.874e-01	5.622e-02
chr10_122398321_CT_C_b38	2	3.41184e-02	-1.929e-01	5.993e-02
chr10_122390826_C_CTGGA_b38	2	1.80984e-02	-1.789e-01	5.772e-02
chr10_122398342_G_C_b38	2	1.80984e-02	-1.789e-01	5.772e-02
chr10_122398305_T_C_b38	2	1.80984e-02	-1.789e-01	5.772e-02
chr10_122379877_C_T_b38	2	1.36446e-02	-1.607e-01	5.636e-02
chr10_122396082_G_GT_b38	2	1.03504e-02	-1.679e-01	5.603e-02
chr10_122388123_G_A_b38	2	1.03504e-02	-1.679e-01	5.603e-02
chr10_122395865_C_T_b38	2	1.03504e-02	-1.679e-01	5.603e-02
chr10_122389249_G_T_b38	2	6.36236e-03	-1.643e-01	5.674e-02
chr10_122421250_C_T_b38	2	4.79035e-03	-1.852e-01	6.205e-02
chr10_122413396_A_G_b38	2	2.89422e-03	-1.720e-01	5.899e-02
chr10_122412592_A_G_b38	2	2.72667e-03	-1.744e-01	6.089e-02
chr10_122412341_T_C_b38	2	2.72667e-03	-1.744e-01	6.089e-02
chr10_122427198_C_T_b38	2	1.85228e-03	-1.975e-01	6.577e-02
chr10_122421062_C_A_b38	2	1.63869e-03	-1.636e-01	5.829e-02
chr10_122416936_G_A_b38	2	1.63869e-03	-1.636e-01	5.829e-02
chr10_122407996_C_T_b38	2	1.41754e-03	-1.699e-01	6.221e-02
chr10_122436734_GTGT_G_b38	2	1.38138e-03	-1.894e-01	6.368e-02
chr10_122433665_T_G_b38	2	1.21664e-03	-1.812e-01	6.157e-02
chr10_122432914_T_C_b38	2	1.21664e-03	-1.812e-01	6.157e-02
chr10_122371660_G_A_b38	2	1.12947e-03	-1.585e-01	9.185e-02
chr10_122406099_G_A_b38	2	1.07247e-03	-1.579e-01	5.904e-02
chr10_122419783_C_T_b38	2	7.14004e-04	-1.472e-01	5.670e-02
chr10_122372672_T_C_b38	2	6.86197e-04	1.123e-01	8.450e-02
chr10_122439069_A_G_b38	2	5.93090e-04	-1.636e-01	5.829e-02
chr10_122435969_A_G_b38	2	5.93090e-04	-1.636e-01	5.829e-02
chr10_122344361_G_A_b38	3	1.25468e-02	-2.190e-01	5.698e-02
chr10_122359431_C_T_b38	3	2.04552e-03	-2.544e-01	8.219e-02
chr10_122360123_T_C_b38	3	1.22640e-03	-2.438e-01	8.388e-02
chr10_122358660_C_T_b38	3	1.22640e-03	-2.438e-01	8.388e-02
chr10_122360010_C_T_b38	3	1.18383e-03	-2.435e-01	8.416e-02
chr10_122351289_A_G_b38	3	9.64156e-04	-1.416e-01	5.295e-02
chr10_122350818_A_AG_b38	3	6.58668e-04	-1.375e-01	5.337e-02
chr10_122354840_A_G_b38	3	5.41673e-04	-1.993e-01	7.720e-02
chr10_122361051_A_G_b38	3	4.96622e-04	-2.281e-01	8.520e-02
chr10_122354383_G_A_b38	3	4.76668e-04	-1.957e-01	7.588e-02
chr10_122348123_A_G_b38	3	8.31292e-08	0.000e+00	0.000e+00
chr10_122344182_C_T_b38	3	4.91680e-08	0.000e+00	0.000e+00
chr10_122341459_C_T_b38	3	4.43879e-09	0.000e+00	0.000e+00
chr10_122349114_A_G_b38	3	2.11728e-09	0.000e+00	0.000e+00
