chr14_75071514_G_T_b38	1	1.79890e-01	-1.958e-01	3.680e-02
chr14_75075251_C_A_b38	1	7.89805e-02	-1.958e-01	3.680e-02
chr14_75076761_CTAAG_C_b38	1	7.89805e-02	-1.958e-01	3.680e-02
chr14_75060917_G_A_b38	1	5.73216e-02	1.939e-01	3.655e-02
chr14_75069666_G_A_b38	1	4.52794e-02	1.718e-01	3.701e-02
chr14_75061877_G_A_b38	1	4.01103e-02	-1.925e-01	3.679e-02
chr14_75061002_G_C_b38	1	3.98993e-02	-1.924e-01	3.679e-02
chr14_75082053_T_C_b38	1	3.55033e-02	-1.958e-01	3.679e-02
chr14_75082667_T_C_b38	1	3.55033e-02	-1.958e-01	3.679e-02
chr14_75077486_G_A_b38	1	2.33820e-02	-1.897e-01	3.748e-02
chr14_75077767_T_A_b38	1	2.33820e-02	-1.897e-01	3.748e-02
chr14_75066238_T_C_b38	1	2.20854e-02	-1.860e-01	3.744e-02
chr14_75044372_C_T_b38	1	1.99442e-02	-1.913e-01	3.681e-02
chr14_75083881_G_T_b38	1	1.74649e-02	-1.901e-01	3.676e-02
chr14_75088921_G_A_b38	1	1.74649e-02	-1.901e-01	3.676e-02
chr14_75088933_A_T_b38	1	1.74649e-02	-1.901e-01	3.676e-02
chr14_75077276_T_C_b38	1	1.33859e-02	-1.839e-01	3.725e-02
chr14_75077398_C_T_b38	1	1.33859e-02	-1.839e-01	3.725e-02
chr14_75060806_G_A_b38	1	1.18718e-02	-1.860e-01	3.744e-02
chr14_75056679_T_C_b38	1	8.12641e-03	1.811e-01	3.621e-02
chr14_75093260_T_C_b38	1	8.03716e-03	-1.839e-01	3.676e-02
chr14_75069224_G_A_b38	1	7.55403e-03	1.569e-01	3.743e-02
chr14_75059147_G_A_b38	1	6.93368e-03	-1.860e-01	3.744e-02
chr14_75102880_C_A_b38	1	6.12391e-03	-1.901e-01	3.676e-02
chr14_75096197_C_T_b38	1	6.12391e-03	-1.901e-01	3.676e-02
chr14_75107384_C_T_b38	1	6.12391e-03	-1.901e-01	3.676e-02
chr14_75100475_C_T_b38	1	6.12391e-03	-1.901e-01	3.676e-02
chr14_75118164_C_T_b38	1	6.12391e-03	-1.901e-01	3.676e-02
chr14_75101435_A_G_b38	1	6.12391e-03	-1.901e-01	3.676e-02
chr14_75079853_C_T_b38	1	6.01581e-03	-1.839e-01	3.725e-02
chr14_75081040_T_C_b38	1	6.01581e-03	-1.839e-01	3.725e-02
chr14_75079880_C_T_b38	1	6.01581e-03	-1.839e-01	3.725e-02
chr14_75053362_T_C_b38	1	5.93179e-03	-1.848e-01	3.746e-02
chr14_75045909_G_A_b38	1	5.93179e-03	-1.848e-01	3.746e-02
chr14_75087658_G_C_b38	1	5.28203e-03	-1.838e-01	3.743e-02
chr14_75074830_C_T_b38	1	4.92385e-03	1.747e-01	3.708e-02
chr14_75066976_A_G_b38	1	4.77507e-03	1.677e-01	3.706e-02
chr14_75076378_C_G_b38	1	4.75684e-03	1.746e-01	3.714e-02
chr14_75058746_G_A_b38	1	4.33586e-03	-1.760e-01	3.619e-02
chr14_75045806_C_T_b38	1	3.48324e-03	-1.793e-01	3.724e-02
chr14_75078517_C_A_b38	1	3.29729e-03	1.713e-01	3.710e-02
chr14_75040382_G_A_b38	1	3.24293e-03	-1.880e-01	3.751e-02
chr14_75089722_C_T_b38	1	3.11245e-03	-1.782e-01	3.721e-02
chr14_75148524_T_C_b38	1	2.78910e-03	-1.901e-01	3.645e-02
chr14_75152415_T_G_b38	1	2.78910e-03	-1.901e-01	3.645e-02
chr14_75143467_G_C_b38	1	2.78910e-03	-1.901e-01	3.645e-02
chr14_75142565_A_T_b38	1	2.78910e-03	-1.901e-01	3.645e-02
chr14_75145380_C_A_b38	1	2.78910e-03	-1.901e-01	3.645e-02
chr14_75166305_A_G_b38	1	2.47801e-03	1.919e-01	3.696e-02
chr14_75080249_G_A_b38	1	2.43684e-03	-1.779e-01	3.759e-02
chr14_75136131_A_T_b38	1	2.42773e-03	-1.906e-01	3.675e-02
chr14_75038305_G_C_b38	1	2.27003e-03	-1.848e-01	3.746e-02
chr14_75119585_C_A_b38	1	2.25109e-03	-1.901e-01	3.676e-02
chr14_75159339_A_C_b38	1	2.25109e-03	-1.901e-01	3.676e-02
chr14_75156784_T_C_b38	1	2.25109e-03	-1.901e-01	3.676e-02
chr14_75127136_T_C_b38	1	2.25109e-03	-1.901e-01	3.676e-02
chr14_75160998_T_C_b38	1	2.25109e-03	1.901e-01	3.676e-02
chr14_75122121_A_G_b38	1	2.25109e-03	-1.901e-01	3.676e-02
chr14_75157760_C_T_b38	1	2.25109e-03	-1.901e-01	3.676e-02
chr14_75122492_G_C_b38	1	2.25109e-03	-1.901e-01	3.676e-02
chr14_75128243_G_C_b38	1	2.25109e-03	-1.901e-01	3.676e-02
chr14_75163675_G_A_b38	1	2.25109e-03	1.901e-01	3.676e-02
chr14_75135159_A_G_b38	1	2.25109e-03	-1.901e-01	3.676e-02
chr14_75133994_C_T_b38	1	2.25109e-03	-1.901e-01	3.676e-02
chr14_75103590_C_T_b38	1	1.85389e-03	-1.838e-01	3.743e-02
chr14_75112940_A_G_b38	1	1.85389e-03	-1.838e-01	3.743e-02
chr14_75062916_C_T_b38	1	1.80072e-03	1.681e-01	3.709e-02
chr14_75068450_G_A_b38	2	5.41934e-03	-7.156e-03	9.192e-02
chr14_75073731_C_G_b38	2	1.57926e-03	3.627e-02	1.024e-01
chr14_75065719_TC_T_b38	2	1.53149e-03	2.084e-02	1.007e-01
chr14_75063363_C_T_b38	2	7.73001e-04	3.670e-02	1.029e-01
chr14_75080106_C_T_b38	2	3.96218e-04	3.732e-02	1.036e-01
chr14_75037451_T_TC_b38	2	9.47146e-05	2.892e-02	9.710e-02
chr14_75115084_T_C_b38	2	7.40707e-05	-2.606e-02	9.588e-02
chr14_75098023_G_A_b38	2	7.23617e-05	-4.281e-03	9.537e-02
chr14_75099760_C_T_b38	2	6.81199e-05	-1.063e-02	8.758e-02
chr14_75146475_C_T_b38	2	1.21287e-05	-1.810e-02	9.407e-02
chr14_75162021_C_CCGGGG_b38	2	1.20338e-05	-3.804e-02	8.705e-02
chr14_75121617_G_A_b38	2	1.20338e-05	-3.804e-02	8.705e-02
