chr11_67330307_T_C_b38	1	6.98120e-01	6.282e-01	7.583e-02
chr11_67308593_G_A_b38	1	9.97663e-02	6.939e-01	8.816e-02
chr11_67220577_C_A_b38	1	7.78265e-02	6.282e-01	7.583e-02
chr11_67257063_C_T_b38	1	7.78265e-02	6.282e-01	7.583e-02
chr11_67391941_A_AGGCGGG_b38	1	1.63412e-02	6.224e-01	7.780e-02
chr11_67417254_G_A_b38	1	1.63412e-02	6.224e-01	7.780e-02
chr11_67132148_A_G_b38	1	1.19259e-02	6.283e-01	7.583e-02
chr11_67316875_G_C_b38	2	5.78927e-03	-1.203e-01	1.515e-01
chr11_67321249_G_A_b38	2	2.52528e-03	-1.915e-01	1.527e-01
chr11_67312034_G_A_b38	2	1.10642e-03	-9.061e-02	1.647e-01
chr11_67295289_C_T_b38	2	7.41492e-04	-1.898e-01	1.823e-01
chr11_67346429_C_G_b38	2	2.00428e-04	-1.947e-01	1.520e-01
chr11_67369362_TAGGG_T_b38	2	7.42367e-05	-1.947e-01	1.520e-01
chr11_67369355_CAG_C_b38	2	7.42367e-05	-1.947e-01	1.520e-01
