chr12_56299736_C_A_b38	1	2.55261e-01	-1.096e+00	1.277e-01
chr12_56301033_A_G_b38	1	7.04868e-02	-1.096e+00	1.236e-01
chr12_56301676_G_GT_b38	1	4.50990e-02	-1.096e+00	1.236e-01
chr12_56302272_A_G_b38	1	4.50990e-02	-1.096e+00	1.236e-01
chr12_56302170_C_T_b38	1	4.50990e-02	-1.096e+00	1.236e-01
chr12_56302958_T_C_b38	1	2.58598e-02	-1.098e+00	1.180e-01
chr12_56304419_T_TC_b38	1	2.58598e-02	-1.098e+00	1.180e-01
chr12_56296878_G_A_b38	1	2.36060e-02	-1.098e+00	1.171e-01
chr12_56295751_G_A_b38	1	2.36060e-02	-1.098e+00	1.171e-01
chr12_56291014_C_T_b38	1	1.79791e-02	-1.097e+00	1.104e-01
chr12_56293675_T_C_b38	1	1.79791e-02	-1.097e+00	1.104e-01
chr12_56293213_C_T_b38	1	1.79791e-02	-1.097e+00	1.104e-01
chr12_56294453_G_A_b38	1	1.79791e-02	-1.097e+00	1.104e-01
chr12_56290873_CA_C_b38	1	1.79791e-02	-1.097e+00	1.104e-01
chr12_56293788_G_T_b38	1	1.79791e-02	-1.097e+00	1.104e-01
chr12_56290191_C_T_b38	1	1.79791e-02	-1.097e+00	1.104e-01
chr12_56305176_G_A_b38	1	1.77901e-02	-1.097e+00	1.104e-01
chr12_56306209_A_C_b38	1	1.77901e-02	-1.097e+00	1.104e-01
chr12_56308228_C_A_b38	1	1.77901e-02	-1.097e+00	1.104e-01
chr12_56307595_G_C_b38	1	1.77901e-02	-1.097e+00	1.104e-01
chr12_56314792_G_A_b38	1	8.04730e-03	-1.097e+00	1.104e-01
chr12_56324021_G_A_b38	1	8.04730e-03	-1.097e+00	1.104e-01
chr12_56321800_G_A_b38	1	8.04730e-03	-1.097e+00	1.104e-01
chr12_56324638_T_C_b38	1	8.04730e-03	-1.097e+00	1.104e-01
chr12_56312637_T_C_b38	1	8.04730e-03	-1.097e+00	1.104e-01
chr12_56313138_A_C_b38	1	8.04730e-03	-1.097e+00	1.104e-01
chr12_56277363_G_A_b38	1	7.62402e-03	-1.097e+00	1.104e-01
chr12_56285967_A_G_b38	1	7.62402e-03	-1.097e+00	1.104e-01
chr12_56286747_T_C_b38	1	7.62402e-03	-1.097e+00	1.104e-01
chr12_56283033_CT_C_b38	1	7.62402e-03	-1.097e+00	1.104e-01
chr12_56286187_A_G_b38	1	7.62402e-03	-1.097e+00	1.104e-01
chr12_56284551_T_C_b38	1	7.62402e-03	-1.097e+00	1.104e-01
chr12_56286852_A_G_b38	1	7.62402e-03	-1.097e+00	1.104e-01
chr12_56278322_T_A_b38	1	7.62402e-03	-1.097e+00	1.104e-01
chr12_56284195_T_A_b38	1	7.62402e-03	-1.097e+00	1.104e-01
chr12_56283477_G_A_b38	1	7.62402e-03	-1.097e+00	1.104e-01
chr12_56277426_C_G_b38	1	7.62402e-03	-1.097e+00	1.104e-01
chr12_56274110_C_T_b38	1	3.09634e-03	-1.097e+00	1.104e-01
chr12_56273316_A_G_b38	1	3.09634e-03	-1.097e+00	1.104e-01
chr12_56270447_C_T_b38	1	3.09634e-03	-1.097e+00	1.104e-01
chr12_56260130_G_C_b38	1	3.09634e-03	-1.097e+00	1.104e-01
chr12_56264104_A_G_b38	1	3.09634e-03	-1.097e+00	1.104e-01
chr12_56264924_C_T_b38	1	3.09634e-03	-1.097e+00	1.104e-01
chr12_56262481_G_A_b38	1	3.09634e-03	-1.097e+00	1.104e-01
chr12_56259510_G_A_b38	1	3.09634e-03	-1.097e+00	1.104e-01
chr12_56259857_T_TGAG_b38	1	3.09634e-03	-1.097e+00	1.104e-01
chr12_56273514_T_C_b38	1	3.09634e-03	-1.097e+00	1.104e-01
chr12_56267121_G_T_b38	1	3.09634e-03	-1.097e+00	1.104e-01
chr12_56265536_C_T_b38	1	3.09634e-03	-1.097e+00	1.104e-01
chr12_56263432_A_C_b38	1	3.09634e-03	-1.097e+00	1.104e-01
chr12_56273820_T_C_b38	1	3.09634e-03	-1.097e+00	1.104e-01
chr12_56335955_A_G_b38	1	2.78428e-03	-1.097e+00	1.104e-01
chr12_56342206_G_T_b38	1	2.78428e-03	-1.097e+00	1.104e-01
chr12_56325666_G_A_b38	1	2.78428e-03	-1.097e+00	1.104e-01
chr12_56339747_G_A_b38	1	2.78428e-03	-1.097e+00	1.104e-01
chr12_56332556_C_T_b38	1	2.78428e-03	-1.097e+00	1.104e-01
chr12_56330549_C_T_b38	1	2.78428e-03	-1.097e+00	1.104e-01
chr12_56346073_GCC_G_b38	1	2.78428e-03	-1.097e+00	1.104e-01
chr12_56334353_T_C_b38	1	2.78428e-03	-1.097e+00	1.104e-01
chr12_56333921_G_A_b38	1	2.78428e-03	-1.097e+00	1.104e-01
chr12_56346898_C_G_b38	1	2.78428e-03	-1.097e+00	1.104e-01
chr12_56336643_T_TA_b38	1	2.78428e-03	-1.097e+00	1.104e-01
chr12_56345032_GC_G_b38	1	2.78428e-03	-1.097e+00	1.104e-01
chr12_56329802_A_G_b38	1	2.78428e-03	-1.097e+00	1.104e-01
chr12_56347444_G_A_b38	1	2.78428e-03	-1.097e+00	1.104e-01
chr12_56332565_A_G_b38	1	2.78428e-03	-1.097e+00	1.104e-01
chr12_56346229_GAGA_G_b38	1	2.78428e-03	-1.097e+00	1.104e-01
chr12_56345773_A_G_b38	1	2.78428e-03	-1.097e+00	1.104e-01
chr12_56331337_A_G_b38	1	2.78428e-03	-1.097e+00	1.104e-01
chr12_56329935_T_C_b38	1	2.78428e-03	-1.097e+00	1.104e-01
chr12_56332197_GA_G_b38	1	2.78428e-03	-1.097e+00	1.104e-01
chr12_56300477_C_A_b38	2	3.68912e-02	1.428e-01	1.970e-01
chr12_56297989_AC_A_b38	2	2.85424e-03	1.982e-01	6.743e-01
chr12_56303326_G_A_b38	2	1.97208e-03	1.453e-01	2.015e-01
chr12_56295941_G_C_b38	2	1.62326e-03	1.459e-01	2.026e-01
chr12_56290712_TAGGAA_T_b38	2	1.24186e-03	1.401e-01	1.921e-01
chr12_56307025_G_A_b38	2	1.22881e-03	1.401e-01	1.921e-01
chr12_56305839_A_G_b38	2	1.22881e-03	1.401e-01	1.921e-01
chr12_56308392_C_T_b38	2	1.22881e-03	1.401e-01	1.921e-01
chr12_56308088_T_C_b38	2	1.22881e-03	1.401e-01	1.921e-01
chr12_56302761_T_G_b38	2	1.00505e-03	4.119e-01	3.452e-01
chr12_56323682_C_T_b38	2	3.08431e-04	1.401e-01	1.921e-01
chr12_56252429_A_C_b38	2	3.02590e-04	-4.861e-01	6.877e-01
chr12_56253459_C_T_b38	2	3.02590e-04	-4.861e-01	6.877e-01
chr12_56254993_C_T_b38	2	3.02590e-04	-4.861e-01	6.877e-01
chr12_56251102_A_G_b38	2	3.02590e-04	-4.861e-01	6.877e-01
chr12_56250467_C_T_b38	2	3.02590e-04	-4.861e-01	6.877e-01
chr12_56280982_G_A_b38	2	2.92208e-04	1.401e-01	1.921e-01
chr12_56288587_C_T_b38	2	2.92208e-04	1.401e-01	1.921e-01
chr12_56344189_A_G_b38	2	1.06111e-04	-1.401e-01	1.921e-01
chr12_56334474_GA_G_b38	2	1.06111e-04	-1.401e-01	1.921e-01
chr12_56334216_G_A_b38	2	1.06111e-04	-1.401e-01	1.921e-01
chr12_56337293_C_G_b38	2	1.06111e-04	-1.401e-01	1.921e-01
chr12_56349583_T_C_b38	2	1.06111e-04	-1.401e-01	1.921e-01
chr12_56332734_G_A_b38	2	1.06111e-04	1.401e-01	1.921e-01
chr12_56329046_C_T_b38	2	1.06111e-04	1.401e-01	1.921e-01
chr12_56299100_TC_T_b38	3	2.90638e-04	2.334e-01	1.118e-01
