chr22_35256778_G_A_b38	1	1.67398e-01	-2.937e-01	9.032e-02
chr22_35240443_G_A_b38	1	1.06217e-02	-2.964e-01	8.677e-02
chr22_35235143_AT_A_b38	1	1.06217e-02	-2.964e-01	8.677e-02
chr22_35241002_C_T_b38	1	1.06217e-02	-2.964e-01	8.677e-02
chr22_35239718_C_A_b38	1	1.06217e-02	-2.964e-01	8.677e-02
chr22_35213640_A_T_b38	1	5.70180e-03	-3.118e-01	8.681e-02
chr22_35290612_C_T_b38	1	4.18075e-03	-2.941e-01	8.174e-02
chr22_35218945_A_C_b38	1	4.09772e-03	-2.983e-01	8.591e-02
chr22_35216304_C_T_b38	1	2.44514e-03	-2.792e-01	8.393e-02
chr22_35218968_T_C_b38	1	2.44514e-03	-2.792e-01	8.393e-02
chr22_35215043_A_T_b38	1	2.44514e-03	-2.792e-01	8.393e-02
chr22_35297514_G_A_b38	1	1.88425e-03	-2.209e-01	6.697e-02
chr22_35178789_A_G_b38	1	1.73284e-03	-3.155e-01	8.510e-02
chr22_35171532_C_G_b38	1	1.73284e-03	-3.155e-01	8.510e-02
chr22_35225928_A_G_b38	1	1.42130e-03	-2.505e-01	7.957e-02
chr22_35224037_T_C_b38	1	1.42130e-03	-2.505e-01	7.957e-02
chr22_35222312_A_G_b38	1	1.42130e-03	-2.505e-01	7.957e-02
chr22_35257480_C_T_b38	2	8.83327e-02	1.456e-01	5.091e-02
chr22_35258140_T_G_b38	2	3.52949e-02	1.500e-01	4.980e-02
chr22_35256702_C_T_b38	2	2.65812e-02	1.429e-01	5.189e-02
chr22_35259557_TA_T_b38	2	2.36191e-02	1.542e-01	5.025e-02
chr22_35258642_C_T_b38	2	2.13935e-02	1.504e-01	4.960e-02
chr22_35261388_A_C_b38	2	1.45756e-02	1.544e-01	5.013e-02
chr22_35262029_G_A_b38	2	1.45756e-02	1.544e-01	5.013e-02
chr22_35262232_A_G_b38	2	1.32329e-02	1.506e-01	4.953e-02
chr22_35261293_A_G_b38	2	1.32329e-02	1.506e-01	4.953e-02
chr22_35304624_A_G_b38	2	1.29226e-02	1.951e-01	5.018e-02
chr22_35256248_C_T_b38	2	1.11046e-02	1.394e-01	5.108e-02
chr22_35264882_G_T_b38	2	9.51174e-03	1.555e-01	4.956e-02
chr22_35252831_A_G_b38	2	9.39194e-03	1.568e-01	5.241e-02
chr22_35306075_A_C_b38	2	7.50601e-03	1.877e-01	5.066e-02
chr22_35270522_A_G_b38	2	7.20074e-03	1.652e-01	5.060e-02
chr22_35250485_C_T_b38	2	6.83106e-03	1.568e-01	5.241e-02
chr22_35255438_T_C_b38	2	6.09777e-03	1.334e-01	5.331e-02
chr22_35272365_CAAAG_C_b38	2	5.35193e-03	1.555e-01	4.956e-02
chr22_35271982_A_G_b38	2	5.35193e-03	1.555e-01	4.956e-02
chr22_35281578_G_A_b38	2	5.35193e-03	1.555e-01	4.956e-02
chr22_35276190_G_A_b38	2	5.35193e-03	1.555e-01	4.956e-02
chr22_35276519_G_A_b38	2	5.35193e-03	1.555e-01	4.956e-02
chr22_35273802_T_C_b38	2	5.35193e-03	1.555e-01	4.956e-02
chr22_35279489_A_G_b38	2	5.35193e-03	1.555e-01	4.956e-02
chr22_35279544_G_A_b38	2	4.85326e-03	1.516e-01	4.896e-02
chr22_35271468_A_G_b38	2	4.85326e-03	1.516e-01	4.896e-02
chr22_35276850_T_G_b38	2	4.85326e-03	1.516e-01	4.896e-02
chr22_35281585_A_G_b38	2	4.85326e-03	1.516e-01	4.896e-02
chr22_35274744_G_C_b38	2	4.85326e-03	1.516e-01	4.896e-02
chr22_35272786_T_G_b38	2	4.85326e-03	1.516e-01	4.896e-02
chr22_35280145_C_CT_b38	2	4.85326e-03	1.516e-01	4.896e-02
chr22_35279402_G_A_b38	2	4.85326e-03	1.516e-01	4.896e-02
chr22_35273520_T_C_b38	2	4.85326e-03	1.516e-01	4.896e-02
chr22_35277108_C_G_b38	2	4.85326e-03	1.516e-01	4.896e-02
chr22_35278784_G_A_b38	2	4.85326e-03	1.516e-01	4.896e-02
chr22_35277850_T_C_b38	2	4.85326e-03	1.516e-01	4.896e-02
chr22_35273448_A_G_b38	2	4.85326e-03	1.516e-01	4.896e-02
chr22_35272059_T_C_b38	2	4.85326e-03	1.516e-01	4.896e-02
chr22_35273816_C_T_b38	2	4.85326e-03	1.516e-01	4.896e-02
chr22_35280158_G_A_b38	2	4.85326e-03	1.516e-01	4.896e-02
chr22_35281708_T_C_b38	2	4.85326e-03	1.516e-01	4.896e-02
chr22_35271493_G_A_b38	2	4.85326e-03	1.516e-01	4.896e-02
chr22_35278918_G_A_b38	2	4.85326e-03	1.516e-01	4.896e-02
chr22_35250868_A_C_b38	2	4.83511e-03	1.444e-01	5.099e-02
chr22_35251729_A_G_b38	2	4.83511e-03	1.444e-01	5.099e-02
chr22_35250661_GAC_G_b38	2	4.83511e-03	1.444e-01	5.099e-02
chr22_35248750_G_C_b38	2	4.43749e-03	1.406e-01	5.034e-02
chr22_35268948_T_C_b38	2	3.65893e-03	1.446e-01	4.852e-02
chr22_35282263_A_G_b38	2	3.60874e-03	1.490e-01	5.005e-02
chr22_35252176_G_C_b38	2	2.57361e-03	1.353e-01	5.377e-02
chr22_35248800_TC_T_b38	2	2.49155e-03	1.334e-01	5.331e-02
chr22_35293422_G_T_b38	2	2.44925e-03	1.658e-01	5.062e-02
chr22_35268334_T_C_b38	2	2.43172e-03	1.413e-01	5.046e-02
chr22_35300938_A_G_b38	2	2.41654e-03	1.637e-01	5.007e-02
chr22_35290675_G_A_b38	2	2.41654e-03	1.637e-01	5.007e-02
chr22_35284102_G_A_b38	2	2.38470e-03	1.652e-01	5.060e-02
chr22_35246573_G_C_b38	2	2.25470e-03	1.444e-01	5.099e-02
chr22_35302462_AG_A_b38	2	2.07587e-03	1.623e-01	5.045e-02
chr22_35283418_G_A_b38	2	2.03298e-03	1.539e-01	4.823e-02
chr22_35283665_C_T_b38	2	2.03298e-03	1.539e-01	4.823e-02
chr22_35302422_G_A_b38	2	1.77281e-03	1.555e-01	4.956e-02
chr22_35299680_GC_G_b38	2	1.77281e-03	1.555e-01	4.956e-02
chr22_35296550_A_C_b38	2	1.77281e-03	1.555e-01	4.956e-02
chr22_35285373_C_T_b38	2	1.77281e-03	1.555e-01	4.956e-02
chr22_35298900_C_A_b38	2	1.77281e-03	1.555e-01	4.956e-02
chr22_35287245_T_C_b38	2	1.77281e-03	1.555e-01	4.956e-02
chr22_35300084_G_C_b38	2	1.64514e-03	1.576e-01	5.067e-02
chr22_35303772_G_A_b38	2	1.60763e-03	1.516e-01	4.896e-02
chr22_35304770_A_G_b38	2	1.60763e-03	1.516e-01	4.896e-02
chr22_35304811_A_T_b38	2	1.60763e-03	1.516e-01	4.896e-02
chr22_35305580_A_G_b38	2	1.60763e-03	1.516e-01	4.896e-02
chr22_35294190_A_G_b38	2	1.60763e-03	1.516e-01	4.896e-02
chr22_35289055_A_G_b38	2	1.60763e-03	1.516e-01	4.896e-02
chr22_35285900_G_C_b38	2	1.60763e-03	1.516e-01	4.896e-02
chr22_35298216_G_A_b38	2	1.60763e-03	1.516e-01	4.896e-02
chr22_35305230_G_A_b38	2	1.60763e-03	1.516e-01	4.896e-02
chr22_35288860_G_A_b38	2	1.60763e-03	1.516e-01	4.896e-02
chr22_35307135_T_C_b38	2	1.60763e-03	1.516e-01	4.896e-02
chr22_35303460_A_G_b38	2	1.60763e-03	1.516e-01	4.896e-02
chr22_35305616_C_T_b38	2	1.60763e-03	1.516e-01	4.896e-02
chr22_35289096_C_T_b38	2	1.60763e-03	1.516e-01	4.896e-02
chr22_35301399_A_G_b38	2	1.60763e-03	1.516e-01	4.896e-02
chr22_35304774_G_A_b38	2	1.60763e-03	1.516e-01	4.896e-02
chr22_35286895_TTATGA_T_b38	2	1.60763e-03	1.516e-01	4.896e-02
chr22_35287062_G_T_b38	2	1.60763e-03	1.516e-01	4.896e-02
chr22_35294539_A_G_b38	2	1.60763e-03	1.516e-01	4.896e-02
chr22_35306181_A_T_b38	2	1.60763e-03	1.516e-01	4.896e-02
chr22_35303670_G_A_b38	2	1.60763e-03	1.516e-01	4.896e-02
chr22_35306748_A_AC_b38	2	1.60763e-03	1.516e-01	4.896e-02
chr22_35307329_T_G_b38	2	1.60763e-03	1.516e-01	4.896e-02
chr22_35295124_CT_C_b38	2	1.60763e-03	1.516e-01	4.896e-02
chr22_35302498_G_A_b38	2	1.60763e-03	1.516e-01	4.896e-02
chr22_35305905_A_AGAGTG_b38	2	1.60763e-03	1.516e-01	4.896e-02
chr22_35286451_T_C_b38	2	1.60763e-03	1.516e-01	4.896e-02
chr22_35304262_A_G_b38	2	1.60763e-03	1.516e-01	4.896e-02
chr22_35301811_C_CT_b38	2	1.60763e-03	1.516e-01	4.896e-02
chr22_35292505_T_A_b38	2	1.60763e-03	1.516e-01	4.896e-02
chr22_35294186_T_C_b38	2	1.60763e-03	1.516e-01	4.896e-02
chr22_35305433_G_A_b38	2	1.60763e-03	1.516e-01	4.896e-02
chr22_35303052_A_C_b38	2	1.60763e-03	1.516e-01	4.896e-02
chr22_35298302_A_G_b38	2	1.60763e-03	1.516e-01	4.896e-02
chr22_35289081_A_G_b38	2	1.60763e-03	1.516e-01	4.896e-02
chr22_35305729_T_G_b38	2	1.60763e-03	1.516e-01	4.896e-02
chr22_35303766_G_A_b38	2	1.60763e-03	1.516e-01	4.896e-02
chr22_35287809_G_A_b38	2	1.60763e-03	1.516e-01	4.896e-02
chr22_35304526_G_T_b38	2	1.60763e-03	1.516e-01	4.896e-02
chr22_35303890_C_T_b38	2	1.60763e-03	1.516e-01	4.896e-02
chr22_35290190_A_G_b38	2	1.60763e-03	1.516e-01	4.896e-02
chr22_35303589_C_T_b38	2	1.60763e-03	1.516e-01	4.896e-02
chr22_35307288_A_G_b38	2	1.60763e-03	1.516e-01	4.896e-02
chr22_35307373_T_C_b38	2	1.60763e-03	1.516e-01	4.896e-02
chr22_35288066_C_T_b38	2	1.60763e-03	1.516e-01	4.896e-02
chr22_35305730_G_A_b38	2	1.60763e-03	1.516e-01	4.896e-02
chr22_35295842_C_A_b38	2	1.60763e-03	1.516e-01	4.896e-02
chr22_35290400_C_T_b38	2	1.60763e-03	1.516e-01	4.896e-02
chr22_35299809_G_A_b38	2	1.49202e-03	1.506e-01	4.913e-02
chr22_35297785_T_C_b38	2	1.38940e-03	1.479e-01	4.874e-02
chr22_35244950_T_C_b38	2	1.16186e-03	1.334e-01	5.331e-02
chr22_35243199_T_C_b38	2	1.16186e-03	1.334e-01	5.331e-02
chr22_35246344_G_A_b38	2	1.16186e-03	1.334e-01	5.331e-02
chr22_35243504_G_C_b38	2	1.16186e-03	1.334e-01	5.331e-02
chr22_35245699_T_C_b38	2	1.16186e-03	1.334e-01	5.331e-02
chr22_35297379_AAAAT_A_b38	2	9.16930e-04	1.414e-01	4.957e-02
chr22_35267530_C_T_b38	2	8.68798e-04	1.166e-01	5.088e-02
chr22_35289225_A_G_b38	2	8.05497e-04	1.413e-01	5.046e-02
chr22_35301619_G_C_b38	2	8.05497e-04	1.413e-01	5.046e-02
chr22_35283958_T_C_b38	2	8.05497e-04	1.413e-01	5.046e-02
chr22_35297597_AGGCGCCCACCAC_A_b38	2	8.05497e-04	1.413e-01	5.046e-02
chr22_35304495_A_T_b38	2	5.97944e-04	1.349e-01	5.077e-02
chr22_35258950_G_C_b38	3	4.43013e-04	-8.356e-02	1.156e-01
chr22_35261548_TA_T_b38	3	2.69757e-04	-8.502e-02	1.152e-01
chr22_35260247_A_G_b38	3	2.69757e-04	-8.502e-02	1.152e-01
chr22_35252486_G_C_b38	3	2.57767e-04	-8.502e-02	1.152e-01
chr22_35254649_G_A_b38	3	2.57767e-04	-8.502e-02	1.152e-01
chr22_35252730_G_A_b38	3	2.57767e-04	-8.502e-02	1.152e-01
chr22_35254203_A_G_b38	3	2.57767e-04	-8.502e-02	1.152e-01
chr22_35250464_A_G_b38	3	1.89586e-04	-9.625e-02	1.187e-01
chr22_35252377_C_T_b38	3	1.81480e-04	-8.502e-02	1.152e-01
chr22_35245518_C_T_b38	3	8.19948e-05	-8.502e-02	1.152e-01
chr22_35243239_G_T_b38	3	7.55171e-05	-6.721e-02	1.045e-01
chr22_35299549_T_C_b38	3	4.13383e-05	-1.629e-01	1.382e-01
chr22_35292630_C_T_b38	3	3.08791e-05	-8.502e-02	1.152e-01
chr22_35290680_T_TC_b38	3	3.08791e-05	-8.502e-02	1.152e-01
chr22_35285523_C_T_b38	3	3.08791e-05	-8.502e-02	1.152e-01
chr22_35303272_C_T_b38	3	2.32812e-05	-1.085e-02	9.747e-02
chr22_35303111_T_G_b38	3	2.32812e-05	-1.085e-02	9.747e-02
chr22_35306446_G_A_b38	3	2.32812e-05	-1.085e-02	9.747e-02
