chr11_47269208_A_C_b38	1	3.47487e-01	-2.031e-01	4.377e-02
chr11_47278878_T_C_b38	1	1.58496e-01	-2.233e-01	4.402e-02
chr11_47262766_C_T_b38	1	6.27590e-02	-2.158e-01	4.652e-02
chr11_47260473_C_T_b38	1	6.27590e-02	-2.158e-01	4.652e-02
chr11_47262751_TCCATGTGCCTCA_T_b38	1	6.27590e-02	-2.158e-01	4.652e-02
chr11_47278604_G_A_b38	1	3.38578e-02	-2.110e-01	4.412e-02
chr11_47245257_T_G_b38	1	2.70563e-02	-2.159e-01	4.690e-02
chr11_47244989_G_T_b38	1	2.70563e-02	-2.159e-01	4.690e-02
chr11_47248385_C_T_b38	1	2.70563e-02	-2.159e-01	4.690e-02
chr11_47251114_G_A_b38	1	2.70563e-02	-2.159e-01	4.690e-02
chr11_47249488_G_A_b38	1	2.70563e-02	-2.159e-01	4.690e-02
chr11_47289816_G_T_b38	1	2.07907e-02	-2.118e-01	4.287e-02
chr11_47285034_G_A_b38	1	1.92201e-02	-2.115e-01	4.355e-02
chr11_47283625_G_A_b38	1	1.60115e-02	-2.111e-01	4.400e-02
chr11_47235789_C_T_b38	1	6.40619e-03	-2.177e-01	4.762e-02
chr11_47335619_G_A_b38	1	5.89934e-03	-2.226e-01	4.277e-02
chr11_47324594_G_A_b38	1	4.81587e-03	-2.240e-01	4.491e-02
chr11_47330531_ACT_A_b38	1	4.81587e-03	-2.240e-01	4.491e-02
chr11_47331947_G_A_b38	1	4.81587e-03	-2.240e-01	4.491e-02
chr11_47325709_C_T_b38	1	4.81587e-03	-2.240e-01	4.491e-02
chr11_47331311_G_A_b38	1	4.81587e-03	-2.240e-01	4.491e-02
chr11_47237302_C_T_b38	1	4.43080e-03	-2.182e-01	5.056e-02
chr11_47242493_G_A_b38	1	4.43080e-03	-2.182e-01	5.056e-02
chr11_47237713_G_C_b38	1	4.43080e-03	-2.182e-01	5.056e-02
chr11_47241509_C_T_b38	1	4.43080e-03	-2.182e-01	5.056e-02
chr11_47243643_G_C_b38	1	4.43080e-03	-2.182e-01	5.056e-02
chr11_47235157_C_T_b38	1	4.43080e-03	-2.182e-01	5.056e-02
chr11_47241097_G_C_b38	1	4.43080e-03	-2.182e-01	5.056e-02
chr11_47303311_G_A_b38	1	3.39542e-03	-2.121e-01	4.489e-02
chr11_47291341_T_G_b38	1	3.35714e-03	-2.243e-01	4.869e-02
chr11_47233766_G_A_b38	1	1.30362e-03	-2.062e-01	4.836e-02
chr11_47317629_A_G_b38	1	1.24787e-03	-2.243e-01	4.877e-02
chr11_47314891_G_C_b38	1	1.24787e-03	-2.243e-01	4.877e-02
chr11_47228368_C_CG_b38	1	1.22527e-03	-2.038e-01	4.794e-02
chr11_47269433_T_G_b38	1	2.86200e-04	-2.904e-01	2.797e-02
chr11_47247608_T_C_b38	1	7.37173e-05	-3.180e-01	2.987e-02
chr11_47270686_A_G_b38	1	5.04249e-05	-2.899e-01	2.793e-02
chr11_47270266_T_TG_b38	1	5.04249e-05	-2.899e-01	2.793e-02
chr11_47225736_C_T_b38	1	4.62020e-05	-3.378e-01	3.153e-02
chr11_47223943_A_T_b38	1	4.62020e-05	-3.378e-01	3.153e-02
chr11_47223838_T_C_b38	1	4.62020e-05	-3.378e-01	3.153e-02
chr11_47272151_T_C_b38	1	3.31181e-05	-2.899e-01	2.793e-02
chr11_47238442_G_A_b38	1	2.92518e-05	-3.180e-01	2.987e-02
chr11_47300415_C_T_b38	1	2.28952e-05	-3.159e-01	2.973e-02
chr11_47300456_CG_C_b38	1	2.01963e-05	-3.100e-01	2.922e-02
chr11_47331206_C_T_b38	1	1.88202e-05	-3.363e-01	3.127e-02
chr11_47330587_C_T_b38	1	1.88202e-05	-3.363e-01	3.127e-02
chr11_47332517_G_A_b38	1	1.88202e-05	-3.363e-01	3.127e-02
chr11_47265215_A_AC_b38	2	9.62043e-02	-1.713e-01	3.886e-02
chr11_47264739_T_C_b38	2	9.62043e-02	-1.713e-01	3.886e-02
chr11_47265115_A_G_b38	2	9.62043e-02	-1.713e-01	3.886e-02
chr11_47260229_T_C_b38	2	5.94123e-02	-1.715e-01	3.877e-02
chr11_47287512_T_C_b38	2	5.85760e-02	-1.785e-01	3.933e-02
chr11_47293452_T_C_b38	2	5.85760e-02	-1.785e-01	3.933e-02
chr11_47319098_A_G_b38	2	4.16602e-02	-1.870e-01	3.978e-02
chr11_47273075_T_C_b38	2	4.03180e-02	-1.604e-01	3.879e-02
chr11_47254799_G_C_b38	2	2.59138e-02	-1.724e-01	3.864e-02
chr11_47256101_T_C_b38	2	2.59138e-02	-1.724e-01	3.864e-02
chr11_47256866_A_G_b38	2	2.59138e-02	-1.724e-01	3.864e-02
chr11_47257366_C_T_b38	2	2.59138e-02	-1.724e-01	3.864e-02
chr11_47254331_C_G_b38	2	2.59138e-02	-1.724e-01	3.864e-02
chr11_47251028_A_G_b38	2	2.52158e-02	-1.725e-01	3.867e-02
chr11_47262311_A_G_b38	2	1.84736e-02	-1.613e-01	3.847e-02
chr11_47263727_T_C_b38	2	1.84736e-02	-1.613e-01	3.847e-02
chr11_47316169_ACG_A_b38	2	1.67198e-02	-1.784e-01	3.941e-02
chr11_47303115_T_A_b38	2	1.67198e-02	-1.784e-01	3.941e-02
chr11_47295140_A_C_b38	2	1.67198e-02	-1.784e-01	3.941e-02
chr11_47305666_G_A_b38	2	1.67198e-02	-1.784e-01	3.941e-02
chr11_47313790_C_T_b38	2	1.67198e-02	-1.784e-01	3.941e-02
chr11_47304582_C_CTGTT_b38	2	1.67198e-02	-1.784e-01	3.941e-02
chr11_47313524_A_G_b38	2	1.67198e-02	-1.784e-01	3.941e-02
chr11_47304522_G_A_b38	2	1.67198e-02	-1.784e-01	3.941e-02
chr11_47302921_A_C_b38	2	1.67198e-02	-1.784e-01	3.941e-02
chr11_47273634_CCTAT_C_b38	2	1.21866e-02	1.500e-01	3.909e-02
chr11_47312134_C_A_b38	2	9.85164e-03	-1.727e-01	3.934e-02
chr11_47293723_T_A_b38	2	8.98118e-03	-1.604e-01	3.885e-02
chr11_47284118_T_G_b38	2	8.91611e-03	-1.564e-01	3.809e-02
chr11_47246999_T_G_b38	2	8.75297e-03	-1.611e-01	3.735e-02
chr11_47276809_G_A_b38	2	6.70879e-03	1.500e-01	3.908e-02
chr11_47253513_G_A_b38	2	5.44582e-03	-1.706e-01	3.826e-02
chr11_47316833_C_T_b38	2	3.63399e-03	-1.684e-01	3.929e-02
chr11_47297661_C_T_b38	2	3.63399e-03	-1.684e-01	3.929e-02
chr11_47248704_C_T_b38	2	3.63082e-03	-1.533e-01	3.737e-02
chr11_47322404_A_G_b38	2	3.30877e-03	-1.795e-01	3.948e-02
chr11_47330858_G_A_b38	2	3.30877e-03	-1.795e-01	3.948e-02
chr11_47333236_C_T_b38	2	3.30877e-03	-1.795e-01	3.948e-02
chr11_47323549_T_C_b38	2	3.30877e-03	-1.795e-01	3.948e-02
chr11_47327151_T_C_b38	2	3.30877e-03	-1.795e-01	3.948e-02
chr11_47238721_T_C_b38	2	3.19381e-03	-1.611e-01	3.735e-02
chr11_47238768_A_G_b38	2	1.44075e-03	-1.533e-01	3.737e-02
chr11_47243992_T_C_b38	2	1.44075e-03	-1.533e-01	3.737e-02
chr11_47229648_G_A_b38	2	1.32811e-03	1.578e-01	3.896e-02
chr11_47317874_G_A_b38	2	6.53863e-04	-1.634e-01	3.990e-02
chr11_47238117_T_C_b38	2	5.07584e-04	1.507e-01	3.747e-02
chr11_47224846_G_A_b38	2	4.99886e-04	1.560e-01	3.915e-02
chr11_47329002_G_C_b38	2	4.51867e-04	-1.734e-01	4.038e-02
chr11_47320669_A_C_b38	2	6.57615e-05	-1.484e-01	3.964e-02
chr11_47320178_T_C_b38	2	6.57615e-05	-1.484e-01	3.964e-02
chr11_47285079_C_T_b38	3	8.49746e-01	-2.777e-01	5.779e-02
chr11_47269416_T_A_b38	4	6.62899e-03	-3.193e-02	6.944e-02
chr11_47265172_T_A_b38	4	2.24301e-04	-4.459e-02	5.671e-02
chr11_47308751_AG_A_b38	4	9.04089e-25	0.000e+00	0.000e+00
