chr3_113019471_C_T_b38	1	7.90125e-01	-2.505e-01	6.513e-02
chr3_113019778_C_T_b38	1	5.23344e-02	-2.056e-01	6.710e-02
chr3_113018940_A_G_b38	1	3.46464e-03	-1.714e-01	6.567e-02
chr3_113021298_C_T_b38	1	1.17350e-03	-1.809e-01	6.695e-02
chr3_113029729_T_C_b38	1	1.12876e-03	-1.863e-01	5.648e-02
chr3_113156013_A_T_b38	2	1.63902e-01	-2.948e-01	5.797e-02
chr3_113139037_T_G_b38	2	1.08133e-01	-2.905e-01	5.812e-02
chr3_113148632_C_G_b38	2	9.62020e-02	-2.897e-01	5.825e-02
chr3_113111284_CACCTCCTCTGGGG_C_b38	2	5.24453e-02	-2.575e-01	5.800e-02
chr3_113176832_A_G_b38	2	3.83044e-02	-2.869e-01	6.016e-02
chr3_113112296_C_T_b38	2	2.67160e-02	-2.398e-01	5.617e-02
chr3_113112977_T_G_b38	2	2.57795e-02	-2.405e-01	5.646e-02
chr3_113110314_G_C_b38	2	2.29173e-02	-2.225e-01	5.233e-02
chr3_113116228_T_G_b38	2	2.16908e-02	-2.414e-01	5.727e-02
chr3_113112709_C_G_b38	2	1.99176e-02	-2.407e-01	5.740e-02
chr3_113110595_G_A_b38	2	1.95284e-02	-2.203e-01	5.233e-02
chr3_113110550_T_C_b38	2	1.95284e-02	-2.203e-01	5.233e-02
chr3_113186568_G_T_b38	2	1.52825e-02	2.577e-01	5.632e-02
chr3_113106726_A_G_b38	2	1.51981e-02	-2.191e-01	5.263e-02
chr3_113107834_C_T_b38	2	1.51879e-02	-2.185e-01	5.250e-02
chr3_113110410_A_G_b38	2	1.49316e-02	-2.356e-01	5.696e-02
chr3_113109431_G_T_b38	2	1.29472e-02	-2.174e-01	5.278e-02
chr3_113108538_T_C_b38	2	1.26270e-02	-2.159e-01	5.250e-02
chr3_113184820_A_ACTCT_b38	2	1.14379e-02	2.532e-01	5.625e-02
chr3_113184162_C_T_b38	2	1.04630e-02	2.516e-01	5.617e-02
chr3_113186870_C_T_b38	2	9.80684e-03	2.510e-01	5.620e-02
chr3_113183210_C_T_b38	2	8.54435e-03	2.570e-01	5.808e-02
chr3_113186431_C_T_b38	2	7.77227e-03	2.537e-01	5.755e-02
chr3_113110073_G_A_b38	2	5.69367e-03	-2.232e-01	5.742e-02
chr3_113107568_A_T_b38	2	4.63656e-03	-2.063e-01	5.372e-02
chr3_113106788_G_A_b38	2	4.63656e-03	-2.063e-01	5.372e-02
chr3_113107815_G_A_b38	2	4.63656e-03	-2.063e-01	5.372e-02
chr3_113107406_C_T_b38	2	4.63656e-03	-2.063e-01	5.372e-02
chr3_113107783_G_A_b38	2	4.63656e-03	-2.063e-01	5.372e-02
chr3_113120486_G_A_b38	2	4.50364e-03	-2.447e-01	5.738e-02
chr3_113119290_A_C_b38	2	4.32815e-03	2.087e-01	5.492e-02
chr3_113126328_A_G_b38	2	4.15882e-03	-2.455e-01	5.782e-02
chr3_113105365_G_A_b38	2	3.43913e-03	-2.053e-01	5.473e-02
chr3_113106065_G_C_b38	2	3.24102e-03	-1.999e-01	5.350e-02
chr3_113106318_T_C_b38	2	3.16267e-03	-1.996e-01	5.354e-02
chr3_113116418_G_A_b38	2	3.03294e-03	2.046e-01	5.568e-02
chr3_113118228_T_C_b38	2	2.62461e-03	1.976e-01	5.403e-02
chr3_113133068_T_C_b38	2	2.34465e-03	-2.130e-01	5.215e-02
chr3_113116411_A_G_b38	2	2.31740e-03	1.999e-01	5.562e-02
chr3_113148283_A_G_b38	2	2.25825e-03	2.166e-01	5.294e-02
chr3_113157102_G_A_b38	2	2.05352e-03	-2.120e-01	5.197e-02
chr3_113020325_T_C_b38	3	1.56495e-02	1.271e-01	5.795e-02
chr3_113016439_TAAGA_T_b38	3	9.42152e-04	9.009e-02	1.251e-01
chr3_112998126_C_T_b38	3	8.38330e-04	1.261e-01	6.131e-02
chr3_113007632_A_C_b38	3	6.87581e-04	-1.286e-01	7.131e-02
chr3_113010921_A_T_b38	3	4.23303e-04	4.082e-02	1.339e-01
chr3_113008337_A_T_b38	3	3.37640e-04	-1.086e-01	1.336e-01
chr3_113007564_G_A_b38	3	3.37640e-04	-1.086e-01	1.336e-01
chr3_113002084_G_A_b38	3	2.42260e-04	6.131e-02	1.379e-01
chr3_113006595_G_C_b38	3	2.42260e-04	6.131e-02	1.379e-01
chr3_112998472_A_C_b38	3	2.29449e-04	3.380e-02	1.394e-01
chr3_112999761_G_A_b38	3	2.18469e-04	-8.405e-02	7.121e-02
chr3_112991395_T_C_b38	3	1.94715e-04	1.232e-01	6.068e-02
chr3_113063339_T_G_b38	3	9.73963e-05	1.049e-01	5.792e-02
chr3_112942507_A_G_b38	3	8.57982e-05	-1.381e-01	5.912e-02
chr3_112969649_A_C_b38	3	6.77707e-05	-9.734e-02	5.622e-02
chr3_112943929_G_A_b38	3	6.55456e-05	-1.302e-01	5.896e-02
chr3_112942871_T_A_b38	3	6.52230e-05	-1.309e-01	5.931e-02
chr3_112974906_A_T_b38	3	5.32310e-05	9.967e-02	5.972e-02
chr3_112992524_G_A_b38	3	2.19995e-05	-1.307e-01	6.360e-02
chr3_112940231_C_A_b38	3	2.15278e-05	-1.439e-01	5.627e-02
chr3_112993345_GTCTT_G_b38	3	1.87011e-05	-1.253e-01	6.371e-02
chr3_112942669_G_A_b38	3	1.56386e-05	-1.414e-01	5.873e-02
chr3_113066092_G_C_b38	3	3.88259e-06	0.000e+00	0.000e+00
chr3_113068425_A_C_b38	3	3.68088e-06	0.000e+00	0.000e+00
chr3_113067607_A_G_b38	3	3.67895e-06	0.000e+00	0.000e+00
