chr17_7480879_G_A_b38	1	8.94072e-02	-2.970e-01	8.474e-02
chr17_7481309_A_G_b38	1	7.28502e-02	2.577e-01	7.516e-02
chr17_7480665_A_G_b38	1	5.99157e-02	2.714e-01	7.518e-02
chr17_7469318_C_T_b38	1	3.16469e-02	3.115e-01	7.506e-02
chr17_7481885_T_C_b38	1	3.02175e-02	-2.970e-01	8.473e-02
chr17_7468613_C_T_b38	1	2.68994e-02	3.126e-01	7.617e-02
chr17_7516977_C_G_b38	1	2.43116e-02	3.239e-01	7.443e-02
chr17_7473092_C_T_b38	1	2.12653e-02	2.953e-01	7.661e-02
chr17_7480938_TC_T_b38	1	2.07373e-02	2.335e-01	7.917e-02
chr17_7479817_C_A_b38	1	1.78973e-02	-2.968e-01	8.469e-02
chr17_7479763_C_T_b38	1	1.78973e-02	-2.968e-01	8.469e-02
chr17_7483492_A_T_b38	1	1.76927e-02	-2.968e-01	8.469e-02
chr17_7484038_G_A_b38	1	1.56254e-02	2.713e-01	7.506e-02
chr17_7479919_C_T_b38	1	1.44317e-02	2.577e-01	7.504e-02
chr17_7483109_G_A_b38	1	1.43054e-02	2.577e-01	7.504e-02
chr17_7516960_C_T_b38	1	1.26868e-02	3.110e-01	7.457e-02
chr17_7485606_G_A_b38	1	1.12770e-02	-2.964e-01	8.460e-02
chr17_7484654_T_C_b38	1	1.12770e-02	-2.964e-01	8.460e-02
chr17_7483979_A_ACCCGC_b38	1	1.12770e-02	-2.964e-01	8.460e-02
chr17_7485409_G_C_b38	1	1.12770e-02	-2.964e-01	8.460e-02
chr17_7459769_T_C_b38	1	1.11879e-02	-3.000e-01	7.804e-02
chr17_7476685_T_C_b38	1	1.08336e-02	-2.936e-01	8.488e-02
chr17_7476869_C_A_b38	1	1.08336e-02	-2.936e-01	8.488e-02
chr17_7476986_G_T_b38	1	1.08336e-02	-2.936e-01	8.488e-02
chr17_7484031_C_CT_b38	1	9.17214e-03	2.576e-01	7.501e-02
chr17_7502815_A_G_b38	1	8.87328e-03	2.851e-01	7.548e-02
chr17_7448160_A_G_b38	1	8.10019e-03	-3.120e-01	7.738e-02
chr17_7495193_A_G_b38	1	8.04064e-03	3.054e-01	8.162e-02
chr17_7490552_G_A_b38	1	7.98680e-03	-2.961e-01	8.455e-02
chr17_7487963_A_G_b38	1	7.98680e-03	-2.961e-01	8.455e-02
chr17_7491022_T_C_b38	1	7.98680e-03	-2.961e-01	8.455e-02
chr17_7488500_A_C_b38	1	7.98680e-03	-2.961e-01	8.455e-02
chr17_7481855_G_C_b38	1	6.87655e-03	2.324e-01	7.887e-02
chr17_7489022_G_A_b38	1	6.52656e-03	2.576e-01	7.499e-02
chr17_7488205_A_G_b38	1	6.52656e-03	2.576e-01	7.499e-02
chr17_7488885_C_A_b38	1	6.52656e-03	2.576e-01	7.499e-02
chr17_7475627_A_G_b38	1	6.41700e-03	-2.933e-01	8.480e-02
chr17_7476331_G_A_b38	1	6.41700e-03	-2.933e-01	8.480e-02
chr17_7476298_T_A_b38	1	6.41700e-03	-2.933e-01	8.480e-02
chr17_7492309_G_A_b38	1	5.92501e-03	-3.083e-01	8.446e-02
chr17_7499844_AAAAC_A_b38	1	5.92501e-03	-3.083e-01	8.446e-02
chr17_7495590_C_T_b38	1	5.92501e-03	-3.083e-01	8.446e-02
chr17_7531723_G_A_b38	1	5.44973e-03	3.143e-01	7.444e-02
chr17_7494904_C_T_b38	1	5.35006e-03	2.712e-01	7.499e-02
chr17_7506180_G_T_b38	1	5.35006e-03	2.712e-01	7.499e-02
chr17_7480065_G_A_b38	1	4.00348e-03	2.320e-01	7.877e-02
chr17_7517091_G_C_b38	1	3.97665e-03	-3.180e-01	8.303e-02
chr17_7482961_G_A_b38	1	3.96844e-03	2.320e-01	7.877e-02
chr17_7482960_T_C_b38	1	3.96844e-03	2.320e-01	7.877e-02
chr17_7500473_C_T_b38	1	3.81916e-03	-2.951e-01	8.416e-02
chr17_7496547_G_A_b38	1	3.77319e-03	-2.953e-01	8.436e-02
chr17_7498584_A_G_b38	1	3.77319e-03	-2.953e-01	8.436e-02
chr17_7504008_A_G_b38	1	3.77319e-03	-2.953e-01	8.436e-02
chr17_7504596_C_T_b38	1	3.77319e-03	-2.953e-01	8.436e-02
chr17_7499897_G_A_b38	1	3.77319e-03	-2.953e-01	8.436e-02
chr17_7499666_G_A_b38	1	3.77319e-03	-2.953e-01	8.436e-02
chr17_7493462_A_T_b38	1	3.77319e-03	-2.953e-01	8.436e-02
chr17_7492475_C_G_b38	1	3.77319e-03	-2.953e-01	8.436e-02
chr17_7492730_C_G_b38	1	3.77319e-03	-2.953e-01	8.436e-02
chr17_7504447_C_A_b38	1	3.77319e-03	-2.953e-01	8.436e-02
chr17_7515894_G_GAGAT_b38	1	3.47031e-03	3.091e-01	8.165e-02
chr17_7471188_A_T_b38	1	3.44908e-03	-2.922e-01	8.453e-02
chr17_7470276_T_C_b38	1	3.19338e-03	-2.799e-01	8.169e-02
chr17_7493008_G_T_b38	1	3.12990e-03	2.575e-01	7.496e-02
chr17_7493955_G_A_b38	1	3.12990e-03	2.575e-01	7.496e-02
chr17_7459040_T_C_b38	1	3.10896e-03	-2.905e-01	8.479e-02
chr17_7449657_G_T_b38	1	2.87531e-03	-2.841e-01	7.646e-02
chr17_7452302_A_C_b38	1	2.84169e-03	-2.881e-01	7.759e-02
chr17_7500623_A_C_b38	1	2.75822e-03	2.753e-01	8.128e-02
chr17_7467949_G_T_b38	1	2.68425e-03	-2.850e-01	8.439e-02
chr17_7485169_T_C_b38	1	2.52092e-03	2.313e-01	7.858e-02
chr17_7484279_C_A_b38	1	2.52092e-03	2.313e-01	7.858e-02
chr17_7485906_A_G_b38	1	2.52092e-03	2.313e-01	7.858e-02
chr17_7525086_A_G_b38	1	2.50549e-03	-3.066e-01	8.325e-02
chr17_7488305_G_C_b38	1	2.29166e-03	2.369e-01	7.790e-02
chr17_7508128_C_T_b38	1	2.05773e-03	2.711e-01	7.495e-02
chr17_7490296_C_T_b38	1	1.76102e-03	2.310e-01	7.848e-02
chr17_7488600_G_A_b38	1	1.76102e-03	2.310e-01	7.848e-02
chr17_7486943_C_T_b38	1	1.76102e-03	2.310e-01	7.848e-02
chr17_7488758_A_T_b38	1	1.76102e-03	2.310e-01	7.848e-02
chr17_7490962_T_C_b38	1	1.76102e-03	2.310e-01	7.848e-02
chr17_7490197_G_A_b38	1	1.76102e-03	2.310e-01	7.848e-02
chr17_7487486_C_G_b38	1	1.76102e-03	2.310e-01	7.848e-02
chr17_7489251_C_T_b38	1	1.76102e-03	2.310e-01	7.848e-02
chr17_7488644_T_C_b38	1	1.76102e-03	2.310e-01	7.848e-02
chr17_7489478_A_G_b38	1	1.76102e-03	2.310e-01	7.848e-02
chr17_7490601_C_T_b38	1	1.76102e-03	2.310e-01	7.848e-02
chr17_7488601_C_T_b38	1	1.76102e-03	2.310e-01	7.848e-02
chr17_7515898_T_G_b38	1	1.72963e-03	-3.033e-01	8.500e-02
chr17_7513280_G_A_b38	1	1.72963e-03	-3.033e-01	8.500e-02
chr17_7519774_CTT_C_b38	1	1.72963e-03	-3.033e-01	8.500e-02
chr17_7517842_TG_T_b38	1	1.72963e-03	-3.033e-01	8.500e-02
chr17_7516328_G_A_b38	1	1.72963e-03	-3.033e-01	8.500e-02
chr17_7519899_C_A_b38	1	1.72963e-03	-3.033e-01	8.500e-02
chr17_7515380_A_ATT_b38	1	1.72963e-03	-3.033e-01	8.500e-02
chr17_7519876_C_CT_b38	1	1.72963e-03	-3.033e-01	8.500e-02
chr17_7523737_A_C_b38	1	1.72963e-03	-3.033e-01	8.500e-02
chr17_7526743_C_A_b38	1	1.72963e-03	-3.033e-01	8.500e-02
chr17_7458218_G_A_b38	1	1.48985e-03	-2.697e-01	8.535e-02
chr17_7508041_G_A_b38	1	1.41658e-03	-2.943e-01	8.415e-02
chr17_7508451_C_T_b38	1	1.32020e-03	-2.939e-01	8.456e-02
chr17_7523913_G_A_b38	1	1.30100e-03	-2.891e-01	8.332e-02
chr17_7524956_C_G_b38	1	1.13814e-03	-2.900e-01	8.472e-02
chr17_7497129_G_C_b38	1	1.10042e-03	2.383e-01	7.821e-02
chr17_7440944_C_T_b38	1	1.08706e-03	-2.889e-01	8.510e-02
chr17_7499237_G_A_b38	1	1.06800e-03	2.378e-01	7.832e-02
chr17_7449591_G_A_b38	1	1.00448e-03	-2.825e-01	8.394e-02
chr17_7446731_C_A_b38	1	9.69550e-04	-2.780e-01	8.296e-02
chr17_7454545_C_A_b38	1	8.52897e-04	-2.800e-01	8.471e-02
chr17_7501755_C_T_b38	1	8.46497e-04	2.303e-01	7.830e-02
chr17_7492482_C_T_b38	1	8.46497e-04	2.303e-01	7.830e-02
chr17_7492850_C_G_b38	1	8.46497e-04	2.303e-01	7.830e-02
chr17_7504404_A_G_b38	1	8.46497e-04	2.303e-01	7.830e-02
chr17_7504509_GA_G_b38	1	8.46497e-04	2.303e-01	7.830e-02
chr17_7498371_T_C_b38	1	8.46497e-04	2.303e-01	7.830e-02
chr17_7499940_C_T_b38	1	8.46497e-04	2.303e-01	7.830e-02
chr17_7504388_C_G_b38	1	8.46497e-04	2.303e-01	7.830e-02
chr17_7494443_A_G_b38	1	8.46497e-04	2.303e-01	7.830e-02
chr17_7499281_T_C_b38	1	8.46497e-04	2.303e-01	7.830e-02
chr17_7496722_C_T_b38	1	8.46497e-04	2.303e-01	7.830e-02
chr17_7505101_C_T_b38	1	8.46497e-04	2.303e-01	7.830e-02
chr17_7504333_A_C_b38	1	8.46497e-04	2.303e-01	7.830e-02
chr17_7455201_C_T_b38	1	8.38365e-04	-2.812e-01	8.521e-02
chr17_7482135_G_A_b38	2	6.59615e-03	-1.435e-01	1.735e-01
chr17_7479443_C_A_b38	2	3.75389e-03	-1.427e-01	1.740e-01
chr17_7478435_C_T_b38	2	2.39663e-03	-1.415e-01	1.741e-01
chr17_7477362_C_T_b38	2	2.39663e-03	-1.415e-01	1.741e-01
chr17_7485239_C_T_b38	2	2.21037e-03	-1.430e-01	1.736e-01
chr17_7485238_A_T_b38	2	2.21037e-03	-1.430e-01	1.736e-01
chr17_7464046_G_A_b38	2	2.01244e-03	2.748e-01	1.367e-01
chr17_7464362_GT_G_b38	2	2.01244e-03	2.748e-01	1.367e-01
chr17_7488966_G_C_b38	2	1.50322e-03	-1.399e-01	1.744e-01
chr17_7487350_A_G_b38	2	1.50322e-03	-1.399e-01	1.744e-01
chr17_7489331_C_G_b38	2	1.50322e-03	-1.399e-01	1.744e-01
chr17_7474674_C_T_b38	2	1.34677e-03	-1.373e-01	1.752e-01
chr17_7457004_T_C_b38	2	7.51623e-04	-1.865e-01	1.501e-01
chr17_7456438_G_A_b38	2	7.51623e-04	-1.865e-01	1.501e-01
chr17_7458740_C_T_b38	2	7.37466e-04	-1.828e-01	1.603e-01
chr17_7467286_G_A_b38	2	6.47901e-04	-1.689e-01	1.694e-01
chr17_7505772_G_A_b38	2	5.73050e-04	-1.370e-01	1.744e-01
chr17_7494828_G_A_b38	2	5.73050e-04	-1.370e-01	1.744e-01
chr17_7502618_C_T_b38	2	5.73050e-04	-1.370e-01	1.744e-01
chr17_7527046_A_G_b38	2	5.67734e-04	2.721e-01	1.319e-01
chr17_7529332_G_A_b38	2	5.67734e-04	2.721e-01	1.319e-01
chr17_7530762_G_A_b38	2	5.67734e-04	2.721e-01	1.319e-01
chr17_7527448_T_C_b38	2	5.67734e-04	2.721e-01	1.319e-01
chr17_7527697_G_A_b38	2	5.67734e-04	2.721e-01	1.319e-01
chr17_7528584_C_CT_b38	2	5.67734e-04	2.721e-01	1.319e-01
chr17_7525744_G_A_b38	2	5.67734e-04	2.721e-01	1.319e-01
chr17_7465194_C_T_b38	2	5.54887e-04	1.443e-01	1.507e-01
chr17_7498352_G_A_b38	2	4.31599e-04	-9.233e-02	1.774e-01
chr17_7463332_C_G_b38	2	4.19971e-04	-6.344e-02	1.832e-01
chr17_7519883_G_T_b38	2	3.84256e-04	2.435e-01	1.340e-01
chr17_7525513_T_G_b38	2	3.73699e-04	2.483e-01	1.424e-01
chr17_7447918_G_A_b38	2	2.73420e-04	-2.147e-01	1.491e-01
chr17_7447656_T_C_b38	2	2.73420e-04	-2.147e-01	1.491e-01
chr17_7441178_C_T_b38	2	2.73420e-04	-2.147e-01	1.491e-01
chr17_7519059_G_A_b38	2	2.49880e-04	-2.120e-01	1.547e-01
chr17_7527004_A_G_b38	2	2.49880e-04	-2.120e-01	1.547e-01
chr17_7525284_G_A_b38	2	2.49880e-04	-2.120e-01	1.547e-01
chr17_7516599_G_A_b38	2	2.49880e-04	-2.120e-01	1.547e-01
chr17_7516507_G_A_b38	2	2.49880e-04	-2.120e-01	1.547e-01
chr17_7526110_C_T_b38	2	2.49880e-04	-2.120e-01	1.547e-01
chr17_7526181_A_G_b38	2	2.06385e-04	1.954e-01	1.494e-01
chr17_7451596_C_T_b38	2	2.06222e-04	-1.916e-01	1.449e-01
chr17_7453283_A_G_b38	2	1.67869e-04	-1.817e-01	1.466e-01
chr17_7454681_C_G_b38	2	1.67869e-04	-1.817e-01	1.466e-01
chr17_7452340_G_A_b38	2	1.67869e-04	-1.817e-01	1.466e-01
chr17_7455958_T_C_b38	2	1.67869e-04	-1.817e-01	1.466e-01
chr17_7449553_A_G_b38	2	1.64444e-04	-1.818e-01	1.538e-01
chr17_7449917_G_A_b38	2	1.64444e-04	-1.818e-01	1.538e-01
chr17_7448517_A_G_b38	2	1.45289e-04	-1.484e-01	1.557e-01
chr17_7516775_T_C_b38	2	1.41668e-04	-1.532e-01	1.610e-01
chr17_7506467_G_A_b38	2	1.31572e-04	-1.348e-01	1.662e-01
chr17_7506578_TACAC_T_b38	2	1.31572e-04	-1.348e-01	1.662e-01
chr17_7521943_T_G_b38	2	1.11346e-04	1.029e-01	1.584e-01
chr17_7524295_A_G_b38	2	1.11346e-04	1.029e-01	1.584e-01
chr17_7524300_T_C_b38	2	1.11346e-04	1.029e-01	1.584e-01
chr17_7521234_C_A_b38	2	1.11346e-04	1.029e-01	1.584e-01
chr17_7522040_G_A_b38	2	1.11346e-04	1.029e-01	1.584e-01
chr17_7523609_T_C_b38	2	1.11346e-04	1.029e-01	1.584e-01
chr17_7449438_T_G_b38	2	9.73093e-05	-1.036e-01	1.659e-01
chr17_7516392_T_C_b38	2	9.70657e-05	1.216e-01	1.636e-01
chr17_7516954_TC_T_b38	2	9.70657e-05	1.216e-01	1.636e-01
chr17_7521618_C_T_b38	2	8.94717e-05	7.475e-02	1.692e-01
chr17_7523007_T_C_b38	2	8.41700e-05	5.831e-02	1.671e-01
chr17_7521165_G_A_b38	2	8.30110e-05	6.704e-03	1.779e-01
chr17_7518918_C_G_b38	2	7.11234e-05	2.588e-02	1.736e-01
chr17_7531617_G_A_b38	2	3.14009e-05	-2.580e-01	1.242e-01
chr17_7479818_G_C_b38	3	3.65233e-04	-3.173e-01	2.492e-01
chr17_7477386_C_T_b38	3	3.40880e-04	-3.577e-01	2.104e-01
chr17_7460155_C_G_b38	3	1.23469e-04	-5.223e-01	2.720e-01
