chr19_43533218_C_G_b38	1	2.55722e-01	7.635e-01	7.096e-02
chr19_43546814_T_C_b38	1	1.21962e-01	7.634e-01	7.062e-02
chr19_43541349_C_T_b38	1	1.21962e-01	7.634e-01	7.062e-02
chr19_43540396_C_T_b38	1	1.21962e-01	7.634e-01	7.062e-02
chr19_43549390_G_A_b38	1	1.21962e-01	7.634e-01	7.062e-02
chr19_43536845_T_C_b38	1	1.21962e-01	7.634e-01	7.062e-02
chr19_43558535_G_A_b38	1	4.46923e-02	7.632e-01	7.034e-02
chr19_43567861_G_T_b38	1	1.25463e-02	8.006e-01	1.477e-01
chr19_43564249_G_A_b38	1	1.25463e-02	8.006e-01	1.477e-01
chr19_43568381_C_T_b38	1	1.25463e-02	8.006e-01	1.477e-01
chr19_43564041_C_T_b38	1	1.25463e-02	8.006e-01	1.477e-01
chr19_43574316_T_G_b38	1	1.25463e-02	8.006e-01	1.477e-01
chr19_43564554_T_C_b38	1	1.25463e-02	8.006e-01	1.477e-01
chr19_43565589_T_A_b38	1	1.25463e-02	8.006e-01	1.477e-01
chr19_43501293_C_T_b38	2	1.61086e-02	-5.208e-01	1.423e-01
chr19_43522915_T_C_b38	2	7.05399e-04	-7.693e-02	1.077e-01
chr19_43522406_T_C_b38	2	7.05399e-04	-7.693e-02	1.077e-01
chr19_43543164_C_T_b38	2	6.90577e-04	-4.653e-01	2.892e-01
chr19_43517153_ATT_A_b38	2	4.85878e-04	-7.693e-02	1.077e-01
chr19_43455236_G_A_b38	2	2.56774e-04	-3.403e-01	1.116e-01
chr19_43485383_T_G_b38	2	2.56102e-04	-1.911e-01	9.419e-02
chr19_43512767_G_GA_b38	2	2.41887e-04	-7.693e-02	1.077e-01
chr19_43551093_G_A_b38	2	8.31200e-05	1.876e-01	4.729e-01
chr19_43562442_AT_A_b38	2	4.24118e-05	-2.163e-01	1.596e-01
chr19_43570060_A_G_b38	2	4.24118e-05	-2.163e-01	1.596e-01
chr19_43567108_C_A_b38	2	4.24118e-05	-2.163e-01	1.596e-01
chr19_43571109_TCA_T_b38	2	4.24118e-05	-2.163e-01	1.596e-01
