chr12_123268945_C_G_b38	1	9.60529e-02	1.896e-01	4.292e-02
chr12_123273688_C_G_b38	1	9.01674e-02	-2.002e-01	4.706e-02
chr12_123275562_T_A_b38	1	6.08534e-02	-2.131e-01	4.943e-02
chr12_123266348_A_G_b38	1	5.88967e-02	1.896e-01	4.292e-02
chr12_123286485_A_G_b38	1	4.14154e-02	2.104e-01	4.645e-02
chr12_123265681_T_C_b38	1	3.71270e-02	-2.131e-01	4.943e-02
chr12_123249252_A_G_b38	1	2.01655e-02	1.854e-01	4.300e-02
chr12_123257546_T_G_b38	1	2.01655e-02	1.854e-01	4.300e-02
chr12_123261810_C_G_b38	1	2.01655e-02	1.854e-01	4.300e-02
chr12_123256653_A_G_b38	1	2.01655e-02	1.854e-01	4.300e-02
chr12_123250227_T_G_b38	1	2.01655e-02	1.854e-01	4.300e-02
chr12_123258145_TG_T_b38	1	2.01655e-02	1.854e-01	4.300e-02
chr12_123257229_T_C_b38	1	2.01655e-02	1.854e-01	4.300e-02
chr12_123258016_T_C_b38	1	2.01655e-02	1.854e-01	4.300e-02
chr12_123260631_C_G_b38	1	2.01655e-02	1.854e-01	4.300e-02
chr12_123260812_A_G_b38	1	2.01655e-02	1.854e-01	4.300e-02
chr12_123259127_T_C_b38	1	2.01655e-02	1.854e-01	4.300e-02
chr12_123261963_C_T_b38	1	2.01655e-02	1.854e-01	4.300e-02
chr12_123248222_ATACT_A_b38	1	1.25121e-02	-2.082e-01	4.961e-02
chr12_123283382_G_A_b38	1	1.23853e-02	-2.078e-01	4.940e-02
chr12_123286468_G_A_b38	1	1.21621e-02	-2.063e-01	4.911e-02
chr12_123261262_G_T_b38	1	1.07694e-02	-2.075e-01	4.992e-02
chr12_123317125_T_G_b38	1	1.01695e-02	2.014e-01	4.582e-02
chr12_123316273_A_G_b38	1	1.01695e-02	2.014e-01	4.582e-02
chr12_123310324_G_C_b38	1	1.01695e-02	2.014e-01	4.582e-02
chr12_123241587_A_G_b38	1	7.96918e-03	1.854e-01	4.300e-02
chr12_123241280_T_C_b38	1	7.96918e-03	1.854e-01	4.300e-02
chr12_123246388_C_A_b38	1	7.96918e-03	1.854e-01	4.300e-02
chr12_123242287_C_T_b38	1	7.96918e-03	1.854e-01	4.300e-02
chr12_123246283_T_C_b38	1	7.96918e-03	1.854e-01	4.300e-02
chr12_123236630_T_G_b38	1	7.96918e-03	1.854e-01	4.300e-02
chr12_123246507_CA_C_b38	1	7.96918e-03	1.854e-01	4.300e-02
chr12_123235038_G_C_b38	1	7.96918e-03	1.854e-01	4.300e-02
chr12_123262414_A_T_b38	1	6.87949e-03	1.612e-01	4.246e-02
chr12_123244155_G_A_b38	1	4.94465e-03	-2.082e-01	4.961e-02
chr12_123240848_C_T_b38	1	4.94465e-03	-2.082e-01	4.961e-02
chr12_123321672_C_T_b38	1	4.93987e-03	-2.078e-01	4.940e-02
chr12_123299447_C_T_b38	1	4.93987e-03	-2.078e-01	4.940e-02
chr12_123244192_G_A_b38	1	4.56143e-03	-1.961e-01	4.705e-02
chr12_123245074_G_A_b38	1	4.56143e-03	-1.961e-01	4.705e-02
chr12_123240333_C_T_b38	1	4.56143e-03	-1.961e-01	4.705e-02
chr12_123340088_C_T_b38	1	3.67397e-03	-2.103e-01	4.757e-02
chr12_123249074_A_G_b38	1	3.64225e-03	1.644e-01	4.313e-02
chr12_123260408_G_A_b38	1	3.47143e-03	1.612e-01	4.246e-02
chr12_123341012_C_T_b38	1	3.42108e-03	-2.014e-01	4.582e-02
chr12_123333249_T_C_b38	1	3.42108e-03	-2.014e-01	4.582e-02
chr12_123338999_A_G_b38	1	3.42108e-03	-2.014e-01	4.582e-02
chr12_123344481_A_G_b38	1	3.42108e-03	-2.014e-01	4.582e-02
chr12_123344569_G_A_b38	1	3.42108e-03	-2.014e-01	4.582e-02
chr12_123360804_C_T_b38	1	3.42108e-03	-2.014e-01	4.582e-02
chr12_123326678_C_A_b38	1	3.42108e-03	-2.014e-01	4.582e-02
chr12_123368902_G_C_b38	1	3.42108e-03	-2.014e-01	4.582e-02
chr12_123325878_C_T_b38	1	3.42108e-03	-2.014e-01	4.582e-02
chr12_123364549_C_G_b38	1	3.42108e-03	-2.014e-01	4.582e-02
chr12_123323526_T_C_b38	1	3.42108e-03	-2.014e-01	4.582e-02
chr12_123259336_G_C_b38	1	2.98513e-03	1.601e-01	4.269e-02
chr12_123258898_G_A_b38	1	2.98513e-03	1.601e-01	4.269e-02
chr12_123258900_G_A_b38	1	2.98513e-03	1.601e-01	4.269e-02
chr12_123254131_A_G_b38	1	2.98513e-03	1.601e-01	4.269e-02
chr12_123257514_G_A_b38	1	2.98513e-03	1.601e-01	4.269e-02
chr12_123248971_C_CAG_b38	1	2.98513e-03	1.601e-01	4.269e-02
chr12_123338164_G_A_b38	1	2.68826e-03	-2.051e-01	4.732e-02
chr12_123231829_C_T_b38	1	2.21666e-03	1.737e-01	4.402e-02
chr12_123230566_C_T_b38	1	2.21666e-03	1.737e-01	4.402e-02
chr12_123230719_T_C_b38	1	2.21666e-03	1.737e-01	4.402e-02
chr12_123231966_C_T_b38	1	2.21666e-03	1.737e-01	4.402e-02
chr12_123229689_A_G_b38	1	2.21666e-03	1.737e-01	4.402e-02
chr12_123401390_C_T_b38	1	2.14769e-03	-2.122e-01	4.493e-02
chr12_123254564_G_A_b38	1	2.03355e-03	-1.869e-01	5.126e-02
chr12_123405729_C_T_b38	1	2.02001e-03	-2.175e-01	4.616e-02
chr12_123273314_G_A_b38	1	1.85090e-03	1.109e-01	4.137e-02
chr12_123228165_G_T_b38	1	1.77516e-03	1.712e-01	4.413e-02
chr12_123225380_G_A_b38	1	1.77516e-03	1.712e-01	4.413e-02
chr12_123223516_A_G_b38	1	1.77516e-03	1.712e-01	4.413e-02
chr12_123407318_T_G_b38	1	1.62037e-03	2.115e-01	4.546e-02
chr12_123402822_C_T_b38	1	1.62037e-03	-2.115e-01	4.546e-02
chr12_123408387_G_T_b38	1	1.62037e-03	2.115e-01	4.546e-02
chr12_123246876_A_G_b38	1	1.43938e-03	1.644e-01	4.313e-02
chr12_123386523_A_C_b38	1	1.20303e-03	-2.103e-01	4.596e-02
chr12_123378718_G_T_b38	1	1.20303e-03	-2.103e-01	4.596e-02
chr12_123381882_G_A_b38	1	1.20303e-03	-2.103e-01	4.596e-02
chr12_123380814_T_C_b38	1	1.20303e-03	-2.103e-01	4.596e-02
chr12_123377900_C_T_b38	1	1.20303e-03	-2.103e-01	4.596e-02
chr12_123237067_A_C_b38	1	1.17969e-03	1.601e-01	4.269e-02
chr12_123236228_G_T_b38	1	1.17969e-03	1.601e-01	4.269e-02
chr12_123241407_G_A_b38	1	1.17969e-03	1.601e-01	4.269e-02
chr12_123235333_C_A_b38	1	1.17969e-03	1.601e-01	4.269e-02
chr12_123239188_G_C_b38	1	1.17969e-03	1.601e-01	4.269e-02
chr12_123246344_T_G_b38	1	1.17969e-03	1.601e-01	4.269e-02
chr12_123244721_C_T_b38	1	1.17969e-03	1.601e-01	4.269e-02
chr12_123243683_G_A_b38	1	1.17969e-03	1.601e-01	4.269e-02
chr12_123227869_G_A_b38	1	1.06105e-03	1.768e-01	4.745e-02
chr12_123272957_G_T_b38	2	2.14152e-02	1.707e-01	8.152e-02
