chr14_75002852_A_G_b38	1	5.35642e-01	-4.213e-01	8.045e-02
chr14_74998335_T_C_b38	1	5.87301e-02	-4.210e-01	7.958e-02
chr14_75005099_C_T_b38	1	5.22263e-02	4.243e-01	5.975e-02
chr14_75012336_C_G_b38	1	3.88165e-02	-4.093e-01	5.558e-02
chr14_74992930_C_T_b38	1	3.85336e-02	-4.205e-01	7.819e-02
chr14_74997592_C_T_b38	1	3.85336e-02	-4.205e-01	7.819e-02
chr14_75012879_T_G_b38	1	3.64539e-02	4.275e-01	6.356e-02
chr14_74993858_A_G_b38	1	2.32651e-02	4.239e-01	5.868e-02
chr14_74994038_G_T_b38	1	2.32651e-02	4.239e-01	5.868e-02
chr14_75022929_C_T_b38	1	2.30603e-02	-4.202e-01	7.753e-02
chr14_75017978_T_A_b38	1	1.38315e-02	4.235e-01	5.509e-02
chr14_75017975_GTC_G_b38	1	1.38315e-02	4.235e-01	5.509e-02
chr14_75009368_G_C_b38	1	1.31442e-02	4.110e-01	5.695e-02
chr14_74989746_A_C_b38	1	1.00948e-02	4.235e-01	5.321e-02
chr14_75008081_TATAGACAA_T_b38	1	6.31603e-03	-4.210e-01	1.016e-01
chr14_75047125_G_A_b38	1	6.04805e-03	-4.221e-01	5.431e-02
chr14_75004474_TGAGACCAG_T_b38	1	5.80036e-03	3.931e-01	6.878e-02
chr14_75002247_G_C_b38	1	5.67199e-03	-3.749e-01	1.504e-01
chr14_74982814_G_A_b38	1	5.56359e-03	-4.120e-01	5.273e-02
chr14_75005100_G_A_b38	2	4.98755e-03	-2.285e-01	2.404e-01
chr14_75005406_G_A_b38	2	4.98755e-03	-2.285e-01	2.404e-01
chr14_75004130_A_T_b38	2	4.89319e-03	-2.079e-01	2.536e-01
chr14_74990535_A_G_b38	2	4.46092e-03	3.634e-01	1.787e-01
chr14_75015740_AG_A_b38	2	4.23828e-03	-3.554e-01	1.640e-01
chr14_75013191_T_A_b38	2	4.23828e-03	-3.554e-01	1.640e-01
chr14_75013934_T_C_b38	2	4.23828e-03	-3.554e-01	1.640e-01
chr14_75027345_C_T_b38	2	4.23828e-03	-3.554e-01	1.640e-01
chr14_75017109_T_C_b38	2	2.45785e-03	-1.078e-01	7.176e-01
chr14_75018069_C_T_b38	2	2.45785e-03	-1.078e-01	7.176e-01
chr14_75008572_A_C_b38	2	2.38143e-03	-2.130e-01	2.463e-01
chr14_74997145_C_T_b38	2	2.20017e-03	-2.331e-01	2.371e-01
chr14_74996984_T_G_b38	2	2.13424e-03	-2.144e-01	2.472e-01
chr14_75052472_C_T_b38	2	1.47069e-03	-3.684e-01	1.499e-01
chr14_74986336_G_C_b38	2	1.38564e-03	2.762e-01	2.292e-01
chr14_75028280_T_C_b38	2	1.33555e-03	-3.656e-01	1.418e-01
chr14_75014665_C_T_b38	2	1.27883e-03	-2.382e-01	2.362e-01
chr14_75016124_C_A_b38	2	1.27883e-03	-2.382e-01	2.362e-01
chr14_75016125_G_T_b38	2	1.27883e-03	-2.382e-01	2.362e-01
chr14_75015205_A_G_b38	2	1.27883e-03	-2.382e-01	2.362e-01
chr14_75023964_T_C_b38	2	1.25129e-03	-2.181e-01	2.481e-01
chr14_75022243_T_G_b38	2	1.25129e-03	-2.181e-01	2.481e-01
chr14_74989107_A_C_b38	2	9.99347e-04	-2.410e-01	2.353e-01
chr14_74990372_A_C_b38	2	9.77909e-04	-2.211e-01	2.469e-01
chr14_74980075_C_T_b38	2	9.65303e-04	1.401e-01	3.423e-01
chr14_74998386_C_T_b38	2	7.85787e-04	-3.002e-02	1.026e-01
chr14_75040172_G_A_b38	2	7.35813e-04	-3.372e-01	1.740e-01
chr14_75058136_G_A_b38	2	7.18386e-04	-3.904e-01	1.286e-01
chr14_74961531_T_C_b38	2	5.20677e-04	-1.870e-01	7.769e-02
chr14_75009764_G_GTT_b38	2	5.08718e-04	-3.766e-02	9.695e-02
chr14_75009758_TGAGG_T_b38	2	5.08718e-04	-3.766e-02	9.695e-02
chr14_75026029_T_C_b38	2	4.90450e-04	-1.501e-01	2.733e-01
chr14_75025993_G_A_b38	2	4.90450e-04	-1.501e-01	2.733e-01
chr14_75078982_G_A_b38	2	4.42483e-04	-3.776e-01	1.383e-01
chr14_75069224_G_A_b38	2	4.42483e-04	-3.776e-01	1.383e-01
chr14_75089668_T_C_b38	2	4.42483e-04	-3.776e-01	1.383e-01
chr14_75100212_C_T_b38	2	4.42483e-04	-3.776e-01	1.383e-01
chr14_75096766_C_T_b38	2	4.42483e-04	-3.776e-01	1.383e-01
chr14_75099707_G_A_b38	2	4.42483e-04	-3.776e-01	1.383e-01
chr14_75031281_C_T_b38	2	4.09393e-04	3.456e-02	4.719e-01
chr14_75036384_C_A_b38	2	4.09393e-04	3.456e-02	4.719e-01
chr14_74980176_C_G_b38	2	4.03822e-04	-2.034e-01	2.024e-01
chr14_74979468_A_C_b38	2	3.47533e-04	4.321e-02	2.284e-01
chr14_75044033_G_A_b38	2	3.30146e-04	2.765e-01	2.088e-01
chr14_75040822_C_T_b38	2	3.18399e-04	2.718e-01	2.116e-01
chr14_75045806_C_T_b38	2	3.18399e-04	2.718e-01	2.116e-01
chr14_74961852_A_G_b38	2	3.13213e-04	-1.673e-01	7.971e-02
chr14_75037751_G_A_b38	2	2.83274e-04	-2.282e-01	2.510e-01
chr14_75036124_T_C_b38	2	2.83274e-04	-2.282e-01	2.510e-01
chr14_75031474_A_G_b38	2	2.83274e-04	-2.282e-01	2.510e-01
chr14_74978796_C_G_b38	2	2.72678e-04	1.256e-01	9.535e-02
chr14_75038305_G_C_b38	2	2.45518e-04	2.435e-01	2.104e-01
chr14_75045909_G_A_b38	2	2.45518e-04	2.435e-01	2.104e-01
chr14_75040382_G_A_b38	2	2.45518e-04	2.435e-01	2.104e-01
chr14_74969492_T_C_b38	2	1.88089e-04	1.591e-01	8.292e-02
chr14_74969749_G_T_b38	2	1.88089e-04	1.591e-01	8.292e-02
chr14_74975031_G_A_b38	2	1.78296e-04	-1.565e-01	8.994e-02
chr14_74970369_G_A_b38	2	1.76126e-04	-1.545e-01	8.904e-02
chr14_74965761_G_A_b38	2	1.60627e-04	-1.509e-01	8.560e-02
chr14_74963143_T_C_b38	2	1.50640e-04	-1.474e-01	8.238e-02
chr14_74969381_T_G_b38	2	1.48675e-04	-1.474e-01	8.627e-02
chr14_74969547_C_T_b38	2	1.41903e-04	1.391e-01	7.826e-02
chr14_74965476_G_T_b38	2	1.16341e-04	-1.339e-01	8.613e-02
chr14_74976400_G_A_b38	2	1.14769e-04	-1.186e-03	2.184e-01
chr14_75028779_T_C_b38	2	1.12217e-04	-1.099e-01	2.515e-01
chr14_75043883_A_G_b38	2	1.11946e-04	-6.376e-02	2.321e-01
chr14_75044077_G_A_b38	2	1.11946e-04	-6.376e-02	2.321e-01
chr14_75044372_C_T_b38	2	1.03919e-04	-1.337e-01	2.184e-01
chr14_75060917_G_A_b38	2	1.02719e-04	-2.653e-01	2.067e-01
chr14_75038783_A_G_b38	2	1.01857e-04	-8.296e-02	1.938e-01
chr14_75077398_C_T_b38	2	9.86884e-05	2.718e-01	2.116e-01
chr14_75079853_C_T_b38	2	9.86884e-05	2.718e-01	2.116e-01
chr14_75077276_T_C_b38	2	9.86884e-05	2.718e-01	2.116e-01
chr14_75081040_T_C_b38	2	9.86884e-05	2.718e-01	2.116e-01
chr14_75099506_G_A_b38	2	9.86884e-05	2.718e-01	2.116e-01
chr14_75079880_C_T_b38	2	9.86884e-05	2.718e-01	2.116e-01
chr14_75094449_C_T_b38	2	9.86884e-05	2.718e-01	2.116e-01
chr14_75089722_C_T_b38	2	9.86884e-05	2.718e-01	2.116e-01
chr14_75097956_G_T_b38	2	9.86884e-05	2.718e-01	2.116e-01
chr14_74969763_G_C_b38	2	9.67759e-05	1.297e-01	8.819e-02
chr14_74967399_A_G_b38	2	9.26792e-05	1.192e-01	8.223e-02
chr14_74961545_C_T_b38	2	8.82992e-05	-1.092e-01	7.691e-02
chr14_74967480_T_C_b38	2	8.10072e-05	1.046e-01	7.962e-02
chr14_74964208_TC_T_b38	2	7.67474e-05	-1.016e-01	8.459e-02
chr14_74962890_A_G_b38	2	7.63002e-05	-9.999e-02	8.207e-02
chr14_74963330_G_A_b38	2	7.63002e-05	-9.999e-02	8.207e-02
chr14_75077486_G_A_b38	2	7.60925e-05	2.435e-01	2.104e-01
chr14_75053362_T_C_b38	2	7.60925e-05	2.435e-01	2.104e-01
chr14_75060806_G_A_b38	2	7.60925e-05	2.435e-01	2.104e-01
chr14_75059147_G_A_b38	2	7.60925e-05	2.435e-01	2.104e-01
chr14_75087658_G_C_b38	2	7.60925e-05	2.435e-01	2.104e-01
chr14_75066238_T_C_b38	2	7.60925e-05	2.435e-01	2.104e-01
chr14_75077767_T_A_b38	2	7.60925e-05	2.435e-01	2.104e-01
chr14_74968103_G_A_b38	2	7.13553e-05	9.326e-02	8.556e-02
chr14_75052490_T_C_b38	2	6.49781e-05	9.015e-02	9.845e-02
chr14_75039527_A_T_b38	2	6.01041e-05	-1.753e-02	9.631e-02
chr14_75035537_C_A_b38	2	6.01041e-05	-1.753e-02	9.631e-02
chr14_74975092_G_A_b38	2	5.56328e-05	4.626e-02	8.037e-02
chr14_75080249_G_A_b38	2	4.93819e-05	1.507e-01	2.531e-01
chr14_75074830_C_T_b38	2	4.17896e-05	-1.424e-01	2.110e-01
chr14_75076378_C_G_b38	2	4.17896e-05	-1.424e-01	2.110e-01
chr14_75069666_G_A_b38	2	4.17896e-05	-1.424e-01	2.110e-01
chr14_75056679_T_C_b38	2	3.70118e-05	-4.771e-02	2.507e-01
chr14_75062916_C_T_b38	2	3.46851e-05	-6.377e-02	2.321e-01
chr14_75093260_T_C_b38	2	3.37128e-05	-1.447e-01	1.460e-01
chr14_75088933_A_T_b38	2	3.37128e-05	-1.447e-01	1.460e-01
chr14_75102880_C_A_b38	2	3.37128e-05	-1.447e-01	1.460e-01
chr14_75061002_G_C_b38	2	3.37128e-05	-1.447e-01	1.460e-01
chr14_75071514_G_T_b38	2	3.37128e-05	-1.447e-01	1.460e-01
chr14_75101435_A_G_b38	2	3.37128e-05	-1.447e-01	1.460e-01
chr14_75082667_T_C_b38	2	3.37128e-05	-1.447e-01	1.460e-01
chr14_75096197_C_T_b38	2	3.37128e-05	-1.447e-01	1.460e-01
chr14_75100475_C_T_b38	2	3.37128e-05	-1.447e-01	1.460e-01
chr14_75083881_G_T_b38	2	3.37128e-05	-1.447e-01	1.460e-01
chr14_75076761_CTAAG_C_b38	2	3.37128e-05	-1.447e-01	1.460e-01
chr14_75075251_C_A_b38	2	3.37128e-05	-1.447e-01	1.460e-01
chr14_75061877_G_A_b38	2	3.37128e-05	-1.447e-01	1.460e-01
chr14_75082053_T_C_b38	2	3.21927e-05	-1.920e-01	1.438e-01
chr14_75088921_G_A_b38	2	3.21927e-05	-1.920e-01	1.438e-01
chr14_75058746_G_A_b38	2	3.18657e-05	-2.020e-01	1.381e-01
chr14_75066976_A_G_b38	2	2.88166e-05	8.076e-02	1.303e-01
chr14_75078517_C_A_b38	2	2.88166e-05	8.076e-02	1.303e-01
chr14_75095168_A_C_b38	2	2.88166e-05	8.076e-02	1.303e-01
chr14_75089723_G_A_b38	2	2.88166e-05	8.076e-02	1.303e-01
chr14_75102387_G_A_b38	2	2.88166e-05	8.076e-02	1.303e-01
chr14_75070678_C_T_b38	2	1.86174e-05	-1.753e-02	9.631e-02
chr14_74994480_C_T_b38	3	1.96531e-05	0.000e+00	0.000e+00
