chr3_138385793_G_A_b38	1	9.86142e-02	-1.207e-01	2.624e-02
chr3_138402667_A_G_b38	1	9.52117e-02	-1.283e-01	2.652e-02
chr3_138403635_C_T_b38	1	9.21120e-02	-1.263e-01	2.615e-02
chr3_138403280_C_T_b38	1	7.86748e-02	-1.257e-01	2.622e-02
chr3_138402356_C_T_b38	1	6.73279e-02	-1.260e-01	2.645e-02
chr3_138405272_T_G_b38	1	6.04424e-02	-1.254e-01	2.647e-02
chr3_138392909_C_T_b38	1	4.68176e-02	-1.169e-01	2.646e-02
chr3_138389510_G_A_b38	1	4.68176e-02	-1.169e-01	2.646e-02
chr3_138395449_C_G_b38	1	4.68176e-02	-1.169e-01	2.646e-02
chr3_138401110_T_C_b38	1	3.73585e-02	-1.212e-01	2.622e-02
chr3_138399143_C_T_b38	1	3.38206e-02	-1.207e-01	2.624e-02
chr3_138398722_A_G_b38	1	3.38206e-02	-1.207e-01	2.624e-02
chr3_138352059_C_T_b38	1	3.20812e-02	-9.914e-02	2.635e-02
chr3_138403078_A_T_b38	1	2.79628e-02	-1.216e-01	2.670e-02
chr3_138377255_A_C_b38	1	1.69356e-02	-1.090e-01	2.613e-02
chr3_138376683_T_C_b38	1	1.69356e-02	-1.090e-01	2.613e-02
chr3_138381411_G_A_b38	1	7.24223e-03	-1.199e-01	3.042e-02
chr3_138382973_A_G_b38	1	7.24223e-03	-1.199e-01	3.042e-02
chr3_138382008_A_T_b38	1	7.24223e-03	-1.199e-01	3.042e-02
chr3_138406810_AGTT_A_b38	1	5.12912e-03	-1.277e-01	3.087e-02
chr3_138410301_C_G_b38	1	4.37962e-03	-1.269e-01	3.099e-02
chr3_138333912_C_T_b38	1	3.34628e-03	8.794e-02	2.559e-02
chr3_138278900_G_T_b38	1	2.80179e-03	-1.143e-01	2.896e-02
chr3_138369222_G_C_b38	1	2.70454e-03	-8.486e-02	2.507e-02
chr3_138397838_A_G_b38	1	2.48126e-03	-1.199e-01	3.042e-02
chr3_138354812_ACT_A_b38	1	2.13970e-03	-9.309e-02	3.042e-02
chr3_138368625_A_C_b38	1	1.67285e-03	-8.119e-02	2.516e-02
chr3_138397863_C_T_b38	1	1.47320e-03	-1.195e-01	3.150e-02
chr3_138348474_G_C_b38	2	2.80607e-01	1.392e-01	4.317e-02
chr3_138386416_C_G_b38	2	1.27025e-02	1.230e-01	3.770e-02
chr3_138373186_G_A_b38	3	9.50386e-03	-1.826e-01	5.173e-02
chr3_138399033_C_T_b38	3	2.36707e-03	-1.792e-01	5.220e-02
chr3_138425745_C_T_b38	3	8.92593e-04	-1.762e-01	5.670e-02
