chr5_39428947_C_T_b38	1	2.16682e-01	-1.375e-01	2.738e-02
chr5_39431834_G_A_b38	1	1.38871e-01	-1.423e-01	2.889e-02
chr5_39427948_C_T_b38	1	9.83136e-02	-1.337e-01	2.760e-02
chr5_39427122_A_C_b38	1	7.69287e-02	-1.314e-01	2.745e-02
chr5_39428108_A_G_b38	1	7.69287e-02	-1.314e-01	2.745e-02
chr5_39418344_C_T_b38	1	3.03457e-02	-1.304e-01	2.853e-02
chr5_39437425_C_T_b38	1	2.39202e-02	-1.133e-01	2.653e-02
chr5_39421929_G_T_b38	1	2.19997e-02	-1.274e-01	2.836e-02
chr5_39426225_T_C_b38	1	1.78846e-02	-1.230e-01	2.770e-02
chr5_39432245_A_G_b38	1	1.77236e-02	-1.224e-01	2.759e-02
chr5_39428873_T_C_b38	1	1.74236e-02	-1.230e-01	2.774e-02
chr5_39427199_T_C_b38	1	1.55110e-02	-1.226e-01	2.784e-02
chr5_39425918_T_C_b38	1	1.55110e-02	-1.226e-01	2.784e-02
chr5_39436358_G_T_b38	1	1.48932e-02	-1.216e-01	2.766e-02
chr5_39421177_G_A_b38	1	1.45118e-02	-1.252e-01	2.854e-02
chr5_39428705_A_G_b38	1	1.38067e-02	-1.219e-01	2.785e-02
chr5_39417744_T_C_b38	1	1.16051e-02	-1.273e-01	2.938e-02
chr5_39432771_C_A_b38	1	8.78191e-03	-1.176e-01	2.761e-02
chr5_39427053_A_G_b38	1	8.70599e-03	-1.175e-01	2.760e-02
chr5_39426349_C_T_b38	1	8.70599e-03	-1.175e-01	2.760e-02
chr5_39426947_C_T_b38	1	8.70599e-03	-1.175e-01	2.760e-02
chr5_39437520_A_G_b38	1	8.61081e-03	-1.051e-01	2.626e-02
chr5_39418319_A_G_b38	1	7.47695e-03	-1.172e-01	2.778e-02
chr5_39427610_C_T_b38	1	6.95791e-03	-1.167e-01	2.779e-02
chr5_39427668_C_A_b38	1	6.95791e-03	-1.167e-01	2.779e-02
chr5_39428297_C_T_b38	1	6.95791e-03	-1.167e-01	2.779e-02
chr5_39427921_A_G_b38	1	6.95791e-03	-1.167e-01	2.779e-02
chr5_39426696_T_C_b38	1	6.95791e-03	-1.167e-01	2.779e-02
chr5_39428290_T_C_b38	1	6.95791e-03	-1.167e-01	2.779e-02
chr5_39435977_G_A_b38	1	6.71138e-03	-1.207e-01	2.881e-02
chr5_39433919_C_T_b38	1	5.25957e-03	-1.130e-01	2.739e-02
chr5_39429414_C_G_b38	1	4.86133e-03	-1.141e-01	2.781e-02
chr5_39432382_C_T_b38	1	4.85445e-03	-1.123e-01	2.736e-02
chr5_39432739_A_G_b38	1	4.54917e-03	-1.120e-01	2.740e-02
chr5_39435122_T_C_b38	1	4.20493e-03	-1.116e-01	2.745e-02
chr5_39436727_C_T_b38	1	4.20493e-03	-1.116e-01	2.745e-02
chr5_39419648_G_T_b38	1	3.31607e-03	-1.191e-01	2.977e-02
chr5_39432825_T_C_b38	1	3.30737e-03	-1.101e-01	2.752e-02
chr5_39435072_C_T_b38	1	2.77592e-03	-1.085e-01	2.745e-02
chr5_39429820_C_G_b38	1	2.31709e-03	-1.072e-01	2.747e-02
chr5_39465808_T_A_b38	2	1.01545e-02	-7.596e-02	3.270e-02
chr5_39455636_G_A_b38	2	1.09441e-03	-4.576e-02	2.807e-02
chr5_39456187_T_A_b38	2	9.43440e-04	-4.561e-02	3.019e-02
chr5_39471982_T_C_b38	2	8.96647e-04	-3.849e-02	2.970e-02
chr5_39471986_C_A_b38	2	8.96647e-04	-3.849e-02	2.970e-02
chr5_39471816_C_T_b38	2	8.96647e-04	-3.849e-02	2.970e-02
chr5_39480480_C_G_b38	2	3.87724e-04	4.174e-02	2.989e-02
chr5_39480220_G_A_b38	2	3.52307e-04	3.907e-02	2.960e-02
chr5_39479182_C_T_b38	2	3.52307e-04	3.907e-02	2.960e-02
chr5_39472786_T_C_b38	2	3.52307e-04	-3.907e-02	2.960e-02
chr5_39450344_ATTGT_A_b38	2	3.21664e-04	-3.564e-02	2.798e-02
chr5_39496564_A_G_b38	2	3.05495e-04	5.846e-02	3.059e-02
chr5_39493749_A_G_b38	2	2.51338e-04	-5.619e-02	3.136e-02
chr5_39509191_C_T_b38	2	8.53881e-05	4.252e-02	2.955e-02
chr5_39509072_A_G_b38	2	8.39196e-05	4.265e-02	2.999e-02
chr5_39503449_A_G_b38	2	7.33774e-05	3.917e-02	2.959e-02
chr5_39505478_T_C_b38	2	7.33774e-05	3.917e-02	2.959e-02
chr5_39499390_G_A_b38	2	7.33774e-05	3.917e-02	2.959e-02
chr5_39503532_G_C_b38	2	6.79792e-05	3.720e-02	2.963e-02
