chr16_28933075_C_G_b38	1	8.08489e-02	-5.039e-01	8.362e-02
chr16_28914657_T_C_b38	1	4.51990e-02	-4.884e-01	8.241e-02
chr16_28911422_A_G_b38	1	2.42351e-02	-4.786e-01	8.276e-02
chr16_28910488_T_C_b38	1	2.42351e-02	-4.786e-01	8.276e-02
chr16_28814986_A_G_b38	1	2.04393e-02	4.659e-01	8.500e-02
chr16_28825882_T_G_b38	1	2.04393e-02	4.659e-01	8.500e-02
chr16_28813364_T_C_b38	1	2.04393e-02	4.659e-01	8.500e-02
chr16_28811776_A_G_b38	1	2.04393e-02	4.659e-01	8.500e-02
chr16_28829060_A_G_b38	1	2.04393e-02	4.659e-01	8.500e-02
chr16_28912200_C_T_b38	1	1.75116e-02	-4.726e-01	8.267e-02
chr16_28912197_GA_G_b38	1	1.75116e-02	-4.726e-01	8.267e-02
chr16_28910828_C_T_b38	1	1.30260e-02	-4.666e-01	8.212e-02
chr16_28899803_TA_T_b38	1	1.15893e-02	-4.481e-01	7.900e-02
chr16_28820038_T_C_b38	1	1.01281e-02	4.478e-01	8.243e-02
chr16_28821978_C_A_b38	1	1.01281e-02	4.478e-01	8.243e-02
chr16_28821776_A_G_b38	1	1.01281e-02	4.478e-01	8.243e-02
chr16_28821061_C_T_b38	1	1.01281e-02	4.478e-01	8.243e-02
chr16_28824884_T_C_b38	1	1.01281e-02	4.478e-01	8.243e-02
chr16_28921927_C_T_b38	1	1.00378e-02	-4.552e-01	8.139e-02
chr16_28883809_A_G_b38	1	7.30566e-03	4.378e-01	8.172e-02
chr16_28944381_AGCCCAGCT_A_b38	1	6.12267e-03	-4.948e-01	8.422e-02
chr16_28941317_T_C_b38	1	6.12267e-03	-4.948e-01	8.422e-02
chr16_28857641_C_G_b38	1	5.81748e-03	4.319e-01	8.110e-02
chr16_28830456_C_T_b38	1	5.55006e-03	4.396e-01	8.382e-02
chr16_28882403_ACT_A_b38	1	5.55006e-03	4.396e-01	8.382e-02
chr16_28854595_G_A_b38	1	5.55006e-03	4.396e-01	8.382e-02
chr16_28860336_C_A_b38	1	5.55006e-03	4.396e-01	8.382e-02
chr16_28837347_T_C_b38	1	5.55006e-03	4.396e-01	8.382e-02
chr16_28828414_C_G_b38	1	5.55006e-03	4.396e-01	8.382e-02
chr16_28831263_G_GGTTGT_b38	1	5.55006e-03	4.396e-01	8.382e-02
chr16_28828071_G_A_b38	1	5.55006e-03	4.396e-01	8.382e-02
chr16_28861033_G_C_b38	1	5.55006e-03	4.396e-01	8.382e-02
chr16_28872520_C_T_b38	1	5.55006e-03	4.396e-01	8.382e-02
chr16_28878376_C_CT_b38	1	5.55006e-03	4.396e-01	8.382e-02
chr16_28859641_G_A_b38	1	5.55006e-03	4.396e-01	8.382e-02
chr16_28882250_T_C_b38	1	5.55006e-03	4.396e-01	8.382e-02
chr16_28874338_C_T_b38	1	5.55006e-03	4.396e-01	8.382e-02
chr16_28925938_T_C_b38	1	5.35161e-03	-4.483e-01	8.176e-02
chr16_28922147_C_T_b38	1	5.35161e-03	-4.483e-01	8.176e-02
chr16_28824359_T_TG_b38	1	5.26870e-03	4.421e-01	8.389e-02
chr16_28477048_A_T_b38	1	4.66627e-03	4.531e-01	8.393e-02
chr16_28473820_T_C_b38	1	4.66627e-03	4.531e-01	8.393e-02
chr16_28485738_T_A_b38	1	4.62218e-03	4.524e-01	8.345e-02
chr16_28479196_T_C_b38	1	4.62218e-03	4.524e-01	8.345e-02
chr16_28484431_C_T_b38	1	4.62218e-03	4.524e-01	8.345e-02
chr16_28475735_A_G_b38	1	4.62218e-03	4.524e-01	8.345e-02
chr16_28481189_C_A_b38	1	4.62218e-03	4.524e-01	8.345e-02
chr16_28754838_A_G_b38	1	4.10353e-03	3.761e-01	7.459e-02
chr16_28904206_G_A_b38	1	3.69957e-03	-4.338e-01	8.053e-02
chr16_28908020_A_G_b38	1	3.69957e-03	-4.338e-01	8.053e-02
chr16_28908262_A_ATT_b38	1	3.69957e-03	-4.338e-01	8.053e-02
chr16_28554837_G_T_b38	1	3.64457e-03	4.121e-01	7.575e-02
chr16_28554346_C_G_b38	1	3.64457e-03	4.121e-01	7.575e-02
chr16_28550661_T_C_b38	1	3.64457e-03	4.121e-01	7.575e-02
chr16_28843448_A_G_b38	1	2.87779e-03	4.209e-01	8.028e-02
chr16_28859275_A_G_b38	1	2.87779e-03	4.209e-01	8.028e-02
chr16_28853352_T_C_b38	1	2.87779e-03	4.209e-01	8.028e-02
chr16_28832963_A_G_b38	1	2.87779e-03	4.209e-01	8.028e-02
chr16_28835545_G_A_b38	1	2.87779e-03	4.209e-01	8.028e-02
chr16_28878165_C_A_b38	1	2.87779e-03	4.209e-01	8.028e-02
chr16_28837497_A_G_b38	1	2.87779e-03	4.209e-01	8.028e-02
chr16_28840056_C_CCT_b38	1	2.87779e-03	4.209e-01	8.028e-02
chr16_28860539_A_G_b38	1	2.87779e-03	4.209e-01	8.028e-02
chr16_28842675_A_C_b38	1	2.87779e-03	4.209e-01	8.028e-02
chr16_28844201_G_C_b38	1	2.87779e-03	4.209e-01	8.028e-02
chr16_28863226_C_G_b38	1	2.87779e-03	4.209e-01	8.028e-02
chr16_28856483_C_T_b38	1	2.87779e-03	4.209e-01	8.028e-02
chr16_28878386_CA_C_b38	1	2.87779e-03	4.209e-01	8.028e-02
chr16_28871920_A_G_b38	1	2.87779e-03	4.209e-01	8.028e-02
chr16_28831797_A_G_b38	1	2.87779e-03	4.209e-01	8.028e-02
chr16_28835828_G_C_b38	1	2.87779e-03	4.209e-01	8.028e-02
chr16_28848481_A_G_b38	1	2.87779e-03	4.209e-01	8.028e-02
chr16_28835519_T_G_b38	1	2.87779e-03	4.209e-01	8.028e-02
chr16_28863883_A_T_b38	1	2.87779e-03	4.209e-01	8.028e-02
chr16_28878810_C_A_b38	1	2.87779e-03	4.209e-01	8.028e-02
chr16_28854571_C_T_b38	1	2.87779e-03	4.209e-01	8.028e-02
chr16_28882088_T_C_b38	1	2.87779e-03	4.209e-01	8.028e-02
chr16_28860532_C_T_b38	1	2.87779e-03	4.209e-01	8.028e-02
chr16_28833706_TGATCAGGG_T_b38	1	2.87779e-03	4.209e-01	8.028e-02
chr16_28880144_C_T_b38	1	2.87779e-03	4.209e-01	8.028e-02
chr16_28831704_C_T_b38	1	2.87779e-03	4.209e-01	8.028e-02
chr16_28871103_T_C_b38	1	2.87779e-03	4.209e-01	8.028e-02
chr16_28882211_A_G_b38	1	2.87779e-03	4.209e-01	8.028e-02
chr16_28863801_T_G_b38	1	2.87779e-03	4.209e-01	8.028e-02
chr16_28860668_A_G_b38	1	2.87779e-03	4.209e-01	8.028e-02
chr16_28864161_A_G_b38	1	2.87779e-03	4.209e-01	8.028e-02
chr16_28833044_G_A_b38	1	2.87779e-03	4.209e-01	8.028e-02
chr16_28850413_A_C_b38	1	2.87779e-03	4.209e-01	8.028e-02
chr16_28828609_G_T_b38	1	2.87779e-03	4.209e-01	8.028e-02
chr16_28868163_A_G_b38	1	2.87779e-03	4.209e-01	8.028e-02
chr16_28833930_G_A_b38	1	2.87779e-03	4.209e-01	8.028e-02
chr16_28850560_C_T_b38	1	2.87779e-03	4.209e-01	8.028e-02
chr16_28853721_T_C_b38	1	2.87779e-03	4.209e-01	8.028e-02
chr16_28862077_G_A_b38	1	2.87779e-03	4.209e-01	8.028e-02
chr16_28844406_A_G_b38	1	2.87779e-03	4.209e-01	8.028e-02
chr16_28828104_T_C_b38	1	2.87779e-03	4.209e-01	8.028e-02
chr16_28861277_T_C_b38	1	2.87779e-03	4.209e-01	8.028e-02
chr16_28869881_A_C_b38	1	2.87779e-03	4.209e-01	8.028e-02
chr16_28848862_G_A_b38	1	2.58446e-03	4.230e-01	8.110e-02
chr16_28848916_C_G_b38	1	2.58446e-03	4.230e-01	8.110e-02
chr16_28814284_G_A_b38	1	2.43445e-03	4.122e-01	7.871e-02
chr16_28817513_A_C_b38	1	2.43445e-03	4.122e-01	7.871e-02
chr16_28814099_C_T_b38	1	2.43445e-03	4.122e-01	7.871e-02
chr16_28814632_A_G_b38	1	2.43445e-03	4.122e-01	7.871e-02
chr16_28813779_T_C_b38	1	2.43445e-03	4.122e-01	7.871e-02
chr16_28816177_T_C_b38	1	2.43445e-03	4.122e-01	7.871e-02
chr16_28814545_T_G_b38	1	2.43445e-03	4.122e-01	7.871e-02
chr16_28814456_C_T_b38	1	2.43445e-03	4.122e-01	7.871e-02
chr16_28811719_AT_A_b38	1	2.43445e-03	4.122e-01	7.871e-02
chr16_28916497_C_A_b38	1	2.36573e-03	-4.159e-01	7.786e-02
chr16_28377852_G_A_b38	1	2.28571e-03	4.480e-01	7.820e-02
chr16_28851566_TCTC_T_b38	1	2.27142e-03	4.135e-01	7.934e-02
chr16_28519966_A_G_b38	1	2.11208e-03	4.360e-01	8.150e-02
chr16_28884694_C_T_b38	1	2.08105e-03	4.222e-01	7.999e-02
chr16_28886131_G_A_b38	1	2.08105e-03	4.222e-01	7.999e-02
chr16_28894763_G_C_b38	1	2.08105e-03	-4.222e-01	7.999e-02
chr16_28906323_T_C_b38	1	2.08105e-03	-4.222e-01	7.999e-02
chr16_28902466_T_C_b38	1	2.08105e-03	-4.222e-01	7.999e-02
chr16_28903896_G_A_b38	1	1.74690e-03	-4.247e-01	8.144e-02
chr16_28544385_T_A_b38	1	1.50385e-03	3.945e-01	7.503e-02
chr16_28826585_A_G_b38	1	1.39848e-03	4.064e-01	7.993e-02
chr16_28855740_T_C_b38	1	1.27808e-03	4.052e-01	7.949e-02
chr16_28874610_T_C_b38	1	1.22599e-03	4.012e-01	7.876e-02
chr16_28806466_A_G_b38	1	1.11207e-03	4.131e-01	8.252e-02
chr16_28887472_T_C_b38	1	1.02069e-03	3.953e-01	7.691e-02
chr16_28520032_C_T_b38	1	1.01751e-03	4.010e-01	7.758e-02
chr16_28518628_T_C_b38	1	1.01751e-03	4.010e-01	7.758e-02
chr16_28518395_C_T_b38	1	1.01751e-03	4.010e-01	7.758e-02
chr16_28881816_G_A_b38	1	9.59208e-04	4.325e-01	8.417e-02
chr16_28532060_G_A_b38	1	8.90112e-04	3.972e-01	7.733e-02
chr16_28530073_T_C_b38	1	8.90112e-04	3.972e-01	7.733e-02
chr16_28738398_C_T_b38	2	7.62098e-02	7.915e-01	1.859e-01
chr16_28818992_C_T_b38	2	1.21391e-02	8.565e-01	1.837e-01
chr16_28810356_G_A_b38	2	1.21391e-02	8.565e-01	1.837e-01
chr16_28740457_C_T_b38	2	6.74723e-03	7.646e-01	1.903e-01
chr16_28805124_G_A_b38	2	4.96262e-04	7.105e-01	1.772e-01
chr16_28639021_A_T_b38	2	4.36929e-04	5.745e-01	1.907e-01
chr16_28813857_C_T_b38	2	8.76304e-05	5.920e-01	1.617e-01
chr16_28640160_A_C_b38	3	5.66065e-04	-4.363e-01	1.488e-01
chr16_28640453_C_G_b38	3	1.39474e-05	0.000e+00	0.000e+00
