chr19_43583574_C_G_b38	1	5.20615e-01	2.413e-01	3.303e-02
chr19_43571109_TCA_T_b38	1	2.03097e-01	2.423e-01	3.324e-02
chr19_43567108_C_A_b38	1	1.06229e-01	2.426e-01	3.322e-02
chr19_43570060_A_G_b38	1	5.61522e-02	2.407e-01	3.341e-02
chr19_43562442_AT_A_b38	1	5.26082e-02	2.407e-01	3.346e-02
chr19_43580251_G_A_b38	1	4.72975e-02	2.270e-01	3.450e-02
chr19_43578277_C_A_b38	1	4.35956e-03	2.260e-01	3.468e-02
chr19_43578398_C_A_b38	1	4.35956e-03	2.260e-01	3.468e-02
chr19_43581675_C_T_b38	1	4.33800e-03	2.260e-01	3.468e-02
chr19_43580199_G_T_b38	2	5.99576e-01	-1.639e-01	4.462e-02
chr19_43579276_C_T_b38	2	1.14088e-01	-1.630e-01	4.447e-02
chr19_43574386_A_T_b38	2	2.82760e-02	-1.606e-01	4.405e-02
chr19_43571484_G_A_b38	2	2.82760e-02	-1.606e-01	4.405e-02
chr19_43570651_G_A_b38	2	2.82760e-02	-1.606e-01	4.405e-02
chr19_43558738_G_A_b38	2	2.27303e-02	-1.772e-01	4.704e-02
chr19_43558622_C_G_b38	2	2.27303e-02	-1.772e-01	4.704e-02
chr19_43564423_A_C_b38	2	1.31609e-02	-1.603e-01	4.400e-02
chr19_43543161_ATTCCCAG_A_b38	2	6.65056e-03	-1.813e-01	4.735e-02
chr19_43547347_C_T_b38	2	5.38482e-03	-1.776e-01	4.683e-02
chr19_43551492_G_A_b38	2	4.79849e-03	-1.760e-01	4.682e-02
chr19_43568739_T_TGAGGGAGCAGGAGTTGGG_b38	2	3.59052e-03	-1.541e-01	4.576e-02
chr19_43580738_T_TA_b38	3	7.29620e-02	-1.248e-01	5.230e-02
chr19_43580742_T_C_b38	3	7.29620e-02	-1.248e-01	5.230e-02
chr19_43582149_T_C_b38	3	1.14453e-02	-1.252e-01	5.227e-02
chr19_43578285_C_T_b38	3	9.72152e-03	-1.212e-01	5.228e-02
chr19_43559254_T_C_b38	3	6.64231e-03	-1.499e-01	5.179e-02
chr19_43556501_G_C_b38	3	5.95072e-03	-1.492e-01	5.183e-02
chr19_43559255_G_A_b38	3	4.93446e-03	-1.457e-01	5.198e-02
chr19_43559250_A_G_b38	3	4.93446e-03	-1.457e-01	5.198e-02
chr19_43565880_AGT_A_b38	3	2.36725e-03	-1.377e-01	5.210e-02
chr19_43569410_A_G_b38	3	2.36725e-03	-1.377e-01	5.210e-02
chr19_43574076_ATTATT_A_b38	3	1.99212e-03	-1.229e-01	5.384e-02
chr19_43545709_G_T_b38	3	1.07799e-03	-1.491e-01	5.168e-02
chr19_43542576_T_C_b38	3	1.07799e-03	-1.491e-01	5.168e-02
chr19_43538047_A_G_b38	3	1.07799e-03	-1.491e-01	5.168e-02
chr19_43549744_G_GGTCTC_b38	3	1.07799e-03	-1.491e-01	5.168e-02
chr19_43534795_G_A_b38	3	1.07799e-03	-1.491e-01	5.168e-02
chr19_43547432_C_T_b38	3	8.88687e-04	-1.443e-01	5.135e-02
chr19_43553896_G_A_b38	3	8.30788e-04	-1.448e-01	5.203e-02
chr19_43553422_G_A_b38	3	8.30788e-04	-1.448e-01	5.203e-02
chr19_43547406_G_A_b38	3	5.71074e-04	-1.228e-01	4.643e-02
chr19_43536101_A_G_b38	3	1.86501e-14	0.000e+00	0.000e+00
chr19_43549765_C_G_b38	3	1.86501e-14	0.000e+00	0.000e+00
chr19_43620216_G_T_b38	3	2.90251e-15	0.000e+00	0.000e+00
chr19_43580520_G_C_b38	4	2.70465e-03	-3.160e-02	9.005e-02
chr19_43579630_G_GGTTCAC_b38	4	8.05219e-04	-3.208e-02	8.951e-02
chr19_43582803_T_G_b38	4	2.82547e-04	9.005e-03	8.784e-02
chr19_43567459_G_A_b38	4	2.75454e-05	-1.913e-02	9.230e-02
chr19_43560351_G_A_b38	4	2.75454e-05	-1.913e-02	9.230e-02
chr19_43540170_A_C_b38	4	1.42481e-15	0.000e+00	0.000e+00
chr19_43541521_C_T_b38	4	1.42481e-15	0.000e+00	0.000e+00
chr19_43553820_G_A_b38	4	1.42246e-15	0.000e+00	0.000e+00
chr19_43539452_G_C_b38	4	1.33343e-15	0.000e+00	0.000e+00
