chr10_3148307_A_T_b38	1	5.39898e-01	5.226e-01	1.056e-01
chr10_3182259_T_C_b38	1	1.73331e-01	5.745e-01	1.287e-01
chr10_3183352_T_G_b38	1	1.71428e-01	4.704e-01	1.030e-01
chr10_3177942_A_G_b38	2	4.02902e-01	-4.551e-01	9.972e-02
chr10_3151220_C_T_b38	2	3.44468e-01	-6.311e-01	1.309e-01
chr10_3140852_T_TA_b38	2	1.17780e-01	-6.310e-01	1.309e-01
chr10_3162442_T_C_b38	3	2.99747e-02	5.128e-01	1.463e-01
chr10_3165513_G_C_b38	3	9.21308e-03	3.549e-01	1.292e-01
chr10_3166320_G_A_b38	3	9.20850e-03	3.549e-01	1.292e-01
chr10_3172803_AC_A_b38	4	1.46068e-03	1.431e-01	1.297e-01
chr10_3173156_A_G_b38	4	1.43234e-03	1.379e-01	1.322e-01
chr10_3172324_A_G_b38	4	3.55907e-04	1.445e-01	1.217e-01
chr10_3172177_A_G_b38	4	3.02411e-04	9.288e-02	1.524e-01
chr10_3175559_G_C_b38	4	2.97430e-04	2.263e-01	7.589e-02
chr10_3177253_T_C_b38	4	2.60844e-04	2.179e-01	7.448e-02
chr10_3180987_A_G_b38	4	1.53304e-04	2.136e-01	7.509e-02
chr10_3174195_T_A_b38	4	1.34346e-04	1.323e-01	1.248e-01
chr10_3171372_T_C_b38	4	1.30595e-04	8.828e-02	1.516e-01
chr10_3183736_A_G_b38	4	1.28860e-04	2.273e-01	7.416e-02
chr10_3175177_G_T_b38	4	1.27858e-04	1.154e-01	1.341e-01
chr10_3170603_C_G_b38	4	1.13295e-04	-2.072e-02	1.674e-01
chr10_3173961_C_G_b38	4	1.10248e-04	1.047e-01	1.289e-01
chr10_3182617_A_C_b38	4	1.08435e-04	2.031e-01	7.551e-02
chr10_3178786_G_A_b38	4	7.70980e-05	1.815e-01	7.177e-02
chr10_3178180_A_G_b38	4	7.70980e-05	1.815e-01	7.177e-02
chr10_3178667_G_A_b38	4	7.70980e-05	1.815e-01	7.177e-02
chr10_3176072_C_G_b38	4	6.96608e-05	1.648e-01	7.451e-02
chr10_3176265_C_T_b38	4	6.96608e-05	1.648e-01	7.451e-02
chr10_3177207_T_C_b38	4	6.79148e-05	1.620e-01	7.374e-02
chr10_3177602_A_G_b38	4	6.79148e-05	1.620e-01	7.374e-02
chr10_3177327_C_CT_b38	4	4.79333e-05	1.436e-01	7.789e-02
chr10_3162995_C_T_b38	4	3.50103e-05	2.964e-02	1.654e-01
chr10_3165948_G_C_b38	4	3.50103e-05	2.964e-02	1.654e-01
chr10_3163835_A_G_b38	4	3.50103e-05	2.964e-02	1.654e-01
chr10_3166389_G_GA_b38	4	3.50103e-05	2.964e-02	1.654e-01
chr10_3163517_C_A_b38	4	3.50103e-05	2.964e-02	1.654e-01
chr10_3166018_T_C_b38	4	3.50103e-05	2.964e-02	1.654e-01
chr10_3164173_T_C_b38	4	3.25359e-05	1.483e-01	7.603e-02
chr10_3167680_A_G_b38	4	3.25359e-05	1.483e-01	7.603e-02
chr10_3163659_C_G_b38	4	3.25359e-05	1.483e-01	7.603e-02
chr10_3166365_A_G_b38	4	3.17567e-05	2.085e-03	1.641e-01
chr10_3164064_C_A_b38	4	3.15112e-05	1.262e-01	7.495e-02
chr10_3163002_G_A_b38	4	3.15112e-05	1.262e-01	7.495e-02
chr10_3166391_A_AGAGGAATGGCACGCTAGGGAAGGC_b38	4	3.14458e-05	1.274e-01	7.557e-02
chr10_3162369_C_T_b38	4	1.24107e-05	1.483e-01	7.603e-02
chr10_3148989_T_C_b38	4	1.13078e-05	0.000e+00	0.000e+00
chr10_3162490_A_G_b38	4	1.12850e-05	0.000e+00	0.000e+00
chr10_3160848_A_C_b38	4	1.10582e-05	1.360e-01	7.208e-02
chr10_3161306_T_C_b38	4	9.42070e-06	0.000e+00	0.000e+00
chr10_3159948_C_T_b38	4	9.42070e-06	0.000e+00	0.000e+00
chr10_3159873_T_C_b38	4	8.75703e-06	0.000e+00	0.000e+00
chr10_3125273_A_G_b38	4	2.88408e-06	0.000e+00	0.000e+00
chr10_3126537_A_T_b38	4	2.67552e-06	0.000e+00	0.000e+00
chr10_3128505_T_TCA_b38	4	2.66421e-06	0.000e+00	0.000e+00
chr10_3125791_A_G_b38	4	2.59972e-06	0.000e+00	0.000e+00
chr10_3126853_C_T_b38	4	2.34703e-06	0.000e+00	0.000e+00
chr10_3128727_A_G_b38	4	2.34703e-06	0.000e+00	0.000e+00
chr10_3128064_A_G_b38	4	2.34703e-06	0.000e+00	0.000e+00
chr10_3146620_G_C_b38	4	2.19221e-06	0.000e+00	0.000e+00
chr10_3123666_A_G_b38	4	1.76526e-06	0.000e+00	0.000e+00
chr10_3123657_T_C_b38	4	1.76526e-06	0.000e+00	0.000e+00
chr10_3123780_T_C_b38	4	1.76526e-06	0.000e+00	0.000e+00
chr10_3123518_G_A_b38	4	1.76526e-06	0.000e+00	0.000e+00
chr10_3123513_C_G_b38	4	1.76526e-06	0.000e+00	0.000e+00
chr10_3123662_C_A_b38	4	1.76526e-06	0.000e+00	0.000e+00
chr10_3123896_G_T_b38	4	1.55270e-06	0.000e+00	0.000e+00
