chr5_56909530_A_G_b38	1	2.62316e-01	1.181e+00	3.764e-02
chr5_56926111_T_C_b38	1	2.51306e-01	1.191e+00	3.725e-02
chr5_56946496_C_T_b38	1	9.63366e-02	-1.191e+00	3.712e-02
chr5_56941308_T_A_b38	1	9.63366e-02	-1.191e+00	3.712e-02
chr5_56951701_G_T_b38	1	9.63366e-02	-1.191e+00	3.712e-02
chr5_56947858_T_C_b38	1	9.63366e-02	-1.191e+00	3.712e-02
chr5_56941328_G_A_b38	1	9.63366e-02	-1.191e+00	3.712e-02
chr5_56930997_CT_C_b38	1	4.54936e-03	1.183e+00	3.672e-02
chr5_56910246_G_T_b38	2	2.97920e-01	2.012e-01	5.537e-02
chr5_56912587_G_T_b38	2	1.29207e-01	2.058e-01	6.035e-02
chr5_56916768_C_T_b38	2	1.10898e-01	2.087e-01	6.365e-02
chr5_56917845_G_A_b38	2	7.92407e-02	2.050e-01	5.899e-02
chr5_56916164_C_T_b38	2	7.92407e-02	2.050e-01	5.899e-02
chr5_56915096_G_A_b38	2	7.92407e-02	2.050e-01	5.899e-02
chr5_56933953_GGA_G_b38	2	3.83647e-02	2.034e-01	5.662e-02
chr5_56924555_T_C_b38	2	3.83647e-02	2.034e-01	5.662e-02
chr5_56919325_T_C_b38	2	3.83647e-02	2.034e-01	5.662e-02
chr5_56910848_C_A_b38	2	3.25303e-02	1.874e-01	5.082e-02
chr5_56950783_A_G_b38	2	1.51593e-02	-2.014e-01	5.335e-02
chr5_56933461_C_T_b38	2	1.50066e-02	2.020e-01	7.442e-02
chr5_56930583_T_C_b38	2	1.50066e-02	2.020e-01	7.442e-02
chr5_56907946_G_A_b38	2	1.31179e-02	1.729e-01	2.809e-02
chr5_56939721_C_T_b38	2	4.05075e-03	-1.932e-01	3.074e-02
chr5_56954015_C_G_b38	2	3.70573e-03	-1.957e-01	4.617e-02
chr5_56926531_A_T_b38	2	3.64825e-03	1.901e-01	5.444e-02
chr5_56944425_A_G_b38	2	3.15416e-03	-2.019e-01	7.138e-02
chr5_56931499_T_A_b38	2	2.38745e-03	1.780e-01	2.812e-02
chr5_56928512_G_T_b38	2	1.18547e-03	1.756e-01	2.809e-02
chr5_56909835_T_G_b38	3	2.86162e-02	-2.309e-01	8.498e-02
chr5_56909816_A_G_b38	3	6.26498e-03	-1.001e-01	4.576e-02
chr5_56902323_A_C_b38	3	5.23780e-03	-2.587e-01	9.074e-02
chr5_56910702_C_T_b38	3	3.77595e-03	-1.100e-01	4.382e-02
chr5_56911296_T_A_b38	3	3.07952e-03	-1.110e-01	4.679e-02
chr5_56911965_C_T_b38	3	2.80700e-03	-1.928e-01	9.620e-02
chr5_56913423_G_A_b38	3	2.64445e-03	-1.828e-01	9.233e-02
chr5_56901589_G_A_b38	3	2.62772e-03	-2.561e-01	1.057e-01
chr5_56903375_G_A_b38	3	2.01475e-03	-2.450e-01	1.093e-01
chr5_56917507_C_T_b38	3	1.40090e-03	-1.858e-01	9.142e-02
chr5_56917579_G_C_b38	3	1.40090e-03	-1.858e-01	9.142e-02
chr5_56913448_G_A_b38	3	1.30725e-03	-9.675e-02	4.551e-02
chr5_56900019_A_G_b38	3	9.42377e-04	-1.741e-01	9.644e-02
chr5_56863751_T_C_b38	3	6.81437e-04	-1.289e-01	4.027e-02
chr5_56925501_A_G_b38	3	4.93898e-04	-1.811e-01	9.153e-02
chr5_56899965_C_T_b38	3	4.06588e-04	-8.107e-02	4.417e-02
chr5_56900777_G_A_b38	3	4.06588e-04	-8.107e-02	4.417e-02
chr5_56901687_C_G_b38	3	2.61019e-04	-8.102e-02	6.584e-02
chr5_56905523_A_G_b38	3	8.74009e-05	-4.081e-03	4.645e-02
chr5_56922202_C_T_b38	3	6.85686e-05	-9.582e-02	4.534e-02
chr5_56895159_A_G_b38	3	2.56573e-05	-6.710e-02	5.309e-02
chr5_56889316_G_A_b38	3	2.49387e-05	-6.465e-02	5.439e-02
chr5_56928893_C_T_b38	4	3.70097e-04	-2.246e-01	5.717e-02
chr5_56872885_C_T_b38	4	3.07347e-04	-2.387e-01	5.695e-02
chr5_56942055_CAGTTAAGTTTA_C_b38	4	2.91743e-04	-2.642e-01	6.403e-02
chr5_56955926_G_A_b38	4	1.72736e-04	-2.167e-01	5.333e-02
chr5_56958945_A_G_b38	4	1.64517e-04	-2.154e-01	5.333e-02
chr5_56856968_G_A_b38	4	8.39747e-05	-2.737e-01	6.317e-02
chr5_56890612_G_A_b38	4	7.47522e-05	-1.810e-01	5.128e-02
chr5_56889099_G_C_b38	4	3.54356e-05	-1.745e-01	5.120e-02
chr5_56838733_T_G_b38	4	3.25545e-05	-2.419e-01	5.693e-02
chr5_56845328_A_G_b38	4	3.25545e-05	-2.419e-01	5.693e-02
chr5_56960390_G_A_b38	4	9.85980e-06	0.000e+00	0.000e+00
chr5_56960656_C_T_b38	4	9.85980e-06	0.000e+00	0.000e+00
chr5_56908291_C_T_b38	4	6.51954e-143	0.000e+00	0.000e+00
chr5_56910874_A_G_b38	4	2.33348e-143	0.000e+00	0.000e+00
chr5_56911884_T_C_b38	4	1.65376e-143	0.000e+00	0.000e+00
chr5_56903684_C_T_b38	4	1.64892e-143	0.000e+00	0.000e+00
chr5_56917329_A_G_b38	4	1.33639e-143	0.000e+00	0.000e+00
chr5_56917065_CATG_C_b38	4	1.28560e-143	0.000e+00	0.000e+00
chr5_56916359_A_G_b38	4	1.02852e-143	0.000e+00	0.000e+00
chr5_56918633_A_ACTT_b38	4	1.02852e-143	0.000e+00	0.000e+00
chr5_56915577_T_C_b38	4	1.02852e-143	0.000e+00	0.000e+00
chr5_56917812_A_C_b38	4	1.02852e-143	0.000e+00	0.000e+00
chr5_56918114_T_TATC_b38	4	9.60887e-144	0.000e+00	0.000e+00
chr5_56926912_C_T_b38	4	9.45351e-144	0.000e+00	0.000e+00
chr5_56900449_G_A_b38	4	7.78522e-144	0.000e+00	0.000e+00
chr5_56932640_G_A_b38	4	6.55293e-144	0.000e+00	0.000e+00
chr5_56928051_A_AT_b38	4	6.55293e-144	0.000e+00	0.000e+00
chr5_56932618_G_A_b38	4	6.55293e-144	0.000e+00	0.000e+00
chr5_56925710_A_G_b38	4	6.55293e-144	0.000e+00	0.000e+00
chr5_56929449_C_T_b38	4	6.55293e-144	0.000e+00	0.000e+00
chr5_56931552_G_GATAA_b38	4	5.04329e-144	0.000e+00	0.000e+00
chr5_56921369_A_G_b38	4	5.04329e-144	0.000e+00	0.000e+00
chr5_56921702_T_C_b38	4	5.04329e-144	0.000e+00	0.000e+00
chr5_56923871_T_C_b38	4	5.04329e-144	0.000e+00	0.000e+00
chr5_56925172_G_A_b38	4	5.04329e-144	0.000e+00	0.000e+00
chr5_56919926_G_A_b38	4	5.04329e-144	0.000e+00	0.000e+00
chr5_56932668_T_C_b38	4	4.71167e-144	0.000e+00	0.000e+00
chr5_56924887_T_C_b38	4	4.71167e-144	0.000e+00	0.000e+00
chr5_56932213_T_C_b38	4	2.42028e-144	0.000e+00	0.000e+00
chr5_56897840_C_T_b38	4	2.31044e-144	0.000e+00	0.000e+00
chr5_56897627_CCTGT_C_b38	4	2.09293e-144	0.000e+00	0.000e+00
chr5_56882284_A_G_b38	4	9.34325e-145	0.000e+00	0.000e+00
chr5_56870087_A_G_b38	4	8.17232e-145	0.000e+00	0.000e+00
chr5_56880619_C_T_b38	4	7.87128e-145	0.000e+00	0.000e+00
chr5_56874986_C_G_b38	4	7.87128e-145	0.000e+00	0.000e+00
chr5_56966812_T_C_b38	4	3.03703e-145	0.000e+00	0.000e+00
chr5_56971314_A_G_b38	4	2.88157e-145	0.000e+00	0.000e+00
chr5_56970315_G_A_b38	4	2.88157e-145	0.000e+00	0.000e+00
chr5_56972859_G_A_b38	4	2.88157e-145	0.000e+00	0.000e+00
chr5_56972157_C_A_b38	4	2.88157e-145	0.000e+00	0.000e+00
chr5_56971617_G_A_b38	4	2.88157e-145	0.000e+00	0.000e+00
chr5_56970862_C_A_b38	4	2.88157e-145	0.000e+00	0.000e+00
chr5_56968548_A_G_b38	4	2.88157e-145	0.000e+00	0.000e+00
chr5_56969198_C_T_b38	4	2.88157e-145	0.000e+00	0.000e+00
chr5_56973057_C_CTGGGAGGT_b38	4	2.88157e-145	0.000e+00	0.000e+00
chr5_56972122_G_A_b38	4	2.86719e-145	0.000e+00	0.000e+00
chr5_56970451_G_A_b38	4	2.81169e-145	0.000e+00	0.000e+00
chr5_56973665_C_T_b38	4	2.77131e-145	0.000e+00	0.000e+00
chr5_56973509_T_C_b38	4	2.77131e-145	0.000e+00	0.000e+00
chr5_56974890_G_T_b38	4	2.77131e-145	0.000e+00	0.000e+00
chr5_56973459_G_A_b38	4	2.77131e-145	0.000e+00	0.000e+00
chr5_56834707_T_G_b38	4	2.67040e-145	0.000e+00	0.000e+00
chr5_56813609_T_A_b38	4	2.59381e-145	0.000e+00	0.000e+00
chr5_56838449_A_G_b38	4	2.57203e-145	0.000e+00	0.000e+00
chr5_56847172_C_T_b38	4	2.57203e-145	0.000e+00	0.000e+00
chr5_56826517_A_G_b38	4	2.57203e-145	0.000e+00	0.000e+00
chr5_56857565_T_C_b38	4	2.57203e-145	0.000e+00	0.000e+00
chr5_56828967_G_C_b38	4	2.57203e-145	0.000e+00	0.000e+00
chr5_56847390_A_C_b38	4	2.57203e-145	0.000e+00	0.000e+00
chr5_56833112_C_T_b38	4	2.57203e-145	0.000e+00	0.000e+00
chr5_56777866_G_T_b38	4	7.12436e-146	0.000e+00	0.000e+00
chr5_56764573_C_T_b38	4	6.65056e-146	0.000e+00	0.000e+00
chr5_56750572_T_C_b38	4	6.44978e-146	0.000e+00	0.000e+00
chr5_56751316_G_A_b38	4	6.25125e-146	0.000e+00	0.000e+00
chr5_56749076_C_T_b38	4	6.25125e-146	0.000e+00	0.000e+00
chr5_56750429_A_C_b38	4	6.25125e-146	0.000e+00	0.000e+00
chr5_56755179_G_A_b38	4	6.25125e-146	0.000e+00	0.000e+00
chr5_56744816_T_C_b38	4	6.12361e-146	0.000e+00	0.000e+00
chr5_56750824_C_T_b38	4	6.06799e-146	0.000e+00	0.000e+00
chr5_56752808_A_G_b38	4	6.06799e-146	0.000e+00	0.000e+00
chr5_56751515_C_A_b38	4	6.06799e-146	0.000e+00	0.000e+00
chr5_56750634_C_T_b38	4	6.06799e-146	0.000e+00	0.000e+00
chr5_56747145_C_T_b38	4	6.06799e-146	0.000e+00	0.000e+00
chr5_56748680_G_A_b38	4	6.06799e-146	0.000e+00	0.000e+00
chr5_56757111_C_T_b38	4	5.83121e-146	0.000e+00	0.000e+00
chr5_56748681_T_A_b38	4	5.56894e-146	0.000e+00	0.000e+00
chr5_56748659_G_T_b38	4	5.56894e-146	0.000e+00	0.000e+00
chr5_56765127_G_A_b38	4	5.39412e-146	0.000e+00	0.000e+00
