chr2_85565261_G_A_b38	1	1.72670e-01	4.951e-01	8.352e-02
chr2_85567292_A_G_b38	1	1.15611e-01	4.949e-01	8.352e-02
chr2_85567174_T_C_b38	1	1.15611e-01	4.949e-01	8.352e-02
chr2_85585661_T_A_b38	1	6.24751e-02	4.878e-01	7.414e-02
chr2_85576419_T_C_b38	1	6.18507e-02	4.959e-01	8.334e-02
chr2_85578244_C_A_b38	1	6.18507e-02	4.959e-01	8.334e-02
chr2_85578945_T_C_b38	1	6.18507e-02	4.959e-01	8.334e-02
chr2_85575011_A_T_b38	1	6.18507e-02	4.959e-01	8.334e-02
chr2_85582588_T_C_b38	1	6.18507e-02	4.959e-01	8.334e-02
chr2_85530892_A_G_b38	1	1.99804e-02	4.843e-01	7.935e-02
chr2_85561147_C_A_b38	1	1.92561e-02	4.111e-01	6.859e-02
chr2_85527219_C_A_b38	1	1.17555e-02	4.849e-01	8.147e-02
chr2_85527440_T_C_b38	1	1.17555e-02	4.849e-01	8.147e-02
chr2_85531667_G_A_b38	1	1.17555e-02	4.849e-01	8.147e-02
chr2_85530967_A_G_b38	1	1.17555e-02	4.849e-01	8.147e-02
chr2_85530248_G_A_b38	1	1.17555e-02	4.849e-01	8.147e-02
chr2_85527327_A_C_b38	1	1.17555e-02	4.849e-01	8.147e-02
chr2_85528805_C_T_b38	1	1.17555e-02	4.849e-01	8.147e-02
chr2_85532004_T_C_b38	1	1.17555e-02	4.849e-01	8.147e-02
chr2_85529252_C_G_b38	1	1.17555e-02	4.849e-01	8.147e-02
chr2_85532371_C_T_b38	1	1.17555e-02	4.849e-01	8.147e-02
chr2_85531021_A_T_b38	1	1.17555e-02	4.849e-01	8.147e-02
chr2_85530256_T_C_b38	1	1.17555e-02	4.849e-01	8.147e-02
chr2_85528234_A_G_b38	1	1.17555e-02	4.849e-01	8.147e-02
chr2_85561052_T_A_b38	1	1.13666e-02	4.188e-01	7.841e-02
chr2_85581859_T_C_b38	1	3.91516e-03	4.460e-01	7.250e-02
chr2_85581614_A_G_b38	1	3.91516e-03	4.460e-01	7.250e-02
chr2_85560218_C_T_b38	1	2.45781e-03	4.085e-01	6.672e-02
chr2_85581748_C_T_b38	1	2.28100e-03	4.278e-01	6.680e-02
chr2_85581450_T_C_b38	1	2.28100e-03	4.278e-01	6.680e-02
chr2_85582832_A_G_b38	1	2.28100e-03	4.278e-01	6.680e-02
chr2_85561017_C_T_b38	2	1.37899e-01	2.800e-01	8.915e-02
chr2_85559433_C_G_b38	2	3.85932e-02	2.822e-01	8.910e-02
chr2_85584106_G_A_b38	2	7.56531e-03	2.829e-01	8.902e-02
chr2_85565813_G_T_b38	3	1.92210e-03	2.705e-01	1.052e-01
chr2_85565364_A_G_b38	3	1.92210e-03	2.705e-01	1.052e-01
chr2_85566439_G_A_b38	3	1.92210e-03	2.705e-01	1.052e-01
chr2_85564729_A_G_b38	3	1.92210e-03	2.705e-01	1.052e-01
chr2_85566991_T_C_b38	3	7.37606e-04	2.740e-01	1.049e-01
chr2_85568333_G_T_b38	3	7.37606e-04	2.740e-01	1.049e-01
chr2_85568870_T_C_b38	3	7.37606e-04	2.740e-01	1.049e-01
chr2_85567511_A_T_b38	3	7.37606e-04	2.740e-01	1.049e-01
chr2_85569665_C_T_b38	3	7.37606e-04	2.740e-01	1.049e-01
chr2_85566716_C_CCT_b38	3	7.37606e-04	2.740e-01	1.049e-01
chr2_85570542_A_G_b38	3	7.37606e-04	2.740e-01	1.049e-01
chr2_85552984_G_A_b38	3	6.86072e-04	2.740e-01	1.049e-01
chr2_85554645_T_A_b38	3	6.86072e-04	2.740e-01	1.049e-01
chr2_85576119_G_T_b38	3	3.52093e-04	2.740e-01	1.049e-01
chr2_85576275_G_C_b38	3	3.52093e-04	2.740e-01	1.049e-01
chr2_85574714_T_C_b38	3	3.52093e-04	2.740e-01	1.049e-01
chr2_85575171_C_T_b38	3	3.52093e-04	2.740e-01	1.049e-01
chr2_85575537_C_T_b38	3	3.52093e-04	2.740e-01	1.049e-01
chr2_85572653_G_A_b38	3	3.52093e-04	2.740e-01	1.049e-01
chr2_85576973_A_G_b38	3	3.52093e-04	2.740e-01	1.049e-01
chr2_85574014_G_A_b38	3	3.52093e-04	2.740e-01	1.049e-01
chr2_85571735_G_A_b38	3	3.52093e-04	2.740e-01	1.049e-01
chr2_85580487_C_A_b38	3	3.52093e-04	2.740e-01	1.049e-01
chr2_85575631_A_G_b38	3	3.52093e-04	2.740e-01	1.049e-01
chr2_85573142_A_C_b38	3	3.52093e-04	2.740e-01	1.049e-01
chr2_85546887_C_T_b38	3	1.45540e-04	2.740e-01	1.049e-01
chr2_85546486_GC_G_b38	3	1.45540e-04	2.740e-01	1.049e-01
chr2_85548885_A_T_b38	3	1.45540e-04	2.740e-01	1.049e-01
chr2_85545505_C_T_b38	3	1.45540e-04	2.740e-01	1.049e-01
chr2_85522795_G_A_b38	3	1.24861e-04	2.858e-01	9.748e-02
chr2_85521596_C_T_b38	3	1.24861e-04	2.858e-01	9.748e-02
chr2_85523284_C_T_b38	3	1.18330e-04	2.827e-01	9.699e-02
chr2_85525461_G_A_b38	3	1.18330e-04	2.827e-01	9.699e-02
chr2_85522893_T_C_b38	3	2.66587e-07	0.000e+00	0.000e+00
chr2_85531176_C_T_b38	3	2.43182e-07	0.000e+00	0.000e+00
chr2_85530493_C_T_b38	3	2.43182e-07	0.000e+00	0.000e+00
chr2_85535552_C_T_b38	3	2.25815e-07	0.000e+00	0.000e+00
chr2_85523730_T_C_b38	3	2.07976e-07	0.000e+00	0.000e+00
chr2_85517762_A_C_b38	3	1.67427e-07	0.000e+00	0.000e+00
chr2_85584951_C_T_b38	3	1.19187e-07	0.000e+00	0.000e+00
chr2_85526765_C_T_b38	3	9.11667e-08	0.000e+00	0.000e+00
chr2_85525584_A_G_b38	3	9.11667e-08	0.000e+00	0.000e+00
chr2_85517362_T_C_b38	3	8.27042e-08	0.000e+00	0.000e+00
chr2_85519445_A_G_b38	3	5.25440e-08	0.000e+00	0.000e+00
chr2_85520248_T_C_b38	3	5.25440e-08	0.000e+00	0.000e+00
chr2_85516137_C_A_b38	3	4.63939e-08	0.000e+00	0.000e+00
chr2_85596353_TA_T_b38	3	3.52145e-08	0.000e+00	0.000e+00
chr2_85516213_G_T_b38	3	3.42751e-08	0.000e+00	0.000e+00
chr2_85505595_A_G_b38	3	2.78978e-08	0.000e+00	0.000e+00
chr2_85514490_G_A_b38	3	2.71615e-08	0.000e+00	0.000e+00
chr2_85590044_C_T_b38	3	2.00367e-08	0.000e+00	0.000e+00
chr2_85588528_C_T_b38	3	5.19092e-09	0.000e+00	0.000e+00
chr2_85573985_C_T_b38	3	4.60027e-09	0.000e+00	0.000e+00
