chr2_173969033_G_A_b38	1	9.47429e-01	-5.429e-01	9.435e-02
chr2_173969105_G_A_b38	1	1.57095e-02	-3.966e-01	8.173e-02
chr2_173969171_C_A_b38	1	9.95103e-03	-4.758e-01	9.981e-02
chr2_173968715_A_G_b38	2	1.48832e-02	1.636e-01	1.507e-01
chr2_173967349_C_A_b38	2	5.98698e-03	2.634e-01	1.593e-01
chr2_173972874_G_A_b38	2	2.52885e-03	2.344e-01	1.476e-01
chr2_173959016_G_C_b38	2	1.45875e-03	1.993e-01	1.548e-01
chr2_173958768_T_C_b38	2	1.10753e-03	1.568e-01	1.510e-01
chr2_173959448_A_AG_b38	2	1.10753e-03	1.568e-01	1.510e-01
chr2_173947599_G_C_b38	2	1.02972e-03	2.630e-01	1.592e-01
chr2_173953298_A_G_b38	2	1.02972e-03	2.630e-01	1.592e-01
chr2_173976915_C_T_b38	2	9.08176e-04	1.237e-01	1.530e-01
chr2_173983942_C_T_b38	2	6.76831e-04	1.814e-01	1.577e-01
chr2_173988709_G_A_b38	2	6.76831e-04	1.814e-01	1.577e-01
chr2_173986162_G_A_b38	2	6.76831e-04	1.814e-01	1.577e-01
chr2_173987779_A_AG_b38	2	6.76831e-04	1.814e-01	1.577e-01
chr2_173986145_A_G_b38	2	6.76831e-04	1.814e-01	1.577e-01
chr2_173944605_A_C_b38	2	6.33084e-04	1.991e-01	1.547e-01
chr2_173988057_G_T_b38	2	5.95389e-04	1.608e-01	1.507e-01
chr2_173956763_G_C_b38	2	4.80604e-04	1.566e-01	1.510e-01
chr2_173957198_T_A_b38	2	4.80604e-04	1.566e-01	1.510e-01
chr2_173957932_T_G_b38	2	4.80604e-04	1.566e-01	1.510e-01
chr2_173985126_T_C_b38	2	4.36383e-04	1.015e-01	1.497e-01
chr2_173985398_T_C_b38	2	4.36383e-04	1.015e-01	1.497e-01
chr2_173933336_G_A_b38	2	4.28199e-04	2.630e-01	1.592e-01
chr2_173918464_CG_C_b38	2	4.28199e-04	2.630e-01	1.592e-01
chr2_173926193_A_C_b38	2	4.28199e-04	2.630e-01	1.592e-01
chr2_173987543_C_T_b38	2	3.77156e-04	7.392e-02	1.407e-01
chr2_173986945_C_T_b38	2	3.77156e-04	7.392e-02	1.407e-01
chr2_173986591_GTGTC_G_b38	2	3.21121e-04	3.109e-02	1.311e-01
chr2_173985335_G_A_b38	2	3.21121e-04	3.109e-02	1.311e-01
chr2_173937272_T_C_b38	2	2.60635e-04	1.991e-01	1.547e-01
chr2_173929562_A_T_b38	2	1.98834e-04	1.566e-01	1.510e-01
chr2_173930353_G_A_b38	2	1.98834e-04	1.566e-01	1.510e-01
chr2_173937694_A_T_b38	2	1.98834e-04	1.566e-01	1.510e-01
chr2_173937959_G_A_b38	2	1.98834e-04	1.566e-01	1.510e-01
chr2_173938765_A_G_b38	2	1.98834e-04	1.566e-01	1.510e-01
chr2_173929478_A_G_b38	2	1.98834e-04	1.566e-01	1.510e-01
chr2_173892865_C_T_b38	2	1.43232e-04	2.603e-01	1.437e-01
chr2_173968239_G_T_b38	3	8.24174e-03	-3.544e-01	1.137e-01
chr2_173966538_A_C_b38	3	5.82739e-03	-4.479e-01	2.161e-01
chr2_173960031_G_A_b38	3	2.29723e-03	-4.511e-01	2.067e-01
chr2_173965538_T_G_b38	3	1.69638e-03	-4.458e-01	1.773e-01
chr2_173974261_T_A_b38	3	1.67491e-03	-4.872e-01	1.410e-01
chr2_173967851_T_C_b38	3	1.54867e-03	-3.182e-01	1.488e-01
chr2_173948761_AATAATT_A_b38	3	9.97472e-04	-4.583e-01	1.827e-01
chr2_173947129_T_G_b38	3	9.97472e-04	-4.583e-01	1.827e-01
chr2_173949636_C_T_b38	3	9.97472e-04	-4.583e-01	1.827e-01
chr2_173928843_A_G_b38	3	4.16657e-04	-4.761e-01	9.977e-02
chr2_173941389_C_G_b38	3	4.16657e-04	-4.761e-01	9.977e-02
chr2_173919777_C_T_b38	3	4.16657e-04	-4.761e-01	9.977e-02
chr2_173951170_A_C_b38	3	2.03760e-04	-3.510e-01	8.122e-02
chr2_173952665_C_T_b38	3	1.81706e-04	-3.488e-01	8.130e-02
chr2_173963364_G_C_b38	3	1.67596e-04	-2.924e-01	1.536e-01
chr2_173899186_C_T_b38	3	1.21229e-04	-4.761e-01	9.977e-02
chr2_173961650_T_C_b38	3	1.20354e-04	-2.924e-01	1.536e-01
chr2_173932853_T_G_b38	3	8.33894e-05	-3.510e-01	8.122e-02
chr2_173933767_C_G_b38	3	8.33894e-05	-3.510e-01	8.122e-02
chr2_173937134_T_A_b38	3	7.42313e-05	-3.488e-01	8.130e-02
chr2_173953011_G_A_b38	3	6.87867e-05	-3.399e-01	8.486e-02
chr2_173886321_GAACA_G_b38	3	5.32477e-05	-4.571e-01	1.003e-01
chr2_173888720_C_G_b38	3	5.32477e-05	-4.571e-01	1.003e-01
chr2_173944171_T_C_b38	3	5.05665e-05	-3.316e-01	8.493e-02
chr2_173951933_C_G_b38	3	5.05665e-05	-3.316e-01	8.493e-02
chr2_173946493_C_T_b38	3	5.05665e-05	-3.316e-01	8.493e-02
chr2_173951416_T_G_b38	3	5.05665e-05	-3.316e-01	8.493e-02
chr2_173943611_A_G_b38	3	4.16318e-05	-3.109e-01	8.100e-02
chr2_173951628_G_A_b38	3	4.16318e-05	-3.109e-01	8.100e-02
chr2_173934442_C_A_b38	3	1.93381e-05	-3.316e-01	8.493e-02
chr2_173937568_T_C_b38	3	1.93381e-05	-3.316e-01	8.493e-02
chr2_173938248_G_A_b38	3	1.93381e-05	-3.316e-01	8.493e-02
chr2_173934003_G_A_b38	3	1.93381e-05	-3.316e-01	8.493e-02
chr2_173895158_GGTTTTTT_G_b38	3	1.10959e-05	0.000e+00	0.000e+00
chr2_173929920_C_G_b38	3	7.14130e-06	0.000e+00	0.000e+00
chr2_173931344_T_TTTGTTGTTG_b38	3	3.12076e-06	0.000e+00	0.000e+00
