chr1_112673095_C_T_b38	1	2.14465e-01	1.629e-01	4.030e-02
chr1_112673015_C_T_b38	1	2.05909e-01	1.631e-01	4.047e-02
chr1_112691076_T_C_b38	1	4.99200e-02	1.761e-01	3.863e-02
chr1_112694549_A_G_b38	1	4.99200e-02	1.761e-01	3.863e-02
chr1_112695971_G_A_b38	1	4.99200e-02	1.761e-01	3.863e-02
chr1_112693912_A_T_b38	1	4.99200e-02	1.761e-01	3.863e-02
chr1_112697484_A_T_b38	1	4.99200e-02	1.761e-01	3.863e-02
chr1_112694059_C_T_b38	1	4.99200e-02	1.761e-01	3.863e-02
chr1_112691557_C_T_b38	1	4.99200e-02	1.761e-01	3.863e-02
chr1_112692264_T_C_b38	1	4.99200e-02	1.761e-01	3.863e-02
chr1_112698168_G_T_b38	1	1.64543e-02	1.761e-01	3.863e-02
chr1_112699500_T_G_b38	1	1.51781e-02	1.747e-01	3.850e-02
chr1_112664621_C_A_b38	1	1.48504e-02	1.631e-01	4.033e-02
chr1_112698430_T_C_b38	1	1.17921e-02	1.730e-01	3.866e-02
chr1_112700426_C_T_b38	1	8.51236e-03	1.700e-01	3.871e-02
chr1_112688664_T_C_b38	1	8.27195e-03	1.654e-01	4.046e-02
chr1_112693608_G_A_b38	1	8.27195e-03	1.654e-01	4.046e-02
chr1_112648185_A_C_b38	1	6.54996e-03	1.629e-01	4.030e-02
chr1_112659949_G_A_b38	1	6.54996e-03	1.629e-01	4.030e-02
chr1_112696760_G_A_b38	1	5.88987e-03	1.591e-01	3.981e-02
chr1_112680611_G_A_b38	1	5.63865e-03	1.570e-01	4.146e-02
chr1_112674689_G_C_b38	1	3.78636e-03	1.631e-01	4.890e-02
chr1_112662904_CTGT_C_b38	1	2.19140e-03	-1.330e-01	3.560e-02
chr1_112697207_G_C_b38	2	2.58895e-02	-2.300e-01	7.103e-02
chr1_112700985_A_C_b38	2	8.90863e-03	-2.320e-01	7.120e-02
chr1_112673164_A_G_b38	3	3.76532e-04	8.631e-04	3.774e-02
chr1_112673921_A_G_b38	3	1.26330e-04	1.408e-03	3.772e-02
chr1_112671475_G_A_b38	3	6.41908e-05	3.575e-03	3.756e-02
chr1_112676019_TGGG_T_b38	3	2.68197e-05	6.160e-03	3.776e-02
chr1_112676766_A_T_b38	3	2.46498e-05	8.179e-03	3.527e-02
chr1_112663880_G_C_b38	3	1.87035e-05	-1.486e-02	3.822e-02
chr1_112682292_T_C_b38	3	1.72859e-05	2.337e-02	3.541e-02
chr1_112664298_A_G_b38	3	1.69104e-05	9.052e-03	3.769e-02
chr1_112667912_A_C_b38	3	1.66748e-05	3.575e-03	3.756e-02
chr1_112688136_A_G_b38	3	1.02599e-05	0.000e+00	0.000e+00
chr1_112650742_G_A_b38	3	8.66153e-06	0.000e+00	0.000e+00
chr1_112686001_G_A_b38	3	8.15257e-06	0.000e+00	0.000e+00
chr1_112655347_C_T_b38	3	7.39506e-06	0.000e+00	0.000e+00
chr1_112655469_A_T_b38	3	7.39506e-06	0.000e+00	0.000e+00
chr1_112658175_G_A_b38	3	7.39506e-06	0.000e+00	0.000e+00
chr1_112648562_T_C_b38	3	7.39506e-06	0.000e+00	0.000e+00
chr1_112649983_G_A_b38	3	7.39506e-06	0.000e+00	0.000e+00
chr1_112658790_G_C_b38	3	7.39506e-06	0.000e+00	0.000e+00
chr1_112655500_C_CA_b38	3	7.13071e-06	0.000e+00	0.000e+00
chr1_112701811_T_C_b38	3	2.50543e-06	0.000e+00	0.000e+00
chr1_112646431_G_A_b38	3	1.88679e-06	0.000e+00	0.000e+00
chr1_112645797_C_T_b38	3	1.86857e-06	0.000e+00	0.000e+00
chr1_112634448_G_T_b38	3	1.85798e-06	0.000e+00	0.000e+00
chr1_112632807_T_A_b38	3	1.85798e-06	0.000e+00	0.000e+00
chr1_112623613_G_A_b38	3	1.79537e-06	0.000e+00	0.000e+00
chr1_112636975_C_T_b38	3	1.79537e-06	0.000e+00	0.000e+00
