chr3_146049576_G_A_b38	1	9.57437e-02	3.135e-01	7.942e-02
chr3_146049562_G_A_b38	1	8.59489e-02	3.092e-01	7.833e-02
chr3_146071016_T_C_b38	1	7.13426e-02	2.961e-01	8.100e-02
chr3_146049294_T_A_b38	1	6.55735e-02	3.007e-01	7.881e-02
chr3_146046715_T_G_b38	1	6.26784e-02	3.077e-01	7.972e-02
chr3_146055030_C_T_b38	1	6.05238e-02	3.059e-01	7.985e-02
chr3_146044548_G_A_b38	1	3.94760e-02	2.940e-01	7.928e-02
chr3_146047448_T_C_b38	1	3.90985e-02	2.937e-01	7.931e-02
chr3_146048655_G_GA_b38	1	3.80030e-02	2.935e-01	7.935e-02
chr3_146049129_C_T_b38	1	3.58236e-02	2.897e-01	7.917e-02
chr3_146074302_G_A_b38	1	3.51721e-02	2.762e-01	7.867e-02
chr3_146074248_A_C_b38	1	2.60234e-02	2.953e-01	8.144e-02
chr3_146075258_C_G_b38	1	2.49318e-02	2.931e-01	8.192e-02
chr3_146092621_G_A_b38	1	2.12703e-02	2.936e-01	8.120e-02
chr3_146073016_G_T_b38	1	1.74223e-02	2.517e-01	7.960e-02
chr3_146048881_T_C_b38	1	1.69423e-02	-2.550e-01	7.147e-02
chr3_146067919_G_A_b38	1	1.67507e-02	2.405e-01	7.952e-02
chr3_146070680_T_C_b38	1	1.40007e-02	2.555e-01	8.492e-02
chr3_146049897_T_C_b38	1	1.35480e-02	2.696e-01	7.921e-02
chr3_146049496_TTTC_T_b38	1	1.34383e-02	-2.457e-01	6.900e-02
chr3_146043142_C_T_b38	1	1.18206e-02	2.918e-01	7.873e-02
chr3_146076038_T_A_b38	1	1.05935e-02	2.525e-01	8.004e-02
chr3_146042455_T_C_b38	1	1.04746e-02	2.930e-01	8.017e-02
chr3_146071909_A_G_b38	1	9.99629e-03	2.656e-01	8.499e-02
chr3_146072259_C_T_b38	1	9.91449e-03	2.654e-01	8.501e-02
chr3_146072275_CAT_C_b38	1	9.91449e-03	2.654e-01	8.501e-02
chr3_146075624_T_C_b38	1	8.83960e-03	2.722e-01	8.448e-02
chr3_146075242_G_A_b38	1	8.19597e-03	2.693e-01	8.466e-02
chr3_146073161_A_G_b38	1	6.84954e-03	2.540e-01	8.558e-02
chr3_146077772_A_G_b38	1	6.26778e-03	2.669e-01	8.496e-02
chr3_146085351_T_C_b38	1	5.50343e-03	2.850e-01	8.336e-02
chr3_146057722_C_T_b38	1	4.16009e-03	2.654e-01	8.399e-02
chr3_146085355_T_A_b38	1	3.91253e-03	2.758e-01	8.366e-02
chr3_146081568_G_A_b38	1	3.36836e-03	2.667e-01	8.441e-02
chr3_146118441_T_C_b38	1	3.19185e-03	3.092e-01	7.753e-02
chr3_146073501_C_T_b38	1	2.66485e-03	2.321e-01	8.774e-02
chr3_146065025_T_C_b38	1	2.56876e-03	2.190e-01	8.441e-02
chr3_146082562_G_A_b38	1	2.34599e-03	2.684e-01	8.395e-02
chr3_146083331_G_C_b38	1	2.23525e-03	2.660e-01	8.441e-02
chr3_146083512_T_C_b38	1	2.23481e-03	2.660e-01	8.441e-02
chr3_146083375_T_C_b38	1	2.23481e-03	2.660e-01	8.441e-02
chr3_146117722_T_G_b38	1	1.50549e-03	2.923e-01	8.080e-02
chr3_146077353_G_A_b38	1	1.41038e-03	2.132e-01	8.203e-02
chr3_146106691_A_G_b38	1	1.40763e-03	2.609e-01	8.026e-02
chr3_146117955_T_C_b38	1	1.40763e-03	2.609e-01	8.026e-02
chr3_146084103_T_C_b38	1	1.19775e-03	2.588e-01	8.732e-02
chr3_146091963_T_C_b38	1	1.16131e-03	2.505e-01	8.668e-02
chr3_146058886_G_T_b38	1	9.99328e-04	2.521e-01	8.728e-02
chr3_146080683_C_G_b38	1	8.68817e-04	2.451e-01	8.729e-02
chr3_146081000_A_G_b38	1	8.68817e-04	2.451e-01	8.729e-02
chr3_146116623_C_T_b38	1	6.20076e-04	2.965e-01	7.236e-02
chr3_146104746_T_C_b38	1	6.20066e-04	2.965e-01	7.236e-02
chr3_146116690_T_C_b38	1	6.20066e-04	2.965e-01	7.236e-02
chr3_146103369_T_C_b38	1	6.20066e-04	2.965e-01	7.236e-02
chr3_146116632_C_T_b38	1	6.20066e-04	2.965e-01	7.236e-02
chr3_146094521_A_G_b38	1	6.20066e-04	2.965e-01	7.236e-02
chr3_146115445_A_C_b38	1	6.20066e-04	2.965e-01	7.236e-02
chr3_146119130_A_C_b38	1	6.20066e-04	2.965e-01	7.236e-02
chr3_146069404_G_T_b38	2	1.27005e-01	2.420e-01	9.516e-02
chr3_146064298_T_C_b38	2	1.00857e-01	-3.057e-01	9.747e-02
chr3_146072732_T_A_b38	2	9.65807e-02	-3.089e-01	9.928e-02
chr3_146066844_A_C_b38	2	5.04917e-02	2.726e-01	9.533e-02
chr3_146067810_C_G_b38	2	4.24842e-02	2.704e-01	9.785e-02
chr3_146071847_C_T_b38	2	3.20320e-02	-2.738e-01	9.644e-02
chr3_146066485_C_T_b38	2	2.59329e-02	2.656e-01	9.569e-02
chr3_146064343_T_C_b38	2	2.09221e-02	2.573e-01	9.513e-02
chr3_146072040_G_A_b38	2	1.69038e-02	2.503e-01	9.437e-02
chr3_146060533_G_A_b38	2	1.20927e-02	2.510e-01	9.337e-02
chr3_146075795_A_G_b38	2	1.16060e-02	2.568e-01	9.693e-02
chr3_146077632_G_C_b38	2	7.59389e-03	2.413e-01	9.296e-02
chr3_146155333_T_TA_b38	2	6.91725e-03	-3.206e-01	9.155e-02
chr3_146091436_C_T_b38	2	5.85856e-03	2.647e-01	9.808e-02
chr3_146074871_T_A_b38	2	5.59743e-03	2.351e-01	9.528e-02
chr3_146080812_T_A_b38	2	4.83487e-03	-2.548e-01	9.370e-02
chr3_146079783_C_T_b38	2	3.12619e-03	-2.412e-01	9.265e-02
chr3_146092224_A_C_b38	2	3.08534e-03	2.430e-01	9.468e-02
chr3_146117296_C_T_b38	2	2.21274e-03	2.661e-01	9.844e-02
chr3_146104019_A_G_b38	2	2.18723e-03	2.646e-01	9.763e-02
chr3_146092816_T_G_b38	2	2.10031e-03	-2.290e-01	9.145e-02
chr3_146097903_A_G_b38	2	1.96751e-03	2.600e-01	9.637e-02
chr3_146098975_T_C_b38	2	1.17792e-03	-2.597e-01	9.899e-02
chr3_146112627_C_T_b38	2	1.17792e-03	-2.597e-01	9.899e-02
chr3_146109277_A_G_b38	2	1.07666e-03	2.611e-01	1.012e-01
chr3_146094408_G_A_b38	2	1.07666e-03	2.611e-01	1.012e-01
chr3_146108005_G_A_b38	2	1.07666e-03	2.611e-01	1.012e-01
chr3_146100619_T_C_b38	2	9.33848e-04	2.563e-01	1.008e-01
chr3_146151485_G_A_b38	2	3.93948e-04	-3.257e-01	1.152e-01
chr3_146155332_T_TAAA_b38	2	3.63354e-04	-2.823e-01	9.637e-02
chr3_146090322_A_G_b38	2	3.05461e-04	2.123e-01	1.034e-01
chr3_146115059_C_T_b38	2	2.68762e-04	-2.440e-01	1.026e-01
chr3_146069023_G_C_b38	3	8.91974e-03	1.748e-01	1.047e-01
chr3_146060408_T_A_b38	3	2.09976e-09	0.000e+00	0.000e+00
chr3_146060416_AG_A_b38	3	2.09976e-09	0.000e+00	0.000e+00
chr3_146080302_CAAT_C_b38	3	9.35788e-10	0.000e+00	0.000e+00
chr3_146086355_G_A_b38	3	9.30490e-10	0.000e+00	0.000e+00
chr3_146085929_C_T_b38	3	9.30490e-10	0.000e+00	0.000e+00
chr3_146101483_A_G_b38	3	4.06043e-10	0.000e+00	0.000e+00
chr3_146107256_T_C_b38	3	4.06043e-10	0.000e+00	0.000e+00
chr3_146114877_G_A_b38	3	3.68068e-10	0.000e+00	0.000e+00
chr3_146094803_C_T_b38	3	3.68068e-10	0.000e+00	0.000e+00
chr3_146112760_A_T_b38	3	3.68068e-10	0.000e+00	0.000e+00
chr3_146160834_C_T_b38	3	1.05310e-10	0.000e+00	0.000e+00
