chr16_67710389_C_CTTTG_b38	1	2.27365e-01	-1.336e-01	2.914e-02
chr16_67684681_A_G_b38	1	4.55122e-02	-1.187e-01	3.043e-02
chr16_67657574_A_T_b38	1	3.61961e-02	-1.246e-01	3.588e-02
chr16_67657742_G_T_b38	1	2.80193e-02	-1.089e-01	3.216e-02
chr16_67702708_T_G_b38	1	1.63742e-02	-1.193e-01	3.057e-02
chr16_67708423_G_A_b38	1	1.63742e-02	-1.193e-01	3.057e-02
chr16_67698283_C_T_b38	1	1.63742e-02	-1.193e-01	3.057e-02
chr16_67703382_A_C_b38	1	1.63742e-02	-1.193e-01	3.057e-02
chr16_67699419_G_A_b38	1	1.63742e-02	-1.193e-01	3.057e-02
chr16_67692311_G_GTGGCTCA_b38	1	1.62424e-02	-1.187e-01	3.042e-02
chr16_67647053_T_A_b38	1	1.42487e-02	-1.063e-01	2.986e-02
chr16_67778136_G_C_b38	1	1.10109e-02	-1.365e-01	3.040e-02
chr16_67748665_G_T_b38	1	9.50996e-03	-1.263e-01	3.125e-02
chr16_67681534_A_G_b38	1	9.23864e-03	-8.687e-02	2.541e-02
chr16_67678115_A_G_b38	1	9.23864e-03	-8.687e-02	2.541e-02
chr16_67674994_A_G_b38	1	9.03126e-03	-8.695e-02	2.549e-02
chr16_67684660_A_C_b38	1	9.02692e-03	-8.682e-02	2.545e-02
chr16_67645445_C_T_b38	1	8.58341e-03	-1.018e-01	2.998e-02
chr16_67908417_G_A_b38	1	8.56080e-03	-1.290e-01	2.915e-02
chr16_67649661_C_G_b38	1	8.28047e-03	-1.088e-01	3.216e-02
chr16_67649723_G_A_b38	1	8.28047e-03	-1.088e-01	3.216e-02
chr16_67645976_G_A_b38	1	8.28047e-03	-1.088e-01	3.216e-02
chr16_67648331_G_A_b38	1	7.83934e-03	-1.078e-01	3.202e-02
chr16_67696715_C_T_b38	1	6.83739e-03	-1.200e-01	3.290e-02
chr16_67874810_G_T_b38	1	6.66669e-03	-1.273e-01	2.919e-02
chr16_67886146_G_A_b38	1	6.66669e-03	-1.273e-01	2.919e-02
chr16_67891532_G_A_b38	1	6.66669e-03	-1.273e-01	2.919e-02
chr16_67863584_C_T_b38	1	6.00060e-03	-1.287e-01	2.968e-02
chr16_67827231_C_G_b38	1	5.92736e-03	-1.281e-01	2.956e-02
chr16_67802649_T_A_b38	1	5.92736e-03	-1.281e-01	2.956e-02
chr16_67837598_C_T_b38	1	5.92736e-03	-1.281e-01	2.956e-02
chr16_67805225_C_T_b38	1	5.92736e-03	-1.281e-01	2.956e-02
chr16_67845497_G_A_b38	1	5.92736e-03	-1.281e-01	2.956e-02
chr16_67832880_C_T_b38	1	5.92736e-03	-1.281e-01	2.956e-02
chr16_67739211_C_T_b38	1	5.83697e-03	-1.193e-01	3.056e-02
chr16_67736925_T_C_b38	1	5.83697e-03	-1.193e-01	3.056e-02
chr16_67724875_C_T_b38	1	5.83697e-03	-1.193e-01	3.056e-02
chr16_67795724_G_C_b38	1	5.68244e-03	-1.309e-01	3.028e-02
chr16_67784528_T_C_b38	1	5.68244e-03	-1.309e-01	3.028e-02
chr16_67784484_C_T_b38	1	5.68244e-03	-1.309e-01	3.028e-02
chr16_67769160_G_A_b38	1	5.68244e-03	-1.309e-01	3.028e-02
chr16_67768107_C_T_b38	1	5.68244e-03	-1.309e-01	3.028e-02
chr16_67767406_G_A_b38	1	5.68244e-03	-1.309e-01	3.028e-02
chr16_67777687_C_A_b38	1	5.68244e-03	-1.309e-01	3.028e-02
chr16_67819843_T_G_b38	1	3.25214e-03	-1.249e-01	2.992e-02
chr16_67688981_T_C_b38	1	3.24468e-03	-8.695e-02	2.539e-02
chr16_67690954_T_C_b38	1	3.24468e-03	-8.695e-02	2.539e-02
chr16_67691444_C_G_b38	1	3.24468e-03	-8.695e-02	2.539e-02
chr16_67897923_T_C_b38	1	2.47188e-03	-1.175e-01	2.858e-02
chr16_67894139_G_A_b38	1	2.47188e-03	-1.175e-01	2.858e-02
chr16_67906447_A_G_b38	1	2.19016e-03	-1.180e-01	2.892e-02
chr16_67660685_C_T_b38	2	3.92973e-02	-1.178e-01	6.660e-02
chr16_67665831_C_T_b38	2	1.55092e-03	-1.212e-01	6.642e-02
chr16_67945638_C_G_b38	3	1.71096e-03	-2.296e-01	4.988e-02
