chr19_43575535_G_A_b38	1	4.15997e-01	-3.491e-01	9.560e-02
chr19_43576907_G_GGGCC_b38	1	1.26613e-01	-3.384e-01	1.017e-01
chr19_43572002_T_C_b38	1	1.22577e-01	-3.232e-01	9.672e-02
chr19_43573355_G_A_b38	1	1.22577e-01	-3.232e-01	9.672e-02
chr19_43568728_G_C_b38	1	2.73023e-02	-3.115e-01	9.628e-02
chr19_43569642_C_T_b38	1	1.15083e-02	-3.232e-01	1.020e-01
chr19_43540041_C_G_b38	1	8.00764e-03	3.036e-01	9.423e-02
chr19_43553075_T_C_b38	1	8.00764e-03	3.036e-01	9.423e-02
chr19_43551900_A_G_b38	1	8.00764e-03	3.036e-01	9.423e-02
chr19_43539296_T_C_b38	1	8.00764e-03	3.036e-01	9.423e-02
chr19_43540734_A_G_b38	1	8.00764e-03	3.036e-01	9.423e-02
chr19_43554087_C_T_b38	1	8.00764e-03	-3.036e-01	9.423e-02
chr19_43557263_T_C_b38	1	6.86438e-03	-2.847e-01	9.897e-02
chr19_43580251_G_A_b38	2	3.02844e-01	2.699e-01	1.078e-01
chr19_43583574_C_G_b38	2	6.26197e-02	3.249e-01	1.231e-01
chr19_43581675_C_T_b38	2	3.46724e-02	2.600e-01	1.099e-01
chr19_43571109_TCA_T_b38	2	2.97375e-02	3.188e-01	1.254e-01
chr19_43578398_C_A_b38	2	2.91588e-02	2.600e-01	1.099e-01
chr19_43578277_C_A_b38	2	2.91588e-02	2.600e-01	1.099e-01
chr19_43577584_T_G_b38	2	2.07131e-02	2.602e-01	1.100e-01
chr19_43570060_A_G_b38	2	1.04483e-02	3.279e-01	1.282e-01
chr19_43567108_C_A_b38	2	1.04483e-02	3.279e-01	1.282e-01
chr19_43562442_AT_A_b38	2	1.04483e-02	3.279e-01	1.282e-01
chr19_43574316_T_G_b38	2	9.68166e-03	2.596e-01	1.140e-01
chr19_43558535_G_A_b38	2	7.65238e-03	2.793e-01	1.115e-01
chr19_43564041_C_T_b38	2	1.97212e-03	2.888e-01	1.295e-01
chr19_43564249_G_A_b38	2	1.97212e-03	2.888e-01	1.295e-01
chr19_43565589_T_A_b38	2	1.97212e-03	2.888e-01	1.295e-01
chr19_43568381_C_T_b38	2	1.97212e-03	2.888e-01	1.295e-01
chr19_43564554_T_C_b38	2	1.97212e-03	2.888e-01	1.295e-01
chr19_43567861_G_T_b38	2	1.97212e-03	2.888e-01	1.295e-01
chr19_43533218_C_G_b38	2	1.75668e-03	3.083e-01	1.266e-01
chr19_43546814_T_C_b38	2	1.75668e-03	3.083e-01	1.266e-01
chr19_43549390_G_A_b38	2	1.75668e-03	3.083e-01	1.266e-01
chr19_43540396_C_T_b38	2	1.75668e-03	3.083e-01	1.266e-01
chr19_43536845_T_C_b38	2	1.75668e-03	3.083e-01	1.266e-01
chr19_43541349_C_T_b38	2	1.75668e-03	3.083e-01	1.266e-01
chr19_43543164_C_T_b38	2	9.11638e-04	2.420e-01	9.751e-02
chr19_43580742_T_C_b38	3	5.75943e-02	-3.192e-01	1.195e-01
chr19_43580738_T_TA_b38	3	5.75943e-02	-3.192e-01	1.195e-01
chr19_43582149_T_C_b38	3	5.56831e-03	-3.196e-01	1.193e-01
chr19_43578285_C_T_b38	3	4.35811e-03	-3.200e-01	1.194e-01
chr19_43574076_ATTATT_A_b38	3	6.12652e-04	-3.049e-01	1.242e-01
chr19_43547406_G_A_b38	3	4.58027e-04	-2.878e-01	9.458e-02
chr19_43565880_AGT_A_b38	3	3.82913e-04	-3.172e-01	1.190e-01
chr19_43569410_A_G_b38	3	3.82913e-04	-3.172e-01	1.190e-01
chr19_43559254_T_C_b38	3	3.82913e-04	-3.172e-01	1.190e-01
chr19_43556501_G_C_b38	3	3.82913e-04	-3.172e-01	1.190e-01
chr19_43559255_G_A_b38	3	3.82913e-04	-3.172e-01	1.190e-01
chr19_43559250_A_G_b38	3	3.82913e-04	-3.172e-01	1.190e-01
chr19_43549744_G_GGTCTC_b38	3	9.59510e-09	0.000e+00	0.000e+00
chr19_43534795_G_A_b38	3	9.59510e-09	0.000e+00	0.000e+00
chr19_43542576_T_C_b38	3	9.59510e-09	0.000e+00	0.000e+00
chr19_43553422_G_A_b38	3	9.59510e-09	0.000e+00	0.000e+00
chr19_43545709_G_T_b38	3	9.59510e-09	0.000e+00	0.000e+00
chr19_43538047_A_G_b38	3	9.59510e-09	0.000e+00	0.000e+00
chr19_43553896_G_A_b38	3	9.59510e-09	0.000e+00	0.000e+00
chr19_43547432_C_T_b38	3	7.67630e-09	0.000e+00	0.000e+00
chr19_43620216_G_T_b38	3	7.61563e-09	0.000e+00	0.000e+00
chr19_43580520_G_C_b38	4	4.39195e-03	-2.581e-01	1.396e-01
chr19_43579630_G_GGTTCAC_b38	4	1.05419e-03	-2.585e-01	1.394e-01
chr19_43582803_T_G_b38	4	3.94198e-04	-2.589e-01	1.394e-01
chr19_43560351_G_A_b38	4	4.86749e-10	0.000e+00	0.000e+00
chr19_43567459_G_A_b38	4	4.86749e-10	0.000e+00	0.000e+00
chr19_43540170_A_C_b38	4	2.28564e-10	0.000e+00	0.000e+00
chr19_43539452_G_C_b38	4	2.28564e-10	0.000e+00	0.000e+00
chr19_43541521_C_T_b38	4	2.28564e-10	0.000e+00	0.000e+00
chr19_43553820_G_A_b38	4	2.28564e-10	0.000e+00	0.000e+00
