chr16_82169898_T_G_b38	1	1.62181e-01	-2.944e-01	6.422e-02
chr16_82170100_A_C_b38	1	8.97493e-02	-2.875e-01	6.497e-02
chr16_82170137_T_C_b38	1	8.97493e-02	-2.875e-01	6.497e-02
chr16_82170163_G_T_b38	1	8.97493e-02	-2.875e-01	6.497e-02
chr16_82169421_T_C_b38	1	6.61313e-02	-2.944e-01	6.422e-02
chr16_82169363_G_C_b38	1	6.61313e-02	-2.944e-01	6.422e-02
chr16_82170106_G_T_b38	1	5.20165e-02	-3.026e-01	7.021e-02
chr16_82169838_T_C_b38	1	3.28374e-02	-2.813e-01	6.809e-02
chr16_82170153_C_T_b38	1	3.08658e-02	-3.143e-01	7.527e-02
chr16_82170527_C_G_b38	1	2.35899e-02	-2.872e-01	7.028e-02
chr16_82168128_A_ATTTGT_b38	1	1.35939e-02	-2.870e-01	6.403e-02
chr16_82168279_G_A_b38	1	1.35939e-02	-2.870e-01	6.403e-02
chr16_82168531_C_T_b38	1	1.09994e-02	-2.823e-01	6.384e-02
chr16_82168293_C_A_b38	1	1.02500e-02	-2.790e-01	6.321e-02
chr16_82167412_A_G_b38	1	8.59899e-03	-2.863e-01	6.385e-02
chr16_82166704_T_C_b38	1	8.59899e-03	-2.863e-01	6.385e-02
chr16_82166072_T_C_b38	1	8.59899e-03	-2.863e-01	6.385e-02
chr16_82166671_G_T_b38	1	8.59899e-03	-2.863e-01	6.385e-02
chr16_82166458_T_C_b38	1	8.59899e-03	-2.863e-01	6.385e-02
chr16_82166732_T_C_b38	1	8.59899e-03	-2.863e-01	6.385e-02
chr16_82166514_C_T_b38	1	8.59899e-03	-2.863e-01	6.385e-02
chr16_82166366_G_A_b38	1	8.59899e-03	-2.863e-01	6.385e-02
chr16_82166226_T_C_b38	1	8.59899e-03	-2.863e-01	6.385e-02
chr16_82166064_G_A_b38	1	8.59899e-03	-2.863e-01	6.385e-02
chr16_82166999_T_C_b38	1	8.59899e-03	-2.863e-01	6.385e-02
chr16_82165856_C_T_b38	1	8.59899e-03	-2.863e-01	6.385e-02
chr16_82166118_A_G_b38	1	8.59899e-03	-2.863e-01	6.385e-02
chr16_82165993_A_G_b38	1	8.59899e-03	-2.863e-01	6.385e-02
chr16_82167697_C_T_b38	1	8.59899e-03	-2.863e-01	6.385e-02
chr16_82167056_A_G_b38	1	8.59899e-03	-2.863e-01	6.385e-02
chr16_82167433_A_C_b38	1	8.59899e-03	-2.863e-01	6.385e-02
chr16_82165918_A_T_b38	1	8.59899e-03	-2.863e-01	6.385e-02
chr16_82167467_T_C_b38	1	8.59899e-03	-2.863e-01	6.385e-02
chr16_82167315_T_C_b38	1	8.59899e-03	-2.863e-01	6.385e-02
chr16_82167497_A_C_b38	1	8.41155e-03	-2.872e-01	6.413e-02
chr16_82166059_A_C_b38	1	7.41648e-03	-2.853e-01	6.423e-02
chr16_82167869_T_C_b38	1	7.40651e-03	-3.012e-01	6.926e-02
chr16_82167487_CTTTG_C_b38	1	7.17053e-03	-2.772e-01	6.254e-02
chr16_82168532_G_A_b38	1	7.00244e-03	-3.018e-01	6.960e-02
chr16_82167142_C_T_b38	1	4.79433e-03	-3.011e-01	6.926e-02
chr16_82172674_G_A_b38	1	4.59095e-03	-3.143e-01	7.527e-02
chr16_82173697_T_C_b38	1	2.89601e-03	-3.143e-01	7.527e-02
chr16_82173937_T_C_b38	1	2.89601e-03	-3.143e-01	7.527e-02
chr16_82166498_A_C_b38	1	2.51378e-03	-3.143e-01	7.527e-02
chr16_82176256_A_G_b38	1	1.95784e-03	-3.143e-01	7.527e-02
chr16_82170192_C_A_b38	2	1.50575e-02	-6.125e-02	1.935e-01
chr16_82169975_G_A_b38	2	1.50575e-02	-6.125e-02	1.935e-01
chr16_82170604_T_C_b38	2	1.43643e-02	-1.498e-03	1.912e-01
chr16_82165327_C_T_b38	2	3.13153e-03	-2.631e-01	1.435e-01
chr16_82165230_A_T_b38	2	3.13153e-03	-2.631e-01	1.435e-01
chr16_82172623_C_T_b38	2	2.99874e-03	-1.857e-01	1.607e-01
chr16_82171396_G_A_b38	2	1.79663e-03	-5.925e-02	1.951e-01
chr16_82172364_T_C_b38	2	1.79663e-03	-5.925e-02	1.951e-01
chr16_82171748_G_C_b38	2	1.79663e-03	-5.925e-02	1.951e-01
chr16_82163872_A_AATGTGAT_b38	2	1.63114e-03	-2.717e-01	1.517e-01
chr16_82164520_C_T_b38	2	1.63114e-03	-2.717e-01	1.517e-01
chr16_82164252_C_A_b38	2	1.63114e-03	-2.717e-01	1.517e-01
chr16_82164382_C_G_b38	2	1.63114e-03	-2.717e-01	1.517e-01
chr16_82163981_A_T_b38	2	1.63114e-03	-2.717e-01	1.517e-01
chr16_82164057_T_C_b38	2	1.63114e-03	-2.717e-01	1.517e-01
chr16_82164208_C_G_b38	2	1.63114e-03	-2.717e-01	1.517e-01
chr16_82163759_C_A_b38	2	1.63114e-03	-2.717e-01	1.517e-01
chr16_82164587_A_G_b38	2	1.63114e-03	-2.717e-01	1.517e-01
chr16_82173778_C_G_b38	2	1.46343e-03	-1.846e-01	1.643e-01
chr16_82174191_A_G_b38	2	1.46343e-03	-1.846e-01	1.643e-01
chr16_82168533_C_T_b38	2	1.44122e-03	-6.144e-02	1.942e-01
chr16_82167914_G_C_b38	2	1.17893e-03	-1.878e-02	1.597e-01
chr16_82168249_T_A_b38	2	1.17893e-03	-1.878e-02	1.597e-01
chr16_82168956_C_G_b38	2	1.17893e-03	-1.878e-02	1.597e-01
chr16_82175089_C_T_b38	2	1.04416e-03	-5.942e-02	1.951e-01
chr16_82175100_G_C_b38	2	1.04416e-03	-5.942e-02	1.951e-01
chr16_82173337_G_A_b38	2	1.03162e-03	-3.759e-02	1.987e-01
chr16_82175612_C_T_b38	2	9.14860e-04	-1.893e-01	1.619e-01
chr16_82167102_G_A_b38	2	9.06345e-04	-5.942e-02	1.951e-01
chr16_82166163_A_C_b38	2	9.06345e-04	-5.942e-02	1.951e-01
chr16_82167103_T_C_b38	2	9.06345e-04	-5.942e-02	1.951e-01
chr16_82166651_CAGTGAA_C_b38	2	9.06345e-04	-5.942e-02	1.951e-01
chr16_82167093_TGAGTA_T_b38	2	9.06345e-04	-5.942e-02	1.951e-01
chr16_82165735_C_T_b38	2	9.01473e-04	-5.387e-02	1.950e-01
chr16_82164659_G_T_b38	2	6.73292e-04	-1.298e-01	1.643e-01
chr16_82164733_A_G_b38	2	6.56580e-04	-5.942e-02	1.951e-01
chr16_82160979_G_A_b38	2	6.15058e-04	-5.963e-02	1.736e-01
chr16_82160973_A_AAGG_b38	2	6.03605e-04	-9.393e-02	1.626e-01
chr16_82161237_A_G_b38	2	6.03605e-04	-9.393e-02	1.626e-01
chr16_82179537_C_A_b38	2	5.96137e-04	-2.675e-03	1.588e-01
chr16_82162797_C_T_b38	2	5.71212e-04	-1.082e-01	1.327e-01
chr16_82182024_A_C_b38	2	2.83051e-04	-6.285e-02	1.878e-01
chr16_82189829_G_A_b38	2	2.81217e-04	-2.350e-02	1.977e-01
chr16_82189672_T_G_b38	2	2.81217e-04	-2.350e-02	1.977e-01
chr16_82189634_AT_A_b38	2	2.81217e-04	-2.350e-02	1.977e-01
chr16_82182670_A_G_b38	2	2.81217e-04	-2.350e-02	1.977e-01
chr16_82159695_C_T_b38	2	2.80241e-04	-8.262e-02	1.839e-01
chr16_82153662_C_T_b38	2	2.80241e-04	-8.262e-02	1.839e-01
chr16_82154617_C_CA_b38	2	2.80241e-04	-8.262e-02	1.839e-01
chr16_82154807_C_G_b38	2	2.80241e-04	-8.262e-02	1.839e-01
chr16_82184609_T_C_b38	2	2.75484e-04	-8.550e-02	1.698e-01
chr16_82183201_A_ACTT_b38	2	2.75297e-04	-5.857e-02	1.804e-01
chr16_82159062_C_G_b38	2	2.63920e-04	-7.772e-02	1.645e-01
chr16_82158116_G_A_b38	2	2.63920e-04	-7.772e-02	1.645e-01
chr16_82157995_C_G_b38	2	2.63920e-04	-7.772e-02	1.645e-01
chr16_82159373_A_G_b38	2	2.63920e-04	-7.772e-02	1.645e-01
chr16_82158610_G_A_b38	2	2.63920e-04	-7.772e-02	1.645e-01
chr16_82155682_T_C_b38	2	2.63920e-04	-7.772e-02	1.645e-01
chr16_82155881_G_C_b38	2	2.63920e-04	-7.772e-02	1.645e-01
chr16_82155829_C_T_b38	2	2.63920e-04	-7.772e-02	1.645e-01
chr16_82156129_T_C_b38	2	2.63920e-04	-7.772e-02	1.645e-01
chr16_82186648_C_G_b38	2	2.43338e-04	-5.081e-02	1.474e-01
chr16_82186069_T_C_b38	2	2.40885e-04	-2.090e-02	1.519e-01
chr16_82187541_C_T_b38	2	2.40885e-04	-2.090e-02	1.519e-01
chr16_82186133_A_G_b38	2	2.36487e-04	-4.188e-02	1.439e-01
chr16_82170181_C_G_b38	3	5.02465e-04	6.144e-02	9.289e-02
chr16_82171892_T_G_b38	3	4.56666e-05	-1.379e-01	5.927e-02
chr16_82171548_C_T_b38	3	4.56666e-05	-1.379e-01	5.927e-02
chr16_82172545_G_A_b38	3	3.17179e-05	-1.166e-01	6.027e-02
chr16_82172622_C_G_b38	3	3.09382e-05	-1.144e-01	5.935e-02
chr16_82171733_T_C_b38	3	3.07436e-05	-1.288e-01	6.029e-02
chr16_82172096_C_G_b38	3	2.85277e-05	-1.203e-01	6.142e-02
chr16_82172619_G_C_b38	3	2.85277e-05	-1.203e-01	6.142e-02
chr16_82171772_A_G_b38	3	2.85277e-05	-1.203e-01	6.142e-02
chr16_82172430_G_C_b38	3	2.85277e-05	-1.203e-01	6.142e-02
chr16_82171932_T_G_b38	3	2.85277e-05	-1.203e-01	6.142e-02
chr16_82171951_G_A_b38	3	2.85277e-05	-1.203e-01	6.142e-02
chr16_82171717_A_G_b38	3	2.58214e-05	-1.219e-01	6.140e-02
chr16_82167766_C_T_b38	3	2.49610e-05	-1.085e-01	6.096e-02
chr16_82167765_G_A_b38	3	2.49610e-05	-1.085e-01	6.096e-02
chr16_82167926_G_A_b38	3	2.49610e-05	-1.085e-01	6.096e-02
chr16_82171426_T_C_b38	3	2.17462e-05	0.000e+00	0.000e+00
chr16_82173814_A_G_b38	3	2.16427e-05	-1.379e-01	5.927e-02
chr16_82174803_G_A_b38	3	1.90979e-05	-1.383e-01	6.128e-02
chr16_82172754_A_C_b38	3	1.88028e-05	0.000e+00	0.000e+00
chr16_82173657_A_G_b38	3	1.88028e-05	0.000e+00	0.000e+00
chr16_82174677_G_C_b38	3	1.79650e-05	-1.372e-01	6.174e-02
chr16_82174750_G_C_b38	3	1.79650e-05	-1.372e-01	6.174e-02
chr16_82173691_A_T_b38	3	1.14258e-05	-1.203e-01	6.142e-02
chr16_82173090_T_C_b38	3	1.14258e-05	-1.203e-01	6.142e-02
chr16_82173450_G_A_b38	3	1.14258e-05	-1.203e-01	6.142e-02
chr16_82172913_T_G_b38	3	1.14258e-05	-1.203e-01	6.142e-02
chr16_82173074_T_C_b38	3	1.14258e-05	-1.203e-01	6.142e-02
chr16_82173447_A_G_b38	3	1.14258e-05	-1.203e-01	6.142e-02
chr16_82172748_T_A_b38	3	1.14258e-05	-1.203e-01	6.142e-02
chr16_82175176_T_C_b38	3	1.07313e-05	-1.144e-01	5.935e-02
chr16_82173493_G_A_b38	3	1.07313e-05	-1.144e-01	5.935e-02
chr16_82172853_A_G_b38	3	1.07313e-05	-1.144e-01	5.935e-02
chr16_82175933_A_C_b38	3	8.06800e-06	0.000e+00	0.000e+00
chr16_82177627_T_C_b38	3	7.25483e-06	0.000e+00	0.000e+00
chr16_82176938_T_G_b38	3	7.25483e-06	0.000e+00	0.000e+00
chr16_82177366_T_G_b38	3	7.25483e-06	0.000e+00	0.000e+00
chr16_82160585_G_A_b38	3	6.53648e-06	0.000e+00	0.000e+00
chr16_82163284_C_T_b38	3	6.25758e-06	0.000e+00	0.000e+00
chr16_82164278_G_A_b38	3	5.46002e-06	0.000e+00	0.000e+00
chr16_82177669_TC_T_b38	3	5.39687e-06	0.000e+00	0.000e+00
chr16_82177498_C_G_b38	3	5.39687e-06	0.000e+00	0.000e+00
chr16_82156198_G_A_b38	3	4.91984e-06	0.000e+00	0.000e+00
chr16_82176596_A_T_b38	3	4.11041e-06	0.000e+00	0.000e+00
chr16_82177010_T_G_b38	3	4.11041e-06	0.000e+00	0.000e+00
chr16_82176647_T_C_b38	3	4.11041e-06	0.000e+00	0.000e+00
chr16_82176314_G_T_b38	3	4.11041e-06	0.000e+00	0.000e+00
chr16_82176928_A_G_b38	3	4.11041e-06	0.000e+00	0.000e+00
chr16_82155052_C_T_b38	3	3.91054e-06	0.000e+00	0.000e+00
chr16_82158361_T_C_b38	3	3.68865e-06	0.000e+00	0.000e+00
chr16_82161017_T_A_b38	3	3.66425e-06	0.000e+00	0.000e+00
chr16_82152778_G_C_b38	3	2.71818e-06	0.000e+00	0.000e+00
chr16_82152157_G_A_b38	3	2.57359e-06	0.000e+00	0.000e+00
chr16_82148372_T_C_b38	3	1.96231e-06	0.000e+00	0.000e+00
chr16_82148329_T_C_b38	3	1.96231e-06	0.000e+00	0.000e+00
chr16_82149798_T_C_b38	3	1.71527e-06	0.000e+00	0.000e+00
chr16_82153529_C_A_b38	3	1.55786e-06	0.000e+00	0.000e+00
chr16_82149910_T_TA_b38	3	1.53767e-06	0.000e+00	0.000e+00
chr16_82182997_G_A_b38	3	1.42594e-06	0.000e+00	0.000e+00
chr16_82185469_A_T_b38	3	1.42434e-06	0.000e+00	0.000e+00
chr16_82181438_G_A_b38	3	1.26125e-06	0.000e+00	0.000e+00
chr16_82181602_G_T_b38	3	1.26125e-06	0.000e+00	0.000e+00
chr16_82183643_A_G_b38	3	1.26125e-06	0.000e+00	0.000e+00
chr16_82183032_G_A_b38	3	1.26125e-06	0.000e+00	0.000e+00
chr16_82180651_G_A_b38	3	1.26125e-06	0.000e+00	0.000e+00
chr16_82183183_A_G_b38	3	1.26125e-06	0.000e+00	0.000e+00
chr16_82138114_A_C_b38	3	9.36975e-07	0.000e+00	0.000e+00
chr16_82136228_C_A_b38	3	9.36975e-07	0.000e+00	0.000e+00
chr16_82139571_C_T_b38	3	9.03388e-07	0.000e+00	0.000e+00
