chr17_78804100_G_C_b38	1	3.21117e-01	3.282e-01	5.078e-02
chr17_78791803_T_C_b38	1	2.29749e-01	3.246e-01	5.079e-02
chr17_78797518_G_A_b38	1	1.87035e-01	3.238e-01	5.101e-02
chr17_78797803_G_A_b38	1	1.87035e-01	3.238e-01	5.101e-02
chr17_78797743_G_A_b38	1	1.36576e-02	3.042e-01	5.269e-02
chr17_78797646_G_A_b38	1	8.71633e-03	2.933e-01	5.176e-02
chr17_78794197_C_T_b38	1	5.34213e-03	2.898e-01	5.216e-02
chr17_78795135_G_A_b38	1	5.34213e-03	2.898e-01	5.216e-02
chr17_78800381_C_T_b38	1	5.03925e-03	2.880e-01	5.198e-02
chr17_78790918_G_A_b38	1	4.95074e-03	3.036e-01	5.209e-02
chr17_78798692_T_C_b38	1	4.24813e-03	2.960e-01	5.377e-02
chr17_78802073_C_T_b38	1	3.33932e-03	2.840e-01	5.217e-02
chr17_78841775_G_A_b38	2	5.93020e-03	-8.649e-03	6.843e-02
chr17_78840446_A_G_b38	2	1.79876e-03	-1.074e-02	6.680e-02
chr17_78837347_C_A_b38	2	6.45574e-04	2.554e-02	7.212e-02
chr17_78844832_A_G_b38	2	6.38774e-04	-1.260e-02	7.650e-02
chr17_78844723_T_C_b38	2	6.31912e-04	-1.062e-03	7.692e-02
chr17_78838759_G_C_b38	2	6.11535e-04	1.932e-02	7.132e-02
chr17_78833304_C_T_b38	2	5.60323e-04	-8.114e-02	7.993e-02
chr17_78834928_T_C_b38	2	4.20524e-04	-4.230e-02	7.676e-02
chr17_78849163_A_G_b38	2	4.15484e-04	-1.062e-03	7.692e-02
chr17_78847618_T_TGAG_b38	2	4.15484e-04	-1.062e-03	7.692e-02
chr17_78829572_G_A_b38	2	1.76758e-04	-4.230e-02	7.676e-02
chr17_78821331_G_A_b38	2	1.73546e-04	-4.831e-02	7.040e-02
chr17_78818700_G_A_b38	2	1.68269e-04	-4.018e-02	7.159e-02
chr17_78827602_C_T_b38	2	1.66276e-04	-3.893e-02	7.075e-02
chr17_78819211_GA_G_b38	2	1.65316e-04	-2.498e-02	7.538e-02
chr17_78818318_A_G_b38	2	1.65316e-04	-2.498e-02	7.538e-02
chr17_78827853_G_A_b38	2	1.65082e-04	-2.457e-02	7.532e-02
chr17_78829368_C_A_b38	2	1.54773e-04	-2.162e-02	7.005e-02
chr17_78820117_G_A_b38	2	1.51015e-04	-1.051e-02	6.909e-02
chr17_78808236_GCGATAACTCTCAATAAATA_G_b38	2	2.29548e-05	-4.666e-02	7.760e-02
chr17_78807874_C_T_b38	2	2.15387e-05	-4.450e-02	7.013e-02
chr17_78815007_G_A_b38	2	2.12777e-05	-3.097e-02	7.528e-02
chr17_78808026_C_T_b38	2	1.98220e-05	8.560e-03	6.866e-02
