chr13_32491021_T_C_b38	1	8.07673e-02	6.750e-02	1.406e-02
chr13_32492975_T_A_b38	1	5.15696e-02	6.712e-02	1.442e-02
chr13_32496369_G_A_b38	1	4.86816e-02	6.200e-02	1.307e-02
chr13_32491306_T_G_b38	1	4.31337e-02	6.666e-02	1.446e-02
chr13_32465094_G_T_b38	1	3.97488e-02	6.370e-02	1.298e-02
chr13_32548658_T_C_b38	1	3.50649e-02	6.087e-02	1.454e-02
chr13_32495051_C_T_b38	1	3.26185e-02	6.445e-02	1.400e-02
chr13_32551937_T_C_b38	1	2.59437e-02	5.898e-02	1.369e-02
chr13_32551069_G_A_b38	1	2.59437e-02	5.898e-02	1.369e-02
chr13_32552600_A_C_b38	1	2.59437e-02	5.898e-02	1.369e-02
chr13_32552711_A_G_b38	1	2.59437e-02	5.898e-02	1.369e-02
chr13_32517104_G_C_b38	1	2.30753e-02	6.244e-02	1.468e-02
chr13_32518792_C_T_b38	1	2.30753e-02	6.244e-02	1.468e-02
chr13_32527680_C_T_b38	1	2.30753e-02	6.244e-02	1.468e-02
chr13_32571325_C_T_b38	1	2.15133e-02	6.709e-02	1.489e-02
chr13_32483208_G_T_b38	1	1.69794e-02	6.660e-02	1.444e-02
chr13_32473678_T_G_b38	1	1.69794e-02	6.660e-02	1.444e-02
chr13_32468733_G_A_b38	1	1.69794e-02	6.660e-02	1.444e-02
chr13_32484196_G_A_b38	1	1.69794e-02	6.660e-02	1.444e-02
chr13_32486433_T_C_b38	1	1.69794e-02	6.660e-02	1.444e-02
chr13_32473853_A_G_b38	1	1.69794e-02	6.660e-02	1.444e-02
chr13_32549791_C_T_b38	1	1.61426e-02	6.083e-02	1.452e-02
chr13_32579773_A_G_b38	1	1.48630e-02	5.897e-02	1.340e-02
chr13_32563835_G_A_b38	1	1.27967e-02	5.687e-02	1.383e-02
chr13_32557205_A_G_b38	1	1.20953e-02	5.580e-02	1.343e-02
chr13_32563248_AT_A_b38	1	1.11188e-02	5.661e-02	1.380e-02
chr13_32551236_C_G_b38	1	9.03284e-03	5.558e-02	1.381e-02
chr13_32506943_CAG_C_b38	1	8.77810e-03	6.237e-02	1.465e-02
chr13_32569227_C_T_b38	1	6.76900e-03	6.074e-02	1.449e-02
chr13_32572075_G_T_b38	1	6.76900e-03	6.074e-02	1.449e-02
chr13_32569269_G_A_b38	1	6.09619e-03	6.065e-02	1.455e-02
chr13_32561287_C_T_b38	1	6.08495e-03	5.355e-02	1.350e-02
chr13_32589512_A_G_b38	1	5.57882e-03	6.434e-02	1.463e-02
chr13_32593913_G_A_b38	1	4.98588e-03	6.301e-02	1.442e-02
chr13_32552728_TG_T_b38	1	3.70985e-03	5.389e-02	1.420e-02
chr13_32593754_G_T_b38	1	2.70044e-03	5.713e-02	1.340e-02
chr13_32595259_A_C_b38	1	2.70044e-03	5.713e-02	1.340e-02
chr13_32586568_C_A_b38	1	2.50583e-03	5.382e-02	1.354e-02
chr13_32500537_C_A_b38	1	2.50464e-03	5.647e-02	1.421e-02
chr13_32599876_G_C_b38	1	2.42632e-03	5.702e-02	1.346e-02
chr13_32601519_G_A_b38	1	2.42632e-03	5.702e-02	1.346e-02
chr13_32608003_G_A_b38	1	2.31352e-03	6.053e-02	1.439e-02
chr13_32578584_C_T_b38	1	2.03533e-03	5.378e-02	1.380e-02
chr13_32578179_C_A_b38	1	2.03533e-03	5.378e-02	1.380e-02
chr13_32607532_G_A_b38	1	1.81888e-03	5.977e-02	1.441e-02
chr13_32578345_T_C_b38	1	1.31710e-03	5.104e-02	1.348e-02
chr13_32496990_G_C_b38	1	1.30899e-03	5.315e-02	1.392e-02
chr13_32589796_T_TTTTAAG_b38	1	1.24397e-03	5.465e-02	1.341e-02
chr13_32611016_G_A_b38	1	9.60402e-04	5.388e-02	1.344e-02
chr13_32624572_G_A_b38	1	9.60402e-04	5.388e-02	1.344e-02
chr13_32609266_G_A_b38	1	9.60402e-04	5.388e-02	1.344e-02
chr13_32569111_T_A_b38	1	7.70080e-04	5.024e-02	1.374e-02
chr13_32571858_G_A_b38	1	7.70080e-04	5.024e-02	1.374e-02
chr13_32539266_G_C_b38	2	1.49694e-02	-2.377e-02	1.742e-02
chr13_32541208_C_T_b38	2	1.18851e-02	-3.778e-02	1.617e-02
chr13_32541177_G_A_b38	2	3.70801e-03	-2.759e-02	1.676e-02
chr13_32540072_T_C_b38	2	3.70801e-03	-2.759e-02	1.676e-02
chr13_32546355_G_A_b38	2	3.45490e-03	3.625e-02	1.628e-02
chr13_32530879_C_T_b38	2	1.87054e-03	-3.204e-02	1.636e-02
chr13_32540420_C_T_b38	2	1.58547e-03	-1.468e-02	1.879e-02
chr13_32515675_ATC_A_b38	2	1.38271e-03	-3.523e-02	1.601e-02
chr13_32532045_A_G_b38	2	1.36830e-03	-2.938e-02	1.637e-02
chr13_32530239_G_A_b38	2	1.36830e-03	-2.938e-02	1.637e-02
chr13_32525178_C_T_b38	2	1.16066e-03	-3.411e-02	1.606e-02
chr13_32542030_G_A_b38	2	9.42041e-04	-1.661e-02	1.886e-02
chr13_32519018_C_T_b38	2	6.72491e-04	-3.037e-02	1.588e-02
chr13_32518862_T_C_b38	2	6.72491e-04	-3.037e-02	1.588e-02
chr13_32513440_T_C_b38	2	3.92083e-04	-3.643e-02	1.575e-02
chr13_32512956_C_T_b38	2	3.92083e-04	-3.643e-02	1.575e-02
chr13_32504699_T_C_b38	2	3.92083e-04	-3.643e-02	1.575e-02
chr13_32525210_G_T_b38	2	2.69724e-04	-2.659e-02	1.655e-02
chr13_32549379_T_C_b38	2	2.56534e-04	2.668e-02	1.664e-02
chr13_32527594_T_C_b38	2	1.85904e-04	-2.619e-02	1.639e-02
chr13_32558774_A_G_b38	2	1.24631e-04	1.965e-02	1.842e-02
chr13_32526123_C_T_b38	2	1.23321e-04	-1.815e-02	1.837e-02
chr13_32526216_A_G_b38	2	1.23321e-04	-1.815e-02	1.837e-02
chr13_32523346_G_C_b38	2	1.03235e-04	-1.765e-02	1.855e-02
chr13_32509416_C_T_b38	2	9.00394e-05	-3.124e-02	1.573e-02
chr13_32579287_T_C_b38	2	8.96839e-05	3.226e-02	1.666e-02
chr13_32513081_C_T_b38	2	8.63900e-05	-3.084e-02	1.574e-02
chr13_32580346_A_G_b38	2	8.23373e-05	3.130e-02	1.661e-02
chr13_32506356_C_T_b38	2	6.61197e-05	-2.815e-02	1.575e-02
chr13_32504605_T_C_b38	2	6.61197e-05	-2.815e-02	1.575e-02
chr13_32499890_T_C_b38	2	2.75089e-05	-2.737e-02	1.623e-02
chr13_32495098_GA_G_b38	2	2.66663e-05	-2.712e-02	1.633e-02
chr13_32498685_A_G_b38	2	2.49323e-05	-2.618e-02	1.626e-02
chr13_32510422_A_G_b38	2	2.29260e-05	-2.494e-02	1.616e-02
chr13_32541217_C_T_b38	3	3.42681e-02	-5.368e-02	1.342e-02
chr13_32467488_A_G_b38	3	1.73911e-02	6.085e-02	1.288e-02
chr13_32488018_C_T_b38	3	1.28740e-02	-6.022e-02	1.294e-02
chr13_32583706_A_G_b38	3	1.27711e-02	5.940e-02	1.344e-02
chr13_32579885_C_T_b38	3	1.07767e-02	5.872e-02	1.342e-02
chr13_32547870_C_T_b38	3	9.89137e-03	5.247e-02	1.337e-02
chr13_32468665_T_C_b38	3	7.54750e-03	5.844e-02	1.290e-02
chr13_32474278_C_T_b38	3	7.38966e-03	5.813e-02	1.285e-02
chr13_32494609_C_A_b38	3	7.05479e-03	-5.561e-02	1.299e-02
chr13_32579579_A_T_b38	3	6.17184e-03	5.690e-02	1.344e-02
chr13_32472147_A_T_b38	3	5.64197e-03	5.778e-02	1.296e-02
chr13_32487100_A_G_b38	3	5.64197e-03	-5.778e-02	1.296e-02
chr13_32598896_A_G_b38	3	4.69157e-03	5.942e-02	1.341e-02
chr13_32471772_A_G_b38	3	4.62037e-03	5.700e-02	1.293e-02
chr13_32585091_C_G_b38	3	3.82218e-03	5.495e-02	1.337e-02
chr13_32521483_G_A_b38	3	3.71400e-03	-5.131e-02	1.332e-02
chr13_32525184_C_T_b38	3	3.51681e-03	-5.174e-02	1.349e-02
chr13_32546119_G_C_b38	3	3.46643e-03	4.828e-02	1.334e-02
chr13_32470689_A_C_b38	3	3.29395e-03	5.743e-02	1.328e-02
chr13_32515276_T_A_b38	3	2.64086e-03	-4.977e-02	1.326e-02
chr13_32487582_C_G_b38	3	2.39836e-03	-5.540e-02	1.306e-02
chr13_32484159_C_CA_b38	3	2.00842e-03	-5.560e-02	1.325e-02
chr13_32473686_C_G_b38	3	1.60507e-03	5.378e-02	1.300e-02
chr13_32509234_G_C_b38	3	1.51921e-03	-5.182e-02	1.339e-02
chr13_32486254_C_G_b38	3	1.47500e-03	-5.358e-02	1.302e-02
chr13_32511332_T_G_b38	3	1.34728e-03	-5.174e-02	1.349e-02
chr13_32499341_C_G_b38	3	1.33560e-03	-5.127e-02	1.337e-02
chr13_32499556_C_T_b38	3	1.33560e-03	-5.127e-02	1.337e-02
chr13_32471502_G_A_b38	3	1.12855e-03	5.289e-02	1.308e-02
chr13_32605409_C_T_b38	3	9.01891e-04	5.364e-02	1.340e-02
chr13_32462523_G_A_b38	3	2.27770e-04	-4.769e-02	1.330e-02
chr13_32591008_T_C_b38	3	2.15221e-04	5.084e-02	1.417e-02
chr13_32631946_T_C_b38	3	1.77367e-04	4.933e-02	1.397e-02
chr13_32635031_C_A_b38	3	1.26127e-04	4.793e-02	1.400e-02
chr13_32638658_G_GAA_b38	3	1.24480e-04	4.803e-02	1.405e-02
chr13_32637218_ATG_A_b38	3	1.13925e-04	4.737e-02	1.397e-02
chr13_32637222_TTTCATTTACATTTTG_T_b38	3	1.13925e-04	4.737e-02	1.397e-02
chr13_32637240_GTAA_G_b38	3	1.13925e-04	4.737e-02	1.397e-02
chr13_32637244_T_G_b38	3	1.13925e-04	4.737e-02	1.397e-02
chr13_32637246_TAAA_T_b38	3	1.13925e-04	4.737e-02	1.397e-02
chr13_32587438_A_G_b38	3	1.08823e-04	4.305e-02	1.429e-02
chr13_32617234_T_C_b38	3	1.06719e-04	4.873e-02	1.447e-02
chr13_32440350_A_C_b38	3	1.74414e-05	-3.720e-02	1.382e-02
chr13_32455961_C_T_b38	3	1.29467e-05	-3.550e-02	1.381e-02
chr13_32439779_G_A_b38	3	1.08392e-05	-3.409e-02	1.365e-02
chr13_32449592_A_G_b38	3	8.64807e-06	0.000e+00	0.000e+00
chr13_32445708_G_T_b38	3	7.00820e-06	0.000e+00	0.000e+00
chr13_32452930_A_C_b38	3	7.00820e-06	0.000e+00	0.000e+00
