chr7_56064429_C_T_b38	1	6.76137e-01	3.251e-01	3.598e-02
chr7_56065511_C_T_b38	1	5.97405e-02	3.186e-01	3.665e-02
chr7_56066572_G_C_b38	1	3.83913e-02	3.179e-01	3.667e-02
chr7_56067765_C_T_b38	1	3.83913e-02	3.179e-01	3.667e-02
chr7_56059254_A_G_b38	1	3.76540e-02	3.178e-01	3.666e-02
chr7_56083833_G_A_b38	1	2.42775e-02	3.219e-01	3.664e-02
chr7_56057834_T_C_b38	1	1.98729e-02	3.173e-01	3.667e-02
chr7_56056547_A_G_b38	1	1.98729e-02	3.173e-01	3.667e-02
chr7_56043666_CCT_C_b38	1	1.21845e-02	3.107e-01	3.645e-02
chr7_56049716_G_A_b38	1	7.46392e-03	3.146e-01	3.746e-02
chr7_56050014_G_A_b38	1	7.46392e-03	3.146e-01	3.746e-02
chr7_56043782_C_T_b38	1	7.46392e-03	3.146e-01	3.746e-02
chr7_56093445_C_G_b38	1	3.75756e-03	3.180e-01	3.774e-02
chr7_56090888_T_C_b38	1	3.75756e-03	3.180e-01	3.774e-02
chr7_56106123_A_G_b38	1	3.75756e-03	3.180e-01	3.774e-02
chr7_56098075_C_T_b38	1	3.75756e-03	3.180e-01	3.774e-02
chr7_56096295_C_T_b38	1	3.75756e-03	3.180e-01	3.774e-02
chr7_56100298_G_A_b38	1	3.75756e-03	3.180e-01	3.774e-02
chr7_56097509_C_G_b38	1	3.75756e-03	3.180e-01	3.774e-02
chr7_56108230_G_A_b38	1	3.75756e-03	3.180e-01	3.774e-02
chr7_56104685_G_A_b38	1	3.75756e-03	3.180e-01	3.774e-02
chr7_56025761_T_G_b38	1	2.84556e-03	3.146e-01	3.746e-02
chr7_56038473_A_G_b38	1	2.84556e-03	3.146e-01	3.746e-02
chr7_56022975_C_A_b38	1	2.84556e-03	3.146e-01	3.746e-02
chr7_56037633_T_C_b38	1	2.84556e-03	3.146e-01	3.746e-02
chr7_56037685_C_T_b38	1	2.84556e-03	3.146e-01	3.746e-02
chr7_56038615_G_A_b38	1	2.84556e-03	3.146e-01	3.746e-02
chr7_55815594_AG_A_b38	2	9.95617e-01	-5.874e-01	2.546e-01
chr7_55809112_C_G_b38	2	3.41825e-03	-3.934e-01	6.812e-02
chr7_56064217_C_G_b38	3	3.72638e-01	1.098e-01	3.242e-02
chr7_56065048_C_T_b38	3	6.71268e-02	1.138e-01	3.242e-02
chr7_56068501_C_T_b38	3	2.79739e-02	1.101e-01	3.238e-02
chr7_56073590_G_A_b38	3	1.41635e-02	1.096e-01	3.236e-02
chr7_56083840_A_G_b38	3	1.28897e-02	1.160e-01	3.227e-02
chr7_55915201_G_A_b38	3	9.98066e-03	1.478e-01	3.245e-02
chr7_56072664_A_G_b38	3	9.92540e-03	1.070e-01	3.241e-02
chr7_56070432_C_T_b38	3	9.92540e-03	1.070e-01	3.241e-02
chr7_56057061_C_T_b38	3	8.75166e-03	1.070e-01	3.241e-02
chr7_56071757_C_T_b38	3	8.40987e-03	1.057e-01	3.232e-02
chr7_56088463_C_T_b38	3	6.33146e-03	1.181e-01	3.274e-02
chr7_55965134_T_C_b38	3	5.20986e-03	1.338e-01	3.225e-02
chr7_55988452_A_C_b38	3	4.72053e-03	1.323e-01	3.209e-02
chr7_55987766_G_A_b38	3	4.72053e-03	1.323e-01	3.209e-02
chr7_55999523_TTTTTCTGAGTA_T_b38	3	4.72053e-03	1.323e-01	3.209e-02
chr7_55992408_C_T_b38	3	4.72053e-03	1.323e-01	3.209e-02
chr7_55974912_C_T_b38	3	4.72053e-03	1.323e-01	3.209e-02
chr7_55968621_G_A_b38	3	4.72053e-03	1.323e-01	3.209e-02
chr7_55981326_A_G_b38	3	4.72053e-03	1.323e-01	3.209e-02
chr7_55977453_G_A_b38	3	4.72053e-03	1.323e-01	3.209e-02
chr7_55965661_ACCT_A_b38	3	4.72053e-03	1.323e-01	3.209e-02
chr7_55997687_T_A_b38	3	4.72053e-03	1.323e-01	3.209e-02
chr7_55970564_G_A_b38	3	4.72053e-03	1.323e-01	3.209e-02
chr7_56042378_C_T_b38	3	3.91826e-03	1.122e-01	3.242e-02
chr7_56004154_G_C_b38	3	3.89896e-03	1.302e-01	3.193e-02
chr7_56043110_T_C_b38	3	3.69169e-03	1.120e-01	3.252e-02
chr7_56082977_G_A_b38	3	3.57933e-03	1.116e-01	3.247e-02
chr7_56081417_C_T_b38	3	3.57933e-03	1.116e-01	3.247e-02
chr7_56075558_G_T_b38	3	3.57933e-03	1.116e-01	3.247e-02
chr7_56087342_C_T_b38	3	3.57933e-03	1.116e-01	3.247e-02
chr7_56080826_T_G_b38	3	3.57933e-03	1.116e-01	3.247e-02
chr7_56082903_C_T_b38	3	3.57933e-03	1.116e-01	3.247e-02
chr7_56082963_G_A_b38	3	3.57933e-03	1.116e-01	3.247e-02
chr7_56081669_C_T_b38	3	3.57933e-03	1.116e-01	3.247e-02
chr7_56081717_G_A_b38	3	3.57933e-03	1.116e-01	3.247e-02
chr7_56085204_G_A_b38	3	3.57933e-03	1.116e-01	3.247e-02
chr7_56049756_T_A_b38	3	3.30089e-03	1.103e-01	3.231e-02
chr7_56078617_T_C_b38	3	2.81615e-03	1.093e-01	3.253e-02
chr7_55901572_G_A_b38	3	2.71259e-03	-1.402e-01	3.179e-02
chr7_55934609_A_G_b38	3	2.58370e-03	-1.399e-01	3.180e-02
chr7_55929301_T_C_b38	3	2.58370e-03	-1.399e-01	3.180e-02
chr7_55900963_G_A_b38	3	2.58370e-03	-1.399e-01	3.180e-02
chr7_55955288_T_C_b38	3	2.58370e-03	-1.399e-01	3.180e-02
chr7_55896128_C_T_b38	3	2.58370e-03	-1.399e-01	3.180e-02
chr7_55888751_AT_A_b38	3	2.58370e-03	-1.399e-01	3.180e-02
chr7_55925358_T_C_b38	3	2.58370e-03	-1.399e-01	3.180e-02
chr7_55923599_G_A_b38	3	2.58370e-03	-1.399e-01	3.180e-02
chr7_55908433_A_G_b38	3	2.58370e-03	-1.399e-01	3.180e-02
chr7_55887275_T_G_b38	3	2.58370e-03	-1.399e-01	3.180e-02
chr7_55951969_A_G_b38	3	2.58370e-03	-1.399e-01	3.180e-02
chr7_55955793_T_C_b38	3	2.58370e-03	-1.399e-01	3.180e-02
chr7_55900754_G_A_b38	3	2.58370e-03	-1.399e-01	3.180e-02
chr7_55887276_T_C_b38	3	2.58370e-03	-1.399e-01	3.180e-02
chr7_55917082_T_C_b38	3	2.58370e-03	-1.399e-01	3.180e-02
chr7_55907749_T_C_b38	3	2.58370e-03	-1.399e-01	3.180e-02
chr7_55905016_T_C_b38	3	2.58370e-03	-1.399e-01	3.180e-02
chr7_55907246_A_G_b38	3	2.58370e-03	-1.399e-01	3.180e-02
chr7_55947507_G_A_b38	3	2.58370e-03	-1.399e-01	3.180e-02
chr7_55956594_G_A_b38	3	2.58370e-03	-1.399e-01	3.180e-02
chr7_55898655_A_G_b38	3	2.58370e-03	-1.399e-01	3.180e-02
chr7_55932606_T_C_b38	3	2.58370e-03	-1.399e-01	3.180e-02
chr7_55899076_A_G_b38	3	2.58370e-03	-1.399e-01	3.180e-02
chr7_55943231_G_C_b38	3	2.58370e-03	-1.399e-01	3.180e-02
chr7_55887212_T_C_b38	3	2.58370e-03	-1.399e-01	3.180e-02
chr7_55919469_G_GATT_b38	3	2.58370e-03	-1.399e-01	3.180e-02
chr7_55948409_T_A_b38	3	2.58370e-03	-1.399e-01	3.180e-02
chr7_55917595_T_C_b38	3	2.58370e-03	-1.399e-01	3.180e-02
chr7_55918280_T_C_b38	3	2.58370e-03	-1.399e-01	3.180e-02
chr7_55952001_A_G_b38	3	2.58370e-03	-1.399e-01	3.180e-02
chr7_55958678_A_T_b38	3	2.58370e-03	-1.399e-01	3.180e-02
chr7_56101726_C_T_b38	3	2.53505e-03	-1.186e-01	3.280e-02
chr7_56108116_A_G_b38	3	2.53505e-03	-1.186e-01	3.280e-02
chr7_56104668_T_C_b38	3	2.46977e-03	-1.181e-01	3.274e-02
chr7_56106422_A_C_b38	3	2.46977e-03	-1.181e-01	3.274e-02
chr7_56096077_T_C_b38	3	2.46977e-03	1.181e-01	3.274e-02
chr7_56091084_CG_C_b38	3	2.46977e-03	1.181e-01	3.274e-02
chr7_56098394_A_G_b38	3	2.46977e-03	-1.181e-01	3.274e-02
chr7_56106447_G_T_b38	3	2.46977e-03	-1.181e-01	3.274e-02
chr7_56040666_G_C_b38	3	2.35957e-03	1.072e-01	3.250e-02
chr7_56108408_C_T_b38	3	1.98255e-03	-1.179e-01	3.328e-02
chr7_56109373_A_G_b38	3	1.98255e-03	-1.179e-01	3.328e-02
chr7_56109537_T_C_b38	3	1.92904e-03	-1.173e-01	3.321e-02
chr7_56096746_A_AG_b38	3	1.78424e-03	-1.158e-01	3.297e-02
chr7_56014929_G_A_b38	3	1.70259e-03	1.132e-01	3.233e-02
chr7_56038704_C_T_b38	3	1.49380e-03	1.122e-01	3.242e-02
chr7_55743473_C_T_b38	4	2.92784e-02	7.261e-01	1.233e-01
chr7_55743399_G_A_b38	4	2.92784e-02	7.261e-01	1.233e-01
chr7_55743297_C_T_b38	4	2.92784e-02	7.261e-01	1.233e-01
chr7_55742475_A_G_b38	4	2.92510e-02	7.262e-01	1.233e-01
chr7_55742921_G_T_b38	4	2.92510e-02	7.262e-01	1.233e-01
chr7_55744002_A_G_b38	4	1.78900e-03	6.213e-01	1.164e-01
chr7_55826018_C_T_b38	4	1.61733e-03	1.206e+00	2.071e-01
chr7_55824610_C_T_b38	4	1.61733e-03	1.206e+00	2.071e-01
chr7_55823201_G_A_b38	4	1.61733e-03	1.206e+00	2.071e-01
chr7_55830063_A_C_b38	4	1.61733e-03	1.206e+00	2.071e-01
chr7_55826017_G_A_b38	4	1.61733e-03	1.206e+00	2.071e-01
chr7_55827596_C_G_b38	4	1.61733e-03	1.206e+00	2.071e-01
chr7_55826033_C_T_b38	4	1.61733e-03	1.206e+00	2.071e-01
chr7_55825782_C_T_b38	4	1.61733e-03	1.206e+00	2.071e-01
chr7_55735327_T_C_b38	4	7.27634e-04	6.080e-01	1.192e-01
chr7_55746351_G_A_b38	4	7.27634e-04	6.080e-01	1.192e-01
chr7_55765877_G_A_b38	4	7.27634e-04	6.080e-01	1.192e-01
chr7_55759298_C_T_b38	4	7.27634e-04	6.080e-01	1.192e-01
chr7_55746856_C_T_b38	4	7.27634e-04	6.080e-01	1.192e-01
chr7_55760179_G_T_b38	4	7.27634e-04	6.080e-01	1.192e-01
chr7_55763589_G_A_b38	4	7.27634e-04	6.080e-01	1.192e-01
chr7_55746142_G_A_b38	4	7.27634e-04	6.080e-01	1.192e-01
chr7_55804503_C_T_b38	4	4.57254e-21	0.000e+00	0.000e+00
chr7_55738727_A_G_b38	4	1.97966e-22	0.000e+00	0.000e+00
chr7_55739394_C_T_b38	4	1.01129e-22	0.000e+00	0.000e+00
chr7_55743803_G_A_b38	4	6.78859e-23	0.000e+00	0.000e+00
chr7_56072739_TAAAC_T_b38	5	1.10551e-03	9.543e-02	3.625e-02
chr7_56047908_C_T_b38	5	3.42839e-04	9.576e-02	3.621e-02
chr7_56052251_G_A_b38	5	3.08723e-04	9.409e-02	3.611e-02
chr7_56047628_C_T_b38	5	3.08723e-04	9.409e-02	3.611e-02
chr7_56082154_C_T_b38	5	2.37110e-04	9.370e-02	3.611e-02
chr7_56077899_C_A_b38	5	2.37110e-04	9.370e-02	3.611e-02
chr7_56031213_G_A_b38	5	1.18176e-04	9.750e-02	3.626e-02
chr7_56031103_C_T_b38	5	9.89175e-05	9.422e-02	3.601e-02
chr7_56026295_G_T_b38	5	9.84392e-05	9.436e-02	3.606e-02
chr7_56036995_G_A_b38	5	9.13758e-05	9.370e-02	3.611e-02
chr7_56038779_G_T_b38	5	9.13758e-05	9.370e-02	3.611e-02
chr7_56028520_C_A_b38	5	8.88763e-05	9.275e-02	3.596e-02
chr7_56088066_C_T_b38	5	1.05551e-20	0.000e+00	0.000e+00
chr7_56052143_C_T_b38	5	7.48164e-21	0.000e+00	0.000e+00
chr7_56105935_C_G_b38	5	4.85517e-21	0.000e+00	0.000e+00
chr7_56106660_CG_C_b38	5	4.28408e-21	0.000e+00	0.000e+00
chr7_56093428_G_A_b38	5	4.28408e-21	0.000e+00	0.000e+00
chr7_56106658_C_G_b38	5	4.21481e-21	0.000e+00	0.000e+00
chr7_56105714_C_T_b38	5	3.96275e-21	0.000e+00	0.000e+00
chr7_56104067_A_C_b38	5	3.96275e-21	0.000e+00	0.000e+00
chr7_56106858_TCA_T_b38	5	3.96275e-21	0.000e+00	0.000e+00
chr7_56024136_C_T_b38	5	3.02272e-21	0.000e+00	0.000e+00
chr7_56113219_G_A_b38	5	3.01747e-21	0.000e+00	0.000e+00
chr7_56112917_C_G_b38	5	3.01747e-21	0.000e+00	0.000e+00
chr7_56024361_GC_G_b38	5	2.79744e-21	0.000e+00	0.000e+00
chr7_56038453_C_T_b38	5	2.58090e-21	0.000e+00	0.000e+00
chr7_56021340_A_C_b38	5	2.57509e-21	0.000e+00	0.000e+00
chr7_56016896_C_A_b38	5	2.56972e-21	0.000e+00	0.000e+00
chr7_56017843_C_T_b38	5	2.56972e-21	0.000e+00	0.000e+00
