chr10_100887424_A_G_b38	1	1.33469e-01	4.761e-01	8.411e-02
chr10_100913306_G_T_b38	1	1.32780e-01	4.484e-01	9.163e-02
chr10_100895556_T_C_b38	1	9.33466e-02	4.815e-01	8.963e-02
chr10_100889027_C_A_b38	1	9.33466e-02	4.815e-01	8.963e-02
chr10_100900524_G_C_b38	1	9.33466e-02	4.815e-01	8.963e-02
chr10_100886253_A_G_b38	1	9.05833e-02	4.666e-01	8.387e-02
chr10_100914879_T_A_b38	1	5.98283e-02	4.484e-01	9.163e-02
chr10_100913950_C_G_b38	1	5.98283e-02	4.484e-01	9.163e-02
chr10_100914591_A_G_b38	1	5.98283e-02	4.484e-01	9.163e-02
chr10_100914880_C_A_b38	1	5.98283e-02	4.484e-01	9.163e-02
chr10_100927081_GT_G_b38	1	1.79771e-02	4.484e-01	9.162e-02
chr10_100984574_A_T_b38	1	7.92565e-03	4.661e-01	8.794e-02
chr10_100957976_G_A_b38	1	5.52585e-03	4.472e-01	9.167e-02
chr10_100949619_G_A_b38	1	5.52585e-03	4.472e-01	9.167e-02
chr10_100946841_A_G_b38	1	5.52585e-03	4.472e-01	9.167e-02
chr10_100948391_G_A_b38	1	5.52585e-03	4.472e-01	9.167e-02
chr10_100960145_T_C_b38	1	5.52585e-03	4.472e-01	9.167e-02
chr10_100929460_T_C_b38	1	4.14769e-03	4.122e-01	9.198e-02
chr10_100932873_AG_A_b38	1	4.14769e-03	4.122e-01	9.198e-02
chr10_100899178_G_A_b38	1	3.84456e-03	3.741e-01	8.320e-02
chr10_100898151_C_T_b38	1	3.84456e-03	3.741e-01	8.320e-02
chr10_100914349_AT_A_b38	1	3.04955e-03	3.492e-01	8.699e-02
chr10_100891319_C_G_b38	1	2.86039e-03	3.664e-01	8.308e-02
chr10_100903808_G_A_b38	1	2.47850e-03	3.617e-01	8.767e-02
chr10_100905504_C_G_b38	1	2.47850e-03	3.617e-01	8.767e-02
chr10_100907521_A_T_b38	1	2.47850e-03	3.617e-01	8.767e-02
chr10_100900917_C_T_b38	1	2.47823e-03	3.650e-01	8.354e-02
chr10_100900909_G_A_b38	1	2.47823e-03	3.650e-01	8.354e-02
chr10_100915710_C_A_b38	1	2.28460e-03	3.492e-01	8.699e-02
chr10_100943376_G_T_b38	1	2.08410e-03	4.165e-01	9.049e-02
chr10_100909099_C_A_b38	1	1.94581e-03	3.503e-01	8.784e-02
chr10_100918008_G_T_b38	1	1.60728e-03	3.492e-01	8.699e-02
chr10_100903788_A_G_b38	1	1.59719e-03	3.503e-01	8.784e-02
chr10_100973950_A_AT_b38	1	1.55157e-03	4.472e-01	9.167e-02
chr10_100906848_AT_A_b38	1	1.38273e-03	3.543e-01	8.981e-02
chr10_100912491_A_T_b38	2	1.00065e-02	-4.165e-02	2.115e-01
chr10_100926316_A_T_b38	2	3.84679e-04	-5.560e-02	1.982e-01
