chr1_109509517_A_G_b38	1	9.43565e-01	1.680e-01	2.121e-02
chr1_109558501_T_A_b38	2	2.37939e-02	1.654e-01	4.541e-02
chr1_109558502_C_T_b38	2	2.37939e-02	1.654e-01	4.541e-02
chr1_109539851_G_T_b38	2	2.18260e-02	1.521e-01	4.220e-02
chr1_109548660_C_T_b38	2	2.18260e-02	1.521e-01	4.220e-02
chr1_109591595_C_T_b38	2	8.13643e-03	1.654e-01	4.541e-02
chr1_109566417_A_G_b38	2	8.13643e-03	1.654e-01	4.541e-02
chr1_109594316_T_TA_b38	2	8.13643e-03	1.654e-01	4.541e-02
chr1_109591561_C_T_b38	2	8.13643e-03	1.654e-01	4.541e-02
chr1_109583897_GT_G_b38	2	8.37864e-04	1.207e-01	4.376e-02
chr1_109616709_C_T_b38	2	3.44194e-04	1.226e-01	3.873e-02
chr1_109500435_A_G_b38	3	7.86154e-04	1.857e-01	7.770e-02
