chr17_45149847_T_C_b38	1	2.07732e-01	-1.515e-01	3.689e-02
chr17_45149520_A_G_b38	1	2.07732e-01	-1.515e-01	3.689e-02
chr17_45144441_G_A_b38	1	1.34281e-01	-1.515e-01	3.689e-02
chr17_45154624_T_G_b38	1	7.55853e-02	-1.515e-01	3.689e-02
chr17_45154647_G_T_b38	1	6.21200e-02	-1.479e-01	3.650e-02
chr17_45154646_G_A_b38	1	6.21200e-02	-1.479e-01	3.650e-02
chr17_45144272_CT_C_b38	1	5.18883e-02	-1.406e-01	3.665e-02
chr17_45165327_G_A_b38	1	3.21488e-02	-1.504e-01	3.694e-02
chr17_45173286_A_G_b38	1	1.14886e-02	-1.363e-01	3.607e-02
chr17_45142299_G_A_b38	1	8.64230e-03	-1.241e-01	3.572e-02
chr17_45141310_G_A_b38	1	7.51351e-03	-1.195e-01	3.485e-02
chr17_45140892_A_G_b38	1	7.08980e-03	-1.209e-01	3.545e-02
chr17_45145575_G_C_b38	1	5.56342e-03	-9.906e-02	3.166e-02
chr17_45172077_C_T_b38	1	4.31739e-03	-1.214e-01	3.492e-02
chr17_45170590_A_C_b38	1	4.31739e-03	-1.214e-01	3.492e-02
chr17_45145949_C_CAT_b38	1	4.26138e-03	-9.975e-02	3.293e-02
chr17_45145925_G_A_b38	1	4.26138e-03	-9.975e-02	3.293e-02
chr17_45155199_A_G_b38	1	3.13159e-03	-9.906e-02	3.166e-02
chr17_45130754_A_T_b38	1	3.12260e-03	-1.208e-01	3.583e-02
chr17_45183513_A_G_b38	1	2.46840e-03	1.256e-01	3.470e-02
chr17_45148227_G_C_b38	2	1.04399e-02	-1.147e-02	5.312e-02
chr17_45151932_A_C_b38	2	1.10211e-03	-7.042e-03	5.263e-02
chr17_45142545_A_G_b38	2	7.76645e-04	3.256e-02	6.183e-02
chr17_45154300_CTT_C_b38	2	7.23256e-04	2.285e-02	5.817e-02
chr17_45159756_T_G_b38	2	4.49319e-04	5.295e-02	5.866e-02
chr17_45130059_G_T_b38	2	3.18793e-04	-1.350e-02	6.393e-02
chr17_45129663_C_T_b38	2	3.18793e-04	-1.350e-02	6.393e-02
chr17_45177054_G_A_b38	2	6.74638e-05	1.937e-04	6.274e-02
chr17_45182352_C_G_b38	2	6.01492e-05	-9.671e-03	5.380e-02
