chr13_32548658_T_C_b38	1	6.99135e-02	1.860e-01	4.910e-02
chr13_32551236_C_G_b38	1	4.35058e-02	1.746e-01	4.529e-02
chr13_32552728_TG_T_b38	1	4.08856e-02	1.791e-01	4.685e-02
chr13_32549791_C_T_b38	1	3.90802e-02	1.862e-01	4.899e-02
chr13_32563835_G_A_b38	1	3.00493e-02	1.704e-01	4.560e-02
chr13_32563248_AT_A_b38	1	2.66482e-02	1.697e-01	4.602e-02
chr13_32552600_A_C_b38	1	2.05572e-02	1.643e-01	4.560e-02
chr13_32551937_T_C_b38	1	2.05572e-02	1.643e-01	4.560e-02
chr13_32552711_A_G_b38	1	2.05572e-02	1.643e-01	4.560e-02
chr13_32551069_G_A_b38	1	2.05572e-02	1.643e-01	4.560e-02
chr13_32569269_G_A_b38	1	1.67226e-02	1.922e-01	4.899e-02
chr13_32561287_C_T_b38	1	1.40680e-02	1.619e-01	4.687e-02
chr13_32569227_C_T_b38	1	1.22793e-02	1.858e-01	4.843e-02
chr13_32572075_G_T_b38	1	1.22793e-02	1.858e-01	4.843e-02
chr13_32518792_C_T_b38	1	1.20317e-02	1.719e-01	4.930e-02
chr13_32517104_G_C_b38	1	1.20317e-02	1.719e-01	4.930e-02
chr13_32527680_C_T_b38	1	1.20317e-02	1.719e-01	4.930e-02
chr13_32557205_A_G_b38	1	9.86858e-03	1.559e-01	4.676e-02
chr13_32566660_CTA_C_b38	1	7.69482e-03	1.770e-01	4.836e-02
chr13_32500537_C_A_b38	1	7.64699e-03	1.776e-01	4.846e-02
chr13_32569111_T_A_b38	1	5.77818e-03	1.700e-01	4.757e-02
chr13_32571858_G_A_b38	1	5.77818e-03	1.700e-01	4.757e-02
chr13_32571325_C_T_b38	1	5.52295e-03	1.831e-01	5.077e-02
chr13_32568660_A_G_b38	1	5.52221e-03	1.682e-01	4.736e-02
chr13_32506943_CAG_C_b38	1	4.84797e-03	1.728e-01	4.890e-02
chr13_32599021_C_T_b38	1	4.35468e-03	1.820e-01	4.713e-02
chr13_32589512_A_G_b38	1	4.28162e-03	1.864e-01	4.816e-02
chr13_32608003_G_A_b38	1	4.28162e-03	1.864e-01	4.816e-02
chr13_32607532_G_A_b38	1	4.28162e-03	1.864e-01	4.816e-02
chr13_32587322_G_T_b38	1	4.18862e-03	1.668e-01	4.810e-02
chr13_32585301_C_T_b38	1	4.18862e-03	1.668e-01	4.810e-02
chr13_32578179_C_A_b38	1	4.11996e-03	1.657e-01	4.745e-02
chr13_32578584_C_T_b38	1	4.11996e-03	1.657e-01	4.745e-02
chr13_32567803_C_A_b38	1	3.90934e-03	1.639e-01	4.762e-02
chr13_32572915_C_T_b38	1	3.81007e-03	1.625e-01	4.734e-02
chr13_32574079_T_A_b38	1	3.81007e-03	1.625e-01	4.734e-02
chr13_32573751_T_G_b38	1	3.81007e-03	1.625e-01	4.734e-02
chr13_32573411_T_G_b38	1	3.81007e-03	1.625e-01	4.734e-02
chr13_32586568_C_A_b38	1	3.57778e-03	1.611e-01	4.721e-02
chr13_32491306_T_G_b38	1	3.21357e-03	1.663e-01	4.918e-02
chr13_32593913_G_A_b38	1	2.99283e-03	1.816e-01	4.814e-02
chr13_32578345_T_C_b38	1	2.83344e-03	1.590e-01	4.740e-02
chr13_32496990_G_C_b38	1	2.47144e-03	1.610e-01	4.882e-02
chr13_32579773_A_G_b38	1	2.35320e-03	1.524e-01	4.637e-02
chr13_32605787_CTCT_C_b38	1	1.92440e-03	1.719e-01	4.691e-02
chr13_32622864_C_G_b38	1	1.92440e-03	1.719e-01	4.691e-02
chr13_32605490_A_G_b38	1	1.92440e-03	1.719e-01	4.691e-02
chr13_32610151_T_C_b38	1	1.92440e-03	1.719e-01	4.691e-02
chr13_32491021_T_C_b38	1	1.84172e-03	1.560e-01	4.903e-02
chr13_32591363_C_T_b38	1	1.78125e-03	1.725e-01	4.739e-02
chr13_32600186_G_A_b38	1	1.78125e-03	1.725e-01	4.739e-02
chr13_32492975_T_A_b38	1	1.58804e-03	1.586e-01	4.950e-02
chr13_32595560_T_C_b38	1	1.40035e-03	1.671e-01	4.695e-02
chr13_32593563_A_G_b38	1	1.40035e-03	1.671e-01	4.695e-02
chr13_32601656_G_T_b38	1	1.39175e-03	1.687e-01	4.748e-02
chr13_32602049_AAAAC_A_b38	1	1.39175e-03	1.687e-01	4.748e-02
chr13_32589901_T_TC_b38	1	1.39175e-03	1.687e-01	4.748e-02
chr13_32589242_TA_T_b38	1	1.39175e-03	1.687e-01	4.748e-02
chr13_32590281_G_A_b38	1	1.39175e-03	1.687e-01	4.748e-02
chr13_32592549_GC_G_b38	1	1.39175e-03	1.687e-01	4.748e-02
chr13_32589796_T_TTTTAAG_b38	1	1.30597e-03	1.632e-01	4.615e-02
chr13_32634669_C_T_b38	1	1.23920e-03	1.679e-01	4.731e-02
chr13_32634035_C_T_b38	1	1.16631e-03	1.705e-01	4.838e-02
chr13_32631522_C_T_b38	1	1.16631e-03	1.705e-01	4.838e-02
chr13_32637910_T_G_b38	1	1.16631e-03	1.705e-01	4.838e-02
chr13_32635500_C_T_b38	1	1.16631e-03	1.705e-01	4.838e-02
chr13_32615448_TATA_T_b38	1	1.10169e-03	1.633e-01	4.703e-02
chr13_32603431_T_C_b38	1	1.10169e-03	1.633e-01	4.703e-02
chr13_32604393_A_G_b38	1	1.10169e-03	1.633e-01	4.703e-02
chr13_32607005_T_C_b38	1	1.10169e-03	1.633e-01	4.703e-02
chr13_32612320_G_A_b38	1	1.10169e-03	1.633e-01	4.703e-02
chr13_32623496_T_TTTAAAG_b38	1	1.10169e-03	1.633e-01	4.703e-02
chr13_32615452_C_G_b38	1	1.10169e-03	1.633e-01	4.703e-02
chr13_32607272_T_C_b38	1	1.10169e-03	1.633e-01	4.703e-02
chr13_32604161_G_A_b38	1	1.10169e-03	1.633e-01	4.703e-02
chr13_32606472_A_C_b38	1	1.10169e-03	1.633e-01	4.703e-02
chr13_32607688_CTGGGG_C_b38	1	1.10169e-03	1.633e-01	4.703e-02
chr13_32598182_T_TCTC_b38	1	1.03576e-03	1.642e-01	4.758e-02
chr13_32600088_G_A_b38	1	1.03576e-03	1.642e-01	4.758e-02
chr13_32601160_T_G_b38	1	1.03576e-03	1.642e-01	4.758e-02
chr13_32597942_G_C_b38	1	1.03576e-03	1.642e-01	4.758e-02
chr13_32597518_T_C_b38	1	1.03576e-03	1.642e-01	4.758e-02
chr13_32591164_C_T_b38	1	1.03576e-03	1.642e-01	4.758e-02
chr13_32603556_G_T_b38	1	1.02422e-03	1.604e-01	4.656e-02
chr13_32468733_G_A_b38	1	9.87828e-04	1.679e-01	4.861e-02
chr13_32473853_A_G_b38	1	9.87828e-04	1.679e-01	4.861e-02
chr13_32484196_G_A_b38	1	9.87828e-04	1.679e-01	4.861e-02
chr13_32486433_T_C_b38	1	9.87828e-04	1.679e-01	4.861e-02
chr13_32473678_T_G_b38	1	9.87828e-04	1.679e-01	4.861e-02
chr13_32483208_G_T_b38	1	9.87828e-04	1.679e-01	4.861e-02
chr13_32628778_AT_A_b38	1	9.62169e-04	1.629e-01	4.729e-02
chr13_32627829_C_T_b38	1	9.62169e-04	1.629e-01	4.729e-02
chr13_32624572_G_A_b38	1	9.42509e-04	1.578e-01	4.614e-02
chr13_32609266_G_A_b38	1	9.42509e-04	1.578e-01	4.614e-02
chr13_32611016_G_A_b38	1	9.42509e-04	1.578e-01	4.614e-02
chr13_32601519_G_A_b38	1	8.90285e-04	1.588e-01	4.669e-02
chr13_32599876_G_C_b38	1	8.90285e-04	1.588e-01	4.669e-02
chr13_32594276_C_CTA_b38	1	8.31748e-04	1.590e-01	4.714e-02
chr13_32627013_C_CT_b38	1	8.11307e-04	1.633e-01	4.859e-02
chr13_32597779_A_G_b38	1	7.77339e-04	1.598e-01	4.774e-02
chr13_32595259_A_C_b38	1	7.18873e-04	1.537e-01	4.626e-02
chr13_32593754_G_T_b38	1	7.18873e-04	1.537e-01	4.626e-02
chr13_32632514_T_G_b38	1	6.68484e-04	1.589e-01	4.800e-02
chr13_32539266_G_C_b38	2	9.31264e-02	1.321e-01	5.393e-02
chr13_32541177_G_A_b38	2	2.27025e-02	1.388e-01	5.179e-02
chr13_32540072_T_C_b38	2	2.27025e-02	1.388e-01	5.179e-02
chr13_32541208_C_T_b38	2	1.57250e-02	1.317e-01	5.253e-02
chr13_32530239_G_A_b38	2	9.67236e-03	1.400e-01	5.158e-02
chr13_32532045_A_G_b38	2	9.67236e-03	1.400e-01	5.158e-02
chr13_32546355_G_A_b38	2	8.40985e-03	-1.406e-01	5.206e-02
chr13_32530879_C_T_b38	2	6.26754e-03	1.339e-01	5.221e-02
chr13_32549379_T_C_b38	2	4.28028e-03	-1.434e-01	5.253e-02
chr13_32519018_C_T_b38	2	4.14156e-03	1.426e-01	5.101e-02
chr13_32518862_T_C_b38	2	4.14156e-03	1.426e-01	5.101e-02
chr13_32527594_T_C_b38	2	3.11062e-03	1.437e-01	5.325e-02
chr13_32525178_C_T_b38	2	2.73569e-03	1.361e-01	5.164e-02
chr13_32515675_ATC_A_b38	2	2.73569e-03	1.361e-01	5.164e-02
chr13_32525210_G_T_b38	2	2.51382e-03	1.414e-01	5.176e-02
chr13_32739776_G_GT_b38	2	1.71655e-03	-2.079e-01	5.176e-02
chr13_32495098_GA_G_b38	2	1.52403e-03	1.512e-01	5.066e-02
chr13_32509416_C_T_b38	2	1.50386e-03	1.470e-01	4.982e-02
chr13_32506356_C_T_b38	2	1.46113e-03	1.482e-01	4.874e-02
chr13_32504605_T_C_b38	2	1.46113e-03	1.482e-01	4.874e-02
chr13_32633558_G_A_b38	2	1.41870e-03	-1.766e-01	5.229e-02
chr13_32634380_CT_C_b38	2	1.41870e-03	-1.766e-01	5.229e-02
chr13_32513081_C_T_b38	2	1.35078e-03	1.488e-01	4.957e-02
chr13_32728458_A_G_b38	2	1.17408e-03	-2.022e-01	5.127e-02
chr13_32728446_GTTTTTCCTC_G_b38	2	1.17408e-03	-2.022e-01	5.127e-02
chr13_32729586_C_G_b38	2	1.17408e-03	-2.022e-01	5.127e-02
chr13_32728455_C_CGAAG_b38	2	1.17408e-03	-2.022e-01	5.127e-02
chr13_32785888_C_T_b38	2	1.06167e-03	-2.012e-01	5.155e-02
chr13_32540420_C_T_b38	2	9.98714e-04	5.392e-02	6.494e-02
chr13_32761421_G_C_b38	2	9.75586e-04	-2.022e-01	5.039e-02
chr13_32510422_A_G_b38	2	9.27218e-04	1.471e-01	4.898e-02
chr13_32498685_A_G_b38	2	9.27218e-04	1.471e-01	4.898e-02
chr13_32499890_T_C_b38	2	9.27218e-04	1.471e-01	4.898e-02
chr13_32513440_T_C_b38	2	9.09215e-04	1.449e-01	4.839e-02
chr13_32512956_C_T_b38	2	9.09215e-04	1.449e-01	4.839e-02
chr13_32504699_T_C_b38	2	9.09215e-04	1.449e-01	4.839e-02
chr13_32580346_A_G_b38	2	6.35896e-04	-1.493e-01	5.203e-02
chr13_32579287_T_C_b38	2	6.35896e-04	-1.493e-01	5.203e-02
chr13_32542030_G_A_b38	2	5.38804e-04	7.001e-02	6.547e-02
chr13_32786336_C_A_b38	2	4.49514e-04	-1.868e-01	4.990e-02
chr13_32557954_A_G_b38	3	3.14585e-02	3.845e-01	9.381e-02
chr13_32495312_C_T_b38	3	1.11036e-02	3.853e-01	9.347e-02
chr13_32519876_A_G_b38	3	7.18890e-03	4.815e-01	1.281e-01
chr13_32623423_A_G_b38	3	3.62751e-03	3.858e-01	9.324e-02
chr13_32716289_T_C_b38	3	6.28141e-04	3.858e-01	9.324e-02
chr13_32757913_A_G_b38	3	3.08616e-04	3.577e-01	9.161e-02
