chr1_150701208_T_C_b38	1	1.93931e-01	1.454e-01	2.157e-02
chr1_150716120_T_C_b38	1	1.34639e-01	1.475e-01	2.372e-02
chr1_150691031_C_A_b38	1	1.16484e-01	1.451e-01	2.055e-02
chr1_150704009_T_C_b38	1	6.90411e-02	1.434e-01	1.944e-02
chr1_150678699_C_T_b38	1	5.87174e-02	1.449e-01	1.948e-02
chr1_150714820_C_T_b38	1	5.86279e-02	1.449e-01	1.948e-02
chr1_150717748_G_A_b38	1	5.86279e-02	1.449e-01	1.948e-02
chr1_150684535_T_G_b38	1	3.36238e-02	1.433e-01	1.940e-02
chr1_150686697_C_G_b38	1	3.36238e-02	1.433e-01	1.940e-02
chr1_150675511_C_T_b38	1	3.36238e-02	1.433e-01	1.940e-02
chr1_150711036_C_A_b38	1	3.35726e-02	1.433e-01	1.940e-02
chr1_150724316_TCTTCTGCAG_T_b38	1	2.92013e-02	1.450e-01	1.940e-02
chr1_150742175_TGAACCTTAAAGGCA_T_b38	1	2.00334e-02	1.445e-01	1.945e-02
chr1_150737247_C_T_b38	1	2.00334e-02	1.445e-01	1.945e-02
chr1_150660603_A_G_b38	1	1.32683e-02	1.431e-01	1.934e-02
chr1_150660531_CA_C_b38	1	1.32683e-02	1.431e-01	1.934e-02
chr1_150696938_T_G_b38	1	1.05886e-02	-1.314e-01	1.926e-02
chr1_150697476_C_T_b38	1	7.75629e-03	-1.308e-01	1.922e-02
chr1_150743306_G_A_b38	1	7.60846e-03	-1.415e-01	1.906e-02
chr1_150698008_T_G_b38	1	4.05971e-03	-1.310e-01	1.911e-02
chr1_150699786_T_C_b38	2	2.40190e-02	-9.016e-02	5.139e-02
chr1_150699765_C_T_b38	2	1.04774e-02	8.529e-02	3.714e-02
chr1_150687219_C_G_b38	2	7.25853e-03	-7.380e-02	3.557e-02
chr1_150688226_C_T_b38	2	7.25853e-03	-7.380e-02	3.557e-02
chr1_150687216_C_A_b38	2	7.25853e-03	-7.380e-02	3.557e-02
chr1_150688401_CT_C_b38	2	6.31276e-03	8.601e-02	3.566e-02
chr1_150719933_G_A_b38	2	3.09125e-03	8.604e-02	3.565e-02
chr1_150710680_T_C_b38	2	2.31664e-03	8.080e-02	3.553e-02
chr1_150716760_G_C_b38	2	1.79328e-03	7.729e-02	3.570e-02
chr1_150663298_T_C_b38	2	1.33275e-03	-7.619e-02	3.033e-02
chr1_150665477_A_C_b38	2	1.33275e-03	-7.619e-02	3.033e-02
chr1_150661996_A_G_b38	2	9.57096e-04	8.616e-02	3.564e-02
chr1_150664976_T_A_b38	2	9.57096e-04	8.616e-02	3.564e-02
chr1_150658834_T_C_b38	2	8.01754e-04	8.242e-02	3.533e-02
chr1_150723524_A_C_b38	2	7.45561e-04	8.127e-02	3.541e-02
chr1_150723615_C_T_b38	2	7.45561e-04	8.127e-02	3.541e-02
chr1_150734318_C_T_b38	2	7.45561e-04	8.127e-02	3.541e-02
chr1_150657925_T_G_b38	2	7.24629e-04	8.113e-02	3.552e-02
chr1_150669683_C_T_b38	2	7.24629e-04	8.113e-02	3.552e-02
chr1_150921087_A_G_b38	2	1.25619e-04	-9.674e-02	3.271e-02
chr1_150911795_A_G_b38	2	1.25619e-04	-9.674e-02	3.271e-02
chr1_150754918_G_A_b38	2	1.18854e-04	8.182e-02	3.539e-02
chr1_150770298_G_A_b38	2	1.18854e-04	8.182e-02	3.539e-02
chr1_150766081_T_A_b38	2	1.18854e-04	8.182e-02	3.539e-02
chr1_150761603_T_C_b38	2	1.18854e-04	8.182e-02	3.539e-02
chr1_150781000_C_A_b38	2	1.18071e-04	8.171e-02	3.538e-02
chr1_150786251_C_T_b38	2	1.18071e-04	8.171e-02	3.538e-02
chr1_150787503_G_T_b38	2	1.18071e-04	8.171e-02	3.538e-02
chr1_150786128_G_A_b38	2	1.18071e-04	8.171e-02	3.538e-02
chr1_150781282_G_A_b38	2	1.18071e-04	8.171e-02	3.538e-02
chr1_150942362_G_A_b38	2	6.03258e-05	9.697e-02	3.377e-02
chr1_150636412_G_A_b38	2	5.82217e-05	7.693e-02	3.459e-02
chr1_150613840_A_G_b38	2	5.82217e-05	7.693e-02	3.459e-02
chr1_150622225_C_T_b38	2	5.82217e-05	7.693e-02	3.459e-02
chr1_150613837_CA_C_b38	2	5.82217e-05	7.693e-02	3.459e-02
chr1_150597492_T_C_b38	2	5.82217e-05	7.693e-02	3.459e-02
chr1_150638869_C_G_b38	2	5.82217e-05	7.693e-02	3.459e-02
chr1_150895806_A_T_b38	2	5.48175e-05	9.543e-02	3.369e-02
chr1_150946359_G_A_b38	2	4.92749e-05	9.892e-02	3.550e-02
chr1_150905205_G_T_b38	2	4.92749e-05	9.892e-02	3.550e-02
chr1_150785571_A_G_b38	2	4.83379e-05	-6.634e-02	3.060e-02
chr1_150704872_G_A_b38	3	1.56109e-03	-1.337e-01	1.918e-02
chr1_150706557_G_A_b38	3	1.56109e-03	-1.337e-01	1.918e-02
chr1_150698767_AC_A_b38	3	1.41022e-03	-1.113e-01	8.127e-02
chr1_150699154_T_C_b38	3	1.41022e-03	-1.113e-01	8.127e-02
chr1_150705243_C_T_b38	3	1.00179e-03	-1.325e-01	1.920e-02
chr1_150701857_C_T_b38	3	9.80529e-04	-1.113e-01	8.127e-02
chr1_150701577_T_G_b38	3	9.80529e-04	-1.113e-01	8.127e-02
chr1_150699747_G_T_b38	3	9.80529e-04	-1.113e-01	8.127e-02
chr1_150692574_G_A_b38	3	8.89342e-04	-1.113e-01	8.127e-02
chr1_150680915_G_A_b38	3	7.66643e-04	-1.337e-01	1.918e-02
chr1_150708512_A_T_b38	3	7.65475e-04	-1.337e-01	1.918e-02
chr1_150706434_T_C_b38	3	7.64319e-04	-1.310e-01	1.911e-02
chr1_150703007_C_T_b38	3	7.64319e-04	-1.310e-01	1.911e-02
chr1_150687353_G_A_b38	3	7.43981e-04	-1.310e-01	1.911e-02
chr1_150694514_G_C_b38	3	6.39075e-04	-9.211e-02	1.107e-01
chr1_150694321_G_A_b38	3	6.39075e-04	-9.211e-02	1.107e-01
chr1_150705595_G_T_b38	3	6.09818e-04	-1.151e-01	7.402e-02
chr1_150705758_A_G_b38	3	6.09818e-04	-1.151e-01	7.402e-02
chr1_150706882_C_T_b38	3	6.09818e-04	-1.151e-01	7.402e-02
chr1_150702777_T_C_b38	3	6.02043e-04	-1.151e-01	7.402e-02
chr1_150704787_G_A_b38	3	6.02043e-04	-1.151e-01	7.402e-02
chr1_150704986_G_A_b38	3	6.02043e-04	-1.151e-01	7.402e-02
chr1_150702462_T_C_b38	3	6.02043e-04	-1.151e-01	7.402e-02
chr1_150702671_A_G_b38	3	6.02043e-04	-1.151e-01	7.402e-02
chr1_150691601_C_T_b38	3	5.86022e-04	-1.151e-01	7.402e-02
chr1_150688607_C_T_b38	3	5.86022e-04	-1.151e-01	7.402e-02
chr1_150690098_C_T_b38	3	5.86022e-04	-1.151e-01	7.402e-02
chr1_150687936_C_T_b38	3	5.86022e-04	-1.151e-01	7.402e-02
chr1_150690055_C_T_b38	3	5.86022e-04	-1.151e-01	7.402e-02
chr1_150689311_T_C_b38	3	5.86022e-04	-1.151e-01	7.402e-02
chr1_150688516_C_T_b38	3	5.86022e-04	-1.151e-01	7.402e-02
chr1_150686245_T_C_b38	3	3.75353e-04	-1.310e-01	1.911e-02
chr1_150687069_G_A_b38	3	3.75353e-04	-1.310e-01	1.911e-02
chr1_150673880_G_A_b38	3	3.75353e-04	-1.310e-01	1.911e-02
chr1_150676704_C_G_b38	3	3.75353e-04	-1.310e-01	1.911e-02
chr1_150713359_A_G_b38	3	3.74781e-04	-1.310e-01	1.911e-02
chr1_150794346_G_A_b38	3	3.68709e-04	-1.401e-01	1.952e-02
chr1_150709739_G_T_b38	3	3.20553e-04	-1.314e-01	1.924e-02
chr1_150730890_TAACA_T_b38	3	3.11633e-04	-1.341e-01	1.923e-02
chr1_150735516_C_T_b38	3	3.11633e-04	-1.341e-01	1.923e-02
chr1_150659441_C_T_b38	3	3.05727e-04	-1.337e-01	1.918e-02
chr1_150924696_CAA_C_b38	3	3.05232e-04	-1.515e-01	2.054e-02
chr1_150681319_C_T_b38	3	2.89352e-04	-1.307e-01	1.919e-02
chr1_150683262_A_C_b38	3	2.89352e-04	-1.307e-01	1.919e-02
chr1_150673369_G_C_b38	3	2.89352e-04	-1.307e-01	1.919e-02
chr1_150675322_T_C_b38	3	2.89352e-04	-1.307e-01	1.919e-02
chr1_150686955_A_AT_b38	3	2.89352e-04	-1.307e-01	1.919e-02
chr1_150674482_C_T_b38	3	2.89352e-04	-1.307e-01	1.919e-02
chr1_150682945_T_C_b38	3	2.89352e-04	-1.307e-01	1.919e-02
chr1_150677038_C_T_b38	3	2.89352e-04	-1.307e-01	1.919e-02
chr1_150683831_A_G_b38	3	2.89352e-04	-1.307e-01	1.919e-02
chr1_150677789_T_C_b38	3	2.89352e-04	-1.307e-01	1.919e-02
chr1_150672552_T_A_b38	3	2.89352e-04	-1.307e-01	1.919e-02
chr1_150684397_G_A_b38	3	2.89352e-04	-1.307e-01	1.919e-02
chr1_150677529_A_G_b38	3	2.89352e-04	-1.307e-01	1.919e-02
chr1_150674207_AT_A_b38	3	2.89352e-04	-1.307e-01	1.919e-02
chr1_150684805_T_C_b38	3	2.89352e-04	-1.307e-01	1.919e-02
chr1_150686129_TC_T_b38	3	2.89352e-04	-1.307e-01	1.919e-02
chr1_150676773_G_A_b38	3	2.89352e-04	-1.307e-01	1.919e-02
chr1_150678479_T_C_b38	3	2.89352e-04	-1.307e-01	1.919e-02
chr1_150683210_C_T_b38	3	2.89352e-04	-1.307e-01	1.919e-02
chr1_150686495_C_T_b38	3	2.89352e-04	-1.307e-01	1.919e-02
chr1_150679726_A_G_b38	3	2.89352e-04	-1.307e-01	1.919e-02
chr1_150677949_G_T_b38	3	2.89352e-04	-1.307e-01	1.919e-02
chr1_150681174_T_C_b38	3	2.89352e-04	-1.307e-01	1.919e-02
chr1_150710947_C_T_b38	3	2.88912e-04	-1.307e-01	1.919e-02
chr1_150716574_C_T_b38	3	2.88912e-04	-1.307e-01	1.919e-02
chr1_150707654_A_G_b38	3	2.88912e-04	-1.307e-01	1.919e-02
chr1_150715720_C_T_b38	3	2.88912e-04	-1.307e-01	1.919e-02
chr1_150713623_A_G_b38	3	2.88912e-04	-1.307e-01	1.919e-02
chr1_150716739_A_G_b38	3	2.88912e-04	-1.307e-01	1.919e-02
chr1_150710539_C_T_b38	3	2.88912e-04	-1.307e-01	1.919e-02
chr1_150716011_A_G_b38	3	2.88912e-04	-1.307e-01	1.919e-02
chr1_150718809_A_T_b38	3	2.88912e-04	-1.307e-01	1.919e-02
chr1_150716053_C_A_b38	3	2.88912e-04	-1.307e-01	1.919e-02
chr1_150710775_G_A_b38	3	2.88912e-04	-1.307e-01	1.919e-02
chr1_150712679_A_G_b38	3	2.88912e-04	-1.307e-01	1.919e-02
chr1_150713285_T_A_b38	3	2.88912e-04	-1.307e-01	1.919e-02
chr1_150715332_C_G_b38	3	2.88912e-04	-1.307e-01	1.919e-02
chr1_150718646_A_C_b38	3	2.88912e-04	-1.307e-01	1.919e-02
chr1_150663097_G_C_b38	3	2.31114e-04	-1.335e-01	1.927e-02
chr1_150707639_C_T_b38	3	2.30261e-04	-1.301e-01	1.919e-02
chr1_150655997_C_T_b38	3	1.97050e-04	-1.320e-01	1.913e-02
chr1_150736653_T_A_b38	3	1.50336e-04	-1.313e-01	1.915e-02
chr1_150735160_A_T_b38	3	1.50336e-04	-1.313e-01	1.915e-02
chr1_150737309_C_G_b38	3	1.50336e-04	-1.313e-01	1.915e-02
chr1_150735120_G_A_b38	3	1.50336e-04	-1.313e-01	1.915e-02
chr1_150730558_CAGA_C_b38	3	1.50336e-04	-1.313e-01	1.915e-02
chr1_150658581_A_G_b38	3	1.49686e-04	-1.310e-01	1.911e-02
chr1_150653964_T_C_b38	3	1.49686e-04	-1.310e-01	1.911e-02
chr1_150660871_C_T_b38	3	1.49686e-04	-1.310e-01	1.911e-02
chr1_150650144_T_A_b38	3	1.49686e-04	-1.310e-01	1.911e-02
chr1_150666096_T_G_b38	3	1.49686e-04	-1.310e-01	1.911e-02
chr1_150739896_GTTC_G_b38	3	1.37660e-04	-1.309e-01	1.913e-02
chr1_150740450_G_A_b38	3	1.37660e-04	-1.309e-01	1.913e-02
chr1_150653553_C_T_b38	3	1.12275e-04	-1.307e-01	1.919e-02
chr1_150670107_T_C_b38	3	1.12275e-04	-1.307e-01	1.919e-02
chr1_150663266_G_T_b38	3	1.12275e-04	-1.307e-01	1.919e-02
chr1_150656676_C_T_b38	3	1.12275e-04	-1.307e-01	1.919e-02
chr1_150658519_G_A_b38	3	1.12275e-04	-1.307e-01	1.919e-02
chr1_150650300_AG_A_b38	3	1.12275e-04	-1.307e-01	1.919e-02
chr1_150663393_G_A_b38	3	1.12275e-04	-1.307e-01	1.919e-02
chr1_150650745_C_T_b38	3	1.12275e-04	-1.307e-01	1.919e-02
chr1_150651625_A_G_b38	3	1.12275e-04	-1.307e-01	1.919e-02
chr1_150671206_C_T_b38	3	1.12275e-04	-1.307e-01	1.919e-02
chr1_150663335_C_T_b38	3	1.12275e-04	-1.307e-01	1.919e-02
chr1_150653562_C_G_b38	3	1.12275e-04	-1.307e-01	1.919e-02
chr1_150662898_G_C_b38	3	1.12275e-04	-1.307e-01	1.919e-02
chr1_150655881_C_G_b38	3	1.12275e-04	-1.307e-01	1.919e-02
chr1_150670553_T_C_b38	3	1.12275e-04	-1.307e-01	1.919e-02
chr1_150650809_T_G_b38	3	1.12275e-04	-1.307e-01	1.919e-02
chr1_150657404_C_A_b38	3	1.12275e-04	-1.307e-01	1.919e-02
chr1_150659846_T_C_b38	3	1.12275e-04	-1.307e-01	1.919e-02
chr1_150662590_C_T_b38	3	1.12275e-04	-1.307e-01	1.919e-02
chr1_150667999_G_A_b38	3	1.12275e-04	-1.307e-01	1.919e-02
chr1_150671863_A_T_b38	3	1.12275e-04	-1.307e-01	1.919e-02
chr1_150730241_G_C_b38	3	1.11820e-04	-1.309e-01	1.923e-02
chr1_150723213_A_T_b38	3	1.11820e-04	-1.309e-01	1.923e-02
chr1_150723453_A_G_b38	3	1.11820e-04	-1.309e-01	1.923e-02
chr1_150723951_G_A_b38	3	1.11820e-04	-1.309e-01	1.923e-02
chr1_150730187_A_C_b38	3	1.11820e-04	-1.309e-01	1.923e-02
chr1_150723181_T_C_b38	3	1.11820e-04	-1.309e-01	1.923e-02
chr1_150727110_T_C_b38	3	1.11820e-04	-1.309e-01	1.923e-02
chr1_150733279_G_A_b38	3	1.11820e-04	-1.309e-01	1.923e-02
chr1_150723416_C_T_b38	3	1.11820e-04	-1.309e-01	1.923e-02
chr1_150723489_G_A_b38	3	1.11820e-04	-1.309e-01	1.923e-02
chr1_150725234_G_A_b38	3	1.11820e-04	-1.309e-01	1.923e-02
chr1_150666342_TTTTG_T_b38	3	1.07229e-04	-1.303e-01	1.915e-02
chr1_150739420_A_T_b38	3	1.03169e-04	-1.306e-01	1.922e-02
chr1_150642396_C_CAATAAAATTGATAAA_b38	3	8.38462e-05	-1.319e-01	1.899e-02
chr1_150642391_TCC_T_b38	3	8.38462e-05	-1.319e-01	1.899e-02
chr1_150642394_C_CAATAAAATTA_b38	3	8.38462e-05	-1.319e-01	1.899e-02
chr1_150642390_C_CAGTAAATTA_b38	3	8.38462e-05	-1.319e-01	1.899e-02
chr1_150722301_A_G_b38	3	7.05387e-05	-1.293e-01	1.921e-02
chr1_150648093_C_G_b38	3	6.39126e-05	-1.290e-01	1.921e-02
chr1_150750368_A_G_b38	3	6.37655e-05	-1.325e-01	1.920e-02
chr1_150748699_G_T_b38	3	6.37655e-05	-1.325e-01	1.920e-02
chr1_150727891_G_GA_b38	3	5.81350e-05	-1.289e-01	1.924e-02
chr1_150643694_G_GGCCA_b38	3	1.58799e-05	-1.282e-01	1.921e-02
chr1_150644678_T_C_b38	3	1.58799e-05	-1.282e-01	1.921e-02
chr1_150642618_A_C_b38	3	1.53880e-05	-1.280e-01	1.920e-02
chr1_150644223_A_G_b38	3	8.74972e-06	0.000e+00	0.000e+00
chr1_150639885_C_T_b38	3	4.28920e-07	0.000e+00	0.000e+00
chr1_150639884_G_T_b38	3	4.28920e-07	0.000e+00	0.000e+00
