chr17_1762130_G_A_b38	1	6.42948e-01	-1.381e-01	3.382e-02
chr17_1762959_C_T_b38	1	1.13269e-01	-1.399e-01	3.412e-02
chr17_1764380_C_T_b38	1	7.15731e-02	-1.364e-01	3.425e-02
chr17_1764954_C_T_b38	1	4.90636e-02	-1.364e-01	3.424e-02
chr17_1760546_A_AT_b38	1	2.51433e-02	-1.195e-01	3.341e-02
chr17_1758535_T_C_b38	1	2.14570e-02	-1.303e-01	3.557e-02
chr17_1767515_G_A_b38	1	1.72407e-02	-1.303e-01	3.452e-02
chr17_1769982_C_T_b38	1	6.98540e-03	1.209e-01	3.470e-02
chr17_1766043_C_T_b38	2	2.01734e-01	-3.396e-01	9.277e-02
chr17_1762405_G_A_b38	3	2.24046e-03	-3.207e-02	9.079e-02
chr17_1762036_C_A_b38	3	2.24046e-03	-3.207e-02	9.079e-02
chr17_1762568_C_T_b38	3	7.89724e-04	6.804e-02	7.928e-02
chr17_1766470_C_T_b38	3	2.09727e-04	7.414e-03	7.365e-02
chr17_1767436_C_G_b38	3	1.47174e-04	8.132e-03	7.398e-02
chr17_1768156_GC_G_b38	3	1.43556e-04	8.132e-03	7.398e-02
chr17_1769024_C_T_b38	3	1.43556e-04	8.132e-03	7.398e-02
chr17_1767516_G_T_b38	3	1.43556e-04	8.132e-03	7.398e-02
chr17_1769388_G_A_b38	3	1.43556e-04	8.132e-03	7.398e-02
chr17_1767746_T_G_b38	3	1.43556e-04	8.132e-03	7.398e-02
chr17_1767739_C_G_b38	3	1.43556e-04	8.132e-03	7.398e-02
chr17_1772084_G_A_b38	3	6.03648e-05	-3.599e-02	6.063e-02
chr17_1784266_C_T_b38	3	5.84106e-05	-2.503e-02	6.182e-02
chr17_1780023_C_G_b38	3	5.84106e-05	-2.503e-02	6.182e-02
chr17_1773615_C_T_b38	3	5.84106e-05	-2.503e-02	6.182e-02
chr17_1786363_T_C_b38	3	5.84106e-05	-2.503e-02	6.182e-02
chr17_1781124_T_C_b38	3	5.84106e-05	-2.503e-02	6.182e-02
chr17_1773825_G_T_b38	3	5.84106e-05	-2.503e-02	6.182e-02
chr17_1773827_G_C_b38	3	5.84106e-05	-2.503e-02	6.182e-02
chr17_1781311_G_T_b38	3	5.84106e-05	-2.503e-02	6.182e-02
chr17_1775611_C_T_b38	3	5.70116e-05	-2.112e-02	6.048e-02
chr17_1775044_A_T_b38	3	5.70116e-05	-2.112e-02	6.048e-02
chr17_1788846_T_C_b38	3	1.63413e-05	-2.476e-02	6.983e-02
