chr12_56299736_C_A_b38	1	1.94736e-01	-7.211e-01	1.057e-01
chr12_56301033_A_G_b38	1	6.58724e-02	-7.211e-01	1.057e-01
chr12_56301676_G_GT_b38	1	3.87715e-02	-7.211e-01	1.057e-01
chr12_56302170_C_T_b38	1	3.87715e-02	-7.211e-01	1.057e-01
chr12_56302272_A_G_b38	1	3.87715e-02	-7.211e-01	1.057e-01
chr12_56295751_G_A_b38	1	2.66891e-02	-7.211e-01	1.057e-01
chr12_56296878_G_A_b38	1	2.66891e-02	-7.211e-01	1.057e-01
chr12_56302958_T_C_b38	1	2.48886e-02	-7.211e-01	1.057e-01
chr12_56304419_T_TC_b38	1	2.48886e-02	-7.211e-01	1.057e-01
chr12_56300477_C_A_b38	1	1.94576e-02	5.965e-01	9.435e-02
chr12_56307595_G_C_b38	1	1.77427e-02	-7.212e-01	1.057e-01
chr12_56306209_A_C_b38	1	1.77427e-02	-7.212e-01	1.057e-01
chr12_56305176_G_A_b38	1	1.77427e-02	-7.212e-01	1.057e-01
chr12_56308228_C_A_b38	1	1.77427e-02	-7.212e-01	1.057e-01
chr12_56297989_AC_A_b38	1	1.72415e-02	-7.234e-01	1.085e-01
chr12_56290873_CA_C_b38	1	1.59907e-02	-7.212e-01	1.057e-01
chr12_56290191_C_T_b38	1	1.59907e-02	-7.212e-01	1.057e-01
chr12_56293675_T_C_b38	1	1.59907e-02	-7.212e-01	1.057e-01
chr12_56294453_G_A_b38	1	1.59907e-02	-7.212e-01	1.057e-01
chr12_56293788_G_T_b38	1	1.59907e-02	-7.212e-01	1.057e-01
chr12_56293213_C_T_b38	1	1.59907e-02	-7.212e-01	1.057e-01
chr12_56291014_C_T_b38	1	1.59907e-02	-7.212e-01	1.057e-01
chr12_56284551_T_C_b38	1	8.80256e-03	-7.212e-01	1.057e-01
chr12_56283033_CT_C_b38	1	8.80256e-03	-7.212e-01	1.057e-01
chr12_56285967_A_G_b38	1	8.80256e-03	-7.212e-01	1.057e-01
chr12_56283477_G_A_b38	1	8.80256e-03	-7.212e-01	1.057e-01
chr12_56277363_G_A_b38	1	8.80256e-03	-7.212e-01	1.057e-01
chr12_56286187_A_G_b38	1	8.80256e-03	-7.212e-01	1.057e-01
chr12_56278322_T_A_b38	1	8.80256e-03	-7.212e-01	1.057e-01
chr12_56286747_T_C_b38	1	8.80256e-03	-7.212e-01	1.057e-01
chr12_56277426_C_G_b38	1	8.80256e-03	-7.212e-01	1.057e-01
chr12_56286852_A_G_b38	1	8.80256e-03	-7.212e-01	1.057e-01
chr12_56284195_T_A_b38	1	8.80256e-03	-7.212e-01	1.057e-01
chr12_56321800_G_A_b38	1	8.58008e-03	-7.212e-01	1.057e-01
chr12_56314792_G_A_b38	1	8.58008e-03	-7.212e-01	1.057e-01
chr12_56324021_G_A_b38	1	8.58008e-03	-7.212e-01	1.057e-01
chr12_56313138_A_C_b38	1	8.58008e-03	-7.212e-01	1.057e-01
chr12_56312637_T_C_b38	1	8.58008e-03	-7.212e-01	1.057e-01
chr12_56324638_T_C_b38	1	4.69325e-03	-7.190e-01	1.071e-01
chr12_56273820_T_C_b38	1	3.39588e-03	-7.221e-01	1.054e-01
chr12_56260130_G_C_b38	1	3.39588e-03	-7.221e-01	1.054e-01
chr12_56263432_A_C_b38	1	3.39588e-03	-7.221e-01	1.054e-01
chr12_56270447_C_T_b38	1	3.39588e-03	-7.221e-01	1.054e-01
chr12_56273514_T_C_b38	1	3.39588e-03	-7.221e-01	1.054e-01
chr12_56267121_G_T_b38	1	3.39588e-03	-7.221e-01	1.054e-01
chr12_56273316_A_G_b38	1	3.39588e-03	-7.221e-01	1.054e-01
chr12_56262481_G_A_b38	1	3.39588e-03	-7.221e-01	1.054e-01
chr12_56259510_G_A_b38	1	3.39588e-03	-7.221e-01	1.054e-01
chr12_56259776_A_G_b38	1	3.39588e-03	-7.221e-01	1.054e-01
chr12_56274110_C_T_b38	1	3.39588e-03	-7.221e-01	1.054e-01
chr12_56264104_A_G_b38	1	3.39588e-03	-7.221e-01	1.054e-01
chr12_56259857_T_TGAG_b38	1	3.39588e-03	-7.221e-01	1.054e-01
chr12_56265536_C_T_b38	1	3.39588e-03	-7.221e-01	1.054e-01
chr12_56264924_C_T_b38	1	3.39588e-03	-7.221e-01	1.054e-01
chr12_56329802_A_G_b38	1	3.28403e-03	-7.221e-01	1.054e-01
chr12_56332565_A_G_b38	1	3.28403e-03	-7.221e-01	1.054e-01
chr12_56345032_GC_G_b38	1	3.28403e-03	-7.221e-01	1.054e-01
chr12_56345773_A_G_b38	1	3.28403e-03	-7.221e-01	1.054e-01
chr12_56333921_G_A_b38	1	3.28403e-03	-7.221e-01	1.054e-01
chr12_56332556_C_T_b38	1	3.28403e-03	-7.221e-01	1.054e-01
chr12_56331337_A_G_b38	1	3.28403e-03	-7.221e-01	1.054e-01
chr12_56330549_C_T_b38	1	3.28403e-03	-7.221e-01	1.054e-01
chr12_56346073_GCC_G_b38	1	3.28403e-03	-7.221e-01	1.054e-01
chr12_56347444_G_A_b38	1	3.28403e-03	-7.221e-01	1.054e-01
chr12_56335955_A_G_b38	1	3.28403e-03	-7.221e-01	1.054e-01
chr12_56346229_GAGA_G_b38	1	3.28403e-03	-7.221e-01	1.054e-01
chr12_56329935_T_C_b38	1	3.28403e-03	-7.221e-01	1.054e-01
chr12_56342206_G_T_b38	1	3.28403e-03	-7.221e-01	1.054e-01
chr12_56339747_G_A_b38	1	3.28403e-03	-7.221e-01	1.054e-01
chr12_56332197_GA_G_b38	1	3.28403e-03	-7.221e-01	1.054e-01
chr12_56346898_C_G_b38	1	3.28403e-03	-7.221e-01	1.054e-01
chr12_56334353_T_C_b38	1	3.28403e-03	-7.221e-01	1.054e-01
chr12_56336643_T_TA_b38	1	3.28403e-03	-7.221e-01	1.054e-01
chr12_56325666_G_A_b38	1	3.28403e-03	-7.221e-01	1.054e-01
chr12_56295941_G_C_b38	1	2.63081e-03	5.974e-01	9.406e-02
chr12_56302761_T_G_b38	1	2.47156e-03	-8.347e-01	1.309e-01
chr12_56303326_G_A_b38	1	2.40644e-03	5.985e-01	9.365e-02
chr12_56298926_C_T_b38	2	2.49244e-02	1.740e-01	6.698e-02
chr12_56297816_T_C_b38	2	1.18860e-02	1.534e-01	6.583e-02
chr12_56331135_G_A_b38	2	1.05804e-03	1.740e-01	6.692e-02
chr12_56295711_G_T_b38	3	8.28106e-05	2.499e-01	2.487e-01
chr12_56296064_G_A_b38	3	5.48359e-05	1.675e-01	2.214e-01
chr12_56284857_T_C_b38	3	9.51268e-06	0.000e+00	0.000e+00
chr12_56329940_C_T_b38	3	5.18416e-06	0.000e+00	0.000e+00
chr12_56341465_A_G_b38	3	2.08828e-06	0.000e+00	0.000e+00
