chr4_55387515_G_T_b38	1	2.78098e-01	3.858e-01	6.211e-02
chr4_55409063_G_T_b38	1	1.25427e-01	3.879e-01	5.999e-02
chr4_55407965_G_A_b38	1	1.25427e-01	3.879e-01	5.999e-02
chr4_55420021_G_T_b38	1	8.35348e-02	3.845e-01	6.085e-02
chr4_55436423_C_T_b38	1	2.60325e-02	3.847e-01	6.072e-02
chr4_55425453_CAA_C_b38	1	2.60325e-02	3.847e-01	6.072e-02
chr4_55431707_CAG_C_b38	1	2.60325e-02	3.847e-01	6.072e-02
chr4_55437438_C_T_b38	1	2.60325e-02	3.847e-01	6.072e-02
chr4_55427346_T_TTTTG_b38	1	1.68608e-02	3.972e-01	6.347e-02
chr4_55490228_C_T_b38	1	9.31037e-03	3.847e-01	6.066e-02
chr4_55454900_T_G_b38	1	9.31037e-03	3.847e-01	6.066e-02
chr4_55489895_A_G_b38	1	9.31037e-03	3.847e-01	6.066e-02
chr4_55492720_C_T_b38	1	9.31037e-03	3.847e-01	6.066e-02
chr4_55455102_G_A_b38	1	9.31037e-03	3.847e-01	6.066e-02
chr4_55454938_A_T_b38	1	9.31037e-03	3.847e-01	6.066e-02
chr4_55480916_AT_A_b38	1	9.31037e-03	3.847e-01	6.066e-02
chr4_55491150_G_T_b38	1	9.31037e-03	3.847e-01	6.066e-02
chr4_55452295_G_A_b38	1	9.31037e-03	3.847e-01	6.066e-02
chr4_55490176_T_C_b38	1	9.31037e-03	3.847e-01	6.066e-02
chr4_55495262_T_C_b38	1	9.31037e-03	3.847e-01	6.066e-02
chr4_55483718_C_A_b38	1	9.31037e-03	3.847e-01	6.066e-02
chr4_55465165_A_C_b38	1	9.31037e-03	3.847e-01	6.066e-02
chr4_55486718_C_T_b38	1	9.31037e-03	3.847e-01	6.066e-02
chr4_55452921_A_C_b38	1	9.31037e-03	3.847e-01	6.066e-02
chr4_55460485_G_A_b38	1	9.31037e-03	3.847e-01	6.066e-02
chr4_55493557_T_G_b38	1	9.31037e-03	3.847e-01	6.066e-02
chr4_55463226_CTGTTTAAT_C_b38	1	9.31037e-03	3.847e-01	6.066e-02
chr4_55390940_G_A_b38	1	7.95081e-03	3.239e-01	7.684e-02
chr4_55388935_C_T_b38	1	5.95398e-03	3.297e-01	7.565e-02
chr4_55389469_CAAT_C_b38	1	5.95398e-03	3.297e-01	7.565e-02
chr4_55577294_A_G_b38	1	3.35269e-03	3.973e-01	5.660e-02
chr4_55575856_G_A_b38	1	3.35269e-03	3.973e-01	5.660e-02
chr4_55570843_T_C_b38	1	3.35269e-03	3.973e-01	5.660e-02
chr4_55578154_G_A_b38	1	3.35269e-03	3.973e-01	5.660e-02
chr4_55587104_C_G_b38	1	3.24224e-03	4.035e-01	5.752e-02
chr4_55587928_AT_A_b38	1	3.24224e-03	4.035e-01	5.752e-02
chr4_55427529_G_GAGAC_b38	2	3.67352e-02	3.653e-01	1.172e-01
chr4_55346203_G_GCGCGTCCCCGCCCCGCGC_b38	2	1.59557e-03	2.289e-01	9.029e-02
chr4_55350848_C_T_b38	2	7.17709e-04	2.399e-01	1.085e-01
chr4_55395832_C_T_b38	3	5.12631e-04	-8.504e-02	1.634e-01
chr4_55427403_C_T_b38	3	5.19045e-06	0.000e+00	0.000e+00
