chr21_39445201_G_C_b38	1	2.47721e-01	-5.119e-01	7.443e-02
chr21_39445342_T_G_b38	1	1.68214e-01	-4.963e-01	7.908e-02
chr21_39445430_C_T_b38	1	1.68214e-01	-4.963e-01	7.908e-02
chr21_39445581_C_A_b38	1	1.68214e-01	-4.963e-01	7.908e-02
chr21_39445504_G_A_b38	1	7.66647e-02	-4.646e-01	8.890e-02
chr21_39445145_C_A_b38	1	6.05328e-02	-4.967e-01	7.824e-02
chr21_39445213_CACAG_C_b38	1	6.05328e-02	-4.967e-01	7.824e-02
chr21_39445014_T_C_b38	1	1.94034e-02	-4.751e-01	9.000e-02
chr21_39436582_C_T_b38	1	1.24779e-02	-5.044e-01	7.572e-02
chr21_39447759_C_A_b38	1	9.28735e-03	-4.512e-01	1.005e-01
chr21_39444705_T_C_b38	1	7.32746e-03	-4.697e-01	9.062e-02
chr21_39396344_C_T_b38	2	2.30020e-01	-4.093e-01	6.058e-02
chr21_39397091_G_T_b38	2	2.30020e-01	-4.093e-01	6.058e-02
chr21_39398686_T_C_b38	2	9.98181e-02	-4.017e-01	6.114e-02
chr21_39400119_C_T_b38	2	9.05352e-02	-3.966e-01	5.998e-02
chr21_39381081_C_T_b38	2	6.44767e-02	-3.841e-01	5.783e-02
chr21_39383115_G_A_b38	2	3.99299e-02	-3.866e-01	5.799e-02
chr21_39400510_T_C_b38	2	3.46341e-02	-3.866e-01	6.010e-02
chr21_39397685_G_GATTAA_b38	2	3.39560e-02	-3.823e-01	5.971e-02
chr21_39402858_A_AC_b38	2	2.70718e-02	-3.798e-01	5.976e-02
chr21_39397364_A_G_b38	2	2.53472e-02	-3.892e-01	6.158e-02
chr21_39394122_G_A_b38	2	2.44267e-02	-3.984e-01	6.047e-02
chr21_39398959_C_T_b38	2	2.12408e-02	-3.802e-01	5.942e-02
chr21_39394255_G_T_b38	2	1.54091e-02	-3.980e-01	6.064e-02
chr21_39397881_T_C_b38	2	1.52759e-02	-3.865e-01	6.195e-02
chr21_39384068_T_C_b38	2	1.42673e-02	-3.784e-01	5.877e-02
chr21_39401561_C_T_b38	2	1.35508e-02	-3.772e-01	5.981e-02
chr21_39400558_C_T_b38	2	3.90187e-03	-3.619e-01	5.945e-02
chr21_39384749_G_A_b38	2	3.38731e-03	-3.679e-01	5.816e-02
chr21_39390329_G_A_b38	2	3.35854e-03	-3.775e-01	5.984e-02
chr21_39392123_G_A_b38	2	3.35854e-03	-3.775e-01	5.984e-02
chr21_39388679_A_T_b38	2	3.04285e-03	-3.750e-01	5.964e-02
chr21_39392060_T_G_b38	2	9.63687e-04	-3.656e-01	5.917e-02
chr21_39391969_T_C_b38	2	5.91099e-04	-3.626e-01	5.962e-02
chr21_39417828_T_C_b38	3	1.03455e-01	2.300e-01	5.807e-02
chr21_39437438_C_T_b38	3	8.82833e-05	1.515e-02	1.569e-01
chr21_39445823_G_A_b38	4	1.05703e-02	1.855e-01	7.865e-02
chr21_39442679_C_T_b38	4	1.20373e-03	2.071e-01	8.180e-02
chr21_39441855_T_C_b38	4	4.39574e-05	2.055e-01	7.481e-02
chr21_39442400_A_G_b38	4	4.39574e-05	2.055e-01	7.481e-02
chr21_39428445_C_T_b38	4	3.69098e-23	0.000e+00	0.000e+00
chr21_39425680_C_T_b38	4	3.69098e-23	0.000e+00	0.000e+00
chr21_39427013_T_C_b38	4	3.69098e-23	0.000e+00	0.000e+00
chr21_39440015_T_G_b38	4	2.64331e-23	0.000e+00	0.000e+00
chr21_39439062_T_C_b38	4	2.64331e-23	0.000e+00	0.000e+00
chr21_39437844_C_T_b38	4	2.64331e-23	0.000e+00	0.000e+00
chr21_39438117_G_T_b38	4	2.64331e-23	0.000e+00	0.000e+00
chr21_39433591_T_C_b38	4	1.38422e-23	0.000e+00	0.000e+00
chr21_39429677_C_T_b38	4	5.19525e-24	0.000e+00	0.000e+00
chr21_39421539_T_C_b38	4	5.19525e-24	0.000e+00	0.000e+00
chr21_39425814_C_T_b38	4	5.19525e-24	0.000e+00	0.000e+00
chr21_39427644_C_A_b38	4	5.19525e-24	0.000e+00	0.000e+00
chr21_39424697_G_A_b38	4	2.16078e-24	0.000e+00	0.000e+00
chr21_39441632_G_T_b38	4	1.55969e-24	0.000e+00	0.000e+00
chr21_39441925_T_C_b38	4	1.55969e-24	0.000e+00	0.000e+00
chr21_39438563_G_A_b38	4	8.72642e-25	0.000e+00	0.000e+00
chr21_39437439_C_T_b38	4	8.72642e-25	0.000e+00	0.000e+00
chr21_39439893_T_C_b38	4	8.72642e-25	0.000e+00	0.000e+00
chr21_39438781_G_GAAT_b38	4	8.72642e-25	0.000e+00	0.000e+00
chr21_39429095_A_G_b38	4	4.56976e-25	0.000e+00	0.000e+00
chr21_39427170_T_C_b38	4	4.56976e-25	0.000e+00	0.000e+00
chr21_39431611_G_A_b38	4	4.56976e-25	0.000e+00	0.000e+00
chr21_39426921_G_T_b38	4	4.56976e-25	0.000e+00	0.000e+00
chr21_39431430_T_G_b38	4	4.56976e-25	0.000e+00	0.000e+00
chr21_39431642_C_G_b38	4	4.56976e-25	0.000e+00	0.000e+00
chr21_39426237_G_T_b38	4	4.56976e-25	0.000e+00	0.000e+00
chr21_39435434_T_C_b38	4	4.56976e-25	0.000e+00	0.000e+00
chr21_39421842_CAG_C_b38	4	4.56976e-25	0.000e+00	0.000e+00
chr21_39427597_G_C_b38	4	4.56976e-25	0.000e+00	0.000e+00
chr21_39433011_A_C_b38	4	4.56976e-25	0.000e+00	0.000e+00
chr21_39426640_C_T_b38	4	4.56976e-25	0.000e+00	0.000e+00
chr21_39426311_C_T_b38	4	4.56976e-25	0.000e+00	0.000e+00
chr21_39442080_CTG_C_b38	4	9.93793e-26	0.000e+00	0.000e+00
chr21_39441722_T_G_b38	4	9.93793e-26	0.000e+00	0.000e+00
chr21_39440623_G_A_b38	4	5.56023e-26	0.000e+00	0.000e+00
chr21_39440709_T_C_b38	4	4.02993e-27	0.000e+00	0.000e+00
chr21_39448275_T_C_b38	4	2.81658e-27	0.000e+00	0.000e+00
chr21_39450562_A_G_b38	4	1.72752e-27	0.000e+00	0.000e+00
chr21_39451976_C_G_b38	4	1.13188e-27	0.000e+00	0.000e+00
chr21_39451507_A_T_b38	4	1.13188e-27	0.000e+00	0.000e+00
chr21_39455656_G_A_b38	4	3.29900e-28	0.000e+00	0.000e+00
chr21_39452235_C_T_b38	4	2.32672e-28	0.000e+00	0.000e+00
chr21_39453629_T_C_b38	4	2.32672e-28	0.000e+00	0.000e+00
chr21_39453402_TA_T_b38	4	2.32672e-28	0.000e+00	0.000e+00
chr21_39456572_T_C_b38	4	1.43184e-28	0.000e+00	0.000e+00
chr21_39456625_A_AT_b38	4	1.43184e-28	0.000e+00	0.000e+00
chr21_39456011_C_T_b38	4	1.43184e-28	0.000e+00	0.000e+00
chr21_39456526_A_G_b38	4	1.43184e-28	0.000e+00	0.000e+00
chr21_39454689_T_C_b38	4	6.83253e-29	0.000e+00	0.000e+00
chr21_39462710_A_G_b38	4	5.81020e-29	0.000e+00	0.000e+00
chr21_39460439_T_C_b38	4	5.81020e-29	0.000e+00	0.000e+00
chr21_39465475_C_A_b38	4	5.81020e-29	0.000e+00	0.000e+00
chr21_39458544_G_A_b38	4	2.96548e-29	0.000e+00	0.000e+00
chr21_39456557_G_C_b38	4	2.96548e-29	0.000e+00	0.000e+00
chr21_39456456_T_C_b38	4	2.96548e-29	0.000e+00	0.000e+00
chr21_39458135_A_G_b38	4	2.96548e-29	0.000e+00	0.000e+00
chr21_39421985_C_T_b38	4	5.09227e-32	0.000e+00	0.000e+00
chr21_39424825_T_C_b38	4	9.48743e-35	0.000e+00	0.000e+00
chr21_39464544_G_A_b38	4	1.65054e-35	0.000e+00	0.000e+00
