chr20_32871729_G_A_b38	1	2.48572e-01	-3.110e-01	5.431e-02
chr20_32851659_AGT_A_b38	1	2.30038e-01	-2.924e-01	5.368e-02
chr20_32852422_G_A_b38	1	2.30038e-01	-2.924e-01	5.368e-02
chr20_32839829_C_T_b38	1	6.72535e-02	-2.925e-01	5.368e-02
chr20_32839536_C_T_b38	1	6.72535e-02	-2.925e-01	5.368e-02
chr20_32863544_T_A_b38	1	3.02999e-02	-2.719e-01	5.359e-02
chr20_32863545_C_A_b38	1	3.02999e-02	-2.719e-01	5.359e-02
chr20_32858936_G_C_b38	1	2.47492e-02	-2.808e-01	5.803e-02
chr20_32828097_G_C_b38	1	2.27653e-02	-2.925e-01	5.368e-02
chr20_32878126_A_G_b38	1	1.29052e-02	-2.761e-01	5.452e-02
chr20_32861043_G_A_b38	1	6.45879e-03	-2.740e-01	5.922e-02
chr20_32837827_A_G_b38	1	4.70511e-03	-2.809e-01	5.802e-02
chr20_32839678_TTTTG_T_b38	1	4.46487e-03	-2.839e-01	5.877e-02
chr20_32851403_A_G_b38	1	3.93481e-03	-2.740e-01	5.922e-02
chr20_32856132_T_C_b38	2	1.62165e-02	9.311e-02	8.708e-02
chr20_32855780_A_G_b38	2	6.06533e-03	9.570e-02	8.156e-02
chr20_32861491_G_A_b38	2	2.26960e-03	1.053e-01	7.030e-02
chr20_32782026_C_G_b38	2	1.63211e-03	2.669e-01	8.736e-02
chr20_32861702_C_T_b38	2	1.57768e-03	1.052e-01	7.029e-02
chr20_32853969_C_T_b38	2	1.21308e-03	5.823e-02	9.723e-02
chr20_32851301_T_G_b38	2	6.06748e-04	5.865e-02	7.883e-02
chr20_32781151_T_C_b38	2	5.18922e-04	2.267e-01	8.598e-02
chr20_32791345_A_G_b38	2	5.18922e-04	2.267e-01	8.598e-02
chr20_32770470_TTTG_T_b38	2	5.18922e-04	2.267e-01	8.598e-02
chr20_32876702_C_G_b38	2	3.74640e-04	9.827e-02	1.015e-01
chr20_32839888_C_T_b38	2	3.74622e-04	9.521e-02	8.140e-02
chr20_32834379_G_A_b38	2	3.74622e-04	9.521e-02	8.140e-02
chr20_32846163_A_G_b38	2	3.74622e-04	9.521e-02	8.140e-02
chr20_32841513_C_T_b38	2	3.74622e-04	9.521e-02	8.140e-02
chr20_32834474_TAGA_T_b38	2	3.74622e-04	9.521e-02	8.140e-02
chr20_32842830_T_C_b38	2	3.14609e-04	8.090e-02	8.328e-02
chr20_32842964_A_G_b38	2	2.60388e-04	6.086e-02	7.969e-02
chr20_32842032_T_C_b38	2	2.57018e-04	5.895e-02	7.880e-02
chr20_32813196_C_T_b38	2	1.84874e-04	1.174e-01	7.705e-02
chr20_32819057_A_T_b38	2	1.30191e-04	8.494e-02	6.490e-02
chr20_32829964_C_CT_b38	2	1.26979e-04	9.521e-02	8.140e-02
chr20_32820791_A_AGGGCAGAGGTC_b38	2	1.26979e-04	9.521e-02	8.140e-02
chr20_32822032_G_GT_b38	2	1.26979e-04	9.521e-02	8.140e-02
chr20_32823838_G_A_b38	2	1.26979e-04	9.521e-02	8.140e-02
chr20_32830792_T_TC_b38	2	1.26979e-04	9.521e-02	8.140e-02
chr20_32828142_C_G_b38	2	1.26979e-04	9.521e-02	8.140e-02
chr20_32821514_C_T_b38	2	1.26979e-04	9.521e-02	8.140e-02
chr20_32814773_A_G_b38	2	1.26979e-04	9.521e-02	8.140e-02
chr20_32859052_A_G_b38	3	5.03186e-04	2.704e-01	1.173e-01
chr20_32849801_G_A_b38	3	1.59623e-04	2.582e-01	1.125e-01
chr20_32839283_A_G_b38	3	6.68367e-05	2.662e-01	1.116e-01
chr20_32833942_T_C_b38	3	6.68367e-05	2.662e-01	1.116e-01
chr20_32762910_G_T_b38	3	8.14808e-06	0.000e+00	0.000e+00
chr20_32764091_T_C_b38	3	8.14808e-06	0.000e+00	0.000e+00
chr20_32785182_C_T_b38	3	4.58101e-07	0.000e+00	0.000e+00
chr20_32774614_G_A_b38	3	4.58101e-07	0.000e+00	0.000e+00
