chr12_57895317_T_C_b38	1	1.86756e-01	-2.317e-01	5.181e-02
chr12_57895289_T_G_b38	1	1.86756e-01	-2.317e-01	5.181e-02
chr12_57895295_T_A_b38	1	1.86756e-01	-2.317e-01	5.181e-02
chr12_57896443_T_C_b38	1	6.89283e-02	-2.317e-01	5.175e-02
chr12_57895010_C_T_b38	1	6.68361e-02	-2.398e-01	5.350e-02
chr12_57896495_G_A_b38	1	5.83280e-02	-2.398e-01	5.350e-02
chr12_57894580_A_G_b38	1	3.20181e-02	-2.317e-01	5.174e-02
chr12_57897791_G_C_b38	1	2.96741e-02	-2.413e-01	5.379e-02
chr12_57900561_G_A_b38	1	1.31209e-02	-2.356e-01	5.357e-02
chr12_57901517_C_CT_b38	1	1.27442e-02	-2.312e-01	5.175e-02
chr12_57892490_T_C_b38	1	1.26709e-02	-2.257e-01	5.129e-02
chr12_57892405_C_T_b38	1	1.01775e-02	-2.392e-01	5.457e-02
chr12_57904207_A_AAC_b38	1	9.56974e-03	-2.275e-01	5.165e-02
chr12_57905467_C_T_b38	1	9.56974e-03	-2.275e-01	5.165e-02
chr12_57905254_A_G_b38	1	9.56974e-03	-2.275e-01	5.165e-02
chr12_57893847_T_G_b38	1	8.40395e-03	-2.188e-01	5.243e-02
chr12_57898122_AG_A_b38	1	8.07277e-03	-2.150e-01	5.202e-02
chr12_57898924_G_A_b38	1	6.07501e-03	-2.223e-01	5.299e-02
chr12_57902166_G_C_b38	1	4.68529e-03	-2.240e-01	5.276e-02
chr12_57892661_T_C_b38	1	4.17905e-03	-2.174e-01	5.259e-02
chr12_57889948_T_C_b38	1	3.86006e-03	-2.142e-01	5.088e-02
chr12_57904378_C_T_b38	1	3.74228e-03	-2.223e-01	5.299e-02
chr12_57908475_A_G_b38	1	2.05992e-03	-2.280e-01	5.399e-02
chr12_57896102_T_C_b38	2	1.95914e-02	9.696e-02	1.312e-01
chr12_57895913_A_C_b38	2	1.95914e-02	9.696e-02	1.312e-01
chr12_57895498_C_G_b38	2	1.95914e-02	9.696e-02	1.312e-01
chr12_57895729_CT_C_b38	2	1.55325e-02	1.658e-02	1.446e-01
chr12_57898126_G_T_b38	2	3.25190e-03	9.946e-02	1.308e-01
chr12_57898136_C_G_b38	2	3.25190e-03	9.946e-02	1.308e-01
chr12_57898883_T_TC_b38	2	1.57544e-03	3.554e-02	1.411e-01
chr12_57899881_A_G_b38	2	1.56354e-03	2.305e-02	1.434e-01
chr12_57899378_C_T_b38	2	1.56354e-03	2.305e-02	1.434e-01
chr12_57898645_ATTG_A_b38	2	1.56354e-03	2.305e-02	1.434e-01
chr12_57899788_A_T_b38	2	1.56354e-03	2.305e-02	1.434e-01
chr12_57899028_G_A_b38	2	1.56354e-03	2.305e-02	1.434e-01
chr12_57899215_T_A_b38	2	1.53176e-03	2.353e-02	1.403e-01
chr12_57901235_A_G_b38	2	1.04817e-03	7.182e-02	1.338e-01
chr12_57902715_A_C_b38	2	9.30205e-04	2.056e-02	1.442e-01
chr12_57903139_GT_G_b38	2	9.30205e-04	2.056e-02	1.442e-01
chr12_57909752_T_C_b38	2	3.99266e-04	1.273e-01	1.041e-01
chr12_57905770_A_G_b38	2	3.87318e-04	-1.107e-02	1.487e-01
chr12_57908995_A_C_b38	2	3.24086e-04	6.728e-02	1.274e-01
chr12_57908066_AAAGT_A_b38	2	3.24086e-04	6.728e-02	1.274e-01
chr12_57907317_C_G_b38	2	3.23409e-04	1.157e-01	1.052e-01
chr12_57847245_T_G_b38	3	1.08438e-02	-2.635e-01	5.521e-02
chr12_57848762_T_G_b38	3	6.64719e-03	-2.573e-01	5.384e-02
chr12_57849066_T_C_b38	3	6.64719e-03	-2.573e-01	5.384e-02
chr12_57887712_T_A_b38	3	5.25337e-03	-2.424e-01	6.268e-02
chr12_57850847_C_T_b38	3	3.10015e-03	-2.469e-01	5.378e-02
chr12_57886809_T_C_b38	3	1.95193e-03	-2.198e-01	5.439e-02
chr12_57889602_T_C_b38	3	1.54073e-03	-2.152e-01	5.418e-02
chr12_57849479_ACT_A_b38	3	1.32860e-03	-2.362e-01	5.390e-02
chr12_57852573_C_A_b38	3	1.32860e-03	-2.362e-01	5.390e-02
chr12_57884612_G_C_b38	3	1.27358e-03	-2.230e-01	5.416e-02
chr12_57885153_A_G_b38	3	1.27358e-03	-2.230e-01	5.416e-02
chr12_57875746_C_T_b38	3	1.27358e-03	-2.230e-01	5.416e-02
chr12_57872912_A_G_b38	3	1.27358e-03	-2.230e-01	5.416e-02
chr12_57874366_G_T_b38	3	1.27358e-03	-2.230e-01	5.416e-02
chr12_57874204_C_T_b38	3	1.27358e-03	-2.230e-01	5.416e-02
chr12_57878703_T_G_b38	3	9.57789e-04	-2.159e-01	5.348e-02
chr12_57877008_A_G_b38	3	9.57789e-04	-2.159e-01	5.348e-02
chr12_57884488_C_T_b38	3	7.94236e-04	-2.137e-01	5.362e-02
chr12_57876280_T_C_b38	3	7.83774e-04	-2.137e-01	5.368e-02
chr12_57845765_T_C_b38	3	7.05159e-04	-2.286e-01	5.426e-02
chr12_57855460_A_G_b38	3	5.55908e-04	-2.254e-01	5.433e-02
chr12_57850963_A_C_b38	3	5.52698e-04	-2.237e-01	5.395e-02
chr12_57862931_T_G_b38	3	5.47683e-04	-2.232e-01	5.386e-02
chr12_57862227_T_C_b38	3	5.47683e-04	-2.232e-01	5.386e-02
chr12_57860232_T_C_b38	3	3.90339e-04	-2.204e-01	5.442e-02
chr12_57865067_A_G_b38	3	3.77357e-04	-2.198e-01	5.439e-02
chr12_57867878_C_T_b38	3	3.77357e-04	-2.198e-01	5.439e-02
chr12_57858659_GT_G_b38	3	3.33448e-04	-2.174e-01	5.425e-02
chr12_57857579_G_A_b38	3	2.83493e-04	-2.135e-01	5.392e-02
chr12_57840479_G_A_b38	3	2.10146e-04	-2.394e-01	5.675e-02
chr12_57832121_T_C_b38	3	1.97984e-04	-2.293e-01	5.460e-02
chr12_57830154_A_G_b38	3	1.92389e-04	-2.312e-01	5.515e-02
chr12_57835393_G_C_b38	3	1.91867e-04	-2.292e-01	5.468e-02
chr12_57868740_G_T_b38	3	1.82771e-04	-2.052e-01	5.355e-02
chr12_57866818_C_A_b38	3	1.79886e-04	-2.044e-01	5.341e-02
chr12_57866874_T_C_b38	3	1.79886e-04	-2.044e-01	5.341e-02
chr12_57870069_C_T_b38	3	1.46863e-04	-2.004e-01	5.321e-02
chr12_57837372_G_A_b38	3	1.36167e-04	-2.233e-01	5.450e-02
chr12_57835594_T_C_b38	3	1.36167e-04	-2.233e-01	5.450e-02
chr12_57835220_T_C_b38	3	1.36167e-04	-2.233e-01	5.450e-02
chr12_57833458_T_G_b38	3	1.35964e-04	-2.256e-01	5.506e-02
chr12_57832926_C_T_b38	3	1.28760e-04	-2.242e-01	5.494e-02
chr12_57865781_G_A_b38	3	9.98632e-05	-1.970e-01	5.400e-02
chr12_57839515_A_C_b38	3	9.06847e-05	-2.272e-01	5.702e-02
chr12_57825898_G_A_b38	3	8.68582e-05	-2.193e-01	5.524e-02
chr12_57828889_C_A_b38	3	5.37744e-05	-2.136e-01	5.577e-02
chr12_57830257_T_C_b38	3	4.93983e-05	-2.091e-01	5.495e-02
chr12_57834805_C_G_b38	3	4.66100e-05	-2.031e-01	5.362e-02
chr12_57927735_C_G_b38	3	4.08172e-05	-1.984e-01	5.858e-02
chr12_57825390_C_A_b38	3	3.37713e-05	-2.061e-01	5.585e-02
chr12_57812715_TCTTA_T_b38	3	2.13004e-06	0.000e+00	0.000e+00
