chr8_25455058_C_G_b38	1	8.61115e-02	1.214e-01	2.320e-02
chr8_25459145_G_T_b38	1	3.67144e-02	1.001e-01	2.182e-02
chr8_25458743_G_A_b38	1	3.67144e-02	1.001e-01	2.182e-02
chr8_25458711_G_T_b38	1	3.67144e-02	1.001e-01	2.182e-02
chr8_25458715_C_A_b38	1	3.67144e-02	1.001e-01	2.182e-02
chr8_25454261_G_A_b38	1	3.62931e-02	1.171e-01	2.319e-02
chr8_25459273_A_G_b38	1	3.47801e-02	9.998e-02	2.187e-02
chr8_25459782_T_G_b38	1	3.45717e-02	1.074e-01	2.250e-02
chr8_25457344_A_G_b38	1	3.31179e-02	-1.083e-01	2.206e-02
chr8_25459808_G_C_b38	1	2.16598e-02	1.023e-01	2.193e-02
chr8_25459785_A_T_b38	1	2.16025e-02	1.023e-01	2.192e-02
chr8_25456876_G_T_b38	1	2.04992e-02	1.049e-01	2.184e-02
chr8_25460098_T_G_b38	1	1.70594e-02	1.069e-01	2.251e-02
chr8_25460986_G_C_b38	1	1.70035e-02	1.042e-01	2.193e-02
chr8_25460308_A_T_b38	1	1.70035e-02	1.042e-01	2.193e-02
chr8_25457055_G_C_b38	1	1.43611e-02	1.031e-01	2.182e-02
chr8_25410106_A_G_b38	1	1.33680e-02	-1.162e-01	2.203e-02
chr8_25460056_T_C_b38	1	1.19398e-02	1.024e-01	2.192e-02
chr8_25459945_G_A_b38	1	1.02780e-02	9.880e-02	2.200e-02
chr8_25467625_C_T_b38	1	9.70474e-03	1.093e-01	2.251e-02
chr8_25463765_T_C_b38	1	9.59161e-03	1.042e-01	2.193e-02
chr8_25459906_G_A_b38	1	9.16303e-03	9.829e-02	2.202e-02
chr8_25460737_A_G_b38	1	8.87928e-03	1.080e-01	2.348e-02
chr8_25454500_G_T_b38	1	8.54344e-03	1.033e-01	2.183e-02
chr8_25396803_G_A_b38	1	8.42119e-03	1.314e-01	2.424e-02
chr8_25444963_T_C_b38	1	8.28126e-03	1.181e-01	2.374e-02
chr8_25397757_G_A_b38	1	8.26797e-03	1.217e-01	2.248e-02
chr8_25397862_G_A_b38	1	8.16688e-03	1.205e-01	2.227e-02
chr8_25397878_G_A_b38	1	8.16688e-03	1.205e-01	2.227e-02
chr8_25398068_A_G_b38	1	8.16688e-03	1.205e-01	2.227e-02
chr8_25450282_G_A_b38	1	7.73891e-03	-1.083e-01	2.246e-02
chr8_25466546_C_T_b38	1	7.26400e-03	-1.062e-01	2.217e-02
chr8_25465374_T_TTAG_b38	1	7.07901e-03	1.107e-01	2.313e-02
chr8_25455940_C_T_b38	1	6.61401e-03	-1.041e-01	2.228e-02
chr8_25399386_G_A_b38	1	6.42915e-03	1.254e-01	2.338e-02
chr8_25399217_C_T_b38	1	6.42915e-03	1.254e-01	2.338e-02
chr8_25399028_A_T_b38	1	6.25514e-03	1.194e-01	2.228e-02
chr8_25398875_A_AT_b38	1	6.25514e-03	1.194e-01	2.228e-02
chr8_25449566_TG_T_b38	1	5.88452e-03	1.102e-01	2.315e-02
chr8_25449475_T_C_b38	1	5.84939e-03	1.099e-01	2.308e-02
chr8_25452264_A_T_b38	1	5.83917e-03	1.096e-01	2.302e-02
chr8_25468015_G_A_b38	1	5.82383e-03	-1.064e-01	2.245e-02
chr8_25464769_G_A_b38	1	5.74698e-03	1.039e-01	2.193e-02
chr8_25467827_G_A_b38	1	5.43638e-03	1.037e-01	2.194e-02
chr8_25441159_A_G_b38	1	5.43424e-03	1.215e-01	2.489e-02
chr8_25455703_G_A_b38	1	5.32397e-03	1.008e-01	2.181e-02
chr8_25455744_T_C_b38	1	5.32397e-03	1.008e-01	2.181e-02
chr8_25451000_C_T_b38	1	5.27099e-03	1.093e-01	2.308e-02
chr8_25449005_T_C_b38	1	5.18422e-03	1.092e-01	2.308e-02
chr8_25454518_A_G_b38	1	5.14826e-03	1.011e-01	2.192e-02
chr8_25398681_A_T_b38	1	4.94354e-03	1.183e-01	2.228e-02
chr8_25449038_C_G_b38	1	4.86142e-03	1.039e-01	2.203e-02
chr8_25462673_G_A_b38	1	4.85991e-03	1.013e-01	2.205e-02
chr8_25446708_T_C_b38	1	4.72283e-03	-1.088e-01	2.244e-02
chr8_25447357_A_G_b38	1	4.72283e-03	-1.088e-01	2.244e-02
chr8_25437263_T_C_b38	1	4.72283e-03	-1.088e-01	2.244e-02
chr8_25476000_A_G_b38	1	4.52589e-03	1.091e-01	2.251e-02
chr8_25475047_C_T_b38	1	4.52589e-03	1.091e-01	2.251e-02
chr8_25478710_T_C_b38	1	4.27935e-03	1.089e-01	2.253e-02
chr8_25451201_T_C_b38	1	4.27576e-03	1.111e-01	2.369e-02
chr8_25455745_G_A_b38	1	4.24718e-03	9.974e-02	2.183e-02
chr8_25396665_T_C_b38	1	4.10622e-03	1.234e-01	2.341e-02
chr8_25477838_G_A_b38	1	4.02624e-03	-1.076e-01	2.232e-02
chr8_25395200_G_C_b38	1	3.75330e-03	-1.170e-01	2.228e-02
chr8_25408410_C_T_b38	1	3.69264e-03	-1.154e-01	2.198e-02
chr8_25483317_G_A_b38	1	3.51934e-03	1.113e-01	2.323e-02
chr8_25478795_G_A_b38	1	3.51885e-03	-1.070e-01	2.233e-02
chr8_25449209_A_G_b38	1	3.38427e-03	1.025e-01	2.212e-02
chr8_25471251_C_A_b38	1	3.24133e-03	1.100e-01	2.305e-02
chr8_25474284_G_C_b38	1	3.21798e-03	-1.057e-01	2.215e-02
chr8_25475084_G_T_b38	1	3.21798e-03	-1.057e-01	2.215e-02
chr8_25397790_GAC_G_b38	1	3.11582e-03	-1.160e-01	2.225e-02
chr8_25480993_A_G_b38	1	3.02096e-03	1.043e-01	2.193e-02
chr8_25394943_G_T_b38	1	3.01703e-03	1.226e-01	2.355e-02
chr8_25453794_G_A_b38	1	2.98279e-03	1.004e-01	2.181e-02
chr8_25481631_A_T_b38	1	2.94242e-03	1.042e-01	2.193e-02
chr8_25468214_T_C_b38	1	2.93764e-03	1.072e-01	2.339e-02
chr8_25386810_C_A_b38	1	2.82931e-03	1.224e-01	2.356e-02
chr8_25443241_T_TA_b38	1	2.82207e-03	1.047e-01	2.211e-02
chr8_25446913_G_C_b38	1	2.81485e-03	1.043e-01	2.203e-02
chr8_25396103_G_A_b38	1	2.78996e-03	-1.155e-01	2.226e-02
chr8_25471436_T_C_b38	1	2.78582e-03	1.038e-01	2.192e-02
chr8_25445897_T_C_b38	1	2.76107e-03	1.043e-01	2.206e-02
chr8_25450766_C_T_b38	1	2.71013e-03	1.015e-01	2.215e-02
chr8_25470996_T_C_b38	1	2.70239e-03	1.036e-01	2.189e-02
chr8_25482352_T_G_b38	1	2.66872e-03	1.037e-01	2.194e-02
chr8_25436342_C_T_b38	1	2.59339e-03	1.045e-01	2.216e-02
chr8_25392029_C_T_b38	1	2.59172e-03	1.224e-01	2.364e-02
chr8_25386754_G_C_b38	1	2.57840e-03	1.218e-01	2.355e-02
chr8_25443471_T_TA_b38	1	2.57304e-03	1.043e-01	2.213e-02
chr8_25452728_T_G_b38	1	2.54988e-03	1.000e-01	2.190e-02
chr8_25470641_T_C_b38	1	2.53450e-03	1.032e-01	2.188e-02
chr8_25447390_G_T_b38	1	2.51518e-03	1.038e-01	2.205e-02
chr8_25400015_A_G_b38	1	2.49229e-03	-1.151e-01	2.228e-02
chr8_25448293_A_G_b38	1	2.47745e-03	1.087e-01	2.310e-02
chr8_25472768_T_A_b38	1	2.42875e-03	1.032e-01	2.194e-02
chr8_25400926_C_T_b38	1	2.42204e-03	1.199e-01	2.323e-02
chr8_25407446_A_G_b38	1	2.38708e-03	-1.141e-01	2.212e-02
chr8_25470642_A_G_b38	1	2.32440e-03	-1.045e-01	2.226e-02
chr8_25445411_G_A_b38	1	2.30658e-03	1.037e-01	2.212e-02
chr8_25441194_G_C_b38	1	2.14684e-03	1.068e-01	2.287e-02
chr8_25479112_T_C_b38	1	2.12201e-03	1.024e-01	2.190e-02
chr8_25476592_G_A_b38	1	1.95383e-03	-1.045e-01	2.244e-02
chr8_25393441_G_A_b38	1	1.91136e-03	1.149e-01	2.249e-02
chr8_25393362_C_G_b38	1	1.91136e-03	1.149e-01	2.249e-02
chr8_25392907_A_G_b38	1	1.91136e-03	1.149e-01	2.249e-02
chr8_25393251_G_A_b38	1	1.91136e-03	1.149e-01	2.249e-02
chr8_25447182_C_T_b38	1	1.89166e-03	1.022e-01	2.201e-02
chr8_25439227_T_TA_b38	1	1.89166e-03	1.022e-01	2.201e-02
chr8_25447592_G_A_b38	1	1.89166e-03	1.022e-01	2.201e-02
chr8_25436831_A_G_b38	1	1.89166e-03	1.022e-01	2.201e-02
chr8_25436836_C_T_b38	1	1.89166e-03	1.022e-01	2.201e-02
chr8_25442628_A_C_b38	1	1.87091e-03	1.021e-01	2.201e-02
chr8_25392256_G_A_b38	1	1.80821e-03	1.148e-01	2.252e-02
chr8_25446014_A_T_b38	1	1.77848e-03	1.020e-01	2.203e-02
chr8_25482557_G_T_b38	1	1.76225e-03	-1.029e-01	2.222e-02
chr8_25441379_A_G_b38	1	1.74539e-03	1.019e-01	2.204e-02
chr8_25434656_A_C_b38	1	1.60628e-03	1.012e-01	2.198e-02
chr8_25430509_G_C_b38	1	1.60273e-03	-1.083e-01	2.247e-02
chr8_25430040_A_G_b38	1	1.60273e-03	-1.083e-01	2.247e-02
chr8_25434181_T_C_b38	1	1.58823e-03	1.018e-01	2.213e-02
chr8_25476580_T_C_b38	1	1.49044e-03	-1.039e-01	2.262e-02
chr8_25388760_T_G_b38	1	1.48807e-03	-1.134e-01	2.242e-02
chr8_25447226_C_T_b38	1	1.46053e-03	1.015e-01	2.215e-02
chr8_25420993_C_T_b38	1	1.45184e-03	1.064e-01	2.217e-02
chr8_25486174_T_C_b38	1	1.41796e-03	1.083e-01	2.251e-02
chr8_25390672_A_G_b38	1	1.40875e-03	1.128e-01	2.236e-02
chr8_25388663_G_C_b38	1	1.40525e-03	-1.128e-01	2.235e-02
chr8_25388669_G_A_b38	1	1.40525e-03	-1.128e-01	2.235e-02
chr8_25403765_C_T_b38	1	1.40425e-03	1.126e-01	2.232e-02
chr8_25431362_G_C_b38	1	1.40101e-03	-1.077e-01	2.248e-02
chr8_25412992_G_A_b38	1	1.22884e-03	1.073e-01	2.254e-02
chr8_25412477_G_A_b38	1	1.21021e-03	-1.055e-01	2.218e-02
chr8_25400221_G_A_b38	1	1.16978e-03	-1.153e-01	2.304e-02
chr8_25414379_C_T_b38	1	1.15852e-03	1.073e-01	2.260e-02
chr8_25407353_C_T_b38	1	1.14776e-03	1.119e-01	2.237e-02
chr8_25486768_T_C_b38	1	1.06104e-03	1.043e-01	2.196e-02
chr8_25488854_C_T_b38	1	1.04204e-03	-1.053e-01	2.219e-02
chr8_25390071_G_T_b38	1	1.04112e-03	-1.114e-01	2.236e-02
chr8_25430898_C_T_b38	1	1.03219e-03	1.124e-01	2.382e-02
chr8_25393472_C_T_b38	1	9.96077e-04	1.123e-01	2.258e-02
chr8_25439414_C_T_b38	1	9.91720e-04	9.915e-02	2.208e-02
chr8_25433271_CT_C_b38	1	9.64332e-04	1.038e-01	2.206e-02
chr8_25418917_G_A_b38	1	9.44487e-04	1.072e-01	2.280e-02
chr8_25488203_T_C_b38	1	9.35642e-04	1.036e-01	2.196e-02
chr8_25458321_G_A_b38	2	6.66732e-03	-4.097e-02	5.024e-02
chr8_25441223_C_G_b38	2	4.67985e-04	-5.007e-02	4.501e-02
chr8_25470055_A_G_b38	2	2.76645e-04	-3.143e-02	4.360e-02
chr8_25531039_T_A_b38	2	2.39825e-05	-7.682e-02	4.607e-02
