chr12_56299736_C_A_b38	1	1.97578e-01	-1.013e+00	1.761e-01
chr12_56300477_C_A_b38	1	1.62887e-01	8.428e-01	1.795e-01
chr12_56301033_A_G_b38	1	6.31110e-02	-1.015e+00	1.691e-01
chr12_56301676_G_GT_b38	1	2.95623e-02	-1.053e+00	1.026e-01
chr12_56302272_A_G_b38	1	2.95623e-02	-1.053e+00	1.026e-01
chr12_56302170_C_T_b38	1	2.95623e-02	-1.053e+00	1.026e-01
chr12_56295751_G_A_b38	1	1.84355e-02	-1.053e+00	1.022e-01
chr12_56296878_G_A_b38	1	1.84355e-02	-1.053e+00	1.022e-01
chr12_56302958_T_C_b38	1	1.81766e-02	-1.053e+00	1.022e-01
chr12_56304419_T_TC_b38	1	1.81766e-02	-1.053e+00	1.022e-01
chr12_56295941_G_C_b38	1	1.67002e-02	8.448e-01	1.779e-01
chr12_56303326_G_A_b38	1	1.64657e-02	8.448e-01	1.779e-01
chr12_56294453_G_A_b38	1	1.31734e-02	-1.053e+00	1.022e-01
chr12_56291014_C_T_b38	1	1.31734e-02	-1.053e+00	1.022e-01
chr12_56290873_CA_C_b38	1	1.31734e-02	-1.053e+00	1.022e-01
chr12_56290191_C_T_b38	1	1.31734e-02	-1.053e+00	1.022e-01
chr12_56293213_C_T_b38	1	1.31734e-02	-1.053e+00	1.022e-01
chr12_56293788_G_T_b38	1	1.31734e-02	-1.053e+00	1.022e-01
chr12_56293675_T_C_b38	1	1.31734e-02	-1.053e+00	1.022e-01
chr12_56307595_G_C_b38	1	1.25714e-02	-1.053e+00	1.022e-01
chr12_56308228_C_A_b38	1	1.25714e-02	-1.053e+00	1.022e-01
chr12_56306209_A_C_b38	1	1.25714e-02	-1.053e+00	1.022e-01
chr12_56305176_G_A_b38	1	1.25714e-02	-1.053e+00	1.022e-01
chr12_56290712_TAGGAA_T_b38	1	1.14864e-02	8.528e-01	1.738e-01
chr12_56308392_C_T_b38	1	1.09615e-02	8.528e-01	1.738e-01
chr12_56308088_T_C_b38	1	1.09615e-02	8.528e-01	1.738e-01
chr12_56305839_A_G_b38	1	1.09615e-02	8.528e-01	1.738e-01
chr12_56307025_G_A_b38	1	1.09615e-02	8.528e-01	1.738e-01
chr12_56313138_A_C_b38	1	6.05272e-03	-1.068e+00	7.634e-02
chr12_56324021_G_A_b38	1	6.05272e-03	-1.068e+00	7.634e-02
chr12_56321800_G_A_b38	1	6.05272e-03	-1.068e+00	7.634e-02
chr12_56312637_T_C_b38	1	6.05272e-03	-1.068e+00	7.634e-02
chr12_56314792_G_A_b38	1	6.05272e-03	-1.068e+00	7.634e-02
chr12_56323682_C_T_b38	1	5.55710e-03	8.528e-01	1.738e-01
chr12_56286747_T_C_b38	1	4.84673e-03	-1.068e+00	7.634e-02
chr12_56278322_T_A_b38	1	4.84673e-03	-1.068e+00	7.634e-02
chr12_56283477_G_A_b38	1	4.84673e-03	-1.068e+00	7.634e-02
chr12_56277426_C_G_b38	1	4.84673e-03	-1.068e+00	7.634e-02
chr12_56286187_A_G_b38	1	4.84673e-03	-1.068e+00	7.634e-02
chr12_56285967_A_G_b38	1	4.84673e-03	-1.068e+00	7.634e-02
chr12_56283033_CT_C_b38	1	4.84673e-03	-1.068e+00	7.634e-02
chr12_56284195_T_A_b38	1	4.84673e-03	-1.068e+00	7.634e-02
chr12_56286852_A_G_b38	1	4.84673e-03	-1.068e+00	7.634e-02
chr12_56284551_T_C_b38	1	4.84673e-03	-1.068e+00	7.634e-02
chr12_56277363_G_A_b38	1	4.84673e-03	-1.068e+00	7.634e-02
chr12_56288587_C_T_b38	1	4.44684e-03	8.528e-01	1.738e-01
chr12_56280982_G_A_b38	1	4.44684e-03	8.528e-01	1.738e-01
chr12_56259510_G_A_b38	1	2.05628e-03	-1.068e+00	7.634e-02
chr12_56262481_G_A_b38	1	2.05628e-03	-1.068e+00	7.634e-02
chr12_56265536_C_T_b38	1	2.05628e-03	-1.068e+00	7.634e-02
chr12_56264104_A_G_b38	1	2.05628e-03	-1.068e+00	7.634e-02
chr12_56259776_A_G_b38	1	2.05628e-03	-1.068e+00	7.634e-02
chr12_56264924_C_T_b38	1	2.05628e-03	-1.068e+00	7.634e-02
chr12_56273316_A_G_b38	1	2.05628e-03	-1.068e+00	7.634e-02
chr12_56259857_T_TGAG_b38	1	2.05628e-03	-1.068e+00	7.634e-02
chr12_56263432_A_C_b38	1	2.05628e-03	-1.068e+00	7.634e-02
chr12_56273514_T_C_b38	1	2.05628e-03	-1.068e+00	7.634e-02
chr12_56270447_C_T_b38	1	2.05628e-03	-1.068e+00	7.634e-02
chr12_56260130_G_C_b38	1	2.05628e-03	-1.068e+00	7.634e-02
chr12_56274110_C_T_b38	1	2.05628e-03	-1.068e+00	7.634e-02
chr12_56267121_G_T_b38	1	2.05628e-03	-1.068e+00	7.634e-02
chr12_56347444_G_A_b38	1	1.95051e-03	-1.068e+00	7.634e-02
chr12_56333921_G_A_b38	1	1.95051e-03	-1.068e+00	7.634e-02
chr12_56329935_T_C_b38	1	1.95051e-03	-1.068e+00	7.634e-02
chr12_56325666_G_A_b38	1	1.95051e-03	-1.068e+00	7.634e-02
chr12_56329802_A_G_b38	1	1.95051e-03	-1.068e+00	7.634e-02
chr12_56346073_GCC_G_b38	1	1.95051e-03	-1.068e+00	7.634e-02
chr12_56336643_T_TA_b38	1	1.95051e-03	-1.068e+00	7.634e-02
chr12_56332197_GA_G_b38	1	1.95051e-03	-1.068e+00	7.634e-02
chr12_56335955_A_G_b38	1	1.95051e-03	-1.068e+00	7.634e-02
chr12_56334353_T_C_b38	1	1.95051e-03	-1.068e+00	7.634e-02
chr12_56332565_A_G_b38	1	1.95051e-03	-1.068e+00	7.634e-02
chr12_56346898_C_G_b38	1	1.95051e-03	-1.068e+00	7.634e-02
chr12_56345032_GC_G_b38	1	1.95051e-03	-1.068e+00	7.634e-02
chr12_56339747_G_A_b38	1	1.95051e-03	-1.068e+00	7.634e-02
chr12_56342206_G_T_b38	1	1.95051e-03	-1.068e+00	7.634e-02
chr12_56346229_GAGA_G_b38	1	1.95051e-03	-1.068e+00	7.634e-02
chr12_56345773_A_G_b38	1	1.95051e-03	-1.068e+00	7.634e-02
chr12_56330549_C_T_b38	1	1.95051e-03	-1.068e+00	7.634e-02
chr12_56332556_C_T_b38	1	1.95051e-03	-1.068e+00	7.634e-02
chr12_56331337_A_G_b38	1	1.95051e-03	-1.068e+00	7.634e-02
chr12_56324638_T_C_b38	1	1.74739e-03	-1.067e+00	7.756e-02
chr12_56302761_T_G_b38	2	1.26080e-01	-4.770e-01	1.490e-01
chr12_56297989_AC_A_b38	2	8.54027e-03	-3.336e-01	3.203e-01
chr12_56337293_C_G_b38	2	4.19539e-03	-5.961e-01	2.759e-01
chr12_56344189_A_G_b38	2	4.19539e-03	-5.961e-01	2.759e-01
chr12_56349583_T_C_b38	2	4.19539e-03	-5.961e-01	2.759e-01
chr12_56334216_G_A_b38	2	4.19539e-03	-5.961e-01	2.759e-01
chr12_56334474_GA_G_b38	2	4.19539e-03	-5.961e-01	2.759e-01
chr12_56329046_C_T_b38	2	4.19539e-03	5.961e-01	2.759e-01
chr12_56332734_G_A_b38	2	4.19539e-03	5.961e-01	2.759e-01
chr12_56273820_T_C_b38	2	1.24646e-03	-6.041e-01	2.776e-01
chr12_56350492_C_G_b38	2	1.09997e-03	-6.257e-01	2.841e-01
chr12_56352611_AATGC_A_b38	2	1.09997e-03	-6.257e-01	2.841e-01
chr12_56254127_G_C_b38	2	2.38151e-05	9.622e-01	7.355e-02
chr12_56255817_A_G_b38	2	1.95334e-05	9.502e-01	7.289e-02
chr12_56247102_C_T_b38	2	5.86658e-06	0.000e+00	0.000e+00
chr12_56296064_G_A_b38	3	4.43566e-04	2.799e-01	3.055e-01
chr12_56294021_C_T_b38	3	4.14862e-04	-3.275e-02	4.773e-01
chr12_56295711_G_T_b38	3	1.67937e-04	-1.555e-02	2.264e-01
chr12_56284857_T_C_b38	3	6.72262e-05	2.004e-01	3.180e-01
chr12_56328276_T_G_b38	3	3.17625e-05	-4.267e-03	4.363e-01
chr12_56348081_T_C_b38	3	3.17625e-05	4.267e-03	4.363e-01
chr12_56349914_T_C_b38	3	3.17625e-05	4.267e-03	4.363e-01
chr12_56341465_A_G_b38	3	1.91821e-05	0.000e+00	0.000e+00
chr12_56360353_T_G_b38	3	8.96849e-06	0.000e+00	0.000e+00
chr12_56358078_C_T_b38	3	5.27692e-06	0.000e+00	0.000e+00
chr12_56235492_A_C_b38	3	5.22147e-06	0.000e+00	0.000e+00
chr12_56226816_T_C_b38	3	4.29829e-28	0.000e+00	0.000e+00
chr12_56227285_C_A_b38	3	3.55144e-28	0.000e+00	0.000e+00
chr12_56227258_C_T_b38	3	3.55144e-28	0.000e+00	0.000e+00
