chr16_82170181_C_G_b38	1	9.99990e-01	-5.405e-01	7.298e-02
chr16_82169898_T_G_b38	2	1.44202e-01	-2.517e-01	7.625e-02
chr16_82170163_G_T_b38	2	1.38997e-01	-2.505e-01	7.654e-02
chr16_82170100_A_C_b38	2	1.38997e-01	-2.505e-01	7.654e-02
chr16_82170137_T_C_b38	2	1.38997e-01	-2.505e-01	7.654e-02
chr16_82170153_C_T_b38	2	1.35235e-01	-2.764e-01	8.535e-02
chr16_82169363_G_C_b38	2	5.55382e-02	-2.520e-01	7.629e-02
chr16_82169421_T_C_b38	2	5.55382e-02	-2.520e-01	7.629e-02
chr16_82169838_T_C_b38	2	4.17787e-02	-2.310e-01	7.318e-02
chr16_82163203_G_A_b38	2	3.62775e-02	-2.923e-01	8.493e-02
chr16_82172674_G_A_b38	2	3.17630e-02	-2.770e-01	8.269e-02
chr16_82173697_T_C_b38	2	1.51346e-02	-2.779e-01	8.297e-02
chr16_82173937_T_C_b38	2	1.51346e-02	-2.779e-01	8.297e-02
chr16_82170527_C_G_b38	2	9.88109e-03	-2.097e-01	7.848e-02
chr16_82166498_A_C_b38	2	9.72869e-03	-2.758e-01	8.757e-02
chr16_82168531_C_T_b38	2	2.78489e-03	-2.503e-01	7.976e-02
chr16_82166059_A_C_b38	2	2.15125e-03	-2.650e-01	9.081e-02
chr16_82170106_G_T_b38	2	2.08513e-03	-1.972e-01	8.060e-02
chr16_82167487_CTTTG_C_b38	2	1.94695e-03	-2.676e-01	8.806e-02
chr16_82168128_A_ATTTGT_b38	2	1.63740e-03	-2.518e-01	8.295e-02
chr16_82168279_G_A_b38	2	1.63740e-03	-2.518e-01	8.295e-02
chr16_82163071_T_C_b38	2	1.04817e-03	-2.965e-01	1.050e-01
chr16_82160800_G_C_b38	2	1.04817e-03	-2.965e-01	1.050e-01
chr16_82176256_A_G_b38	2	9.35218e-04	-2.743e-01	9.751e-02
chr16_82165993_A_G_b38	2	6.98281e-04	-2.622e-01	9.535e-02
chr16_82168013_G_A_b38	2	6.77128e-04	-2.945e-01	1.137e-01
chr16_82166732_T_C_b38	2	6.42526e-04	-2.568e-01	9.370e-02
chr16_82166458_T_C_b38	2	6.42526e-04	-2.568e-01	9.370e-02
chr16_82166999_T_C_b38	2	6.42526e-04	-2.568e-01	9.370e-02
chr16_82165856_C_T_b38	2	6.42526e-04	-2.568e-01	9.370e-02
chr16_82165918_A_T_b38	2	6.42526e-04	-2.568e-01	9.370e-02
chr16_82166514_C_T_b38	2	6.42526e-04	-2.568e-01	9.370e-02
chr16_82167467_T_C_b38	2	6.42526e-04	-2.568e-01	9.370e-02
chr16_82167315_T_C_b38	2	6.42526e-04	-2.568e-01	9.370e-02
chr16_82166064_G_A_b38	2	6.42526e-04	-2.568e-01	9.370e-02
chr16_82166704_T_C_b38	2	6.42526e-04	-2.568e-01	9.370e-02
chr16_82166226_T_C_b38	2	6.42526e-04	-2.568e-01	9.370e-02
chr16_82166118_A_G_b38	2	6.42526e-04	-2.568e-01	9.370e-02
chr16_82166366_G_A_b38	2	6.42526e-04	-2.568e-01	9.370e-02
chr16_82167433_A_C_b38	2	6.42526e-04	-2.568e-01	9.370e-02
chr16_82166072_T_C_b38	2	6.42526e-04	-2.568e-01	9.370e-02
chr16_82166671_G_T_b38	2	6.42526e-04	-2.568e-01	9.370e-02
chr16_82167697_C_T_b38	2	6.42526e-04	-2.568e-01	9.370e-02
chr16_82167412_A_G_b38	2	6.42526e-04	-2.568e-01	9.370e-02
chr16_82167056_A_G_b38	2	6.42526e-04	-2.568e-01	9.370e-02
chr16_82149227_C_G_b38	2	5.16928e-04	-3.355e-01	1.168e-01
chr16_82151715_A_G_b38	2	5.16928e-04	-3.355e-01	1.168e-01
chr16_82153576_T_C_b38	2	5.16928e-04	-3.355e-01	1.168e-01
chr16_82155196_C_T_b38	2	5.16928e-04	-3.355e-01	1.168e-01
chr16_82150596_A_C_b38	2	4.81828e-04	-3.203e-01	1.112e-01
chr16_82150595_A_G_b38	2	4.81828e-04	-3.203e-01	1.112e-01
chr16_82154641_A_G_b38	2	4.47607e-04	-3.275e-01	1.157e-01
chr16_82159550_A_G_b38	2	3.34967e-04	-3.248e-01	1.109e-01
chr16_82133468_C_T_b38	2	5.70461e-05	-4.598e-01	6.848e-02
chr16_82133588_C_T_b38	2	5.70461e-05	-4.598e-01	6.848e-02
chr16_82124776_T_TA_b38	3	6.36968e-02	3.077e-01	6.167e-02
chr16_82122752_G_A_b38	3	3.56627e-02	3.002e-01	6.239e-02
chr16_82130185_G_C_b38	3	2.46301e-02	2.900e-01	6.098e-02
chr16_82169518_T_C_b38	3	2.31857e-02	-3.167e-01	8.695e-02
chr16_82126794_T_G_b38	3	1.72515e-02	2.898e-01	6.194e-02
chr16_82126925_G_T_b38	3	1.72515e-02	2.898e-01	6.194e-02
chr16_82126350_CT_C_b38	3	1.72515e-02	2.898e-01	6.194e-02
chr16_82126196_G_C_b38	3	1.72515e-02	2.898e-01	6.194e-02
chr16_82126635_T_A_b38	3	1.72515e-02	2.898e-01	6.194e-02
chr16_82126247_T_C_b38	3	1.72515e-02	2.898e-01	6.194e-02
chr16_82126073_G_C_b38	3	1.72515e-02	2.898e-01	6.194e-02
chr16_82128643_G_C_b38	3	1.72515e-02	2.898e-01	6.194e-02
chr16_82132026_G_C_b38	3	1.41094e-02	2.834e-01	6.124e-02
chr16_82132126_GA_G_b38	3	1.00616e-02	3.238e-01	7.225e-02
chr16_82131730_G_A_b38	3	1.00616e-02	3.238e-01	7.225e-02
chr16_82131854_A_G_b38	3	1.00616e-02	3.238e-01	7.225e-02
chr16_82128837_A_G_b38	3	8.67392e-03	2.784e-01	6.159e-02
chr16_82128117_G_A_b38	3	8.64597e-03	2.855e-01	6.307e-02
chr16_82167800_C_T_b38	3	8.61796e-03	-3.147e-01	8.680e-02
chr16_82160245_G_A_b38	3	7.77175e-03	-3.256e-01	8.233e-02
chr16_82125027_G_A_b38	3	7.07323e-03	3.235e-01	7.363e-02
chr16_82128369_T_G_b38	3	7.07323e-03	3.235e-01	7.363e-02
chr16_82123221_A_T_b38	3	7.07323e-03	3.235e-01	7.363e-02
chr16_82124877_C_T_b38	3	7.07323e-03	3.235e-01	7.363e-02
chr16_82156833_G_A_b38	3	6.55790e-03	-3.411e-01	8.359e-02
chr16_82132185_C_CATAAT_b38	3	5.98828e-03	3.044e-01	6.997e-02
chr16_82128024_C_A_b38	3	5.98828e-03	3.044e-01	6.997e-02
chr16_82131518_T_TC_b38	3	5.98828e-03	3.044e-01	6.997e-02
chr16_82131709_G_T_b38	3	5.98828e-03	3.044e-01	6.997e-02
chr16_82124389_G_C_b38	3	5.98828e-03	3.044e-01	6.997e-02
chr16_82131444_T_C_b38	3	5.98828e-03	3.044e-01	6.997e-02
chr16_82132016_C_T_b38	3	5.98828e-03	3.044e-01	6.997e-02
chr16_82131578_G_A_b38	3	5.98828e-03	3.044e-01	6.997e-02
chr16_82132323_G_C_b38	3	5.98828e-03	3.044e-01	6.997e-02
chr16_82131972_C_A_b38	3	5.98828e-03	3.044e-01	6.997e-02
chr16_82131384_T_A_b38	3	5.98828e-03	3.044e-01	6.997e-02
chr16_82131454_G_A_b38	3	5.98828e-03	3.044e-01	6.997e-02
chr16_82130536_C_G_b38	3	5.98828e-03	3.044e-01	6.997e-02
chr16_82131801_T_G_b38	3	5.98828e-03	3.044e-01	6.997e-02
chr16_82132141_C_T_b38	3	5.98828e-03	3.044e-01	6.997e-02
chr16_82131853_C_T_b38	3	5.98828e-03	3.044e-01	6.997e-02
chr16_82131485_G_T_b38	3	5.98828e-03	3.044e-01	6.997e-02
chr16_82165718_T_C_b38	3	5.80645e-03	-3.140e-01	8.662e-02
chr16_82146177_G_C_b38	3	5.48522e-03	-2.748e-01	6.713e-02
chr16_82127507_C_A_b38	3	5.30366e-03	3.066e-01	7.095e-02
chr16_82145626_G_C_b38	3	4.87418e-03	-3.369e-01	8.469e-02
chr16_82145890_T_C_b38	3	4.87418e-03	-3.369e-01	8.469e-02
chr16_82145724_C_T_b38	3	4.87418e-03	-3.369e-01	8.469e-02
chr16_82145597_A_T_b38	3	4.87418e-03	-3.369e-01	8.469e-02
chr16_82146081_G_A_b38	3	4.87418e-03	-3.369e-01	8.469e-02
chr16_82145888_C_T_b38	3	4.87418e-03	-3.369e-01	8.469e-02
chr16_82127500_AATG_A_b38	3	4.74712e-03	2.841e-01	6.600e-02
chr16_82124284_T_C_b38	3	4.68254e-03	2.986e-01	6.981e-02
chr16_82123713_A_C_b38	3	4.34780e-03	3.033e-01	7.118e-02
chr16_82129749_G_C_b38	3	4.34780e-03	3.033e-01	7.118e-02
chr16_82124031_T_C_b38	3	4.34780e-03	3.033e-01	7.118e-02
chr16_82124095_C_T_b38	3	4.34780e-03	3.033e-01	7.118e-02
chr16_82123714_A_C_b38	3	4.34780e-03	3.033e-01	7.118e-02
chr16_82126889_G_T_b38	3	4.34780e-03	3.033e-01	7.118e-02
chr16_82126873_C_T_b38	3	4.34780e-03	3.033e-01	7.118e-02
chr16_82124951_A_G_b38	3	4.34780e-03	3.033e-01	7.118e-02
chr16_82124616_G_A_b38	3	4.34780e-03	3.033e-01	7.118e-02
chr16_82125894_T_G_b38	3	4.34780e-03	3.033e-01	7.118e-02
chr16_82123933_T_A_b38	3	4.34780e-03	3.033e-01	7.118e-02
chr16_82125363_A_T_b38	3	4.34780e-03	3.033e-01	7.118e-02
chr16_82126060_C_G_b38	3	4.34780e-03	3.033e-01	7.118e-02
chr16_82124020_G_T_b38	3	4.34780e-03	3.033e-01	7.118e-02
chr16_82126832_A_C_b38	3	4.34780e-03	3.033e-01	7.118e-02
chr16_82127905_A_C_b38	3	4.34780e-03	3.033e-01	7.118e-02
chr16_82126321_CAT_C_b38	3	4.34780e-03	3.033e-01	7.118e-02
chr16_82127012_C_G_b38	3	4.34780e-03	3.033e-01	7.118e-02
chr16_82127363_T_C_b38	3	4.34780e-03	3.033e-01	7.118e-02
chr16_82127053_C_T_b38	3	4.34780e-03	3.033e-01	7.118e-02
chr16_82125472_C_T_b38	3	4.34780e-03	3.033e-01	7.118e-02
chr16_82124516_A_C_b38	3	4.34780e-03	3.033e-01	7.118e-02
chr16_82123836_T_C_b38	3	4.34780e-03	3.033e-01	7.118e-02
chr16_82126074_G_T_b38	3	4.34780e-03	3.033e-01	7.118e-02
chr16_82125211_C_T_b38	3	4.34780e-03	3.033e-01	7.118e-02
chr16_82126707_TA_T_b38	3	4.34780e-03	3.033e-01	7.118e-02
chr16_82124261_C_G_b38	3	4.34780e-03	3.033e-01	7.118e-02
chr16_82127346_T_C_b38	3	4.34780e-03	3.033e-01	7.118e-02
chr16_82128266_A_AACTC_b38	3	4.34780e-03	3.033e-01	7.118e-02
chr16_82126252_C_T_b38	3	4.34780e-03	3.033e-01	7.118e-02
chr16_82125482_T_C_b38	3	4.34780e-03	3.033e-01	7.118e-02
chr16_82123703_G_A_b38	3	4.34780e-03	3.033e-01	7.118e-02
chr16_82129719_C_T_b38	3	4.34780e-03	3.033e-01	7.118e-02
chr16_82125579_T_C_b38	3	4.34780e-03	3.033e-01	7.118e-02
chr16_82157257_C_G_b38	3	4.13807e-03	-3.244e-01	8.198e-02
chr16_82158949_GATCT_G_b38	3	4.13807e-03	-3.244e-01	8.198e-02
chr16_82159920_A_G_b38	3	4.13807e-03	-3.244e-01	8.198e-02
chr16_82157727_A_G_b38	3	4.13807e-03	-3.244e-01	8.198e-02
chr16_82158968_A_G_b38	3	4.13807e-03	-3.244e-01	8.198e-02
chr16_82155731_G_C_b38	3	4.13807e-03	-3.244e-01	8.198e-02
chr16_82159044_C_T_b38	3	4.13807e-03	-3.244e-01	8.198e-02
chr16_82159657_C_T_b38	3	4.13807e-03	-3.244e-01	8.198e-02
chr16_82157644_T_C_b38	3	4.13807e-03	-3.244e-01	8.198e-02
chr16_82160178_T_C_b38	3	4.13807e-03	-3.244e-01	8.198e-02
chr16_82159891_T_C_b38	3	4.13807e-03	-3.244e-01	8.198e-02
chr16_82158215_G_A_b38	3	4.13807e-03	-3.244e-01	8.198e-02
chr16_82156288_G_C_b38	3	4.13807e-03	-3.244e-01	8.198e-02
chr16_82158243_G_C_b38	3	4.13807e-03	-3.244e-01	8.198e-02
chr16_82157411_T_C_b38	3	4.13807e-03	-3.244e-01	8.198e-02
chr16_82159320_A_G_b38	3	4.13807e-03	-3.244e-01	8.198e-02
chr16_82158693_T_C_b38	3	4.13807e-03	-3.244e-01	8.198e-02
chr16_82157231_G_A_b38	3	4.13807e-03	-3.244e-01	8.198e-02
chr16_82158305_G_A_b38	3	4.13807e-03	-3.244e-01	8.198e-02
chr16_82157443_C_T_b38	3	4.13807e-03	-3.244e-01	8.198e-02
chr16_82155760_C_T_b38	3	4.13807e-03	-3.244e-01	8.198e-02
chr16_82158997_G_A_b38	3	4.13807e-03	-3.244e-01	8.198e-02
chr16_82156355_C_T_b38	3	4.13807e-03	-3.244e-01	8.198e-02
chr16_82156025_T_A_b38	3	4.13807e-03	-3.244e-01	8.198e-02
chr16_82159436_A_G_b38	3	4.13807e-03	-3.244e-01	8.198e-02
chr16_82159432_T_C_b38	3	4.13807e-03	-3.244e-01	8.198e-02
chr16_82156492_G_A_b38	3	4.13807e-03	-3.244e-01	8.198e-02
chr16_82159756_A_T_b38	3	4.13807e-03	-3.244e-01	8.198e-02
chr16_82155935_G_C_b38	3	4.13807e-03	-3.244e-01	8.198e-02
chr16_82155775_A_G_b38	3	4.13807e-03	-3.244e-01	8.198e-02
chr16_82157680_AGAG_A_b38	3	4.13807e-03	-3.244e-01	8.198e-02
chr16_82155527_A_G_b38	3	4.13807e-03	-3.244e-01	8.198e-02
chr16_82156095_G_A_b38	3	4.13807e-03	-3.244e-01	8.198e-02
chr16_82127912_T_C_b38	3	4.07401e-03	2.952e-01	6.954e-02
chr16_82168771_C_G_b38	3	3.61523e-03	-2.893e-01	8.659e-02
chr16_82132557_A_G_b38	3	3.41513e-03	2.892e-01	6.890e-02
chr16_82124591_A_AAAAG_b38	3	3.38641e-03	2.995e-01	7.144e-02
chr16_82145209_A_G_b38	3	3.02196e-03	-3.499e-01	8.353e-02
chr16_82166045_G_A_b38	3	2.91535e-03	-2.946e-01	8.671e-02
chr16_82164785_G_T_b38	3	2.52080e-03	-3.017e-01	8.379e-02
chr16_82139271_G_C_b38	3	2.35419e-03	-3.418e-01	8.297e-02
chr16_82160125_G_GT_b38	3	2.32903e-03	-2.986e-01	7.915e-02
chr16_82156313_C_T_b38	3	2.32903e-03	-2.986e-01	7.915e-02
chr16_82122866_C_G_b38	3	2.12701e-03	2.877e-01	6.961e-02
chr16_82147578_CGGT_C_b38	3	2.11729e-03	-3.250e-01	8.727e-02
chr16_82149698_C_T_b38	3	1.62632e-03	-3.080e-01	8.348e-02
chr16_82137083_A_G_b38	3	1.54667e-03	-2.654e-01	6.495e-02
chr16_82137120_G_C_b38	3	1.54667e-03	-2.654e-01	6.495e-02
chr16_82148681_C_G_b38	3	1.52617e-03	-3.164e-01	8.634e-02
chr16_82149151_T_C_b38	3	1.48150e-03	-3.117e-01	8.636e-02
chr16_82146867_C_T_b38	3	1.48150e-03	-3.117e-01	8.636e-02
chr16_82147582_AGTAAGTCCG_A_b38	3	1.48150e-03	-3.117e-01	8.636e-02
chr16_82147977_G_A_b38	3	1.48150e-03	-3.117e-01	8.636e-02
chr16_82149539_T_A_b38	3	1.48150e-03	-3.117e-01	8.636e-02
chr16_82147900_A_G_b38	3	1.48150e-03	-3.117e-01	8.636e-02
chr16_82146531_C_T_b38	3	1.48150e-03	-3.117e-01	8.636e-02
chr16_82149531_ACT_A_b38	3	1.48150e-03	-3.117e-01	8.636e-02
chr16_82148499_T_C_b38	3	1.48150e-03	-3.117e-01	8.636e-02
chr16_82148749_G_A_b38	3	1.48150e-03	-3.117e-01	8.636e-02
chr16_82147131_C_T_b38	3	1.48150e-03	-3.117e-01	8.636e-02
chr16_82149261_C_T_b38	3	1.48150e-03	-3.117e-01	8.636e-02
chr16_82147397_T_A_b38	3	1.48150e-03	-3.117e-01	8.636e-02
chr16_82148150_A_C_b38	3	1.48150e-03	-3.117e-01	8.636e-02
chr16_82148406_G_A_b38	3	1.48150e-03	-3.117e-01	8.636e-02
chr16_82147373_G_C_b38	3	1.48150e-03	-3.117e-01	8.636e-02
chr16_82146929_C_T_b38	3	1.48150e-03	-3.117e-01	8.636e-02
chr16_82148963_C_A_b38	3	1.48150e-03	-3.117e-01	8.636e-02
chr16_82147797_C_G_b38	3	1.48150e-03	-3.117e-01	8.636e-02
chr16_82148193_A_T_b38	3	1.48150e-03	-3.117e-01	8.636e-02
chr16_82145430_T_A_b38	3	1.37234e-03	-2.948e-01	8.118e-02
chr16_82144511_C_T_b38	3	1.35050e-03	-3.360e-01	8.413e-02
chr16_82137987_G_A_b38	3	1.35050e-03	-3.360e-01	8.413e-02
chr16_82152206_T_A_b38	3	1.34892e-03	-3.030e-01	8.349e-02
chr16_82153310_T_C_b38	3	1.34892e-03	-3.030e-01	8.349e-02
chr16_82154151_C_T_b38	3	1.34892e-03	-3.030e-01	8.349e-02
chr16_82153411_A_G_b38	3	1.34892e-03	-3.030e-01	8.349e-02
chr16_82152570_C_T_b38	3	1.34892e-03	-3.030e-01	8.349e-02
chr16_82150829_T_C_b38	3	1.34892e-03	-3.030e-01	8.349e-02
chr16_82153409_A_G_b38	3	1.34892e-03	-3.030e-01	8.349e-02
chr16_82150083_CTT_C_b38	3	1.34892e-03	-3.030e-01	8.349e-02
chr16_82153330_T_C_b38	3	1.34892e-03	-3.030e-01	8.349e-02
chr16_82154527_T_C_b38	3	1.34892e-03	-3.030e-01	8.349e-02
chr16_82152498_A_G_b38	3	1.34892e-03	-3.030e-01	8.349e-02
chr16_82151368_A_G_b38	3	1.34892e-03	-3.030e-01	8.349e-02
chr16_82153035_G_A_b38	3	1.34892e-03	-3.030e-01	8.349e-02
chr16_82149929_T_C_b38	3	1.34892e-03	-3.030e-01	8.349e-02
chr16_82149707_G_A_b38	3	1.34892e-03	-3.030e-01	8.349e-02
chr16_82152427_G_T_b38	3	1.34892e-03	-3.030e-01	8.349e-02
chr16_82154732_A_C_b38	3	1.34892e-03	-3.030e-01	8.349e-02
chr16_82155170_C_G_b38	3	1.34892e-03	-3.030e-01	8.349e-02
chr16_82152264_T_C_b38	3	1.34892e-03	-3.030e-01	8.349e-02
chr16_82151944_A_C_b38	3	1.34892e-03	-3.030e-01	8.349e-02
chr16_82153624_T_C_b38	3	1.34892e-03	-3.030e-01	8.349e-02
chr16_82151134_T_G_b38	3	1.34892e-03	-3.030e-01	8.349e-02
chr16_82154201_C_T_b38	3	1.34892e-03	-3.030e-01	8.349e-02
chr16_82154856_A_G_b38	3	1.34892e-03	-3.030e-01	8.349e-02
chr16_82151975_C_T_b38	3	1.34892e-03	-3.030e-01	8.349e-02
chr16_82139347_A_G_b38	3	1.22455e-03	-2.645e-01	6.585e-02
chr16_82135429_A_G_b38	3	1.02994e-03	-2.567e-01	6.470e-02
chr16_82134414_A_G_b38	3	1.02994e-03	-2.567e-01	6.470e-02
chr16_82134566_C_A_b38	3	1.02994e-03	-2.567e-01	6.470e-02
chr16_82134430_T_G_b38	3	1.02994e-03	-2.567e-01	6.470e-02
chr16_82150191_A_T_b38	3	9.04139e-04	-2.963e-01	8.364e-02
chr16_82149744_C_T_b38	3	7.20182e-04	-2.782e-01	8.033e-02
chr16_82152192_C_T_b38	3	7.01305e-04	-2.873e-01	8.308e-02
chr16_82139596_G_A_b38	3	6.86206e-04	-3.104e-01	8.125e-02
chr16_82142065_C_T_b38	3	6.86206e-04	-3.104e-01	8.125e-02
chr16_82136880_T_A_b38	3	6.86206e-04	-3.104e-01	8.125e-02
chr16_82137167_G_A_b38	3	6.86206e-04	-3.104e-01	8.125e-02
chr16_82136978_T_C_b38	3	6.86206e-04	-3.104e-01	8.125e-02
chr16_82138003_G_A_b38	3	6.86206e-04	-3.104e-01	8.125e-02
chr16_82138746_T_C_b38	3	6.86206e-04	-3.104e-01	8.125e-02
chr16_82138636_C_T_b38	3	6.86206e-04	-3.104e-01	8.125e-02
chr16_82137762_T_C_b38	3	6.86206e-04	-3.104e-01	8.125e-02
chr16_82138745_T_A_b38	3	6.86206e-04	-3.104e-01	8.125e-02
chr16_82139538_C_G_b38	3	6.86206e-04	-3.104e-01	8.125e-02
chr16_82133394_G_C_b38	3	6.57606e-04	-2.591e-01	6.653e-02
chr16_82153706_G_T_b38	3	6.49760e-04	-2.867e-01	8.371e-02
chr16_82121014_G_A_b38	3	6.21443e-04	2.401e-01	6.323e-02
chr16_82135930_C_G_b38	3	5.95854e-04	-2.519e-01	6.525e-02
chr16_82136343_C_G_b38	3	5.95854e-04	-2.519e-01	6.525e-02
chr16_82135224_T_C_b38	3	4.20331e-04	-3.156e-01	8.474e-02
chr16_82136912_C_T_b38	3	8.75265e-05	-2.416e-01	6.567e-02
chr16_82170192_C_A_b38	4	2.64091e-02	2.770e-01	1.555e-01
chr16_82169975_G_A_b38	4	2.36787e-02	2.557e-01	1.538e-01
chr16_82170604_T_C_b38	4	1.11736e-02	1.471e-01	1.617e-01
chr16_82172364_T_C_b38	4	3.29538e-03	2.860e-01	1.545e-01
chr16_82171396_G_A_b38	4	3.29538e-03	2.860e-01	1.545e-01
chr16_82171748_G_C_b38	4	3.29538e-03	2.860e-01	1.545e-01
chr16_82168533_C_T_b38	4	2.52282e-03	2.709e-01	1.549e-01
chr16_82165735_C_T_b38	4	1.53966e-03	3.003e-01	1.514e-01
chr16_82175100_G_C_b38	4	1.52529e-03	3.220e-01	1.522e-01
chr16_82175089_C_T_b38	4	1.52529e-03	3.220e-01	1.522e-01
chr16_82173337_G_A_b38	4	1.52529e-03	3.220e-01	1.522e-01
chr16_82166651_CAGTGAA_C_b38	4	1.51327e-03	2.986e-01	1.515e-01
chr16_82166163_A_C_b38	4	1.51327e-03	2.986e-01	1.515e-01
chr16_82167103_T_C_b38	4	1.51327e-03	2.986e-01	1.515e-01
chr16_82167093_TGAGTA_T_b38	4	1.51327e-03	2.986e-01	1.515e-01
chr16_82167102_G_A_b38	4	1.51327e-03	2.986e-01	1.515e-01
chr16_82172623_C_T_b38	4	1.50296e-03	2.090e-01	1.520e-01
chr16_82173778_C_G_b38	4	6.00993e-04	2.054e-01	1.520e-01
chr16_82174191_A_G_b38	4	6.00993e-04	2.054e-01	1.520e-01
chr16_82160979_G_A_b38	4	5.23950e-04	2.746e-01	1.532e-01
chr16_82164733_A_G_b38	4	5.23950e-04	2.746e-01	1.532e-01
chr16_82162797_C_T_b38	4	4.47089e-04	2.431e-01	1.353e-01
chr16_82167914_G_C_b38	4	2.93138e-04	3.472e-02	9.977e-02
chr16_82168956_C_G_b38	4	2.93138e-04	3.472e-02	9.977e-02
chr16_82168249_T_A_b38	4	2.93138e-04	3.472e-02	9.977e-02
chr16_82175612_C_T_b38	4	2.48677e-04	1.853e-01	1.464e-01
chr16_82164659_G_T_b38	4	2.05919e-04	2.188e-01	1.379e-01
chr16_82157995_C_G_b38	4	1.24474e-04	3.409e-01	1.257e-01
chr16_82159695_C_T_b38	4	1.24474e-04	3.409e-01	1.257e-01
chr16_82159373_A_G_b38	4	1.24474e-04	3.409e-01	1.257e-01
chr16_82158610_G_A_b38	4	1.24474e-04	3.409e-01	1.257e-01
chr16_82158116_G_A_b38	4	1.24474e-04	3.409e-01	1.257e-01
chr16_82156129_T_C_b38	4	6.06157e-05	3.403e-01	1.314e-01
chr16_82183201_A_ACTT_b38	4	4.49499e-05	3.360e-01	1.347e-01
chr16_82182024_A_C_b38	4	4.24090e-05	0.000e+00	0.000e+00
chr16_82155682_T_C_b38	4	3.89519e-05	0.000e+00	0.000e+00
chr16_82153662_C_T_b38	4	3.89519e-05	0.000e+00	0.000e+00
chr16_82154807_C_G_b38	4	3.89519e-05	0.000e+00	0.000e+00
chr16_82155881_G_C_b38	4	3.89519e-05	0.000e+00	0.000e+00
chr16_82155829_C_T_b38	4	3.89519e-05	0.000e+00	0.000e+00
chr16_82154617_C_CA_b38	4	3.89519e-05	0.000e+00	0.000e+00
chr16_82159062_C_G_b38	4	3.89519e-05	0.000e+00	0.000e+00
chr16_82161237_A_G_b38	4	3.26877e-05	0.000e+00	0.000e+00
chr16_82160973_A_AAGG_b38	4	3.26877e-05	0.000e+00	0.000e+00
chr16_82182670_A_G_b38	4	2.16386e-05	0.000e+00	0.000e+00
chr16_82180194_A_C_b38	5	4.43313e-05	0.000e+00	0.000e+00
chr16_82179537_C_A_b38	5	1.30442e-06	0.000e+00	0.000e+00
chr16_82186069_T_C_b38	5	5.88200e-34	0.000e+00	0.000e+00
chr16_82187541_C_T_b38	5	5.87095e-34	0.000e+00	0.000e+00
chr16_82186648_C_G_b38	5	4.28176e-34	0.000e+00	0.000e+00
chr16_82186133_A_G_b38	5	3.93237e-34	0.000e+00	0.000e+00
