chr1_37949835_A_G_b38	1	2.10489e-01	-1.485e-01	2.052e-02
chr1_37996149_C_T_b38	1	1.63804e-01	-1.457e-01	2.113e-02
chr1_37944649_G_A_b38	1	1.14213e-01	-1.453e-01	2.035e-02
chr1_37979982_T_A_b38	1	1.12480e-01	1.439e-01	2.063e-02
chr1_37942492_G_A_b38	1	9.03234e-02	-1.483e-01	2.087e-02
chr1_37997832_C_T_b38	1	4.04534e-02	1.402e-01	2.104e-02
chr1_37931697_C_T_b38	1	3.65279e-02	-1.478e-01	2.124e-02
chr1_37932916_T_C_b38	1	3.65279e-02	-1.478e-01	2.124e-02
chr1_37931669_G_A_b38	1	3.65279e-02	-1.478e-01	2.124e-02
chr1_37934886_C_T_b38	1	2.87491e-02	-1.479e-01	2.134e-02
chr1_37939686_A_G_b38	1	1.53432e-02	-1.458e-01	2.136e-02
chr1_37941474_A_G_b38	1	1.33215e-02	-1.450e-01	2.132e-02
chr1_37942291_G_A_b38	1	1.33215e-02	-1.450e-01	2.132e-02
chr1_37936787_G_A_b38	1	1.33215e-02	-1.450e-01	2.132e-02
chr1_37941342_C_T_b38	1	1.33215e-02	-1.450e-01	2.132e-02
chr1_37939585_T_C_b38	1	1.33215e-02	-1.450e-01	2.132e-02
chr1_37943174_A_G_b38	1	1.10765e-02	-1.449e-01	2.140e-02
chr1_37943196_C_G_b38	1	1.10765e-02	-1.449e-01	2.140e-02
chr1_37986909_A_G_b38	1	6.82633e-03	1.305e-01	2.054e-02
chr1_37968634_G_A_b38	1	6.59901e-03	1.348e-01	2.069e-02
chr1_37990219_G_C_b38	1	5.61715e-03	-1.317e-01	2.082e-02
chr1_37979077_T_C_b38	1	3.93755e-03	1.320e-01	2.055e-02
chr1_37990434_G_A_b38	1	2.36725e-03	1.295e-01	2.098e-02
chr1_38009870_G_C_b38	2	2.64140e-01	-7.350e-02	2.359e-02
chr1_38010195_TATC_T_b38	2	1.98047e-02	-5.312e-02	2.206e-02
chr1_38006428_A_G_b38	2	4.17050e-03	5.959e-02	2.766e-02
chr1_38007266_G_A_b38	2	3.06070e-03	-4.879e-02	2.470e-02
chr1_38008415_G_C_b38	3	2.02691e-02	-7.740e-02	2.839e-02
chr1_38008470_C_T_b38	3	1.85437e-02	-6.678e-02	2.434e-02
chr1_38007791_C_T_b38	3	7.88257e-03	-7.059e-02	2.732e-02
chr1_38009097_G_A_b38	4	1.45755e-03	7.904e-02	4.991e-02
chr1_38008356_C_T_b38	4	5.05185e-04	-8.387e-02	5.941e-02
chr1_38002404_A_G_b38	4	2.43091e-04	1.232e-01	5.272e-02
chr1_38014036_C_T_b38	4	1.36303e-04	-8.732e-02	4.549e-02
chr1_38017427_C_A_b38	4	5.60361e-05	-8.598e-02	4.571e-02
chr1_38057373_G_T_b38	4	2.64019e-05	-1.034e-01	4.008e-02
chr1_38053013_T_C_b38	4	2.64019e-05	-1.034e-01	4.008e-02
chr1_38051797_C_T_b38	4	2.50356e-05	-1.032e-01	4.040e-02
chr1_38020382_G_A_b38	4	1.96151e-05	-9.431e-02	4.524e-02
chr1_38032898_A_G_b38	4	1.93081e-05	-9.297e-02	4.482e-02
chr1_38051780_G_C_b38	4	1.27010e-05	0.000e+00	0.000e+00
chr1_38034926_G_A_b38	4	5.30523e-11	0.000e+00	0.000e+00
chr1_38060338_T_G_b38	4	3.38083e-11	0.000e+00	0.000e+00
chr1_38064198_C_G_b38	4	3.01020e-11	0.000e+00	0.000e+00
chr1_38063435_G_A_b38	4	3.01020e-11	0.000e+00	0.000e+00
chr1_38064196_G_T_b38	4	3.01020e-11	0.000e+00	0.000e+00
chr1_38075468_T_A_b38	4	2.10344e-11	0.000e+00	0.000e+00
chr1_38067412_T_C_b38	4	2.10344e-11	0.000e+00	0.000e+00
chr1_38071265_C_G_b38	4	2.10344e-11	0.000e+00	0.000e+00
chr1_38067047_G_C_b38	4	2.10344e-11	0.000e+00	0.000e+00
chr1_38083705_T_A_b38	4	2.10344e-11	0.000e+00	0.000e+00
chr1_38073205_G_C_b38	4	2.10344e-11	0.000e+00	0.000e+00
chr1_38064447_C_T_b38	4	2.10344e-11	0.000e+00	0.000e+00
