chr13_32506943_CAG_C_b38	1	1.50238e-01	-1.110e-01	2.754e-02
chr13_32500537_C_A_b38	1	6.20938e-02	-1.124e-01	2.746e-02
chr13_32518792_C_T_b38	1	5.64220e-02	-1.111e-01	2.753e-02
chr13_32517104_G_C_b38	1	5.64220e-02	-1.111e-01	2.753e-02
chr13_32527680_C_T_b38	1	2.55289e-02	-1.110e-01	2.751e-02
chr13_32551236_C_G_b38	1	1.68259e-02	-1.095e-01	2.620e-02
chr13_32552728_TG_T_b38	1	1.65567e-02	-1.128e-01	2.702e-02
chr13_32496990_G_C_b38	1	1.41910e-02	-1.061e-01	2.741e-02
chr13_32491306_T_G_b38	1	1.32600e-02	-1.047e-01	2.719e-02
chr13_32486433_T_C_b38	1	1.32600e-02	-1.047e-01	2.719e-02
chr13_32548658_T_C_b38	1	1.29341e-02	-1.129e-01	2.747e-02
chr13_32549791_C_T_b38	1	1.29341e-02	-1.129e-01	2.747e-02
chr13_32491021_T_C_b38	1	1.08312e-02	-1.023e-01	2.698e-02
chr13_32552600_A_C_b38	1	1.03428e-02	-1.061e-01	2.619e-02
chr13_32551069_G_A_b38	1	1.03428e-02	-1.061e-01	2.619e-02
chr13_32552711_A_G_b38	1	1.03428e-02	-1.061e-01	2.619e-02
chr13_32551937_T_C_b38	1	1.03428e-02	-1.061e-01	2.619e-02
chr13_32492975_T_A_b38	1	9.66590e-03	-1.020e-01	2.713e-02
chr13_32635500_C_T_b38	1	9.14342e-03	-1.252e-01	2.658e-02
chr13_32637910_T_G_b38	1	9.14342e-03	-1.252e-01	2.658e-02
chr13_32495051_C_T_b38	1	6.47148e-03	-9.827e-02	2.698e-02
chr13_32608003_G_A_b38	1	6.39337e-03	-1.154e-01	2.743e-02
chr13_32563835_G_A_b38	1	6.03642e-03	-1.097e-01	2.618e-02
chr13_32631522_C_T_b38	1	5.61040e-03	-1.221e-01	2.656e-02
chr13_32658870_A_G_b38	1	5.44751e-03	-1.215e-01	2.646e-02
chr13_32697637_C_T_b38	1	5.30286e-03	-1.213e-01	2.646e-02
chr13_32718252_A_G_b38	1	5.30286e-03	-1.213e-01	2.646e-02
chr13_32484196_G_A_b38	1	5.04651e-03	-1.047e-01	2.718e-02
chr13_32483208_G_T_b38	1	5.04651e-03	-1.047e-01	2.718e-02
chr13_32468733_G_A_b38	1	5.04651e-03	-1.047e-01	2.718e-02
chr13_32473853_A_G_b38	1	5.04651e-03	-1.047e-01	2.718e-02
chr13_32473678_T_G_b38	1	5.04651e-03	-1.047e-01	2.718e-02
chr13_32557205_A_G_b38	1	4.30545e-03	-9.842e-02	2.585e-02
chr13_32692147_T_C_b38	1	4.25399e-03	-1.164e-01	2.569e-02
chr13_32617419_C_T_b38	1	4.22148e-03	-1.133e-01	2.502e-02
chr13_32634035_C_T_b38	1	3.89081e-03	-1.199e-01	2.660e-02
chr13_32589512_A_G_b38	1	3.61092e-03	-1.118e-01	2.759e-02
chr13_32569227_C_T_b38	1	3.01871e-03	-1.099e-01	2.745e-02
chr13_32607532_G_A_b38	1	2.99532e-03	-1.100e-01	2.748e-02
chr13_32634669_C_T_b38	1	2.94061e-03	-1.169e-01	2.633e-02
chr13_32684839_T_C_b38	1	2.84379e-03	-1.139e-01	2.569e-02
chr13_32563248_AT_A_b38	1	2.80610e-03	-1.048e-01	2.630e-02
chr13_32716077_A_G_b38	1	2.80204e-03	-1.146e-01	2.587e-02
chr13_32641495_T_A_b38	1	2.76591e-03	-1.173e-01	2.651e-02
chr13_32668398_A_T_b38	1	2.76591e-03	-1.173e-01	2.651e-02
chr13_32684870_T_G_b38	1	2.57865e-03	-1.134e-01	2.573e-02
chr13_32734230_TTG_T_b38	1	2.55437e-03	-1.163e-01	2.640e-02
chr13_32734227_A_C_b38	1	2.55437e-03	-1.163e-01	2.640e-02
chr13_32722093_G_A_b38	1	2.55437e-03	-1.163e-01	2.640e-02
chr13_32754487_C_A_b38	1	2.55437e-03	-1.163e-01	2.640e-02
chr13_32572075_G_T_b38	1	2.49636e-03	-1.084e-01	2.742e-02
chr13_32693515_A_G_b38	1	2.43760e-03	-1.164e-01	2.648e-02
chr13_32664595_A_G_b38	1	2.43760e-03	-1.164e-01	2.648e-02
chr13_32684928_A_G_b38	1	2.43760e-03	-1.164e-01	2.648e-02
chr13_32634429_A_C_b38	1	2.42187e-03	-1.104e-01	2.514e-02
chr13_32561287_C_T_b38	1	2.39174e-03	-1.018e-01	2.584e-02
chr13_32569269_G_A_b38	1	2.38401e-03	-1.088e-01	2.762e-02
chr13_32716596_G_A_b38	1	2.37040e-03	-1.162e-01	2.648e-02
chr13_32653261_C_T_b38	1	2.37040e-03	-1.162e-01	2.648e-02
chr13_32629519_G_A_b38	1	2.36167e-03	-1.106e-01	2.521e-02
chr13_32635421_A_G_b38	1	2.32830e-03	-1.097e-01	2.504e-02
chr13_32614414_T_C_b38	1	2.31764e-03	-1.103e-01	2.517e-02
chr13_32622239_T_G_b38	1	2.31764e-03	-1.103e-01	2.517e-02
chr13_32616733_T_C_b38	1	2.31764e-03	-1.103e-01	2.517e-02
chr13_32707695_T_G_b38	1	2.29536e-03	-1.161e-01	2.651e-02
chr13_32628998_G_A_b38	1	2.16119e-03	-1.094e-01	2.507e-02
chr13_32694914_G_A_b38	1	2.10980e-03	-1.151e-01	2.641e-02
chr13_32603556_G_T_b38	1	2.00907e-03	-1.011e-01	2.598e-02
chr13_32609266_G_A_b38	1	1.99754e-03	-1.001e-01	2.574e-02
chr13_32633397_G_A_b38	1	1.98660e-03	-1.094e-01	2.520e-02
chr13_32635067_A_G_b38	1	1.98660e-03	-1.094e-01	2.520e-02
chr13_32635578_A_G_b38	1	1.98660e-03	-1.094e-01	2.520e-02
chr13_32573411_T_G_b38	1	1.98123e-03	-1.019e-01	2.621e-02
chr13_32574079_T_A_b38	1	1.98123e-03	-1.019e-01	2.621e-02
chr13_32573751_T_G_b38	1	1.98123e-03	-1.019e-01	2.621e-02
chr13_32572915_C_T_b38	1	1.98123e-03	-1.019e-01	2.621e-02
chr13_32604393_A_G_b38	1	1.93528e-03	-1.013e-01	2.611e-02
chr13_32607688_CTGGGG_C_b38	1	1.93528e-03	-1.013e-01	2.611e-02
chr13_32607272_T_C_b38	1	1.93528e-03	-1.013e-01	2.611e-02
chr13_32607005_T_C_b38	1	1.93528e-03	-1.013e-01	2.611e-02
chr13_32604161_G_A_b38	1	1.93528e-03	-1.013e-01	2.611e-02
chr13_32603431_T_C_b38	1	1.93528e-03	-1.013e-01	2.611e-02
chr13_32606472_A_C_b38	1	1.93528e-03	-1.013e-01	2.611e-02
chr13_32496369_G_A_b38	1	1.88256e-03	-8.327e-02	2.560e-02
chr13_32568660_A_G_b38	1	1.87311e-03	-1.019e-01	2.631e-02
chr13_32640864_G_C_b38	1	1.84398e-03	-1.086e-01	2.513e-02
chr13_32587322_G_T_b38	1	1.77806e-03	-1.011e-01	2.620e-02
chr13_32684365_T_C_b38	1	1.72313e-03	-1.085e-01	2.519e-02
chr13_32627829_C_T_b38	1	1.71943e-03	-1.100e-01	2.554e-02
chr13_32571325_C_T_b38	1	1.66438e-03	-1.090e-01	2.843e-02
chr13_32649581_A_T_b38	1	1.66195e-03	-1.083e-01	2.521e-02
chr13_32708264_G_A_b38	1	1.64752e-03	-1.074e-01	2.500e-02
chr13_32716309_T_C_b38	1	1.64752e-03	-1.074e-01	2.500e-02
chr13_32630605_T_C_b38	1	1.63188e-03	-1.081e-01	2.518e-02
chr13_32645674_G_T_b38	1	1.62315e-03	-1.075e-01	2.506e-02
chr13_32702949_C_T_b38	1	1.62315e-03	-1.075e-01	2.506e-02
chr13_32692896_TTTTTA_T_b38	1	1.62315e-03	-1.075e-01	2.506e-02
chr13_32658936_TA_T_b38	1	1.62315e-03	-1.075e-01	2.506e-02
chr13_32682061_T_G_b38	1	1.62315e-03	-1.075e-01	2.506e-02
chr13_32687527_C_A_b38	1	1.62315e-03	-1.075e-01	2.506e-02
chr13_32681234_G_C_b38	1	1.62315e-03	-1.075e-01	2.506e-02
chr13_32589796_T_TTTTAAG_b38	1	1.61213e-03	-9.938e-02	2.595e-02
chr13_32586568_C_A_b38	1	1.57888e-03	-9.884e-02	2.585e-02
chr13_32640516_A_G_b38	1	1.56771e-03	-1.079e-01	2.520e-02
chr13_32566660_CTA_C_b38	1	1.56200e-03	-1.019e-01	2.670e-02
chr13_32721299_C_T_b38	1	1.55928e-03	-1.068e-01	2.495e-02
chr13_32716649_C_T_b38	1	1.55462e-03	-1.091e-01	2.550e-02
chr13_32601656_G_T_b38	1	1.53501e-03	-1.001e-01	2.624e-02
chr13_32589242_TA_T_b38	1	1.53501e-03	-1.001e-01	2.624e-02
chr13_32590281_G_A_b38	1	1.53501e-03	-1.001e-01	2.624e-02
chr13_32585301_C_T_b38	1	1.53501e-03	-1.001e-01	2.624e-02
chr13_32602049_AAAAC_A_b38	1	1.53501e-03	-1.001e-01	2.624e-02
chr13_32589901_T_TC_b38	1	1.53501e-03	-1.001e-01	2.624e-02
chr13_32509234_G_C_b38	2	1.51588e-02	4.036e-02	4.041e-02
chr13_32511332_T_G_b38	2	2.13562e-03	4.372e-02	4.116e-02
chr13_32515276_T_A_b38	2	7.90241e-04	5.009e-02	3.927e-02
chr13_32499556_C_T_b38	2	6.63770e-04	4.854e-02	3.993e-02
chr13_32694436_T_C_b38	2	5.68243e-04	-1.087e-01	2.812e-02
chr13_32712564_T_C_b38	2	5.54922e-04	-1.079e-01	2.798e-02
chr13_32525184_C_T_b38	2	3.37915e-04	5.007e-02	3.946e-02
chr13_32499341_C_G_b38	2	3.37466e-04	4.950e-02	3.956e-02
chr13_32521483_G_A_b38	2	2.80182e-04	4.401e-02	4.044e-02
chr13_32488018_C_T_b38	2	2.03508e-04	3.038e-02	4.148e-02
chr13_32487100_A_G_b38	2	2.03508e-04	3.038e-02	4.148e-02
chr13_32494609_C_A_b38	2	1.98770e-04	2.915e-02	4.181e-02
chr13_32487582_C_G_b38	2	1.66323e-04	1.626e-02	4.355e-02
chr13_32486254_C_G_b38	2	1.66121e-04	1.555e-02	4.370e-02
chr13_32470689_A_C_b38	2	1.16129e-04	-5.840e-02	3.452e-02
chr13_32484159_C_CA_b38	2	1.14890e-04	5.797e-02	3.457e-02
chr13_32541217_C_T_b38	2	1.04807e-04	5.656e-02	3.550e-02
chr13_32547870_C_T_b38	2	1.04807e-04	-5.656e-02	3.550e-02
chr13_32546119_G_C_b38	2	1.04695e-04	-5.637e-02	3.563e-02
chr13_32471772_A_G_b38	2	8.67370e-05	-5.141e-02	3.566e-02
chr13_32467488_A_G_b38	2	6.72952e-05	-4.446e-02	3.753e-02
chr13_32468665_T_C_b38	2	6.72952e-05	-4.446e-02	3.753e-02
chr13_32474278_C_T_b38	2	6.52620e-05	-4.326e-02	3.745e-02
chr13_32462523_G_A_b38	2	5.87221e-05	3.373e-02	4.332e-02
chr13_32472147_A_T_b38	2	5.76003e-05	-3.963e-02	3.827e-02
chr13_32473686_C_G_b38	2	5.11842e-05	-3.474e-02	3.998e-02
chr13_32471502_G_A_b38	2	4.52133e-05	-2.861e-02	4.159e-02
