chr6_155254297_C_T_b38	1	3.78063e-01	3.457e-01	3.771e-02
chr6_155252700_T_C_b38	1	3.36280e-01	3.407e-01	3.785e-02
chr6_155260701_T_G_b38	1	3.50994e-02	-3.360e-01	3.765e-02
chr6_155253344_G_A_b38	1	3.41572e-02	3.359e-01	3.763e-02
chr6_155246749_A_G_b38	1	2.91501e-02	3.335e-01	3.766e-02
chr6_155254473_G_A_b38	1	2.48715e-02	3.318e-01	3.769e-02
chr6_155265464_A_C_b38	1	2.25254e-02	-3.360e-01	3.764e-02
chr6_155247747_A_G_b38	1	1.78018e-02	3.303e-01	3.752e-02
chr6_155258112_A_C_b38	1	1.59303e-02	-3.292e-01	3.768e-02
chr6_155254733_G_A_b38	1	1.56674e-02	3.292e-01	3.768e-02
chr6_155244610_T_C_b38	1	1.27487e-02	3.341e-01	3.741e-02
chr6_155256240_T_C_b38	1	1.14143e-02	-3.232e-01	3.820e-02
chr6_155252197_A_G_b38	1	1.13583e-02	3.290e-01	3.749e-02
chr6_155266575_T_G_b38	1	1.13469e-02	-3.360e-01	3.763e-02
chr6_155266568_T_C_b38	1	1.13469e-02	-3.360e-01	3.763e-02
chr6_155242707_G_A_b38	1	9.71572e-03	3.353e-01	3.763e-02
chr6_155258900_CTGA_C_b38	1	8.08156e-03	-3.302e-01	3.817e-02
chr6_155256689_C_T_b38	1	5.78459e-03	-3.196e-01	3.822e-02
chr6_155257622_A_T_b38	1	4.50679e-03	-3.266e-01	3.813e-02
chr6_155254412_C_G_b38	1	4.00617e-03	3.263e-01	3.816e-02
chr6_155248580_A_G_b38	1	1.25367e-06	0.000e+00	0.000e+00
chr6_155257465_A_T_b38	1	1.11064e-06	0.000e+00	0.000e+00
chr6_155310999_T_C_b38	2	9.99529e-01	6.577e-01	1.006e-01
chr6_155257384_A_ATT_b38	3	1.88029e-02	-1.020e-01	1.893e-01
chr6_155260763_A_G_b38	3	5.94109e-03	-1.788e-01	1.621e-01
chr6_155261216_G_A_b38	3	4.93298e-03	-1.176e-01	1.841e-01
chr6_155253293_A_G_b38	3	4.76516e-03	-1.176e-01	1.841e-01
chr6_155265462_G_A_b38	3	3.61150e-03	-1.579e-01	1.611e-01
chr6_155261814_C_G_b38	3	3.61150e-03	-1.579e-01	1.611e-01
chr6_155252141_C_T_b38	3	3.41692e-03	5.792e-02	1.935e-01
chr6_155264734_G_A_b38	3	3.07682e-03	-1.149e-01	1.858e-01
chr6_155246000_A_G_b38	3	1.70561e-03	-1.750e-01	1.661e-01
chr6_155238778_A_G_b38	3	1.70561e-03	-1.750e-01	1.661e-01
chr6_155240164_A_G_b38	3	1.70561e-03	-1.750e-01	1.661e-01
chr6_155243789_G_T_b38	3	1.70561e-03	-1.750e-01	1.661e-01
chr6_155281448_G_T_b38	3	1.62154e-03	-1.958e-01	7.650e-02
chr6_155275566_T_C_b38	3	1.62154e-03	-1.958e-01	7.650e-02
chr6_155272265_G_A_b38	3	1.62154e-03	-1.958e-01	7.650e-02
chr6_155267134_C_T_b38	3	1.49066e-03	-1.119e-01	1.876e-01
chr6_155239360_A_G_b38	3	1.27923e-03	-9.890e-02	1.938e-01
chr6_155241041_T_C_b38	3	1.26874e-03	-8.121e-02	1.963e-01
chr6_155277008_T_C_b38	3	1.08189e-03	-7.545e-02	1.928e-01
chr6_155300867_C_T_b38	3	8.92980e-04	-2.762e-01	9.957e-02
chr6_155270950_T_G_b38	3	7.09429e-04	-1.139e-01	1.091e-01
chr6_155286985_G_A_b38	3	5.03870e-04	-2.364e-01	9.229e-02
chr6_155295763_T_C_b38	3	5.03870e-04	-2.364e-01	9.229e-02
chr6_155299762_T_C_b38	3	5.03870e-04	-2.364e-01	9.229e-02
chr6_155302490_G_A_b38	3	3.98049e-04	-1.026e-01	1.890e-01
chr6_155298299_G_A_b38	3	3.63442e-04	-2.069e-01	8.562e-02
chr6_155298841_T_A_b38	3	3.63442e-04	-2.069e-01	8.562e-02
chr6_155287532_ACTC_A_b38	3	3.63442e-04	-2.069e-01	8.562e-02
chr6_155304155_G_A_b38	3	2.32692e-04	-9.752e-03	1.701e-01
chr6_155337857_G_A_b38	3	1.41957e-04	2.042e-01	8.688e-02
chr6_155348319_C_T_b38	3	1.41957e-04	2.042e-01	8.688e-02
chr6_155339749_A_G_b38	3	1.41957e-04	2.042e-01	8.688e-02
chr6_155343498_A_G_b38	3	1.41957e-04	2.042e-01	8.688e-02
chr6_155355844_G_A_b38	3	1.41957e-04	2.042e-01	8.688e-02
chr6_155337482_G_C_b38	3	1.41957e-04	2.042e-01	8.688e-02
chr6_155345526_G_T_b38	3	1.41957e-04	2.042e-01	8.688e-02
chr6_155351545_A_T_b38	3	1.41957e-04	2.042e-01	8.688e-02
chr6_155333582_G_C_b38	3	5.31655e-18	0.000e+00	0.000e+00
chr6_155332571_G_C_b38	3	5.29901e-18	0.000e+00	0.000e+00
chr6_155314910_T_C_b38	3	5.14551e-18	0.000e+00	0.000e+00
chr6_155313533_T_C_b38	3	4.97586e-18	0.000e+00	0.000e+00
chr6_155211831_C_T_b38	4	7.04663e-04	1.332e-01	3.977e-02
chr6_155213330_G_A_b38	4	1.69769e-04	1.214e-01	4.148e-02
chr6_155220589_TTC_T_b38	4	1.43476e-04	1.169e-01	3.979e-02
chr6_155215071_C_T_b38	4	6.40509e-05	1.056e-01	3.850e-02
chr6_155215472_C_T_b38	4	1.67579e-05	0.000e+00	0.000e+00
chr6_155211555_A_G_b38	4	7.25963e-06	0.000e+00	0.000e+00
chr6_155206600_C_T_b38	4	5.83368e-06	0.000e+00	0.000e+00
chr6_155206514_T_C_b38	4	3.58800e-06	0.000e+00	0.000e+00
chr6_155205082_G_C_b38	4	3.27983e-17	0.000e+00	0.000e+00
chr6_155204787_C_T_b38	4	2.98065e-17	0.000e+00	0.000e+00
chr6_155196538_C_T_b38	4	2.89977e-17	0.000e+00	0.000e+00
chr6_155199515_C_T_b38	4	2.52600e-17	0.000e+00	0.000e+00
chr6_155200554_C_T_b38	4	2.48914e-17	0.000e+00	0.000e+00
