chr8_144012260_G_C_b38	1	9.43271e-02	-1.662e-01	3.874e-02
chr8_143930776_T_C_b38	1	8.32757e-02	-2.120e-01	3.936e-02
chr8_143989244_T_C_b38	1	7.74518e-02	-1.936e-01	3.991e-02
chr8_143993894_A_G_b38	1	7.41816e-02	-1.934e-01	3.995e-02
chr8_143997574_TC_T_b38	1	6.23220e-02	-1.918e-01	3.997e-02
chr8_144010325_T_C_b38	1	4.30877e-02	-1.661e-01	3.873e-02
chr8_143969936_C_T_b38	1	2.64970e-02	-1.986e-01	4.087e-02
chr8_143984818_A_G_b38	1	2.57505e-02	-1.875e-01	3.868e-02
chr8_143954337_C_CG_b38	1	2.48044e-02	-1.990e-01	3.897e-02
chr8_144018753_T_C_b38	1	2.21287e-02	-1.681e-01	3.897e-02
chr8_144007080_A_G_b38	1	2.09515e-02	-1.689e-01	3.886e-02
chr8_144008019_C_T_b38	1	1.74925e-02	-1.706e-01	4.111e-02
chr8_144005133_T_C_b38	1	1.67871e-02	-1.660e-01	3.870e-02
chr8_144005366_C_G_b38	1	1.67871e-02	-1.660e-01	3.870e-02
chr8_143997820_T_C_b38	1	1.34557e-02	-1.700e-01	3.876e-02
chr8_143995638_G_A_b38	1	1.25721e-02	-1.761e-01	4.008e-02
chr8_144001535_C_T_b38	1	1.25721e-02	-1.761e-01	4.008e-02
chr8_143996399_G_C_b38	1	1.25721e-02	-1.761e-01	4.008e-02
chr8_143995366_C_T_b38	1	1.25721e-02	-1.761e-01	4.008e-02
chr8_144002361_C_A_b38	1	1.25721e-02	-1.761e-01	4.008e-02
chr8_143998371_T_C_b38	1	1.25721e-02	-1.761e-01	4.008e-02
chr8_144001249_T_C_b38	1	1.25721e-02	-1.761e-01	4.008e-02
chr8_143999495_C_T_b38	1	1.25721e-02	-1.761e-01	4.008e-02
chr8_144000284_T_C_b38	1	1.23752e-02	-1.679e-01	3.848e-02
chr8_143993299_G_T_b38	1	1.09685e-02	-1.677e-01	3.868e-02
chr8_143994959_A_AG_b38	1	1.08152e-02	-1.663e-01	3.840e-02
chr8_143991836_C_G_b38	1	1.03233e-02	-1.678e-01	3.883e-02
chr8_143995983_G_A_b38	1	9.30373e-03	-1.659e-01	3.867e-02
chr8_143994321_AG_A_b38	1	9.30373e-03	-1.659e-01	3.867e-02
chr8_144000513_A_G_b38	1	9.30373e-03	-1.659e-01	3.867e-02
chr8_144001645_A_G_b38	1	9.30373e-03	-1.659e-01	3.867e-02
chr8_144002406_T_G_b38	1	9.30373e-03	-1.659e-01	3.867e-02
chr8_144001463_T_C_b38	1	9.30373e-03	-1.659e-01	3.867e-02
chr8_143956732_TC_T_b38	1	7.90258e-03	-2.021e-01	4.167e-02
chr8_143992685_C_T_b38	1	7.74233e-03	-1.639e-01	3.862e-02
chr8_143965427_T_TCCACCTGGTCTGCCATCATGCCAGG_b38	1	6.34882e-03	-1.756e-01	3.916e-02
chr8_143954419_T_C_b38	1	4.93175e-03	-1.847e-01	3.911e-02
chr8_143977246_G_A_b38	1	4.18580e-03	-1.750e-01	3.984e-02
chr8_143976190_G_A_b38	1	4.18580e-03	-1.750e-01	3.984e-02
chr8_143995510_G_A_b38	1	4.15974e-03	-1.580e-01	3.868e-02
chr8_143996235_T_C_b38	1	4.15974e-03	-1.580e-01	3.868e-02
chr8_143966399_C_G_b38	1	3.77021e-03	-1.746e-01	4.007e-02
chr8_143938038_G_A_b38	1	3.64575e-03	-1.792e-01	3.856e-02
chr8_143972494_C_T_b38	1	3.15481e-03	-1.816e-01	4.203e-02
chr8_143966688_G_T_b38	1	3.13227e-03	-1.837e-01	4.251e-02
chr8_143967165_T_C_b38	1	2.94237e-03	-1.717e-01	4.002e-02
chr8_143936137_A_G_b38	1	2.66013e-03	-1.768e-01	3.868e-02
chr8_143983869_A_G_b38	1	2.55204e-03	-1.633e-01	3.843e-02
chr8_143982302_C_T_b38	1	2.55204e-03	-1.633e-01	3.843e-02
chr8_143987456_C_T_b38	1	2.55204e-03	-1.633e-01	3.843e-02
chr8_143985257_T_C_b38	1	2.55204e-03	-1.633e-01	3.843e-02
chr8_143973019_A_G_b38	1	2.51081e-03	-1.689e-01	3.976e-02
chr8_143976168_A_C_b38	1	2.43140e-03	-1.631e-01	3.847e-02
chr8_143977316_C_T_b38	1	2.40798e-03	-1.692e-01	3.987e-02
chr8_143987661_G_A_b38	1	2.38964e-03	-1.637e-01	3.869e-02
chr8_143958164_C_CTG_b38	1	2.38353e-03	-1.776e-01	3.910e-02
chr8_143970581_A_G_b38	1	2.36471e-03	-1.671e-01	3.950e-02
chr8_143976177_G_A_b38	1	2.26411e-03	-1.617e-01	3.829e-02
chr8_143977310_G_A_b38	1	2.26411e-03	-1.617e-01	3.829e-02
chr8_143957097_G_A_b38	1	2.19125e-03	-1.768e-01	3.912e-02
chr8_143948489_G_T_b38	1	2.17639e-03	-1.779e-01	3.936e-02
chr8_143985944_G_A_b38	1	2.10131e-03	-1.617e-01	3.852e-02
chr8_143961174_A_G_b38	1	2.08324e-03	-1.757e-01	3.897e-02
chr8_143965232_T_C_b38	1	2.02651e-03	-1.711e-01	4.080e-02
chr8_143935425_A_C_b38	1	1.94311e-03	-1.752e-01	3.902e-02
chr8_143936346_T_C_b38	1	1.94311e-03	-1.752e-01	3.902e-02
chr8_143963405_T_A_b38	1	1.91655e-03	-1.703e-01	4.074e-02
chr8_143980103_T_C_b38	1	1.82350e-03	-1.593e-01	3.830e-02
chr8_143952414_G_A_b38	1	1.66520e-03	-1.781e-01	3.996e-02
chr8_143947260_G_C_b38	1	1.63854e-03	-1.741e-01	3.912e-02
chr8_143957800_C_T_b38	1	1.44660e-03	-2.013e-01	4.542e-02
chr8_143958134_A_G_b38	1	1.44573e-03	-1.732e-01	3.921e-02
chr8_143965940_T_C_b38	1	1.37133e-03	-1.666e-01	4.076e-02
chr8_143982085_G_A_b38	1	1.34391e-03	-1.583e-01	3.881e-02
chr8_143939147_G_T_b38	1	1.27958e-03	-1.741e-01	3.965e-02
chr8_143962447_T_C_b38	1	1.21826e-03	-1.699e-01	3.888e-02
chr8_143946309_T_C_b38	1	1.20716e-03	-1.765e-01	4.034e-02
chr8_143938609_C_G_b38	1	1.15420e-03	-1.798e-01	4.119e-02
chr8_143949571_A_G_b38	1	1.15013e-03	-1.761e-01	4.037e-02
chr8_143934763_G_C_b38	1	1.09621e-03	-1.704e-01	3.925e-02
chr8_143939781_C_T_b38	1	1.03582e-03	-1.749e-01	4.034e-02
chr8_144012708_T_C_b38	2	1.53272e-02	2.784e-02	1.161e-01
chr8_144014218_T_C_b38	2	5.64531e-03	1.684e-01	1.264e-01
chr8_144013325_G_C_b38	2	4.73958e-03	2.489e-02	1.169e-01
chr8_144013864_G_A_b38	2	4.06583e-03	1.278e-01	1.289e-01
chr8_144016883_C_T_b38	2	2.35483e-03	1.272e-01	1.164e-01
chr8_144009993_T_C_b38	2	1.71540e-03	2.494e-02	1.171e-01
chr8_144016432_C_T_b38	2	1.45516e-03	7.536e-02	1.083e-01
chr8_144016306_C_A_b38	2	1.45516e-03	7.536e-02	1.083e-01
chr8_144018265_G_A_b38	2	1.19012e-03	1.039e-01	1.148e-01
chr8_144035614_C_A_b38	2	1.18006e-03	2.151e-01	1.207e-01
chr8_143990799_C_T_b38	2	8.67117e-04	1.789e-01	1.235e-01
chr8_144027068_A_T_b38	2	8.57346e-04	1.268e-01	7.399e-02
chr8_144026187_T_C_b38	2	6.71395e-04	1.197e-01	7.636e-02
chr8_144035101_CA_C_b38	2	5.71072e-04	1.121e-01	7.710e-02
chr8_144025789_G_A_b38	2	4.57545e-04	9.826e-02	7.861e-02
chr8_144037220_G_A_b38	2	4.32256e-04	1.110e-01	1.101e-01
chr8_143993680_G_A_b38	2	4.24093e-04	1.013e-01	1.268e-01
chr8_143997343_C_T_b38	2	3.92961e-04	9.057e-02	1.210e-01
chr8_143980087_C_T_b38	2	2.02705e-04	2.379e-01	1.029e-01
chr8_143979461_G_C_b38	2	2.02705e-04	2.379e-01	1.029e-01
chr8_143984184_G_T_b38	2	2.02705e-04	2.379e-01	1.029e-01
chr8_143982332_GGCGT_G_b38	2	2.02705e-04	2.379e-01	1.029e-01
chr8_143983684_C_T_b38	2	2.02705e-04	2.379e-01	1.029e-01
chr8_144038636_A_G_b38	2	2.66256e-05	1.237e-01	1.155e-01
chr8_144038611_A_G_b38	2	2.66256e-05	1.237e-01	1.155e-01
chr8_144038621_T_C_b38	2	2.66256e-05	1.237e-01	1.155e-01
chr8_144038631_G_T_b38	2	2.66256e-05	1.237e-01	1.155e-01
chr8_144038622_G_A_b38	2	2.66256e-05	1.237e-01	1.155e-01
chr8_144038635_C_T_b38	2	2.66256e-05	1.237e-01	1.155e-01
chr8_144038620_G_T_b38	2	2.66256e-05	1.237e-01	1.155e-01
chr8_144022738_AC_A_b38	3	2.02616e-04	1.898e-01	8.636e-02
chr8_144020258_C_G_b38	3	1.12812e-04	1.713e-01	8.726e-02
chr8_144035265_T_C_b38	3	1.02074e-04	2.070e-01	8.721e-02
chr8_144033395_G_A_b38	3	1.00075e-04	2.070e-01	8.721e-02
chr8_144030476_C_T_b38	3	6.29929e-05	1.734e-01	7.648e-02
chr8_144030162_A_G_b38	3	3.55317e-05	1.535e-01	7.562e-02
chr8_144030434_C_T_b38	3	3.55317e-05	1.535e-01	7.562e-02
