chr2_202912503_C_T_b38	1	1.62504e-01	-1.460e-01	2.818e-02
chr2_202913477_A_T_b38	1	6.99929e-02	-1.516e-01	2.820e-02
chr2_202917018_G_A_b38	1	4.72240e-02	-1.516e-01	2.820e-02
chr2_202908514_G_A_b38	1	4.63668e-02	-1.516e-01	2.820e-02
chr2_202910989_G_A_b38	1	3.12659e-02	-1.460e-01	2.818e-02
chr2_202910025_G_A_b38	1	3.12659e-02	-1.460e-01	2.818e-02
chr2_202910011_G_C_b38	1	3.12659e-02	-1.460e-01	2.818e-02
chr2_202910752_G_A_b38	1	3.12659e-02	-1.460e-01	2.818e-02
chr2_202915756_T_C_b38	1	1.91314e-02	-1.460e-01	2.818e-02
chr2_202915792_A_G_b38	1	1.91314e-02	-1.460e-01	2.818e-02
chr2_202908261_C_T_b38	1	1.87841e-02	-1.460e-01	2.818e-02
chr2_202908963_A_G_b38	1	1.87841e-02	-1.460e-01	2.818e-02
chr2_202901840_T_C_b38	1	1.32593e-02	-1.516e-01	2.820e-02
chr2_202929539_T_C_b38	1	1.31172e-02	-1.516e-01	2.820e-02
chr2_202922682_A_G_b38	1	1.31172e-02	-1.516e-01	2.820e-02
chr2_202933642_TC_T_b38	1	1.31172e-02	-1.516e-01	2.820e-02
chr2_202922089_A_G_b38	1	1.17361e-02	-1.460e-01	2.818e-02
chr2_202918761_G_A_b38	1	1.17361e-02	-1.460e-01	2.818e-02
chr2_202918286_C_T_b38	1	1.17361e-02	1.460e-01	2.818e-02
chr2_202904063_G_A_b38	1	1.03482e-02	-1.460e-01	2.818e-02
chr2_202906537_G_A_b38	1	1.03482e-02	-1.460e-01	2.818e-02
chr2_202905080_C_T_b38	1	1.03482e-02	-1.460e-01	2.818e-02
chr2_202904389_C_T_b38	1	1.03482e-02	-1.460e-01	2.818e-02
chr2_202906929_C_G_b38	1	1.03482e-02	-1.460e-01	2.818e-02
chr2_202960704_ACCTTCCCG_A_b38	1	9.25345e-03	-1.519e-01	2.765e-02
chr2_202900086_T_A_b38	1	5.37966e-03	-1.460e-01	2.818e-02
chr2_202893673_T_C_b38	1	5.37966e-03	-1.460e-01	2.818e-02
chr2_202887258_A_G_b38	1	5.37966e-03	-1.460e-01	2.818e-02
chr2_202893828_C_T_b38	1	5.37966e-03	-1.460e-01	2.818e-02
chr2_202893193_A_G_b38	1	5.37966e-03	-1.460e-01	2.818e-02
chr2_202898353_T_G_b38	1	5.37966e-03	-1.460e-01	2.818e-02
chr2_202901033_T_C_b38	1	5.37966e-03	-1.460e-01	2.818e-02
chr2_202893798_C_A_b38	1	5.37966e-03	-1.460e-01	2.818e-02
chr2_202891954_G_A_b38	1	5.37966e-03	-1.460e-01	2.818e-02
chr2_202896954_G_A_b38	1	5.37966e-03	-1.460e-01	2.818e-02
chr2_202888293_G_A_b38	1	5.37966e-03	-1.460e-01	2.818e-02
chr2_202888349_T_C_b38	1	5.37966e-03	-1.460e-01	2.818e-02
chr2_202896433_TA_T_b38	1	5.37966e-03	-1.460e-01	2.818e-02
chr2_202922397_A_G_b38	1	5.32198e-03	-1.460e-01	2.818e-02
chr2_202927189_G_A_b38	1	5.32198e-03	-1.460e-01	2.818e-02
chr2_202924227_T_C_b38	1	5.32198e-03	-1.460e-01	2.818e-02
chr2_202936503_T_G_b38	1	5.32198e-03	-1.460e-01	2.818e-02
chr2_202931039_G_A_b38	1	5.32198e-03	-1.460e-01	2.818e-02
chr2_202929716_G_A_b38	1	5.32198e-03	-1.460e-01	2.818e-02
chr2_202933595_C_T_b38	1	5.32198e-03	-1.460e-01	2.818e-02
chr2_202926166_T_C_b38	1	5.32198e-03	-1.460e-01	2.818e-02
chr2_202931264_T_G_b38	1	5.32198e-03	-1.460e-01	2.818e-02
chr2_202926610_G_A_b38	1	5.32198e-03	-1.460e-01	2.818e-02
chr2_202924956_C_T_b38	1	5.32198e-03	-1.460e-01	2.818e-02
chr2_202927905_A_G_b38	1	5.32198e-03	-1.460e-01	2.818e-02
chr2_202875247_T_G_b38	1	5.05502e-03	-1.516e-01	2.820e-02
chr2_202879887_G_A_b38	1	4.00573e-03	-1.546e-01	2.902e-02
chr2_202932091_C_G_b38	1	2.26277e-03	-1.400e-01	2.805e-02
chr2_202949971_A_T_b38	1	2.07599e-03	-1.460e-01	2.818e-02
chr2_202958677_C_T_b38	1	2.07599e-03	-1.460e-01	2.818e-02
chr2_202957070_T_C_b38	1	2.07599e-03	-1.460e-01	2.818e-02
chr2_202958168_C_G_b38	1	2.07599e-03	-1.460e-01	2.818e-02
chr2_202946905_G_A_b38	1	2.07599e-03	-1.460e-01	2.818e-02
chr2_202942360_A_T_b38	1	2.07599e-03	-1.460e-01	2.818e-02
chr2_202954748_A_G_b38	1	2.07599e-03	-1.460e-01	2.818e-02
chr2_202942001_C_T_b38	1	2.07599e-03	-1.460e-01	2.818e-02
chr2_202961673_G_A_b38	1	2.07599e-03	-1.460e-01	2.818e-02
chr2_202940829_G_A_b38	1	2.07599e-03	-1.460e-01	2.818e-02
chr2_202960383_A_G_b38	1	2.07599e-03	-1.460e-01	2.818e-02
chr2_202941206_C_G_b38	1	2.07599e-03	-1.460e-01	2.818e-02
chr2_202941714_GTTAATTTT_G_b38	1	2.07599e-03	-1.460e-01	2.818e-02
chr2_202939566_C_T_b38	1	2.07599e-03	-1.460e-01	2.818e-02
chr2_202951771_G_A_b38	1	2.07599e-03	-1.460e-01	2.818e-02
chr2_202947179_A_T_b38	1	2.07599e-03	-1.460e-01	2.818e-02
chr2_202947189_A_C_b38	1	2.07599e-03	-1.460e-01	2.818e-02
chr2_202944112_G_A_b38	1	2.07599e-03	-1.460e-01	2.818e-02
chr2_202865040_G_A_b38	1	2.05095e-03	-1.460e-01	2.818e-02
chr2_202880604_T_C_b38	1	2.05095e-03	-1.460e-01	2.818e-02
chr2_202875547_A_C_b38	1	2.05095e-03	-1.460e-01	2.818e-02
chr2_202877269_G_GGAAAA_b38	1	2.05095e-03	-1.460e-01	2.818e-02
chr2_202882093_A_G_b38	1	2.05095e-03	-1.460e-01	2.818e-02
chr2_202869642_A_T_b38	1	2.05095e-03	-1.460e-01	2.818e-02
chr2_202884053_T_C_b38	1	2.05095e-03	-1.460e-01	2.818e-02
chr2_202876138_T_C_b38	1	2.05095e-03	-1.460e-01	2.818e-02
chr2_202876639_A_T_b38	1	2.05095e-03	-1.460e-01	2.818e-02
chr2_202864454_C_G_b38	1	2.05095e-03	-1.460e-01	2.818e-02
chr2_202873941_G_A_b38	1	2.05095e-03	-1.460e-01	2.818e-02
chr2_202879722_G_A_b38	1	2.05095e-03	-1.460e-01	2.818e-02
chr2_202887209_C_G_b38	1	2.05095e-03	-1.460e-01	2.818e-02
chr2_202875287_C_T_b38	1	2.05095e-03	-1.460e-01	2.818e-02
chr2_202863724_G_A_b38	1	2.05095e-03	-1.460e-01	2.818e-02
chr2_202881162_T_C_b38	1	2.05095e-03	-1.460e-01	2.818e-02
chr2_202873047_A_G_b38	1	2.05095e-03	-1.460e-01	2.818e-02
chr2_202875133_C_G_b38	1	2.05095e-03	-1.460e-01	2.818e-02
chr2_202870143_C_A_b38	1	2.05095e-03	-1.460e-01	2.818e-02
chr2_202876075_C_T_b38	1	2.05095e-03	-1.460e-01	2.818e-02
chr2_202884716_T_C_b38	1	2.05095e-03	-1.460e-01	2.818e-02
chr2_202864261_C_T_b38	1	2.05095e-03	-1.460e-01	2.818e-02
chr2_202885549_C_T_b38	1	2.05095e-03	-1.460e-01	2.818e-02
chr2_202871528_C_G_b38	1	2.05095e-03	-1.460e-01	2.818e-02
chr2_202882799_A_G_b38	1	2.05095e-03	-1.460e-01	2.818e-02
chr2_202879731_C_T_b38	1	2.05095e-03	-1.460e-01	2.818e-02
chr2_202878716_TC_T_b38	1	2.05095e-03	-1.460e-01	2.818e-02
chr2_202869266_G_A_b38	1	2.05095e-03	-1.460e-01	2.818e-02
chr2_202876215_G_C_b38	1	2.05095e-03	-1.460e-01	2.818e-02
chr2_202971784_G_C_b38	1	1.85038e-03	-1.496e-01	2.780e-02
chr2_202990619_C_T_b38	1	1.77178e-03	-1.516e-01	2.820e-02
chr2_202986615_CAGTT_C_b38	1	1.77178e-03	-1.516e-01	2.820e-02
chr2_202963469_G_A_b38	1	1.77178e-03	-1.516e-01	2.820e-02
chr2_202912476_C_CT_b38	2	7.82882e-03	6.877e-03	3.236e-02
chr2_202916348_C_T_b38	2	5.15742e-04	-1.427e-03	3.207e-02
chr2_202918486_T_C_b38	2	2.73262e-04	4.578e-03	3.231e-02
chr2_202903616_C_T_b38	2	2.42436e-04	1.831e-03	3.273e-02
chr2_202928093_C_T_b38	2	1.29193e-04	-2.819e-02	3.281e-02
chr2_202896851_A_G_b38	2	6.67558e-05	-2.255e-03	3.356e-02
chr2_202898078_CA_C_b38	2	6.64540e-05	-4.682e-03	3.303e-02
chr2_202887306_C_G_b38	2	6.56570e-05	8.744e-05	3.309e-02
chr2_202887305_C_A_b38	2	6.56570e-05	8.744e-05	3.309e-02
chr2_202887302_G_GCA_b38	2	6.56570e-05	8.744e-05	3.309e-02
chr2_202940311_A_G_b38	2	2.05295e-05	-1.658e-02	3.377e-02
chr2_202941351_A_T_b38	2	1.78756e-05	-6.171e-03	3.239e-02
chr2_202944807_A_AC_b38	2	1.77833e-05	-3.182e-03	3.274e-02
chr2_202947124_T_C_b38	2	1.77424e-05	3.946e-03	3.280e-02
chr2_202884669_C_CTTT_b38	2	1.76858e-05	6.383e-03	3.283e-02
chr2_202953852_A_G_b38	2	1.76683e-05	-7.513e-04	3.272e-02
chr2_202867547_T_C_b38	2	1.76281e-05	-5.023e-05	3.311e-02
chr2_202955052_A_T_b38	2	1.75997e-05	-3.163e-03	3.235e-02
chr2_202951131_T_C_b38	2	1.75424e-05	4.415e-03	3.233e-02
chr2_202883871_A_G_b38	2	1.75123e-05	6.790e-03	3.238e-02
chr2_202874289_C_T_b38	2	1.70574e-05	-1.466e-03	3.182e-02
chr2_202878969_A_G_b38	2	1.70574e-05	-1.466e-03	3.182e-02
chr2_202886008_C_G_b38	2	1.70574e-05	-1.466e-03	3.182e-02
