chr14_60556071_T_G_b38	1	2.40521e-01	5.219e-01	9.060e-02
chr14_60519980_A_G_b38	1	1.62861e-01	5.051e-01	8.336e-02
chr14_60531596_C_T_b38	1	1.49240e-01	5.039e-01	8.153e-02
chr14_60567698_T_C_b38	1	1.12335e-01	5.311e-01	9.645e-02
chr14_60565672_G_A_b38	1	1.12335e-01	5.311e-01	9.645e-02
chr14_60563218_C_T_b38	1	3.97774e-02	5.085e-01	7.311e-02
chr14_60569250_C_T_b38	1	2.56481e-02	5.026e-01	7.043e-02
chr14_60564566_G_C_b38	1	2.56481e-02	5.026e-01	7.043e-02
chr14_60502615_T_C_b38	1	1.99096e-02	4.765e-01	6.246e-02
chr14_60579763_A_G_b38	1	1.82816e-02	4.984e-01	7.075e-02
chr14_60497629_A_G_b38	1	1.55195e-02	4.839e-01	6.592e-02
chr14_60575238_A_G_b38	1	1.44377e-02	4.976e-01	7.055e-02
chr14_60493240_A_C_b38	1	1.38780e-02	4.804e-01	6.367e-02
chr14_60493533_T_C_b38	1	1.38780e-02	4.804e-01	6.367e-02
chr14_60492682_C_T_b38	1	1.36066e-02	4.728e-01	6.111e-02
chr14_60572685_T_C_b38	1	1.35482e-02	4.846e-01	6.133e-02
chr14_60473720_C_T_b38	1	8.55542e-03	4.873e-01	6.485e-02
chr14_60509819_C_A_b38	2	6.98302e-01	2.032e-01	4.068e-02
chr14_60537171_G_C_b38	2	1.05579e-01	2.144e-01	4.053e-02
chr14_60490561_C_T_b38	2	6.49640e-02	2.040e-01	4.071e-02
chr14_60524662_G_A_b38	2	3.75763e-02	2.261e-01	4.638e-02
chr14_60606157_T_C_b38	2	2.17026e-02	2.112e-01	4.024e-02
chr14_60545841_A_T_b38	2	1.47536e-02	-2.089e-01	4.075e-02
chr14_60419432_T_C_b38	2	1.22765e-02	-2.086e-01	4.053e-02
chr14_60540386_A_G_b38	2	9.59644e-03	-2.072e-01	4.035e-02
chr14_60540171_C_T_b38	2	9.47718e-03	-2.073e-01	4.038e-02
chr14_60538907_A_G_b38	2	9.47718e-03	-2.073e-01	4.038e-02
chr14_60551163_GTTC_G_b38	2	9.10831e-03	-2.068e-01	4.036e-02
chr14_60628456_G_C_b38	2	3.34232e-03	2.129e-01	3.991e-02
chr14_60642107_C_A_b38	2	1.99526e-03	2.123e-01	3.981e-02
chr14_60508240_T_G_b38	3	1.02632e-02	-2.589e-01	1.487e-01
chr14_60509238_T_C_b38	3	1.00438e-02	-7.313e-02	1.102e-01
chr14_60508861_A_C_b38	3	1.00438e-02	-7.313e-02	1.102e-01
chr14_60508269_A_T_b38	3	4.26088e-03	-6.734e-02	1.182e-01
chr14_60510557_T_C_b38	3	2.99541e-03	-1.861e-01	1.274e-01
chr14_60504126_C_T_b38	3	2.40439e-03	-2.577e-01	1.495e-01
chr14_60511353_C_G_b38	3	2.26979e-03	-1.384e-01	1.193e-01
chr14_60510753_A_G_b38	3	1.88194e-03	-9.303e-02	1.186e-01
chr14_60505851_G_A_b38	3	1.26588e-03	-1.376e-01	1.193e-01
chr14_60502086_A_G_b38	3	1.24989e-03	-2.628e-01	1.475e-01
chr14_60503813_T_C_b38	3	1.24989e-03	-2.628e-01	1.475e-01
chr14_60503286_G_C_b38	3	1.24989e-03	-2.628e-01	1.475e-01
chr14_60513398_G_T_b38	3	1.24794e-03	-1.376e-01	1.193e-01
chr14_60512010_TATATGTATGTACCTATACAAAC_T_b38	3	1.14930e-03	-1.224e-01	1.099e-01
chr14_60505327_C_T_b38	3	1.00781e-03	-8.681e-02	1.192e-01
chr14_60514245_G_A_b38	3	6.17780e-04	-1.372e-01	1.183e-01
chr14_60515357_T_C_b38	3	6.01014e-04	-1.301e-01	1.143e-01
chr14_60485580_T_A_b38	3	5.07496e-04	-2.478e-01	1.425e-01
chr14_60485894_A_G_b38	3	4.92290e-04	-2.438e-01	1.426e-01
chr14_60485818_G_T_b38	3	4.92290e-04	-2.438e-01	1.426e-01
chr14_60486059_G_T_b38	3	4.44228e-04	-2.316e-01	1.413e-01
chr14_60486055_G_C_b38	3	4.44228e-04	-2.316e-01	1.413e-01
chr14_60513970_T_G_b38	3	4.18924e-04	-7.815e-02	1.066e-01
chr14_60497388_A_AATTCTCCAT_b38	3	3.98084e-04	-1.862e-01	1.191e-01
chr14_60521888_A_G_b38	3	3.50074e-04	-2.155e-01	1.466e-01
chr14_60497057_A_G_b38	3	3.47161e-04	-1.779e-01	1.188e-01
chr14_60498236_G_C_b38	3	3.35057e-04	-1.731e-01	1.186e-01
chr14_60533134_C_T_b38	3	3.20009e-04	-2.228e-01	1.455e-01
chr14_60521808_T_A_b38	3	2.97077e-04	-1.962e-01	1.452e-01
chr14_60524011_T_C_b38	3	2.97077e-04	-1.962e-01	1.452e-01
chr14_60533774_C_T_b38	3	2.75020e-04	-1.771e-01	1.418e-01
chr14_60494581_T_C_b38	3	2.56900e-04	-1.295e-01	1.149e-01
chr14_60529949_A_G_b38	3	2.08092e-04	-1.127e-01	1.304e-01
chr14_60490498_C_T_b38	3	2.02224e-04	-8.377e-02	1.128e-01
chr14_60528994_A_AT_b38	3	1.94873e-04	-1.057e-01	1.109e-01
chr14_60492132_T_TA_b38	3	1.93715e-04	-5.455e-02	1.129e-01
chr14_60522886_A_C_b38	3	1.93210e-04	-1.037e-01	1.111e-01
chr14_60525903_G_C_b38	3	1.91764e-04	-1.017e-01	1.114e-01
chr14_60523455_T_C_b38	3	1.91764e-04	-1.017e-01	1.114e-01
chr14_60527319_G_A_b38	3	1.91764e-04	-1.017e-01	1.114e-01
chr14_60532775_C_T_b38	3	1.90739e-04	-1.002e-01	1.114e-01
chr14_60533313_A_C_b38	3	1.88368e-04	-9.696e-02	1.113e-01
chr14_60531064_A_G_b38	3	1.86664e-04	-9.555e-02	1.091e-01
chr14_60462132_C_G_b38	3	1.84099e-04	-2.436e-01	1.312e-01
chr14_60474673_T_C_b38	3	1.83956e-04	-2.555e-01	1.380e-01
chr14_60479380_G_C_b38	3	1.73770e-04	-2.522e-01	1.402e-01
chr14_60462427_A_G_b38	3	1.73624e-04	-2.368e-01	1.309e-01
chr14_60523066_G_A_b38	3	1.73399e-04	-6.302e-02	1.109e-01
chr14_60525494_G_A_b38	3	1.72861e-04	-5.759e-02	1.112e-01
chr14_60530113_A_C_b38	3	1.72861e-04	-5.759e-02	1.112e-01
chr14_60520811_C_T_b38	3	1.69509e-04	-5.332e-02	1.089e-01
chr14_60527286_G_C_b38	3	1.69509e-04	-5.332e-02	1.089e-01
chr14_60520288_T_G_b38	3	1.69509e-04	-5.332e-02	1.089e-01
chr14_60531822_A_T_b38	3	1.69509e-04	-5.332e-02	1.089e-01
chr14_60522519_G_A_b38	3	1.69509e-04	-5.332e-02	1.089e-01
chr14_60533604_T_C_b38	3	1.69509e-04	-5.332e-02	1.089e-01
chr14_60477717_C_T_b38	3	1.58196e-04	-2.439e-01	1.424e-01
chr14_60474645_C_T_b38	3	1.58196e-04	-2.439e-01	1.424e-01
chr14_60481600_T_G_b38	3	1.58196e-04	-2.439e-01	1.424e-01
chr14_60480772_GA_G_b38	3	1.58196e-04	-2.439e-01	1.424e-01
chr14_60478580_C_T_b38	3	1.44715e-04	-2.316e-01	1.426e-01
chr14_60476392_G_A_b38	3	1.39384e-04	-2.242e-01	1.414e-01
chr14_60461483_G_A_b38	3	1.38860e-04	-2.075e-01	1.292e-01
chr14_60475807_C_A_b38	3	1.37835e-04	-1.958e-01	2.509e-01
chr14_60474350_G_A_b38	3	1.35834e-04	-2.152e-01	1.376e-01
chr14_60474353_C_T_b38	3	1.34752e-04	-2.113e-01	1.358e-01
chr14_60475656_T_C_b38	3	1.23871e-04	-2.031e-01	1.401e-01
chr14_60483022_G_A_b38	3	1.20177e-04	-1.980e-01	1.404e-01
chr14_60465720_G_T_b38	3	1.19592e-04	-1.681e-01	1.143e-01
chr14_60478131_A_T_b38	3	1.14656e-04	-2.033e-01	1.748e-01
chr14_60478932_AT_A_b38	3	1.11623e-04	-1.807e-01	1.365e-01
chr14_60479393_C_T_b38	3	1.11599e-04	-1.805e-01	1.362e-01
chr14_60460934_T_C_b38	3	1.10735e-04	-1.709e-01	1.261e-01
chr14_60479672_TTAA_T_b38	3	1.08629e-04	-1.667e-01	1.255e-01
chr14_60553899_C_A_b38	3	1.07765e-04	-1.781e-01	1.402e-01
chr14_60536353_G_A_b38	3	1.07765e-04	-1.781e-01	1.402e-01
chr14_60539972_A_G_b38	3	1.03026e-04	-1.671e-01	1.401e-01
chr14_60534828_C_T_b38	3	6.92124e-05	-1.480e-01	1.406e-01
chr14_60468285_T_TTTAAG_b38	3	6.86858e-05	-1.419e-01	1.340e-01
chr14_60459401_C_T_b38	3	6.77804e-05	-1.388e-01	1.277e-01
chr14_60475967_A_G_b38	3	6.05005e-05	-1.114e-01	1.148e-01
chr14_60460224_C_G_b38	3	5.88089e-05	-1.004e-01	1.203e-01
chr14_60474846_T_A_b38	3	5.52137e-05	-8.040e-02	1.150e-01
chr14_60473760_G_A_b38	3	5.32776e-05	-7.632e-02	1.097e-01
chr14_60472383_A_C_b38	3	5.32776e-05	-7.632e-02	1.097e-01
chr14_60477809_A_G_b38	3	5.32776e-05	-7.632e-02	1.097e-01
chr14_60480459_G_T_b38	3	5.32776e-05	-7.632e-02	1.097e-01
chr14_60548025_G_C_b38	3	5.30538e-05	-8.990e-03	1.102e-01
chr14_60546580_A_C_b38	3	5.26952e-05	-7.209e-03	1.091e-01
chr14_60475064_T_G_b38	3	5.26590e-05	-7.098e-02	1.097e-01
chr14_60536270_G_C_b38	3	3.78590e-05	-7.779e-02	1.098e-01
chr14_60552740_T_A_b38	3	3.78590e-05	-7.779e-02	1.098e-01
chr14_60551587_T_C_b38	3	3.78590e-05	-7.779e-02	1.098e-01
chr14_60542037_C_T_b38	3	3.78590e-05	-7.779e-02	1.098e-01
chr14_60548193_G_GTCCT_b38	3	3.74853e-05	-7.330e-02	1.099e-01
chr14_60472241_CT_C_b38	3	3.74504e-05	-6.685e-02	1.090e-01
chr14_60537410_G_A_b38	3	3.74113e-05	-7.321e-02	1.095e-01
chr14_60558005_A_AAAGATAGTT_b38	3	3.72300e-05	-1.569e-02	1.092e-01
chr14_60534777_C_T_b38	3	3.67760e-05	-5.476e-02	1.111e-01
chr14_60541969_A_G_b38	3	3.64907e-05	-3.502e-02	1.098e-01
chr14_60541690_C_A_b38	3	3.64907e-05	-3.502e-02	1.098e-01
chr14_60550306_C_G_b38	3	3.64907e-05	-3.502e-02	1.098e-01
chr14_60558149_T_C_b38	3	3.64907e-05	-3.502e-02	1.098e-01
chr14_60545613_T_C_b38	3	3.64699e-05	-3.148e-02	1.094e-01
chr14_60548756_A_G_b38	3	3.63559e-05	-4.018e-02	1.097e-01
chr14_60548435_A_G_b38	3	3.63383e-05	-4.192e-02	1.097e-01
chr14_60550215_C_G_b38	3	3.63159e-05	-5.192e-02	1.093e-01
chr14_60468786_T_C_b38	3	3.62477e-05	-4.894e-02	1.073e-01
chr14_60543970_A_C_b38	3	3.61613e-05	-4.382e-02	1.091e-01
chr14_60461098_T_C_b38	3	3.59615e-05	-3.577e-02	1.065e-01
chr14_60471963_T_A_b38	3	3.55986e-05	-5.798e-02	1.035e-01
chr14_60481410_A_G_b38	3	1.65390e-05	-3.840e-02	8.155e-02
chr14_60450778_C_A_b38	3	1.52824e-05	2.180e-01	1.249e-01
chr14_60508303_G_A_b38	4	8.33373e-05	0.000e+00	0.000e+00
chr14_60510900_G_A_b38	4	2.49428e-05	0.000e+00	0.000e+00
chr14_60504257_T_G_b38	4	1.99636e-05	0.000e+00	0.000e+00
chr14_60504419_T_C_b38	4	1.95279e-05	0.000e+00	0.000e+00
chr14_60515797_G_A_b38	4	1.13359e-05	0.000e+00	0.000e+00
chr14_60518286_C_T_b38	4	1.01799e-05	0.000e+00	0.000e+00
chr14_60500318_C_T_b38	4	1.85912e-06	0.000e+00	0.000e+00
chr14_60500195_T_C_b38	4	1.80958e-06	0.000e+00	0.000e+00
chr14_60498124_TG_T_b38	4	3.81492e-10	0.000e+00	0.000e+00
chr14_60527495_T_G_b38	4	2.21768e-10	0.000e+00	0.000e+00
chr14_60471133_T_C_b38	4	1.48758e-10	0.000e+00	0.000e+00
chr14_60492162_C_T_b38	4	1.43768e-10	0.000e+00	0.000e+00
chr14_60476388_T_C_b38	4	1.11311e-10	0.000e+00	0.000e+00
chr14_60471126_T_C_b38	4	9.51272e-11	0.000e+00	0.000e+00
chr14_60478804_G_A_b38	4	6.18936e-11	0.000e+00	0.000e+00
chr14_60478485_G_A_b38	4	5.86975e-11	0.000e+00	0.000e+00
chr14_60477541_T_G_b38	4	3.15406e-11	0.000e+00	0.000e+00
chr14_60440029_A_C_b38	4	2.47779e-11	0.000e+00	0.000e+00
chr14_60421572_G_C_b38	4	1.87742e-11	0.000e+00	0.000e+00
chr14_60445533_A_C_b38	4	1.65166e-11	0.000e+00	0.000e+00
chr14_60480206_G_C_b38	4	1.62026e-11	0.000e+00	0.000e+00
chr14_60449519_A_G_b38	4	1.60013e-11	0.000e+00	0.000e+00
chr14_60426707_T_C_b38	4	1.42646e-11	0.000e+00	0.000e+00
chr14_60419462_C_T_b38	4	8.77986e-12	0.000e+00	0.000e+00
chr14_60449455_T_C_b38	4	8.67057e-12	0.000e+00	0.000e+00
chr14_60423704_A_G_b38	4	8.18286e-12	0.000e+00	0.000e+00
chr14_60450295_A_G_b38	4	7.78164e-12	0.000e+00	0.000e+00
chr14_60422717_C_A_b38	4	2.85497e-12	0.000e+00	0.000e+00
chr14_60454058_T_C_b38	4	9.69181e-13	0.000e+00	0.000e+00
chr14_60516369_C_A_b38	4	6.11868e-15	0.000e+00	0.000e+00
chr14_60531967_A_G_b38	4	2.81872e-26	0.000e+00	0.000e+00
chr14_60497687_C_T_b38	4	2.67276e-26	0.000e+00	0.000e+00
chr14_60533947_C_T_b38	4	2.62443e-26	0.000e+00	0.000e+00
chr14_60530412_C_T_b38	4	2.62443e-26	0.000e+00	0.000e+00
chr14_60532557_T_C_b38	4	2.52971e-26	0.000e+00	0.000e+00
chr14_60522022_TA_T_b38	4	1.78201e-26	0.000e+00	0.000e+00
chr14_60466034_G_A_b38	4	1.55812e-26	0.000e+00	0.000e+00
chr14_60462950_C_T_b38	4	1.40967e-26	0.000e+00	0.000e+00
chr14_60476873_T_TC_b38	4	1.38827e-26	0.000e+00	0.000e+00
chr14_60474848_T_C_b38	4	1.25300e-26	0.000e+00	0.000e+00
chr14_60472520_T_C_b38	4	1.18826e-26	0.000e+00	0.000e+00
chr14_60460530_G_A_b38	4	1.05227e-26	0.000e+00	0.000e+00
chr14_60466821_T_C_b38	4	9.30217e-27	0.000e+00	0.000e+00
chr14_60555167_G_A_b38	4	9.12934e-27	0.000e+00	0.000e+00
chr14_60466475_C_A_b38	4	8.60074e-27	0.000e+00	0.000e+00
chr14_60553292_G_T_b38	4	8.36621e-27	0.000e+00	0.000e+00
chr14_60415475_G_A_b38	4	4.00056e-27	0.000e+00	0.000e+00
chr14_60415488_T_C_b38	4	4.00056e-27	0.000e+00	0.000e+00
chr14_60412006_ATC_A_b38	4	3.98098e-27	0.000e+00	0.000e+00
chr14_60414015_G_A_b38	4	3.81140e-27	0.000e+00	0.000e+00
chr14_60413232_C_T_b38	4	3.81140e-27	0.000e+00	0.000e+00
chr14_60420565_A_G_b38	4	3.81140e-27	0.000e+00	0.000e+00
chr14_60430022_T_C_b38	4	3.75088e-27	0.000e+00	0.000e+00
chr14_60588305_A_G_b38	4	3.37124e-27	0.000e+00	0.000e+00
