chr10_77819493_G_A_b38	1	2.62907e-01	3.986e-01	2.382e-02
chr10_77778207_C_T_b38	1	2.62907e-01	3.986e-01	2.382e-02
chr10_77798422_T_C_b38	1	5.15423e-02	3.957e-01	2.394e-02
chr10_77781211_T_C_b38	1	5.15423e-02	3.957e-01	2.394e-02
chr10_77787210_G_A_b38	1	5.15423e-02	3.957e-01	2.394e-02
chr10_77774769_T_C_b38	1	5.15423e-02	3.957e-01	2.394e-02
chr10_77780830_T_C_b38	1	5.15423e-02	3.957e-01	2.394e-02
chr10_77788059_CTG_C_b38	1	5.15423e-02	3.957e-01	2.394e-02
chr10_77835038_A_T_b38	1	1.50898e-02	3.981e-01	2.438e-02
chr10_77836272_T_G_b38	1	1.50898e-02	3.981e-01	2.438e-02
chr10_77835173_C_T_b38	1	1.50898e-02	3.981e-01	2.438e-02
chr10_77834996_T_TCACCAC_b38	1	1.40214e-02	3.989e-01	2.445e-02
chr10_77839743_A_G_b38	1	1.40214e-02	3.989e-01	2.445e-02
chr10_77830146_C_T_b38	1	1.40214e-02	3.989e-01	2.445e-02
chr10_77834756_C_A_b38	1	1.38446e-02	3.949e-01	2.425e-02
chr10_77831761_A_T_b38	1	1.27176e-02	3.944e-01	2.425e-02
chr10_77826090_G_A_b38	1	1.13130e-02	3.974e-01	2.419e-02
chr10_77783550_T_G_b38	1	8.77681e-03	3.857e-01	2.353e-02
chr10_77817650_G_C_b38	1	2.82665e-03	3.864e-01	2.355e-02
chr10_77798373_G_C_b38	1	2.82665e-03	3.864e-01	2.355e-02
chr10_77814320_G_A_b38	1	2.82665e-03	3.864e-01	2.355e-02
chr10_77820343_C_T_b38	1	2.47346e-03	3.860e-01	2.355e-02
chr10_77789289_A_G_b38	1	2.47346e-03	3.860e-01	2.355e-02
chr10_77811350_C_T_b38	1	2.47346e-03	3.860e-01	2.355e-02
chr10_77946322_C_A_b38	2	2.42210e-01	-8.982e-02	2.170e-02
chr10_77945335_C_G_b38	2	1.45266e-03	-6.200e-02	2.249e-02
chr10_77948960_A_G_b38	2	1.28047e-03	-6.185e-02	2.289e-02
chr10_77954946_A_G_b38	3	6.61888e-02	2.607e-01	5.955e-02
chr10_77924551_T_C_b38	4	6.70511e-04	-1.111e-01	5.160e-02
chr10_77903283_C_T_b38	4	4.70291e-04	-1.238e-01	4.441e-02
chr10_77933087_TTGACTC_T_b38	4	4.63331e-04	-1.345e-01	5.436e-02
chr10_77924216_T_C_b38	4	4.58349e-04	-1.011e-01	5.222e-02
chr10_77933442_C_T_b38	4	3.69999e-04	-1.163e-01	4.799e-02
chr10_77918366_C_T_b38	4	3.58122e-04	-1.208e-01	5.202e-02
chr10_77922351_G_A_b38	4	2.80335e-04	-1.011e-01	5.222e-02
chr10_77922277_G_A_b38	4	2.80335e-04	-1.011e-01	5.222e-02
chr10_77902044_C_T_b38	4	2.19496e-04	-1.191e-01	4.904e-02
chr10_77921022_T_C_b38	4	1.72563e-04	-1.011e-01	5.222e-02
chr10_77937981_G_A_b38	4	7.75499e-05	-1.018e-01	5.437e-02
