chr18_7566069_AT_A_b38	1	2.60169e-01	-2.547e-01	5.630e-02
chr18_7564301_C_T_b38	1	1.16399e-01	-2.483e-01	5.408e-02
chr18_7560149_A_G_b38	1	4.92083e-02	-2.481e-01	5.316e-02
chr18_7564655_T_C_b38	1	3.17773e-02	-2.429e-01	5.992e-02
chr18_7564525_A_C_b38	1	3.17773e-02	-2.429e-01	5.992e-02
chr18_7548503_T_C_b38	1	2.90586e-02	-2.566e-01	5.388e-02
chr18_7553708_G_A_b38	1	2.75461e-02	-2.640e-01	5.536e-02
chr18_7548485_T_TA_b38	1	2.05968e-02	-2.481e-01	5.316e-02
chr18_7553829_G_T_b38	1	1.80780e-02	-2.464e-01	5.337e-02
chr18_7553768_G_A_b38	1	1.61057e-02	-2.498e-01	5.462e-02
chr18_7549595_A_AAAAACAAAAC_b38	1	1.39132e-02	-2.762e-01	6.063e-02
chr18_7557911_T_C_b38	1	1.34438e-02	-2.429e-01	5.992e-02
chr18_7586784_C_T_b38	1	1.23450e-02	-2.680e-01	6.110e-02
chr18_7552448_A_G_b38	1	1.08549e-02	-2.432e-01	5.584e-02
chr18_7543677_T_G_b38	1	1.07053e-02	-2.412e-01	5.489e-02
chr18_7556210_C_T_b38	1	1.07053e-02	-2.412e-01	5.489e-02
chr18_7543209_C_T_b38	1	1.07053e-02	-2.412e-01	5.489e-02
chr18_7544635_T_C_b38	1	1.07053e-02	-2.412e-01	5.489e-02
chr18_7546296_A_G_b38	1	1.07053e-02	-2.412e-01	5.489e-02
chr18_7548733_T_A_b38	1	1.07053e-02	-2.412e-01	5.489e-02
chr18_7543309_G_A_b38	1	1.07053e-02	-2.412e-01	5.489e-02
chr18_7581169_T_G_b38	1	8.33586e-03	-2.543e-01	6.062e-02
chr18_7585131_C_G_b38	1	8.00014e-03	-2.581e-01	6.189e-02
chr18_7584296_G_A_b38	1	6.18061e-03	-2.607e-01	6.530e-02
chr18_7556360_C_T_b38	1	5.62709e-03	-2.429e-01	5.992e-02
chr18_7611040_A_G_b38	1	5.48225e-03	-2.673e-01	5.983e-02
chr18_7567805_C_G_b38	1	5.37402e-03	-1.972e-01	7.298e-02
chr18_7539753_C_T_b38	1	2.75290e-03	-2.476e-01	6.195e-02
chr18_7573512_C_T_b38	2	2.19179e-01	-3.039e-01	6.575e-02
chr18_7609139_C_G_b38	2	2.25330e-03	-2.473e-01	6.420e-02
chr18_7553407_C_T_b38	2	1.02342e-03	-1.383e-01	1.870e-01
chr18_7614811_T_C_b38	2	8.24016e-04	-2.226e-01	7.242e-02
chr18_7616397_T_G_b38	2	8.24016e-04	-2.226e-01	7.242e-02
chr18_7613341_T_C_b38	2	8.24016e-04	-2.226e-01	7.242e-02
