chr9_33679508_G_A_b38	1	1.48161e-01	1.365e+00	1.268e-01
chr9_33677341_A_C_b38	1	8.94807e-02	1.348e+00	1.268e-01
chr9_33677476_C_T_b38	1	8.94807e-02	1.348e+00	1.268e-01
chr9_33677351_GT_G_b38	1	8.94807e-02	1.348e+00	1.268e-01
chr9_33677004_C_G_b38	1	8.94807e-02	1.348e+00	1.268e-01
chr9_33676775_G_C_b38	1	3.73300e-02	1.348e+00	1.265e-01
chr9_33676829_G_T_b38	1	3.73300e-02	1.348e+00	1.265e-01
chr9_33678307_G_A_b38	1	3.20624e-02	1.348e+00	1.265e-01
chr9_33679778_G_A_b38	1	1.83389e-02	1.347e+00	1.262e-01
chr9_33679602_ATG_A_b38	1	1.83389e-02	1.347e+00	1.262e-01
chr9_33679356_G_A_b38	1	1.83389e-02	1.347e+00	1.262e-01
chr9_33676175_C_T_b38	1	1.76521e-02	1.347e+00	1.260e-01
chr9_33673794_A_G_b38	1	1.11318e-02	1.348e+00	1.253e-01
chr9_33673937_C_T_b38	1	1.11318e-02	1.348e+00	1.253e-01
chr9_33673798_C_A_b38	1	1.11318e-02	1.348e+00	1.253e-01
chr9_33672538_C_A_b38	1	1.11318e-02	1.348e+00	1.253e-01
chr9_33674503_C_T_b38	1	1.11318e-02	1.348e+00	1.253e-01
chr9_33681811_G_A_b38	1	1.09880e-02	1.348e+00	1.253e-01
chr9_33681450_A_C_b38	1	1.09880e-02	1.348e+00	1.253e-01
chr9_33680603_G_T_b38	1	1.09880e-02	1.348e+00	1.253e-01
chr9_33680994_T_C_b38	1	1.09880e-02	1.348e+00	1.253e-01
chr9_33682137_C_CGT_b38	1	1.09880e-02	1.348e+00	1.253e-01
chr9_33682141_A_C_b38	1	1.09880e-02	1.348e+00	1.253e-01
chr9_33677151_G_C_b38	1	8.58469e-03	1.325e+00	1.247e-01
chr9_33677170_T_TC_b38	1	8.58469e-03	1.325e+00	1.247e-01
chr9_33677182_A_G_b38	1	8.58469e-03	1.325e+00	1.247e-01
chr9_33681448_A_C_b38	1	7.50041e-03	1.317e+00	1.232e-01
chr9_33683569_G_C_b38	1	6.07470e-03	1.344e+00	1.246e-01
chr9_33684949_T_C_b38	1	6.07470e-03	1.344e+00	1.246e-01
chr9_33685273_C_T_b38	1	6.07470e-03	1.344e+00	1.246e-01
chr9_33686112_A_G_b38	1	6.07470e-03	1.344e+00	1.246e-01
chr9_33683800_C_G_b38	1	6.07470e-03	1.344e+00	1.246e-01
chr9_33687193_A_G_b38	1	6.07470e-03	1.344e+00	1.246e-01
chr9_33685837_C_T_b38	1	6.07470e-03	1.344e+00	1.246e-01
chr9_33683742_T_C_b38	1	6.07470e-03	1.344e+00	1.246e-01
chr9_33685399_G_A_b38	1	6.07470e-03	1.344e+00	1.246e-01
chr9_33669651_A_G_b38	1	5.86907e-03	1.344e+00	1.246e-01
chr9_33669376_A_G_b38	1	5.86907e-03	1.344e+00	1.246e-01
chr9_33672344_T_A_b38	1	5.86907e-03	1.344e+00	1.246e-01
chr9_33667639_G_A_b38	1	5.86907e-03	1.344e+00	1.246e-01
chr9_33669386_A_G_b38	1	5.86907e-03	1.344e+00	1.246e-01
chr9_33667566_C_T_b38	1	5.86907e-03	1.344e+00	1.246e-01
chr9_33669134_G_A_b38	1	5.86907e-03	1.344e+00	1.246e-01
chr9_33672393_T_C_b38	1	5.86907e-03	1.344e+00	1.246e-01
chr9_33677187_G_C_b38	1	3.73346e-03	1.324e+00	1.265e-01
chr9_33687631_C_T_b38	1	3.17194e-03	1.344e+00	1.246e-01
chr9_33688471_T_A_b38	1	3.17194e-03	1.344e+00	1.246e-01
chr9_33691385_A_C_b38	1	3.17194e-03	1.344e+00	1.246e-01
chr9_33687890_C_T_b38	1	3.17194e-03	1.344e+00	1.246e-01
chr9_33687513_C_G_b38	1	3.17194e-03	1.344e+00	1.246e-01
chr9_33667496_T_A_b38	1	3.12790e-03	1.344e+00	1.246e-01
chr9_33662426_G_A_b38	1	3.12790e-03	1.344e+00	1.246e-01
chr9_33662916_C_G_b38	1	3.12790e-03	1.344e+00	1.246e-01
chr9_33667157_T_C_b38	1	3.12790e-03	1.344e+00	1.246e-01
chr9_33662787_A_C_b38	1	3.12790e-03	1.344e+00	1.246e-01
chr9_33663503_C_T_b38	1	3.12790e-03	1.344e+00	1.246e-01
chr9_33662952_T_C_b38	1	3.12790e-03	1.344e+00	1.246e-01
chr9_33666718_T_C_b38	1	3.12790e-03	1.344e+00	1.246e-01
chr9_33662559_G_C_b38	1	3.12790e-03	1.344e+00	1.246e-01
chr9_33664734_C_G_b38	1	3.12790e-03	1.344e+00	1.246e-01
chr9_33663770_T_G_b38	1	3.12790e-03	1.344e+00	1.246e-01
chr9_33662085_G_T_b38	1	3.12790e-03	1.344e+00	1.246e-01
chr9_33684438_C_T_b38	1	4.22933e-11	0.000e+00	0.000e+00
chr9_33662595_G_A_b38	1	1.86562e-11	0.000e+00	0.000e+00
chr9_33666450_G_A_b38	1	1.67202e-11	0.000e+00	0.000e+00
chr9_33717760_A_T_b38	1	7.59943e-12	0.000e+00	0.000e+00
chr9_33721195_C_T_b38	1	7.59943e-12	0.000e+00	0.000e+00
chr9_33710242_C_T_b38	1	7.59943e-12	0.000e+00	0.000e+00
chr9_33716806_A_C_b38	1	7.59943e-12	0.000e+00	0.000e+00
chr9_33719797_T_C_b38	1	7.59943e-12	0.000e+00	0.000e+00
chr9_33661418_G_T_b38	2	9.99070e-01	-4.205e-01	8.992e-02
chr9_33661288_A_G_b38	3	2.45992e-01	2.845e-01	7.293e-02
chr9_33656919_A_C_b38	3	2.23488e-03	1.638e-01	5.685e-02
chr9_33670887_C_T_b38	4	1.71110e-02	1.962e-01	5.577e-02
chr9_33669942_G_A_b38	4	1.40771e-02	1.947e-01	5.624e-02
chr9_33667254_C_T_b38	4	1.32745e-02	2.028e-01	5.579e-02
chr9_33699331_A_G_b38	4	4.36001e-03	1.880e-01	5.569e-02
chr9_33692211_T_G_b38	4	3.61971e-03	1.865e-01	5.618e-02
chr9_33754319_C_T_b38	4	9.09897e-04	2.039e-01	5.672e-02
chr9_33748155_A_G_b38	4	9.09897e-04	2.039e-01	5.672e-02
chr9_33721010_T_G_b38	4	2.35763e-04	1.809e-01	5.660e-02
chr9_33717586_A_G_b38	4	2.06851e-04	1.776e-01	5.628e-02
chr9_33770934_G_A_b38	4	1.99564e-04	1.958e-01	5.660e-02
chr9_33674679_C_T_b38	4	1.28143e-04	1.102e-01	5.252e-02
chr9_33680618_A_C_b38	4	5.50026e-22	0.000e+00	0.000e+00
chr9_33680504_G_T_b38	4	4.42522e-23	0.000e+00	0.000e+00
chr9_33673027_T_C_b38	4	4.37726e-23	0.000e+00	0.000e+00
chr9_33682234_C_T_b38	4	4.32072e-23	0.000e+00	0.000e+00
chr9_33683010_C_G_b38	4	2.51230e-23	0.000e+00	0.000e+00
chr9_33671781_T_C_b38	4	2.42726e-23	0.000e+00	0.000e+00
chr9_33685364_A_G_b38	4	2.16229e-23	0.000e+00	0.000e+00
chr9_33677385_GGCC_G_b38	5	3.05567e-03	3.237e-01	2.070e-01
chr9_33677084_G_A_b38	5	2.08260e-03	2.900e-01	2.226e-01
chr9_33675132_C_T_b38	5	2.15695e-04	2.887e-01	2.224e-01
chr9_33667282_G_A_b38	5	2.63781e-12	0.000e+00	0.000e+00
chr9_33686226_A_C_b38	5	1.30659e-14	0.000e+00	0.000e+00
chr9_33669165_G_A_b38	5	1.26236e-14	0.000e+00	0.000e+00
chr9_33668641_A_G_b38	5	1.26236e-14	0.000e+00	0.000e+00
chr9_33692397_C_G_b38	5	1.01982e-14	0.000e+00	0.000e+00
chr9_33696246_G_T_b38	5	1.01982e-14	0.000e+00	0.000e+00
chr9_33700437_T_G_b38	5	6.82243e-15	0.000e+00	0.000e+00
chr9_33690228_G_A_b38	5	6.82243e-15	0.000e+00	0.000e+00
chr9_33689673_A_G_b38	5	6.82243e-15	0.000e+00	0.000e+00
chr9_33701370_A_G_b38	5	6.82243e-15	0.000e+00	0.000e+00
chr9_33691075_G_A_b38	5	6.82243e-15	0.000e+00	0.000e+00
chr9_33701988_A_G_b38	5	6.82243e-15	0.000e+00	0.000e+00
chr9_33688184_C_T_b38	5	6.82243e-15	0.000e+00	0.000e+00
chr9_33663251_C_T_b38	5	6.72771e-15	0.000e+00	0.000e+00
chr9_33667262_G_A_b38	5	6.72771e-15	0.000e+00	0.000e+00
