chr4_151479946_A_T_b38	1	1.41265e-01	-5.182e-01	4.331e-02
chr4_151513619_C_A_b38	1	2.99178e-02	-5.093e-01	4.314e-02
chr4_151461482_A_G_b38	1	2.78400e-02	-5.088e-01	4.313e-02
chr4_151450212_G_A_b38	1	2.35317e-02	-5.089e-01	4.320e-02
chr4_151452928_A_G_b38	1	1.44503e-02	-5.083e-01	4.334e-02
chr4_151451353_A_G_b38	1	1.34870e-02	-5.062e-01	4.319e-02
chr4_151522121_C_T_b38	1	1.30691e-02	-5.065e-01	4.322e-02
chr4_151530301_G_A_b38	1	1.28373e-02	-5.065e-01	4.323e-02
chr4_151447965_G_A_b38	1	1.27029e-02	-5.058e-01	4.317e-02
chr4_151472115_T_C_b38	1	1.26264e-02	-5.056e-01	4.316e-02
chr4_151432262_G_A_b38	1	1.22520e-02	-5.049e-01	4.311e-02
chr4_151462887_A_G_b38	1	1.19311e-02	-5.048e-01	4.311e-02
chr4_151462680_A_G_b38	1	1.19311e-02	-5.048e-01	4.311e-02
chr4_151431820_C_T_b38	1	1.19311e-02	-5.048e-01	4.311e-02
chr4_151431071_C_G_b38	1	1.19311e-02	-5.048e-01	4.311e-02
chr4_151460898_A_G_b38	1	1.19311e-02	-5.048e-01	4.311e-02
chr4_151474581_A_G_b38	1	1.19311e-02	-5.048e-01	4.311e-02
chr4_151422736_G_T_b38	1	1.19311e-02	-5.048e-01	4.311e-02
chr4_151431863_T_C_b38	1	1.19311e-02	-5.048e-01	4.311e-02
chr4_151425783_G_GCAT_b38	1	1.19311e-02	-5.048e-01	4.311e-02
chr4_151456470_A_G_b38	1	1.19311e-02	-5.048e-01	4.311e-02
chr4_151424951_T_G_b38	1	1.19311e-02	-5.048e-01	4.311e-02
chr4_151432223_A_G_b38	1	1.19311e-02	-5.048e-01	4.311e-02
chr4_151462810_T_C_b38	1	1.19311e-02	-5.048e-01	4.311e-02
chr4_151428810_G_T_b38	1	1.18175e-02	-5.047e-01	4.311e-02
chr4_151428807_G_C_b38	1	1.18175e-02	-5.047e-01	4.311e-02
chr4_151502904_C_G_b38	1	1.13582e-02	-5.046e-01	4.312e-02
chr4_151458242_C_G_b38	1	1.13456e-02	-5.047e-01	4.312e-02
chr4_151454165_A_AGTG_b38	1	1.12870e-02	-5.046e-01	4.312e-02
chr4_151458499_G_A_b38	1	1.10373e-02	-5.045e-01	4.312e-02
chr4_151435167_ACTATAGTC_A_b38	1	1.10315e-02	-5.046e-01	4.313e-02
chr4_151430008_A_G_b38	1	1.06655e-02	-5.056e-01	4.322e-02
chr4_151473102_A_G_b38	1	1.02253e-02	-5.052e-01	4.320e-02
chr4_151425285_G_A_b38	1	9.32306e-03	-5.052e-01	4.325e-02
chr4_151511348_T_C_b38	1	9.24923e-03	-5.031e-01	4.306e-02
chr4_151511354_C_T_b38	1	9.24923e-03	-5.031e-01	4.306e-02
chr4_151476402_T_G_b38	1	8.77520e-03	-5.043e-01	4.319e-02
chr4_151470884_G_T_b38	1	8.60321e-03	-5.045e-01	4.322e-02
chr4_151513053_A_C_b38	1	8.60042e-03	-5.028e-01	4.307e-02
chr4_151421038_C_T_b38	1	8.47684e-03	-5.062e-01	4.337e-02
chr4_151488449_A_G_b38	1	8.39464e-03	-5.027e-01	4.307e-02
chr4_151524679_A_C_b38	1	8.37911e-03	-5.027e-01	4.307e-02
chr4_151512876_G_T_b38	1	8.37911e-03	-5.027e-01	4.307e-02
chr4_151506354_G_A_b38	1	8.37911e-03	-5.027e-01	4.307e-02
chr4_151504806_A_C_b38	1	8.37911e-03	-5.027e-01	4.307e-02
chr4_151510618_G_A_b38	1	8.37911e-03	-5.027e-01	4.307e-02
chr4_151486084_T_C_b38	1	8.37911e-03	-5.027e-01	4.307e-02
chr4_151529148_A_G_b38	1	8.37911e-03	-5.027e-01	4.307e-02
chr4_151511484_C_T_b38	1	8.37911e-03	-5.027e-01	4.307e-02
chr4_151512370_G_C_b38	1	8.37911e-03	-5.027e-01	4.307e-02
chr4_151523479_T_A_b38	1	8.37106e-03	-5.027e-01	4.307e-02
chr4_151420726_A_G_b38	1	8.24022e-03	-5.044e-01	4.322e-02
chr4_151491451_T_C_b38	1	8.19527e-03	-5.027e-01	4.308e-02
chr4_151530976_T_G_b38	1	8.10820e-03	-5.025e-01	4.307e-02
chr4_151509026_T_C_b38	1	7.96252e-03	-5.025e-01	4.307e-02
chr4_151426912_A_G_b38	1	7.72009e-03	-5.041e-01	4.322e-02
chr4_151450840_T_C_b38	1	7.49824e-03	-5.034e-01	4.317e-02
chr4_151486747_G_A_b38	1	7.42630e-03	-5.023e-01	4.308e-02
chr4_151488325_A_C_b38	1	7.36019e-03	-5.034e-01	4.318e-02
chr4_151528974_G_A_b38	1	7.17444e-03	-5.014e-01	4.302e-02
chr4_151460648_A_T_b38	1	7.10238e-03	-5.025e-01	4.312e-02
chr4_151528943_C_A_b38	1	6.66062e-03	-5.012e-01	4.303e-02
chr4_151434238_C_T_b38	1	6.62163e-03	-5.034e-01	4.322e-02
chr4_151531246_G_A_b38	1	6.57095e-03	-5.011e-01	4.303e-02
chr4_151454272_T_G_b38	1	6.42477e-03	-5.032e-01	4.322e-02
chr4_151524075_A_G_b38	1	6.21408e-03	-5.025e-01	4.316e-02
chr4_151447060_C_T_b38	1	6.09903e-03	-5.030e-01	4.322e-02
chr4_151449485_T_C_b38	1	5.93249e-03	-5.029e-01	4.322e-02
chr4_151514639_T_A_b38	1	5.91704e-03	-5.024e-01	4.318e-02
chr4_151436292_T_C_b38	1	5.82897e-03	-5.027e-01	4.321e-02
chr4_151455643_T_C_b38	1	5.79784e-03	-5.028e-01	4.322e-02
chr4_151442620_T_C_b38	1	5.79784e-03	-5.028e-01	4.322e-02
chr4_151444424_G_A_b38	1	5.79784e-03	-5.028e-01	4.322e-02
chr4_151437834_C_T_b38	1	5.79784e-03	-5.028e-01	4.322e-02
chr4_151454898_C_T_b38	1	5.79784e-03	-5.028e-01	4.322e-02
chr4_151459117_T_C_b38	1	5.79784e-03	-5.028e-01	4.322e-02
chr4_151468834_CT_C_b38	1	5.78480e-03	-5.014e-01	4.310e-02
chr4_151469261_A_C_b38	1	5.78480e-03	-5.014e-01	4.310e-02
chr4_151470078_T_C_b38	1	5.54646e-03	-5.015e-01	4.313e-02
chr4_151433753_G_C_b38	1	5.17126e-03	-5.024e-01	4.323e-02
chr4_151435967_A_G_b38	1	5.06416e-03	-5.019e-01	4.320e-02
chr4_151444411_C_A_b38	1	5.01377e-03	-5.032e-01	4.331e-02
chr4_151530667_T_C_b38	1	4.91953e-03	-5.033e-01	4.333e-02
chr4_151426673_T_G_b38	1	4.78365e-03	-5.024e-01	4.326e-02
chr4_151505613_C_T_b38	1	4.74476e-03	-5.012e-01	4.316e-02
chr4_151494863_C_T_b38	1	4.47462e-03	-4.998e-01	4.307e-02
chr4_151489388_G_T_b38	1	4.02600e-03	-4.968e-01	4.285e-02
chr4_151510400_A_G_b38	1	3.89704e-03	-4.993e-01	4.307e-02
chr4_151495230_T_C_b38	1	3.89328e-03	-5.010e-01	4.322e-02
chr4_151446152_A_G_b38	1	3.85322e-03	-5.023e-01	4.334e-02
chr4_151525680_T_A_b38	1	3.82318e-03	-5.011e-01	4.324e-02
chr4_151506534_C_T_b38	1	3.82041e-03	-4.966e-01	4.285e-02
chr4_151499604_C_T_b38	1	3.82041e-03	-4.966e-01	4.285e-02
chr4_151525854_T_A_b38	1	3.43915e-03	-5.013e-01	4.330e-02
chr4_151526820_G_A_b38	1	3.24876e-03	-4.991e-01	4.313e-02
chr4_151512910_T_G_b38	1	3.01768e-03	-4.991e-01	4.316e-02
chr4_151430348_A_G_b38	1	2.60869e-03	-4.965e-01	4.300e-02
chr4_151427270_T_G_b38	1	2.47958e-03	-5.028e-01	4.355e-02
chr4_151434116_C_T_b38	1	2.37753e-03	-4.999e-01	4.332e-02
chr4_151520762_G_A_b38	1	2.34420e-03	-5.031e-01	4.360e-02
chr4_151517698_G_C_b38	1	2.30921e-03	-4.978e-01	4.315e-02
chr4_151434231_T_C_b38	1	1.75502e-03	-4.997e-01	4.343e-02
chr4_152181413_T_C_b38	2	1.98336e-02	2.156e-01	4.301e-02
chr4_152094552_C_T_b38	2	3.69147e-05	1.537e-01	4.227e-02
chr4_152189550_C_T_b38	2	3.44108e-05	1.774e-01	4.448e-02
chr4_152173973_C_A_b38	2	3.18897e-05	1.687e-01	4.268e-02
chr4_152189104_G_A_b38	2	3.05463e-05	1.760e-01	4.450e-02
chr4_152182280_G_A_b38	2	3.03086e-05	1.772e-01	4.485e-02
chr4_152188213_C_T_b38	2	2.68644e-05	1.745e-01	4.451e-02
