chr6_109383239_T_C_b38	1	2.80607e-01	4.481e-01	9.370e-02
chr6_109383248_A_C_b38	1	2.80572e-01	4.480e-01	9.368e-02
chr6_109382188_C_T_b38	1	9.83592e-02	4.482e-01	9.291e-02
chr6_109390116_T_C_b38	1	5.81090e-02	4.737e-01	9.301e-02
chr6_109383848_G_A_b38	1	3.83929e-02	4.506e-01	9.337e-02
chr6_109384807_C_A_b38	1	3.83929e-02	4.506e-01	9.337e-02
chr6_109392096_A_C_b38	1	2.11675e-02	4.601e-01	9.143e-02
chr6_109390638_C_A_b38	1	2.11675e-02	4.601e-01	9.143e-02
chr6_109392195_C_CAG_b38	1	2.11675e-02	4.601e-01	9.143e-02
chr6_109391534_G_C_b38	1	1.67221e-02	4.583e-01	9.168e-02
chr6_109361200_T_C_b38	1	1.41889e-02	4.755e-01	9.257e-02
chr6_109360458_T_C_b38	1	1.41889e-02	4.755e-01	9.257e-02
chr6_109367335_A_C_b38	1	1.41889e-02	4.755e-01	9.257e-02
chr6_109375548_G_T_b38	1	1.19882e-02	4.577e-01	9.257e-02
chr6_109395885_T_G_b38	1	8.08815e-03	4.639e-01	9.202e-02
chr6_109393881_G_A_b38	1	8.08815e-03	4.639e-01	9.202e-02
chr6_109368228_A_G_b38	1	5.57266e-03	4.599e-01	9.290e-02
chr6_109363084_T_C_b38	1	5.57266e-03	4.599e-01	9.290e-02
chr6_109371524_T_C_b38	1	5.57266e-03	4.599e-01	9.290e-02
chr6_109370741_G_A_b38	1	5.57266e-03	4.599e-01	9.290e-02
chr6_109360263_T_C_b38	1	5.57266e-03	4.599e-01	9.290e-02
chr6_109354286_A_G_b38	1	5.17961e-03	4.778e-01	9.284e-02
chr6_109354092_C_T_b38	1	5.17961e-03	4.778e-01	9.284e-02
chr6_109395905_C_G_b38	1	2.80305e-03	4.487e-01	9.307e-02
chr6_109358227_G_T_b38	1	2.42172e-03	4.575e-01	9.573e-02
chr6_109351795_C_A_b38	1	1.83637e-03	4.646e-01	9.404e-02
chr6_109382104_C_T_b38	2	4.54569e-01	-7.255e-01	1.966e-01
chr6_109381824_A_G_b38	2	4.54534e-01	-7.255e-01	1.966e-01
chr6_109396495_T_C_b38	2	1.88412e-02	-7.359e-01	1.974e-01
chr6_109406727_A_C_b38	2	1.88412e-02	-7.359e-01	1.974e-01
chr6_109430586_C_A_b38	2	5.69824e-03	-7.371e-01	1.976e-01
chr6_109425139_C_G_b38	2	5.69824e-03	-7.371e-01	1.976e-01
chr6_109427189_G_A_b38	2	5.69824e-03	-7.371e-01	1.976e-01
chr6_109409343_C_T_b38	2	5.69824e-03	-7.371e-01	1.976e-01
chr6_109441129_C_T_b38	2	2.30477e-03	-7.149e-01	1.825e-01
chr6_109437702_C_T_b38	2	1.37160e-03	-7.433e-01	1.990e-01
chr6_109438651_C_T_b38	2	1.37160e-03	-7.433e-01	1.990e-01
chr6_109458937_C_T_b38	2	1.37160e-03	-7.433e-01	1.990e-01
chr6_109435396_C_T_b38	2	1.37160e-03	-7.433e-01	1.990e-01
chr6_109473880_A_G_b38	2	1.37160e-03	-7.433e-01	1.990e-01
chr6_109382935_A_G_b38	3	1.83184e-01	4.840e-01	1.678e-01
chr6_109383183_C_A_b38	3	1.83184e-01	4.840e-01	1.678e-01
chr6_109382124_G_A_b38	3	6.22705e-02	5.147e-01	1.751e-01
chr6_109383445_A_G_b38	3	6.14953e-02	5.209e-01	1.747e-01
chr6_109383754_T_C_b38	3	3.24523e-02	4.951e-01	1.780e-01
chr6_109388333_C_T_b38	3	2.44143e-02	5.597e-01	1.739e-01
chr6_109386060_CAG_C_b38	3	1.45446e-02	5.628e-01	1.841e-01
chr6_109386966_C_T_b38	3	1.27179e-02	4.882e-01	1.669e-01
chr6_109386968_G_T_b38	3	1.27179e-02	4.882e-01	1.669e-01
chr6_109370125_T_C_b38	3	8.82122e-03	5.626e-01	1.755e-01
chr6_109365466_A_G_b38	3	8.82122e-03	5.626e-01	1.755e-01
chr6_109365424_C_A_b38	3	8.82122e-03	5.626e-01	1.755e-01
chr6_109398216_C_T_b38	3	8.43345e-03	5.626e-01	1.755e-01
chr6_109399450_G_A_b38	3	8.43345e-03	5.626e-01	1.755e-01
chr6_109392693_G_T_b38	3	7.64028e-03	4.891e-01	1.674e-01
chr6_109374345_G_A_b38	3	7.39261e-03	5.246e-01	1.742e-01
chr6_109374106_C_T_b38	3	7.39261e-03	5.246e-01	1.742e-01
chr6_109423319_A_G_b38	3	5.33432e-03	5.829e-01	1.736e-01
chr6_109423803_G_C_b38	3	5.33432e-03	5.829e-01	1.736e-01
chr6_109424420_C_G_b38	3	5.33432e-03	5.829e-01	1.736e-01
chr6_109390799_A_G_b38	3	3.82080e-03	5.005e-01	1.771e-01
chr6_109358629_G_A_b38	3	3.00374e-03	5.262e-01	1.747e-01
chr6_109363879_G_A_b38	3	3.00374e-03	5.262e-01	1.747e-01
chr6_109364994_G_A_b38	3	3.00374e-03	5.262e-01	1.747e-01
chr6_109362905_T_C_b38	3	3.00374e-03	5.262e-01	1.747e-01
chr6_109361543_T_C_b38	3	3.00374e-03	5.262e-01	1.747e-01
chr6_109370351_G_GTA_b38	3	3.00374e-03	5.262e-01	1.747e-01
chr6_109364473_A_C_b38	3	2.85791e-03	4.915e-01	1.686e-01
chr6_109357907_C_T_b38	3	2.85791e-03	4.915e-01	1.686e-01
chr6_109368478_T_C_b38	3	2.85791e-03	4.915e-01	1.686e-01
chr6_109354558_TA_T_b38	3	2.82281e-03	5.657e-01	1.772e-01
chr6_109350845_C_T_b38	3	2.82281e-03	5.657e-01	1.772e-01
chr6_109401184_A_T_b38	3	2.73228e-03	4.915e-01	1.686e-01
chr6_109401789_G_A_b38	3	2.73228e-03	4.915e-01	1.686e-01
chr6_109401880_C_T_b38	3	2.73228e-03	4.915e-01	1.686e-01
chr6_109404619_G_A_b38	3	2.73228e-03	4.915e-01	1.686e-01
chr6_109400025_A_C_b38	3	2.73228e-03	4.915e-01	1.686e-01
chr6_109449605_T_C_b38	3	2.04898e-03	5.912e-01	1.752e-01
chr6_109441397_A_C_b38	3	2.04898e-03	5.912e-01	1.752e-01
chr6_109396281_T_C_b38	3	1.42633e-03	4.989e-01	1.756e-01
chr6_109436323_A_G_b38	3	1.39228e-03	5.872e-01	1.761e-01
chr6_109351006_C_T_b38	3	1.35964e-03	5.567e-01	1.765e-01
chr6_109454163_C_T_b38	3	1.22521e-03	5.549e-01	1.727e-01
chr6_109394399_C_A_b38	3	1.16675e-03	4.553e-01	1.709e-01
chr6_109447510_G_A_b38	3	9.62058e-04	4.935e-01	1.476e-01
chr6_109356279_ATTC_A_b38	3	9.55454e-04	4.927e-01	1.697e-01
chr6_109478281_G_C_b38	3	9.38382e-04	5.790e-01	1.733e-01
chr6_109455712_G_T_b38	3	9.38382e-04	5.790e-01	1.733e-01
chr6_109464954_G_A_b38	3	9.38382e-04	5.790e-01	1.733e-01
chr6_109382524_C_A_b38	4	3.83756e-03	-1.260e-01	1.856e-01
chr6_109382480_G_C_b38	4	3.73339e-03	-2.080e-01	1.821e-01
chr6_109381925_CA_C_b38	4	8.00489e-04	-1.162e-01	1.882e-01
chr6_109384228_C_A_b38	4	3.15178e-04	-1.104e-01	1.901e-01
chr6_109385087_A_G_b38	4	3.15178e-04	-1.104e-01	1.901e-01
chr6_109403734_G_A_b38	4	2.95831e-05	3.927e-01	7.993e-02
chr6_109397362_C_G_b38	4	2.95831e-05	3.927e-01	7.993e-02
chr6_109401814_T_TCC_b38	4	2.95831e-05	3.927e-01	7.993e-02
chr6_109402736_G_A_b38	4	2.95831e-05	3.927e-01	7.993e-02
chr6_109401793_T_C_b38	4	2.95831e-05	3.927e-01	7.993e-02
chr6_109391084_C_T_b38	4	2.49074e-05	3.916e-01	8.380e-02
chr6_109370985_C_T_b38	4	2.17060e-05	3.829e-01	7.934e-02
chr6_109331614_C_G_b38	4	1.74792e-05	4.225e-01	7.949e-02
chr6_109374782_G_A_b38	4	1.57531e-05	3.846e-01	8.401e-02
chr6_109424122_T_A_b38	4	1.57016e-05	4.000e-01	8.028e-02
chr6_109332929_T_C_b38	4	1.24803e-05	3.997e-01	8.124e-02
chr6_109430292_A_C_b38	4	1.17992e-05	3.927e-01	7.993e-02
chr6_109424756_G_C_b38	4	1.17992e-05	3.927e-01	7.993e-02
chr6_109427644_T_C_b38	4	1.17992e-05	3.927e-01	7.993e-02
chr6_109420247_T_C_b38	4	1.17992e-05	3.927e-01	7.993e-02
chr6_109425054_A_G_b38	4	1.17992e-05	3.927e-01	7.993e-02
chr6_109424305_A_C_b38	4	1.17992e-05	3.927e-01	7.993e-02
chr6_109409679_T_C_b38	4	1.17992e-05	3.927e-01	7.993e-02
chr6_109426518_G_A_b38	4	1.17992e-05	3.927e-01	7.993e-02
chr6_109407238_T_C_b38	4	9.75205e-06	0.000e+00	0.000e+00
chr6_109358652_T_G_b38	4	7.94909e-06	0.000e+00	0.000e+00
chr6_109368704_G_T_b38	4	7.94909e-06	0.000e+00	0.000e+00
chr6_109367528_C_A_b38	4	5.28867e-06	0.000e+00	0.000e+00
chr6_109357369_C_T_b38	4	3.14139e-06	0.000e+00	0.000e+00
chr6_109405536_T_C_b38	4	2.65155e-06	0.000e+00	0.000e+00
chr6_109347707_G_A_b38	4	1.77545e-06	0.000e+00	0.000e+00
chr6_109346560_G_A_b38	4	1.77545e-06	0.000e+00	0.000e+00
chr6_109401914_A_G_b38	4	1.36346e-06	0.000e+00	0.000e+00
chr6_109369898_A_G_b38	4	7.98213e-07	0.000e+00	0.000e+00
chr6_109424139_A_G_b38	4	4.06792e-07	0.000e+00	0.000e+00
chr6_109352277_C_T_b38	4	3.15444e-07	0.000e+00	0.000e+00
chr6_109381443_A_T_b38	4	2.54386e-07	0.000e+00	0.000e+00
chr6_109387972_G_A_b38	4	1.54931e-07	0.000e+00	0.000e+00
chr6_109471826_T_C_b38	4	1.01762e-07	0.000e+00	0.000e+00
chr6_109375848_C_A_b38	4	6.27268e-08	0.000e+00	0.000e+00
chr6_109373851_T_C_b38	4	6.27268e-08	0.000e+00	0.000e+00
chr6_109378243_A_T_b38	4	4.27015e-08	0.000e+00	0.000e+00
chr6_109360679_T_C_b38	4	3.16523e-08	0.000e+00	0.000e+00
chr6_109372084_A_G_b38	4	3.16523e-08	0.000e+00	0.000e+00
chr6_109359125_C_T_b38	4	3.16523e-08	0.000e+00	0.000e+00
chr6_109365409_C_T_b38	4	3.16523e-08	0.000e+00	0.000e+00
chr6_109399202_G_C_b38	4	2.67592e-08	0.000e+00	0.000e+00
chr6_109403951_G_A_b38	4	2.67592e-08	0.000e+00	0.000e+00
chr6_109380457_G_C_b38	4	2.60134e-08	0.000e+00	0.000e+00
chr6_109380990_T_C_b38	4	2.60134e-08	0.000e+00	0.000e+00
chr6_109387685_T_G_b38	4	2.07495e-08	0.000e+00	0.000e+00
chr6_109403287_A_T_b38	4	1.92768e-08	0.000e+00	0.000e+00
chr6_109380015_T_C_b38	4	1.66862e-08	0.000e+00	0.000e+00
chr6_109388256_A_G_b38	4	1.38041e-08	0.000e+00	0.000e+00
chr6_109351533_A_G_b38	4	1.25086e-08	0.000e+00	0.000e+00
chr6_109339681_C_A_b38	4	1.25086e-08	0.000e+00	0.000e+00
chr6_109375003_A_G_b38	4	1.09228e-08	0.000e+00	0.000e+00
chr6_109373000_CCTA_C_b38	4	1.09228e-08	0.000e+00	0.000e+00
chr6_109427303_T_C_b38	4	1.06729e-08	0.000e+00	0.000e+00
chr6_109416945_A_G_b38	4	1.06729e-08	0.000e+00	0.000e+00
chr6_109415050_C_T_b38	4	1.05836e-08	0.000e+00	0.000e+00
chr6_109333018_A_G_b38	4	9.85486e-09	0.000e+00	0.000e+00
chr6_109350188_C_G_b38	4	6.72368e-09	0.000e+00	0.000e+00
chr6_109355573_G_A_b38	4	6.17938e-09	0.000e+00	0.000e+00
chr6_109395761_T_C_b38	4	6.10720e-09	0.000e+00	0.000e+00
chr6_109359747_G_A_b38	4	5.51173e-09	0.000e+00	0.000e+00
chr6_109366911_A_G_b38	4	5.51173e-09	0.000e+00	0.000e+00
chr6_109369545_AGTAAT_A_b38	4	5.51173e-09	0.000e+00	0.000e+00
chr6_109361318_T_C_b38	4	5.51173e-09	0.000e+00	0.000e+00
chr6_109357908_C_T_b38	4	5.51173e-09	0.000e+00	0.000e+00
chr6_109364245_CA_C_b38	4	5.51173e-09	0.000e+00	0.000e+00
chr6_109371281_C_T_b38	4	5.51173e-09	0.000e+00	0.000e+00
chr6_109371573_T_C_b38	4	5.51173e-09	0.000e+00	0.000e+00
chr6_109407148_A_G_b38	4	4.72861e-09	0.000e+00	0.000e+00
chr6_109421257_C_T_b38	4	4.34733e-09	0.000e+00	0.000e+00
chr6_109405874_A_C_b38	4	3.57602e-09	0.000e+00	0.000e+00
chr6_109397208_GGCAGAATA_G_b38	4	3.57602e-09	0.000e+00	0.000e+00
chr6_109399147_G_A_b38	4	3.57602e-09	0.000e+00	0.000e+00
chr6_109340338_G_C_b38	4	3.55816e-09	0.000e+00	0.000e+00
chr6_109415411_G_A_b38	4	2.86931e-09	0.000e+00	0.000e+00
chr6_109417511_A_G_b38	4	2.83487e-09	0.000e+00	0.000e+00
chr6_109416903_C_T_b38	4	2.83487e-09	0.000e+00	0.000e+00
chr6_109415123_C_T_b38	4	2.83487e-09	0.000e+00	0.000e+00
chr6_109420812_G_A_b38	4	2.83487e-09	0.000e+00	0.000e+00
chr6_109423487_T_C_b38	4	2.83487e-09	0.000e+00	0.000e+00
chr6_109422189_A_T_b38	4	2.83487e-09	0.000e+00	0.000e+00
chr6_109423330_T_A_b38	4	2.83487e-09	0.000e+00	0.000e+00
chr6_109417941_A_G_b38	4	2.83487e-09	0.000e+00	0.000e+00
chr6_109343926_C_G_b38	4	2.27212e-09	0.000e+00	0.000e+00
chr6_109421948_C_T_b38	4	2.21521e-09	0.000e+00	0.000e+00
chr6_109421805_G_A_b38	4	2.21521e-09	0.000e+00	0.000e+00
chr6_109352730_T_C_b38	4	2.17817e-09	0.000e+00	0.000e+00
chr6_109353355_A_G_b38	4	2.17817e-09	0.000e+00	0.000e+00
chr6_109354040_T_C_b38	4	2.17817e-09	0.000e+00	0.000e+00
chr6_109347277_C_T_b38	4	2.17817e-09	0.000e+00	0.000e+00
chr6_109352852_C_T_b38	4	2.17817e-09	0.000e+00	0.000e+00
chr6_109347085_C_T_b38	4	2.17817e-09	0.000e+00	0.000e+00
chr6_109429207_C_T_b38	4	1.59536e-09	0.000e+00	0.000e+00
chr6_109430398_G_A_b38	4	1.59536e-09	0.000e+00	0.000e+00
chr6_109423238_C_T_b38	4	1.42629e-09	0.000e+00	0.000e+00
chr6_109424711_C_G_b38	4	1.42629e-09	0.000e+00	0.000e+00
chr6_109428824_A_T_b38	4	1.42629e-09	0.000e+00	0.000e+00
chr6_109414295_T_C_b38	4	1.42629e-09	0.000e+00	0.000e+00
chr6_109413713_A_C_b38	4	8.10164e-10	0.000e+00	0.000e+00
chr6_109452743_T_C_b38	4	2.97841e-10	0.000e+00	0.000e+00
chr6_109446728_C_T_b38	4	2.86830e-10	0.000e+00	0.000e+00
chr6_109444615_C_G_b38	4	2.86830e-10	0.000e+00	0.000e+00
chr6_109441033_G_A_b38	4	2.86830e-10	0.000e+00	0.000e+00
chr6_109465229_C_T_b38	4	2.35249e-10	0.000e+00	0.000e+00
chr6_109479396_G_T_b38	4	2.35249e-10	0.000e+00	0.000e+00
chr6_109480428_G_A_b38	4	2.35249e-10	0.000e+00	0.000e+00
chr6_109469907_T_C_b38	4	2.25629e-10	0.000e+00	0.000e+00
