chr9_35806834_C_A_b38	1	6.24004e-01	-2.478e-01	2.355e-02
chr9_35808337_C_G_b38	1	1.39979e-01	2.600e-01	2.425e-02
chr9_35795524_A_G_b38	1	1.15741e-01	-2.465e-01	2.419e-02
chr9_35809331_A_G_b38	1	1.10309e-01	2.602e-01	2.433e-02
chr9_35858453_A_G_b38	1	6.46206e-03	2.577e-01	2.432e-02
chr9_35729670_TTGGGGAGGTAGAAA_T_b38	2	1.62410e-01	-2.489e-01	5.646e-02
chr9_35670311_G_A_b38	2	3.02157e-02	-2.712e-01	6.209e-02
chr9_35812626_G_T_b38	3	1.03109e-03	-1.817e-02	2.734e-02
chr9_35811488_ACCAGGACCAGAG_A_b38	3	4.11848e-04	-1.819e-02	2.551e-02
chr9_35807545_C_T_b38	3	1.33261e-04	-2.033e-02	2.790e-02
chr9_35807404_AGCTGGGGCC_A_b38	3	1.25227e-04	-2.038e-02	2.735e-02
chr9_35807647_A_G_b38	3	1.10519e-04	-1.664e-02	2.555e-02
chr9_35804464_C_T_b38	3	8.46755e-05	-2.079e-02	2.733e-02
chr9_35805137_T_C_b38	3	8.14058e-05	-1.940e-02	2.549e-02
chr9_35802586_C_T_b38	3	7.47307e-05	-1.654e-02	2.555e-02
chr9_35793710_C_T_b38	3	4.46025e-05	-2.412e-02	2.779e-02
chr9_35797830_C_T_b38	3	4.46025e-05	-2.412e-02	2.779e-02
chr9_35798070_T_C_b38	3	4.46025e-05	-2.412e-02	2.779e-02
chr9_35801439_C_T_b38	3	4.34444e-05	-2.332e-02	2.818e-02
chr9_35788242_T_C_b38	3	4.13130e-05	-2.204e-02	2.632e-02
chr9_35796995_T_C_b38	3	3.80875e-05	-1.880e-02	2.548e-02
chr9_35798713_A_G_b38	3	3.80875e-05	-1.880e-02	2.548e-02
chr9_35801236_T_C_b38	3	3.80875e-05	-1.880e-02	2.548e-02
chr9_35799075_A_G_b38	3	3.80875e-05	-1.880e-02	2.548e-02
chr9_35827361_A_G_b38	3	3.79793e-05	-2.007e-02	2.593e-02
chr9_35790154_A_G_b38	3	3.70953e-05	-1.784e-02	2.623e-02
chr9_35823012_T_C_b38	3	3.59652e-05	-1.829e-02	2.592e-02
chr9_35823229_A_C_b38	3	3.59652e-05	-1.829e-02	2.592e-02
chr9_35792426_T_C_b38	3	3.54472e-05	-1.639e-02	2.545e-02
chr9_35802095_G_C_b38	3	3.49747e-05	-1.593e-02	2.554e-02
chr9_35801859_C_A_b38	3	3.49747e-05	-1.593e-02	2.554e-02
chr9_35790581_AG_A_b38	3	3.43717e-05	-1.500e-02	2.558e-02
chr9_35789941_G_A_b38	3	3.37583e-05	-1.484e-02	2.522e-02
chr9_35789122_GT_G_b38	3	3.37583e-05	-1.484e-02	2.522e-02
chr9_35789174_C_T_b38	3	3.37583e-05	-1.484e-02	2.522e-02
chr9_35823613_G_C_b38	3	3.32175e-05	-1.552e-02	2.544e-02
chr9_35826061_T_C_b38	3	2.38986e-05	-1.209e-02	2.581e-02
chr9_35789723_T_C_b38	3	2.35371e-05	-1.012e-02	2.512e-02
chr9_35826041_T_C_b38	3	2.27466e-05	-9.891e-03	2.549e-02
chr9_35824720_T_C_b38	3	2.27466e-05	-9.891e-03	2.549e-02
chr9_35829034_G_A_b38	3	2.17113e-05	-6.441e-03	2.561e-02
chr9_35832533_C_T_b38	3	2.17073e-05	-6.404e-03	2.558e-02
chr9_35833331_T_C_b38	3	2.10273e-05	-3.190e-03	2.553e-02
chr9_35832991_C_T_b38	3	2.10161e-05	-2.639e-03	2.561e-02
chr9_35785719_A_T_b38	3	1.65043e-05	-2.914e-02	2.661e-02
chr9_35841074_C_T_b38	3	1.49538e-05	-2.738e-02	2.769e-02
chr9_35857615_T_A_b38	3	1.46425e-05	-2.661e-02	2.554e-02
chr9_35858546_G_A_b38	3	1.46425e-05	-2.661e-02	2.554e-02
chr9_35843006_C_G_b38	3	1.33038e-05	-2.406e-02	2.778e-02
chr9_35843083_T_A_b38	3	1.31173e-05	-2.367e-02	2.578e-02
chr9_35842304_G_A_b38	3	1.31173e-05	-2.367e-02	2.578e-02
chr9_35854545_A_G_b38	3	1.30081e-05	-2.346e-02	2.575e-02
chr9_35854487_A_AG_b38	3	1.30081e-05	-2.346e-02	2.575e-02
chr9_35786619_C_T_b38	3	1.21746e-05	-2.074e-02	2.653e-02
chr9_35783934_T_A_b38	3	1.19224e-05	-1.962e-02	2.717e-02
chr9_35839616_G_A_b38	3	1.18152e-05	-2.072e-02	2.583e-02
chr9_35779336_A_C_b38	3	1.17751e-05	-1.998e-02	2.647e-02
chr9_35778747_A_G_b38	3	1.16390e-05	-1.835e-02	2.802e-02
chr9_35762941_TGTCTTGCCAGAG_T_b38	3	1.13878e-05	-1.757e-02	2.781e-02
chr9_35852673_T_C_b38	3	1.05332e-05	-1.666e-02	2.580e-02
chr9_35786315_G_A_b38	3	1.02074e-05	-1.484e-02	2.522e-02
chr9_35839376_G_A_b38	3	9.83392e-06	0.000e+00	0.000e+00
chr9_35855221_G_T_b38	3	9.83173e-06	0.000e+00	0.000e+00
chr9_35779428_G_A_b38	3	9.72133e-06	0.000e+00	0.000e+00
chr9_35786892_A_G_b38	3	9.10954e-06	0.000e+00	0.000e+00
chr9_35780332_C_T_b38	3	8.60413e-06	0.000e+00	0.000e+00
chr9_35769374_A_T_b38	3	8.59313e-06	0.000e+00	0.000e+00
