chr12_3118689_C_G_b38	1	3.15766e-01	1.248e-01	3.009e-02
chr12_3112465_C_T_b38	1	2.74551e-01	1.248e-01	3.026e-02
chr12_3118233_T_TCCCACA_b38	1	2.04645e-01	1.146e-01	2.753e-02
chr12_3118337_G_A_b38	1	2.04645e-01	1.146e-01	2.753e-02
chr12_3247120_C_T_b38	2	1.72171e-01	2.530e-01	4.291e-02
chr12_3244190_C_T_b38	2	6.87635e-02	2.410e-01	4.202e-02
chr12_3248972_C_T_b38	2	6.07074e-02	2.433e-01	4.267e-02
chr12_3283497_C_T_b38	2	4.80794e-02	2.423e-01	4.279e-02
chr12_3283934_C_T_b38	2	4.80794e-02	2.423e-01	4.279e-02
chr12_3274546_TGTCA_T_b38	2	4.80794e-02	2.423e-01	4.279e-02
chr12_3274823_C_A_b38	2	4.80794e-02	2.423e-01	4.279e-02
chr12_3281031_C_T_b38	2	4.80794e-02	2.423e-01	4.279e-02
chr12_3279547_G_A_b38	2	4.80794e-02	2.423e-01	4.279e-02
chr12_3281414_C_T_b38	2	4.80794e-02	2.423e-01	4.279e-02
chr12_3244396_C_T_b38	2	3.85291e-02	2.448e-01	4.350e-02
chr12_3244696_T_C_b38	2	3.85291e-02	2.448e-01	4.350e-02
chr12_3245750_C_T_b38	2	3.85291e-02	2.448e-01	4.350e-02
chr12_3281637_G_A_b38	2	3.65599e-02	2.433e-01	4.331e-02
chr12_3250340_T_A_b38	2	3.56860e-02	2.451e-01	4.363e-02
chr12_3253040_ACT_A_b38	2	3.56860e-02	2.451e-01	4.363e-02
chr12_3255370_G_T_b38	2	3.56860e-02	2.451e-01	4.363e-02
chr12_3255474_A_ACTTTCTCCCCACTCAGCC_b38	2	3.56860e-02	2.451e-01	4.363e-02
chr12_3266614_G_A_b38	2	1.32951e-02	2.353e-01	4.337e-02
chr12_3257920_G_A_b38	2	1.32951e-02	2.353e-01	4.337e-02
chr12_3269973_T_C_b38	2	1.32951e-02	2.353e-01	4.337e-02
chr12_3264657_G_C_b38	2	1.32951e-02	2.353e-01	4.337e-02
chr12_3258973_G_T_b38	2	1.32951e-02	2.353e-01	4.337e-02
chr12_3093202_A_C_b38	3	2.98339e-01	-8.869e-02	2.040e-02
chr12_3100077_A_G_b38	3	1.48566e-01	-8.688e-02	2.072e-02
chr12_3097225_T_C_b38	3	1.07908e-01	-8.541e-02	2.070e-02
chr12_3097088_T_C_b38	3	1.07908e-01	-8.541e-02	2.070e-02
chr12_3097833_A_G_b38	3	1.07908e-01	-8.541e-02	2.070e-02
chr12_3097655_A_G_b38	3	1.07908e-01	-8.541e-02	2.070e-02
chr12_3091863_T_A_b38	3	4.97679e-02	-8.391e-02	2.112e-02
chr12_3092204_C_A_b38	3	1.32079e-02	-7.776e-02	2.129e-02
chr12_3103092_C_T_b38	3	5.49362e-03	-7.903e-02	2.047e-02
chr12_3102975_C_T_b38	3	5.49362e-03	-7.903e-02	2.047e-02
chr12_3096017_T_C_b38	3	8.54363e-04	-7.030e-02	2.001e-02
chr12_3091798_T_C_b38	3	8.06062e-04	-7.019e-02	1.998e-02
chr12_3096741_G_A_b38	3	6.63596e-04	-6.943e-02	2.007e-02
chr12_3096391_A_G_b38	3	6.26698e-04	-7.063e-02	2.019e-02
chr12_3097691_T_C_b38	3	4.46661e-04	-6.890e-02	2.015e-02
chr12_3100643_G_A_b38	3	3.77567e-04	-6.826e-02	2.028e-02
chr12_3100328_C_G_b38	3	3.66214e-04	-6.785e-02	2.021e-02
chr12_3098592_T_C_b38	3	3.66214e-04	-6.785e-02	2.021e-02
chr12_3102023_A_G_b38	3	3.20343e-04	-6.745e-02	2.022e-02
chr12_3099205_A_ATGT_b38	3	1.59043e-04	-6.600e-02	2.012e-02
chr12_3077273_A_C_b38	4	1.19952e-01	-5.892e-02	2.155e-02
chr12_3077758_A_C_b38	4	1.14087e-01	-5.890e-02	2.164e-02
chr12_3077493_G_A_b38	4	8.00948e-02	5.535e-02	2.133e-02
chr12_3077626_G_A_b38	4	4.20451e-02	-5.139e-02	2.204e-02
chr12_3076968_A_C_b38	4	1.76895e-02	-4.383e-02	2.229e-02
chr12_3076890_G_A_b38	4	1.01794e-02	4.018e-02	2.250e-02
chr12_3078496_G_C_b38	4	5.36652e-03	-5.232e-02	2.130e-02
chr12_3079348_C_T_b38	4	4.30390e-03	5.137e-02	2.123e-02
chr12_3080358_T_C_b38	4	4.18883e-03	-5.510e-02	2.130e-02
chr12_3078746_G_C_b38	4	3.95309e-03	5.107e-02	2.129e-02
chr12_3085502_T_C_b38	4	2.02828e-03	-5.698e-02	2.143e-02
chr12_3088878_C_T_b38	4	1.78634e-03	6.106e-02	2.120e-02
chr12_3081738_G_C_b38	4	1.61030e-03	5.024e-02	2.114e-02
chr12_3080357_A_G_b38	4	1.56631e-03	4.993e-02	2.103e-02
chr12_3085398_G_A_b38	4	1.15723e-03	5.407e-02	2.099e-02
chr12_3080571_C_G_b38	4	1.12150e-03	4.874e-02	2.101e-02
chr12_3083778_C_A_b38	4	2.50815e-04	4.994e-02	2.117e-02
chr12_3083322_A_G_b38	4	2.50815e-04	4.994e-02	2.117e-02
chr12_3082736_T_G_b38	4	2.50815e-04	4.994e-02	2.117e-02
chr12_3082930_C_T_b38	4	2.50815e-04	4.994e-02	2.117e-02
chr12_3083775_T_C_b38	4	2.50815e-04	4.994e-02	2.117e-02
chr12_3082643_G_A_b38	4	1.73261e-04	4.924e-02	2.094e-02
chr12_3084731_G_A_b38	4	1.32941e-04	-4.843e-02	2.118e-02
chr12_3084665_A_C_b38	4	1.27403e-04	4.764e-02	2.093e-02
chr12_3083522_T_C_b38	4	1.22312e-04	4.766e-02	2.118e-02
chr12_3082580_G_A_b38	4	1.20938e-04	4.799e-02	2.135e-02
chr12_3082935_G_A_b38	4	1.11456e-04	4.828e-02	2.104e-02
chr12_3082469_G_A_b38	4	1.01754e-04	4.753e-02	2.110e-02
chr12_3076199_C_T_b38	4	8.68424e-05	-3.769e-02	2.298e-02
chr12_3086036_G_A_b38	4	7.32150e-05	4.590e-02	2.055e-02
chr12_3072740_C_T_b38	5	2.75464e-03	-1.487e-01	5.149e-02
