chr6_43018235_T_C_b38	1	1.35013e-01	-1.487e-01	3.499e-02
chr6_43019890_T_C_b38	1	7.65209e-02	-1.487e-01	3.498e-02
chr6_43008494_T_G_b38	1	4.46645e-02	-1.418e-01	3.434e-02
chr6_43004179_G_C_b38	1	4.46645e-02	-1.418e-01	3.434e-02
chr6_43004317_T_C_b38	1	4.46645e-02	-1.418e-01	3.434e-02
chr6_43030817_A_G_b38	1	3.40949e-02	-1.468e-01	3.458e-02
chr6_43021929_TG_T_b38	1	3.26213e-02	-1.383e-01	3.423e-02
chr6_43023470_C_T_b38	1	3.26213e-02	-1.383e-01	3.423e-02
chr6_43010588_G_A_b38	1	2.38993e-02	-1.362e-01	3.524e-02
chr6_42998142_C_T_b38	1	2.27533e-02	-1.417e-01	3.425e-02
chr6_43001214_A_G_b38	1	2.27533e-02	-1.417e-01	3.425e-02
chr6_42992337_A_G_b38	1	2.27533e-02	-1.417e-01	3.425e-02
chr6_43010090_GAA_G_b38	1	1.97341e-02	-1.506e-01	3.930e-02
chr6_43006771_A_G_b38	1	1.83753e-02	-1.605e-01	4.084e-02
chr6_43005950_T_C_b38	1	1.62255e-02	-1.361e-01	3.520e-02
chr6_43018625_C_T_b38	1	1.57412e-02	-1.376e-01	3.749e-02
chr6_43020039_A_G_b38	1	1.56632e-02	-1.345e-01	3.500e-02
chr6_43026929_G_T_b38	1	1.50039e-02	-1.370e-01	3.397e-02
chr6_43027473_A_G_b38	1	1.50039e-02	-1.370e-01	3.397e-02
chr6_43007906_T_C_b38	1	1.04547e-02	-1.449e-01	3.888e-02
chr6_42998361_C_T_b38	1	9.29116e-03	-1.603e-01	4.082e-02
chr6_43063678_T_C_b38	1	9.19069e-03	-1.457e-01	3.497e-02
chr6_43002769_T_C_b38	1	8.30413e-03	-1.361e-01	3.519e-02
chr6_43000350_A_G_b38	1	8.30413e-03	-1.361e-01	3.519e-02
chr6_43001835_T_C_b38	1	8.30413e-03	-1.361e-01	3.519e-02
chr6_42994182_T_C_b38	1	8.30413e-03	-1.361e-01	3.519e-02
chr6_43021675_CGCCGGG_C_b38	1	8.22524e-03	-1.260e-01	3.445e-02
chr6_43025070_T_C_b38	1	7.68192e-03	-1.343e-01	3.488e-02
chr6_43025087_C_G_b38	1	7.68192e-03	-1.343e-01	3.488e-02
chr6_43022582_GGTTT_G_b38	1	7.46278e-03	-1.242e-01	3.426e-02
chr6_43021504_T_C_b38	1	7.46278e-03	-1.242e-01	3.426e-02
chr6_43037425_A_ATC_b38	1	7.14851e-03	-1.330e-01	3.471e-02
chr6_43037090_G_C_b38	1	7.14851e-03	-1.330e-01	3.471e-02
chr6_43028811_T_G_b38	1	7.06191e-03	-1.326e-01	3.463e-02
chr6_43057757_T_G_b38	1	6.97121e-03	-1.438e-01	3.503e-02
chr6_42996178_A_AAG_b38	1	6.65226e-03	-1.328e-01	3.483e-02
chr6_43034983_A_G_b38	1	6.47047e-03	-1.301e-01	3.422e-02
chr6_43036394_C_T_b38	1	5.55082e-03	-1.303e-01	3.467e-02
chr6_42998141_G_A_b38	1	4.97478e-03	-1.275e-01	3.426e-02
chr6_43028616_T_C_b38	1	4.63738e-03	-1.289e-01	3.482e-02
chr6_42990903_T_G_b38	1	3.95316e-03	-1.248e-01	3.415e-02
chr6_43000001_G_T_b38	1	3.91708e-03	-1.257e-01	3.445e-02
chr6_43051928_C_T_b38	1	3.67016e-03	-1.554e-01	3.973e-02
chr6_43030793_G_A_b38	1	3.59106e-03	-1.392e-01	3.856e-02
chr6_43032094_C_G_b38	1	3.46130e-03	-1.230e-01	3.406e-02
chr6_43059076_A_G_b38	1	3.25087e-03	-1.532e-01	3.951e-02
chr6_43056727_C_T_b38	1	3.25087e-03	-1.532e-01	3.951e-02
chr6_43054876_A_G_b38	1	3.25087e-03	-1.532e-01	3.951e-02
chr6_43055633_T_C_b38	1	3.25087e-03	-1.532e-01	3.951e-02
chr6_43055358_C_T_b38	1	3.25087e-03	-1.532e-01	3.951e-02
chr6_43054787_C_T_b38	1	3.25087e-03	-1.532e-01	3.951e-02
chr6_43053535_T_TG_b38	1	3.25087e-03	-1.532e-01	3.951e-02
chr6_43063552_G_A_b38	1	3.16116e-03	-1.521e-01	3.932e-02
chr6_43020260_G_A_b38	1	3.05707e-03	-1.372e-01	4.158e-02
chr6_43068583_C_G_b38	1	2.67679e-03	-1.455e-01	3.483e-02
chr6_43069267_T_C_b38	1	2.67679e-03	-1.455e-01	3.483e-02
chr6_43065252_C_T_b38	1	2.67679e-03	-1.455e-01	3.483e-02
chr6_43069790_C_T_b38	1	2.67679e-03	-1.455e-01	3.483e-02
chr6_43067269_C_T_b38	1	2.67679e-03	-1.455e-01	3.483e-02
chr6_43064392_T_A_b38	1	2.67679e-03	-1.455e-01	3.483e-02
chr6_43078526_A_AG_b38	1	2.67679e-03	-1.455e-01	3.483e-02
chr6_42991162_T_C_b38	1	2.50551e-03	-1.171e-01	3.336e-02
chr6_42971013_C_T_b38	1	2.31015e-03	-1.536e-01	4.063e-02
chr6_43068805_T_C_b38	1	2.03668e-03	-1.438e-01	3.503e-02
chr6_43080209_A_G_b38	1	2.03668e-03	-1.438e-01	3.503e-02
chr6_42988115_A_G_b38	1	1.88359e-03	-1.259e-01	3.401e-02
chr6_43043995_C_T_b38	1	1.48688e-03	-1.259e-01	3.435e-02
chr6_43014118_C_A_b38	2	1.67839e-02	3.784e-02	8.122e-02
chr6_43012720_C_T_b38	2	2.73467e-03	5.000e-02	8.222e-02
chr6_43009535_A_C_b38	2	1.15829e-03	2.449e-02	8.681e-02
chr6_43005873_C_T_b38	2	8.29189e-04	4.502e-02	8.460e-02
chr6_43008814_T_C_b38	2	7.54625e-04	2.304e-02	8.745e-02
chr6_43007724_C_T_b38	2	7.54625e-04	2.304e-02	8.745e-02
chr6_42997658_C_T_b38	2	2.77317e-04	4.663e-02	8.468e-02
chr6_43003012_T_C_b38	2	2.77317e-04	4.663e-02	8.468e-02
chr6_42993228_C_T_b38	2	2.77317e-04	4.663e-02	8.468e-02
chr6_42994621_A_ATGG_b38	2	2.77317e-04	4.663e-02	8.468e-02
chr6_42994710_C_T_b38	2	2.71453e-04	1.589e-02	9.057e-02
chr6_42992348_C_T_b38	2	2.71453e-04	1.589e-02	9.057e-02
chr6_42999974_C_T_b38	2	2.71453e-04	1.589e-02	9.057e-02
chr6_43001267_G_C_b38	2	2.71453e-04	1.589e-02	9.057e-02
chr6_42999126_G_A_b38	2	2.71453e-04	1.589e-02	9.057e-02
chr6_42996224_G_C_b38	2	2.71453e-04	1.589e-02	9.057e-02
chr6_42990276_G_A_b38	2	1.21424e-04	2.858e-02	6.468e-02
chr6_42989008_C_T_b38	2	3.91795e-05	6.145e-02	5.104e-02
chr6_42982901_G_A_b38	2	3.86249e-05	6.060e-02	5.290e-02
chr6_43041138_A_G_b38	2	3.62302e-05	2.456e-02	7.505e-02
chr6_43015021_A_C_b38	3	2.26204e-02	-1.673e-01	4.811e-02
chr6_42979738_C_T_b38	3	2.26431e-03	-2.343e-01	6.096e-02
chr6_42995433_C_T_b38	3	2.17997e-03	-1.675e-01	4.784e-02
chr6_42985653_G_T_b38	3	2.11478e-03	-2.039e-01	5.368e-02
chr6_43023580_T_TCCCATC_b38	3	1.66389e-03	-1.707e-01	5.408e-02
chr6_43021103_C_T_b38	3	1.66389e-03	-1.707e-01	5.408e-02
chr6_43023577_A_ACCACCC_b38	3	1.66389e-03	-1.707e-01	5.408e-02
chr6_43023578_G_A_b38	3	1.66389e-03	-1.707e-01	5.408e-02
chr6_43008175_CAAGA_C_b38	3	1.54300e-03	-1.716e-01	5.454e-02
chr6_42980126_C_T_b38	3	1.30463e-03	-1.739e-01	4.796e-02
chr6_42983013_G_A_b38	3	1.26194e-03	-1.705e-01	4.720e-02
chr6_42981473_T_C_b38	3	1.26194e-03	-1.705e-01	4.720e-02
chr6_42978140_C_T_b38	3	1.24252e-03	-1.772e-01	4.906e-02
chr6_42997345_A_G_b38	3	7.37138e-04	-1.681e-01	5.389e-02
chr6_42956338_T_C_b38	3	6.84277e-04	-1.873e-01	4.895e-02
chr6_42962571_A_G_b38	3	6.84277e-04	-1.873e-01	4.895e-02
chr6_42955352_A_C_b38	3	6.84277e-04	-1.873e-01	4.895e-02
chr6_42986754_C_T_b38	3	5.38043e-04	-1.619e-01	4.870e-02
chr6_42986691_G_A_b38	3	5.38043e-04	-1.619e-01	4.870e-02
chr6_42989130_G_A_b38	3	4.42697e-04	-1.489e-01	5.125e-02
chr6_42990226_C_A_b38	3	4.42697e-04	-1.489e-01	5.125e-02
chr6_42973316_CTCT_C_b38	3	4.17515e-04	-1.693e-01	5.225e-02
chr6_42972496_T_C_b38	3	3.87963e-04	-1.637e-01	5.101e-02
chr6_42975065_TA_T_b38	3	3.87963e-04	-1.637e-01	5.101e-02
chr6_42968764_G_A_b38	3	3.87963e-04	-1.637e-01	5.101e-02
chr6_42965726_G_A_b38	3	3.87963e-04	-1.637e-01	5.101e-02
chr6_42961514_G_T_b38	3	3.84967e-04	-1.828e-01	5.013e-02
chr6_42996370_C_T_b38	3	3.69393e-04	-1.478e-01	5.224e-02
chr6_43053495_G_A_b38	3	3.68364e-04	-1.742e-01	5.397e-02
chr6_42987363_C_T_b38	3	3.64756e-04	-1.561e-01	4.907e-02
chr6_42975268_G_A_b38	3	3.57676e-04	-1.557e-01	4.907e-02
chr6_42959096_C_G_b38	3	3.50556e-04	-1.772e-01	4.906e-02
chr6_42963477_C_T_b38	3	3.50556e-04	-1.772e-01	4.906e-02
chr6_42955969_G_A_b38	3	2.26339e-04	-2.072e-01	5.929e-02
chr6_43072928_A_T_b38	3	2.15046e-04	-2.051e-01	5.871e-02
chr6_43076882_A_G_b38	3	2.15046e-04	-2.051e-01	5.871e-02
chr6_43064764_C_T_b38	3	2.15046e-04	-2.051e-01	5.871e-02
chr6_43069952_T_G_b38	3	2.15046e-04	-2.051e-01	5.871e-02
chr6_43077831_C_G_b38	3	2.15046e-04	-2.051e-01	5.871e-02
chr6_42976138_T_C_b38	3	2.07331e-04	-1.451e-01	4.904e-02
chr6_42972883_G_A_b38	3	9.91834e-05	-1.624e-01	6.133e-02
chr6_43044028_T_C_b38	3	9.63046e-05	-1.303e-01	4.896e-02
