chr2_28401115_A_G_b38	1	3.89153e-01	-2.269e-01	2.988e-02
chr2_28412873_T_C_b38	1	1.31143e-01	-2.203e-01	2.963e-02
chr2_28422253_C_A_b38	1	1.09110e-01	2.214e-01	3.053e-02
chr2_28400180_T_C_b38	1	1.04789e-01	-2.249e-01	2.963e-02
chr2_28424165_T_A_b38	1	5.51447e-02	2.149e-01	3.021e-02
chr2_28385637_C_T_b38	1	5.05287e-02	2.216e-01	2.959e-02
chr2_28423081_C_T_b38	1	3.31533e-02	2.162e-01	3.052e-02
chr2_28407025_T_C_b38	1	3.05225e-02	-2.120e-01	2.925e-02
chr2_28406476_G_T_b38	1	2.89829e-02	-2.117e-01	2.930e-02
chr2_28406500_G_C_b38	1	2.89829e-02	-2.117e-01	2.930e-02
chr2_28383911_C_T_b38	1	1.08222e-02	2.158e-01	2.975e-02
chr2_28421421_G_GTGGTACTGTTTCCCCTTTA_b38	1	7.94151e-03	2.117e-01	3.089e-02
chr2_28422935_C_T_b38	1	6.02196e-03	2.116e-01	3.120e-02
chr2_28417460_C_T_b38	1	5.64381e-03	2.140e-01	3.095e-02
chr2_28421995_A_T_b38	1	4.66131e-03	2.091e-01	3.085e-02
chr2_28426109_G_A_b38	2	4.53993e-02	-6.975e-02	3.193e-02
chr2_28428638_A_G_b38	2	1.10127e-02	-7.986e-02	3.145e-02
chr2_28432286_T_C_b38	2	9.60941e-03	-8.143e-02	3.038e-02
chr2_28427260_T_G_b38	2	7.01512e-03	-6.889e-02	3.093e-02
chr2_28429319_T_A_b38	2	5.01376e-03	-7.151e-02	3.121e-02
chr2_28438334_T_C_b38	2	1.60370e-03	-7.508e-02	3.010e-02
chr2_28341230_A_T_b38	3	5.24082e-04	1.443e-01	4.209e-02
chr2_28342719_T_G_b38	3	3.55896e-04	1.392e-01	4.224e-02
chr2_28332114_G_T_b38	3	1.57668e-04	1.267e-01	4.127e-02
chr2_28330869_G_A_b38	3	1.56674e-04	-1.257e-01	4.091e-02
chr2_28330518_G_A_b38	3	1.56674e-04	-1.257e-01	4.091e-02
chr2_28336850_C_T_b38	3	1.31241e-04	1.279e-01	4.212e-02
chr2_28339580_G_A_b38	3	1.18737e-04	-1.102e-01	3.616e-02
chr2_28339836_C_T_b38	3	1.07170e-04	-1.058e-01	3.541e-02
chr2_28330231_G_A_b38	3	9.77692e-05	1.266e-01	4.278e-02
chr2_28330826_A_T_b38	3	8.02459e-05	-1.186e-01	4.100e-02
chr2_28338891_T_C_b38	3	5.63230e-05	1.019e-01	3.609e-02
chr2_28332700_C_T_b38	3	5.23513e-05	1.207e-01	4.319e-02
chr2_28338890_C_T_b38	3	2.61918e-05	9.682e-02	3.598e-02
chr2_28341430_G_A_b38	3	6.34440e-06	0.000e+00	0.000e+00
chr2_28317277_C_T_b38	3	1.27720e-12	0.000e+00	0.000e+00
