chr1_39575699_G_GA_b38	1	7.17759e-02	-1.473e-01	4.128e-02
chr1_39578100_G_A_b38	1	6.90224e-02	-1.508e-01	4.220e-02
chr1_39580421_G_A_b38	1	4.31718e-02	-1.490e-01	4.176e-02
chr1_39579628_A_C_b38	1	4.31718e-02	-1.490e-01	4.176e-02
chr1_39582337_G_A_b38	1	2.62396e-02	-1.490e-01	4.176e-02
chr1_39591871_A_G_b38	1	2.60068e-02	-1.570e-01	4.158e-02
chr1_39572899_C_T_b38	1	2.33987e-02	-1.411e-01	4.198e-02
chr1_39576027_T_TCGGAGC_b38	1	2.02912e-02	-1.257e-01	4.412e-02
chr1_39594353_G_A_b38	1	2.00833e-02	-1.517e-01	4.106e-02
chr1_39586436_C_G_b38	1	1.58381e-02	-1.432e-01	4.209e-02
chr1_39594801_G_A_b38	1	1.52788e-02	-1.513e-01	4.192e-02
chr1_39599289_G_A_b38	1	1.52788e-02	-1.513e-01	4.192e-02
chr1_39571175_G_C_b38	1	1.49375e-02	-1.426e-01	4.212e-02
chr1_39570014_C_T_b38	1	1.49375e-02	-1.426e-01	4.212e-02
chr1_39562508_A_G_b38	1	1.36403e-02	-1.475e-01	4.125e-02
chr1_39574035_G_A_b38	1	1.30881e-02	-1.164e-01	3.679e-02
chr1_39579041_A_C_b38	1	1.21065e-02	1.051e-01	3.538e-02
chr1_39570256_G_T_b38	1	7.73225e-03	-1.443e-01	4.575e-02
chr1_39581225_C_T_b38	1	7.72303e-03	1.054e-01	3.545e-02
chr1_39579796_A_G_b38	1	7.68010e-03	1.051e-01	3.538e-02
chr1_39573264_G_A_b38	1	7.43452e-03	-1.082e-01	3.664e-02
chr1_39572230_A_G_b38	1	7.43452e-03	-1.082e-01	3.664e-02
chr1_39553919_A_G_b38	1	7.13919e-03	-1.412e-01	4.197e-02
chr1_39556810_C_T_b38	1	7.13919e-03	-1.412e-01	4.197e-02
chr1_39552837_C_T_b38	1	7.13919e-03	-1.412e-01	4.197e-02
chr1_39559525_TG_T_b38	1	7.13919e-03	-1.412e-01	4.197e-02
chr1_39557105_C_G_b38	1	7.13919e-03	-1.412e-01	4.197e-02
chr1_39615791_C_T_b38	1	6.20603e-03	-1.298e-01	3.571e-02
chr1_39583839_C_T_b38	1	5.75970e-03	1.073e-01	3.519e-02
chr1_39578080_C_G_b38	1	5.54855e-03	-1.176e-01	4.462e-02
chr1_39588827_A_G_b38	1	5.13702e-03	-1.159e-01	3.568e-02
chr1_39587326_A_G_b38	1	4.85949e-03	1.148e-01	3.554e-02
chr1_39587137_T_G_b38	1	4.85949e-03	1.148e-01	3.554e-02
chr1_39587969_G_A_b38	1	4.85949e-03	-1.148e-01	3.554e-02
chr1_39584831_A_T_b38	1	4.69561e-03	1.054e-01	3.545e-02
chr1_39584896_A_G_b38	1	4.69561e-03	1.054e-01	3.545e-02
chr1_39537738_C_T_b38	1	4.32499e-03	-1.462e-01	4.155e-02
chr1_39591028_G_C_b38	1	3.96892e-03	-1.120e-01	3.548e-02
chr1_39557375_T_A_b38	1	3.58313e-03	-1.241e-01	3.980e-02
chr1_39599944_G_A_b38	1	3.26492e-03	-1.290e-01	4.189e-02
chr1_39609695_A_G_b38	1	2.95636e-03	-1.283e-01	3.779e-02
chr1_39613442_A_G_b38	1	2.95636e-03	-1.283e-01	3.779e-02
chr1_39546761_C_T_b38	1	2.70757e-03	-1.412e-01	4.197e-02
chr1_39546558_C_T_b38	1	2.70757e-03	-1.412e-01	4.197e-02
chr1_39544563_T_C_b38	1	2.70757e-03	-1.412e-01	4.197e-02
chr1_39607339_G_C_b38	1	2.60520e-03	-1.247e-01	3.719e-02
chr1_39571682_C_G_b38	1	1.97459e-03	-1.160e-01	4.456e-02
chr1_39535388_A_G_b38	1	1.96724e-03	-1.320e-01	4.058e-02
chr1_39611108_G_A_b38	1	1.63810e-03	-1.204e-01	3.773e-02
chr1_39554832_T_C_b38	1	1.61593e-03	9.792e-02	3.466e-02
chr1_39529402_C_T_b38	1	1.47976e-03	-1.303e-01	4.136e-02
chr1_39568233_G_A_b38	1	1.33058e-03	-1.219e-01	5.061e-02
chr1_39566567_T_C_b38	1	1.25247e-03	9.487e-02	3.468e-02
chr1_39604267_G_A_b38	1	1.23945e-03	-1.165e-01	3.754e-02
chr1_39611865_G_A_b38	1	1.21601e-03	-1.290e-01	4.189e-02
chr1_39610222_G_A_b38	1	1.21601e-03	-1.290e-01	4.189e-02
chr1_39620685_G_T_b38	1	1.21601e-03	-1.290e-01	4.189e-02
chr1_39622092_G_A_b38	1	1.21601e-03	-1.290e-01	4.189e-02
chr1_39617969_C_A_b38	1	1.21601e-03	-1.290e-01	4.189e-02
chr1_39587421_A_C_b38	1	1.09697e-03	-1.176e-01	4.462e-02
chr1_39613574_C_T_b38	1	9.47515e-04	-1.259e-01	4.201e-02
chr1_39591895_G_T_b38	2	1.65257e-02	2.490e-01	7.978e-02
chr1_39552750_G_A_b38	2	1.08290e-02	1.826e-01	6.281e-02
chr1_39523127_G_A_b38	2	9.87123e-04	2.503e-01	8.384e-02
chr1_39492658_A_G_b38	2	1.83932e-04	2.350e-01	9.760e-02
