chr19_10666690_T_A_b38	1	8.88704e-01	8.809e-01	1.455e-01
chr19_10640375_G_C_b38	1	1.85488e-02	6.724e-01	1.594e-01
chr19_10637619_C_T_b38	1	1.85488e-02	6.724e-01	1.594e-01
chr19_10641210_T_C_b38	1	1.85488e-02	6.724e-01	1.594e-01
chr19_10640318_T_G_b38	1	1.85488e-02	6.724e-01	1.594e-01
chr19_10636164_C_T_b38	1	1.85488e-02	6.724e-01	1.594e-01
chr19_10632920_C_T_b38	1	1.85488e-02	6.724e-01	1.594e-01
chr19_10647643_C_T_b38	2	3.66781e-01	2.340e-01	8.889e-02
chr19_10649305_G_C_b38	2	2.38598e-01	2.216e-01	4.405e-02
chr19_10647777_G_A_b38	2	1.23618e-01	2.219e-01	4.414e-02
chr19_10654238_G_A_b38	2	3.16886e-02	1.982e-01	5.786e-02
chr19_10653527_G_T_b38	2	3.16886e-02	1.982e-01	5.786e-02
chr19_10654191_C_G_b38	2	3.16886e-02	1.982e-01	5.786e-02
chr19_10645555_TG_T_b38	2	2.72178e-02	2.126e-01	3.919e-02
chr19_10637445_C_T_b38	2	2.06383e-02	2.120e-01	3.863e-02
chr19_10639439_TG_T_b38	2	1.82619e-02	2.098e-01	3.976e-02
chr19_10667497_G_A_b38	2	1.58850e-02	2.121e-01	3.452e-02
chr19_10645392_C_CTG_b38	2	1.56309e-02	2.085e-01	4.904e-02
chr19_10649331_G_A_b38	2	1.40150e-02	2.105e-01	3.529e-02
chr19_10668087_A_T_b38	2	1.33006e-02	2.113e-01	3.493e-02
chr19_10656122_A_C_b38	2	1.04935e-02	1.982e-01	3.680e-02
chr19_10659298_T_C_b38	2	9.00167e-03	2.075e-01	8.498e-02
chr19_10644740_C_CCT_b38	2	8.50988e-03	2.023e-01	3.545e-02
chr19_10648766_G_A_b38	2	8.39680e-03	2.051e-01	3.413e-02
chr19_10655143_C_T_b38	2	5.99474e-03	1.978e-01	3.453e-02
chr19_10659616_A_G_b38	2	4.84515e-03	1.989e-01	3.575e-02
chr19_10637397_C_G_b38	2	3.73522e-03	2.036e-01	3.594e-02
chr19_10657114_G_A_b38	3	6.77884e-03	-2.220e-01	1.169e-01
chr19_10660701_G_C_b38	3	4.28733e-03	-2.234e-01	1.157e-01
chr19_10643724_A_G_b38	3	3.24002e-03	-3.243e-01	2.038e-01
chr19_10670113_A_G_b38	3	2.53265e-03	-2.511e-01	1.124e-01
chr19_10662009_G_C_b38	3	2.38755e-03	-1.948e-01	1.555e-01
chr19_10660107_A_G_b38	3	2.38755e-03	-1.948e-01	1.555e-01
chr19_10644229_G_T_b38	3	2.32680e-03	-2.562e-01	1.121e-01
chr19_10645756_G_A_b38	3	2.10099e-03	-1.948e-01	1.555e-01
chr19_10661436_T_C_b38	3	1.46216e-03	-1.506e-01	2.117e-01
chr19_10684117_C_T_b38	3	1.34335e-03	-7.933e-01	4.045e-01
chr19_10659629_C_T_b38	3	1.14797e-03	-1.147e-01	8.717e-02
chr19_10683954_G_T_b38	3	1.00693e-03	-2.932e-01	1.324e-01
chr19_10634131_C_T_b38	3	7.56730e-04	-1.496e-01	9.596e-02
chr19_10645723_T_C_b38	3	6.87564e-04	-1.351e-01	1.473e-01
chr19_10640062_T_G_b38	3	5.48882e-04	-8.282e-02	1.778e-01
chr19_10694484_T_C_b38	3	5.18722e-04	-1.978e-01	1.020e-01
chr19_10638560_T_C_b38	3	3.45460e-04	5.203e-02	1.973e-01
chr19_10638144_T_C_b38	3	3.45460e-04	5.203e-02	1.973e-01
chr19_10670126_G_A_b38	3	3.04422e-04	-9.975e-02	1.244e-01
chr19_10677068_C_G_b38	3	3.04422e-04	-9.975e-02	1.244e-01
chr19_10642292_A_G_b38	3	2.91960e-04	-6.500e-02	1.194e-01
chr19_10676864_T_C_b38	3	2.74796e-04	-1.534e-01	1.018e-01
chr19_10635088_T_C_b38	3	2.64074e-04	-3.575e-02	1.094e-01
chr19_10663947_G_A_b38	3	2.42262e-04	-1.345e-01	1.003e-01
chr19_10664334_G_A_b38	3	2.42262e-04	-1.345e-01	1.003e-01
chr19_10667971_A_G_b38	3	2.22120e-04	-1.194e-01	9.683e-02
chr19_10689074_T_C_b38	3	2.11782e-04	-1.529e-01	1.071e-01
chr19_10678137_T_C_b38	3	2.02918e-04	-1.012e-01	9.079e-02
chr19_10631231_A_G_b38	3	1.56511e-04	2.532e-02	5.698e-02
chr19_10690509_G_A_b38	3	1.54173e-04	-1.807e-01	9.401e-02
chr19_10727001_G_A_b38	3	1.45909e-04	-1.151e-01	5.321e-02
chr19_10692719_A_G_b38	3	1.12390e-04	-1.702e-01	9.645e-02
chr19_10729525_A_G_b38	3	1.00601e-04	-1.110e-01	5.391e-02
chr19_10738518_C_T_b38	3	1.00601e-04	-1.110e-01	5.391e-02
chr19_10693713_T_C_b38	3	9.00532e-05	-1.495e-01	9.714e-02
chr19_10679467_G_C_b38	3	8.76327e-05	-1.526e-01	1.024e-01
chr19_10742620_G_A_b38	3	7.90710e-05	-1.024e-01	5.248e-02
chr19_10679486_T_C_b38	3	7.44275e-05	-1.297e-01	1.034e-01
chr19_10698094_C_T_b38	3	7.01220e-05	-1.157e-01	9.651e-02
chr19_10683073_A_G_b38	3	6.32013e-05	-9.161e-02	1.026e-01
chr19_10724662_C_G_b38	3	6.17028e-05	-9.504e-02	5.212e-02
chr19_10700991_C_T_b38	3	5.79146e-05	-5.467e-02	5.358e-02
chr19_10708197_T_G_b38	3	3.46046e-05	-9.283e-02	5.303e-02
chr19_10724729_C_T_b38	3	3.13417e-05	-9.893e-02	4.962e-02
chr19_10710620_TA_T_b38	3	2.41948e-05	-7.924e-02	4.959e-02
chr19_10714915_C_T_b38	3	2.08087e-05	-7.318e-02	4.844e-02
chr19_10655483_G_C_b38	4	5.11205e-05	0.000e+00	0.000e+00
chr19_10613999_C_A_b38	4	2.13908e-07	0.000e+00	0.000e+00
chr19_10577477_A_G_b38	4	1.44168e-19	0.000e+00	0.000e+00
