chr9_120714674_G_A_b38	1	3.77985e-01	2.140e-01	3.537e-02
chr9_120706809_C_T_b38	1	1.11429e-01	2.233e-01	3.509e-02
chr9_120705292_C_T_b38	1	1.04315e-01	2.237e-01	3.534e-02
chr9_120711138_G_A_b38	1	5.48819e-02	2.165e-01	3.512e-02
chr9_120711772_T_C_b38	1	5.48819e-02	2.165e-01	3.512e-02
chr9_120702526_A_G_b38	1	1.95688e-02	2.163e-01	3.504e-02
chr9_120691034_G_A_b38	1	1.95688e-02	2.163e-01	3.504e-02
chr9_120716932_C_T_b38	1	1.90871e-02	2.062e-01	3.539e-02
chr9_120721837_A_G_b38	1	1.14347e-02	2.083e-01	3.526e-02
chr9_120684946_T_C_b38	1	7.61595e-03	2.163e-01	3.504e-02
chr9_120675847_C_T_b38	1	7.61595e-03	2.163e-01	3.504e-02
chr9_120684047_C_T_b38	1	7.61595e-03	2.163e-01	3.504e-02
chr9_120687877_C_G_b38	1	7.61595e-03	2.163e-01	3.504e-02
chr9_120670761_A_G_b38	1	7.61595e-03	2.163e-01	3.504e-02
chr9_120720343_C_A_b38	1	7.61486e-03	2.060e-01	3.530e-02
chr9_120721281_G_A_b38	1	7.61486e-03	2.060e-01	3.530e-02
chr9_120720944_CTT_C_b38	1	7.61486e-03	2.060e-01	3.530e-02
chr9_120719284_A_AG_b38	1	7.09375e-03	2.028e-01	3.540e-02
chr9_120718100_C_T_b38	1	7.09375e-03	2.028e-01	3.540e-02
chr9_120718418_A_G_b38	1	7.09375e-03	2.028e-01	3.540e-02
chr9_120730573_A_G_b38	1	6.94401e-03	2.104e-01	3.537e-02
chr9_120721954_G_A_b38	1	6.04236e-03	2.041e-01	3.526e-02
chr9_120732403_C_T_b38	1	5.96826e-03	2.085e-01	3.513e-02
chr9_120734292_C_T_b38	1	5.96826e-03	2.085e-01	3.513e-02
chr9_120735367_C_T_b38	1	5.96826e-03	2.085e-01	3.513e-02
chr9_120731711_A_C_b38	1	5.96826e-03	2.085e-01	3.513e-02
chr9_120733956_G_T_b38	1	5.96826e-03	2.085e-01	3.513e-02
chr9_120710262_T_C_b38	1	5.40412e-03	2.036e-01	3.547e-02
chr9_120722988_C_T_b38	1	5.26982e-03	2.062e-01	3.587e-02
chr9_120708343_A_G_b38	1	4.52983e-03	2.067e-01	3.577e-02
chr9_120727537_C_T_b38	1	4.32983e-03	2.094e-01	3.575e-02
chr9_120726601_C_T_b38	1	4.32983e-03	2.094e-01	3.575e-02
chr9_120679480_G_C_b38	1	3.89223e-03	2.130e-01	3.513e-02
chr9_120752969_G_A_b38	2	1.55238e-02	1.952e-01	5.668e-02
chr9_120736801_C_T_b38	2	3.36886e-03	1.703e-01	6.632e-02
chr9_120772365_C_T_b38	2	2.80811e-03	1.860e-01	5.606e-02
chr9_120818929_A_G_b38	2	4.00512e-04	1.884e-01	5.599e-02
chr9_120843744_C_T_b38	2	2.10788e-04	1.831e-01	5.673e-02
chr9_120828687_A_C_b38	2	2.10788e-04	1.831e-01	5.673e-02
chr9_120865384_T_C_b38	2	1.69435e-04	1.782e-01	5.665e-02
