chr13_114234990_T_C_b38	1	1.34535e-01	2.205e-01	5.754e-02
chr13_114232601_C_T_b38	1	8.35896e-02	2.302e-01	5.020e-02
chr13_114234890_C_A_b38	1	7.82096e-02	2.079e-01	5.545e-02
chr13_114234842_T_C_b38	1	7.82096e-02	2.079e-01	5.545e-02
chr13_114235244_G_A_b38	1	7.82096e-02	2.079e-01	5.545e-02
chr13_114234974_G_GGGCGGC_b38	1	7.35723e-02	2.088e-01	5.766e-02
chr13_114241023_C_A_b38	1	3.99758e-02	2.302e-01	5.020e-02
chr13_114241457_T_C_b38	1	3.99758e-02	2.302e-01	5.020e-02
chr13_114235175_G_T_b38	1	3.49904e-02	1.722e-01	6.072e-02
chr13_114234161_A_G_b38	1	2.84254e-02	2.079e-01	5.545e-02
chr13_114234363_A_G_b38	1	2.84254e-02	2.079e-01	5.545e-02
chr13_114247558_A_G_b38	1	2.13006e-02	2.303e-01	5.005e-02
chr13_114249688_C_T_b38	1	2.13006e-02	2.303e-01	5.005e-02
chr13_114237284_C_A_b38	1	1.45903e-02	2.083e-01	5.515e-02
chr13_114236830_G_A_b38	1	1.45903e-02	2.083e-01	5.515e-02
chr13_114233320_C_T_b38	1	1.21281e-02	2.083e-01	5.515e-02
chr13_114233584_G_C_b38	1	1.21281e-02	2.083e-01	5.515e-02
chr13_114254466_T_G_b38	1	1.18972e-02	2.202e-01	5.025e-02
chr13_114237993_C_G_b38	1	8.44320e-03	2.087e-01	5.496e-02
chr13_114239049_AT_A_b38	1	8.44320e-03	2.087e-01	5.496e-02
chr13_114239080_TGCATCTCTTAAATATGTGTGA_T_b38	1	8.44320e-03	2.087e-01	5.496e-02
chr13_114230676_C_T_b38	1	7.33398e-03	2.125e-01	5.633e-02
chr13_114240504_C_G_b38	1	5.75764e-03	2.087e-01	5.496e-02
chr13_114241614_A_G_b38	1	5.75764e-03	2.087e-01	5.496e-02
chr13_114241376_T_C_b38	1	5.75764e-03	2.087e-01	5.496e-02
chr13_114242913_T_C_b38	1	5.75764e-03	2.087e-01	5.496e-02
chr13_114242563_A_G_b38	1	5.75764e-03	2.087e-01	5.496e-02
chr13_114239662_T_C_b38	1	4.55124e-03	1.816e-01	5.827e-02
chr13_114238569_C_T_b38	1	3.82623e-03	1.723e-01	6.071e-02
chr13_114276680_A_G_b38	1	3.42322e-03	2.243e-01	4.611e-02
chr13_114277541_T_C_b38	1	3.42322e-03	2.243e-01	4.611e-02
chr13_114277266_G_A_b38	1	3.42322e-03	2.243e-01	4.611e-02
chr13_114230258_T_C_b38	1	3.33958e-03	1.810e-01	6.343e-02
chr13_114231942_G_A_b38	1	3.19226e-03	1.799e-01	5.886e-02
chr13_114241286_T_A_b38	1	3.10361e-03	1.816e-01	5.827e-02
chr13_114244779_C_T_b38	1	3.10361e-03	-1.816e-01	5.827e-02
chr13_114247217_G_T_b38	1	3.07771e-03	2.087e-01	5.496e-02
chr13_114247303_C_T_b38	1	3.07771e-03	2.087e-01	5.496e-02
chr13_114239460_T_C_b38	1	2.04931e-03	1.698e-01	6.169e-02
chr13_114239439_C_T_b38	1	1.75054e-03	1.656e-01	6.214e-02
chr13_114257811_G_T_b38	1	1.68985e-03	2.056e-01	4.716e-02
chr13_114248540_A_G_b38	1	1.65902e-03	1.816e-01	5.827e-02
chr13_114228255_C_T_b38	2	7.09228e-02	3.403e-01	1.015e-01
chr13_114228297_G_A_b38	2	7.09228e-02	3.403e-01	1.015e-01
chr13_114226708_A_G_b38	2	1.17895e-02	2.080e-01	8.104e-02
chr13_114230020_T_G_b38	2	8.64327e-03	2.439e-01	1.016e-01
chr13_113793662_A_T_b38	3	2.29342e-04	-2.587e-01	5.908e-02
chr13_113758310_A_G_b38	3	1.33493e-06	0.000e+00	0.000e+00
