chr9_33677341_A_C_b38	1	8.35561e-02	8.894e-01	1.426e-01
chr9_33677170_T_TC_b38	1	8.35561e-02	8.894e-01	1.426e-01
chr9_33677476_C_T_b38	1	8.35561e-02	8.894e-01	1.426e-01
chr9_33677351_GT_G_b38	1	8.35561e-02	8.894e-01	1.426e-01
chr9_33677182_A_G_b38	1	8.35561e-02	8.894e-01	1.426e-01
chr9_33677004_C_G_b38	1	8.35561e-02	8.894e-01	1.426e-01
chr9_33677151_G_C_b38	1	8.35561e-02	8.894e-01	1.426e-01
chr9_33678307_G_A_b38	1	2.92559e-02	8.897e-01	1.421e-01
chr9_33676829_G_T_b38	1	2.76762e-02	8.899e-01	1.412e-01
chr9_33676775_G_C_b38	1	2.76762e-02	8.899e-01	1.412e-01
chr9_33676175_C_T_b38	1	1.58691e-02	8.899e-01	1.412e-01
chr9_33679508_G_A_b38	1	1.55955e-02	8.800e-01	1.399e-01
chr9_33679356_G_A_b38	1	1.48134e-02	8.899e-01	1.412e-01
chr9_33679602_ATG_A_b38	1	1.48134e-02	8.899e-01	1.412e-01
chr9_33679778_G_A_b38	1	1.48134e-02	8.899e-01	1.412e-01
chr9_33677187_G_C_b38	1	1.35679e-02	8.545e-01	1.531e-01
chr9_33681811_G_A_b38	1	7.86225e-03	8.900e-01	1.401e-01
chr9_33680994_T_C_b38	1	7.86225e-03	8.900e-01	1.401e-01
chr9_33681450_A_C_b38	1	7.86225e-03	8.900e-01	1.401e-01
chr9_33682141_A_C_b38	1	7.86225e-03	8.900e-01	1.401e-01
chr9_33682137_C_CGT_b38	1	7.86225e-03	8.900e-01	1.401e-01
chr9_33680603_G_T_b38	1	7.86225e-03	8.900e-01	1.401e-01
chr9_33673794_A_G_b38	1	7.80434e-03	8.900e-01	1.401e-01
chr9_33674503_C_T_b38	1	7.80434e-03	8.900e-01	1.401e-01
chr9_33673798_C_A_b38	1	7.80434e-03	8.900e-01	1.401e-01
chr9_33673937_C_T_b38	1	7.80434e-03	8.900e-01	1.401e-01
chr9_33672538_C_A_b38	1	7.80434e-03	8.900e-01	1.401e-01
chr9_33662595_G_A_b38	1	7.63231e-03	9.032e-01	1.362e-01
chr9_33667566_C_T_b38	1	5.64473e-03	8.907e-01	1.390e-01
chr9_33669651_A_G_b38	1	5.64473e-03	8.907e-01	1.390e-01
chr9_33667639_G_A_b38	1	5.64473e-03	8.907e-01	1.390e-01
chr9_33669134_G_A_b38	1	5.64473e-03	8.907e-01	1.390e-01
chr9_33672344_T_A_b38	1	5.64473e-03	8.907e-01	1.390e-01
chr9_33672393_T_C_b38	1	5.64473e-03	8.907e-01	1.390e-01
chr9_33669386_A_G_b38	1	5.64473e-03	8.907e-01	1.390e-01
chr9_33669376_A_G_b38	1	5.64473e-03	8.907e-01	1.390e-01
chr9_33685273_C_T_b38	1	5.29533e-03	8.907e-01	1.390e-01
chr9_33683742_T_C_b38	1	5.29533e-03	8.907e-01	1.390e-01
chr9_33686112_A_G_b38	1	5.29533e-03	8.907e-01	1.390e-01
chr9_33685837_C_T_b38	1	5.29533e-03	8.907e-01	1.390e-01
chr9_33683569_G_C_b38	1	5.29533e-03	8.907e-01	1.390e-01
chr9_33687193_A_G_b38	1	5.29533e-03	8.907e-01	1.390e-01
chr9_33684949_T_C_b38	1	5.29533e-03	8.907e-01	1.390e-01
chr9_33685399_G_A_b38	1	5.29533e-03	8.907e-01	1.390e-01
chr9_33683800_C_G_b38	1	5.29533e-03	8.907e-01	1.390e-01
chr9_33691385_A_C_b38	1	2.67878e-03	8.908e-01	1.384e-01
chr9_33688471_T_A_b38	1	2.67878e-03	8.908e-01	1.384e-01
chr9_33687513_C_G_b38	1	2.67878e-03	8.908e-01	1.384e-01
chr9_33687890_C_T_b38	1	2.67878e-03	8.908e-01	1.384e-01
chr9_33687631_C_T_b38	1	2.67878e-03	8.908e-01	1.384e-01
chr9_33667496_T_A_b38	1	2.49381e-03	8.908e-01	1.384e-01
chr9_33662952_T_C_b38	1	2.49381e-03	8.908e-01	1.384e-01
chr9_33662787_A_C_b38	1	2.49381e-03	8.908e-01	1.384e-01
chr9_33663503_C_T_b38	1	2.49381e-03	8.908e-01	1.384e-01
chr9_33666450_G_A_b38	1	2.49381e-03	8.908e-01	1.384e-01
chr9_33663770_T_G_b38	1	2.49381e-03	8.908e-01	1.384e-01
chr9_33667157_T_C_b38	1	2.49381e-03	8.908e-01	1.384e-01
chr9_33662916_C_G_b38	1	2.49381e-03	8.908e-01	1.384e-01
chr9_33667282_G_A_b38	1	2.49381e-03	8.908e-01	1.384e-01
chr9_33666718_T_C_b38	1	2.49381e-03	8.908e-01	1.384e-01
chr9_33662426_G_A_b38	1	2.49381e-03	8.908e-01	1.384e-01
chr9_33662085_G_T_b38	1	2.49381e-03	8.908e-01	1.384e-01
chr9_33664734_C_G_b38	1	2.49381e-03	8.908e-01	1.384e-01
chr9_33662559_G_C_b38	1	2.49381e-03	8.908e-01	1.384e-01
chr9_33716806_A_C_b38	1	8.67925e-04	8.908e-01	1.360e-01
chr9_33719797_T_C_b38	1	8.67925e-04	8.908e-01	1.360e-01
chr9_33717760_A_T_b38	1	8.67925e-04	8.908e-01	1.360e-01
chr9_33721195_C_T_b38	1	8.67925e-04	8.908e-01	1.360e-01
chr9_33710242_C_T_b38	1	8.67925e-04	8.908e-01	1.360e-01
chr9_33677084_G_A_b38	2	2.29682e-02	1.165e-01	3.078e-01
chr9_33677385_GGCC_G_b38	2	1.73743e-02	2.253e-03	2.839e-01
chr9_33675132_C_T_b38	2	3.62045e-03	6.429e-02	3.059e-01
chr9_33684438_C_T_b38	2	3.16875e-03	3.306e-01	2.768e-01
chr9_33681448_A_C_b38	2	1.76462e-03	1.105e-01	3.666e-01
chr9_33669165_G_A_b38	2	1.04504e-03	6.773e-02	3.094e-01
chr9_33668641_A_G_b38	2	1.04504e-03	6.773e-02	3.094e-01
chr9_33686226_A_C_b38	2	9.80352e-04	6.773e-02	3.094e-01
chr9_33696246_G_T_b38	2	4.01133e-04	5.033e-02	2.909e-01
chr9_33701370_A_G_b38	2	4.01133e-04	5.033e-02	2.909e-01
chr9_33689673_A_G_b38	2	4.01133e-04	5.033e-02	2.909e-01
chr9_33692397_C_G_b38	2	4.01133e-04	5.033e-02	2.909e-01
chr9_33700437_T_G_b38	2	4.01133e-04	5.033e-02	2.909e-01
chr9_33701988_A_G_b38	2	4.01133e-04	5.033e-02	2.909e-01
chr9_33691075_G_A_b38	2	4.01133e-04	5.033e-02	2.909e-01
chr9_33688184_C_T_b38	2	4.01133e-04	5.033e-02	2.909e-01
chr9_33690228_G_A_b38	2	4.01133e-04	5.033e-02	2.909e-01
chr9_33667262_G_A_b38	2	3.55957e-04	5.033e-02	2.909e-01
chr9_33663251_C_T_b38	2	3.55957e-04	5.033e-02	2.909e-01
chr9_33642547_A_G_b38	2	1.39117e-04	1.529e-01	1.706e-01
chr9_33641809_A_G_b38	2	1.39117e-04	1.529e-01	1.706e-01
chr9_33645354_T_C_b38	2	1.39117e-04	1.529e-01	1.706e-01
chr9_33649661_T_C_b38	2	1.39117e-04	1.529e-01	1.706e-01
chr9_33635150_A_T_b38	2	1.39117e-04	1.529e-01	1.706e-01
chr9_33631393_C_A_b38	2	1.39117e-04	1.529e-01	1.706e-01
chr9_33647844_G_T_b38	2	1.39117e-04	1.529e-01	1.706e-01
chr9_33715040_CCAACAACAGCAAAACACACCT_C_b38	2	1.37211e-04	7.933e-02	2.949e-01
chr9_33678487_T_G_b38	3	3.30533e-04	-1.240e-01	6.527e-02
chr9_33677602_T_C_b38	3	2.44764e-04	-7.571e-02	6.174e-02
chr9_33677112_A_AC_b38	3	2.44764e-04	-7.571e-02	6.174e-02
chr9_33678401_T_C_b38	3	2.41797e-04	-1.155e-01	6.434e-02
chr9_33678415_A_C_b38	3	3.14688e-05	0.000e+00	0.000e+00
chr9_33679275_T_C_b38	3	2.30368e-10	0.000e+00	0.000e+00
chr9_33675631_A_C_b38	3	1.86482e-10	0.000e+00	0.000e+00
chr9_33669771_A_C_b38	3	1.77919e-10	0.000e+00	0.000e+00
chr9_33669755_A_C_b38	3	1.75755e-10	0.000e+00	0.000e+00
chr9_33676096_C_G_b38	3	1.66302e-10	0.000e+00	0.000e+00
chr9_33696955_C_T_b38	3	1.36964e-10	0.000e+00	0.000e+00
chr9_33690594_C_A_b38	3	1.00329e-10	0.000e+00	0.000e+00
chr9_33672809_A_C_b38	3	9.22636e-11	0.000e+00	0.000e+00
chr9_33673110_G_A_b38	3	8.83882e-11	0.000e+00	0.000e+00
chr9_33683715_T_C_b38	3	8.30947e-11	0.000e+00	0.000e+00
chr9_33683351_T_A_b38	3	8.30947e-11	0.000e+00	0.000e+00
chr9_33685856_T_C_b38	3	8.30947e-11	0.000e+00	0.000e+00
chr9_33668657_T_G_b38	3	7.53237e-11	0.000e+00	0.000e+00
chr9_33670492_C_G_b38	3	6.69334e-11	0.000e+00	0.000e+00
chr9_33698106_C_G_b38	3	4.21966e-11	0.000e+00	0.000e+00
chr9_33692591_G_A_b38	3	4.21966e-11	0.000e+00	0.000e+00
chr9_33688273_G_A_b38	3	4.04606e-11	0.000e+00	0.000e+00
chr9_33683259_T_C_b38	3	3.83886e-11	0.000e+00	0.000e+00
chr9_33686197_C_T_b38	3	3.83886e-11	0.000e+00	0.000e+00
chr9_33662391_A_G_b38	3	3.49668e-11	0.000e+00	0.000e+00
chr9_33663110_C_T_b38	3	3.49668e-11	0.000e+00	0.000e+00
chr9_33663112_C_A_b38	3	3.49668e-11	0.000e+00	0.000e+00
chr9_33724896_A_T_b38	3	3.30752e-11	0.000e+00	0.000e+00
chr9_33725600_C_T_b38	3	3.30752e-11	0.000e+00	0.000e+00
chr9_33666011_C_T_b38	3	2.97355e-11	0.000e+00	0.000e+00
chr9_33663513_C_T_b38	3	2.97355e-11	0.000e+00	0.000e+00
chr9_33638048_G_C_b38	3	2.88330e-11	0.000e+00	0.000e+00
chr9_33662183_TCTGTAGCCCCAA_T_b38	3	2.41799e-11	0.000e+00	0.000e+00
