chr17_1775044_A_T_b38	1	4.90161e-01	3.187e-01	5.244e-02
chr17_1772084_G_A_b38	1	6.91311e-02	3.107e-01	5.417e-02
chr17_1784266_C_T_b38	1	6.91311e-02	3.107e-01	5.417e-02
chr17_1773825_G_T_b38	1	6.81566e-02	3.082e-01	5.335e-02
chr17_1773827_G_C_b38	1	6.81566e-02	3.082e-01	5.335e-02
chr17_1773615_C_T_b38	1	6.81566e-02	3.082e-01	5.335e-02
chr17_1775611_C_T_b38	1	5.09821e-02	2.932e-01	4.847e-02
chr17_1780023_C_G_b38	1	3.83665e-02	2.996e-01	5.175e-02
chr17_1781311_G_T_b38	1	3.83386e-02	3.018e-01	5.259e-02
chr17_1781124_T_C_b38	1	3.83386e-02	3.018e-01	5.259e-02
chr17_1762130_G_A_b38	2	5.19318e-01	-1.225e-01	2.198e-02
chr17_1760546_A_AT_b38	2	2.63647e-01	-1.252e-01	2.127e-02
chr17_1758535_T_C_b38	2	9.96103e-02	-1.272e-01	2.237e-02
chr17_1762959_C_T_b38	2	9.73923e-02	-1.231e-01	2.196e-02
chr17_1764954_C_T_b38	2	7.35283e-03	-1.155e-01	2.188e-02
chr17_1764380_C_T_b38	2	5.58567e-03	-1.123e-01	2.175e-02
chr17_1767515_G_A_b38	2	3.43010e-03	-1.154e-01	2.194e-02
chr17_1769982_C_T_b38	2	2.57424e-03	1.141e-01	2.187e-02
chr17_1748403_T_C_b38	3	2.42324e-02	-8.247e-02	2.376e-02
chr17_1748222_G_A_b38	3	2.42324e-02	-8.247e-02	2.376e-02
chr17_1748010_C_G_b38	3	2.42324e-02	-8.247e-02	2.376e-02
chr17_1746071_A_G_b38	3	2.42324e-02	-8.247e-02	2.376e-02
chr17_1745965_G_C_b38	3	2.42324e-02	-8.247e-02	2.376e-02
chr17_1748204_G_C_b38	3	2.42324e-02	-8.247e-02	2.376e-02
chr17_1737235_C_T_b38	3	2.42324e-02	-8.247e-02	2.376e-02
chr17_1743023_T_C_b38	3	2.42324e-02	-8.247e-02	2.376e-02
chr17_1746192_C_G_b38	3	2.42324e-02	-8.247e-02	2.376e-02
chr17_1737346_C_G_b38	3	2.42324e-02	-8.247e-02	2.376e-02
chr17_1742330_G_C_b38	3	2.42324e-02	-8.247e-02	2.376e-02
chr17_1742232_C_T_b38	3	2.42324e-02	-8.247e-02	2.376e-02
chr17_1738421_G_T_b38	3	2.42324e-02	-8.247e-02	2.376e-02
chr17_1737741_A_G_b38	3	2.00051e-02	-8.045e-02	2.356e-02
chr17_1749797_G_A_b38	3	1.90715e-02	-7.971e-02	2.346e-02
chr17_1749189_T_A_b38	3	1.46065e-02	-7.868e-02	2.376e-02
chr17_1746831_T_C_b38	3	1.46065e-02	-7.868e-02	2.376e-02
chr17_1745944_TG_T_b38	3	1.30648e-02	-7.842e-02	2.386e-02
chr17_1737499_C_T_b38	3	1.30648e-02	-7.842e-02	2.386e-02
chr17_1742453_C_A_b38	3	1.30648e-02	-7.842e-02	2.386e-02
chr17_1738512_G_A_b38	3	1.30648e-02	-7.842e-02	2.386e-02
chr17_1736425_A_G_b38	3	1.08888e-02	-8.336e-02	2.370e-02
chr17_1736740_G_A_b38	3	9.23644e-03	-8.250e-02	2.376e-02
chr17_1750754_A_G_b38	3	8.01212e-03	-7.280e-02	2.315e-02
chr17_1745208_C_T_b38	3	7.67585e-03	-7.472e-02	2.386e-02
chr17_1750210_G_A_b38	3	5.92284e-03	-7.187e-02	2.336e-02
chr17_1736671_G_A_b38	3	4.99474e-03	-7.871e-02	2.368e-02
chr17_1750438_T_C_b38	3	4.55563e-03	-7.106e-02	2.373e-02
chr17_1752311_C_T_b38	3	4.43666e-03	-6.411e-02	2.345e-02
chr17_1750286_C_A_b38	3	3.32504e-03	-6.772e-02	2.345e-02
chr17_1734164_G_A_b38	3	3.05065e-03	-7.575e-02	2.390e-02
chr17_1720381_A_G_b38	3	1.33492e-03	-6.447e-02	2.188e-02
chr17_1727698_G_A_b38	3	5.41934e-04	-6.513e-02	2.336e-02
chr17_1728046_TGAG_T_b38	3	3.27815e-04	-6.368e-02	2.408e-02
chr17_1712799_G_A_b38	3	9.35464e-05	-4.750e-02	2.072e-02
chr17_1754359_G_A_b38	3	9.32960e-05	-3.247e-02	2.472e-02
chr17_1762036_C_A_b38	4	3.20189e-03	-9.147e-02	9.509e-02
chr17_1762405_G_A_b38	4	3.20189e-03	-9.147e-02	9.509e-02
chr17_1762568_C_T_b38	4	6.43433e-04	-9.987e-02	6.765e-02
chr17_1786363_T_C_b38	4	1.79743e-08	0.000e+00	0.000e+00
chr17_1767746_T_G_b38	4	5.36390e-12	0.000e+00	0.000e+00
chr17_1767739_C_G_b38	4	5.36390e-12	0.000e+00	0.000e+00
chr17_1767436_C_G_b38	4	5.36390e-12	0.000e+00	0.000e+00
chr17_1768156_GC_G_b38	4	5.36390e-12	0.000e+00	0.000e+00
chr17_1769024_C_T_b38	4	5.36390e-12	0.000e+00	0.000e+00
chr17_1769388_G_A_b38	4	2.09281e-12	0.000e+00	0.000e+00
chr17_1766470_C_T_b38	4	7.16920e-13	0.000e+00	0.000e+00
chr17_1767516_G_T_b38	4	4.45872e-13	0.000e+00	0.000e+00
chr17_1788846_T_C_b38	4	6.12524e-14	0.000e+00	0.000e+00
