chr11_61814292_T_C_b38	1	2.75966e-01	-4.177e-01	6.463e-02
chr11_61803876_C_G_b38	1	1.52569e-01	-4.135e-01	6.514e-02
chr11_61822009_A_G_b38	1	7.61468e-02	-4.117e-01	6.607e-02
chr11_61812288_T_C_b38	1	6.96983e-02	-4.144e-01	6.660e-02
chr11_61800281_C_A_b38	1	6.96983e-02	-4.144e-01	6.660e-02
chr11_61813163_C_T_b38	1	6.96983e-02	-4.144e-01	6.660e-02
chr11_61815236_T_C_b38	1	6.96983e-02	-4.144e-01	6.660e-02
chr11_61824890_A_G_b38	1	6.74354e-02	-3.904e-01	6.315e-02
chr11_61825533_A_G_b38	1	4.20055e-02	-3.880e-01	6.375e-02
chr11_61803910_G_A_b38	1	3.67266e-02	-4.085e-01	6.703e-02
chr11_61843278_G_A_b38	1	2.38021e-02	-3.667e-01	6.371e-02
chr11_61813896_A_G_b38	1	1.04665e-02	-4.088e-01	7.011e-02
chr11_61829161_C_T_b38	1	7.14184e-03	-3.675e-01	6.418e-02
chr11_61830500_A_G_b38	1	5.50519e-03	-3.683e-01	6.484e-02
chr11_61828850_CA_C_b38	1	4.29245e-03	-3.642e-01	6.471e-02
chr11_61894217_T_C_b38	2	1.02067e-01	-5.489e-01	1.709e-01
chr11_61894738_T_C_b38	2	2.93855e-02	-5.336e-01	1.836e-01
chr11_61893232_A_G_b38	3	8.79678e-03	1.946e-01	6.266e-02
