chr2_164645339_A_C_b38	1	3.53213e-01	-2.541e-01	3.399e-02
chr2_164651790_T_C_b38	1	1.46066e-01	-2.496e-01	3.405e-02
chr2_164651333_C_T_b38	1	1.46066e-01	-2.496e-01	3.405e-02
chr2_164650214_T_A_b38	1	6.29702e-02	-2.434e-01	3.355e-02
chr2_164669828_T_C_b38	1	5.18623e-02	-2.438e-01	3.384e-02
chr2_164655284_C_G_b38	1	4.63030e-02	-2.409e-01	3.319e-02
chr2_164648055_G_T_b38	1	3.20773e-02	-2.386e-01	3.323e-02
chr2_164668241_C_G_b38	1	2.45177e-02	-2.387e-01	3.350e-02
chr2_164700808_C_T_b38	1	2.01431e-02	-2.306e-01	3.232e-02
chr2_164696196_A_AAAAAT_b38	1	1.88847e-02	-2.290e-01	3.189e-02
chr2_164645417_T_TG_b38	1	1.74278e-02	-2.258e-01	3.097e-02
chr2_164656581_T_C_b38	1	1.35579e-02	-2.245e-01	3.099e-02
chr2_164651879_C_T_b38	1	1.35579e-02	-2.245e-01	3.099e-02
chr2_164656555_CA_C_b38	1	1.35579e-02	-2.245e-01	3.099e-02
chr2_164670077_G_C_b38	1	8.31313e-03	-2.308e-01	3.303e-02
chr2_164672366_C_T_b38	1	4.28578e-03	-2.188e-01	3.081e-02
chr2_164672114_G_T_b38	1	4.28578e-03	-2.188e-01	3.081e-02
chr2_164687561_T_C_b38	1	3.83664e-03	-2.219e-01	3.131e-02
chr2_164687940_G_A_b38	1	3.83664e-03	-2.219e-01	3.131e-02
chr2_164675944_A_G_b38	1	2.45284e-03	-2.238e-01	3.190e-02
chr2_164968482_A_G_b38	2	6.14925e-02	2.388e-01	5.329e-02
chr2_164967026_C_T_b38	2	6.14925e-02	2.388e-01	5.329e-02
chr2_164965537_A_G_b38	2	2.44784e-02	2.291e-01	5.365e-02
chr2_164965886_C_T_b38	2	2.20428e-02	2.134e-01	5.030e-02
chr2_164963147_A_C_b38	2	1.56986e-02	2.152e-01	5.182e-02
chr2_164962164_A_G_b38	2	6.46575e-03	2.054e-01	5.215e-02
chr2_164963995_G_A_b38	2	6.46575e-03	2.054e-01	5.215e-02
chr2_164962462_C_A_b38	2	6.46575e-03	2.054e-01	5.215e-02
chr2_164958260_A_T_b38	2	3.15734e-03	2.297e-01	5.361e-02
chr2_164957341_G_A_b38	2	3.15734e-03	2.297e-01	5.361e-02
chr2_164949466_C_T_b38	2	2.12550e-03	1.890e-01	4.466e-02
chr2_164949899_A_T_b38	2	2.12550e-03	1.890e-01	4.466e-02
chr2_164935255_CCT_C_b38	2	1.79556e-03	2.311e-01	5.520e-02
chr2_164939217_T_G_b38	2	1.45277e-03	2.210e-01	5.348e-02
chr2_164945372_T_C_b38	2	1.45277e-03	2.210e-01	5.348e-02
chr2_164944343_T_A_b38	2	1.45277e-03	2.210e-01	5.348e-02
chr2_164942353_T_G_b38	2	1.45277e-03	2.210e-01	5.348e-02
chr2_164942049_C_T_b38	2	1.45277e-03	2.210e-01	5.348e-02
chr2_164942613_C_A_b38	2	1.45277e-03	2.210e-01	5.348e-02
chr2_164939118_C_T_b38	2	1.45277e-03	2.210e-01	5.348e-02
chr2_164942145_T_A_b38	2	1.45277e-03	2.210e-01	5.348e-02
chr2_164943439_T_C_b38	2	1.45277e-03	2.210e-01	5.348e-02
chr2_164938755_G_A_b38	2	1.45277e-03	2.210e-01	5.348e-02
chr2_164943474_A_C_b38	2	1.45277e-03	2.210e-01	5.348e-02
chr2_164937967_C_T_b38	2	1.45277e-03	2.210e-01	5.348e-02
chr2_164949317_C_T_b38	2	1.45277e-03	2.210e-01	5.348e-02
chr2_164941001_A_G_b38	2	1.45277e-03	2.210e-01	5.348e-02
chr2_164942247_G_C_b38	2	1.45277e-03	2.210e-01	5.348e-02
chr2_164946308_T_C_b38	2	1.45277e-03	2.210e-01	5.348e-02
chr2_164945162_A_G_b38	2	1.45277e-03	2.210e-01	5.348e-02
chr2_164929897_C_A_b38	2	1.18505e-03	2.226e-01	5.446e-02
chr2_164935222_T_C_b38	2	1.18505e-03	2.226e-01	5.446e-02
chr2_164920378_A_G_b38	2	1.18505e-03	2.226e-01	5.446e-02
chr2_164930475_T_C_b38	2	1.18505e-03	2.226e-01	5.446e-02
chr2_164932979_T_C_b38	2	1.18505e-03	2.226e-01	5.446e-02
chr2_164937458_G_A_b38	2	1.18505e-03	2.226e-01	5.446e-02
chr2_164935097_C_T_b38	2	1.18505e-03	2.226e-01	5.446e-02
chr2_164934357_G_T_b38	2	1.18505e-03	2.226e-01	5.446e-02
chr2_164934398_C_G_b38	2	1.18505e-03	2.226e-01	5.446e-02
chr2_164930340_C_T_b38	2	1.18505e-03	2.226e-01	5.446e-02
chr2_164933456_C_T_b38	2	1.18505e-03	2.226e-01	5.446e-02
chr2_164919899_C_G_b38	2	1.18505e-03	2.226e-01	5.446e-02
chr2_164932627_T_C_b38	2	1.18505e-03	2.226e-01	5.446e-02
chr2_164929540_T_G_b38	2	1.18505e-03	2.226e-01	5.446e-02
chr2_164936808_G_A_b38	2	1.18505e-03	2.226e-01	5.446e-02
chr2_164932002_G_A_b38	2	1.18505e-03	2.226e-01	5.446e-02
chr2_164914879_A_G_b38	2	4.87158e-04	1.954e-01	4.872e-02
chr2_164957981_C_T_b38	2	4.78404e-04	2.072e-01	5.176e-02
chr2_164956793_CAAGTTAGTGTT_C_b38	2	3.96343e-04	2.054e-01	5.203e-02
chr2_164958136_G_A_b38	2	3.96343e-04	2.054e-01	5.203e-02
chr2_165204523_G_T_b38	3	7.66613e-03	1.237e-01	4.271e-02
chr2_165199204_C_T_b38	3	4.47549e-03	1.238e-01	4.270e-02
