chr8_25458743_G_A_b38	1	9.24950e-02	2.641e-01	5.096e-02
chr8_25458715_C_A_b38	1	9.24950e-02	2.641e-01	5.096e-02
chr8_25458711_G_T_b38	1	9.24950e-02	2.641e-01	5.096e-02
chr8_25459145_G_T_b38	1	9.24950e-02	2.641e-01	5.096e-02
chr8_25459273_A_G_b38	1	7.29571e-02	2.621e-01	5.107e-02
chr8_25459785_A_T_b38	1	6.30169e-02	2.722e-01	5.141e-02
chr8_25459945_G_A_b38	1	6.30169e-02	2.722e-01	5.141e-02
chr8_25459906_G_A_b38	1	6.30169e-02	2.722e-01	5.141e-02
chr8_25459808_G_C_b38	1	6.30169e-02	2.722e-01	5.141e-02
chr8_25460056_T_C_b38	1	3.24500e-02	2.722e-01	5.141e-02
chr8_25456876_G_T_b38	1	1.53812e-02	2.608e-01	5.087e-02
chr8_25457055_G_C_b38	1	1.47473e-02	2.605e-01	5.088e-02
chr8_25460308_A_T_b38	1	1.31519e-02	2.636e-01	5.162e-02
chr8_25460986_G_C_b38	1	1.31519e-02	2.636e-01	5.162e-02
chr8_25455703_G_A_b38	1	1.18973e-02	2.640e-01	5.082e-02
chr8_25455744_T_C_b38	1	1.18973e-02	2.640e-01	5.082e-02
chr8_25455745_G_A_b38	1	1.18973e-02	2.640e-01	5.082e-02
chr8_25457344_A_G_b38	1	8.54797e-03	-2.607e-01	5.211e-02
chr8_25463765_T_C_b38	1	8.48748e-03	2.636e-01	5.162e-02
chr8_25462673_G_A_b38	1	8.48748e-03	2.636e-01	5.162e-02
chr8_25453794_G_A_b38	1	8.03683e-03	2.640e-01	5.082e-02
chr8_25467827_G_A_b38	1	5.69032e-03	2.645e-01	5.163e-02
chr8_25454500_G_T_b38	1	5.55036e-03	2.562e-01	5.091e-02
chr8_25464769_G_A_b38	1	5.23387e-03	2.636e-01	5.162e-02
chr8_25452728_T_G_b38	1	4.27017e-03	2.572e-01	5.083e-02
chr8_25495531_C_T_b38	1	4.17710e-03	2.801e-01	5.194e-02
chr8_25480993_A_G_b38	1	3.83962e-03	2.676e-01	5.162e-02
chr8_25479112_T_C_b38	1	3.75642e-03	2.671e-01	5.158e-02
chr8_25452264_A_T_b38	1	3.08219e-03	2.629e-01	5.269e-02
chr8_25443471_T_TA_b38	1	2.93485e-03	2.650e-01	5.178e-02
chr8_25459782_T_G_b38	1	2.88083e-03	2.450e-01	5.309e-02
chr8_25441194_G_C_b38	1	2.86002e-03	2.609e-01	5.103e-02
chr8_25439227_T_TA_b38	1	2.86002e-03	2.609e-01	5.103e-02
chr8_25447182_C_T_b38	1	2.86002e-03	2.609e-01	5.103e-02
chr8_25447390_G_T_b38	1	2.86002e-03	2.609e-01	5.103e-02
chr8_25446014_A_T_b38	1	2.86002e-03	2.609e-01	5.103e-02
chr8_25447592_G_A_b38	1	2.86002e-03	2.609e-01	5.103e-02
chr8_25436836_C_T_b38	1	2.86002e-03	2.609e-01	5.103e-02
chr8_25439414_C_T_b38	1	2.86002e-03	2.609e-01	5.103e-02
chr8_25442628_A_C_b38	1	2.86002e-03	2.609e-01	5.103e-02
chr8_25441379_A_G_b38	1	2.86002e-03	2.609e-01	5.103e-02
chr8_25434656_A_C_b38	1	2.86002e-03	2.609e-01	5.103e-02
chr8_25436831_A_G_b38	1	2.86002e-03	2.609e-01	5.103e-02
chr8_25466546_C_T_b38	1	2.72620e-03	-2.620e-01	5.277e-02
chr8_25481631_A_T_b38	1	2.66459e-03	2.636e-01	5.162e-02
chr8_25482352_T_G_b38	1	2.66459e-03	2.636e-01	5.162e-02
chr8_25449038_C_G_b38	1	2.57819e-03	2.530e-01	5.113e-02
chr8_25471436_T_C_b38	1	2.47753e-03	2.632e-01	5.172e-02
chr8_25472768_T_A_b38	1	2.47753e-03	2.632e-01	5.172e-02
chr8_25451000_C_T_b38	1	2.19102e-03	2.592e-01	5.275e-02
chr8_25449566_TG_T_b38	1	1.99652e-03	2.579e-01	5.271e-02
chr8_25449475_T_C_b38	1	1.99652e-03	2.579e-01	5.271e-02
chr8_25449005_T_C_b38	1	1.99652e-03	2.579e-01	5.271e-02
chr8_25470996_T_C_b38	1	1.88396e-03	2.602e-01	5.172e-02
chr8_25470641_T_C_b38	1	1.88396e-03	2.602e-01	5.172e-02
chr8_25477838_G_A_b38	1	1.74650e-03	-2.654e-01	5.292e-02
chr8_25454518_A_G_b38	1	1.73742e-03	2.441e-01	5.115e-02
chr8_25440090_A_G_b38	1	1.49061e-03	2.543e-01	5.116e-02
chr8_25460098_T_G_b38	1	1.48346e-03	2.450e-01	5.308e-02
chr8_25445411_G_A_b38	1	1.35418e-03	2.530e-01	5.112e-02
chr8_25446913_G_C_b38	1	1.35418e-03	2.530e-01	5.112e-02
chr8_25445897_T_C_b38	1	1.35418e-03	2.530e-01	5.112e-02
chr8_25443241_T_TA_b38	1	1.30848e-03	2.523e-01	5.105e-02
chr8_25482557_G_T_b38	1	1.29827e-03	-2.613e-01	5.280e-02
chr8_25422001_TA_T_b38	1	1.21643e-03	2.626e-01	5.119e-02
chr8_25475084_G_T_b38	1	1.21444e-03	-2.611e-01	5.291e-02
chr8_25474284_G_C_b38	1	1.21444e-03	-2.611e-01	5.291e-02
chr8_25492936_C_T_b38	1	1.12331e-03	2.675e-01	5.226e-02
chr8_25494254_G_C_b38	1	1.09432e-03	2.668e-01	5.219e-02
chr8_25448293_A_G_b38	1	1.04866e-03	2.579e-01	5.271e-02
chr8_25468015_G_A_b38	1	9.70702e-04	-2.518e-01	5.321e-02
chr8_25455940_C_T_b38	1	9.58562e-04	-2.429e-01	5.241e-02
chr8_25458321_G_A_b38	2	4.88763e-03	9.366e-03	1.197e-01
chr8_25441223_C_G_b38	2	4.01513e-04	4.560e-02	1.005e-01
chr8_25470055_A_G_b38	2	3.89672e-04	4.541e-02	1.020e-01
chr8_25531039_T_A_b38	2	3.01327e-05	0.000e+00	0.000e+00
