chr19_48638149_AAGAC_A_b38	1	8.19459e-01	4.080e-01	5.122e-02
chr19_48642256_C_T_b38	1	7.17239e-02	4.033e-01	4.881e-02
chr19_48645524_C_T_b38	1	3.61420e-02	4.032e-01	5.073e-02
chr19_48635029_C_G_b38	1	2.55077e-02	-3.997e-01	4.862e-02
chr19_48633258_T_C_b38	1	2.55057e-02	-3.997e-01	4.862e-02
chr19_48634640_GC_G_b38	1	2.16359e-02	-3.989e-01	4.831e-02
chr19_48702888_G_C_b38	2	1.52067e-01	2.594e-01	3.890e-02
chr19_48703417_G_A_b38	2	1.51136e-01	2.600e-01	3.901e-02
chr19_48703205_C_T_b38	2	1.49097e-01	2.593e-01	3.890e-02
chr19_48703160_A_G_b38	2	1.49097e-01	2.593e-01	3.890e-02
chr19_48702915_C_T_b38	2	1.49097e-01	2.593e-01	3.890e-02
chr19_48702851_C_G_b38	2	1.48596e-01	2.593e-01	3.890e-02
chr19_48706061_G_A_b38	2	2.21817e-02	2.420e-01	3.800e-02
chr19_48703998_A_G_b38	2	1.94015e-02	2.434e-01	3.836e-02
chr19_48703949_A_G_b38	2	1.26065e-02	2.408e-01	3.832e-02
chr19_48704000_T_C_b38	2	1.26065e-02	2.408e-01	3.832e-02
chr19_48706068_C_T_b38	2	6.60460e-03	2.354e-01	3.815e-02
chr19_48703728_G_A_b38	2	5.37223e-03	2.350e-01	3.830e-02
chr19_48704535_G_A_b38	2	5.33844e-03	2.345e-01	3.823e-02
chr19_48706309_A_G_b38	2	5.18416e-03	2.352e-01	3.838e-02
chr19_48705969_G_A_b38	2	4.41928e-03	2.324e-01	3.810e-02
chr19_48706082_T_C_b38	2	3.41484e-03	2.307e-01	3.810e-02
chr19_48705721_A_G_b38	2	2.25408e-03	2.275e-01	3.804e-02
chr19_48704394_T_C_b38	2	1.49546e-03	2.333e-01	3.949e-02
chr19_48637552_A_C_b38	3	2.10404e-02	-1.736e-01	7.473e-02
chr19_48638275_T_C_b38	3	8.17703e-03	-6.240e-02	6.491e-02
chr19_48636583_A_AGGAG_b38	3	3.41863e-03	1.223e-01	7.706e-02
chr19_48639768_T_C_b38	3	1.12855e-03	-4.911e-02	6.462e-02
chr19_48644886_C_T_b38	3	1.08066e-03	1.151e-01	7.788e-02
chr19_48628507_A_AAG_b38	3	8.54978e-04	1.916e-01	1.801e-01
chr19_48613847_C_T_b38	3	7.00805e-04	1.339e-01	7.087e-02
chr19_48625413_G_C_b38	3	6.63816e-04	1.257e-01	7.805e-02
chr19_48633222_C_A_b38	3	6.56368e-04	5.079e-02	6.431e-02
chr19_48613503_C_G_b38	3	6.46121e-04	-7.286e-02	1.562e-01
chr19_48613181_A_G_b38	3	5.77685e-04	1.240e-01	7.071e-02
chr19_48621734_G_C_b38	3	4.62542e-04	1.032e-01	7.795e-02
chr19_48624233_C_T_b38	3	4.30802e-04	5.581e-02	1.544e-01
chr19_48629377_G_A_b38	3	3.74143e-04	-1.099e-02	6.816e-02
chr19_48609736_G_A_b38	3	3.45870e-04	1.417e-01	7.783e-02
chr19_48605385_C_A_b38	3	3.45870e-04	1.417e-01	7.783e-02
chr19_48617517_T_G_b38	3	3.34974e-04	3.339e-02	1.141e-01
chr19_48618991_T_C_b38	3	3.34974e-04	3.339e-02	1.141e-01
chr19_48659244_G_A_b38	3	3.32531e-04	-9.549e-02	7.198e-02
chr19_48622755_C_G_b38	3	3.01222e-04	-5.114e-02	7.195e-02
chr19_48651755_T_C_b38	3	3.00138e-04	7.393e-02	6.108e-02
chr19_48611216_T_C_b38	3	2.48116e-04	1.281e-01	8.173e-02
chr19_48626602_G_A_b38	3	2.46355e-04	5.814e-02	6.312e-02
chr19_48613102_T_C_b38	3	2.45649e-04	-7.286e-02	1.562e-01
chr19_48622051_C_T_b38	3	2.42896e-04	5.579e-02	6.500e-02
chr19_48653051_C_T_b38	3	2.33895e-04	5.686e-02	6.332e-02
chr19_48593869_G_A_b38	3	2.33610e-04	-8.887e-02	6.136e-02
chr19_48609348_G_A_b38	3	2.29171e-04	1.207e-01	7.911e-02
chr19_48623330_T_G_b38	3	2.23508e-04	4.781e-02	6.376e-02
chr19_48617177_C_T_b38	3	2.14802e-04	4.321e-02	6.345e-02
chr19_48659241_G_C_b38	3	2.06534e-04	-7.536e-03	7.104e-02
chr19_48658507_TG_T_b38	3	2.02896e-04	4.208e-02	6.266e-02
chr19_48604360_C_T_b38	3	1.94060e-04	1.118e-01	8.153e-02
chr19_48657290_A_G_b38	3	1.88594e-04	2.685e-02	6.450e-02
chr19_48654232_C_T_b38	3	1.87925e-04	2.280e-02	6.515e-02
chr19_48611031_G_T_b38	3	1.78395e-04	1.045e-01	7.850e-02
chr19_48598733_G_A_b38	3	6.21616e-25	0.000e+00	0.000e+00
chr19_48589234_T_C_b38	4	3.22980e-04	-1.654e-01	5.298e-02
