chr6_155254412_C_G_b38	1	3.50462e-01	5.599e-01	4.766e-02
chr6_155254473_G_A_b38	1	7.71616e-02	5.516e-01	4.744e-02
chr6_155260701_T_G_b38	1	4.96532e-02	-5.514e-01	4.751e-02
chr6_155257465_A_T_b38	1	3.62098e-02	-5.531e-01	4.920e-02
chr6_155258900_CTGA_C_b38	1	3.62098e-02	-5.531e-01	4.920e-02
chr6_155256240_T_C_b38	1	3.61416e-02	-5.378e-01	4.692e-02
chr6_155265464_A_C_b38	1	3.47333e-02	-5.513e-01	4.749e-02
chr6_155254807_C_T_b38	1	3.22584e-02	5.531e-01	4.920e-02
chr6_155257622_A_T_b38	1	2.64037e-02	-5.507e-01	4.810e-02
chr6_155261081_T_G_b38	1	1.84298e-02	-5.535e-01	4.987e-02
chr6_155260052_C_T_b38	1	1.84298e-02	-5.535e-01	4.987e-02
chr6_155259134_T_C_b38	1	1.84298e-02	-5.535e-01	4.987e-02
chr6_155260485_G_A_b38	1	1.84298e-02	-5.535e-01	4.987e-02
chr6_155260770_C_T_b38	1	1.84298e-02	-5.535e-01	4.987e-02
chr6_155260155_C_A_b38	1	1.84298e-02	-5.535e-01	4.987e-02
chr6_155258112_A_C_b38	1	1.54064e-02	-5.367e-01	4.579e-02
chr6_155254733_G_A_b38	1	1.37257e-02	5.367e-01	4.579e-02
chr6_155242707_G_A_b38	1	1.24626e-02	5.514e-01	4.863e-02
chr6_155266575_T_G_b38	1	1.17988e-02	-5.514e-01	4.863e-02
chr6_155266568_T_C_b38	1	1.17988e-02	-5.514e-01	4.863e-02
chr6_155265503_CAGA_C_b38	1	1.16730e-02	-5.535e-01	5.040e-02
chr6_155266288_A_G_b38	1	1.16730e-02	-5.535e-01	5.040e-02
chr6_155263222_T_C_b38	1	1.16730e-02	-5.535e-01	5.040e-02
chr6_155262539_A_C_b38	1	1.16730e-02	-5.535e-01	5.040e-02
chr6_155256689_C_T_b38	1	8.91009e-03	-5.400e-01	5.158e-02
chr6_155253344_G_A_b38	1	8.13944e-03	5.369e-01	4.656e-02
chr6_155273503_C_T_b38	1	6.16246e-03	-5.594e-01	5.334e-02
chr6_155254297_C_T_b38	1	5.11865e-03	5.466e-01	5.302e-02
chr6_155242460_T_C_b38	1	4.26639e-03	5.544e-01	5.171e-02
chr6_155242154_C_T_b38	1	4.26639e-03	5.544e-01	5.171e-02
chr6_155245265_C_G_b38	1	4.26639e-03	5.544e-01	5.171e-02
chr6_155258547_A_AAT_b38	1	4.11089e-03	-5.386e-01	4.855e-02
chr6_155258423_A_G_b38	1	4.11089e-03	-5.386e-01	4.855e-02
chr6_155275212_T_C_b38	1	2.73178e-03	-5.576e-01	5.442e-02
chr6_155267327_G_A_b38	1	2.73178e-03	-5.576e-01	5.442e-02
chr6_155272895_A_G_b38	1	2.73178e-03	-5.576e-01	5.442e-02
chr6_155266613_A_G_b38	1	2.73178e-03	-5.576e-01	5.442e-02
chr6_155275767_T_C_b38	1	2.73178e-03	-5.576e-01	5.442e-02
chr6_155267255_A_G_b38	1	2.73178e-03	-5.576e-01	5.442e-02
chr6_155274348_G_C_b38	1	2.73178e-03	-5.576e-01	5.442e-02
chr6_155276664_C_CTTTTTT_b38	1	2.73178e-03	-5.576e-01	5.442e-02
chr6_155269559_C_T_b38	1	2.73178e-03	-5.576e-01	5.442e-02
chr6_155276510_A_G_b38	1	2.73178e-03	-5.576e-01	5.442e-02
chr6_155267241_T_C_b38	1	2.73178e-03	-5.576e-01	5.442e-02
chr6_155273810_T_C_b38	1	2.73178e-03	-5.576e-01	5.442e-02
chr6_155275151_A_G_b38	1	2.73178e-03	-5.576e-01	5.442e-02
chr6_155273641_A_T_b38	1	2.73178e-03	-5.576e-01	5.442e-02
chr6_155276552_C_G_b38	1	2.73178e-03	-5.576e-01	5.442e-02
chr6_155266462_A_C_b38	1	2.73178e-03	-5.576e-01	5.442e-02
chr6_155266771_T_C_b38	1	2.73178e-03	-5.576e-01	5.442e-02
chr6_155244610_T_C_b38	1	1.86691e-03	5.455e-01	5.172e-02
chr6_155247685_A_G_b38	1	1.07478e-04	6.550e-01	4.036e-02
chr6_155252197_A_G_b38	1	1.02167e-04	6.474e-01	4.016e-02
chr6_155253073_T_C_b38	2	4.33313e-01	2.325e-01	4.976e-02
chr6_155248728_A_G_b38	2	2.01623e-01	2.322e-01	4.947e-02
chr6_155264191_C_T_b38	2	1.69117e-01	-2.302e-01	5.005e-02
chr6_155232837_T_C_b38	2	7.06990e-02	2.269e-01	4.816e-02
chr6_155323049_C_A_b38	2	4.17022e-02	-2.519e-01	4.753e-02
chr6_155322898_CT_C_b38	2	4.17022e-02	-2.519e-01	4.753e-02
chr6_155313480_C_T_b38	2	3.24813e-03	-2.240e-01	4.680e-02
chr6_155319747_G_A_b38	2	2.74447e-03	-2.271e-01	4.738e-02
chr6_155254808_G_A_b38	2	1.58443e-03	-1.685e-01	4.841e-02
chr6_155220589_TTC_T_b38	3	4.47524e-02	1.715e-01	4.060e-02
chr6_155223263_T_C_b38	3	7.17823e-03	1.810e-01	4.769e-02
chr6_155222925_T_C_b38	3	7.17823e-03	1.810e-01	4.769e-02
chr6_155222249_C_T_b38	3	3.75382e-03	1.716e-01	4.753e-02
chr6_155213330_G_A_b38	3	1.14292e-03	1.411e-01	4.381e-02
chr6_155215472_C_T_b38	3	1.03571e-04	1.066e-01	4.050e-02
chr6_155215071_C_T_b38	3	8.87097e-05	1.036e-01	4.055e-02
chr6_155211831_C_T_b38	3	6.80912e-05	9.922e-02	4.115e-02
chr6_155255941_C_T_b38	4	1.98166e-04	3.617e-02	9.710e-02
chr6_155241405_C_T_b38	4	6.95706e-06	0.000e+00	0.000e+00
chr6_155300423_A_G_b38	4	9.16840e-07	0.000e+00	0.000e+00
chr6_155227328_C_T_b38	4	8.92216e-07	0.000e+00	0.000e+00
