chr10_3140852_T_TA_b38	1	6.56575e-01	-9.856e-01	1.598e-01
chr10_3151220_C_T_b38	1	3.10203e-01	-9.741e-01	1.704e-01
chr10_3177942_A_G_b38	1	2.74587e-02	-8.208e-01	1.510e-01
chr10_3173156_A_G_b38	2	6.48048e-02	1.904e-01	8.639e-02
chr10_3172803_AC_A_b38	2	6.41968e-02	1.890e-01	8.510e-02
chr10_3173961_C_G_b38	2	1.81813e-02	1.872e-01	7.016e-02
chr10_3172177_A_G_b38	2	1.77496e-02	1.846e-01	8.417e-02
chr10_3177602_A_G_b38	2	1.68624e-02	1.931e-01	6.978e-02
chr10_3177207_T_C_b38	2	1.68624e-02	1.931e-01	6.978e-02
chr10_3172324_A_G_b38	2	1.50368e-02	1.785e-01	8.397e-02
chr10_3176072_C_G_b38	2	1.17271e-02	1.851e-01	7.033e-02
chr10_3176265_C_T_b38	2	1.17271e-02	1.851e-01	7.033e-02
chr10_3170603_C_G_b38	2	9.54409e-03	1.785e-01	8.396e-02
chr10_3177327_C_CT_b38	2	9.43059e-03	1.825e-01	7.129e-02
chr10_3174195_T_A_b38	2	9.08849e-03	1.853e-01	8.262e-02
chr10_3171372_T_C_b38	2	8.52908e-03	1.745e-01	8.394e-02
chr10_3178786_G_A_b38	2	8.04353e-03	1.823e-01	6.998e-02
chr10_3178180_A_G_b38	2	8.04353e-03	1.823e-01	6.998e-02
chr10_3178667_G_A_b38	2	8.04353e-03	1.823e-01	6.998e-02
chr10_3177253_T_C_b38	2	6.69183e-03	1.742e-01	7.045e-02
chr10_3175177_G_T_b38	2	4.59366e-03	1.515e-01	7.205e-02
chr10_3182617_A_C_b38	2	4.18288e-03	1.816e-01	8.310e-02
chr10_3180987_A_G_b38	2	3.40943e-03	1.766e-01	8.349e-02
chr10_3166365_A_G_b38	2	3.14465e-03	1.764e-01	8.409e-02
chr10_3167680_A_G_b38	2	2.84356e-03	1.726e-01	8.401e-02
chr10_3164173_T_C_b38	2	2.84356e-03	1.726e-01	8.401e-02
chr10_3163659_C_G_b38	2	2.84356e-03	1.726e-01	8.401e-02
chr10_3162995_C_T_b38	2	2.61027e-03	1.725e-01	8.455e-02
chr10_3163835_A_G_b38	2	2.61027e-03	1.725e-01	8.455e-02
chr10_3166391_A_AGAGGAATGGCACGCTAGGGAAGGC_b38	2	2.61027e-03	1.725e-01	8.455e-02
chr10_3165948_G_C_b38	2	2.61027e-03	1.725e-01	8.455e-02
chr10_3166389_G_GA_b38	2	2.61027e-03	1.725e-01	8.455e-02
chr10_3166018_T_C_b38	2	2.61027e-03	1.725e-01	8.455e-02
chr10_3183736_A_G_b38	2	2.47974e-03	1.872e-01	8.327e-02
chr10_3162490_A_G_b38	2	2.31725e-03	2.063e-01	9.387e-02
chr10_3175559_G_C_b38	2	2.17485e-03	1.405e-01	7.192e-02
chr10_3163517_C_A_b38	2	1.77009e-03	1.570e-01	8.408e-02
chr10_3162369_C_T_b38	2	1.29973e-03	1.729e-01	8.426e-02
chr10_3164064_C_A_b38	2	4.78705e-04	1.097e-01	8.326e-02
chr10_3163002_G_A_b38	2	4.78705e-04	1.097e-01	8.326e-02
chr10_3149966_C_A_b38	2	3.45329e-04	1.309e-01	7.838e-02
chr10_3198787_A_G_b38	3	1.88031e-02	5.808e-01	1.477e-01
chr10_3186608_T_C_b38	3	1.04351e-02	-6.413e-01	1.885e-01
chr10_3198601_T_C_b38	3	5.22186e-03	5.740e-01	1.594e-01
chr10_3197737_A_G_b38	3	1.11584e-03	4.385e-01	1.563e-01
chr10_3195750_T_C_b38	3	4.96516e-04	3.769e-01	1.553e-01
chr10_3199026_C_T_b38	3	1.25077e-07	0.000e+00	0.000e+00
chr10_3166851_T_C_b38	4	8.60944e-04	-6.790e-01	2.229e-01
