chr10_77819493_G_A_b38	1	9.83723e-01	9.762e-01	3.308e-02
chr10_77798422_T_C_b38	1	1.28110e-02	9.643e-01	3.260e-02
chr10_77926075_G_A_b38	2	9.16798e-03	-7.458e-02	4.803e-02
chr10_77924837_GTCTC_G_b38	2	1.52993e-03	-6.807e-02	5.298e-02
chr10_77923477_C_T_b38	2	9.32284e-04	-6.807e-02	5.298e-02
chr10_77921749_C_T_b38	2	9.32284e-04	-6.807e-02	5.298e-02
chr10_77921724_G_C_b38	2	8.44152e-04	-5.945e-02	5.018e-02
chr10_77923160_C_T_b38	2	8.28224e-04	-5.773e-02	4.981e-02
chr10_77936112_G_A_b38	2	5.75261e-04	-6.967e-02	5.144e-02
chr10_77920641_G_A_b38	2	5.57135e-04	-6.807e-02	5.298e-02
chr10_77920676_A_T_b38	2	3.73490e-04	-2.109e-02	4.675e-02
chr10_77938319_T_C_b38	2	3.11024e-04	-7.359e-02	5.103e-02
chr10_77941605_A_C_b38	2	3.06999e-04	-7.277e-02	5.125e-02
chr10_77943497_G_A_b38	2	3.06999e-04	-7.277e-02	5.125e-02
chr10_77941721_C_T_b38	2	3.06999e-04	-7.277e-02	5.125e-02
chr10_77941768_T_C_b38	2	3.06999e-04	-7.277e-02	5.125e-02
chr10_77905415_T_C_b38	2	2.84786e-04	-6.807e-02	5.298e-02
chr10_77890593_G_C_b38	2	1.44453e-04	-1.039e-01	8.632e-02
chr10_77889895_G_T_b38	2	1.44453e-04	-1.039e-01	8.632e-02
chr10_77892637_C_T_b38	2	1.42053e-04	-9.268e-02	8.834e-02
chr10_77878233_T_C_b38	2	1.36214e-04	-6.493e-02	8.758e-02
chr10_77885312_C_A_b38	2	1.36214e-04	-6.493e-02	8.758e-02
chr10_77877951_C_T_b38	2	1.35262e-04	-6.701e-02	8.698e-02
chr10_77897947_C_G_b38	2	1.30916e-04	-9.400e-02	6.819e-02
chr10_77900367_T_C_b38	2	9.85588e-05	-5.919e-02	5.434e-02
chr10_77900176_G_A_b38	2	9.85588e-05	-5.919e-02	5.434e-02
