chr16_83930245_G_A_b38	1	9.99935e-01	3.506e-01	5.137e-02
chr16_83947544_C_T_b38	2	3.59638e-01	1.518e-01	3.082e-02
chr16_83949355_C_T_b38	2	1.81456e-01	1.490e-01	3.126e-02
chr16_83947805_C_T_b38	2	1.14601e-01	1.447e-01	3.087e-02
chr16_83949466_C_T_b38	2	9.35387e-02	1.432e-01	3.086e-02
chr16_83951520_A_G_b38	2	8.10383e-02	1.427e-01	3.105e-02
chr16_83947734_GGGCCGAGGGA_G_b38	2	3.47091e-02	1.379e-01	3.113e-02
chr16_83948452_G_A_b38	2	2.66156e-02	1.363e-01	3.120e-02
chr16_83946901_T_C_b38	2	2.63263e-02	1.365e-01	3.120e-02
chr16_83948403_C_T_b38	2	2.56299e-02	1.356e-01	3.118e-02
chr16_83948585_A_G_b38	2	2.15301e-02	1.357e-01	3.144e-02
chr16_83948643_G_A_b38	2	2.09205e-02	1.357e-01	3.147e-02
chr16_83947098_G_C_b38	2	1.13851e-02	1.304e-01	3.134e-02
chr16_83951171_A_C_b38	2	2.54537e-03	1.313e-01	3.477e-02
chr16_83931730_G_C_b38	3	5.80904e-01	-1.760e-01	4.977e-02
chr16_83931444_G_A_b38	3	3.24349e-01	-1.679e-01	4.928e-02
chr16_83931401_C_T_b38	3	4.42915e-02	-1.351e-01	4.957e-02
chr16_83934743_C_G_b38	3	6.73979e-03	-1.427e-01	4.285e-02
chr16_83937504_G_C_b38	3	6.40024e-03	-1.581e-01	4.612e-02
chr16_83934477_G_A_b38	3	3.19157e-03	-1.390e-01	4.088e-02
chr16_83939240_C_T_b38	3	2.22207e-03	-1.589e-01	4.823e-02
chr16_83931516_T_C_b38	4	1.21056e-02	-5.141e-02	1.149e-01
chr16_83932569_A_G_b38	4	3.42562e-03	9.088e-02	9.381e-02
chr16_83932831_C_T_b38	4	2.69478e-03	9.328e-02	9.921e-02
chr16_83933782_G_T_b38	4	2.43298e-03	4.509e-02	9.851e-02
chr16_83933783_C_T_b38	4	2.43298e-03	4.509e-02	9.851e-02
chr16_83933722_G_A_b38	4	2.22693e-03	3.300e-02	9.656e-02
chr16_83933802_TC_T_b38	4	2.18301e-03	2.660e-02	9.807e-02
chr16_83934309_T_C_b38	4	1.79123e-03	8.547e-02	9.634e-02
chr16_83932641_T_C_b38	4	1.63062e-03	2.656e-02	7.292e-02
chr16_83933940_C_G_b38	4	1.51285e-03	6.201e-02	9.585e-02
chr16_83934189_C_G_b38	4	1.37259e-03	4.465e-02	1.003e-01
chr16_83934203_C_T_b38	4	1.32490e-03	4.108e-02	9.637e-02
chr16_83933864_G_A_b38	4	1.24287e-03	2.266e-02	9.937e-02
chr16_83934310_G_A_b38	4	1.15340e-03	1.494e-02	9.501e-02
chr16_83936278_G_A_b38	4	1.07222e-03	-6.354e-02	8.485e-02
chr16_83935449_C_G_b38	4	1.03983e-03	-5.910e-02	8.348e-02
chr16_83934507_G_A_b38	4	1.03924e-03	-3.009e-03	9.302e-02
chr16_83935091_G_GGACA_b38	4	1.01585e-03	-2.049e-02	9.289e-02
chr16_83935086_G_A_b38	4	1.01585e-03	-2.049e-02	9.289e-02
chr16_83934420_C_A_b38	4	1.00335e-03	-3.493e-02	9.061e-02
chr16_83934710_A_G_b38	4	1.00309e-03	-2.701e-02	9.115e-02
chr16_83934667_G_A_b38	4	1.00309e-03	-2.701e-02	9.115e-02
chr16_83934750_A_G_b38	4	1.00309e-03	-2.701e-02	9.115e-02
chr16_83934795_T_C_b38	4	1.00309e-03	-2.701e-02	9.115e-02
chr16_83934591_T_C_b38	4	1.00309e-03	-2.701e-02	9.115e-02
chr16_83934600_G_A_b38	4	1.00309e-03	-2.701e-02	9.115e-02
chr16_83935303_G_A_b38	4	9.89822e-04	-4.001e-02	8.512e-02
chr16_83935200_T_C_b38	4	9.89822e-04	-4.001e-02	8.512e-02
chr16_83937290_C_G_b38	4	5.46779e-04	-4.937e-02	8.658e-02
chr16_83936413_A_G_b38	4	5.34382e-04	1.257e-02	9.137e-02
chr16_83937067_G_C_b38	4	5.25426e-04	8.994e-03	9.030e-02
chr16_83936981_G_C_b38	4	5.19114e-04	5.044e-04	9.169e-02
chr16_83936746_A_G_b38	4	5.15198e-04	4.972e-02	6.150e-02
chr16_83939055_T_C_b38	4	4.85994e-04	8.282e-03	8.174e-02
chr16_83937235_C_G_b38	4	3.94313e-04	1.703e-02	6.713e-02
chr16_83936440_A_G_b38	4	3.92313e-04	2.166e-02	6.446e-02
chr16_83930852_G_GGGGTTGGT_b38	5	3.62375e-04	-1.397e-02	8.411e-02
chr16_83938982_G_A_b38	5	1.16422e-05	0.000e+00	0.000e+00
chr16_83935477_G_A_b38	5	9.31464e-06	0.000e+00	0.000e+00
chr16_83919879_C_T_b38	5	1.79484e-15	0.000e+00	0.000e+00
