chr6_13769273_G_C_b38	1	9.02181e-02	7.055e-02	4.720e-02
chr6_13788020_T_C_b38	1	3.84998e-02	3.253e-02	5.565e-02
chr6_13784768_A_C_b38	1	3.84998e-02	3.253e-02	5.565e-02
chr6_13776977_G_A_b38	1	3.80179e-02	3.135e-02	5.623e-02
chr6_13777704_G_A_b38	1	3.65399e-02	2.942e-02	5.578e-02
chr6_13776387_C_A_b38	1	3.56322e-02	2.830e-02	5.536e-02
chr6_13781613_T_C_b38	1	3.49145e-02	2.610e-02	5.616e-02
chr6_13781267_G_A_b38	1	3.49145e-02	2.610e-02	5.616e-02
chr6_13782388_G_A_b38	1	3.43028e-02	2.390e-02	5.634e-02
chr6_13772917_C_A_b38	1	3.40591e-02	2.498e-02	5.570e-02
chr6_13772753_T_C_b38	1	3.25319e-02	2.196e-02	5.521e-02
chr6_13773540_C_G_b38	1	3.25319e-02	2.196e-02	5.521e-02
chr6_13772718_G_A_b38	1	3.25319e-02	2.196e-02	5.521e-02
chr6_13771940_A_G_b38	1	3.25319e-02	2.196e-02	5.521e-02
chr6_13773348_G_GT_b38	1	3.25319e-02	2.196e-02	5.521e-02
chr6_13772668_A_G_b38	1	3.25319e-02	2.196e-02	5.521e-02
chr6_13769793_G_C_b38	1	3.21883e-02	2.199e-02	5.525e-02
chr6_13774312_C_CTATT_b38	1	2.76812e-02	1.992e-02	5.385e-02
chr6_13772630_C_T_b38	1	2.39876e-02	1.874e-02	5.452e-02
chr6_13776124_T_A_b38	1	2.39876e-02	1.874e-02	5.452e-02
chr6_13771321_G_C_b38	1	2.39876e-02	1.874e-02	5.452e-02
chr6_13772626_G_GCT_b38	1	2.39876e-02	1.874e-02	5.452e-02
chr6_13770652_G_C_b38	1	2.39876e-02	1.874e-02	5.452e-02
chr6_13771218_G_A_b38	1	2.39876e-02	1.874e-02	5.452e-02
chr6_13773733_C_T_b38	1	2.39876e-02	1.874e-02	5.452e-02
chr6_13772629_C_T_b38	1	2.39876e-02	1.874e-02	5.452e-02
chr6_13773532_C_T_b38	1	2.39876e-02	1.874e-02	5.452e-02
chr6_13767551_C_T_b38	1	2.21558e-02	1.168e-02	5.484e-02
chr6_13768191_A_G_b38	1	2.21558e-02	1.168e-02	5.484e-02
chr6_13766978_T_C_b38	1	2.21558e-02	1.168e-02	5.484e-02
chr6_13766980_G_C_b38	1	2.21558e-02	1.168e-02	5.484e-02
chr6_13772526_C_T_b38	1	2.08497e-02	5.013e-03	5.483e-02
chr6_13760721_T_A_b38	1	3.95110e-03	2.765e-02	5.538e-02
chr6_13814108_T_C_b38	2	9.99928e-01	3.055e-01	5.031e-02
chr6_13817127_T_C_b38	2	2.25505e-07	0.000e+00	0.000e+00
chr6_13803685_C_CAT_b38	2	4.94375e-08	0.000e+00	0.000e+00
chr6_13823552_G_A_b38	2	2.39246e-08	0.000e+00	0.000e+00
chr6_13823553_C_T_b38	2	2.39246e-08	0.000e+00	0.000e+00
chr6_13810022_G_A_b38	2	2.13029e-08	0.000e+00	0.000e+00
chr6_13804957_T_C_b38	2	1.32563e-08	0.000e+00	0.000e+00
chr6_13807435_G_A_b38	2	1.32563e-08	0.000e+00	0.000e+00
chr6_13818499_T_C_b38	2	9.81765e-09	0.000e+00	0.000e+00
chr6_13787346_G_A_b38	3	4.27684e-01	-3.912e-01	5.711e-02
chr6_13782841_A_AC_b38	3	4.06378e-01	-3.870e-01	5.556e-02
chr6_13784393_C_T_b38	3	8.75621e-02	-3.791e-01	5.694e-02
chr6_13787072_T_C_b38	3	7.83020e-02	-3.677e-01	5.432e-02
chr6_13821391_C_T_b38	4	4.17894e-02	1.336e-01	4.038e-02
chr6_13790531_C_T_b38	4	2.20349e-02	1.801e-01	5.211e-02
chr6_13814229_T_C_b38	5	5.11151e-04	6.594e-02	8.112e-02
