chr2_48440788_G_C_b38	1	4.50378e-01	4.255e-01	6.946e-02
chr2_48440744_T_C_b38	1	3.33372e-01	4.287e-01	7.076e-02
chr2_48440510_G_C_b38	1	1.12473e-01	3.814e-01	6.516e-02
chr2_48435911_C_T_b38	1	4.33466e-02	4.259e-01	6.942e-02
chr2_48436480_A_T_b38	1	4.23080e-02	4.258e-01	6.960e-02
chr2_48446893_T_C_b38	1	6.81751e-03	4.035e-01	6.955e-02
chr2_48449683_G_C_b38	1	4.68521e-03	4.037e-01	7.047e-02
chr2_48449807_T_C_b38	1	4.30194e-03	4.068e-01	7.113e-02
chr2_48452676_A_C_b38	1	9.47931e-05	4.424e-01	7.204e-02
chr2_48452359_A_C_b38	1	9.47931e-05	4.424e-01	7.204e-02
chr2_48452796_C_G_b38	1	7.04487e-05	4.437e-01	7.294e-02
chr2_48441151_C_T_b38	2	8.53531e-01	-4.861e-01	1.015e-01
chr2_48454858_G_C_b38	2	5.39815e-02	-4.801e-01	1.030e-01
chr2_48404238_T_C_b38	2	4.84674e-02	-4.697e-01	9.614e-02
chr2_48415496_T_C_b38	2	2.79819e-02	-4.437e-01	9.295e-02
chr2_48440605_G_C_b38	3	1.94690e-02	-9.499e-02	6.466e-02
chr2_48439597_A_G_b38	3	1.21873e-03	-5.254e-02	6.561e-02
