chr9_92534795_T_C_b38	1	2.00438e-01	1.035e-01	2.430e-02
chr9_92533853_C_T_b38	1	1.36912e-01	1.032e-01	2.403e-02
chr9_92546365_T_C_b38	1	7.49566e-02	1.036e-01	2.391e-02
chr9_92545543_C_T_b38	1	7.49566e-02	1.036e-01	2.391e-02
chr9_92545538_C_CG_b38	1	7.49566e-02	1.036e-01	2.391e-02
chr9_92633263_A_G_b38	1	4.22592e-02	1.168e-01	2.352e-02
chr9_92635136_C_G_b38	1	3.71190e-02	1.162e-01	2.356e-02
chr9_92561387_T_C_b38	1	3.60286e-02	1.046e-01	2.391e-02
chr9_92547948_T_C_b38	1	3.49954e-02	1.040e-01	2.380e-02
chr9_92517306_A_G_b38	1	3.49410e-02	1.040e-01	2.380e-02
chr9_92522700_T_G_b38	1	3.49410e-02	1.040e-01	2.380e-02
chr9_92522940_T_C_b38	1	3.49410e-02	1.040e-01	2.380e-02
chr9_92610969_T_C_b38	1	1.22993e-02	1.107e-01	2.348e-02
chr9_92571669_T_G_b38	1	1.10313e-02	1.045e-01	2.379e-02
chr9_92625701_C_T_b38	1	1.08142e-02	1.111e-01	2.373e-02
chr9_92629006_C_T_b38	1	1.08142e-02	1.111e-01	2.373e-02
chr9_92665734_A_G_b38	1	5.77118e-03	1.173e-01	2.327e-02
chr9_92666838_A_C_b38	1	5.77118e-03	1.173e-01	2.327e-02
chr9_92766921_A_G_b38	1	5.49820e-03	1.096e-01	2.195e-02
chr9_92692347_A_G_b38	1	4.87684e-03	1.095e-01	2.203e-02
chr9_92637583_T_C_b38	1	4.33907e-03	1.167e-01	2.346e-02
chr9_92591503_T_C_b38	1	3.58126e-03	1.052e-01	2.364e-02
chr9_92588391_A_G_b38	1	3.58126e-03	1.052e-01	2.364e-02
chr9_92672119_G_A_b38	1	1.92064e-03	1.100e-01	2.314e-02
chr9_92671562_T_C_b38	1	1.92064e-03	1.100e-01	2.314e-02
chr9_92536646_T_C_b38	2	1.22035e-01	1.250e-01	4.943e-02
chr9_92536172_TA_T_b38	2	1.22035e-01	1.250e-01	4.943e-02
chr9_92535563_A_G_b38	2	2.48201e-02	1.267e-01	4.900e-02
chr9_92539109_A_G_b38	2	2.32939e-02	1.267e-01	4.900e-02
chr9_92539240_C_G_b38	2	1.21691e-02	1.253e-01	4.964e-02
chr9_92546506_C_T_b38	2	6.74960e-03	1.252e-01	4.966e-02
chr9_92528614_CCACCAGT_C_b38	2	6.54654e-03	1.252e-01	4.966e-02
chr9_92522924_G_T_b38	2	2.67857e-03	1.290e-01	4.973e-02
chr9_92512244_C_G_b38	2	2.67654e-03	1.329e-01	5.066e-02
chr9_92514555_G_C_b38	2	2.67654e-03	1.329e-01	5.066e-02
chr9_92511803_T_C_b38	2	2.67654e-03	1.329e-01	5.066e-02
chr9_92546911_A_G_b38	2	2.30427e-03	1.272e-01	5.023e-02
chr9_92494433_C_G_b38	2	6.63688e-04	1.352e-01	5.165e-02
chr9_92488137_A_C_b38	2	6.63688e-04	1.352e-01	5.165e-02
chr9_92489718_T_TAC_b38	2	6.63688e-04	1.352e-01	5.165e-02
chr9_92502213_G_A_b38	2	6.63688e-04	1.352e-01	5.165e-02
chr9_92502162_T_A_b38	2	6.63688e-04	1.352e-01	5.165e-02
chr9_92495259_A_G_b38	2	6.63688e-04	1.352e-01	5.165e-02
chr9_92507462_A_G_b38	2	6.63688e-04	1.352e-01	5.165e-02
chr9_92564129_G_A_b38	2	4.00904e-04	1.364e-01	5.238e-02
chr9_92585571_A_G_b38	2	4.00904e-04	1.364e-01	5.238e-02
chr9_92578840_A_G_b38	2	4.00904e-04	1.364e-01	5.238e-02
chr9_92536820_C_T_b38	3	1.02422e-02	9.517e-02	5.448e-02
chr9_92528378_CAA_C_b38	3	1.49468e-03	1.566e-01	6.087e-02
chr9_92535655_TA_T_b38	3	1.16038e-03	9.539e-02	5.464e-02
chr9_92535309_C_T_b38	3	1.16038e-03	9.539e-02	5.464e-02
chr9_92534474_G_A_b38	3	6.99399e-04	9.596e-02	5.485e-02
chr9_92535054_C_G_b38	3	6.99399e-04	9.596e-02	5.485e-02
chr9_92538850_G_A_b38	3	6.56392e-04	9.596e-02	5.485e-02
chr9_92556089_T_C_b38	3	4.49891e-04	1.573e-01	6.109e-02
chr9_92521680_T_G_b38	3	4.49192e-04	1.573e-01	6.109e-02
chr9_92520281_T_C_b38	3	4.49192e-04	1.573e-01	6.109e-02
chr9_92532694_T_G_b38	3	4.24408e-04	9.596e-02	5.485e-02
chr9_92533073_C_T_b38	3	4.24408e-04	9.596e-02	5.485e-02
chr9_92540664_G_A_b38	3	4.23509e-04	9.596e-02	5.485e-02
chr9_92539979_A_G_b38	3	4.23509e-04	9.596e-02	5.485e-02
chr9_92546457_G_T_b38	3	9.20470e-06	0.000e+00	0.000e+00
chr9_92544249_G_A_b38	3	9.20470e-06	0.000e+00	0.000e+00
chr9_92546410_G_A_b38	3	9.20470e-06	0.000e+00	0.000e+00
chr9_92542763_C_T_b38	3	9.20470e-06	0.000e+00	0.000e+00
chr9_92530634_T_C_b38	3	8.92778e-06	0.000e+00	0.000e+00
chr9_92529797_C_A_b38	3	8.85390e-06	0.000e+00	0.000e+00
chr9_92571790_A_G_b38	3	7.74750e-06	0.000e+00	0.000e+00
chr9_92570706_C_A_b38	3	7.74750e-06	0.000e+00	0.000e+00
chr9_92555963_A_G_b38	3	4.43436e-06	0.000e+00	0.000e+00
chr9_92548286_A_G_b38	3	4.43436e-06	0.000e+00	0.000e+00
chr9_92561461_G_A_b38	3	4.43436e-06	0.000e+00	0.000e+00
chr9_92559791_A_G_b38	3	4.43436e-06	0.000e+00	0.000e+00
chr9_92547891_A_G_b38	3	4.43436e-06	0.000e+00	0.000e+00
chr9_92557798_A_T_b38	3	4.43436e-06	0.000e+00	0.000e+00
chr9_92558679_A_G_b38	3	4.43436e-06	0.000e+00	0.000e+00
chr9_92523331_G_A_b38	3	4.42746e-06	0.000e+00	0.000e+00
chr9_92519079_T_C_b38	3	4.42746e-06	0.000e+00	0.000e+00
chr9_92517014_CAGA_C_b38	3	4.42746e-06	0.000e+00	0.000e+00
chr9_92521426_G_T_b38	3	4.42746e-06	0.000e+00	0.000e+00
chr9_92516402_A_G_b38	3	4.42746e-06	0.000e+00	0.000e+00
chr9_92524570_A_T_b38	3	4.42746e-06	0.000e+00	0.000e+00
chr9_92518300_G_A_b38	3	4.42746e-06	0.000e+00	0.000e+00
chr9_92523897_C_T_b38	3	4.42746e-06	0.000e+00	0.000e+00
chr9_92525310_T_C_b38	3	4.42746e-06	0.000e+00	0.000e+00
chr9_92580546_A_G_b38	3	3.53985e-06	0.000e+00	0.000e+00
chr9_92565907_T_A_b38	3	2.84633e-06	0.000e+00	0.000e+00
chr9_92573726_C_CT_b38	3	2.84633e-06	0.000e+00	0.000e+00
chr9_92581972_C_G_b38	3	2.84633e-06	0.000e+00	0.000e+00
chr9_92622423_A_C_b38	3	2.66821e-06	0.000e+00	0.000e+00
chr9_92570185_G_A_b38	3	1.87562e-06	0.000e+00	0.000e+00
chr9_92515074_C_T_b38	3	1.75117e-06	0.000e+00	0.000e+00
chr9_92572892_G_A_b38	3	1.61269e-06	0.000e+00	0.000e+00
chr9_92570536_G_T_b38	3	1.61269e-06	0.000e+00	0.000e+00
chr9_92573517_G_A_b38	3	1.61269e-06	0.000e+00	0.000e+00
chr9_92564285_C_A_b38	3	1.61269e-06	0.000e+00	0.000e+00
chr9_92563371_A_G_b38	3	1.61269e-06	0.000e+00	0.000e+00
chr9_92577712_T_C_b38	3	1.61269e-06	0.000e+00	0.000e+00
chr9_92576799_G_A_b38	3	1.61269e-06	0.000e+00	0.000e+00
chr9_92572034_CTT_C_b38	3	1.61269e-06	0.000e+00	0.000e+00
chr9_92570879_G_C_b38	3	1.61269e-06	0.000e+00	0.000e+00
chr9_92572989_G_A_b38	3	1.61269e-06	0.000e+00	0.000e+00
chr9_92577076_C_T_b38	3	1.61269e-06	0.000e+00	0.000e+00
chr9_92575037_G_C_b38	3	1.61269e-06	0.000e+00	0.000e+00
chr9_92577675_C_A_b38	3	1.61269e-06	0.000e+00	0.000e+00
chr9_92570518_G_A_b38	3	1.61269e-06	0.000e+00	0.000e+00
