chr8_143987661_G_A_b38	1	1.05414e-01	-2.057e-01	4.545e-02
chr8_144012260_G_C_b38	1	9.58393e-02	-1.680e-01	4.571e-02
chr8_143982302_C_T_b38	1	5.77550e-02	-2.090e-01	4.532e-02
chr8_143987456_C_T_b38	1	5.50275e-02	-1.980e-01	4.535e-02
chr8_143991836_C_G_b38	1	4.61771e-02	-1.958e-01	4.528e-02
chr8_143983869_A_G_b38	1	4.30974e-02	-2.068e-01	4.551e-02
chr8_143985257_T_C_b38	1	4.30974e-02	-2.068e-01	4.551e-02
chr8_143977310_G_A_b38	1	4.01307e-02	-2.065e-01	4.563e-02
chr8_143969375_A_G_b38	1	3.22737e-02	-1.981e-01	4.429e-02
chr8_143985944_G_A_b38	1	3.05721e-02	-2.029e-01	4.546e-02
chr8_143987852_C_T_b38	1	2.37474e-02	-1.864e-01	4.484e-02
chr8_144010325_T_C_b38	1	1.86058e-02	-1.680e-01	4.569e-02
chr8_143969936_C_T_b38	1	1.79836e-02	-1.991e-01	4.598e-02
chr8_143984818_A_G_b38	1	1.64029e-02	-1.980e-01	4.598e-02
chr8_144018753_T_C_b38	1	1.45248e-02	-1.767e-01	4.577e-02
chr8_143982085_G_A_b38	1	1.18610e-02	-1.945e-01	4.600e-02
chr8_143970581_A_G_b38	1	1.01139e-02	-1.914e-01	4.572e-02
chr8_144007080_A_G_b38	1	1.00199e-02	-1.727e-01	4.577e-02
chr8_144005133_T_C_b38	1	8.98169e-03	-1.713e-01	4.578e-02
chr8_143936346_T_C_b38	1	8.80090e-03	-1.986e-01	4.502e-02
chr8_143930776_T_C_b38	1	7.86824e-03	-1.977e-01	4.513e-02
chr8_144005366_C_G_b38	1	7.16234e-03	-1.680e-01	4.569e-02
chr8_143973019_A_G_b38	1	6.53254e-03	-1.878e-01	4.609e-02
chr8_143935425_A_C_b38	1	6.48146e-03	-1.951e-01	4.500e-02
chr8_143933366_C_T_b38	1	5.86875e-03	-1.946e-01	4.514e-02
chr8_143958164_C_CTG_b38	1	5.49477e-03	-1.935e-01	4.505e-02
chr8_143948489_G_T_b38	1	5.45472e-03	-1.939e-01	4.518e-02
chr8_143976177_G_A_b38	1	5.26132e-03	-1.860e-01	4.632e-02
chr8_143992685_C_T_b38	1	5.11859e-03	-1.701e-01	4.545e-02
chr8_143993299_G_T_b38	1	5.06967e-03	-1.711e-01	4.577e-02
chr8_143994321_AG_A_b38	1	4.98897e-03	-1.702e-01	4.557e-02
chr8_143917935_T_C_b38	1	4.93382e-03	-1.942e-01	4.549e-02
chr8_143995983_G_A_b38	1	4.78997e-03	-1.700e-01	4.568e-02
chr8_143994959_A_AG_b38	1	4.19374e-03	-1.679e-01	4.556e-02
chr8_144000513_A_G_b38	1	4.10054e-03	-1.680e-01	4.567e-02
chr8_144001645_A_G_b38	1	4.10054e-03	-1.680e-01	4.567e-02
chr8_144002406_T_G_b38	1	4.10054e-03	-1.680e-01	4.567e-02
chr8_144001463_T_C_b38	1	4.10054e-03	-1.680e-01	4.567e-02
chr8_143967165_T_C_b38	1	4.05962e-03	-1.814e-01	4.593e-02
chr8_143958134_A_G_b38	1	4.02932e-03	-1.918e-01	4.547e-02
chr8_144000284_T_C_b38	1	3.96434e-03	-1.673e-01	4.560e-02
chr8_143934763_G_C_b38	1	3.93972e-03	-1.901e-01	4.512e-02
chr8_143977316_C_T_b38	1	3.87479e-03	-1.855e-01	4.787e-02
chr8_143939725_C_G_b38	1	3.84822e-03	-1.946e-01	4.629e-02
chr8_143997820_T_C_b38	1	3.58522e-03	-1.679e-01	4.615e-02
chr8_143977246_G_A_b38	1	3.55003e-03	-1.850e-01	4.803e-02
chr8_143954337_C_CG_b38	1	3.32276e-03	-1.904e-01	4.568e-02
chr8_143965427_T_TCCACCTGGTCTGCCATCATGCCAGG_b38	1	3.31311e-03	-1.783e-01	4.578e-02
chr8_143972494_C_T_b38	1	3.19366e-03	-1.843e-01	4.798e-02
chr8_143952282_T_C_b38	1	3.17666e-03	-1.891e-01	4.550e-02
chr8_143987994_C_G_b38	1	3.04405e-03	-1.623e-01	4.519e-02
chr8_143954419_T_C_b38	1	2.94851e-03	-1.885e-01	4.556e-02
chr8_143957097_G_A_b38	1	2.92422e-03	-1.874e-01	4.533e-02
chr8_143940564_C_T_b38	1	2.87527e-03	-1.938e-01	4.693e-02
chr8_143917008_T_C_b38	1	2.80184e-03	-1.864e-01	4.520e-02
chr8_144008019_C_T_b38	1	2.75172e-03	-1.560e-01	4.879e-02
chr8_143916360_A_G_b38	1	2.69927e-03	-1.855e-01	4.508e-02
chr8_143946999_C_G_b38	1	2.64510e-03	-1.923e-01	4.682e-02
chr8_143934174_C_A_b38	1	2.44415e-03	-1.909e-01	4.672e-02
chr8_143939819_C_CAG_b38	1	2.41632e-03	-1.907e-01	4.670e-02
chr8_143976168_A_C_b38	1	2.39353e-03	-1.746e-01	4.592e-02
chr8_143913053_C_T_b38	1	2.33293e-03	-1.884e-01	4.624e-02
chr8_143933779_G_A_b38	1	2.28075e-03	-1.893e-01	4.654e-02
chr8_143935442_A_G_b38	1	2.16153e-03	-1.906e-01	4.702e-02
chr8_143934392_A_G_b38	1	2.12056e-03	-1.902e-01	4.698e-02
chr8_143934275_A_T_b38	1	2.12056e-03	-1.902e-01	4.698e-02
chr8_143936584_C_T_b38	1	2.12056e-03	-1.902e-01	4.698e-02
chr8_143946468_G_A_b38	1	2.12056e-03	-1.902e-01	4.698e-02
chr8_143938298_A_G_b38	1	2.09020e-03	-1.904e-01	4.708e-02
chr8_143947260_G_C_b38	1	2.03673e-03	-1.853e-01	4.589e-02
chr8_143988060_A_G_b38	1	1.91961e-03	-1.529e-01	4.421e-02
chr8_143936137_A_G_b38	1	1.88577e-03	-1.824e-01	4.536e-02
chr8_143939781_C_T_b38	1	1.86317e-03	-1.871e-01	4.661e-02
chr8_143916167_G_A_b38	1	1.85397e-03	-1.847e-01	4.602e-02
chr8_143989244_T_C_b38	1	1.79955e-03	-1.640e-01	4.818e-02
chr8_143934538_C_T_b38	1	1.78361e-03	-1.880e-01	4.698e-02
chr8_143931520_A_AC_b38	1	1.78132e-03	-1.850e-01	4.623e-02
chr8_143912625_C_T_b38	1	1.77506e-03	-1.842e-01	4.604e-02
chr8_143933019_G_A_b38	1	1.77009e-03	-1.895e-01	4.739e-02
chr8_143938609_C_G_b38	1	1.73656e-03	-1.892e-01	4.733e-02
chr8_143946689_C_T_b38	1	1.71313e-03	-1.901e-01	4.764e-02
chr8_143980103_T_C_b38	1	1.69030e-03	-1.745e-01	4.711e-02
chr8_143945857_G_A_b38	1	1.67630e-03	-1.873e-01	4.701e-02
chr8_143996235_T_C_b38	1	1.66317e-03	-1.557e-01	4.568e-02
chr8_143933821_A_G_b38	1	1.63317e-03	-1.865e-01	4.688e-02
chr8_143937036_A_G_b38	1	1.61735e-03	-1.870e-01	4.705e-02
chr8_143995510_G_A_b38	1	1.52169e-03	-1.542e-01	4.562e-02
chr8_143912510_G_A_b38	1	1.45755e-03	-1.862e-01	4.713e-02
chr8_143926863_T_C_b38	1	1.41822e-03	-1.802e-01	4.567e-02
chr8_143948186_T_G_b38	1	1.41086e-03	-1.869e-01	4.744e-02
chr8_143915294_A_G_b38	1	1.38537e-03	-1.777e-01	4.513e-02
chr8_143902552_T_C_b38	1	1.38420e-03	-1.874e-01	4.279e-02
chr8_143940256_C_G_b38	1	1.33274e-03	-1.849e-01	4.711e-02
chr8_143932622_T_C_b38	1	1.27181e-03	-1.779e-01	4.545e-02
chr8_143957800_C_T_b38	1	1.26686e-03	-1.988e-01	5.109e-02
chr8_143966688_G_T_b38	1	1.24745e-03	-1.693e-01	4.705e-02
chr8_143946309_T_C_b38	1	1.16944e-03	-1.813e-01	4.661e-02
chr8_143928115_A_G_b38	1	1.14824e-03	-1.780e-01	4.579e-02
chr8_143921861_A_G_b38	1	1.14824e-03	-1.780e-01	4.579e-02
chr8_143925453_C_T_b38	1	1.13227e-03	-1.827e-01	4.710e-02
chr8_143961174_A_G_b38	1	1.10633e-03	-1.760e-01	4.540e-02
chr8_143939177_C_T_b38	1	1.08742e-03	-1.815e-01	4.691e-02
chr8_143926153_C_T_b38	1	1.03528e-03	-1.804e-01	4.679e-02
chr8_144012708_T_C_b38	2	1.57911e-02	-8.694e-02	1.077e-01
chr8_144013325_G_C_b38	2	6.40348e-03	-8.713e-02	1.083e-01
chr8_144014218_T_C_b38	2	2.59301e-03	5.678e-02	1.260e-01
chr8_144009993_T_C_b38	2	2.58021e-03	-8.900e-02	1.108e-01
chr8_144013864_G_A_b38	2	2.42296e-03	4.408e-02	1.242e-01
chr8_144016883_C_T_b38	2	1.25554e-03	-9.141e-03	1.125e-01
chr8_144016306_C_A_b38	2	1.18701e-03	-9.777e-03	1.042e-01
chr8_144016432_C_T_b38	2	1.18701e-03	-9.777e-03	1.042e-01
chr8_144018265_G_A_b38	2	6.78977e-04	-1.631e-02	1.107e-01
chr8_144020258_C_G_b38	2	6.49008e-04	-4.067e-02	9.487e-02
chr8_144025789_G_A_b38	2	5.52945e-04	-1.088e-01	8.948e-02
chr8_144037220_G_A_b38	2	5.44884e-04	-1.183e-01	1.174e-01
chr8_144035101_CA_C_b38	2	5.38642e-04	-1.067e-01	8.910e-02
chr8_143990799_C_T_b38	2	3.94046e-04	6.545e-02	1.216e-01
chr8_144037162_A_G_b38	2	3.85823e-04	5.427e-02	1.399e-01
chr8_144035614_C_A_b38	2	3.84489e-04	3.593e-02	1.311e-01
chr8_143993680_G_A_b38	2	3.71810e-04	-4.594e-02	1.156e-01
chr8_143997343_C_T_b38	2	3.60694e-04	5.167e-02	1.115e-01
chr8_144022738_AC_A_b38	2	3.60577e-04	-6.293e-02	1.037e-01
chr8_144035265_T_C_b38	2	3.46587e-04	-6.917e-02	9.671e-02
chr8_144030476_C_T_b38	2	3.09620e-04	-4.870e-02	9.568e-02
chr8_144027068_A_T_b38	2	2.98762e-04	-4.655e-02	8.838e-02
chr8_144030434_C_T_b38	2	2.97519e-04	-3.971e-02	9.472e-02
chr8_144030162_A_G_b38	2	2.67003e-04	-2.083e-02	9.372e-02
chr8_144026187_T_C_b38	2	2.65727e-04	-3.951e-02	8.374e-02
chr8_144033395_G_A_b38	2	2.60284e-04	7.112e-03	9.157e-02
chr8_144038622_G_A_b38	2	2.06288e-04	-1.393e-01	1.224e-01
chr8_144038620_G_T_b38	2	2.06288e-04	-1.393e-01	1.224e-01
chr8_144038621_T_C_b38	2	1.77365e-04	-1.420e-01	1.228e-01
chr8_144038631_G_T_b38	2	1.68829e-04	-1.353e-01	1.226e-01
chr8_144038635_C_T_b38	2	1.68829e-04	-1.353e-01	1.226e-01
chr8_144038636_A_G_b38	2	1.68406e-04	-1.350e-01	1.227e-01
chr8_144038611_A_G_b38	2	1.68406e-04	-1.350e-01	1.227e-01
chr8_144038163_A_G_b38	2	1.67289e-04	-1.273e-01	1.108e-01
chr8_143966984_A_G_b38	2	8.52333e-05	7.713e-02	1.164e-01
chr8_143980087_C_T_b38	2	8.34094e-05	6.167e-02	1.228e-01
chr8_143984184_G_T_b38	2	6.73062e-05	5.698e-02	1.164e-01
chr8_143982332_GGCGT_G_b38	2	6.73062e-05	5.698e-02	1.164e-01
chr8_143979461_G_C_b38	2	6.73062e-05	5.698e-02	1.164e-01
chr8_143983684_C_T_b38	2	5.17827e-05	3.077e-02	1.155e-01
chr8_143968168_T_C_b38	2	5.14835e-05	3.541e-02	1.153e-01
chr8_143984371_T_C_b38	2	4.79018e-05	4.516e-02	1.003e-01
chr8_143960948_G_A_b38	3	7.21762e-05	-2.405e-01	1.185e-01
chr8_144039487_C_T_b38	3	3.32600e-05	0.000e+00	0.000e+00
chr8_143961311_C_T_b38	3	3.86243e-06	0.000e+00	0.000e+00
chr8_143918901_G_A_b38	3	1.53036e-06	0.000e+00	0.000e+00
chr8_143959591_G_A_b38	3	1.51970e-06	0.000e+00	0.000e+00
chr8_144210989_C_T_b38	3	3.10243e-07	0.000e+00	0.000e+00
