chr20_33684395_G_A_b38	1	3.25330e-01	-5.227e-01	5.659e-02
chr20_33650576_A_G_b38	1	1.47712e-01	-5.173e-01	5.341e-02
chr20_33656905_G_T_b38	1	6.80618e-02	-5.197e-01	5.543e-02
chr20_33716847_C_G_b38	1	6.33301e-02	-5.495e-01	5.490e-02
chr20_33712828_A_C_b38	1	6.33301e-02	-5.495e-01	5.490e-02
chr20_33717975_A_T_b38	1	6.33301e-02	-5.495e-01	5.490e-02
chr20_33715102_C_T_b38	1	4.69813e-02	-5.409e-01	5.433e-02
chr20_33600262_A_T_b38	1	4.41979e-02	-5.157e-01	5.308e-02
chr20_33635234_A_G_b38	1	4.41979e-02	-5.157e-01	5.308e-02
chr20_33701957_A_G_b38	1	3.00335e-02	-5.338e-01	5.515e-02
chr20_33675156_G_A_b38	1	2.81395e-02	-5.089e-01	5.605e-02
chr20_33589273_T_C_b38	1	2.06367e-02	-5.187e-01	5.533e-02
chr20_33622432_T_G_b38	1	2.06367e-02	-5.187e-01	5.533e-02
chr20_33700111_C_T_b38	1	1.43752e-02	-4.950e-01	5.193e-02
chr20_33745375_G_T_b38	1	6.37165e-03	-5.298e-01	5.412e-02
chr20_33775731_G_T_b38	1	3.21025e-03	-5.532e-01	5.713e-02
chr20_33557536_T_TCA_b38	1	3.04480e-03	-5.187e-01	5.533e-02
chr20_33689263_A_G_b38	2	2.10732e-01	4.510e-01	1.134e-01
chr20_33687284_C_T_b38	2	1.39596e-02	3.308e-01	1.278e-01
chr20_33711204_C_T_b38	2	1.23593e-02	5.236e-01	1.523e-01
chr20_33695020_GGCC_G_b38	2	5.43073e-03	3.774e-01	1.272e-01
chr20_33695634_C_A_b38	2	5.43073e-03	3.774e-01	1.272e-01
chr20_33694652_T_G_b38	2	5.43073e-03	3.774e-01	1.272e-01
chr20_33689009_T_C_b38	2	3.63811e-03	3.271e-01	1.280e-01
chr20_33690190_C_A_b38	2	3.63811e-03	3.271e-01	1.280e-01
chr20_33723487_A_G_b38	2	2.66435e-03	4.963e-01	1.461e-01
chr20_33709294_C_T_b38	2	2.39277e-03	3.876e-01	1.265e-01
chr20_33706226_T_C_b38	2	2.39277e-03	3.876e-01	1.265e-01
chr20_33702066_G_T_b38	2	2.39277e-03	3.876e-01	1.265e-01
chr20_33698066_A_G_b38	2	2.39277e-03	3.876e-01	1.265e-01
chr20_33710994_A_C_b38	2	2.39277e-03	3.876e-01	1.265e-01
chr20_33766031_C_T_b38	2	2.38226e-03	3.491e-01	9.047e-02
chr20_33674983_C_G_b38	2	1.14101e-03	4.043e-01	1.409e-01
chr20_33685610_C_T_b38	3	1.85472e-02	-3.694e-01	1.367e-01
