chr20_44885402_A_G_b38	1	4.99729e-01	-1.687e-01	5.057e-02
chr20_44885569_T_C_b38	2	1.68034e-01	-5.872e-02	1.897e-02
chr20_44885696_G_T_b38	2	1.68034e-01	-5.872e-02	1.897e-02
chr20_44885562_C_T_b38	2	1.27458e-01	-5.735e-02	1.912e-02
chr20_44886629_C_T_b38	2	8.76665e-02	-6.190e-02	1.940e-02
chr20_44888400_C_T_b38	2	3.03986e-02	-6.307e-02	1.933e-02
chr20_44894193_C_T_b38	2	1.95086e-02	-6.307e-02	1.933e-02
chr20_44888560_A_G_b38	2	1.82803e-02	-5.872e-02	1.897e-02
chr20_44890896_A_G_b38	2	1.17316e-02	-5.872e-02	1.897e-02
chr20_44894084_A_G_b38	2	1.17316e-02	-5.872e-02	1.897e-02
chr20_44895564_C_A_b38	2	1.17316e-02	-5.872e-02	1.897e-02
chr20_44896322_C_T_b38	2	9.90182e-03	-6.307e-02	1.933e-02
chr20_44900321_G_T_b38	2	9.84251e-03	-6.260e-02	1.919e-02
chr20_44899880_G_A_b38	2	9.84251e-03	-6.260e-02	1.919e-02
chr20_44891649_CAT_C_b38	2	9.20626e-03	-5.789e-02	1.923e-02
chr20_44893533_C_G_b38	2	8.75744e-03	-5.680e-02	1.896e-02
chr20_44887515_G_A_b38	2	7.45595e-03	-5.261e-02	2.073e-02
chr20_44899568_T_C_b38	2	5.93527e-03	-5.831e-02	1.884e-02
chr20_44901038_T_C_b38	2	5.93527e-03	-5.831e-02	1.884e-02
chr20_44898696_C_T_b38	2	5.93527e-03	-5.831e-02	1.884e-02
chr20_44907814_C_T_b38	2	5.71414e-03	-5.999e-02	1.950e-02
chr20_44903797_T_C_b38	2	5.32175e-03	-5.923e-02	1.940e-02
chr20_44901593_A_C_b38	2	4.11639e-03	-5.612e-02	1.889e-02
chr20_44906262_G_A_b38	2	4.03787e-03	-5.620e-02	1.897e-02
chr20_44903747_A_G_b38	2	4.03787e-03	-5.620e-02	1.897e-02
chr20_44909956_G_T_b38	2	3.58767e-03	-5.529e-02	1.892e-02
chr20_44908559_T_C_b38	2	2.74007e-03	-5.401e-02	1.914e-02
chr20_44904645_T_G_b38	2	1.71030e-03	-5.055e-02	1.910e-02
chr20_44885172_C_T_b38	3	1.87362e-03	7.309e-03	4.547e-02
