chr1_180936558_C_T_b38	1	7.09580e-01	-3.682e-01	6.879e-02
chr1_180939925_T_C_b38	1	2.44891e-01	3.670e-01	6.863e-02
chr1_180910677_A_ACTT_b38	2	2.41237e-02	2.240e-01	8.423e-02
chr1_180911192_A_G_b38	2	1.83345e-02	2.198e-01	8.684e-02
chr1_180909027_C_A_b38	2	9.78952e-03	1.979e-01	8.180e-02
chr1_180908325_G_T_b38	2	9.62340e-03	2.056e-01	8.563e-02
chr1_180906594_A_C_b38	2	6.82072e-03	2.198e-01	8.682e-02
chr1_180907855_C_A_b38	2	6.21084e-03	2.048e-01	8.185e-02
chr1_180921075_G_A_b38	3	7.80729e-04	-1.552e-01	6.085e-02
chr1_180918153_G_A_b38	3	5.22143e-04	-1.627e-01	7.694e-02
