chr3_53088241_T_C_b38	1	1.71794e-01	8.172e-01	7.650e-02
chr3_53077688_T_C_b38	1	1.71794e-01	8.172e-01	7.650e-02
chr3_53072031_T_C_b38	1	1.02042e-01	7.903e-01	8.592e-02
chr3_53073553_G_A_b38	1	5.61745e-02	7.813e-01	9.617e-02
chr3_53091569_T_C_b38	1	5.18567e-02	8.192e-01	7.145e-02
chr3_53087260_A_G_b38	1	2.95191e-02	7.817e-01	9.335e-02
chr3_53088354_A_G_b38	1	2.95191e-02	7.817e-01	9.335e-02
chr3_53089470_G_A_b38	1	2.95191e-02	7.817e-01	9.335e-02
chr3_53088242_G_A_b38	1	2.95191e-02	7.817e-01	9.335e-02
chr3_53081144_A_C_b38	1	2.95191e-02	7.817e-01	9.335e-02
chr3_53086082_C_T_b38	1	2.95191e-02	7.817e-01	9.335e-02
chr3_53088953_G_A_b38	1	2.95191e-02	7.817e-01	9.335e-02
chr3_53085687_G_A_b38	1	2.95191e-02	7.817e-01	9.335e-02
chr3_53084723_C_T_b38	1	2.95191e-02	7.817e-01	9.335e-02
chr3_53089257_A_G_b38	1	2.95191e-02	7.817e-01	9.335e-02
chr3_53086908_C_T_b38	1	2.95191e-02	7.817e-01	9.335e-02
chr3_53069139_C_T_b38	1	2.74561e-02	7.379e-01	1.093e-01
chr3_53069246_A_G_b38	1	1.77706e-02	7.414e-01	1.094e-01
chr3_53075336_A_G_b38	1	1.12509e-02	7.542e-01	9.968e-02
chr3_53092127_G_A_b38	1	8.77090e-03	7.867e-01	8.879e-02
chr3_53093119_AC_A_b38	1	8.77090e-03	7.867e-01	8.879e-02
chr3_53097813_T_C_b38	1	8.77090e-03	7.867e-01	8.879e-02
chr3_53091906_T_C_b38	1	8.77090e-03	7.867e-01	8.879e-02
chr3_53096897_C_A_b38	1	8.77090e-03	7.867e-01	8.879e-02
chr3_53097814_G_A_b38	1	8.77090e-03	7.867e-01	8.879e-02
chr3_53097756_T_C_b38	1	8.77090e-03	7.867e-01	8.879e-02
chr3_53069780_G_T_b38	1	2.86098e-03	7.140e-01	1.144e-01
chr3_53064759_A_G_b38	2	7.36489e-02	-2.304e-01	1.064e-01
chr3_53066070_C_A_b38	2	5.38668e-02	-2.565e-01	8.567e-02
chr3_53062859_T_C_b38	2	1.59163e-02	-2.304e-01	9.055e-02
chr3_53056222_AATG_A_b38	2	8.65449e-03	-2.479e-01	9.305e-02
chr3_53069965_G_C_b38	2	6.68268e-03	-2.188e-01	9.349e-02
chr3_53070344_G_T_b38	2	4.88139e-03	-2.280e-01	9.584e-02
chr3_53073584_T_C_b38	2	3.16345e-03	2.028e-01	9.400e-02
chr3_53091413_A_T_b38	2	2.85722e-03	-2.619e-01	8.343e-02
chr3_53086998_G_A_b38	2	2.55294e-03	-2.274e-01	9.583e-02
chr3_53080524_C_T_b38	2	2.55294e-03	-2.274e-01	9.583e-02
chr3_53072864_T_C_b38	2	2.42796e-03	1.913e-01	9.540e-02
chr3_53089016_C_T_b38	2	2.00002e-03	2.106e-01	9.114e-02
chr3_53052712_C_G_b38	2	1.85479e-03	-2.286e-01	9.567e-02
chr3_53047596_T_C_b38	2	1.85479e-03	-2.286e-01	9.567e-02
chr3_53085518_T_C_b38	2	8.11499e-04	1.936e-01	9.521e-02
chr3_53082214_T_C_b38	2	8.11499e-04	1.936e-01	9.521e-02
chr3_53085313_T_C_b38	2	8.11499e-04	1.936e-01	9.521e-02
chr3_53084188_T_C_b38	2	7.20439e-04	1.880e-01	9.656e-02
chr3_53074760_G_A_b38	2	6.21570e-04	-3.118e-01	1.402e-01
chr3_53027361_T_C_b38	2	5.47434e-04	-2.315e-01	9.631e-02
chr3_53073764_C_T_b38	2	4.95211e-04	-3.130e-01	1.416e-01
chr3_52994990_T_C_b38	2	3.21611e-04	-2.572e-01	9.536e-02
chr3_52994045_C_T_b38	2	3.21611e-04	-2.572e-01	9.536e-02
chr3_53029854_A_G_b38	2	2.73631e-04	-2.018e-01	9.505e-02
chr3_53034139_T_A_b38	2	2.73631e-04	-2.018e-01	9.505e-02
chr3_53027969_T_C_b38	2	2.73631e-04	-2.018e-01	9.505e-02
chr3_53029908_G_A_b38	2	2.73631e-04	-2.018e-01	9.505e-02
chr3_53092656_TTGCCCTGGACAAGGC_T_b38	2	2.54444e-04	-2.018e-01	9.505e-02
chr3_53093751_T_C_b38	2	2.54444e-04	-2.018e-01	9.505e-02
chr3_53094335_G_A_b38	2	2.54444e-04	-2.018e-01	9.505e-02
chr3_53096450_G_A_b38	2	2.54444e-04	-2.018e-01	9.505e-02
chr3_53097932_A_G_b38	2	2.54444e-04	-2.018e-01	9.505e-02
chr3_53096419_C_T_b38	2	2.54444e-04	-2.018e-01	9.505e-02
chr3_52979251_A_G_b38	2	2.36038e-04	-2.352e-01	8.352e-02
chr3_52994359_C_T_b38	2	2.24621e-04	-2.479e-01	9.782e-02
chr3_52998472_A_G_b38	2	2.24621e-04	-2.479e-01	9.782e-02
chr3_53113390_TAGGATTTCAG_T_b38	2	1.60098e-04	-1.773e-01	8.380e-02
chr3_53113870_C_T_b38	2	1.60098e-04	-1.773e-01	8.380e-02
chr3_53065318_T_C_b38	3	9.16093e-04	-8.889e-02	2.213e-01
chr3_53065538_C_T_b38	3	8.95426e-04	-8.676e-02	2.045e-01
chr3_53065571_A_G_b38	3	7.91030e-04	2.636e-02	2.186e-01
chr3_53065579_A_G_b38	3	7.91030e-04	2.636e-02	2.186e-01
chr3_53065578_C_T_b38	3	7.91030e-04	2.636e-02	2.186e-01
chr3_53070623_G_A_b38	3	3.41654e-25	0.000e+00	0.000e+00
chr3_53072109_G_T_b38	3	3.28458e-25	0.000e+00	0.000e+00
chr3_53067528_G_C_b38	3	2.99245e-25	0.000e+00	0.000e+00
chr3_53068373_G_A_b38	3	1.82825e-25	0.000e+00	0.000e+00
chr3_53067624_C_G_b38	3	1.82825e-25	0.000e+00	0.000e+00
chr3_53068220_C_G_b38	3	1.82825e-25	0.000e+00	0.000e+00
chr3_53079746_C_A_b38	3	1.75323e-25	0.000e+00	0.000e+00
chr3_53060714_G_A_b38	3	1.52821e-25	0.000e+00	0.000e+00
chr3_53056296_C_T_b38	3	1.47757e-25	0.000e+00	0.000e+00
chr3_53069629_G_C_b38	3	1.46572e-25	0.000e+00	0.000e+00
chr3_53086750_C_A_b38	3	1.17898e-25	0.000e+00	0.000e+00
chr3_53085565_T_C_b38	3	1.12971e-25	0.000e+00	0.000e+00
chr3_53077053_A_G_b38	3	1.12971e-25	0.000e+00	0.000e+00
chr3_53057884_C_T_b38	3	1.07122e-25	0.000e+00	0.000e+00
chr3_53043356_T_C_b38	3	1.05456e-25	0.000e+00	0.000e+00
chr3_53043260_A_G_b38	3	1.05456e-25	0.000e+00	0.000e+00
chr3_53083647_G_A_b38	3	1.04106e-25	0.000e+00	0.000e+00
chr3_53058263_TC_T_b38	3	9.55312e-26	0.000e+00	0.000e+00
chr3_53051264_G_T_b38	3	7.84924e-26	0.000e+00	0.000e+00
chr3_53053072_G_A_b38	3	7.84924e-26	0.000e+00	0.000e+00
chr3_53049726_G_T_b38	3	7.84924e-26	0.000e+00	0.000e+00
chr3_53048516_C_T_b38	3	7.84924e-26	0.000e+00	0.000e+00
chr3_53049953_C_T_b38	3	7.84924e-26	0.000e+00	0.000e+00
chr3_53049795_G_A_b38	3	7.84924e-26	0.000e+00	0.000e+00
chr3_53046971_C_G_b38	3	7.40565e-26	0.000e+00	0.000e+00
chr3_53050310_C_T_b38	3	7.40565e-26	0.000e+00	0.000e+00
chr3_53083782_T_C_b38	3	6.79479e-26	0.000e+00	0.000e+00
chr3_53089063_A_T_b38	3	6.79296e-26	0.000e+00	0.000e+00
chr3_53040247_C_T_b38	3	6.07374e-26	0.000e+00	0.000e+00
chr3_53051561_C_G_b38	3	6.07374e-26	0.000e+00	0.000e+00
chr3_53042399_G_A_b38	3	6.07374e-26	0.000e+00	0.000e+00
chr3_53052557_C_T_b38	3	6.07374e-26	0.000e+00	0.000e+00
chr3_53040845_A_ATG_b38	3	6.07374e-26	0.000e+00	0.000e+00
chr3_53054828_G_A_b38	3	5.25319e-26	0.000e+00	0.000e+00
chr3_53054799_T_C_b38	3	5.25319e-26	0.000e+00	0.000e+00
chr3_53053605_A_G_b38	3	5.25319e-26	0.000e+00	0.000e+00
chr3_53054585_C_G_b38	3	5.25319e-26	0.000e+00	0.000e+00
chr3_53046132_A_C_b38	3	4.74436e-26	0.000e+00	0.000e+00
chr3_53046539_C_G_b38	3	4.74436e-26	0.000e+00	0.000e+00
chr3_53098355_CAA_C_b38	3	3.78507e-26	0.000e+00	0.000e+00
chr3_53098354_A_AGT_b38	3	3.78507e-26	0.000e+00	0.000e+00
chr3_53107290_C_T_b38	3	3.64186e-26	0.000e+00	0.000e+00
chr3_53096729_T_C_b38	3	3.49275e-26	0.000e+00	0.000e+00
chr3_53104238_T_C_b38	3	3.28822e-26	0.000e+00	0.000e+00
chr3_53091281_G_C_b38	3	3.07244e-26	0.000e+00	0.000e+00
chr3_53095167_G_A_b38	3	3.07244e-26	0.000e+00	0.000e+00
chr3_53108055_G_A_b38	3	2.70273e-26	0.000e+00	0.000e+00
chr3_53038151_C_T_b38	3	2.68045e-26	0.000e+00	0.000e+00
chr3_53019908_C_T_b38	3	2.68045e-26	0.000e+00	0.000e+00
chr3_53036898_T_C_b38	3	2.68045e-26	0.000e+00	0.000e+00
chr3_53036859_C_A_b38	3	2.68045e-26	0.000e+00	0.000e+00
chr3_53032264_G_C_b38	3	2.68045e-26	0.000e+00	0.000e+00
chr3_53039298_C_A_b38	3	2.48412e-26	0.000e+00	0.000e+00
chr3_53096889_C_T_b38	3	2.41069e-26	0.000e+00	0.000e+00
chr3_53093860_A_G_b38	3	2.10076e-26	0.000e+00	0.000e+00
chr3_53097027_G_C_b38	3	1.57204e-26	0.000e+00	0.000e+00
