chr6_155263222_T_C_b38	1	4.91801e-02	2.130e-01	7.013e-02
chr6_155265464_A_C_b38	1	2.48729e-02	2.151e-01	6.963e-02
chr6_155264144_C_T_b38	1	2.31657e-02	1.560e-01	6.579e-02
chr6_155266462_A_C_b38	1	2.16267e-02	2.131e-01	7.008e-02
chr6_155265503_CAGA_C_b38	1	2.16267e-02	2.131e-01	7.008e-02
chr6_155266288_A_G_b38	1	2.16267e-02	2.131e-01	7.008e-02
chr6_155264099_A_G_b38	1	2.04591e-02	1.762e-01	7.707e-02
chr6_155262539_A_C_b38	1	2.02915e-02	2.131e-01	7.008e-02
chr6_155260701_T_G_b38	1	1.77716e-02	2.152e-01	6.963e-02
chr6_155268639_G_A_b38	1	1.74175e-02	2.175e-01	6.972e-02
chr6_155266575_T_G_b38	1	1.61530e-02	2.152e-01	6.963e-02
chr6_155266568_T_C_b38	1	1.61530e-02	2.152e-01	6.963e-02
chr6_155259134_T_C_b38	1	1.54916e-02	2.132e-01	7.008e-02
chr6_155260155_C_A_b38	1	1.54916e-02	2.132e-01	7.008e-02
chr6_155260485_G_A_b38	1	1.54916e-02	2.132e-01	7.008e-02
chr6_155259207_A_G_b38	1	1.54916e-02	2.132e-01	7.008e-02
chr6_155260052_C_T_b38	1	1.54916e-02	2.132e-01	7.008e-02
chr6_155261081_T_G_b38	1	1.54916e-02	2.132e-01	7.008e-02
chr6_155260770_C_T_b38	1	1.54916e-02	2.132e-01	7.008e-02
chr6_155267255_A_G_b38	1	1.40704e-02	2.132e-01	7.006e-02
chr6_155266613_A_G_b38	1	1.40704e-02	2.132e-01	7.006e-02
chr6_155266771_T_C_b38	1	1.40704e-02	2.132e-01	7.006e-02
chr6_155267241_T_C_b38	1	1.40704e-02	2.132e-01	7.006e-02
chr6_155267327_G_A_b38	1	1.40704e-02	2.132e-01	7.006e-02
chr6_155254473_G_A_b38	1	9.65766e-03	-2.155e-01	6.959e-02
chr6_155258112_A_C_b38	1	9.65766e-03	2.155e-01	6.959e-02
chr6_155254733_G_A_b38	1	9.44840e-03	-2.164e-01	7.007e-02
chr6_155258900_CTGA_C_b38	1	8.38615e-03	2.135e-01	7.004e-02
chr6_155254807_C_T_b38	1	8.38615e-03	-2.135e-01	7.004e-02
chr6_155257622_A_T_b38	1	8.38615e-03	2.135e-01	7.004e-02
chr6_155256240_T_C_b38	1	8.38615e-03	2.135e-01	7.004e-02
chr6_155258423_A_G_b38	1	8.38615e-03	2.135e-01	7.004e-02
chr6_155258547_A_AAT_b38	1	8.38615e-03	2.135e-01	7.004e-02
chr6_155257465_A_T_b38	1	8.38615e-03	2.135e-01	7.004e-02
chr6_155254412_C_G_b38	1	8.38615e-03	-2.135e-01	7.004e-02
chr6_155273810_T_C_b38	1	8.28227e-03	2.135e-01	7.004e-02
chr6_155272895_A_G_b38	1	8.28227e-03	2.135e-01	7.004e-02
chr6_155269559_C_T_b38	1	8.28227e-03	2.135e-01	7.004e-02
chr6_155273641_A_T_b38	1	8.28227e-03	2.135e-01	7.004e-02
chr6_155273503_C_T_b38	1	7.87504e-03	2.121e-01	6.992e-02
chr6_155254297_C_T_b38	1	6.16724e-03	-2.033e-01	6.920e-02
chr6_155256689_C_T_b38	1	5.27775e-03	2.011e-01	6.950e-02
chr6_155262486_G_C_b38	1	4.43489e-03	1.619e-01	6.529e-02
chr6_155266063_C_A_b38	1	4.01179e-03	1.575e-01	6.552e-02
chr6_155276664_C_CTTTTTT_b38	1	3.92447e-03	2.144e-01	6.999e-02
chr6_155276552_C_G_b38	1	3.92447e-03	2.144e-01	6.999e-02
chr6_155275212_T_C_b38	1	3.92447e-03	2.144e-01	6.999e-02
chr6_155274993_C_T_b38	1	3.92447e-03	2.144e-01	6.999e-02
chr6_155275767_T_C_b38	1	3.92447e-03	2.144e-01	6.999e-02
chr6_155275151_A_G_b38	1	3.92447e-03	2.144e-01	6.999e-02
chr6_155274348_G_C_b38	1	3.92447e-03	2.144e-01	6.999e-02
chr6_155276510_A_G_b38	1	3.92447e-03	2.144e-01	6.999e-02
chr6_155242707_G_A_b38	1	3.82187e-03	-2.164e-01	6.953e-02
chr6_155253344_G_A_b38	1	3.82187e-03	-2.164e-01	6.953e-02
chr6_155262411_G_A_b38	1	3.76410e-03	1.575e-01	6.552e-02
chr6_155242460_T_C_b38	1	3.32632e-03	-2.144e-01	6.999e-02
chr6_155245265_C_G_b38	1	2.92621e-03	-2.099e-01	6.961e-02
chr6_155244610_T_C_b38	1	2.78802e-03	-2.082e-01	6.925e-02
chr6_155253064_C_T_b38	1	2.39869e-03	-2.099e-01	7.115e-02
chr6_155242154_C_T_b38	1	2.20423e-03	-2.065e-01	7.084e-02
chr6_155248580_A_G_b38	1	2.08063e-03	-1.994e-01	6.869e-02
chr6_155252197_A_G_b38	1	2.08063e-03	-1.994e-01	6.869e-02
chr6_155247409_C_A_b38	1	2.08063e-03	-1.994e-01	6.869e-02
chr6_155245030_C_A_b38	1	2.06422e-03	-2.017e-01	6.952e-02
chr6_155245016_C_T_b38	1	2.06422e-03	-2.017e-01	6.952e-02
chr6_155243955_T_C_b38	1	2.06422e-03	-2.017e-01	6.952e-02
chr6_155243956_C_T_b38	1	2.06422e-03	-2.017e-01	6.952e-02
chr6_155246746_T_C_b38	1	1.83807e-03	-1.975e-01	6.916e-02
chr6_155243168_T_G_b38	1	1.83807e-03	-1.975e-01	6.916e-02
chr6_155247182_C_T_b38	1	1.83807e-03	-1.975e-01	6.916e-02
chr6_155247685_A_G_b38	1	1.83807e-03	-1.975e-01	6.916e-02
chr6_155246727_A_C_b38	1	1.83807e-03	-1.975e-01	6.916e-02
chr6_155250563_T_C_b38	1	1.83807e-03	-1.975e-01	6.916e-02
chr6_155248504_G_C_b38	1	1.83807e-03	-1.975e-01	6.916e-02
chr6_155257579_AAGAT_A_b38	1	1.57712e-03	1.825e-01	7.611e-02
chr6_155255311_G_A_b38	1	1.50564e-03	-1.835e-01	7.539e-02
chr6_155240430_C_T_b38	1	1.27460e-03	-1.789e-01	6.475e-02
chr6_155239940_T_C_b38	1	1.17317e-03	-1.775e-01	6.503e-02
chr6_155236038_A_G_b38	1	8.54691e-04	-1.926e-01	6.434e-02
chr6_155241030_A_G_b38	1	7.13202e-04	-1.665e-01	6.452e-02
chr6_155285901_A_G_b38	1	6.80507e-04	1.862e-01	7.557e-02
chr6_155283012_T_C_b38	1	6.80507e-04	1.862e-01	7.557e-02
chr6_155277543_A_C_b38	1	6.80507e-04	1.862e-01	7.557e-02
chr6_155241463_C_T_b38	1	6.66465e-04	-1.657e-01	6.497e-02
chr6_155238431_C_T_b38	1	5.19399e-04	-1.805e-01	6.446e-02
chr6_155236187_G_A_b38	1	5.17178e-04	-1.805e-01	6.453e-02
chr6_155250202_A_G_b38	1	5.15382e-04	-1.805e-01	7.483e-02
chr6_155234790_C_T_b38	1	4.64401e-04	-1.804e-01	6.396e-02
chr6_155234392_G_C_b38	1	4.64401e-04	-1.804e-01	6.396e-02
chr6_155232718_ATCTC_A_b38	1	4.27941e-04	-1.800e-01	6.460e-02
chr6_155232714_A_AG_b38	1	4.27941e-04	-1.800e-01	6.460e-02
chr6_155233217_G_T_b38	1	4.27941e-04	-1.800e-01	6.460e-02
chr6_155232840_C_T_b38	1	4.27941e-04	-1.800e-01	6.460e-02
chr6_155233368_A_G_b38	1	3.87192e-04	-1.755e-01	6.393e-02
chr6_155264734_G_A_b38	2	6.38892e-02	4.978e-01	1.710e-01
chr6_155265462_G_A_b38	2	3.37139e-02	4.979e-01	1.709e-01
chr6_155261814_C_G_b38	2	3.16323e-02	4.979e-01	1.709e-01
chr6_155260763_A_G_b38	2	2.41000e-02	4.979e-01	1.709e-01
chr6_155261216_G_A_b38	2	2.41000e-02	4.979e-01	1.709e-01
chr6_155267134_C_T_b38	2	2.18842e-02	4.979e-01	1.709e-01
chr6_155257384_A_ATT_b38	2	1.32890e-02	4.979e-01	1.709e-01
chr6_155277008_T_C_b38	2	1.05719e-02	5.309e-01	1.691e-01
chr6_155286985_G_A_b38	2	5.92387e-03	4.993e-01	1.711e-01
chr6_155272265_G_A_b38	2	5.50657e-03	3.872e-01	1.545e-01
chr6_155243789_G_T_b38	2	4.99416e-03	4.984e-01	1.706e-01
chr6_155246000_A_G_b38	2	4.99416e-03	4.984e-01	1.706e-01
chr6_155240164_A_G_b38	2	4.99416e-03	4.984e-01	1.706e-01
chr6_155253293_A_G_b38	2	4.99416e-03	4.984e-01	1.706e-01
chr6_155239360_A_G_b38	2	4.99416e-03	4.984e-01	1.706e-01
chr6_155241041_T_C_b38	2	4.99416e-03	4.984e-01	1.706e-01
chr6_155287532_ACTC_A_b38	2	3.94684e-03	4.195e-01	1.549e-01
chr6_155304155_G_A_b38	2	3.30934e-03	5.128e-01	1.638e-01
chr6_155270950_T_G_b38	2	2.75082e-03	3.186e-01	1.454e-01
chr6_155281448_G_T_b38	2	2.32334e-03	3.911e-01	1.547e-01
chr6_155275566_T_C_b38	2	2.32334e-03	3.911e-01	1.547e-01
chr6_155252141_C_T_b38	2	2.29070e-03	4.817e-01	1.814e-01
chr6_155238778_A_G_b38	2	1.81852e-03	5.021e-01	1.709e-01
chr6_155299762_T_C_b38	2	1.74197e-03	5.021e-01	1.709e-01
chr6_155295763_T_C_b38	2	1.74197e-03	5.021e-01	1.709e-01
chr6_155302490_G_A_b38	2	1.74197e-03	5.021e-01	1.709e-01
chr6_155300867_C_T_b38	2	6.54350e-04	5.270e-01	1.887e-01
chr6_155298299_G_A_b38	2	5.03187e-04	4.594e-01	1.662e-01
chr6_155298841_T_A_b38	2	5.03187e-04	4.594e-01	1.662e-01
chr6_155313533_T_C_b38	2	3.55459e-04	4.611e-01	1.739e-01
chr6_155264191_C_T_b38	3	4.85350e-03	1.286e-01	8.063e-02
chr6_155235030_C_G_b38	3	1.40555e-03	-2.329e-01	7.196e-02
chr6_155235534_G_A_b38	3	6.94721e-04	-2.134e-01	7.179e-02
chr6_155266642_C_T_b38	3	4.72927e-04	1.304e-01	7.910e-02
chr6_155267548_T_C_b38	3	4.28819e-04	1.244e-01	7.882e-02
chr6_155268698_G_A_b38	3	3.71532e-04	1.146e-01	7.773e-02
chr6_155254808_G_A_b38	3	3.22325e-04	1.370e-01	7.930e-02
chr6_155273124_A_C_b38	3	2.84194e-04	1.304e-01	7.910e-02
chr6_155232837_T_C_b38	3	1.78187e-04	-1.811e-01	7.622e-02
chr6_155287896_C_T_b38	3	1.61321e-04	1.378e-01	7.937e-02
chr6_155235335_A_C_b38	3	1.60436e-04	1.805e-01	7.775e-02
chr6_155253073_T_C_b38	3	1.36455e-04	-1.373e-01	7.908e-02
chr6_155248728_A_G_b38	3	1.32046e-04	-1.356e-01	7.919e-02
chr6_155280455_C_T_b38	3	1.28851e-04	1.244e-01	7.882e-02
chr6_155276013_C_T_b38	3	1.28851e-04	1.244e-01	7.882e-02
chr6_155283866_T_C_b38	3	1.28851e-04	1.244e-01	7.882e-02
chr6_155278251_C_T_b38	3	1.28851e-04	1.244e-01	7.882e-02
chr6_155248244_C_T_b38	3	1.17662e-04	1.290e-01	7.907e-02
chr6_155251720_A_G_b38	3	1.09212e-04	1.244e-01	7.882e-02
chr6_155244911_A_C_b38	3	1.09212e-04	1.244e-01	7.882e-02
chr6_155251550_G_C_b38	3	1.05969e-04	1.227e-01	7.892e-02
chr6_155308544_T_C_b38	3	7.68344e-05	1.589e-01	8.264e-02
chr6_155313480_C_T_b38	3	6.14105e-05	1.431e-01	8.002e-02
chr6_155294238_A_G_b38	3	5.57482e-05	1.370e-01	7.936e-02
