chr20_43667902_C_T_b38	1	1.33515e-01	-1.507e-01	3.622e-02
chr20_43668004_A_C_b38	1	6.68989e-02	-1.275e-01	3.214e-02
chr20_43666079_T_C_b38	1	6.18901e-02	-1.433e-01	3.656e-02
chr20_43666739_C_A_b38	1	6.05847e-02	-1.305e-01	3.585e-02
chr20_43668771_C_T_b38	1	4.09145e-02	-1.610e-01	4.009e-02
chr20_43668321_T_C_b38	1	4.09145e-02	-1.610e-01	4.009e-02
chr20_43665973_T_C_b38	1	2.99786e-02	-1.275e-01	3.234e-02
chr20_43681869_T_C_b38	1	2.79592e-02	-1.599e-01	3.670e-02
chr20_43683215_T_C_b38	1	2.79592e-02	-1.599e-01	3.670e-02
chr20_43683664_G_C_b38	1	2.79592e-02	-1.599e-01	3.670e-02
chr20_43682448_T_C_b38	1	2.79592e-02	-1.599e-01	3.670e-02
chr20_43683979_G_A_b38	1	2.79592e-02	-1.599e-01	3.670e-02
chr20_43685427_T_C_b38	1	2.79592e-02	-1.599e-01	3.670e-02
chr20_43671622_A_G_b38	1	2.61579e-02	-1.610e-01	4.008e-02
chr20_43666053_C_T_b38	1	2.36959e-02	-1.304e-01	3.585e-02
chr20_43666411_G_A_b38	1	2.36959e-02	-1.304e-01	3.585e-02
chr20_43671274_T_G_b38	1	1.16062e-02	-1.358e-01	3.595e-02
chr20_43668340_T_A_b38	1	1.12717e-02	-1.304e-01	3.585e-02
chr20_43665240_C_T_b38	1	1.04001e-02	-1.304e-01	3.585e-02
chr20_43677652_T_C_b38	1	7.59377e-03	-1.609e-01	4.008e-02
chr20_43680740_A_G_b38	1	7.59377e-03	-1.609e-01	4.008e-02
chr20_43680075_T_G_b38	1	7.59377e-03	-1.609e-01	4.008e-02
chr20_43677669_T_C_b38	1	7.59377e-03	-1.609e-01	4.008e-02
chr20_43679577_T_G_b38	1	7.59377e-03	-1.609e-01	4.008e-02
chr20_43671188_G_A_b38	1	7.28990e-03	-1.304e-01	3.585e-02
chr20_43663321_C_T_b38	1	7.14747e-03	-1.134e-01	3.103e-02
chr20_43683657_G_C_b38	1	6.69901e-03	-1.275e-01	3.210e-02
chr20_43681276_C_G_b38	1	6.11416e-03	-1.275e-01	3.232e-02
chr20_43680308_A_G_b38	1	4.88411e-03	-1.430e-01	3.679e-02
chr20_43672085_T_C_b38	1	4.87287e-03	-1.329e-01	3.603e-02
chr20_43686451_G_A_b38	1	4.82864e-03	-1.552e-01	3.993e-02
chr20_43712044_G_A_b38	1	4.29969e-03	-1.296e-01	3.141e-02
chr20_43673731_C_T_b38	1	4.09940e-03	-1.303e-01	3.584e-02
chr20_43685108_T_C_b38	1	4.01676e-03	-1.233e-01	3.223e-02
chr20_43659661_G_T_b38	1	3.40547e-03	-1.110e-01	3.097e-02
chr20_43684208_T_C_b38	1	3.25237e-03	-1.350e-01	3.583e-02
chr20_43679851_CGG_C_b38	1	3.21550e-03	-1.501e-01	3.983e-02
chr20_43686371_C_T_b38	1	3.04817e-03	-1.210e-01	3.230e-02
chr20_43657871_G_A_b38	1	3.03256e-03	-1.100e-01	3.100e-02
chr20_43658165_C_T_b38	1	3.03256e-03	-1.100e-01	3.100e-02
chr20_43677667_A_T_b38	1	2.66097e-03	-1.333e-01	3.595e-02
chr20_43677620_A_G_b38	1	2.66097e-03	-1.333e-01	3.595e-02
chr20_43678452_A_T_b38	1	2.66097e-03	-1.333e-01	3.595e-02
chr20_43597283_A_G_b38	1	2.50934e-03	-1.249e-01	2.916e-02
chr20_43695752_A_AG_b38	1	2.16992e-03	-1.248e-01	3.159e-02
chr20_43709235_C_G_b38	1	2.16992e-03	-1.248e-01	3.159e-02
chr20_43671841_T_G_b38	1	2.11757e-03	-1.587e-01	4.894e-02
chr20_43680945_C_T_b38	1	2.10592e-03	-1.303e-01	3.584e-02
chr20_43681378_A_G_b38	1	2.10592e-03	-1.303e-01	3.584e-02
chr20_43682171_A_T_b38	1	1.92466e-03	-1.156e-01	3.197e-02
chr20_43652744_A_G_b38	1	1.82277e-03	-1.116e-01	3.103e-02
chr20_43654526_G_C_b38	1	1.56376e-03	-1.100e-01	3.100e-02
chr20_43648004_G_A_b38	1	1.56376e-03	-1.100e-01	3.100e-02
chr20_43656816_G_T_b38	1	1.56376e-03	-1.100e-01	3.100e-02
chr20_43656719_G_T_b38	1	1.56376e-03	-1.100e-01	3.100e-02
chr20_43649499_ATTC_A_b38	1	1.56376e-03	-1.100e-01	3.100e-02
chr20_43651087_C_T_b38	1	1.56376e-03	-1.100e-01	3.100e-02
chr20_43653831_A_G_b38	1	1.56376e-03	-1.100e-01	3.100e-02
chr20_43653194_A_G_b38	1	1.56376e-03	-1.100e-01	3.100e-02
chr20_43649628_G_A_b38	1	1.56376e-03	-1.100e-01	3.100e-02
chr20_43642734_T_G_b38	1	1.42484e-03	-1.099e-01	3.122e-02
chr20_43597037_A_G_b38	1	1.37436e-03	-1.305e-01	3.168e-02
chr20_43701159_C_T_b38	1	1.29561e-03	-1.185e-01	3.115e-02
chr20_43698240_A_G_b38	1	1.25732e-03	-1.190e-01	3.135e-02
chr20_43708044_C_G_b38	1	1.25732e-03	-1.190e-01	3.135e-02
chr20_43666759_G_C_b38	2	2.72162e-02	9.580e-02	7.347e-02
chr20_43669482_T_A_b38	2	4.58794e-03	9.651e-02	7.263e-02
chr20_43668976_G_A_b38	2	4.22642e-03	9.320e-02	7.241e-02
chr20_43675893_C_T_b38	2	1.45439e-03	9.809e-02	7.124e-02
chr20_43680849_A_G_b38	2	4.17051e-04	1.040e-01	6.460e-02
chr20_43689506_A_G_b38	2	4.17051e-04	1.040e-01	6.460e-02
chr20_43687635_C_T_b38	2	4.17051e-04	1.040e-01	6.460e-02
chr20_43681401_G_C_b38	2	4.17051e-04	1.040e-01	6.460e-02
chr20_43648452_G_A_b38	2	4.14068e-04	1.040e-01	6.460e-02
chr20_43649385_A_C_b38	2	4.14068e-04	1.040e-01	6.460e-02
chr20_43647793_G_A_b38	2	4.14068e-04	1.040e-01	6.460e-02
chr20_43655753_T_C_b38	2	4.14068e-04	1.040e-01	6.460e-02
chr20_43648520_A_G_b38	2	4.14068e-04	1.040e-01	6.460e-02
chr20_43652021_T_C_b38	2	4.14068e-04	1.040e-01	6.460e-02
chr20_43678831_TG_T_b38	2	3.15559e-04	1.018e-01	6.379e-02
chr20_43701242_T_G_b38	2	6.78156e-05	1.080e-01	6.381e-02
chr20_43706642_G_A_b38	2	6.37913e-05	1.056e-01	6.436e-02
chr20_43700534_G_A_b38	2	6.37913e-05	1.056e-01	6.436e-02
chr20_43632449_C_T_b38	2	6.17231e-05	1.056e-01	6.436e-02
chr20_43636013_G_A_b38	2	6.17231e-05	1.056e-01	6.436e-02
chr20_43633578_C_T_b38	2	6.17231e-05	1.056e-01	6.436e-02
chr20_43629088_T_C_b38	2	6.17231e-05	1.056e-01	6.436e-02
chr20_43633330_C_T_b38	2	6.17231e-05	1.056e-01	6.436e-02
chr20_43638663_G_T_b38	2	6.17231e-05	1.056e-01	6.436e-02
chr20_43668346_A_G_b38	3	1.59523e-03	-2.014e-01	7.288e-02
chr20_43684801_T_C_b38	3	6.11567e-04	-1.586e-01	4.894e-02
chr20_43679072_A_G_b38	3	6.11567e-04	-1.586e-01	4.894e-02
chr20_43684774_T_C_b38	3	6.11567e-04	-1.586e-01	4.894e-02
chr20_43682582_A_C_b38	3	6.11567e-04	-1.586e-01	4.894e-02
chr20_43684912_T_C_b38	3	6.11567e-04	-1.586e-01	4.894e-02
chr20_43680514_T_C_b38	3	5.51982e-04	-1.562e-01	4.876e-02
chr20_43688800_T_C_b38	3	4.54658e-04	-1.497e-01	4.780e-02
chr20_43690984_C_A_b38	3	4.54658e-04	-1.497e-01	4.780e-02
chr20_43690876_G_A_b38	3	4.54658e-04	-1.497e-01	4.780e-02
chr20_43699999_T_C_b38	3	1.62113e-04	-1.497e-01	4.780e-02
chr20_43714387_C_G_b38	3	1.62113e-04	-1.497e-01	4.780e-02
chr20_43699582_G_C_b38	3	1.62113e-04	-1.497e-01	4.780e-02
chr20_43704142_C_T_b38	3	1.62113e-04	-1.497e-01	4.780e-02
chr20_43701324_A_G_b38	3	1.62113e-04	-1.497e-01	4.780e-02
chr20_43700109_A_G_b38	3	8.15889e-05	-1.349e-01	4.713e-02
chr20_43732616_C_T_b38	3	1.11241e-05	-1.502e-01	6.158e-02
chr20_43730843_G_A_b38	3	8.74589e-06	0.000e+00	0.000e+00
chr20_43727612_T_TC_b38	3	7.76584e-06	0.000e+00	0.000e+00
