chr16_56962299_G_A_b38	1	1.92983e-01	-2.719e-01	5.425e-02
chr16_56959249_G_A_b38	1	1.39322e-01	-3.252e-01	5.416e-02
chr16_56954132_C_T_b38	1	7.54906e-02	-3.167e-01	5.257e-02
chr16_56962376_G_A_b38	1	7.17360e-02	-2.720e-01	5.417e-02
chr16_56962733_GCC_G_b38	1	6.29882e-02	-2.673e-01	5.485e-02
chr16_56962737_C_A_b38	1	6.29882e-02	-2.673e-01	5.485e-02
chr16_56960332_T_TA_b38	1	5.75270e-02	-3.055e-01	5.379e-02
chr16_56960616_C_T_b38	1	5.75270e-02	-3.055e-01	5.379e-02
chr16_56959412_C_A_b38	1	3.64050e-02	-2.971e-01	5.328e-02
chr16_56965006_A_G_b38	1	3.46141e-02	-2.761e-01	5.404e-02
chr16_56965416_C_T_b38	1	3.46141e-02	-2.761e-01	5.404e-02
chr16_56953853_C_T_b38	1	3.22164e-02	-3.149e-01	5.380e-02
chr16_56967526_G_A_b38	1	2.36911e-02	-2.734e-01	5.342e-02
chr16_56967304_C_T_b38	1	2.36911e-02	-2.734e-01	5.342e-02
chr16_56953457_T_C_b38	1	2.13820e-02	-3.058e-01	5.332e-02
chr16_56957451_C_T_b38	1	2.06201e-02	-2.980e-01	5.388e-02
chr16_56956804_C_A_b38	1	1.14281e-02	-2.990e-01	5.247e-02
chr16_56953103_C_T_b38	1	9.39703e-03	-2.991e-01	5.286e-02
chr16_56970977_G_A_b38	1	6.60595e-03	-2.559e-01	5.671e-02
chr16_56955678_C_T_b38	1	6.27306e-03	-2.941e-01	5.274e-02
chr16_56971567_C_A_b38	1	5.59928e-03	-2.535e-01	5.646e-02
chr16_56971389_C_T_b38	1	5.59928e-03	-2.535e-01	5.646e-02
chr16_56952850_G_T_b38	2	4.68364e-02	1.725e-01	5.871e-02
chr16_56955918_G_A_b38	2	1.95642e-02	1.587e-01	5.603e-02
chr16_56963457_A_T_b38	3	1.05797e-03	-2.247e-01	1.006e-01
chr16_56961126_T_C_b38	3	5.23015e-04	-1.320e-01	1.001e-01
chr16_56963639_C_T_b38	3	3.35126e-04	-1.190e-01	7.545e-02
chr16_56960023_C_T_b38	3	1.52813e-04	-1.051e-01	1.037e-01
chr16_56960280_C_T_b38	3	1.50806e-04	-1.030e-01	1.026e-01
chr16_56956891_G_A_b38	3	1.24358e-04	-1.397e-01	1.014e-01
chr16_56966037_A_G_b38	3	6.87626e-05	-6.989e-02	7.816e-02
chr16_56952133_G_T_b38	3	4.86637e-05	-1.321e-01	9.132e-02
chr16_56968492_C_A_b38	3	3.68347e-05	6.762e-02	7.870e-02
