chr1_16975177_T_C_b38	1	4.44779e-01	2.658e-01	4.662e-02
chr1_16975285_A_G_b38	1	2.09379e-01	2.538e-01	4.499e-02
chr1_16979534_C_A_b38	1	5.62531e-02	2.402e-01	4.881e-02
chr1_16972001_A_G_b38	1	3.78374e-02	2.394e-01	4.400e-02
chr1_16981759_T_C_b38	1	3.18098e-02	2.452e-01	4.913e-02
chr1_16987159_C_T_b38	1	2.83071e-02	2.493e-01	4.746e-02
chr1_16986662_G_A_b38	1	2.79738e-02	2.499e-01	4.803e-02
chr1_16980180_C_G_b38	1	2.34280e-02	2.390e-01	4.872e-02
chr1_16980101_C_T_b38	1	2.13538e-02	2.379e-01	4.819e-02
chr1_16980100_T_C_b38	1	2.13538e-02	2.379e-01	4.819e-02
chr1_16980375_G_A_b38	1	1.62219e-02	2.333e-01	4.797e-02
chr1_16983223_C_T_b38	1	1.47931e-02	2.371e-01	4.789e-02
chr1_16986248_C_T_b38	1	1.13035e-02	2.406e-01	4.718e-02
chr1_16988447_G_A_b38	1	7.31246e-03	2.364e-01	4.752e-02
chr1_16984695_A_G_b38	1	7.31246e-03	2.364e-01	4.752e-02
chr1_16960919_T_C_b38	1	7.10225e-03	2.401e-01	4.561e-02
chr1_16986848_G_A_b38	1	6.44268e-03	2.359e-01	4.760e-02
chr1_16950132_C_T_b38	1	4.67108e-03	2.473e-01	4.591e-02
chr1_16937801_G_A_b38	1	4.36619e-03	2.892e-01	5.372e-02
chr1_16979325_G_C_b38	2	3.25424e-02	-1.230e-01	6.356e-02
chr1_16979408_G_A_b38	2	1.91165e-02	-1.004e-01	6.170e-02
chr1_16977297_C_T_b38	2	2.36101e-03	-1.007e-01	6.315e-02
chr1_16983524_G_A_b38	2	9.82260e-04	-7.110e-02	6.286e-02
chr1_16996954_T_C_b38	2	7.53314e-04	-1.175e-01	6.102e-02
chr1_16947628_C_T_b38	3	3.20416e-04	-3.194e-01	1.041e-01
chr1_16933399_G_A_b38	3	1.00446e-04	-2.428e-01	9.612e-02
chr1_16890082_G_T_b38	3	4.55069e-05	-2.819e-01	1.025e-01
chr1_16906203_C_T_b38	3	3.50963e-05	-2.665e-01	1.016e-01
chr1_16898266_C_T_b38	3	2.21664e-05	-2.460e-01	1.005e-01
chr1_16935576_T_A_b38	3	1.97124e-05	0.000e+00	0.000e+00
chr1_16905337_G_C_b38	3	1.83724e-05	0.000e+00	0.000e+00
chr1_16904670_G_T_b38	3	1.60469e-05	0.000e+00	0.000e+00
chr1_16899645_T_A_b38	3	1.22107e-05	0.000e+00	0.000e+00
chr1_16923051_C_T_b38	3	1.16105e-05	0.000e+00	0.000e+00
chr1_16923047_C_T_b38	3	1.16105e-05	0.000e+00	0.000e+00
chr1_16882832_G_A_b38	3	9.81296e-06	0.000e+00	0.000e+00
chr1_16878697_G_A_b38	3	1.25938e-06	0.000e+00	0.000e+00
chr1_16878692_C_T_b38	3	1.25938e-06	0.000e+00	0.000e+00
