chr9_121949270_A_G_b38	1	4.33759e-01	-2.950e-01	3.112e-02
chr9_121947091_A_G_b38	1	2.66785e-01	-2.937e-01	3.120e-02
chr9_121948024_T_C_b38	1	2.64003e-01	-2.936e-01	3.119e-02
chr9_121951273_T_A_b38	1	1.57321e-02	-2.848e-01	3.142e-02
chr9_121952680_A_G_b38	1	1.00955e-02	-2.840e-01	3.145e-02
chr9_121952527_C_T_b38	1	9.59979e-03	-2.841e-01	3.148e-02
chr9_121655386_TG_T_b38	2	1.73072e-01	-2.583e-01	3.287e-02
chr9_121652743_G_A_b38	2	1.54801e-01	-2.595e-01	3.279e-02
chr9_121652472_A_G_b38	2	1.54801e-01	-2.595e-01	3.279e-02
chr9_121652626_G_A_b38	2	1.43080e-01	-2.597e-01	3.293e-02
chr9_121654661_G_A_b38	2	1.34126e-01	-2.569e-01	3.315e-02
chr9_121657138_C_T_b38	2	4.69342e-02	-2.544e-01	3.395e-02
chr9_121657443_G_C_b38	2	4.69342e-02	-2.544e-01	3.395e-02
chr9_121657894_T_C_b38	2	4.69342e-02	-2.544e-01	3.395e-02
chr9_121656218_G_C_b38	2	4.69342e-02	-2.544e-01	3.395e-02
chr9_121656031_G_A_b38	2	3.87108e-02	-2.586e-01	3.510e-02
chr9_121659982_G_A_b38	2	5.05946e-03	-2.481e-01	3.066e-02
chr9_121660124_G_A_b38	2	4.65899e-03	-2.391e-01	3.417e-02
chr9_121650669_T_G_b38	2	3.92786e-03	-2.489e-01	3.085e-02
chr9_121992536_A_G_b38	3	1.28704e-01	-2.365e-01	4.675e-02
chr9_121648114_G_A_b38	4	1.16028e-02	-1.473e-01	3.548e-02
chr9_121645165_G_A_b38	4	6.24708e-03	-1.358e-01	3.384e-02
chr9_121647487_C_T_b38	4	5.86858e-03	-1.396e-01	3.487e-02
chr9_121645697_G_A_b38	4	4.61372e-03	-1.377e-01	3.495e-02
chr9_121644581_G_A_b38	4	9.10697e-04	-1.288e-01	3.419e-02
chr9_121567549_A_G_b38	5	3.16385e-04	0.000e+00	0.000e+00
chr9_121570221_T_C_b38	5	6.74267e-26	0.000e+00	0.000e+00
chr9_121566254_T_C_b38	5	2.27863e-26	0.000e+00	0.000e+00
chr9_121569965_T_TG_b38	5	1.73691e-26	0.000e+00	0.000e+00
chr9_121568059_T_A_b38	5	1.54890e-26	0.000e+00	0.000e+00
chr9_121570871_G_A_b38	5	1.48119e-26	0.000e+00	0.000e+00
chr9_121570493_G_A_b38	5	1.48119e-26	0.000e+00	0.000e+00
chr9_121569966_T_TG_b38	5	1.48119e-26	0.000e+00	0.000e+00
chr9_121571073_G_A_b38	5	1.48119e-26	0.000e+00	0.000e+00
chr9_121571674_A_C_b38	5	1.47060e-26	0.000e+00	0.000e+00
chr9_121571983_C_CGGGTGAT_b38	5	1.33177e-26	0.000e+00	0.000e+00
chr9_121569186_G_A_b38	5	1.14314e-26	0.000e+00	0.000e+00
chr9_121569480_C_T_b38	5	1.12875e-26	0.000e+00	0.000e+00
chr9_121568325_C_T_b38	5	1.12603e-26	0.000e+00	0.000e+00
chr9_121568368_T_G_b38	5	1.09089e-26	0.000e+00	0.000e+00
chr9_121570791_G_T_b38	5	8.91425e-27	0.000e+00	0.000e+00
chr9_121572117_C_T_b38	5	8.78476e-27	0.000e+00	0.000e+00
chr9_121572142_G_T_b38	5	8.78476e-27	0.000e+00	0.000e+00
chr9_121572785_C_G_b38	5	8.78476e-27	0.000e+00	0.000e+00
chr9_121572715_T_C_b38	5	8.78476e-27	0.000e+00	0.000e+00
chr9_121572273_A_G_b38	5	8.78476e-27	0.000e+00	0.000e+00
chr9_121572863_C_T_b38	5	8.71411e-27	0.000e+00	0.000e+00
chr9_121571794_C_A_b38	5	8.65439e-27	0.000e+00	0.000e+00
chr9_121569718_G_A_b38	5	8.65439e-27	0.000e+00	0.000e+00
chr9_121565008_CG_C_b38	5	8.65221e-27	0.000e+00	0.000e+00
chr9_121570800_G_A_b38	5	7.99854e-27	0.000e+00	0.000e+00
chr9_121581027_G_A_b38	5	5.71430e-27	0.000e+00	0.000e+00
chr9_121590634_C_T_b38	5	5.28152e-27	0.000e+00	0.000e+00
chr9_121572600_C_T_b38	5	4.98904e-27	0.000e+00	0.000e+00
chr9_121562840_G_C_b38	5	4.84022e-27	0.000e+00	0.000e+00
chr9_121586253_C_T_b38	5	4.17600e-27	0.000e+00	0.000e+00
chr9_121584239_G_T_b38	5	4.16470e-27	0.000e+00	0.000e+00
chr9_121557913_C_G_b38	5	3.91989e-27	0.000e+00	0.000e+00
chr9_121559782_T_TA_b38	5	3.40621e-27	0.000e+00	0.000e+00
chr9_121573443_A_G_b38	5	2.89265e-27	0.000e+00	0.000e+00
chr9_121574688_A_G_b38	5	2.78096e-27	0.000e+00	0.000e+00
chr9_121574507_T_G_b38	5	2.78096e-27	0.000e+00	0.000e+00
chr9_121546234_G_C_b38	5	2.66924e-27	0.000e+00	0.000e+00
chr9_121542333_A_G_b38	5	2.65076e-27	0.000e+00	0.000e+00
chr9_121585330_C_G_b38	5	2.64281e-27	0.000e+00	0.000e+00
chr9_121576586_T_C_b38	5	2.60692e-27	0.000e+00	0.000e+00
chr9_121576518_T_C_b38	5	2.60655e-27	0.000e+00	0.000e+00
chr9_121575778_T_G_b38	5	2.58890e-27	0.000e+00	0.000e+00
chr9_121574782_C_G_b38	5	2.57710e-27	0.000e+00	0.000e+00
chr9_121576119_A_G_b38	5	2.56808e-27	0.000e+00	0.000e+00
chr9_121575426_A_G_b38	5	2.56339e-27	0.000e+00	0.000e+00
chr9_121573679_G_A_b38	5	2.55900e-27	0.000e+00	0.000e+00
chr9_121575738_C_A_b38	5	2.55874e-27	0.000e+00	0.000e+00
chr9_121580749_T_C_b38	5	2.48127e-27	0.000e+00	0.000e+00
chr9_121551731_C_T_b38	5	2.40707e-27	0.000e+00	0.000e+00
chr9_121544296_C_T_b38	5	2.35222e-27	0.000e+00	0.000e+00
chr9_121581314_T_C_b38	5	2.18774e-27	0.000e+00	0.000e+00
chr9_121545630_G_T_b38	5	2.13779e-27	0.000e+00	0.000e+00
chr9_121584102_G_A_b38	5	1.91929e-27	0.000e+00	0.000e+00
chr9_121582553_T_C_b38	5	1.90334e-27	0.000e+00	0.000e+00
chr9_121582159_A_G_b38	5	1.87650e-27	0.000e+00	0.000e+00
chr9_121582161_G_C_b38	5	1.87650e-27	0.000e+00	0.000e+00
chr9_121520928_T_C_b38	5	1.64633e-27	0.000e+00	0.000e+00
chr9_121534756_C_T_b38	5	1.56688e-27	0.000e+00	0.000e+00
chr9_121522521_C_T_b38	5	1.47832e-27	0.000e+00	0.000e+00
chr9_121520308_G_A_b38	5	1.43531e-27	0.000e+00	0.000e+00
chr9_121520252_G_A_b38	5	1.43225e-27	0.000e+00	0.000e+00
chr9_121520372_G_A_b38	5	1.43225e-27	0.000e+00	0.000e+00
chr9_121530145_C_G_b38	5	1.40251e-27	0.000e+00	0.000e+00
chr9_121523964_A_G_b38	5	1.39891e-27	0.000e+00	0.000e+00
chr9_121533829_C_T_b38	5	1.39346e-27	0.000e+00	0.000e+00
chr9_121534205_T_G_b38	5	1.39346e-27	0.000e+00	0.000e+00
chr9_121533290_C_T_b38	5	1.39332e-27	0.000e+00	0.000e+00
chr9_121523963_C_G_b38	5	1.37107e-27	0.000e+00	0.000e+00
chr9_121530794_C_T_b38	5	1.29912e-27	0.000e+00	0.000e+00
chr9_121507203_G_A_b38	5	1.13732e-27	0.000e+00	0.000e+00
chr9_121518905_A_G_b38	5	1.07968e-27	0.000e+00	0.000e+00
chr9_121505045_GGA_G_b38	5	1.01907e-27	0.000e+00	0.000e+00
chr9_121539815_A_AT_b38	5	1.00766e-27	0.000e+00	0.000e+00
chr9_121538659_C_G_b38	5	9.99574e-28	0.000e+00	0.000e+00
chr9_121518712_T_G_b38	5	9.37205e-28	0.000e+00	0.000e+00
chr9_121540844_C_A_b38	5	9.24883e-28	0.000e+00	0.000e+00
chr9_121516718_C_G_b38	5	7.12954e-28	0.000e+00	0.000e+00
chr9_121497472_G_T_b38	5	6.98580e-28	0.000e+00	0.000e+00
chr9_121494813_C_T_b38	5	6.68820e-28	0.000e+00	0.000e+00
chr9_121487842_C_T_b38	5	6.58148e-28	0.000e+00	0.000e+00
chr9_121484347_C_T_b38	5	6.29032e-28	0.000e+00	0.000e+00
chr9_121481008_C_T_b38	5	5.53427e-28	0.000e+00	0.000e+00
chr9_121516248_C_T_b38	5	5.15216e-28	0.000e+00	0.000e+00
chr9_121470350_C_A_b38	5	4.31969e-28	0.000e+00	0.000e+00
chr9_121470686_C_T_b38	5	4.31969e-28	0.000e+00	0.000e+00
chr9_121470349_G_A_b38	5	4.31969e-28	0.000e+00	0.000e+00
chr9_121472372_T_C_b38	5	4.12131e-28	0.000e+00	0.000e+00
chr9_121471743_G_A_b38	5	4.12131e-28	0.000e+00	0.000e+00
chr9_121472837_G_A_b38	5	4.11608e-28	0.000e+00	0.000e+00
