chr4_121870446_G_C_b38	1	5.26268e-01	1.792e-01	3.397e-02
chr4_121860247_T_C_b38	1	5.55940e-02	1.881e-01	3.412e-02
chr4_121854912_A_G_b38	1	4.77341e-02	1.891e-01	3.446e-02
chr4_121875762_G_A_b38	1	4.38820e-02	1.829e-01	3.473e-02
chr4_121877258_T_C_b38	1	4.38820e-02	1.829e-01	3.473e-02
chr4_121838836_G_A_b38	1	2.37739e-02	1.881e-01	3.412e-02
chr4_121834090_A_G_b38	1	2.37739e-02	1.881e-01	3.412e-02
chr4_121828924_C_T_b38	1	2.37522e-02	1.880e-01	3.412e-02
chr4_121838011_C_T_b38	1	2.04127e-02	1.891e-01	3.446e-02
chr4_121849522_G_C_b38	1	1.98527e-02	1.839e-01	3.475e-02
chr4_121834007_T_C_b38	1	8.48969e-03	1.839e-01	3.475e-02
chr4_121823883_C_T_b38	1	8.48969e-03	1.839e-01	3.475e-02
chr4_121827841_A_C_b38	1	8.48969e-03	1.839e-01	3.475e-02
chr4_121825441_A_T_b38	1	8.48969e-03	1.839e-01	3.475e-02
chr4_121844494_C_T_b38	1	8.48969e-03	1.839e-01	3.475e-02
chr4_121839813_G_A_b38	1	8.48969e-03	1.839e-01	3.475e-02
chr4_121829906_G_A_b38	1	8.48969e-03	1.839e-01	3.475e-02
chr4_121825130_TC_T_b38	1	8.48969e-03	1.839e-01	3.475e-02
chr4_121803596_A_G_b38	1	7.83074e-03	1.881e-01	3.412e-02
chr4_121814898_T_C_b38	1	7.83074e-03	1.881e-01	3.412e-02
chr4_121801538_C_G_b38	1	7.83074e-03	1.881e-01	3.412e-02
chr4_121808350_A_G_b38	1	7.83074e-03	1.881e-01	3.412e-02
chr4_121808258_CACTT_C_b38	1	7.83074e-03	1.881e-01	3.412e-02
chr4_121811061_T_G_b38	1	7.83074e-03	1.881e-01	3.412e-02
chr4_121803449_G_A_b38	1	6.72362e-03	1.891e-01	3.446e-02
chr4_121805793_ATTCTTTTTTTTTT_A_b38	1	5.54103e-03	1.962e-01	3.602e-02
chr4_121878306_A_T_b38	2	4.10052e-03	-1.181e-01	5.402e-02
