chr6_160357607_C_T_b38	1	2.82558e-02	-3.258e-01	9.042e-02
chr6_160392724_A_G_b38	1	2.82037e-02	-3.655e-01	8.572e-02
chr6_160447295_A_G_b38	1	1.82431e-02	-3.888e-01	8.765e-02
chr6_160402694_C_G_b38	1	1.67859e-02	-3.782e-01	8.545e-02
chr6_160519088_A_G_b38	1	1.62994e-02	3.851e-01	7.973e-02
chr6_160515288_T_C_b38	1	1.60903e-02	-3.874e-01	8.069e-02
chr6_160360701_G_A_b38	1	1.50776e-02	-3.263e-01	8.988e-02
chr6_160360018_A_T_b38	1	1.31347e-02	-3.252e-01	9.266e-02
chr6_160355750_C_T_b38	1	1.29489e-02	-2.991e-01	9.594e-02
chr6_160346151_C_T_b38	1	1.16857e-02	-2.487e-01	9.842e-02
chr6_160368509_G_C_b38	1	1.03199e-02	-3.124e-01	9.712e-02
chr6_160368264_A_G_b38	1	1.03199e-02	-3.124e-01	9.712e-02
chr6_160444587_G_C_b38	1	8.94009e-03	-3.632e-01	8.513e-02
chr6_160515199_A_T_b38	1	8.42144e-03	-3.814e-01	8.311e-02
chr6_160515556_G_A_b38	1	8.42144e-03	-3.814e-01	8.311e-02
chr6_160343997_A_G_b38	1	7.70733e-03	-2.318e-01	9.151e-02
chr6_160344557_A_T_b38	1	7.70733e-03	-2.318e-01	9.151e-02
chr6_160359880_G_T_b38	1	6.79360e-03	-3.036e-01	9.553e-02
chr6_160521859_T_A_b38	1	6.63078e-03	3.792e-01	8.300e-02
chr6_160530082_A_G_b38	1	6.63078e-03	3.792e-01	8.300e-02
chr6_160439122_A_G_b38	1	6.62473e-03	-3.653e-01	8.882e-02
chr6_160442076_G_C_b38	1	6.62473e-03	-3.653e-01	8.882e-02
chr6_160483224_C_G_b38	1	6.44526e-03	-3.830e-01	8.575e-02
chr6_160346817_G_A_b38	1	6.16783e-03	-2.252e-01	1.057e-01
chr6_160432419_T_A_b38	1	6.08115e-03	-3.667e-01	8.865e-02
chr6_160436283_T_C_b38	1	6.08115e-03	-3.667e-01	8.865e-02
chr6_160432602_A_G_b38	1	6.08115e-03	-3.667e-01	8.865e-02
chr6_160429879_C_T_b38	1	6.08115e-03	-3.667e-01	8.865e-02
chr6_160385995_A_C_b38	1	6.07306e-03	-3.429e-01	9.287e-02
chr6_160390122_G_A_b38	1	6.07306e-03	-3.429e-01	9.287e-02
chr6_160384637_C_T_b38	1	6.07306e-03	-3.429e-01	9.287e-02
chr6_160375533_G_A_b38	1	6.07306e-03	-3.429e-01	9.287e-02
chr6_160387116_C_T_b38	1	6.07306e-03	-3.429e-01	9.287e-02
chr6_160387363_C_T_b38	1	6.07306e-03	-3.429e-01	9.287e-02
chr6_160397231_C_T_b38	1	6.07306e-03	-3.429e-01	9.287e-02
chr6_160384135_G_A_b38	1	5.45572e-03	-3.477e-01	9.559e-02
chr6_160341643_T_C_b38	1	5.30023e-03	-2.319e-01	9.148e-02
chr6_160339412_A_G_b38	1	5.30023e-03	-2.319e-01	9.148e-02
chr6_160510117_G_A_b38	1	5.19574e-03	-3.786e-01	8.397e-02
chr6_160364093_T_C_b38	1	5.08831e-03	-2.849e-01	9.626e-02
chr6_160366682_C_T_b38	1	4.87913e-03	-2.975e-01	9.575e-02
chr6_160343590_C_T_b38	1	4.22719e-03	-2.081e-01	9.378e-02
chr6_160344375_G_A_b38	1	4.22719e-03	-2.081e-01	9.378e-02
chr6_160344350_A_G_b38	1	4.22719e-03	-2.081e-01	9.378e-02
chr6_160458599_T_C_b38	1	3.96473e-03	-4.015e-01	8.915e-02
chr6_160391230_T_C_b38	1	3.57296e-03	-3.569e-01	1.039e-01
chr6_160418179_C_A_b38	1	3.11332e-03	-3.556e-01	8.954e-02
chr6_160422774_CA_C_b38	1	3.11332e-03	-3.556e-01	8.954e-02
chr6_160514628_C_T_b38	1	3.08995e-03	-3.705e-01	8.542e-02
chr6_160504823_G_T_b38	1	3.08995e-03	-3.705e-01	8.542e-02
chr6_160494989_T_C_b38	1	3.08995e-03	-3.705e-01	8.542e-02
chr6_160474097_T_C_b38	1	3.08995e-03	-3.705e-01	8.542e-02
chr6_160475399_A_C_b38	1	3.08995e-03	-3.705e-01	8.542e-02
chr6_160341243_GTC_G_b38	1	2.90993e-03	-2.101e-01	9.327e-02
chr6_160338812_A_T_b38	1	2.90993e-03	-2.101e-01	9.327e-02
chr6_160341769_T_C_b38	1	2.90956e-03	-2.101e-01	9.327e-02
chr6_160539840_C_CT_b38	1	2.86542e-03	3.761e-01	8.763e-02
chr6_160323427_C_G_b38	1	2.30616e-03	-2.425e-01	9.230e-02
chr6_160375026_C_T_b38	1	1.92084e-03	-3.167e-01	9.166e-02
chr6_160322865_G_A_b38	1	1.57564e-03	-2.653e-01	8.715e-02
chr6_160323119_A_G_b38	1	1.45027e-03	-2.612e-01	8.699e-02
chr6_160337084_G_C_b38	1	1.37187e-03	-2.282e-01	9.007e-02
chr6_160335035_GC_G_b38	1	1.08286e-03	-2.215e-01	9.080e-02
chr6_160340311_G_GC_b38	1	9.81563e-04	-1.574e-01	8.714e-02
chr6_160536082_T_G_b38	1	8.88875e-04	3.290e-01	8.265e-02
chr6_160536664_T_C_b38	1	8.88875e-04	3.290e-01	8.265e-02
chr6_160306894_G_GGC_b38	1	5.84113e-04	-2.706e-01	9.989e-02
chr6_160303940_G_A_b38	1	5.31507e-04	-2.624e-01	9.865e-02
chr6_160348391_G_A_b38	2	3.22564e-02	-2.355e-01	1.035e-01
chr6_160348779_C_T_b38	2	2.65687e-02	-2.783e-01	9.668e-02
chr6_160372257_G_C_b38	2	1.98888e-02	3.383e-01	8.967e-02
chr6_160349280_A_G_b38	2	1.81556e-02	-2.795e-01	9.501e-02
chr6_160349511_A_G_b38	2	1.81556e-02	-2.795e-01	9.501e-02
chr6_160350734_G_A_b38	2	1.81556e-02	-2.795e-01	9.501e-02
chr6_160349328_A_G_b38	2	1.81556e-02	-2.795e-01	9.501e-02
chr6_160350331_C_A_b38	2	1.81556e-02	-2.795e-01	9.501e-02
chr6_160350433_C_A_b38	2	1.81556e-02	-2.795e-01	9.501e-02
chr6_160349886_T_G_b38	2	1.81556e-02	-2.795e-01	9.501e-02
chr6_160349520_G_A_b38	2	1.81556e-02	-2.795e-01	9.501e-02
chr6_160358102_G_A_b38	2	1.18027e-02	-2.982e-01	9.323e-02
chr6_160351810_C_T_b38	2	1.10909e-02	-2.797e-01	9.493e-02
chr6_160352787_T_C_b38	2	1.10909e-02	-2.797e-01	9.493e-02
chr6_160350778_C_T_b38	2	1.10909e-02	-2.797e-01	9.493e-02
chr6_160351101_T_C_b38	2	1.10909e-02	-2.797e-01	9.493e-02
chr6_160376593_G_T_b38	2	9.65934e-03	3.498e-01	8.519e-02
chr6_160392295_C_G_b38	2	9.65934e-03	3.498e-01	8.519e-02
chr6_160385992_GT_G_b38	2	9.65934e-03	3.498e-01	8.519e-02
chr6_160389688_C_T_b38	2	9.65934e-03	3.498e-01	8.519e-02
chr6_160387012_C_T_b38	2	9.65934e-03	3.498e-01	8.519e-02
chr6_160381207_C_T_b38	2	9.65934e-03	3.498e-01	8.519e-02
chr6_160386129_C_T_b38	2	9.65934e-03	3.498e-01	8.519e-02
chr6_160386400_C_A_b38	2	9.65934e-03	3.498e-01	8.519e-02
chr6_160385103_T_C_b38	2	9.65934e-03	3.498e-01	8.519e-02
chr6_160382425_A_T_b38	2	9.65934e-03	3.498e-01	8.519e-02
chr6_160387336_C_T_b38	2	9.65934e-03	3.498e-01	8.519e-02
chr6_160378573_C_T_b38	2	9.65934e-03	3.498e-01	8.519e-02
chr6_160354425_A_G_b38	2	9.19175e-03	-2.955e-01	9.659e-02
chr6_160370338_C_G_b38	2	8.13899e-03	3.171e-01	9.274e-02
chr6_160354546_G_T_b38	2	7.72231e-03	-2.803e-01	9.475e-02
chr6_160353409_G_C_b38	2	7.72231e-03	-2.803e-01	9.475e-02
chr6_160353454_C_A_b38	2	7.72231e-03	-2.803e-01	9.475e-02
chr6_160354620_T_G_b38	2	7.72231e-03	-2.803e-01	9.475e-02
chr6_160354478_G_A_b38	2	7.72231e-03	-2.803e-01	9.475e-02
chr6_160353806_A_G_b38	2	7.72231e-03	-2.803e-01	9.475e-02
chr6_160353398_C_G_b38	2	7.72231e-03	-2.803e-01	9.475e-02
chr6_160361630_A_G_b38	2	6.28915e-03	3.008e-01	9.181e-02
chr6_160361902_G_C_b38	2	6.28915e-03	3.008e-01	9.181e-02
chr6_160355621_G_A_b38	2	5.70434e-03	-2.787e-01	9.825e-02
chr6_160405013_A_G_b38	2	5.50968e-03	3.646e-01	8.231e-02
chr6_160401893_A_G_b38	2	5.50968e-03	3.646e-01	8.231e-02
chr6_160398632_T_C_b38	2	5.50968e-03	3.646e-01	8.231e-02
chr6_160405063_T_C_b38	2	5.50968e-03	3.646e-01	8.231e-02
chr6_160406638_C_T_b38	2	5.50968e-03	3.646e-01	8.231e-02
chr6_160406803_T_G_b38	2	5.50968e-03	3.646e-01	8.231e-02
chr6_160399946_G_A_b38	2	5.50968e-03	3.646e-01	8.231e-02
chr6_160355293_A_G_b38	2	5.33338e-03	-2.727e-01	9.783e-02
chr6_160346873_T_G_b38	2	4.46183e-03	-2.150e-01	1.004e-01
chr6_160351868_G_A_b38	2	3.54606e-03	-2.401e-01	1.017e-01
chr6_160345738_T_C_b38	2	3.39571e-03	-2.123e-01	9.165e-02
chr6_160353427_C_T_b38	2	3.34659e-03	-2.493e-01	9.699e-02
chr6_160345151_A_T_b38	2	3.18597e-03	-2.132e-01	9.408e-02
chr6_160354985_C_A_b38	2	2.86948e-03	-2.528e-01	9.719e-02
chr6_160343869_T_C_b38	2	1.27255e-03	-1.736e-01	9.860e-02
chr6_160344799_A_T_b38	2	9.42724e-04	-1.632e-01	9.982e-02
chr6_160339046_A_G_b38	2	8.57719e-04	-1.869e-01	9.668e-02
chr6_160344972_G_A_b38	2	8.32251e-04	-1.600e-01	1.027e-01
chr6_160427135_A_C_b38	2	5.05350e-04	3.159e-01	8.178e-02
chr6_160349188_G_A_b38	3	1.91785e-04	3.741e-02	1.686e-01
