chr17_81962050_T_C_b38	1	1.42432e-01	1.638e-01	5.240e-02
chr17_81963402_C_G_b38	1	9.35821e-02	1.768e-01	5.010e-02
chr17_81964030_C_CCT_b38	1	9.34393e-02	1.819e-01	5.159e-02
chr17_81963898_T_C_b38	1	4.94944e-02	1.729e-01	5.216e-02
chr17_81965178_C_G_b38	1	3.18864e-02	1.731e-01	5.175e-02
chr17_81965674_T_C_b38	1	3.18864e-02	1.731e-01	5.175e-02
chr17_81977760_C_G_b38	1	2.20290e-02	1.906e-01	5.274e-02
chr17_81964212_C_T_b38	1	1.34709e-02	1.430e-01	5.021e-02
chr17_81965842_T_C_b38	1	1.27218e-02	1.520e-01	5.025e-02
chr17_81973170_A_G_b38	1	1.17824e-02	1.767e-01	5.175e-02
chr17_81946415_G_A_b38	1	1.13770e-02	1.656e-01	4.927e-02
chr17_81946414_T_C_b38	1	1.03787e-02	1.657e-01	4.970e-02
chr17_81978065_G_A_b38	1	8.50362e-03	1.721e-01	5.197e-02
chr17_82004842_T_C_b38	1	8.37955e-03	1.862e-01	5.113e-02
chr17_81964351_T_C_b38	1	7.98571e-03	1.431e-01	5.017e-02
chr17_81966555_C_T_b38	1	7.98571e-03	1.431e-01	5.017e-02
chr17_81963185_G_C_b38	1	7.91888e-03	1.321e-01	5.031e-02
chr17_81953545_T_C_b38	1	6.79669e-03	1.500e-01	5.034e-02
chr17_81962424_C_G_b38	1	6.49115e-03	1.151e-01	5.176e-02
chr17_81952034_C_A_b38	1	6.32833e-03	1.487e-01	5.038e-02
chr17_81967274_C_T_b38	1	5.15113e-03	1.432e-01	5.011e-02
chr17_81954787_C_T_b38	1	5.14002e-03	1.450e-01	5.042e-02
chr17_81967678_C_T_b38	1	5.11237e-03	1.425e-01	4.994e-02
chr17_81957987_A_G_b38	1	4.57736e-03	1.293e-01	4.917e-02
chr17_81957159_C_T_b38	1	4.57736e-03	1.293e-01	4.917e-02
chr17_81957566_C_A_b38	1	4.57736e-03	1.293e-01	4.917e-02
chr17_81957633_T_C_b38	1	4.57736e-03	1.293e-01	4.917e-02
chr17_81976318_C_A_b38	1	4.33590e-03	-1.755e-01	5.734e-02
chr17_81951635_T_C_b38	1	4.16620e-03	1.519e-01	5.017e-02
chr17_81950931_A_G_b38	1	4.16620e-03	1.519e-01	5.017e-02
chr17_81970757_A_G_b38	1	4.05698e-03	1.408e-01	5.129e-02
chr17_81951661_G_A_b38	1	3.96721e-03	1.521e-01	5.043e-02
chr17_81946986_G_GTAATAA_b38	1	3.94853e-03	1.510e-01	5.021e-02
chr17_81957771_A_G_b38	1	3.94374e-03	1.262e-01	4.920e-02
chr17_81991355_T_C_b38	1	3.29104e-03	1.739e-01	5.161e-02
chr17_81975487_G_T_b38	1	3.13646e-03	1.479e-01	5.005e-02
chr17_81953365_G_A_b38	1	3.00928e-03	1.312e-01	4.902e-02
chr17_81946370_C_A_b38	1	2.79361e-03	1.448e-01	5.025e-02
chr17_81956785_T_C_b38	1	2.73221e-03	1.295e-01	4.912e-02
chr17_81957753_A_G_b38	1	2.40779e-03	1.181e-01	5.038e-02
chr17_81953524_C_T_b38	1	2.32573e-03	1.259e-01	4.902e-02
chr17_81954227_C_T_b38	1	2.14104e-03	1.240e-01	4.895e-02
chr17_81953288_A_AG_b38	1	1.90058e-03	1.225e-01	4.949e-02
chr17_81987207_G_A_b38	1	1.84255e-03	1.769e-01	5.599e-02
chr17_81956381_G_A_b38	1	1.83936e-03	1.212e-01	4.922e-02
chr17_81948872_T_C_b38	1	1.64474e-03	1.313e-01	4.905e-02
chr17_81948156_T_C_b38	1	1.62974e-03	1.311e-01	4.901e-02
chr17_82001827_C_G_b38	1	1.43615e-03	1.729e-01	5.563e-02
chr17_82066115_C_A_b38	2	3.15813e-02	2.420e-01	5.478e-02
chr17_82072844_G_C_b38	2	2.33734e-02	2.430e-01	5.570e-02
chr17_82049431_A_G_b38	2	1.65634e-02	2.037e-01	5.371e-02
chr17_82060838_C_T_b38	2	4.67644e-03	1.842e-01	5.472e-02
chr17_82053558_T_C_b38	2	3.42628e-03	1.816e-01	5.469e-02
chr17_82064485_C_T_b38	2	1.79185e-03	1.974e-01	5.389e-02
chr17_82064391_C_T_b38	2	1.27290e-03	1.929e-01	5.413e-02
chr17_82056985_T_G_b38	2	6.84838e-04	1.580e-01	5.835e-02
chr17_82067376_A_G_b38	2	4.56801e-04	1.892e-01	5.775e-02
