chr2_106073280_G_A_b38	1	9.99012e-01	-5.049e-01	5.293e-02
chr2_106065334_TG_T_b38	2	9.54967e-01	2.021e-01	6.012e-02
chr2_106066249_A_G_b38	2	4.40445e-02	1.576e-01	2.612e-02
chr2_106062299_G_A_b38	3	1.83897e-01	-1.184e-01	2.643e-02
chr2_106061381_T_C_b38	3	1.25776e-01	-1.202e-01	2.630e-02
chr2_106060723_G_A_b38	3	1.01569e-01	-1.224e-01	2.650e-02
chr2_106061994_G_A_b38	3	1.00217e-01	-1.195e-01	2.649e-02
chr2_106059277_T_C_b38	3	7.21913e-02	-1.204e-01	2.650e-02
chr2_106059202_G_GTGAATCA_b38	3	5.18623e-02	-1.183e-01	2.650e-02
chr2_106056680_A_T_b38	3	4.60317e-02	-1.212e-01	2.650e-02
chr2_106057908_TA_T_b38	3	4.60317e-02	-1.212e-01	2.650e-02
chr2_106057360_C_T_b38	3	4.60317e-02	-1.212e-01	2.650e-02
chr2_106057053_T_C_b38	3	4.60317e-02	-1.212e-01	2.650e-02
chr2_106057867_A_G_b38	3	4.60317e-02	-1.212e-01	2.650e-02
chr2_106057636_G_A_b38	3	4.60317e-02	-1.212e-01	2.650e-02
chr2_106054644_C_T_b38	3	1.55017e-02	-1.125e-01	2.656e-02
chr2_106055075_T_C_b38	3	1.55017e-02	-1.125e-01	2.656e-02
chr2_106055677_G_A_b38	3	1.28122e-02	-1.122e-01	2.684e-02
chr2_106055068_A_G_b38	3	1.07925e-02	-1.105e-01	2.673e-02
chr2_106052408_T_G_b38	3	8.88387e-03	-1.113e-01	2.613e-02
chr2_106046855_A_T_b38	3	5.35219e-03	-1.081e-01	2.636e-02
chr2_106046426_G_A_b38	3	5.33111e-03	-1.081e-01	2.636e-02
chr2_106049647_G_A_b38	3	5.10242e-03	-1.076e-01	2.622e-02
chr2_106052229_C_A_b38	3	4.56690e-03	-1.069e-01	2.624e-02
chr2_106059563_A_T_b38	3	1.98430e-03	9.700e-02	2.719e-02
chr2_106063485_G_A_b38	4	2.89832e-01	-1.551e-01	4.893e-02
chr2_106061993_C_T_b38	5	8.36983e-03	1.354e-01	4.901e-02
chr2_106056972_C_T_b38	5	2.13038e-04	5.256e-02	4.327e-02
