chr12_56314792_G_A_b38	1	7.62737e-02	2.681e-01	4.197e-02
chr12_56324638_T_C_b38	1	4.61384e-02	2.729e-01	4.218e-02
chr12_56313138_A_C_b38	1	4.39770e-02	2.681e-01	4.197e-02
chr12_56312637_T_C_b38	1	4.39770e-02	2.681e-01	4.197e-02
chr12_56324021_G_A_b38	1	2.91251e-02	2.681e-01	4.197e-02
chr12_56325666_G_A_b38	1	2.91251e-02	2.681e-01	4.197e-02
chr12_56321800_G_A_b38	1	2.91251e-02	2.681e-01	4.197e-02
chr12_56308228_C_A_b38	1	2.63516e-02	2.681e-01	4.197e-02
chr12_56307595_G_C_b38	1	2.63516e-02	2.681e-01	4.197e-02
chr12_56295751_G_A_b38	1	1.53262e-02	2.686e-01	4.197e-02
chr12_56301033_A_G_b38	1	1.43716e-02	2.681e-01	4.197e-02
chr12_56296878_G_A_b38	1	1.43716e-02	2.681e-01	4.197e-02
chr12_56293675_T_C_b38	1	1.43716e-02	2.681e-01	4.197e-02
chr12_56299736_C_A_b38	1	1.43716e-02	2.681e-01	4.197e-02
chr12_56302272_A_G_b38	1	1.43716e-02	2.681e-01	4.197e-02
chr12_56304419_T_TC_b38	1	1.43716e-02	2.681e-01	4.197e-02
chr12_56306209_A_C_b38	1	1.43716e-02	2.681e-01	4.197e-02
chr12_56301676_G_GT_b38	1	1.43716e-02	2.681e-01	4.197e-02
chr12_56305176_G_A_b38	1	1.43716e-02	2.681e-01	4.197e-02
chr12_56294453_G_A_b38	1	1.43716e-02	2.681e-01	4.197e-02
chr12_56302958_T_C_b38	1	1.43716e-02	2.681e-01	4.197e-02
chr12_56302170_C_T_b38	1	1.43716e-02	2.681e-01	4.197e-02
chr12_56293213_C_T_b38	1	1.43716e-02	2.681e-01	4.197e-02
chr12_56293788_G_T_b38	1	1.43716e-02	2.681e-01	4.197e-02
chr12_56330549_C_T_b38	1	1.37899e-02	2.681e-01	4.197e-02
chr12_56332565_A_G_b38	1	1.37899e-02	2.681e-01	4.197e-02
chr12_56329935_T_C_b38	1	1.37899e-02	2.681e-01	4.197e-02
chr12_56333921_G_A_b38	1	1.37899e-02	2.681e-01	4.197e-02
chr12_56331337_A_G_b38	1	1.37899e-02	2.681e-01	4.197e-02
chr12_56332556_C_T_b38	1	1.37899e-02	2.681e-01	4.197e-02
chr12_56336643_T_TA_b38	1	1.37899e-02	2.681e-01	4.197e-02
chr12_56329802_A_G_b38	1	1.37899e-02	2.681e-01	4.197e-02
chr12_56334353_T_C_b38	1	1.37899e-02	2.681e-01	4.197e-02
chr12_56332197_GA_G_b38	1	1.37899e-02	2.681e-01	4.197e-02
chr12_56335955_A_G_b38	1	1.37899e-02	2.681e-01	4.197e-02
chr12_56339747_G_A_b38	1	1.37899e-02	2.681e-01	4.197e-02
chr12_56297989_AC_A_b38	1	7.85037e-03	2.676e-01	4.259e-02
chr12_56286747_T_C_b38	1	5.20627e-03	2.681e-01	4.197e-02
chr12_56277426_C_G_b38	1	5.20627e-03	2.681e-01	4.197e-02
chr12_56273316_A_G_b38	1	5.20627e-03	2.681e-01	4.197e-02
chr12_56284195_T_A_b38	1	5.20627e-03	2.681e-01	4.197e-02
chr12_56267121_G_T_b38	1	5.20627e-03	2.681e-01	4.197e-02
chr12_56273514_T_C_b38	1	5.20627e-03	2.681e-01	4.197e-02
chr12_56285967_A_G_b38	1	5.20627e-03	2.681e-01	4.197e-02
chr12_56274110_C_T_b38	1	5.20627e-03	2.681e-01	4.197e-02
chr12_56290873_CA_C_b38	1	5.20627e-03	2.681e-01	4.197e-02
chr12_56278322_T_A_b38	1	5.20627e-03	2.681e-01	4.197e-02
chr12_56290191_C_T_b38	1	5.20627e-03	2.681e-01	4.197e-02
chr12_56284551_T_C_b38	1	5.20627e-03	2.681e-01	4.197e-02
chr12_56283477_G_A_b38	1	5.20627e-03	2.681e-01	4.197e-02
chr12_56277363_G_A_b38	1	5.20627e-03	2.681e-01	4.197e-02
chr12_56286852_A_G_b38	1	5.20627e-03	2.681e-01	4.197e-02
chr12_56270447_C_T_b38	1	5.20627e-03	2.681e-01	4.197e-02
chr12_56291014_C_T_b38	1	5.20627e-03	2.681e-01	4.197e-02
chr12_56286187_A_G_b38	1	5.20627e-03	2.681e-01	4.197e-02
chr12_56283033_CT_C_b38	1	5.20627e-03	2.681e-01	4.197e-02
chr12_56352774_C_T_b38	1	4.96815e-03	2.681e-01	4.197e-02
chr12_56352004_T_C_b38	1	4.96815e-03	2.681e-01	4.197e-02
chr12_56346898_C_G_b38	1	4.96815e-03	2.681e-01	4.197e-02
chr12_56342206_G_T_b38	1	4.96815e-03	2.681e-01	4.197e-02
chr12_56350638_G_A_b38	1	4.96815e-03	2.681e-01	4.197e-02
chr12_56346229_GAGA_G_b38	1	4.96815e-03	2.681e-01	4.197e-02
chr12_56345773_A_G_b38	1	4.96815e-03	2.681e-01	4.197e-02
chr12_56359090_A_G_b38	1	4.96815e-03	2.681e-01	4.197e-02
chr12_56345032_GC_G_b38	1	4.96815e-03	2.681e-01	4.197e-02
chr12_56356953_C_T_b38	1	4.96815e-03	2.681e-01	4.197e-02
chr12_56356420_C_T_b38	1	4.96815e-03	2.681e-01	4.197e-02
chr12_56346073_GCC_G_b38	1	4.96815e-03	2.681e-01	4.197e-02
chr12_56350661_T_C_b38	1	4.96815e-03	2.681e-01	4.197e-02
chr12_56347444_G_A_b38	1	4.96815e-03	2.681e-01	4.197e-02
chr12_56358370_C_T_b38	1	4.96815e-03	2.681e-01	4.197e-02
chr12_56323682_C_T_b38	1	3.19355e-03	-2.083e-01	3.497e-02
chr12_56357088_G_C_b38	1	3.12680e-03	2.669e-01	4.232e-02
chr12_56233835_A_G_b38	1	2.90917e-03	2.670e-01	4.123e-02
chr12_56265536_C_T_b38	1	2.90917e-03	2.670e-01	4.123e-02
chr12_56251102_A_G_b38	1	2.90917e-03	2.670e-01	4.123e-02
chr12_56263432_A_C_b38	1	2.90917e-03	2.670e-01	4.123e-02
chr12_56252429_A_C_b38	1	2.90917e-03	2.670e-01	4.123e-02
chr12_56308088_T_C_b38	1	2.88944e-03	-2.083e-01	3.497e-02
chr12_56308392_C_T_b38	1	2.88944e-03	-2.083e-01	3.497e-02
chr12_56360038_C_A_b38	1	2.51263e-03	2.643e-01	4.218e-02
chr12_56229563_C_T_b38	1	2.18256e-03	2.723e-01	4.235e-02
chr12_56233516_A_G_b38	1	1.74066e-03	2.680e-01	4.196e-02
chr12_56254993_C_T_b38	1	1.74066e-03	2.680e-01	4.196e-02
chr12_56259510_G_A_b38	1	1.74066e-03	2.680e-01	4.196e-02
chr12_56233868_A_C_b38	1	1.74066e-03	2.680e-01	4.196e-02
chr12_56250467_C_T_b38	1	1.74066e-03	2.680e-01	4.196e-02
chr12_56264924_C_T_b38	1	1.74066e-03	2.680e-01	4.196e-02
chr12_56244293_T_C_b38	1	1.74066e-03	2.680e-01	4.196e-02
chr12_56262481_G_A_b38	1	1.74066e-03	2.680e-01	4.196e-02
chr12_56253459_C_T_b38	1	1.74066e-03	2.680e-01	4.196e-02
chr12_56264104_A_G_b38	1	1.74066e-03	2.680e-01	4.196e-02
chr12_56246557_G_A_b38	1	1.74066e-03	2.680e-01	4.196e-02
chr12_56241296_G_C_b38	1	1.74066e-03	2.680e-01	4.196e-02
chr12_56243191_C_G_b38	1	1.74066e-03	2.680e-01	4.196e-02
chr12_56244483_T_C_b38	1	1.74066e-03	2.680e-01	4.196e-02
chr12_56260130_G_C_b38	1	1.74066e-03	2.680e-01	4.196e-02
chr12_56236283_C_T_b38	1	1.74066e-03	2.680e-01	4.196e-02
chr12_56249900_C_T_b38	1	1.74066e-03	2.680e-01	4.196e-02
chr12_56259857_T_TGAG_b38	1	1.74066e-03	2.680e-01	4.196e-02
chr12_56236980_G_A_b38	1	1.74066e-03	2.680e-01	4.196e-02
chr12_56273820_T_C_b38	1	1.60308e-03	2.561e-01	4.150e-02
chr12_56305839_A_G_b38	1	1.57601e-03	-2.082e-01	3.496e-02
chr12_56334474_GA_G_b38	1	1.51223e-03	2.082e-01	3.496e-02
chr12_56334216_G_A_b38	1	1.51223e-03	2.082e-01	3.496e-02
chr12_56332734_G_A_b38	1	1.51223e-03	-2.082e-01	3.496e-02
chr12_56329046_C_T_b38	1	1.51223e-03	-2.082e-01	3.496e-02
chr12_56303326_G_A_b38	1	1.49906e-03	-2.103e-01	3.536e-02
chr12_56259776_A_G_b38	1	1.44458e-03	2.689e-01	4.230e-02
chr12_56295941_G_C_b38	1	1.21145e-03	-2.084e-01	3.528e-02
chr12_56307025_G_A_b38	1	1.05404e-03	-2.035e-01	3.531e-02
chr12_56353960_C_T_b38	1	1.01617e-03	2.590e-01	4.245e-02
chr12_56337293_C_G_b38	1	8.65344e-04	2.052e-01	3.508e-02
chr12_56240855_G_C_b38	1	8.45795e-04	2.675e-01	4.273e-02
chr12_56309938_G_A_b38	2	3.68031e-03	9.571e-02	4.597e-02
chr12_56305645_G_A_b38	2	1.78423e-04	-3.109e-03	3.690e-02
chr12_56286961_C_T_b38	2	3.79004e-05	0.000e+00	0.000e+00
