chr14_75123180_C_T_b38	1	7.64070e-02	-1.771e-01	4.723e-02
chr14_75123637_G_A_b38	1	7.64070e-02	-1.771e-01	4.723e-02
chr14_75123175_C_T_b38	1	7.64070e-02	-1.771e-01	4.723e-02
chr14_75127199_C_T_b38	1	6.57383e-02	1.442e-01	4.261e-02
chr14_75127136_T_C_b38	1	6.57383e-02	1.442e-01	4.261e-02
chr14_75135079_G_C_b38	1	4.51931e-02	-1.789e-01	4.847e-02
chr14_75124143_A_T_b38	1	2.96466e-02	-1.597e-01	4.319e-02
chr14_75122581_T_C_b38	1	2.96466e-02	-1.597e-01	4.319e-02
chr14_75124368_G_A_b38	1	2.96466e-02	-1.597e-01	4.319e-02
chr14_75123026_C_T_b38	1	2.56061e-02	-1.572e-01	4.293e-02
chr14_75117804_C_T_b38	1	2.35679e-02	-1.687e-01	4.567e-02
chr14_75145322_C_T_b38	1	2.10809e-02	-1.769e-01	4.714e-02
chr14_75132452_G_A_b38	1	1.82573e-02	-1.596e-01	4.310e-02
chr14_75136861_T_C_b38	1	1.82573e-02	-1.596e-01	4.310e-02
chr14_75135260_C_T_b38	1	1.57643e-02	-1.571e-01	4.287e-02
chr14_75128243_G_C_b38	1	1.27196e-02	1.439e-01	4.244e-02
chr14_75139360_TAATC_T_b38	1	1.24739e-02	-1.687e-01	4.567e-02
chr14_75128451_G_A_b38	1	9.32349e-03	1.402e-01	4.266e-02
chr14_75102387_G_A_b38	1	8.59772e-03	-1.592e-01	4.286e-02
chr14_75104323_G_A_b38	1	8.59772e-03	-1.592e-01	4.286e-02
chr14_75122492_G_C_b38	1	8.47983e-03	1.439e-01	4.244e-02
chr14_75125780_G_C_b38	1	8.26083e-03	1.400e-01	4.251e-02
chr14_75096766_C_T_b38	1	7.54342e-03	-1.769e-01	4.714e-02
chr14_75089668_T_C_b38	1	7.54342e-03	-1.769e-01	4.714e-02
chr14_75115363_C_T_b38	1	7.39959e-03	-1.565e-01	4.254e-02
chr14_75105716_G_T_b38	1	7.39959e-03	-1.565e-01	4.254e-02
chr14_75124119_G_A_b38	1	6.41144e-03	1.404e-01	4.246e-02
chr14_75140342_G_A_b38	1	5.65482e-03	-1.565e-01	4.337e-02
chr14_75136131_A_T_b38	1	5.20010e-03	1.436e-01	4.228e-02
chr14_75135159_A_G_b38	1	5.20010e-03	1.436e-01	4.228e-02
chr14_75133994_C_T_b38	1	5.20010e-03	1.436e-01	4.228e-02
chr14_75132944_A_G_b38	1	5.02506e-03	1.420e-01	4.178e-02
chr14_75163269_C_T_b38	1	4.67090e-03	-1.682e-01	4.535e-02
chr14_75159554_T_C_b38	1	4.67090e-03	-1.682e-01	4.535e-02
chr14_75157642_CAT_C_b38	1	4.67090e-03	-1.682e-01	4.535e-02
chr14_75078982_G_A_b38	1	4.37883e-03	-1.676e-01	4.502e-02
chr14_75099707_G_A_b38	1	4.37883e-03	-1.676e-01	4.502e-02
chr14_75100212_C_T_b38	1	4.37883e-03	-1.676e-01	4.502e-02
chr14_75122121_A_G_b38	1	4.37028e-03	1.431e-01	4.200e-02
chr14_75119585_C_A_b38	1	4.37028e-03	1.431e-01	4.200e-02
chr14_75118164_C_T_b38	1	4.37028e-03	1.431e-01	4.200e-02
chr14_75126449_C_T_b38	1	4.22285e-03	1.178e-01	4.283e-02
chr14_75135034_A_G_b38	1	3.92435e-03	1.400e-01	4.224e-02
chr14_75149845_CTGT_C_b38	1	3.18903e-03	-1.469e-01	4.220e-02
chr14_75149842_T_G_b38	1	3.18903e-03	-1.469e-01	4.220e-02
chr14_75149840_C_G_b38	1	3.18903e-03	-1.469e-01	4.220e-02
chr14_75149849_A_C_b38	1	3.18903e-03	-1.469e-01	4.220e-02
chr14_75141980_C_G_b38	1	3.18903e-03	-1.469e-01	4.220e-02
chr14_75149837_GCT_G_b38	1	3.18903e-03	-1.469e-01	4.220e-02
chr14_75157431_C_T_b38	1	3.01191e-03	-1.581e-01	4.219e-02
chr14_75173651_C_G_b38	1	3.01191e-03	-1.581e-01	4.219e-02
chr14_75173151_C_T_b38	1	3.01191e-03	-1.581e-01	4.219e-02
chr14_75174838_C_G_b38	1	3.01191e-03	-1.581e-01	4.219e-02
chr14_75160616_T_A_b38	1	3.01191e-03	-1.581e-01	4.219e-02
chr14_75159428_T_C_b38	1	3.01191e-03	-1.581e-01	4.219e-02
chr14_75095168_A_C_b38	1	2.85308e-03	-1.581e-01	4.219e-02
chr14_75089723_G_A_b38	1	2.75420e-03	-1.567e-01	4.183e-02
chr14_75031281_C_T_b38	1	2.75052e-03	1.751e-01	4.355e-02
chr14_75036384_C_A_b38	1	2.75052e-03	1.751e-01	4.355e-02
chr14_75047125_G_A_b38	1	2.73515e-03	-1.745e-01	4.524e-02
chr14_75157647_C_T_b38	1	2.60897e-03	-1.557e-01	4.206e-02
chr14_75102880_C_A_b38	1	2.44378e-03	1.431e-01	4.200e-02
chr14_75107384_C_T_b38	1	2.44378e-03	1.431e-01	4.200e-02
chr14_75052472_C_T_b38	1	2.29662e-03	-1.754e-01	4.632e-02
chr14_75069224_G_A_b38	1	2.29662e-03	-1.754e-01	4.632e-02
chr14_74990535_A_G_b38	1	2.23460e-03	1.986e-01	4.574e-02
chr14_75116565_T_C_b38	1	2.15532e-03	1.412e-01	4.196e-02
chr14_75037751_G_A_b38	1	2.15094e-03	-1.755e-01	4.524e-02
chr14_75036124_T_C_b38	1	2.15094e-03	-1.755e-01	4.524e-02
chr14_75031474_A_G_b38	1	2.15094e-03	-1.755e-01	4.524e-02
chr14_75078517_C_A_b38	1	2.10200e-03	-1.541e-01	4.155e-02
chr14_75112940_A_G_b38	1	1.86196e-03	1.400e-01	4.224e-02
chr14_75103590_C_T_b38	1	1.86196e-03	1.400e-01	4.224e-02
chr14_75112713_C_T_b38	1	1.79480e-03	1.396e-01	4.228e-02
chr14_75137246_G_A_b38	1	1.76277e-03	1.400e-01	4.224e-02
chr14_75142025_G_A_b38	1	1.76277e-03	1.400e-01	4.224e-02
chr14_75148543_C_G_b38	1	1.76004e-03	-1.381e-01	4.168e-02
chr14_75139089_A_G_b38	1	1.69919e-03	1.396e-01	4.228e-02
chr14_75115062_CGT_C_b38	1	1.20209e-03	1.578e-01	4.996e-02
chr14_75093260_T_C_b38	1	1.15718e-03	1.474e-01	4.190e-02
chr14_75062916_C_T_b38	1	1.13512e-03	-1.601e-01	4.131e-02
chr14_75148524_T_C_b38	1	1.02185e-03	1.307e-01	4.191e-02
chr14_75145380_C_A_b38	1	1.02185e-03	1.307e-01	4.191e-02
chr14_75142565_A_T_b38	1	1.02185e-03	1.307e-01	4.191e-02
chr14_75143467_G_C_b38	1	1.02185e-03	1.307e-01	4.191e-02
chr14_75172868_G_A_b38	1	9.81663e-04	-1.456e-01	4.226e-02
chr14_75201218_C_A_b38	1	9.68629e-04	-1.584e-01	4.156e-02
chr14_75166305_A_G_b38	1	9.30468e-04	-1.445e-01	4.214e-02
chr14_75083881_G_T_b38	1	9.27943e-04	1.443e-01	4.187e-02
chr14_75156784_T_C_b38	1	8.74290e-04	1.431e-01	4.200e-02
chr14_75163675_G_A_b38	1	8.74290e-04	-1.431e-01	4.200e-02
chr14_75160998_T_C_b38	1	8.74290e-04	-1.431e-01	4.200e-02
chr14_75170264_C_T_b38	1	8.74290e-04	-1.431e-01	4.200e-02
chr14_75157760_C_T_b38	1	8.74290e-04	1.431e-01	4.200e-02
chr14_75159339_A_C_b38	1	8.74290e-04	1.431e-01	4.200e-02
chr14_75058136_G_A_b38	1	8.57073e-04	-1.551e-01	4.091e-02
chr14_75100475_C_T_b38	1	8.28184e-04	1.431e-01	4.200e-02
chr14_75088921_G_A_b38	1	8.28184e-04	1.431e-01	4.200e-02
chr14_75096197_C_T_b38	1	8.28184e-04	1.431e-01	4.200e-02
chr14_75088933_A_T_b38	1	8.28184e-04	1.431e-01	4.200e-02
chr14_75101435_A_G_b38	1	8.28184e-04	1.431e-01	4.200e-02
chr14_75182261_C_T_b38	1	8.04786e-04	-1.589e-01	4.231e-02
chr14_75196907_C_T_b38	1	7.90589e-04	-1.553e-01	4.141e-02
chr14_75027345_C_T_b38	1	6.79279e-04	-1.547e-01	4.160e-02
chr14_75028280_T_C_b38	1	6.79279e-04	-1.547e-01	4.160e-02
chr14_75225870_C_T_b38	2	3.14731e-02	2.423e-01	5.854e-02
chr14_75226296_A_G_b38	2	1.78145e-02	2.339e-01	5.845e-02
chr14_75224165_T_C_b38	2	6.26928e-03	2.229e-01	6.001e-02
chr14_75228224_G_A_b38	2	5.19077e-03	2.439e-01	5.834e-02
chr14_75224966_A_C_b38	2	1.06682e-03	1.614e-01	5.076e-02
chr14_75226898_A_T_b38	2	5.72139e-04	1.655e-01	5.267e-02
chr14_75230213_A_G_b38	2	3.48979e-04	1.956e-01	5.350e-02
chr14_75217334_A_G_b38	3	2.87846e-04	2.489e-01	7.816e-02
chr14_75213746_G_A_b38	3	1.12607e-04	1.980e-01	6.822e-02
chr14_75206312_G_T_b38	3	1.02397e-04	1.844e-01	6.515e-02
chr14_75216279_G_A_b38	3	5.33808e-05	1.585e-01	6.237e-02
chr14_75217215_T_G_b38	3	2.49850e-05	1.543e-01	6.612e-02
chr14_75216708_A_G_b38	3	2.32935e-05	1.492e-01	6.527e-02
chr14_75220606_CAAAG_C_b38	3	1.99827e-05	1.466e-01	6.798e-02
chr14_75220944_C_T_b38	3	1.50736e-05	1.333e-01	6.669e-02
chr14_75220155_C_T_b38	3	9.57188e-06	0.000e+00	0.000e+00
chr14_75221125_G_A_b38	3	9.27182e-06	0.000e+00	0.000e+00
