chr16_28862077_G_A_b38	1	1.51314e-01	-2.456e-01	5.117e-02
chr16_28863226_C_G_b38	1	5.56448e-02	-2.443e-01	5.109e-02
chr16_28857641_C_G_b38	1	3.38354e-02	-2.519e-01	5.103e-02
chr16_28860539_A_G_b38	1	3.25246e-02	-2.456e-01	5.117e-02
chr16_28860668_A_G_b38	1	3.25246e-02	-2.456e-01	5.117e-02
chr16_28860532_C_T_b38	1	3.25246e-02	-2.456e-01	5.117e-02
chr16_28861277_T_C_b38	1	3.25246e-02	-2.456e-01	5.117e-02
chr16_28864161_A_G_b38	1	3.08827e-02	-2.456e-01	5.117e-02
chr16_28863801_T_G_b38	1	3.08827e-02	-2.456e-01	5.117e-02
chr16_28863883_A_T_b38	1	3.08827e-02	-2.456e-01	5.117e-02
chr16_28824359_T_TG_b38	1	2.82789e-02	-2.796e-01	5.269e-02
chr16_28861033_G_C_b38	1	2.35003e-02	-2.495e-01	5.280e-02
chr16_28860336_C_A_b38	1	2.35003e-02	-2.495e-01	5.280e-02
chr16_28859275_A_G_b38	1	1.83577e-02	-2.456e-01	5.117e-02
chr16_28859641_G_A_b38	1	1.63943e-02	-2.517e-01	5.273e-02
chr16_28856483_C_T_b38	1	1.24131e-02	-2.456e-01	5.117e-02
chr16_28853721_T_C_b38	1	1.24131e-02	-2.456e-01	5.117e-02
chr16_28853352_T_C_b38	1	1.24131e-02	-2.456e-01	5.117e-02
chr16_28854571_C_T_b38	1	1.24131e-02	-2.456e-01	5.117e-02
chr16_28868163_A_G_b38	1	1.23015e-02	-2.456e-01	5.117e-02
chr16_28869881_A_C_b38	1	1.23015e-02	-2.456e-01	5.117e-02
chr16_28871920_A_G_b38	1	1.23015e-02	-2.456e-01	5.117e-02
chr16_28871103_T_C_b38	1	1.23015e-02	-2.456e-01	5.117e-02
chr16_28855740_T_C_b38	1	1.11849e-02	-2.453e-01	5.137e-02
chr16_28857374_G_A_b38	1	9.11914e-03	-2.422e-01	5.117e-02
chr16_28854595_G_A_b38	1	8.96891e-03	-2.495e-01	5.280e-02
chr16_28872520_C_T_b38	1	8.90159e-03	-2.496e-01	5.282e-02
chr16_28839050_T_G_b38	1	8.84469e-03	-2.544e-01	5.231e-02
chr16_28820038_T_C_b38	1	6.78730e-03	-2.579e-01	5.144e-02
chr16_28821061_C_T_b38	1	6.78730e-03	-2.579e-01	5.144e-02
chr16_28821776_A_G_b38	1	6.78730e-03	-2.579e-01	5.144e-02
chr16_28821978_C_A_b38	1	6.78730e-03	-2.579e-01	5.144e-02
chr16_28843448_A_G_b38	1	6.51988e-03	-2.455e-01	5.112e-02
chr16_28850560_C_T_b38	1	6.51988e-03	-2.455e-01	5.112e-02
chr16_28844201_G_C_b38	1	6.51988e-03	-2.455e-01	5.112e-02
chr16_28842675_A_C_b38	1	6.51988e-03	-2.455e-01	5.112e-02
chr16_28850413_A_C_b38	1	6.51988e-03	-2.455e-01	5.112e-02
chr16_28844406_A_G_b38	1	6.51988e-03	-2.455e-01	5.112e-02
chr16_28848481_A_G_b38	1	6.51988e-03	-2.455e-01	5.112e-02
chr16_28851566_TCTC_T_b38	1	6.42182e-03	-2.436e-01	5.075e-02
chr16_28824884_T_C_b38	1	6.40408e-03	-2.564e-01	5.125e-02
chr16_28840056_C_CCT_b38	1	6.38046e-03	-2.450e-01	5.107e-02
chr16_28882211_A_G_b38	1	6.23952e-03	-2.455e-01	5.112e-02
chr16_28878165_C_A_b38	1	6.23952e-03	-2.455e-01	5.112e-02
chr16_28882088_T_C_b38	1	6.23952e-03	-2.455e-01	5.112e-02
chr16_28880144_C_T_b38	1	6.23952e-03	-2.455e-01	5.112e-02
chr16_28874610_T_C_b38	1	6.23952e-03	-2.455e-01	5.112e-02
chr16_28878386_CA_C_b38	1	6.23952e-03	-2.455e-01	5.112e-02
chr16_28878810_C_A_b38	1	6.23952e-03	-2.455e-01	5.112e-02
chr16_28825882_T_G_b38	1	6.23031e-03	-2.655e-01	5.313e-02
chr16_28826585_A_G_b38	1	4.92794e-03	-2.491e-01	5.035e-02
chr16_28814986_A_G_b38	1	4.90017e-03	-2.621e-01	5.302e-02
chr16_28813364_T_C_b38	1	4.88027e-03	-2.621e-01	5.302e-02
chr16_28883809_A_G_b38	1	4.84469e-03	-2.414e-01	5.088e-02
chr16_28829060_A_G_b38	1	4.64503e-03	-2.610e-01	5.291e-02
chr16_28882250_T_C_b38	1	4.51648e-03	-2.495e-01	5.278e-02
chr16_28878376_C_CT_b38	1	4.51648e-03	-2.495e-01	5.278e-02
chr16_28874338_C_T_b38	1	4.51648e-03	-2.495e-01	5.278e-02
chr16_28882403_ACT_A_b38	1	4.51648e-03	-2.495e-01	5.278e-02
chr16_28814284_G_A_b38	1	4.23078e-03	-2.514e-01	5.118e-02
chr16_28817513_A_C_b38	1	4.23078e-03	-2.514e-01	5.118e-02
chr16_28814099_C_T_b38	1	4.23078e-03	-2.514e-01	5.118e-02
chr16_28814632_A_G_b38	1	4.23078e-03	-2.514e-01	5.118e-02
chr16_28816177_T_C_b38	1	4.23078e-03	-2.514e-01	5.118e-02
chr16_28813779_T_C_b38	1	4.23078e-03	-2.514e-01	5.118e-02
chr16_28814456_C_T_b38	1	4.23078e-03	-2.514e-01	5.118e-02
chr16_28814545_T_G_b38	1	4.23078e-03	-2.514e-01	5.118e-02
chr16_28848862_G_A_b38	1	3.12128e-03	-2.373e-01	5.120e-02
chr16_28848916_C_G_b38	1	3.12128e-03	-2.373e-01	5.120e-02
chr16_28833930_G_A_b38	1	2.52618e-03	-2.453e-01	5.108e-02
chr16_28828104_T_C_b38	1	2.52618e-03	-2.453e-01	5.108e-02
chr16_28832963_A_G_b38	1	2.52618e-03	-2.453e-01	5.108e-02
chr16_28837497_A_G_b38	1	2.52618e-03	-2.453e-01	5.108e-02
chr16_28835828_G_C_b38	1	2.52618e-03	-2.453e-01	5.108e-02
chr16_28833044_G_A_b38	1	2.52618e-03	-2.453e-01	5.108e-02
chr16_28831797_A_G_b38	1	2.52618e-03	-2.453e-01	5.108e-02
chr16_28831704_C_T_b38	1	2.52618e-03	-2.453e-01	5.108e-02
chr16_28835545_G_A_b38	1	2.52618e-03	-2.453e-01	5.108e-02
chr16_28835519_T_G_b38	1	2.52618e-03	-2.453e-01	5.108e-02
chr16_28828609_G_T_b38	1	2.52618e-03	-2.453e-01	5.108e-02
chr16_28828071_G_A_b38	1	1.82785e-03	-2.491e-01	5.265e-02
chr16_28837347_T_C_b38	1	1.82785e-03	-2.491e-01	5.265e-02
chr16_28831263_G_GGTTGT_b38	1	1.82477e-03	-2.491e-01	5.270e-02
chr16_28828414_C_G_b38	1	1.82477e-03	-2.491e-01	5.270e-02
chr16_28830456_C_T_b38	1	1.82477e-03	-2.491e-01	5.270e-02
chr16_28811776_A_G_b38	1	1.80506e-03	-2.619e-01	5.294e-02
chr16_28833706_TGATCAGGG_T_b38	1	1.66831e-03	-2.415e-01	5.127e-02
chr16_28811719_AT_A_b38	1	1.56574e-03	-2.512e-01	5.112e-02
chr16_29125010_G_C_b38	2	5.43896e-03	2.253e-01	5.228e-02
chr16_29137244_T_C_b38	2	2.60787e-03	2.148e-01	5.200e-02
chr16_29086235_C_CAT_b38	2	2.42359e-03	1.892e-01	5.271e-02
chr16_29126750_C_G_b38	2	1.02361e-03	2.069e-01	5.275e-02
chr16_29131612_G_A_b38	2	1.02361e-03	2.069e-01	5.275e-02
chr16_29130115_G_A_b38	2	1.02361e-03	2.069e-01	5.275e-02
