chr16_28606473_T_C_b38	1	2.78658e-02	-1.403e-01	1.771e-02
chr16_28851566_TCTC_T_b38	1	2.59276e-02	-1.251e-01	1.756e-02
chr16_28603413_T_C_b38	1	2.56014e-02	-1.395e-01	1.765e-02
chr16_28606253_C_T_b38	1	2.22668e-02	-1.401e-01	1.777e-02
chr16_28606274_A_G_b38	1	2.22668e-02	-1.401e-01	1.777e-02
chr16_28604938_T_G_b38	1	2.05839e-02	-1.395e-01	1.772e-02
chr16_28605078_G_A_b38	1	2.05839e-02	-1.395e-01	1.772e-02
chr16_28844406_A_G_b38	1	2.04352e-02	-1.244e-01	1.775e-02
chr16_28844201_G_C_b38	1	2.04352e-02	-1.244e-01	1.775e-02
chr16_28848481_A_G_b38	1	1.85285e-02	-1.244e-01	1.775e-02
chr16_28855740_T_C_b38	1	1.51339e-02	-1.260e-01	1.770e-02
chr16_28839050_T_G_b38	1	1.36532e-02	-1.305e-01	1.831e-02
chr16_28606474_G_A_b38	1	1.28425e-02	-1.390e-01	1.781e-02
chr16_28606492_A_G_b38	1	1.28425e-02	-1.390e-01	1.781e-02
chr16_28850560_C_T_b38	1	1.25186e-02	-1.244e-01	1.775e-02
chr16_28850413_A_C_b38	1	1.25186e-02	-1.244e-01	1.775e-02
chr16_28842675_A_C_b38	1	1.22914e-02	-1.244e-01	1.775e-02
chr16_28843448_A_G_b38	1	1.22914e-02	-1.244e-01	1.775e-02
chr16_28608590_T_C_b38	1	1.17761e-02	-1.395e-01	1.790e-02
chr16_28848916_C_G_b38	1	1.07166e-02	-1.230e-01	1.777e-02
chr16_28848862_G_A_b38	1	1.07166e-02	-1.230e-01	1.777e-02
chr16_28605987_A_G_b38	1	9.98308e-03	-1.390e-01	1.789e-02
chr16_28605402_C_T_b38	1	9.52414e-03	-1.382e-01	1.781e-02
chr16_28605736_G_A_b38	1	9.52414e-03	-1.382e-01	1.781e-02
chr16_28605344_C_A_b38	1	9.52414e-03	-1.382e-01	1.781e-02
chr16_28606750_C_G_b38	1	9.31602e-03	-1.385e-01	1.785e-02
chr16_28606916_T_C_b38	1	9.31602e-03	-1.385e-01	1.785e-02
chr16_28606690_G_A_b38	1	9.31602e-03	-1.385e-01	1.785e-02
chr16_28606613_T_C_b38	1	9.31602e-03	-1.385e-01	1.785e-02
chr16_28606609_T_TG_b38	1	9.31602e-03	-1.385e-01	1.785e-02
chr16_28606716_T_G_b38	1	9.31602e-03	-1.385e-01	1.785e-02
chr16_28606653_T_G_b38	1	9.31602e-03	-1.385e-01	1.785e-02
chr16_28606650_T_C_b38	1	9.31602e-03	-1.385e-01	1.785e-02
chr16_28607315_A_G_b38	1	9.31602e-03	-1.385e-01	1.785e-02
chr16_28606747_G_A_b38	1	9.31602e-03	-1.385e-01	1.785e-02
chr16_28606569_A_G_b38	1	9.31602e-03	-1.385e-01	1.785e-02
chr16_28606564_G_A_b38	1	9.31602e-03	-1.385e-01	1.785e-02
chr16_28607125_T_C_b38	1	9.31602e-03	-1.385e-01	1.785e-02
chr16_28606726_A_T_b38	1	9.31602e-03	-1.385e-01	1.785e-02
chr16_28606744_A_T_b38	1	9.31602e-03	-1.385e-01	1.785e-02
chr16_28606567_C_T_b38	1	9.31602e-03	-1.385e-01	1.785e-02
chr16_28606697_C_T_b38	1	9.31602e-03	-1.385e-01	1.785e-02
chr16_28606672_C_A_b38	1	8.03048e-03	-1.380e-01	1.784e-02
chr16_28857641_C_G_b38	1	7.84812e-03	-1.264e-01	1.770e-02
chr16_28853352_T_C_b38	1	7.68448e-03	-1.244e-01	1.775e-02
chr16_28856483_C_T_b38	1	7.68448e-03	-1.244e-01	1.775e-02
chr16_28853721_T_C_b38	1	7.68448e-03	-1.244e-01	1.775e-02
chr16_28854571_C_T_b38	1	7.68448e-03	-1.244e-01	1.775e-02
chr16_28837347_T_C_b38	1	7.59609e-03	-1.291e-01	1.837e-02
chr16_28597617_C_G_b38	1	7.22756e-03	-1.386e-01	1.795e-02
chr16_28607811_T_C_b38	1	7.15413e-03	-1.378e-01	1.785e-02
chr16_28607755_T_C_b38	1	7.15413e-03	-1.378e-01	1.785e-02
chr16_28837497_A_G_b38	1	6.77575e-03	-1.244e-01	1.775e-02
chr16_28608599_A_G_b38	1	6.15491e-03	-1.375e-01	1.787e-02
chr16_28598008_A_T_b38	1	6.13218e-03	-1.402e-01	1.822e-02
chr16_28912197_GA_G_b38	1	6.11544e-03	1.401e-01	1.888e-02
chr16_28912200_C_T_b38	1	6.11544e-03	1.401e-01	1.888e-02
chr16_28854595_G_A_b38	1	6.01069e-03	-1.281e-01	1.837e-02
chr16_28914657_T_C_b38	1	5.97683e-03	1.407e-01	1.897e-02
chr16_28840056_C_CCT_b38	1	5.91394e-03	-1.240e-01	1.774e-02
chr16_28846324_A_G_b38	1	5.59788e-03	-1.150e-01	1.773e-02
chr16_28597020_T_C_b38	1	5.47316e-03	-1.396e-01	1.818e-02
chr16_28911422_A_G_b38	1	5.35361e-03	1.412e-01	1.907e-02
chr16_28829060_A_G_b38	1	5.29350e-03	-1.296e-01	1.832e-02
chr16_28596909_G_A_b38	1	5.14397e-03	-1.364e-01	1.779e-02
chr16_28607859_C_T_b38	1	4.99197e-03	-1.368e-01	1.785e-02
chr16_28607858_A_G_b38	1	4.99197e-03	-1.368e-01	1.785e-02
chr16_28862077_G_A_b38	1	4.77754e-03	-1.252e-01	1.773e-02
chr16_28868163_A_G_b38	1	4.74786e-03	-1.250e-01	1.771e-02
chr16_28821978_C_A_b38	1	4.70479e-03	-1.249e-01	1.770e-02
chr16_28821776_A_G_b38	1	4.70479e-03	-1.249e-01	1.770e-02
chr16_28824884_T_C_b38	1	4.70479e-03	-1.249e-01	1.770e-02
chr16_28831263_G_GGTTGT_b38	1	4.27121e-03	-1.285e-01	1.824e-02
chr16_28597425_A_C_b38	1	4.22182e-03	-1.388e-01	1.816e-02
chr16_28550661_T_C_b38	1	4.21358e-03	-1.362e-01	1.721e-02
chr16_28910488_T_C_b38	1	4.15356e-03	1.416e-01	1.922e-02
chr16_28554346_C_G_b38	1	4.06787e-03	-1.368e-01	1.730e-02
chr16_28554837_G_T_b38	1	4.06787e-03	-1.368e-01	1.730e-02
chr16_28826585_A_G_b38	1	4.05018e-03	-1.242e-01	1.766e-02
chr16_28825882_T_G_b38	1	4.00037e-03	-1.293e-01	1.838e-02
chr16_28828071_G_A_b38	1	3.94892e-03	-1.291e-01	1.837e-02
chr16_28832963_A_G_b38	1	3.52095e-03	-1.244e-01	1.775e-02
chr16_28835828_G_C_b38	1	3.52095e-03	-1.244e-01	1.775e-02
chr16_28833930_G_A_b38	1	3.52095e-03	-1.244e-01	1.775e-02
chr16_28833706_TGATCAGGG_T_b38	1	3.52095e-03	-1.244e-01	1.775e-02
chr16_28831704_C_T_b38	1	3.52095e-03	-1.244e-01	1.775e-02
chr16_28835519_T_G_b38	1	3.52095e-03	-1.244e-01	1.775e-02
chr16_28828609_G_T_b38	1	3.52095e-03	-1.244e-01	1.775e-02
chr16_28833044_G_A_b38	1	3.52095e-03	-1.244e-01	1.775e-02
chr16_28828104_T_C_b38	1	3.52095e-03	-1.244e-01	1.775e-02
chr16_28835545_G_A_b38	1	3.52095e-03	-1.244e-01	1.775e-02
chr16_28831797_A_G_b38	1	3.52095e-03	-1.244e-01	1.775e-02
chr16_28869881_A_C_b38	1	3.48320e-03	-1.244e-01	1.775e-02
chr16_28871103_T_C_b38	1	3.48320e-03	-1.244e-01	1.775e-02
chr16_28860668_A_G_b38	1	3.48320e-03	-1.244e-01	1.775e-02
chr16_28864161_A_G_b38	1	3.48320e-03	-1.244e-01	1.775e-02
chr16_28861277_T_C_b38	1	3.48320e-03	-1.244e-01	1.775e-02
chr16_28859275_A_G_b38	1	3.48320e-03	-1.244e-01	1.775e-02
chr16_28860539_A_G_b38	1	3.48320e-03	-1.244e-01	1.775e-02
chr16_28863801_T_G_b38	1	3.48320e-03	-1.244e-01	1.775e-02
chr16_28863883_A_T_b38	1	3.48320e-03	-1.244e-01	1.775e-02
chr16_28860532_C_T_b38	1	3.48320e-03	-1.244e-01	1.775e-02
chr16_28602644_A_G_b38	1	3.14439e-03	-1.356e-01	1.786e-02
chr16_28859641_G_A_b38	1	3.04469e-03	-1.281e-01	1.833e-02
chr16_28828414_C_G_b38	1	2.75397e-03	-1.281e-01	1.837e-02
chr16_28830456_C_T_b38	1	2.75397e-03	-1.281e-01	1.837e-02
chr16_28860336_C_A_b38	1	2.72445e-03	-1.281e-01	1.837e-02
chr16_28861033_G_C_b38	1	2.72445e-03	-1.281e-01	1.837e-02
chr16_28910828_C_T_b38	1	2.70432e-03	1.347e-01	1.847e-02
chr16_28863226_C_G_b38	1	2.50479e-03	-1.236e-01	1.776e-02
chr16_28886131_G_A_b38	1	2.37212e-03	-1.300e-01	1.831e-02
chr16_28883809_A_G_b38	1	2.35217e-03	-1.258e-01	1.773e-02
chr16_28814545_T_G_b38	1	2.18853e-03	-1.247e-01	1.760e-02
chr16_28817513_A_C_b38	1	2.18853e-03	-1.247e-01	1.760e-02
chr16_28811719_AT_A_b38	1	2.18853e-03	-1.247e-01	1.760e-02
chr16_28813779_T_C_b38	1	2.18853e-03	-1.247e-01	1.760e-02
chr16_28814632_A_G_b38	1	2.18853e-03	-1.247e-01	1.760e-02
chr16_28814099_C_T_b38	1	2.18853e-03	-1.247e-01	1.760e-02
chr16_28816177_T_C_b38	1	2.18853e-03	-1.247e-01	1.760e-02
chr16_28814284_G_A_b38	1	2.18853e-03	-1.247e-01	1.760e-02
chr16_28814456_C_T_b38	1	2.18853e-03	-1.247e-01	1.760e-02
chr16_28894763_G_C_b38	1	2.02704e-03	1.293e-01	1.827e-02
chr16_28811776_A_G_b38	1	2.01718e-03	-1.296e-01	1.831e-02
chr16_28813364_T_C_b38	1	2.01718e-03	-1.296e-01	1.831e-02
chr16_28824359_T_TG_b38	1	1.94383e-03	-1.268e-01	1.834e-02
chr16_28550935_A_G_b38	1	1.85730e-03	-1.406e-01	1.803e-02
chr16_28820038_T_C_b38	1	1.79290e-03	-1.249e-01	1.770e-02
chr16_28821061_C_T_b38	1	1.79290e-03	-1.249e-01	1.770e-02
chr16_28544385_T_A_b38	1	1.77932e-03	-1.354e-01	1.739e-02
chr16_28884694_C_T_b38	1	1.69099e-03	-1.291e-01	1.832e-02
chr16_28882403_ACT_A_b38	1	1.52165e-03	-1.291e-01	1.837e-02
chr16_28878376_C_CT_b38	1	1.52165e-03	-1.291e-01	1.837e-02
chr16_28872520_C_T_b38	1	1.52165e-03	-1.291e-01	1.837e-02
chr16_28874338_C_T_b38	1	1.52165e-03	-1.291e-01	1.837e-02
chr16_28882250_T_C_b38	1	1.52165e-03	-1.291e-01	1.837e-02
chr16_28520867_T_G_b38	1	1.48051e-03	-1.350e-01	1.740e-02
chr16_28814986_A_G_b38	1	1.40156e-03	-1.286e-01	1.832e-02
chr16_28857374_G_A_b38	1	1.36067e-03	-1.207e-01	1.761e-02
chr16_28882088_T_C_b38	1	1.35744e-03	-1.244e-01	1.775e-02
chr16_28874610_T_C_b38	1	1.35744e-03	-1.244e-01	1.775e-02
chr16_28878165_C_A_b38	1	1.35744e-03	-1.244e-01	1.775e-02
chr16_28880144_C_T_b38	1	1.35744e-03	-1.244e-01	1.775e-02
chr16_28878810_C_A_b38	1	1.35744e-03	-1.244e-01	1.775e-02
chr16_28878386_CA_C_b38	1	1.35744e-03	-1.244e-01	1.775e-02
chr16_28882211_A_G_b38	1	1.35744e-03	-1.244e-01	1.775e-02
chr16_28871920_A_G_b38	1	1.35744e-03	-1.244e-01	1.775e-02
chr16_28548660_G_A_b38	1	1.24486e-03	-1.404e-01	1.816e-02
chr16_28544079_A_G_b38	1	1.24486e-03	-1.404e-01	1.816e-02
chr16_28539346_C_T_b38	1	1.24486e-03	-1.404e-01	1.816e-02
chr16_28548252_C_T_b38	1	1.24486e-03	-1.404e-01	1.816e-02
chr16_28546760_C_T_b38	1	1.24486e-03	-1.404e-01	1.816e-02
chr16_28540550_A_AAGTGAAGACAGGATACTTG_b38	1	1.24486e-03	-1.404e-01	1.816e-02
chr16_28527319_A_G_b38	1	1.11768e-03	-1.380e-01	1.788e-02
chr16_28933075_C_G_b38	1	9.99224e-04	1.355e-01	1.899e-02
chr16_28887472_T_C_b38	1	9.03365e-04	-1.257e-01	1.811e-02
chr16_28528527_C_T_b38	1	8.82704e-04	-1.352e-01	1.760e-02
chr16_28525152_C_T_b38	1	8.82704e-04	-1.352e-01	1.760e-02
chr16_28527972_A_G_b38	1	8.82704e-04	-1.352e-01	1.760e-02
chr16_28525441_T_C_b38	1	8.82704e-04	-1.352e-01	1.760e-02
chr16_28530073_T_C_b38	1	8.82704e-04	-1.352e-01	1.760e-02
chr16_28522717_C_T_b38	1	8.82704e-04	-1.352e-01	1.760e-02
chr16_28521750_C_T_b38	1	8.82704e-04	-1.352e-01	1.760e-02
chr16_28532060_G_A_b38	1	8.76062e-04	-1.349e-01	1.757e-02
chr16_28576728_A_C_b38	1	8.57736e-04	-1.396e-01	1.818e-02
chr16_28559382_TTTG_T_b38	1	8.57736e-04	-1.396e-01	1.818e-02
chr16_28591847_T_A_b38	1	8.57736e-04	-1.396e-01	1.818e-02
chr16_28578134_G_A_b38	1	8.57736e-04	-1.396e-01	1.818e-02
chr16_28577074_A_C_b38	1	8.57736e-04	-1.396e-01	1.818e-02
chr16_28592334_T_G_b38	1	8.57736e-04	-1.396e-01	1.818e-02
chr16_28576276_G_T_b38	1	8.57736e-04	-1.396e-01	1.818e-02
chr16_28582379_T_TG_b38	1	8.57736e-04	-1.396e-01	1.818e-02
chr16_28574806_T_C_b38	1	8.57736e-04	-1.396e-01	1.818e-02
chr16_28588770_C_T_b38	1	8.57736e-04	-1.396e-01	1.818e-02
chr16_28582276_G_A_b38	1	8.57736e-04	-1.396e-01	1.818e-02
chr16_28569508_C_T_b38	1	8.57736e-04	-1.396e-01	1.818e-02
chr16_28583228_A_G_b38	1	8.06133e-04	-1.364e-01	1.779e-02
chr16_28588090_A_G_b38	1	8.06133e-04	-1.364e-01	1.779e-02
chr16_28572544_C_T_b38	1	8.06133e-04	-1.364e-01	1.779e-02
chr16_28584379_A_G_b38	1	8.06133e-04	-1.364e-01	1.779e-02
chr16_28584489_C_G_b38	1	8.06133e-04	-1.364e-01	1.779e-02
chr16_28579541_C_T_b38	1	8.06133e-04	-1.364e-01	1.779e-02
chr16_28578709_G_A_b38	1	8.06133e-04	-1.364e-01	1.779e-02
chr16_28582026_T_C_b38	1	8.06133e-04	-1.364e-01	1.779e-02
chr16_28572289_C_T_b38	1	8.06133e-04	-1.364e-01	1.779e-02
chr16_28594839_G_T_b38	1	8.06133e-04	-1.364e-01	1.779e-02
chr16_28577122_C_T_b38	1	8.06133e-04	-1.364e-01	1.779e-02
chr16_28572041_A_G_b38	1	8.06133e-04	-1.364e-01	1.779e-02
chr16_28588880_G_GT_b38	1	8.06133e-04	-1.364e-01	1.779e-02
chr16_28595749_A_G_b38	1	8.06133e-04	-1.364e-01	1.779e-02
chr16_28576068_T_C_b38	1	8.06133e-04	-1.364e-01	1.779e-02
chr16_28571620_C_A_b38	1	8.06133e-04	-1.364e-01	1.779e-02
chr16_28594594_T_A_b38	1	7.84873e-04	-1.366e-01	1.783e-02
chr16_28544826_T_C_b38	1	7.65647e-04	-1.428e-01	1.864e-02
chr16_28542787_G_A_b38	1	7.65647e-04	-1.428e-01	1.864e-02
chr16_28902466_T_C_b38	1	7.34801e-04	1.291e-01	1.823e-02
chr16_28899803_TA_T_b38	1	6.99704e-04	1.293e-01	1.827e-02
chr16_28554632_A_G_b38	1	6.60109e-04	-1.388e-01	1.816e-02
chr16_28554168_G_A_b38	1	6.47860e-04	-1.437e-01	1.881e-02
chr16_28806716_C_T_b38	1	6.26249e-04	-1.184e-01	1.720e-02
chr16_28569364_A_G_b38	1	6.19792e-04	-1.442e-01	1.890e-02
chr16_28558443_G_C_b38	1	6.19792e-04	-1.442e-01	1.890e-02
chr16_28579668_C_T_b38	1	6.19792e-04	-1.442e-01	1.890e-02
chr16_28569717_G_C_b38	1	6.19792e-04	-1.442e-01	1.890e-02
chr16_28558684_C_T_b38	1	6.05429e-04	-1.390e-01	1.823e-02
chr16_28574315_C_T_b38	1	6.01904e-04	-1.360e-01	1.783e-02
chr16_28592021_A_G_b38	1	5.80189e-04	-1.421e-01	1.864e-02
chr16_28534128_A_G_b38	1	5.34190e-04	-1.330e-01	1.749e-02
chr16_28519966_A_G_b38	1	5.18842e-04	-1.414e-01	1.859e-02
chr16_28550464_T_A_b38	1	5.13531e-04	-1.367e-01	1.798e-02
chr16_28524513_G_A_b38	1	4.30540e-04	-1.349e-01	1.781e-02
chr16_28904206_G_A_b38	1	4.06856e-04	1.332e-01	1.905e-02
chr16_28908262_A_ATT_b38	1	4.06856e-04	1.332e-01	1.905e-02
chr16_28908020_A_G_b38	1	4.06856e-04	1.332e-01	1.905e-02
chr16_28518628_T_C_b38	1	3.76085e-04	-1.319e-01	1.747e-02
chr16_28592014_T_C_b38	1	3.56326e-04	-1.410e-01	1.868e-02
chr16_28941317_T_C_b38	1	3.27030e-04	1.324e-01	1.903e-02
chr16_28944381_AGCCCAGCT_A_b38	1	3.01439e-04	1.325e-01	1.908e-02
chr16_28906323_T_C_b38	1	2.94206e-04	1.270e-01	1.831e-02
chr16_28848433_G_A_b38	2	2.40879e-03	2.546e-02	5.843e-02
chr16_28854672_A_G_b38	2	9.30544e-04	3.140e-02	6.524e-02
chr16_28861314_G_A_b38	2	3.62691e-04	6.751e-02	7.581e-02
chr16_28891926_C_G_b38	2	7.32047e-05	1.283e-01	4.980e-02
chr16_28879911_C_CG_b38	2	6.14259e-05	0.000e+00	0.000e+00
chr16_28897288_G_A_b38	2	3.08958e-06	0.000e+00	0.000e+00
chr16_28898456_GC_G_b38	2	3.08958e-06	0.000e+00	0.000e+00
