chr1_151786628_C_T_b38	1	2.33732e-01	-4.166e-01	5.782e-02
chr1_151786747_T_A_b38	1	1.75775e-01	-4.160e-01	5.870e-02
chr1_151788316_A_G_b38	1	9.06133e-02	-4.153e-01	6.004e-02
chr1_151787655_T_C_b38	1	9.06133e-02	-4.153e-01	6.004e-02
chr1_151808252_A_T_b38	1	7.93248e-02	4.634e-01	6.395e-02
chr1_151808210_T_A_b38	1	7.93248e-02	4.634e-01	6.395e-02
chr1_151769857_G_A_b38	1	4.98034e-02	3.727e-01	5.964e-02
chr1_151765927_G_A_b38	1	4.14007e-02	4.073e-01	6.102e-02
chr1_151794112_A_G_b38	1	3.82368e-02	-4.053e-01	5.997e-02
chr1_151785322_C_T_b38	1	1.89383e-02	-4.011e-01	6.025e-02
chr1_151764873_T_A_b38	1	9.66952e-03	-3.665e-01	5.895e-02
chr1_151791573_A_G_b38	1	9.07250e-03	-3.759e-01	5.740e-02
chr1_151770799_T_G_b38	1	8.44418e-03	3.781e-01	6.058e-02
chr1_151771692_T_C_b38	1	8.06570e-03	3.727e-01	5.964e-02
chr1_151773726_T_A_b38	1	5.61787e-03	3.769e-01	6.007e-02
chr1_151773603_A_T_b38	1	5.61787e-03	3.769e-01	6.007e-02
chr1_151773069_GTCTC_G_b38	1	5.61787e-03	3.769e-01	6.007e-02
chr1_151794014_C_T_b38	1	4.85782e-03	-3.708e-01	5.950e-02
chr1_151794375_T_A_b38	1	4.85782e-03	-3.708e-01	5.950e-02
chr1_151790770_G_A_b38	1	4.85782e-03	-3.708e-01	5.950e-02
chr1_151793339_C_G_b38	1	4.85782e-03	-3.708e-01	5.950e-02
chr1_151797274_T_C_b38	1	4.33584e-03	3.930e-01	5.906e-02
chr1_151789832_C_G_b38	1	4.07522e-03	-3.741e-01	5.801e-02
chr1_151791339_C_T_b38	1	4.04520e-03	-4.262e-01	6.802e-02
chr1_151795572_A_G_b38	1	3.92547e-03	-3.783e-01	5.677e-02
chr1_151797330_G_A_b38	1	3.51798e-03	4.151e-01	6.392e-02
chr1_151797662_T_C_b38	1	2.83286e-03	-3.759e-01	5.740e-02
chr1_151782808_C_G_b38	1	2.45221e-03	3.725e-01	5.864e-02
chr1_151769908_A_G_b38	2	5.77427e-02	-2.553e-01	1.404e-01
chr1_151769306_C_CGG_b38	3	4.59925e-04	1.596e-03	8.397e-02
