chr9_136245358_G_A_b38	1	2.62263e-01	-2.333e-01	5.609e-02
chr9_136245780_C_T_b38	1	2.57676e-01	-2.350e-01	5.655e-02
chr9_136246136_GACAA_G_b38	1	2.57676e-01	-2.350e-01	5.655e-02
chr9_136248692_G_C_b38	1	2.70878e-02	-2.368e-01	5.694e-02
chr9_136249876_C_T_b38	1	2.41678e-02	-2.368e-01	5.739e-02
chr9_136243135_A_G_b38	1	1.99223e-02	2.344e-01	5.744e-02
chr9_136240100_T_TG_b38	1	1.48396e-02	2.340e-01	5.680e-02
chr9_136242628_T_C_b38	1	1.37868e-02	2.330e-01	5.869e-02
chr9_136247838_C_G_b38	1	1.17658e-02	-2.116e-01	5.622e-02
chr9_136247732_C_A_b38	1	1.17658e-02	-2.116e-01	5.622e-02
chr9_136248643_G_A_b38	1	8.82972e-03	-2.121e-01	5.567e-02
chr9_136234274_C_T_b38	1	4.40381e-03	2.259e-01	5.627e-02
chr9_136238518_G_A_b38	1	2.74038e-03	2.124e-01	5.919e-02
chr9_136240394_C_A_b38	1	2.74038e-03	2.124e-01	5.919e-02
chr9_136229894_A_C_b38	1	2.71667e-03	2.197e-01	5.682e-02
chr9_136246178_C_T_b38	2	1.23199e-02	-5.516e-02	1.657e-01
chr9_136246471_A_G_b38	2	3.66647e-03	-5.645e-02	1.652e-01
