chr12_46395760_C_T_b38	1	1.00306e-01	3.895e-01	8.500e-02
chr12_46379661_C_G_b38	1	6.28695e-02	3.455e-01	7.821e-02
chr12_46396609_T_C_b38	1	5.45625e-02	3.602e-01	8.204e-02
chr12_46396073_G_A_b38	1	5.45625e-02	3.602e-01	8.204e-02
chr12_46398217_G_T_b38	1	5.45625e-02	3.602e-01	8.204e-02
chr12_46398305_C_T_b38	1	5.45625e-02	3.602e-01	8.204e-02
chr12_46398229_G_A_b38	1	5.45625e-02	3.602e-01	8.204e-02
chr12_46398364_G_T_b38	1	5.10372e-02	3.529e-01	8.071e-02
chr12_46389870_G_A_b38	1	4.72980e-02	3.727e-01	9.131e-02
chr12_46392611_G_A_b38	1	2.96195e-02	3.727e-01	9.131e-02
chr12_46390961_T_C_b38	1	2.89402e-02	3.320e-01	8.448e-02
chr12_46398976_T_G_b38	1	2.46200e-02	3.602e-01	8.202e-02
chr12_46398999_T_TAAAGAC_b38	1	2.46200e-02	3.602e-01	8.202e-02
chr12_46397751_T_C_b38	1	1.27752e-02	3.671e-01	9.274e-02
chr12_46398381_G_A_b38	1	1.27752e-02	3.671e-01	9.274e-02
chr12_46343469_G_C_b38	1	1.00951e-02	3.721e-01	8.350e-02
chr12_46398640_G_A_b38	1	9.99894e-03	3.161e-01	8.113e-02
chr12_46397505_T_C_b38	1	9.79701e-03	3.366e-01	8.671e-02
chr12_46399214_G_T_b38	1	5.68203e-03	3.665e-01	9.263e-02
chr12_46410392_T_C_b38	1	5.68203e-03	3.665e-01	9.263e-02
chr12_46400719_A_G_b38	1	5.68203e-03	3.665e-01	9.263e-02
chr12_46399444_T_C_b38	1	5.68203e-03	3.665e-01	9.263e-02
chr12_46402739_A_C_b38	1	5.68203e-03	3.665e-01	9.263e-02
chr12_46393156_CT_C_b38	1	5.31405e-03	2.934e-01	8.283e-02
chr12_46435135_G_A_b38	1	4.81666e-03	3.320e-01	7.839e-02
chr12_46411982_A_G_b38	1	4.37469e-03	3.581e-01	9.223e-02
chr12_46399234_A_G_b38	1	4.35121e-03	3.361e-01	8.661e-02
chr12_46405180_G_A_b38	1	4.35121e-03	3.361e-01	8.661e-02
chr12_46408034_T_TA_b38	1	4.35121e-03	3.361e-01	8.661e-02
chr12_46403117_G_A_b38	1	4.35121e-03	3.361e-01	8.661e-02
chr12_46400983_T_C_b38	1	4.35121e-03	3.361e-01	8.661e-02
chr12_46409555_C_T_b38	1	4.35121e-03	3.361e-01	8.661e-02
chr12_46412990_T_C_b38	1	3.41136e-03	3.285e-01	8.627e-02
chr12_46411361_C_T_b38	1	3.41136e-03	3.285e-01	8.627e-02
chr12_46411286_G_A_b38	1	3.41136e-03	3.285e-01	8.627e-02
chr12_46412478_A_T_b38	1	3.03357e-03	3.057e-01	8.106e-02
chr12_46438551_A_G_b38	1	2.06984e-03	3.595e-01	9.016e-02
chr12_46437690_AT_A_b38	1	2.06984e-03	3.595e-01	9.016e-02
chr12_46437375_A_G_b38	1	2.06984e-03	3.595e-01	9.016e-02
chr12_46436696_A_G_b38	1	2.06984e-03	3.595e-01	9.016e-02
chr12_46437346_T_C_b38	1	2.06984e-03	3.595e-01	9.016e-02
chr12_46436158_T_TA_b38	1	2.05356e-03	3.677e-01	9.221e-02
chr12_46425422_G_A_b38	1	1.48079e-03	3.564e-01	9.186e-02
chr12_46434848_A_G_b38	1	1.48079e-03	3.564e-01	9.186e-02
chr12_46432698_G_A_b38	1	1.48079e-03	3.564e-01	9.186e-02
chr12_46427255_T_C_b38	1	1.48079e-03	3.564e-01	9.186e-02
chr12_46430381_T_C_b38	1	1.48079e-03	3.564e-01	9.186e-02
chr12_46432029_T_C_b38	1	1.48079e-03	3.564e-01	9.186e-02
chr12_46424091_T_G_b38	1	1.48079e-03	3.564e-01	9.186e-02
chr12_46430283_G_A_b38	1	1.48079e-03	3.564e-01	9.186e-02
chr12_46422910_C_T_b38	1	1.48079e-03	3.564e-01	9.186e-02
chr12_46425826_A_G_b38	1	1.48079e-03	3.564e-01	9.186e-02
chr12_46433240_T_C_b38	1	1.48079e-03	3.564e-01	9.186e-02
chr12_46420041_T_A_b38	1	1.48079e-03	3.564e-01	9.186e-02
chr12_46415343_G_A_b38	1	1.48079e-03	3.564e-01	9.186e-02
chr12_46426520_T_C_b38	1	1.48079e-03	3.564e-01	9.186e-02
chr12_46432404_A_G_b38	1	1.48079e-03	3.564e-01	9.186e-02
chr12_46420074_T_A_b38	1	1.48079e-03	3.564e-01	9.186e-02
chr12_46416731_T_C_b38	1	1.48079e-03	3.564e-01	9.186e-02
chr12_46414119_G_A_b38	1	1.48079e-03	3.564e-01	9.186e-02
chr12_46426736_T_G_b38	1	1.25221e-03	3.281e-01	8.572e-02
chr12_46424739_G_A_b38	1	1.15464e-03	3.275e-01	8.604e-02
chr12_46423952_T_G_b38	1	1.15464e-03	3.275e-01	8.604e-02
chr12_46420630_G_C_b38	1	1.15464e-03	3.275e-01	8.604e-02
chr12_46432553_A_G_b38	1	1.15464e-03	3.275e-01	8.604e-02
chr12_46429177_C_T_b38	1	1.15464e-03	3.275e-01	8.604e-02
chr12_46430446_G_A_b38	1	1.15464e-03	3.275e-01	8.604e-02
chr12_46431335_A_G_b38	1	1.15464e-03	3.275e-01	8.604e-02
chr12_46414972_C_T_b38	1	1.15464e-03	3.275e-01	8.604e-02
chr12_46414321_G_A_b38	1	1.15464e-03	3.275e-01	8.604e-02
chr12_46417675_T_C_b38	1	1.15464e-03	3.275e-01	8.604e-02
chr12_46415423_G_A_b38	1	1.15464e-03	3.275e-01	8.604e-02
chr12_46423014_T_G_b38	1	1.15464e-03	3.275e-01	8.604e-02
chr12_46434565_C_A_b38	1	1.15464e-03	3.275e-01	8.604e-02
chr12_46418240_T_C_b38	1	1.15464e-03	3.275e-01	8.604e-02
chr12_46420264_A_G_b38	1	1.15464e-03	3.275e-01	8.604e-02
chr12_46422508_A_C_b38	1	1.15464e-03	3.275e-01	8.604e-02
chr12_46420462_T_A_b38	1	1.15464e-03	3.275e-01	8.604e-02
chr12_46424254_T_A_b38	1	1.15464e-03	3.275e-01	8.604e-02
chr12_46430711_GTTGT_G_b38	1	1.15464e-03	3.275e-01	8.604e-02
chr12_46417738_T_C_b38	1	1.15464e-03	3.275e-01	8.604e-02
chr12_46431294_T_TG_b38	1	1.02658e-03	3.253e-01	8.632e-02
chr12_46389178_C_G_b38	2	1.43699e-02	-7.838e-02	2.182e-01
chr12_46388021_A_G_b38	2	7.85128e-03	-1.831e-01	2.311e-01
chr12_46389749_A_C_b38	2	5.48336e-03	-1.765e-01	2.334e-01
chr12_46390087_A_G_b38	2	2.51949e-03	-1.628e-01	2.365e-01
chr12_46387020_T_A_b38	2	2.23828e-03	-1.639e-01	2.365e-01
chr12_46386470_A_G_b38	2	2.23828e-03	-1.639e-01	2.365e-01
chr12_46386882_T_C_b38	2	1.81595e-03	-5.710e-02	2.223e-01
chr12_46387851_T_G_b38	2	1.81595e-03	-5.710e-02	2.223e-01
chr12_46393355_C_T_b38	2	1.51614e-03	-1.616e-01	2.375e-01
chr12_46393779_C_T_b38	2	1.51614e-03	-1.616e-01	2.375e-01
chr12_46393836_G_T_b38	2	1.51614e-03	-1.616e-01	2.375e-01
chr12_46383351_A_T_b38	2	1.15663e-03	-1.953e-01	2.176e-01
chr12_46382421_C_G_b38	2	1.15663e-03	-1.953e-01	2.176e-01
chr12_46385224_A_G_b38	2	1.15079e-03	-1.487e-01	2.396e-01
chr12_46385098_G_T_b38	2	1.02638e-03	-5.358e-02	2.228e-01
chr12_46383063_T_TGGCGGGGCTAGGG_b38	2	9.37361e-04	-1.026e-01	2.180e-01
chr12_46380787_A_AG_b38	2	9.37361e-04	-1.026e-01	2.180e-01
chr12_46379258_C_T_b38	2	9.37361e-04	-1.026e-01	2.180e-01
chr12_46397506_G_A_b38	2	8.15518e-04	-1.322e-01	2.402e-01
chr12_46397377_C_T_b38	2	8.15518e-04	-1.322e-01	2.402e-01
chr12_46398040_A_G_b38	2	8.15518e-04	-1.322e-01	2.402e-01
chr12_46395198_A_C_b38	2	8.15518e-04	-1.322e-01	2.402e-01
chr12_46404764_C_T_b38	2	2.93294e-04	-1.267e-01	2.397e-01
chr12_46401739_A_G_b38	2	2.93294e-04	-1.267e-01	2.397e-01
chr12_46399158_A_T_b38	2	2.93294e-04	-1.267e-01	2.397e-01
chr12_46399425_G_A_b38	2	2.93294e-04	-1.267e-01	2.397e-01
chr12_46401203_CAT_C_b38	2	2.93294e-04	-1.267e-01	2.397e-01
chr12_46368982_G_A_b38	2	2.04365e-04	-2.335e-01	2.022e-01
chr12_46369277_A_G_b38	2	2.04365e-04	-2.335e-01	2.022e-01
chr12_46366505_A_G_b38	2	2.04365e-04	-2.335e-01	2.022e-01
chr12_46369258_G_A_b38	2	2.01871e-04	3.668e-02	2.070e-01
chr12_46375153_T_A_b38	2	1.67454e-04	-2.162e-01	1.570e-01
chr12_46378675_C_T_b38	2	1.67454e-04	-2.162e-01	1.570e-01
chr12_46378388_A_G_b38	2	1.67454e-04	-2.162e-01	1.570e-01
chr12_46372163_C_T_b38	2	1.67454e-04	-2.162e-01	1.570e-01
chr12_46358580_G_A_b38	2	5.13967e-05	-3.189e-01	1.436e-01
chr12_46384068_G_T_b38	3	6.73592e-04	5.782e-01	2.025e-01
chr12_46404077_T_C_b38	3	4.70627e-05	3.301e-01	1.741e-01
chr12_46462776_T_C_b38	3	2.50533e-05	4.049e-01	1.414e-01
chr12_46323328_G_A_b38	3	2.35944e-05	5.892e-01	1.974e-01
