chr3_53047596_T_C_b38	1	2.16741e-01	-3.887e-01	8.178e-02
chr3_53052712_C_G_b38	1	9.28566e-02	-3.887e-01	8.178e-02
chr3_53027361_T_C_b38	1	5.15099e-02	-3.933e-01	8.190e-02
chr3_53056222_AATG_A_b38	1	4.67605e-02	-3.887e-01	8.178e-02
chr3_53064759_A_G_b38	1	4.67605e-02	-3.887e-01	8.178e-02
chr3_53027969_T_C_b38	1	4.23311e-02	-3.887e-01	8.177e-02
chr3_53029854_A_G_b38	1	4.23311e-02	-3.887e-01	8.177e-02
chr3_53029908_G_A_b38	1	4.23311e-02	-3.887e-01	8.177e-02
chr3_53034139_T_A_b38	1	4.23311e-02	-3.887e-01	8.177e-02
chr3_53007328_G_T_b38	1	2.99266e-02	-3.960e-01	8.127e-02
chr3_53009621_C_T_b38	1	2.99266e-02	-3.960e-01	8.127e-02
chr3_53066070_C_A_b38	1	2.94202e-02	-4.074e-01	8.773e-02
chr3_53012480_G_A_b38	1	2.44099e-02	-3.913e-01	8.113e-02
chr3_53015087_G_A_b38	1	2.44099e-02	-3.913e-01	8.113e-02
chr3_53062859_T_C_b38	1	2.22994e-02	-3.675e-01	8.053e-02
chr3_53070344_G_T_b38	1	1.76278e-02	-3.624e-01	8.051e-02
chr3_53012681_C_T_b38	1	1.57613e-02	-3.781e-01	8.022e-02
chr3_53069965_G_C_b38	1	1.43937e-02	-3.464e-01	7.793e-02
chr3_53017561_G_A_b38	1	8.53485e-03	-3.676e-01	8.069e-02
chr3_53020134_A_T_b38	1	8.53485e-03	-3.676e-01	8.069e-02
chr3_53106614_A_C_b38	1	7.25654e-03	-3.835e-01	8.022e-02
chr3_53093751_T_C_b38	1	6.00274e-03	-3.624e-01	8.051e-02
chr3_53080524_C_T_b38	1	6.00274e-03	-3.624e-01	8.051e-02
chr3_53094335_G_A_b38	1	6.00274e-03	-3.624e-01	8.051e-02
chr3_53086998_G_A_b38	1	6.00274e-03	-3.624e-01	8.051e-02
chr3_53092656_TTGCCCTGGACAAGGC_T_b38	1	6.00274e-03	-3.624e-01	8.051e-02
chr3_53085313_T_C_b38	1	5.63564e-03	3.618e-01	8.066e-02
chr3_52989619_C_T_b38	1	5.57058e-03	-3.846e-01	8.174e-02
chr3_53084188_T_C_b38	1	3.85992e-03	3.548e-01	8.092e-02
chr3_52991821_C_T_b38	1	3.64021e-03	-3.713e-01	8.080e-02
chr3_52992698_A_C_b38	1	3.64021e-03	-3.713e-01	8.080e-02
chr3_53072864_T_C_b38	1	3.40180e-03	3.567e-01	8.197e-02
chr3_53085518_T_C_b38	1	3.02790e-03	3.413e-01	7.907e-02
chr3_53082214_T_C_b38	1	3.02790e-03	3.413e-01	7.907e-02
chr3_53091453_G_A_b38	1	2.90983e-03	3.376e-01	7.841e-02
chr3_52998472_A_G_b38	1	2.90486e-03	-3.203e-01	7.515e-02
chr3_53073584_T_C_b38	1	2.89241e-03	3.469e-01	8.057e-02
chr3_53096419_C_T_b38	1	2.42868e-03	-3.624e-01	8.051e-02
chr3_53096450_G_A_b38	1	2.42868e-03	-3.624e-01	8.051e-02
chr3_53097932_A_G_b38	1	2.42868e-03	-3.624e-01	8.051e-02
chr3_52975027_C_G_b38	1	2.19572e-03	-3.676e-01	8.233e-02
chr3_52955367_C_T_b38	1	2.19572e-03	-3.676e-01	8.233e-02
chr3_52972039_T_C_b38	1	2.19572e-03	-3.676e-01	8.233e-02
chr3_52949886_A_G_b38	1	2.19572e-03	-3.676e-01	8.233e-02
chr3_52971094_T_G_b38	1	2.19572e-03	-3.676e-01	8.233e-02
chr3_52967831_A_G_b38	1	2.19572e-03	-3.676e-01	8.233e-02
chr3_52977358_A_G_b38	1	2.19572e-03	-3.676e-01	8.233e-02
chr3_53046121_C_A_b38	2	1.12228e-02	6.161e-02	1.675e-01
chr3_53064359_A_G_b38	2	2.59843e-04	5.952e-02	1.664e-01
chr3_52962898_C_G_b38	2	4.44550e-05	-3.025e-01	1.886e-01
