chr6_24666977_T_TCC_b38	1	2.87660e-01	2.174e-01	3.589e-02
chr6_24689083_T_C_b38	1	1.69979e-01	2.215e-01	3.378e-02
chr6_24669244_C_G_b38	1	7.01819e-02	2.169e-01	3.548e-02
chr6_24669717_T_C_b38	1	5.60765e-02	2.170e-01	3.508e-02
chr6_24682663_T_C_b38	1	5.04116e-02	2.218e-01	3.482e-02
chr6_24661283_T_C_b38	1	2.68487e-02	2.169e-01	3.546e-02
chr6_24657254_C_G_b38	1	2.68487e-02	2.169e-01	3.546e-02
chr6_24675096_A_G_b38	1	2.51867e-02	2.169e-01	3.546e-02
chr6_24689773_G_T_b38	1	2.18949e-02	2.164e-01	3.483e-02
chr6_24688755_A_G_b38	1	1.91006e-02	2.169e-01	3.505e-02
chr6_24690799_A_G_b38	1	1.91006e-02	2.169e-01	3.505e-02
chr6_24689084_A_G_b38	1	1.91006e-02	2.169e-01	3.505e-02
chr6_24688730_A_G_b38	1	1.90994e-02	2.169e-01	3.505e-02
chr6_24684568_C_T_b38	1	1.90994e-02	2.169e-01	3.505e-02
chr6_24684591_A_T_b38	1	1.90994e-02	2.169e-01	3.505e-02
chr6_24687771_T_C_b38	1	1.90994e-02	2.169e-01	3.505e-02
chr6_24681427_T_C_b38	1	1.90994e-02	2.169e-01	3.505e-02
chr6_24687537_A_G_b38	1	1.90994e-02	2.169e-01	3.505e-02
chr6_24684549_A_ACCAGAAATACAGAGTTTC_b38	1	1.90994e-02	2.169e-01	3.505e-02
chr6_24681193_A_G_b38	1	1.27096e-02	2.168e-01	3.543e-02
chr6_24684793_A_G_b38	1	1.27096e-02	2.168e-01	3.543e-02
chr6_24653148_G_A_b38	1	1.18320e-02	2.168e-01	3.543e-02
chr6_24684717_A_ATCCAAGGTATTGTTTATCATGTAATCAATGT_b38	1	1.00745e-02	2.140e-01	3.521e-02
chr6_24673381_A_G_b38	1	6.92443e-03	2.170e-01	3.692e-02
chr6_24688621_C_T_b38	1	4.61573e-03	2.193e-01	3.696e-02
chr6_24682313_T_C_b38	1	4.60650e-03	2.202e-01	3.711e-02
chr6_24686063_C_A_b38	1	3.51632e-03	2.170e-01	3.692e-02
chr6_24667095_C_T_b38	2	1.31669e-02	-5.695e-02	4.925e-02
chr6_24665112_A_C_b38	2	4.63990e-03	-7.667e-02	4.407e-02
chr6_24665779_T_G_b38	2	4.36904e-03	-7.741e-02	4.670e-02
chr6_24669514_G_T_b38	2	3.25212e-03	-7.250e-02	4.903e-02
chr6_24657625_CTATTAA_C_b38	2	2.88331e-03	-9.218e-02	4.398e-02
chr6_24676757_G_A_b38	2	2.24485e-03	-8.685e-02	4.357e-02
chr6_24658843_A_G_b38	2	1.30698e-03	-7.792e-02	4.413e-02
chr6_24678950_C_A_b38	2	8.33392e-04	-8.963e-02	4.423e-02
chr6_24677740_G_A_b38	2	8.18921e-04	-8.837e-02	4.376e-02
chr6_24674565_C_T_b38	2	5.43440e-04	-5.731e-02	4.855e-02
chr6_24651160_G_A_b38	2	4.70394e-04	-7.965e-02	4.490e-02
chr6_24645469_G_T_b38	2	4.41365e-04	-7.846e-02	4.681e-02
chr6_24660815_C_CGTCA_b38	2	3.95564e-04	-4.150e-02	4.462e-02
chr6_24682922_G_A_b38	2	2.32882e-04	-6.146e-02	4.400e-02
chr6_24654937_C_T_b38	2	1.64064e-04	-5.070e-02	4.439e-02
chr6_24656343_A_G_b38	2	1.64064e-04	-5.070e-02	4.439e-02
chr6_24693295_C_T_b38	2	1.36014e-04	-8.020e-02	4.455e-02
chr6_24638113_A_G_b38	2	1.15853e-04	-7.562e-02	4.693e-02
chr6_24624711_T_C_b38	2	4.71218e-05	-5.949e-02	4.846e-02
chr6_24667176_GTCC_G_b38	3	3.84299e-04	-8.929e-03	7.719e-02
chr6_24674191_C_T_b38	3	2.36561e-05	0.000e+00	0.000e+00
chr6_24674702_C_A_b38	3	2.36561e-05	0.000e+00	0.000e+00
chr6_24645181_TACTA_T_b38	3	2.77696e-06	0.000e+00	0.000e+00
chr6_24699032_A_G_b38	3	5.69677e-10	0.000e+00	0.000e+00
chr6_24709600_CATAG_C_b38	3	5.69677e-10	0.000e+00	0.000e+00
chr6_24716872_C_T_b38	3	5.69677e-10	0.000e+00	0.000e+00
