chr12_117001134_T_C_b38	1	1.46908e-01	-6.213e-01	1.120e-01
chr12_117003484_A_ATTG_b38	1	1.24783e-01	6.143e-01	1.123e-01
chr12_116999067_A_G_b38	1	1.00249e-01	-6.214e-01	1.119e-01
chr12_116998721_TC_T_b38	1	7.00496e-02	-6.127e-01	1.120e-01
chr12_117005786_C_T_b38	1	6.97197e-02	6.127e-01	1.120e-01
chr12_116993044_A_G_b38	1	6.26974e-02	-6.170e-01	1.116e-01
chr12_117021054_G_A_b38	1	3.41139e-02	6.276e-01	1.123e-01
chr12_116987169_C_T_b38	1	3.14153e-02	-6.214e-01	1.119e-01
chr12_116987267_A_G_b38	1	3.14153e-02	-6.214e-01	1.119e-01
chr12_117024980_G_A_b38	1	2.92450e-02	6.063e-01	1.102e-01
chr12_116987235_G_A_b38	1	2.33073e-02	-6.143e-01	1.123e-01
chr12_116984310_C_T_b38	1	2.33073e-02	-6.143e-01	1.123e-01
chr12_117013235_CCAT_C_b38	1	2.25931e-02	6.127e-01	1.120e-01
chr12_116986701_T_A_b38	1	2.19517e-02	-6.127e-01	1.120e-01
chr12_116999646_G_A_b38	1	1.95266e-02	-5.790e-01	1.139e-01
chr12_116998380_C_CT_b38	1	1.95266e-02	-5.790e-01	1.139e-01
chr12_116997566_C_T_b38	1	1.95266e-02	-5.790e-01	1.139e-01
chr12_116971326_T_C_b38	1	1.09753e-02	-6.214e-01	1.119e-01
chr12_117030562_C_G_b38	1	9.48892e-03	6.143e-01	1.123e-01
chr12_117029567_G_A_b38	1	9.48892e-03	6.143e-01	1.123e-01
chr12_116984587_G_T_b38	1	9.01412e-03	-5.717e-01	1.107e-01
chr12_116969695_C_T_b38	1	8.14273e-03	-6.143e-01	1.123e-01
chr12_116958292_G_C_b38	1	7.66910e-03	-6.127e-01	1.120e-01
chr12_116972354_G_T_b38	1	7.66910e-03	-6.127e-01	1.120e-01
chr12_117012683_A_T_b38	1	6.01129e-03	5.737e-01	1.137e-01
chr12_116998194_G_C_b38	1	5.64930e-03	-5.567e-01	1.187e-01
chr12_116960643_T_C_b38	1	5.26126e-03	-6.029e-01	1.129e-01
chr12_116985459_G_A_b38	1	4.91740e-03	-5.816e-01	1.158e-01
chr12_116982333_C_G_b38	1	4.50932e-03	-5.703e-01	1.144e-01
chr12_116984117_G_A_b38	1	3.69136e-03	-5.672e-01	1.150e-01
chr12_117012192_G_T_b38	1	2.89190e-03	5.220e-01	1.143e-01
chr12_117012194_G_T_b38	1	2.89190e-03	5.220e-01	1.143e-01
chr12_116925652_T_A_b38	1	2.84442e-03	-6.143e-01	1.123e-01
chr12_116926026_A_G_b38	1	2.84442e-03	-6.143e-01	1.123e-01
chr12_116946604_G_C_b38	1	2.84442e-03	-6.143e-01	1.123e-01
chr12_116936703_G_A_b38	1	2.84442e-03	-6.143e-01	1.123e-01
chr12_116928533_C_A_b38	1	2.84442e-03	-6.143e-01	1.123e-01
chr12_116968196_G_C_b38	1	2.13779e-03	-5.790e-01	1.139e-01
chr12_117002415_G_A_b38	1	2.08997e-03	4.531e-01	1.400e-01
chr12_116925361_G_T_b38	1	1.97871e-03	-6.066e-01	1.115e-01
chr12_116931536_C_T_b38	1	1.97871e-03	-6.066e-01	1.115e-01
chr12_117012197_G_GCACTA_b38	1	1.62859e-03	5.052e-01	1.162e-01
chr12_117012196_G_C_b38	1	1.62859e-03	5.052e-01	1.162e-01
chr12_117012190_C_CTCATT_b38	1	1.62859e-03	5.052e-01	1.162e-01
chr12_116996407_A_T_b38	1	1.53794e-03	-5.102e-01	1.194e-01
chr12_117025965_C_T_b38	2	2.01823e-02	7.367e-01	2.641e-01
chr12_117003153_T_C_b38	2	1.13469e-02	3.003e-01	2.803e-01
chr12_116976985_C_G_b38	2	1.17144e-04	4.287e-01	3.147e-01
chr12_116971947_A_G_b38	2	4.98480e-05	3.663e-01	3.009e-01
chr12_117002828_T_C_b38	3	2.84456e-04	-9.987e-02	1.857e-01
chr12_117047946_C_T_b38	3	1.29145e-06	0.000e+00	0.000e+00
chr12_117047982_T_G_b38	3	1.11071e-06	0.000e+00	0.000e+00
