chr16_57171173_A_G_b38	1	2.07523e-01	8.352e-01	7.888e-02
chr16_57163833_G_T_b38	1	2.07523e-01	8.352e-01	7.888e-02
chr16_57138652_A_AC_b38	1	1.62251e-01	8.492e-01	7.957e-02
chr16_57186977_G_A_b38	1	8.99712e-02	8.005e-01	7.871e-02
chr16_57149512_T_C_b38	1	8.16481e-02	8.354e-01	7.884e-02
chr16_57153807_C_T_b38	1	8.16481e-02	8.354e-01	7.884e-02
chr16_57160876_C_T_b38	1	8.16481e-02	8.354e-01	7.884e-02
chr16_57189155_T_C_b38	1	3.06461e-02	8.009e-01	7.864e-02
chr16_57192564_A_C_b38	1	1.69847e-02	8.011e-01	7.862e-02
chr16_57193044_C_T_b38	1	1.40017e-02	7.929e-01	7.800e-02
chr16_57196675_A_T_b38	1	8.07252e-03	8.013e-01	7.861e-02
chr16_57210667_T_C_b38	1	8.07252e-03	8.013e-01	7.861e-02
chr16_57221451_T_C_b38	1	2.91215e-03	8.017e-01	7.848e-02
chr16_57221761_A_G_b38	1	2.91215e-03	8.017e-01	7.848e-02
chr16_57223049_C_T_b38	1	2.40463e-03	7.933e-01	7.788e-02
chr16_57185702_G_A_b38	2	7.88480e-02	1.993e-01	8.861e-02
chr16_57184414_A_C_b38	2	1.44707e-02	1.988e-01	8.847e-02
chr16_57182802_C_T_b38	2	8.44842e-03	1.987e-01	8.840e-02
chr16_57190357_C_T_b38	2	8.43051e-03	1.987e-01	8.840e-02
chr16_57176902_C_T_b38	2	4.47852e-03	1.988e-01	8.839e-02
chr16_57201551_G_C_b38	2	2.17316e-03	1.979e-01	8.812e-02
chr16_57204190_C_T_b38	2	2.15959e-03	1.977e-01	8.812e-02
chr16_57209935_C_T_b38	2	2.15959e-03	1.977e-01	8.812e-02
chr16_57205068_G_A_b38	2	2.15959e-03	1.977e-01	8.812e-02
chr16_57167517_C_T_b38	2	2.15623e-03	1.977e-01	8.812e-02
chr16_57164946_G_A_b38	2	2.15623e-03	1.977e-01	8.812e-02
chr16_57175775_C_CA_b38	2	2.15623e-03	1.977e-01	8.812e-02
chr16_57169576_G_A_b38	2	2.15623e-03	1.977e-01	8.812e-02
chr16_57207890_A_AC_b38	2	1.99361e-03	1.972e-01	8.969e-02
chr16_57203008_TAAA_T_b38	2	1.99361e-03	1.972e-01	8.969e-02
chr16_57168629_C_G_b38	2	1.99051e-03	1.972e-01	8.969e-02
chr16_57165648_A_G_b38	2	1.92783e-03	1.735e-01	7.792e-02
chr16_57158398_G_A_b38	2	5.21549e-04	1.959e-01	8.748e-02
chr16_57146660_G_C_b38	2	5.21549e-04	1.959e-01	8.748e-02
chr16_57148356_A_G_b38	2	5.21549e-04	1.959e-01	8.748e-02
chr16_57156247_C_T_b38	2	5.21549e-04	1.959e-01	8.748e-02
chr16_57160288_C_T_b38	2	5.21549e-04	1.959e-01	8.748e-02
chr16_57145764_C_T_b38	2	5.21549e-04	1.959e-01	8.748e-02
chr16_57149837_A_T_b38	2	5.21549e-04	1.959e-01	8.748e-02
chr16_57147964_T_C_b38	2	5.21549e-04	1.959e-01	8.748e-02
chr16_57159536_C_T_b38	2	5.21549e-04	1.959e-01	8.748e-02
chr16_57229963_C_T_b38	2	3.37233e-04	1.954e-01	8.753e-02
chr16_57224196_C_T_b38	2	3.37233e-04	1.954e-01	8.753e-02
chr16_57231806_A_G_b38	2	3.37233e-04	1.954e-01	8.753e-02
chr16_57233152_T_C_b38	2	3.37233e-04	1.954e-01	8.753e-02
chr16_57224161_C_T_b38	2	3.12515e-04	1.950e-01	8.911e-02
chr16_57224070_A_C_b38	2	3.12515e-04	1.950e-01	8.911e-02
chr16_57186104_A_C_b38	3	1.00702e-02	8.740e-02	3.471e-02
chr16_57186833_G_A_b38	3	8.32388e-04	7.344e-02	3.482e-02
chr16_57187953_G_T_b38	3	5.29564e-04	7.749e-02	3.474e-02
chr16_57179738_C_G_b38	3	1.23035e-04	7.774e-02	3.471e-02
chr16_57179936_C_A_b38	3	1.01597e-04	7.461e-02	3.462e-02
chr16_57199125_A_G_b38	3	8.31701e-19	0.000e+00	0.000e+00
chr16_57201732_G_A_b38	3	8.27123e-19	0.000e+00	0.000e+00
