chr2_203034356_A_G_b38	1	2.21210e-01	-5.768e-01	5.991e-02
chr2_203016111_G_A_b38	1	1.40601e-01	5.555e-01	5.998e-02
chr2_203018470_C_G_b38	1	7.97265e-02	-5.555e-01	5.998e-02
chr2_202967397_A_G_b38	1	4.25663e-02	-5.784e-01	6.080e-02
chr2_202968295_G_A_b38	1	4.25663e-02	-5.784e-01	6.080e-02
chr2_203016269_T_C_b38	1	4.03195e-02	5.400e-01	5.964e-02
chr2_203012510_C_T_b38	1	3.54839e-02	-5.400e-01	5.964e-02
chr2_202990619_C_T_b38	1	2.43892e-02	-5.553e-01	5.996e-02
chr2_203033223_A_G_b38	1	2.33171e-02	-5.553e-01	5.996e-02
chr2_203019585_A_C_b38	1	2.28754e-02	-5.400e-01	5.964e-02
chr2_203005124_C_T_b38	1	1.39168e-02	-5.400e-01	5.964e-02
chr2_203009020_G_A_b38	1	1.39168e-02	-5.400e-01	5.964e-02
chr2_203068616_A_G_b38	1	1.37689e-02	-5.784e-01	6.079e-02
chr2_202986615_CAGTT_C_b38	1	9.59087e-03	-5.552e-01	5.994e-02
chr2_202971784_G_C_b38	1	9.59087e-03	-5.552e-01	5.994e-02
chr2_203061548_A_G_b38	1	9.25418e-03	-5.552e-01	5.994e-02
chr2_203060637_G_A_b38	1	9.25418e-03	-5.552e-01	5.994e-02
chr2_203051764_T_G_b38	1	9.25418e-03	-5.552e-01	5.994e-02
chr2_202997231_T_C_b38	1	7.00887e-03	-5.399e-01	5.963e-02
chr2_202996390_T_G_b38	1	7.00887e-03	-5.399e-01	5.963e-02
chr2_203000792_T_C_b38	1	7.00887e-03	-5.399e-01	5.963e-02
chr2_203001613_T_C_b38	1	7.00887e-03	-5.399e-01	5.963e-02
chr2_202999013_C_T_b38	1	7.00887e-03	-5.399e-01	5.963e-02
chr2_203002134_A_G_b38	1	7.00887e-03	-5.399e-01	5.963e-02
chr2_202997187_G_A_b38	1	7.00887e-03	-5.399e-01	5.963e-02
chr2_203029276_C_A_b38	1	6.70077e-03	-5.399e-01	5.963e-02
chr2_203028044_T_C_b38	1	6.70077e-03	-5.399e-01	5.963e-02
chr2_203039583_G_A_b38	1	3.47062e-03	-5.479e-01	6.118e-02
chr2_203078445_A_G_b38	1	3.11316e-03	-5.552e-01	5.994e-02
chr2_203074917_A_G_b38	1	3.11316e-03	-5.552e-01	5.994e-02
chr2_203104781_G_A_b38	1	3.11316e-03	-5.552e-01	5.994e-02
chr2_203087336_C_G_b38	1	3.11316e-03	-5.552e-01	5.994e-02
chr2_203067453_A_G_b38	1	3.11316e-03	-5.552e-01	5.994e-02
chr2_203102474_A_G_b38	1	3.11316e-03	-5.552e-01	5.994e-02
chr2_202966489_T_A_b38	1	2.76982e-03	-5.399e-01	5.963e-02
chr2_202982094_A_T_b38	1	2.76982e-03	-5.399e-01	5.963e-02
chr2_202974905_T_A_b38	1	2.76982e-03	-5.399e-01	5.963e-02
chr2_202985288_C_G_b38	1	2.76982e-03	-5.399e-01	5.963e-02
chr2_202974238_T_C_b38	1	2.76982e-03	-5.399e-01	5.963e-02
chr2_202982659_G_A_b38	1	2.76982e-03	-5.399e-01	5.963e-02
chr2_202981273_T_C_b38	1	2.76982e-03	-5.399e-01	5.963e-02
chr2_202976250_G_T_b38	1	2.76982e-03	-5.399e-01	5.963e-02
chr2_202966128_A_G_b38	1	2.76982e-03	-5.399e-01	5.963e-02
chr2_202981105_A_G_b38	1	2.76982e-03	-5.399e-01	5.963e-02
chr2_202975842_C_T_b38	1	2.76982e-03	-5.399e-01	5.963e-02
chr2_202966529_A_T_b38	1	2.76982e-03	-5.399e-01	5.963e-02
chr2_202983679_G_A_b38	1	2.76982e-03	-5.399e-01	5.963e-02
chr2_202969154_A_G_b38	1	2.76982e-03	-5.399e-01	5.963e-02
chr2_202979757_C_T_b38	1	2.76982e-03	-5.399e-01	5.963e-02
chr2_202972850_G_T_b38	1	2.76982e-03	-5.399e-01	5.963e-02
chr2_202982602_C_G_b38	1	2.76982e-03	-5.399e-01	5.963e-02
chr2_202965505_T_C_b38	1	2.76982e-03	-5.399e-01	5.963e-02
chr2_202970454_A_C_b38	1	2.76982e-03	-5.399e-01	5.963e-02
chr2_202982694_A_G_b38	1	2.76982e-03	-5.399e-01	5.963e-02
chr2_202977938_C_T_b38	1	2.76982e-03	-5.399e-01	5.963e-02
chr2_203062864_T_C_b38	1	2.67259e-03	-5.399e-01	5.963e-02
chr2_202963469_G_A_b38	1	2.45467e-03	-5.552e-01	5.994e-02
chr2_202929539_T_C_b38	1	2.45467e-03	-5.552e-01	5.994e-02
chr2_202917018_G_A_b38	1	2.45467e-03	-5.552e-01	5.994e-02
chr2_202922682_A_G_b38	1	2.45467e-03	-5.552e-01	5.994e-02
chr2_202933642_TC_T_b38	1	2.45467e-03	-5.552e-01	5.994e-02
chr2_203151249_T_C_b38	1	2.44775e-03	-5.783e-01	6.078e-02
chr2_203126066_T_G_b38	1	2.44775e-03	-5.783e-01	6.078e-02
chr2_203014780_A_G_b38	2	9.70741e-03	6.870e-02	8.187e-02
chr2_203140992_T_A_b38	2	1.39244e-03	3.094e-01	8.274e-02
chr2_203013429_C_T_b38	2	1.07908e-03	7.220e-02	7.541e-02
chr2_203017975_C_A_b38	2	8.24606e-04	8.820e-02	8.010e-02
chr2_202991734_A_G_b38	2	2.08856e-04	8.983e-02	6.031e-02
chr2_203100807_A_G_b38	2	1.96478e-04	2.235e-01	8.990e-02
chr2_202996143_G_C_b38	2	1.85601e-04	9.699e-02	7.930e-02
chr2_203003634_T_A_b38	2	1.85601e-04	9.699e-02	7.930e-02
chr2_202995993_G_A_b38	2	1.85601e-04	9.699e-02	7.930e-02
chr2_203096223_C_T_b38	2	1.85340e-04	2.168e-01	8.811e-02
chr2_202916348_C_T_b38	2	1.84279e-04	2.003e-01	7.593e-02
chr2_203028233_A_G_b38	2	1.77442e-04	9.699e-02	7.930e-02
chr2_203104713_C_T_b38	2	1.70411e-04	2.080e-01	8.533e-02
chr2_203094847_C_T_b38	2	1.70411e-04	2.080e-01	8.533e-02
chr2_203088511_G_C_b38	2	1.70411e-04	2.080e-01	8.533e-02
chr2_203091416_G_A_b38	2	1.46457e-04	2.038e-01	8.624e-02
chr2_203077189_G_A_b38	2	1.38834e-04	1.980e-01	8.472e-02
chr2_203102787_G_T_b38	2	1.38834e-04	1.980e-01	8.472e-02
chr2_203113971_G_A_b38	2	1.38834e-04	1.980e-01	8.472e-02
chr2_203113981_C_T_b38	2	1.38834e-04	1.980e-01	8.472e-02
chr2_203085869_G_A_b38	2	1.38834e-04	1.980e-01	8.472e-02
chr2_202976087_A_C_b38	2	7.47452e-05	1.131e-01	8.048e-02
chr2_203048330_T_C_b38	2	6.35887e-05	1.043e-01	8.137e-02
chr2_203046491_C_T_b38	2	6.35887e-05	1.043e-01	8.137e-02
chr2_202980923_T_C_b38	2	3.68470e-05	9.700e-02	7.881e-02
chr2_202985785_G_A_b38	2	3.68470e-05	9.700e-02	7.881e-02
chr2_202985744_G_C_b38	2	3.68470e-05	9.700e-02	7.881e-02
chr2_202969678_C_G_b38	2	3.68470e-05	9.700e-02	7.881e-02
chr2_203040452_G_T_b38	2	3.55534e-05	9.700e-02	7.881e-02
chr2_203056547_A_G_b38	2	3.55534e-05	9.700e-02	7.881e-02
chr2_202967850_T_C_b38	2	3.40509e-05	9.108e-02	7.928e-02
chr2_202976028_G_A_b38	2	3.40509e-05	9.108e-02	7.928e-02
chr2_202987864_A_C_b38	2	2.97154e-05	7.895e-02	8.074e-02
chr2_203057752_A_AT_b38	2	2.74594e-05	7.282e-02	7.080e-02
chr2_202966073_A_C_b38	2	2.45337e-05	5.678e-02	8.076e-02
