chr3_157168538_T_A_b38	1	7.85664e-02	-5.287e-01	7.897e-02
chr3_157168833_C_A_b38	1	7.85664e-02	-5.287e-01	7.897e-02
chr3_157170695_T_A_b38	1	7.37105e-02	-5.853e-01	8.304e-02
chr3_157166845_A_G_b38	1	2.76978e-02	-5.381e-01	7.885e-02
chr3_157166878_C_G_b38	1	2.49252e-02	-5.329e-01	7.842e-02
chr3_157166843_AC_A_b38	1	2.49252e-02	-5.329e-01	7.842e-02
chr3_157167984_T_C_b38	1	2.49252e-02	-5.329e-01	7.842e-02
chr3_157167614_A_AC_b38	1	2.49252e-02	-5.329e-01	7.842e-02
chr3_157169997_C_G_b38	1	2.27887e-02	-5.286e-01	7.895e-02
chr3_157166098_A_T_b38	1	1.71932e-02	-5.329e-01	7.841e-02
chr3_157165890_G_A_b38	1	1.71932e-02	-5.329e-01	7.841e-02
chr3_157173313_A_C_b38	1	1.53929e-02	-5.329e-01	7.841e-02
chr3_157173256_G_A_b38	1	1.53929e-02	-5.329e-01	7.841e-02
chr3_157159487_CAA_C_b38	1	1.51566e-02	-5.414e-01	7.855e-02
chr3_157167354_A_T_b38	1	1.47148e-02	-5.286e-01	7.895e-02
chr3_157144252_C_T_b38	1	1.41780e-02	-5.313e-01	7.566e-02
chr3_157170937_G_A_b38	1	1.32572e-02	-5.286e-01	7.895e-02
chr3_157174647_C_G_b38	1	1.07044e-02	-5.328e-01	7.839e-02
chr3_157174732_C_G_b38	1	1.07044e-02	-5.328e-01	7.839e-02
chr3_157177638_T_G_b38	1	1.07044e-02	-5.328e-01	7.839e-02
chr3_157165907_G_A_b38	1	1.00624e-02	-5.285e-01	7.893e-02
chr3_157176975_T_G_b38	1	9.43679e-03	-5.330e-01	7.869e-02
chr3_157159741_G_A_b38	1	9.18258e-03	-5.328e-01	7.839e-02
chr3_157162798_A_G_b38	1	9.18258e-03	-5.328e-01	7.839e-02
chr3_157161331_T_G_b38	1	9.18258e-03	-5.328e-01	7.839e-02
chr3_157163799_C_T_b38	1	9.18258e-03	-5.328e-01	7.839e-02
chr3_157163156_A_T_b38	1	9.18258e-03	-5.328e-01	7.839e-02
chr3_157159654_C_T_b38	1	9.18258e-03	-5.328e-01	7.839e-02
chr3_157163770_A_G_b38	1	9.18258e-03	-5.328e-01	7.839e-02
chr3_157161308_A_G_b38	1	9.18258e-03	-5.328e-01	7.839e-02
chr3_157163603_T_G_b38	1	9.18258e-03	-5.328e-01	7.839e-02
chr3_157163150_T_C_b38	1	9.18258e-03	-5.328e-01	7.839e-02
chr3_157163094_C_T_b38	1	9.18258e-03	-5.328e-01	7.839e-02
chr3_157159568_T_C_b38	1	9.18258e-03	-5.328e-01	7.839e-02
chr3_157160600_C_G_b38	1	9.18258e-03	-5.328e-01	7.839e-02
chr3_157173665_C_A_b38	1	9.00841e-03	-5.285e-01	7.893e-02
chr3_157179698_GCTC_G_b38	1	7.38438e-03	-5.373e-01	7.817e-02
chr3_157167548_C_T_b38	1	6.22672e-03	-4.729e-01	7.262e-02
chr3_157143671_T_C_b38	1	5.96651e-03	-5.311e-01	7.563e-02
chr3_157163213_T_C_b38	1	5.34085e-03	-5.281e-01	7.888e-02
chr3_157162784_T_C_b38	1	5.34085e-03	-5.281e-01	7.888e-02
chr3_157187772_G_A_b38	1	5.15773e-03	-5.326e-01	7.837e-02
chr3_157187654_A_T_b38	1	5.15773e-03	-5.326e-01	7.837e-02
chr3_157180110_G_A_b38	1	5.15773e-03	-5.326e-01	7.837e-02
chr3_157187195_T_C_b38	1	5.15773e-03	-5.326e-01	7.837e-02
chr3_157188442_T_C_b38	1	5.15773e-03	-5.326e-01	7.837e-02
chr3_157181941_A_G_b38	1	5.15773e-03	-5.326e-01	7.837e-02
chr3_157183834_A_G_b38	1	5.15773e-03	-5.326e-01	7.837e-02
chr3_157158785_A_G_b38	1	4.36098e-03	-5.324e-01	7.834e-02
chr3_157146853_T_A_b38	1	4.36098e-03	-5.324e-01	7.834e-02
chr3_157150661_T_C_b38	1	4.36098e-03	-5.324e-01	7.834e-02
chr3_157145575_A_G_b38	1	4.36098e-03	-5.324e-01	7.834e-02
chr3_157152270_C_T_b38	1	4.36098e-03	-5.324e-01	7.834e-02
chr3_157154287_G_A_b38	1	4.36098e-03	-5.324e-01	7.834e-02
chr3_157159014_T_G_b38	1	4.36098e-03	-5.324e-01	7.834e-02
chr3_157348370_A_G_b38	1	4.32087e-03	-5.937e-01	7.886e-02
chr3_157351277_T_C_b38	1	4.32087e-03	-5.937e-01	7.886e-02
chr3_157348137_G_C_b38	1	4.32087e-03	-5.937e-01	7.886e-02
chr3_157353027_T_C_b38	1	4.32087e-03	-5.937e-01	7.886e-02
chr3_157350753_G_A_b38	1	4.32087e-03	-5.937e-01	7.886e-02
chr3_157349953_G_A_b38	1	4.32087e-03	-5.937e-01	7.886e-02
chr3_157347981_G_C_b38	1	3.61677e-03	-5.926e-01	7.903e-02
chr3_157352610_G_A_b38	1	3.61677e-03	-5.926e-01	7.903e-02
chr3_157354277_G_C_b38	1	3.61677e-03	-5.926e-01	7.903e-02
chr3_157354000_G_A_b38	1	3.61677e-03	-5.926e-01	7.903e-02
chr3_157352369_C_T_b38	1	3.61677e-03	-5.926e-01	7.903e-02
chr3_157338011_T_A_b38	1	3.61677e-03	-5.926e-01	7.903e-02
chr3_157339752_T_C_b38	1	3.61677e-03	-5.926e-01	7.903e-02
chr3_157338119_G_A_b38	1	3.61677e-03	-5.926e-01	7.903e-02
chr3_157342380_G_A_b38	1	3.61677e-03	-5.926e-01	7.903e-02
chr3_157356177_A_G_b38	1	3.61677e-03	-5.926e-01	7.903e-02
chr3_157341551_GGT_G_b38	1	3.61677e-03	-5.926e-01	7.903e-02
chr3_157354082_T_C_b38	1	3.61677e-03	-5.926e-01	7.903e-02
chr3_157201349_G_T_b38	1	3.45351e-03	-5.188e-01	7.470e-02
chr3_157200465_T_C_b38	1	3.45351e-03	-5.188e-01	7.470e-02
chr3_157206590_T_TTAAACAC_b38	1	3.45351e-03	-5.188e-01	7.470e-02
chr3_157209624_T_C_b38	1	3.45351e-03	-5.188e-01	7.470e-02
chr3_157198106_G_A_b38	1	3.45351e-03	-5.188e-01	7.470e-02
chr3_157206884_T_C_b38	1	3.45351e-03	-5.188e-01	7.470e-02
chr3_157181896_A_T_b38	1	3.00588e-03	-5.280e-01	7.886e-02
chr3_157190931_G_A_b38	1	3.00588e-03	-5.280e-01	7.886e-02
chr3_157188895_C_T_b38	1	3.00588e-03	-5.280e-01	7.886e-02
chr3_157185825_G_A_b38	1	3.00588e-03	-5.280e-01	7.886e-02
chr3_157184304_GC_G_b38	1	3.00588e-03	-5.280e-01	7.886e-02
chr3_157187764_T_C_b38	1	3.00588e-03	-5.280e-01	7.886e-02
chr3_157188194_G_A_b38	1	3.00588e-03	-5.280e-01	7.886e-02
chr3_157188386_T_C_b38	1	3.00588e-03	-5.280e-01	7.886e-02
chr3_157180432_C_T_b38	1	3.00588e-03	-5.280e-01	7.886e-02
chr3_157193664_T_C_b38	1	3.00588e-03	-5.280e-01	7.886e-02
chr3_157183371_G_A_b38	1	3.00588e-03	-5.280e-01	7.886e-02
chr3_157189503_TAAAC_T_b38	1	3.00588e-03	-5.280e-01	7.886e-02
chr3_157186091_C_T_b38	1	3.00588e-03	-5.280e-01	7.886e-02
chr3_157175015_T_C_b38	1	2.68436e-03	-4.727e-01	7.250e-02
chr3_157175993_G_C_b38	1	2.68436e-03	-4.727e-01	7.250e-02
chr3_157162899_A_G_b38	1	2.55284e-03	-4.708e-01	7.199e-02
chr3_157153027_A_G_b38	1	2.55226e-03	-5.278e-01	7.884e-02
chr3_157157552_G_A_b38	1	2.55226e-03	-5.278e-01	7.884e-02
chr3_157212437_C_G_b38	1	1.59673e-03	-5.086e-01	7.481e-02
chr3_157203965_G_C_b38	1	1.59496e-03	-5.321e-01	7.829e-02
chr3_157215049_C_T_b38	1	1.59496e-03	-5.321e-01	7.829e-02
chr3_157211098_G_A_b38	1	1.59496e-03	-5.321e-01	7.829e-02
chr3_157197266_GGT_G_b38	1	1.59496e-03	-5.321e-01	7.829e-02
chr3_157204312_A_G_b38	1	1.59496e-03	-5.321e-01	7.829e-02
chr3_157212792_A_G_b38	1	1.59496e-03	-5.321e-01	7.829e-02
chr3_157194312_A_T_b38	1	1.59496e-03	-5.321e-01	7.829e-02
chr3_157202529_G_C_b38	1	1.59496e-03	-5.321e-01	7.829e-02
chr3_157209712_A_G_b38	1	1.59496e-03	-5.321e-01	7.829e-02
chr3_157207516_T_G_b38	1	1.59496e-03	-5.321e-01	7.829e-02
chr3_157204200_C_G_b38	1	1.59496e-03	-5.321e-01	7.829e-02
chr3_157196499_G_A_b38	1	1.59496e-03	-5.321e-01	7.829e-02
chr3_157207004_A_G_b38	1	1.59496e-03	-5.321e-01	7.829e-02
chr3_157352865_A_G_b38	1	1.59237e-03	-5.815e-01	7.917e-02
chr3_157269014_G_A_b38	1	1.48478e-03	-5.122e-01	7.342e-02
chr3_157217593_T_G_b38	1	1.36714e-03	-5.337e-01	7.887e-02
chr3_157215951_T_G_b38	1	1.36714e-03	-5.337e-01	7.887e-02
chr3_157299885_T_C_b38	1	1.21283e-03	-5.573e-01	7.648e-02
chr3_157334818_G_C_b38	1	1.13689e-03	-5.759e-01	7.918e-02
chr3_157174673_T_C_b38	1	1.11956e-03	-4.650e-01	7.328e-02
chr3_157139178_C_T_b38	1	1.07123e-03	-5.276e-01	7.880e-02
chr3_157255891_C_G_b38	1	9.96044e-04	-5.196e-01	7.526e-02
chr3_157349542_G_GAGAA_b38	1	9.80999e-04	-5.868e-01	8.082e-02
chr3_157210562_C_G_b38	1	9.30293e-04	-5.276e-01	7.880e-02
chr3_157207049_C_T_b38	1	9.30293e-04	-5.276e-01	7.880e-02
chr3_157197031_C_T_b38	1	9.30293e-04	-5.276e-01	7.880e-02
chr3_157202410_A_AAAAC_b38	1	9.30293e-04	-5.276e-01	7.880e-02
chr3_157210997_A_G_b38	1	9.30293e-04	-5.276e-01	7.880e-02
chr3_157267207_T_G_b38	1	8.73235e-04	-5.189e-01	7.544e-02
chr3_157233089_G_A_b38	1	8.73235e-04	-5.189e-01	7.544e-02
chr3_157241474_A_G_b38	1	8.73235e-04	-5.189e-01	7.544e-02
chr3_157169617_T_C_b38	2	1.92162e-02	-3.348e-01	1.472e-01
chr3_157168181_A_G_b38	2	1.20065e-02	-2.833e-01	1.924e-01
chr3_157176917_T_C_b38	2	5.11076e-03	-3.353e-01	1.464e-01
chr3_157165486_T_C_b38	2	2.85773e-03	-2.957e-01	1.773e-01
chr3_157173107_G_A_b38	2	2.45440e-03	-2.957e-01	1.773e-01
chr3_157186286_G_T_b38	2	2.02159e-03	-3.367e-01	1.463e-01
chr3_157190280_A_G_b38	2	2.02159e-03	-3.367e-01	1.463e-01
chr3_157177234_C_G_b38	2	1.61087e-03	-2.956e-01	1.773e-01
chr3_157175974_C_T_b38	2	1.61087e-03	-2.956e-01	1.773e-01
chr3_157178940_G_A_b38	2	1.61087e-03	-2.956e-01	1.773e-01
chr3_157178863_C_T_b38	2	1.61087e-03	-2.956e-01	1.773e-01
chr3_157192980_A_G_b38	2	5.61086e-04	-2.949e-01	1.773e-01
chr3_157179650_C_T_b38	2	5.61086e-04	-2.949e-01	1.773e-01
chr3_157191612_A_C_b38	2	5.61086e-04	-2.949e-01	1.773e-01
chr3_157180955_T_C_b38	2	5.61086e-04	-2.949e-01	1.773e-01
chr3_157188270_C_T_b38	2	5.61086e-04	-2.949e-01	1.773e-01
chr3_157192742_T_C_b38	2	5.61086e-04	-2.949e-01	1.773e-01
chr3_157193002_T_C_b38	2	5.61086e-04	-2.949e-01	1.773e-01
chr3_157184000_G_A_b38	2	5.61086e-04	-2.949e-01	1.773e-01
chr3_157155184_G_A_b38	2	2.13626e-04	-1.346e-01	1.617e-01
chr3_157182859_T_C_b38	2	1.20825e-04	-1.596e-01	1.906e-01
chr3_157154589_T_C_b38	2	9.32480e-05	-1.398e-01	1.548e-01
chr3_157145157_C_T_b38	2	8.96772e-05	-1.307e-01	1.575e-01
chr3_157145109_G_C_b38	2	8.87277e-05	-1.281e-01	1.577e-01
chr3_157209189_A_G_b38	2	8.03426e-05	-2.941e-01	1.775e-01
chr3_157195400_G_A_b38	2	8.03426e-05	-2.941e-01	1.775e-01
chr3_157218370_G_A_b38	2	8.03426e-05	-2.941e-01	1.775e-01
chr3_157212466_C_T_b38	2	8.03426e-05	-2.941e-01	1.775e-01
chr3_157203240_A_C_b38	2	8.03426e-05	-2.941e-01	1.775e-01
chr3_157205608_G_A_b38	2	8.03426e-05	-2.941e-01	1.775e-01
chr3_157211097_C_T_b38	2	8.03426e-05	-2.941e-01	1.775e-01
chr3_157214342_C_T_b38	2	8.03426e-05	-2.941e-01	1.775e-01
chr3_157205561_C_T_b38	2	8.03426e-05	-2.941e-01	1.775e-01
chr3_157206671_A_G_b38	2	8.03426e-05	-2.941e-01	1.775e-01
chr3_157134893_G_A_b38	2	6.04557e-05	-2.309e-01	1.805e-01
chr3_157136009_A_G_b38	2	6.04557e-05	-2.309e-01	1.805e-01
chr3_157174977_A_G_b38	3	9.62411e-05	0.000e+00	0.000e+00
chr3_157103680_T_G_b38	3	9.50135e-12	0.000e+00	0.000e+00
