chr10_77836272_T_G_b38	1	1.08115e-01	4.216e-01	4.628e-02
chr10_77835038_A_T_b38	1	1.08115e-01	4.216e-01	4.628e-02
chr10_77839743_A_G_b38	1	1.08115e-01	4.216e-01	4.628e-02
chr10_77834996_T_TCACCAC_b38	1	1.08115e-01	4.216e-01	4.628e-02
chr10_77819493_G_A_b38	1	8.24752e-02	4.214e-01	4.684e-02
chr10_77830146_C_T_b38	1	7.69999e-02	4.221e-01	4.914e-02
chr10_77835173_C_T_b38	1	7.34360e-02	4.185e-01	4.725e-02
chr10_77817650_G_C_b38	1	2.86278e-02	4.025e-01	5.028e-02
chr10_77798373_G_C_b38	1	2.86278e-02	4.025e-01	5.028e-02
chr10_77814320_G_A_b38	1	2.86278e-02	4.025e-01	5.028e-02
chr10_77788059_CTG_C_b38	1	2.09385e-02	4.096e-01	4.893e-02
chr10_77781211_T_C_b38	1	2.09385e-02	4.096e-01	4.893e-02
chr10_77787210_G_A_b38	1	2.09385e-02	4.096e-01	4.893e-02
chr10_77780830_T_C_b38	1	2.09385e-02	4.096e-01	4.893e-02
chr10_77798422_T_C_b38	1	2.09385e-02	4.096e-01	4.893e-02
chr10_77778207_C_T_b38	1	1.84254e-02	4.124e-01	5.314e-02
chr10_77811350_C_T_b38	1	1.46442e-02	3.956e-01	5.265e-02
chr10_77820343_C_T_b38	1	1.46442e-02	3.956e-01	5.265e-02
chr10_77789289_A_G_b38	1	1.46442e-02	3.956e-01	5.265e-02
chr10_77818486_G_C_b38	1	1.32258e-02	3.923e-01	5.319e-02
chr10_77822865_C_A_b38	1	1.05964e-02	4.230e-01	4.830e-02
chr10_77776707_T_C_b38	1	6.76595e-03	3.905e-01	5.853e-02
chr10_77892637_C_T_b38	1	5.30757e-03	3.786e-01	5.971e-02
chr10_77890593_G_C_b38	1	5.06380e-03	3.624e-01	6.632e-02
chr10_77774769_T_C_b38	1	5.02116e-03	4.008e-01	5.517e-02
chr10_77772822_G_A_b38	1	4.42244e-03	4.027e-01	5.447e-02
chr10_77772173_G_A_b38	1	4.42244e-03	4.027e-01	5.447e-02
chr10_77834756_C_A_b38	1	3.76264e-03	3.861e-01	6.136e-02
chr10_77769592_A_G_b38	1	3.58131e-03	3.992e-01	5.615e-02
chr10_77769487_C_T_b38	1	3.58131e-03	3.992e-01	5.615e-02
chr10_77769457_G_A_b38	1	3.58131e-03	3.992e-01	5.615e-02
chr10_77889895_G_T_b38	1	3.19257e-03	3.620e-01	6.608e-02
chr10_77831761_A_T_b38	1	1.87097e-03	3.775e-01	6.423e-02
chr10_77783550_T_G_b38	1	1.58576e-03	3.625e-01	6.594e-02
chr10_77926075_G_A_b38	2	4.27794e-02	1.196e-01	7.315e-02
chr10_77924837_GTCTC_G_b38	2	9.14685e-03	1.369e-01	8.087e-02
chr10_77923477_C_T_b38	2	5.82161e-03	1.369e-01	8.087e-02
chr10_77921749_C_T_b38	2	5.82161e-03	1.369e-01	8.087e-02
chr10_77921724_G_C_b38	2	4.79373e-03	1.267e-01	7.753e-02
chr10_77923160_C_T_b38	2	4.79373e-03	1.267e-01	7.753e-02
chr10_77920641_G_A_b38	2	3.05142e-03	1.345e-01	8.137e-02
chr10_77920676_A_T_b38	2	2.97697e-03	1.233e-01	7.030e-02
chr10_77936112_G_A_b38	2	1.78462e-03	9.894e-02	6.847e-02
chr10_77905415_T_C_b38	2	1.49095e-03	1.336e-01	8.162e-02
chr10_77943497_G_A_b38	2	6.32579e-04	9.713e-02	6.885e-02
chr10_77941605_A_C_b38	2	6.32579e-04	9.713e-02	6.885e-02
chr10_77941721_C_T_b38	2	6.32579e-04	9.713e-02	6.885e-02
chr10_77941768_T_C_b38	2	6.32579e-04	9.713e-02	6.885e-02
chr10_77938319_T_C_b38	2	4.11921e-04	8.187e-02	6.872e-02
chr10_77933442_C_T_b38	3	2.90702e-04	-1.961e-01	8.562e-02
chr10_77924551_T_C_b38	3	1.23749e-04	0.000e+00	0.000e+00
chr10_77933087_TTGACTC_T_b38	3	1.01102e-04	0.000e+00	0.000e+00
chr10_77937981_G_A_b38	3	2.73126e-05	0.000e+00	0.000e+00
