chr5_159511911_T_A_b38	1	7.40822e-01	2.043e-01	5.262e-02
chr5_159494887_G_A_b38	1	6.64979e-02	2.148e-01	5.223e-02
chr5_159516036_T_C_b38	1	1.21373e-02	1.702e-01	5.217e-02
chr5_159515457_C_A_b38	2	3.17420e-02	-2.301e-01	8.041e-02
chr5_159508471_T_C_b38	2	1.41654e-02	-1.929e-01	7.502e-02
chr5_159506909_T_A_b38	2	1.17764e-02	-1.965e-01	7.941e-02
chr5_159488503_C_T_b38	2	6.63239e-03	-2.044e-01	7.470e-02
chr5_159490625_G_A_b38	2	6.63239e-03	-2.044e-01	7.470e-02
chr5_159489566_G_A_b38	2	6.46307e-03	-2.067e-01	7.591e-02
chr5_159491252_T_G_b38	2	6.46307e-03	-2.067e-01	7.591e-02
chr5_159491485_C_T_b38	2	5.60633e-03	-2.014e-01	7.576e-02
chr5_159489352_G_A_b38	2	5.60633e-03	-2.014e-01	7.576e-02
chr5_159491381_A_G_b38	2	4.75517e-03	-1.948e-01	7.530e-02
chr5_159474008_A_G_b38	2	1.52068e-03	-1.977e-01	7.794e-02
chr5_159475961_C_A_b38	2	1.24263e-03	-1.874e-01	7.667e-02
chr5_159485254_G_A_b38	2	1.23536e-03	-1.870e-01	7.655e-02
chr5_159507287_C_T_b38	2	1.11262e-03	-5.905e-02	6.948e-02
chr5_159477382_T_C_b38	2	8.04679e-04	-1.708e-01	7.702e-02
chr5_159505178_C_A_b38	2	6.37095e-04	-4.917e-02	7.002e-02
chr5_159519487_G_A_b38	3	8.76344e-03	-1.682e-01	5.410e-02
