chr12_56259857_T_TGAG_b38	1	5.72162e-02	-1.801e-01	4.613e-02
chr12_56260130_G_C_b38	1	5.72162e-02	-1.801e-01	4.613e-02
chr12_56259776_A_G_b38	1	5.72162e-02	-1.801e-01	4.613e-02
chr12_56259510_G_A_b38	1	5.72162e-02	-1.801e-01	4.613e-02
chr12_56253459_C_T_b38	1	3.62833e-02	-1.801e-01	4.613e-02
chr12_56254993_C_T_b38	1	3.62833e-02	-1.801e-01	4.613e-02
chr12_56262481_G_A_b38	1	3.57890e-02	-1.801e-01	4.613e-02
chr12_56267121_G_T_b38	1	2.51258e-02	-1.801e-01	4.613e-02
chr12_56264924_C_T_b38	1	2.51258e-02	-1.801e-01	4.613e-02
chr12_56264104_A_G_b38	1	2.51258e-02	-1.801e-01	4.613e-02
chr12_56302761_T_G_b38	1	2.15227e-02	-2.193e-01	4.995e-02
chr12_56241296_G_C_b38	1	2.02720e-02	-1.855e-01	4.557e-02
chr12_56250467_C_T_b38	1	1.95148e-02	-1.801e-01	4.613e-02
chr12_56249900_C_T_b38	1	1.95148e-02	-1.801e-01	4.613e-02
chr12_56263432_A_C_b38	1	1.20651e-02	-1.659e-01	4.513e-02
chr12_56265536_C_T_b38	1	1.20651e-02	-1.659e-01	4.513e-02
chr12_56246557_G_A_b38	1	1.14088e-02	-1.801e-01	4.613e-02
chr12_56233516_A_G_b38	1	1.14088e-02	-1.801e-01	4.613e-02
chr12_56244483_T_C_b38	1	1.14088e-02	-1.801e-01	4.613e-02
chr12_56236283_C_T_b38	1	1.14088e-02	-1.801e-01	4.613e-02
chr12_56233868_A_C_b38	1	1.14088e-02	-1.801e-01	4.613e-02
chr12_56236980_G_A_b38	1	1.14088e-02	-1.801e-01	4.613e-02
chr12_56244293_T_C_b38	1	1.14088e-02	-1.801e-01	4.613e-02
chr12_56243191_C_G_b38	1	1.14088e-02	-1.801e-01	4.613e-02
chr12_56274110_C_T_b38	1	1.13031e-02	-1.801e-01	4.613e-02
chr12_56283033_CT_C_b38	1	1.13031e-02	-1.801e-01	4.613e-02
chr12_56277426_C_G_b38	1	1.13031e-02	-1.801e-01	4.613e-02
chr12_56273514_T_C_b38	1	1.13031e-02	-1.801e-01	4.613e-02
chr12_56278322_T_A_b38	1	1.13031e-02	-1.801e-01	4.613e-02
chr12_56270447_C_T_b38	1	1.13031e-02	-1.801e-01	4.613e-02
chr12_56273316_A_G_b38	1	1.13031e-02	-1.801e-01	4.613e-02
chr12_56277363_G_A_b38	1	1.13031e-02	-1.801e-01	4.613e-02
chr12_56255817_A_G_b38	1	1.12758e-02	1.292e-01	3.675e-02
chr12_56254127_G_C_b38	1	1.12758e-02	1.292e-01	3.675e-02
chr12_56252429_A_C_b38	1	9.37078e-03	-1.659e-01	4.513e-02
chr12_56251102_A_G_b38	1	9.37078e-03	-1.659e-01	4.513e-02
chr12_56240855_G_C_b38	1	7.51922e-03	-1.777e-01	4.701e-02
chr12_56231909_C_A_b38	1	6.39505e-03	1.457e-01	3.654e-02
chr12_56233835_A_G_b38	1	5.47838e-03	-1.659e-01	4.513e-02
chr12_56290191_C_T_b38	1	3.96715e-03	-1.802e-01	4.613e-02
chr12_56284551_T_C_b38	1	3.96715e-03	-1.802e-01	4.613e-02
chr12_56285967_A_G_b38	1	3.96715e-03	-1.802e-01	4.613e-02
chr12_56308228_C_A_b38	1	3.96715e-03	-1.802e-01	4.613e-02
chr12_56301676_G_GT_b38	1	3.96715e-03	-1.802e-01	4.613e-02
chr12_56283477_G_A_b38	1	3.96715e-03	-1.802e-01	4.613e-02
chr12_56302272_A_G_b38	1	3.96715e-03	-1.802e-01	4.613e-02
chr12_56302170_C_T_b38	1	3.96715e-03	-1.802e-01	4.613e-02
chr12_56299736_C_A_b38	1	3.96715e-03	-1.802e-01	4.613e-02
chr12_56294453_G_A_b38	1	3.96715e-03	-1.802e-01	4.613e-02
chr12_56290873_CA_C_b38	1	3.96715e-03	-1.802e-01	4.613e-02
chr12_56286187_A_G_b38	1	3.96715e-03	-1.802e-01	4.613e-02
chr12_56296878_G_A_b38	1	3.96715e-03	-1.802e-01	4.613e-02
chr12_56293675_T_C_b38	1	3.96715e-03	-1.802e-01	4.613e-02
chr12_56293213_C_T_b38	1	3.96715e-03	-1.802e-01	4.613e-02
chr12_56284195_T_A_b38	1	3.96715e-03	-1.802e-01	4.613e-02
chr12_56307595_G_C_b38	1	3.96715e-03	-1.802e-01	4.613e-02
chr12_56305176_G_A_b38	1	3.96715e-03	-1.802e-01	4.613e-02
chr12_56304419_T_TC_b38	1	3.96715e-03	-1.802e-01	4.613e-02
chr12_56286747_T_C_b38	1	3.96715e-03	-1.802e-01	4.613e-02
chr12_56291014_C_T_b38	1	3.96715e-03	-1.802e-01	4.613e-02
chr12_56293788_G_T_b38	1	3.96715e-03	-1.802e-01	4.613e-02
chr12_56302958_T_C_b38	1	3.96715e-03	-1.802e-01	4.613e-02
chr12_56301033_A_G_b38	1	3.96715e-03	-1.802e-01	4.613e-02
chr12_56286852_A_G_b38	1	3.96715e-03	-1.802e-01	4.613e-02
chr12_56306209_A_C_b38	1	3.96715e-03	-1.802e-01	4.613e-02
chr12_56295751_G_A_b38	1	3.93738e-03	-1.800e-01	4.613e-02
chr12_56247102_C_T_b38	1	3.54553e-03	1.292e-01	3.674e-02
chr12_56297989_AC_A_b38	1	2.98860e-03	-1.826e-01	4.775e-02
chr12_56280982_G_A_b38	1	2.85134e-03	1.258e-01	3.650e-02
chr12_56234594_C_T_b38	1	2.51991e-03	1.249e-01	3.671e-02
chr12_56229563_C_T_b38	1	2.24341e-03	-1.698e-01	4.590e-02
chr12_56273820_T_C_b38	1	2.09814e-03	-1.529e-01	4.552e-02
chr12_56329935_T_C_b38	1	1.46342e-03	-1.802e-01	4.613e-02
chr12_56329802_A_G_b38	1	1.46342e-03	-1.802e-01	4.613e-02
chr12_56339747_G_A_b38	1	1.46342e-03	-1.802e-01	4.613e-02
chr12_56325666_G_A_b38	1	1.46342e-03	-1.802e-01	4.613e-02
chr12_56313138_A_C_b38	1	1.46342e-03	-1.802e-01	4.613e-02
chr12_56346229_GAGA_G_b38	1	1.46342e-03	-1.802e-01	4.613e-02
chr12_56350661_T_C_b38	1	1.46342e-03	-1.802e-01	4.613e-02
chr12_56332556_C_T_b38	1	1.46342e-03	-1.802e-01	4.613e-02
chr12_56345773_A_G_b38	1	1.46342e-03	-1.802e-01	4.613e-02
chr12_56324021_G_A_b38	1	1.46342e-03	-1.802e-01	4.613e-02
chr12_56336643_T_TA_b38	1	1.46342e-03	-1.802e-01	4.613e-02
chr12_56332565_A_G_b38	1	1.46342e-03	-1.802e-01	4.613e-02
chr12_56352004_T_C_b38	1	1.46342e-03	-1.802e-01	4.613e-02
chr12_56350638_G_A_b38	1	1.46342e-03	-1.802e-01	4.613e-02
chr12_56332197_GA_G_b38	1	1.46342e-03	-1.802e-01	4.613e-02
chr12_56312637_T_C_b38	1	1.46342e-03	-1.802e-01	4.613e-02
chr12_56342206_G_T_b38	1	1.46342e-03	-1.802e-01	4.613e-02
chr12_56346898_C_G_b38	1	1.46342e-03	-1.802e-01	4.613e-02
chr12_56321800_G_A_b38	1	1.46342e-03	-1.802e-01	4.613e-02
chr12_56346073_GCC_G_b38	1	1.46342e-03	-1.802e-01	4.613e-02
chr12_56347444_G_A_b38	1	1.46342e-03	-1.802e-01	4.613e-02
chr12_56333921_G_A_b38	1	1.46342e-03	-1.802e-01	4.613e-02
chr12_56330549_C_T_b38	1	1.46342e-03	-1.802e-01	4.613e-02
chr12_56335955_A_G_b38	1	1.46342e-03	-1.802e-01	4.613e-02
chr12_56334353_T_C_b38	1	1.46342e-03	-1.802e-01	4.613e-02
chr12_56352774_C_T_b38	1	1.46342e-03	-1.802e-01	4.613e-02
chr12_56331337_A_G_b38	1	1.46342e-03	-1.802e-01	4.613e-02
chr12_56356420_C_T_b38	1	1.46342e-03	-1.802e-01	4.613e-02
chr12_56345032_GC_G_b38	1	1.46342e-03	-1.802e-01	4.613e-02
chr12_56314792_G_A_b38	1	1.46342e-03	-1.802e-01	4.613e-02
chr12_56324638_T_C_b38	1	1.46342e-03	-1.802e-01	4.613e-02
chr12_56358370_C_T_b38	1	1.46342e-03	-1.802e-01	4.613e-02
chr12_56356953_C_T_b38	1	1.46342e-03	-1.802e-01	4.613e-02
chr12_56357088_G_C_b38	1	1.34626e-03	-1.803e-01	4.645e-02
chr12_56191464_C_T_b38	1	1.29320e-03	-2.070e-01	5.308e-02
chr12_56360038_C_A_b38	1	1.12215e-03	-1.971e-01	4.617e-02
chr12_56308088_T_C_b38	1	1.01165e-03	1.252e-01	3.628e-02
chr12_56305839_A_G_b38	1	1.00122e-03	1.255e-01	3.641e-02
chr12_56300477_C_A_b38	1	1.00076e-03	1.258e-01	3.650e-02
chr12_56303326_G_A_b38	1	1.00076e-03	1.258e-01	3.650e-02
chr12_56290712_TAGGAA_T_b38	1	1.00076e-03	1.258e-01	3.650e-02
chr12_56288587_C_T_b38	1	1.00076e-03	1.258e-01	3.650e-02
chr12_56307025_G_A_b38	1	1.00076e-03	1.258e-01	3.650e-02
chr12_56295941_G_C_b38	1	8.21162e-04	1.229e-01	3.635e-02
chr12_56353960_C_T_b38	1	7.76337e-04	-1.722e-01	4.640e-02
chr12_56086690_C_A_b38	1	6.56301e-04	-2.002e-01	4.818e-02
chr12_56145826_T_C_b38	2	1.71326e-03	1.197e-01	3.476e-02
