chr9_4740251_A_C_b38	1	9.99900e-01	2.195e-01	3.663e-02
chr9_4741308_C_G_b38	2	9.99900e-01	-5.970e-01	8.352e-02
chr9_4741883_C_T_b38	3	9.99900e-01	-3.516e-01	5.456e-02
chr9_4738036_G_A_b38	4	5.54745e-01	-1.535e-01	3.054e-02
chr9_4738451_A_C_b38	4	9.98737e-02	-1.436e-01	3.097e-02
chr9_4732757_A_C_b38	4	7.33144e-02	-1.472e-01	3.149e-02
chr9_4738221_A_C_b38	4	6.70109e-02	-1.408e-01	3.101e-02
chr9_4735079_G_A_b38	4	4.99381e-02	-1.434e-01	3.121e-02
chr9_4733525_T_C_b38	4	3.13912e-02	-1.405e-01	3.129e-02
chr9_4728523_T_C_b38	4	2.04020e-02	-1.443e-01	3.184e-02
chr9_4727113_A_C_b38	4	2.04020e-02	-1.443e-01	3.184e-02
chr9_4725013_A_G_b38	4	2.04020e-02	-1.443e-01	3.184e-02
chr9_4728345_C_T_b38	4	1.85392e-02	-1.433e-01	3.177e-02
chr9_4726759_G_A_b38	4	1.79898e-02	-1.438e-01	3.192e-02
chr9_4725589_T_G_b38	4	1.72287e-02	-1.426e-01	3.174e-02
chr9_4740456_A_C_b38	5	2.77329e-02	-1.446e-01	5.583e-02
chr9_4740356_G_A_b38	5	7.96015e-04	5.427e-03	7.497e-02
chr9_4742226_A_C_b38	6	6.39541e-04	-1.373e-01	1.011e-01
