chr5_181204497_C_G_b38	1	8.52718e-01	5.324e-01	4.680e-02
chr5_181212588_C_G_b38	1	1.46584e-01	4.963e-01	4.340e-02
chr5_181207754_C_T_b38	1	2.39020e-04	4.754e-01	4.381e-02
chr5_181207677_A_G_b38	1	1.18994e-04	4.735e-01	4.402e-02
chr5_181207407_TG_T_b38	1	1.18994e-04	4.735e-01	4.402e-02
chr5_181202753_CA_C_b38	2	6.29619e-01	-4.393e-01	8.966e-02
chr5_181206854_T_G_b38	2	1.69505e-01	-4.502e-01	1.018e-01
chr5_181206680_C_G_b38	2	1.69505e-01	-4.502e-01	1.018e-01
chr5_181200917_C_T_b38	2	1.37584e-02	-3.626e-01	9.024e-02
chr5_181221971_C_A_b38	3	1.36214e-01	3.494e-01	8.718e-02
chr5_181218396_G_A_b38	3	1.34058e-01	3.487e-01	8.732e-02
chr5_181224231_G_A_b38	3	8.25112e-02	3.425e-01	8.809e-02
chr5_181216981_G_T_b38	3	4.39835e-02	3.320e-01	9.290e-02
chr5_181218207_A_G_b38	3	4.09223e-02	3.165e-01	8.597e-02
chr5_181242931_C_T_b38	3	7.48675e-03	3.007e-01	8.694e-02
chr5_181244001_G_A_b38	3	7.48675e-03	3.007e-01	8.694e-02
chr5_181247582_C_G_b38	3	6.86213e-03	3.331e-01	9.756e-02
chr5_181243470_G_C_b38	3	6.24743e-03	3.105e-01	9.134e-02
chr5_181291831_C_G_b38	3	4.53638e-03	3.486e-01	9.597e-02
chr5_181218101_A_T_b38	3	1.53584e-03	2.085e-01	7.817e-02
chr5_181263005_C_T_b38	3	1.41741e-03	3.250e-01	9.733e-02
chr5_181245776_C_A_b38	3	1.33385e-03	2.833e-01	9.669e-02
chr5_181245835_G_A_b38	3	1.33385e-03	2.833e-01	9.669e-02
chr5_181203512_G_C_b38	4	2.83087e-02	2.694e-01	9.285e-02
chr5_181205744_TC_T_b38	5	5.70716e-04	1.064e-01	8.397e-02
chr5_181204828_G_C_b38	5	5.22246e-04	-2.094e-01	1.180e-01
chr5_181204817_T_C_b38	5	1.76782e-04	3.075e-02	5.770e-02
chr5_181206194_G_A_b38	5	7.07041e-05	5.079e-02	6.412e-02
chr5_181206954_A_G_b38	5	4.87586e-05	-1.070e-01	1.335e-01
chr5_181207160_A_G_b38	5	3.25504e-05	5.482e-02	7.353e-02
chr5_181207747_C_T_b38	5	3.25504e-05	5.482e-02	7.353e-02
chr5_181207878_ATATAT_A_b38	5	2.89366e-05	0.000e+00	0.000e+00
chr5_181208951_A_C_b38	5	2.89366e-05	0.000e+00	0.000e+00
chr5_181202606_T_G_b38	5	2.80239e-05	0.000e+00	0.000e+00
chr5_181202812_C_A_b38	5	2.74977e-05	0.000e+00	0.000e+00
chr5_181201432_A_G_b38	5	1.92978e-05	0.000e+00	0.000e+00
chr5_181198254_G_A_b38	5	1.72495e-05	0.000e+00	0.000e+00
chr5_181199550_G_T_b38	5	1.65505e-05	0.000e+00	0.000e+00
chr5_181210221_T_G_b38	5	1.64080e-05	0.000e+00	0.000e+00
chr5_181211092_G_C_b38	5	1.56829e-05	0.000e+00	0.000e+00
chr5_181200250_T_C_b38	5	8.73508e-06	0.000e+00	0.000e+00
chr5_181199927_A_G_b38	5	8.63865e-06	0.000e+00	0.000e+00
chr5_181199505_A_G_b38	5	8.63865e-06	0.000e+00	0.000e+00
chr5_181214992_A_G_b38	5	8.00570e-06	0.000e+00	0.000e+00
chr5_181186440_T_C_b38	5	7.99390e-06	0.000e+00	0.000e+00
chr5_181186456_T_C_b38	5	7.99390e-06	0.000e+00	0.000e+00
chr5_181192438_G_A_b38	5	9.49364e-09	0.000e+00	0.000e+00
chr5_181184875_C_T_b38	5	1.27625e-12	0.000e+00	0.000e+00
chr5_181184737_A_C_b38	5	3.90514e-14	0.000e+00	0.000e+00
chr5_181188933_T_C_b38	5	2.24730e-14	0.000e+00	0.000e+00
chr5_181199686_T_C_b38	5	1.36351e-14	0.000e+00	0.000e+00
chr5_181192673_G_C_b38	5	3.35451e-15	0.000e+00	0.000e+00
chr5_181193631_T_C_b38	5	3.35451e-15	0.000e+00	0.000e+00
