chr1_224439415_A_G_b38	1	1.88492e-01	-1.060e-01	2.199e-02
chr1_224438125_C_T_b38	1	9.46668e-02	-1.034e-01	2.217e-02
chr1_224428268_C_T_b38	1	5.66198e-02	-1.048e-01	2.196e-02
chr1_224436689_T_C_b38	1	5.36776e-02	8.597e-02	2.088e-02
chr1_224459867_G_A_b38	1	3.11427e-02	-1.059e-01	2.211e-02
chr1_224449368_C_T_b38	1	2.93551e-02	-1.048e-01	2.196e-02
chr1_224450088_T_C_b38	1	2.93551e-02	-1.048e-01	2.196e-02
chr1_224455152_T_C_b38	1	2.93551e-02	-1.048e-01	2.196e-02
chr1_224400232_C_T_b38	1	2.88202e-02	-1.111e-01	2.226e-02
chr1_224414068_T_C_b38	1	2.80238e-02	-1.059e-01	2.229e-02
chr1_224429194_G_A_b38	1	2.58258e-02	-1.025e-01	2.233e-02
chr1_224391223_G_A_b38	1	2.02859e-02	-1.076e-01	2.192e-02
chr1_224511398_T_C_b38	1	1.92476e-02	-1.131e-01	2.196e-02
chr1_224428651_C_G_b38	1	1.82724e-02	-9.975e-02	2.215e-02
chr1_224423205_T_C_b38	1	1.63155e-02	-1.017e-01	2.200e-02
chr1_224396465_A_G_b38	1	1.57818e-02	-1.067e-01	2.198e-02
chr1_224464080_C_T_b38	1	1.34749e-02	1.039e-01	2.156e-02
chr1_224466921_T_C_b38	1	1.30232e-02	-1.086e-01	2.255e-02
chr1_224457183_G_A_b38	1	1.21506e-02	-9.956e-02	2.181e-02
chr1_224461192_G_A_b38	1	1.16943e-02	-9.870e-02	2.167e-02
chr1_224405178_T_A_b38	1	1.11475e-02	-1.048e-01	2.196e-02
chr1_224392703_C_T_b38	1	1.11475e-02	-1.048e-01	2.196e-02
chr1_224401937_G_T_b38	1	1.05106e-02	-1.048e-01	2.201e-02
chr1_224393178_C_T_b38	1	1.02994e-02	-1.050e-01	2.207e-02
chr1_224426923_C_T_b38	1	9.64054e-03	-1.018e-01	2.263e-02
chr1_224400070_A_G_b38	1	8.36435e-03	-1.034e-01	2.198e-02
chr1_224394597_C_CT_b38	1	8.09350e-03	-1.037e-01	2.206e-02
chr1_224400189_A_G_b38	1	8.06340e-03	-1.035e-01	2.202e-02
chr1_224439084_C_T_b38	1	7.71733e-03	-8.262e-02	2.053e-02
chr1_224438409_C_G_b38	1	7.67667e-03	-8.266e-02	2.055e-02
chr1_224437373_T_C_b38	1	6.48866e-03	6.918e-02	1.969e-02
chr1_224394598_G_GAGGCA_b38	1	6.44119e-03	-1.026e-01	2.208e-02
chr1_224502151_G_A_b38	1	6.11856e-03	-1.066e-01	2.177e-02
chr1_224479400_C_T_b38	1	5.88811e-03	-1.004e-01	2.169e-02
chr1_224440806_A_T_b38	1	5.87753e-03	8.548e-02	2.092e-02
chr1_224378514_A_G_b38	1	5.35421e-03	-1.083e-01	2.233e-02
chr1_224479429_C_G_b38	1	5.11469e-03	-9.984e-02	2.174e-02
chr1_224440942_G_A_b38	1	4.66613e-03	-8.262e-02	2.053e-02
chr1_224440478_T_G_b38	1	4.66613e-03	-8.262e-02	2.053e-02
chr1_224494192_T_G_b38	1	4.50964e-03	-1.053e-01	2.180e-02
chr1_224492630_T_C_b38	1	4.48753e-03	-1.054e-01	2.183e-02
chr1_224441797_T_A_b38	1	4.39015e-03	-8.241e-02	2.056e-02
chr1_224437846_T_G_b38	1	3.72002e-03	7.107e-02	1.959e-02
chr1_224469390_C_A_b38	1	3.44969e-03	-9.755e-02	2.169e-02
chr1_224442342_C_G_b38	1	3.41317e-03	8.472e-02	2.092e-02
chr1_224376672_C_T_b38	1	3.25329e-03	-1.047e-01	2.211e-02
chr1_224378119_A_T_b38	1	3.24267e-03	-1.049e-01	2.215e-02
chr1_224373777_G_A_b38	1	3.18991e-03	-1.033e-01	2.185e-02
chr1_224452397_A_C_b38	1	3.12928e-03	-8.382e-02	1.985e-02
chr1_224442993_C_T_b38	1	3.10123e-03	-8.262e-02	2.053e-02
chr1_224414541_G_T_b38	1	2.71301e-03	-8.473e-02	2.031e-02
chr1_224497648_T_A_b38	1	2.58486e-03	-1.063e-01	2.260e-02
chr1_224432120_G_A_b38	1	2.58274e-03	-7.932e-02	2.068e-02
chr1_224445080_G_A_b38	1	2.57779e-03	-8.231e-02	2.071e-02
chr1_224367027_G_A_b38	1	2.53271e-03	-1.025e-01	2.193e-02
chr1_224368396_A_C_b38	1	2.44136e-03	-1.023e-01	2.192e-02
chr1_224384871_C_T_b38	1	2.24488e-03	-1.019e-01	2.194e-02
chr1_224444168_G_A_b38	1	2.16476e-03	-8.169e-02	2.081e-02
chr1_224388129_C_CT_b38	1	2.10008e-03	9.151e-02	2.094e-02
chr1_224451381_C_A_b38	1	2.09895e-03	8.597e-02	2.088e-02
chr1_224451875_C_T_b38	1	2.09895e-03	8.597e-02	2.088e-02
chr1_224442000_A_G_b38	1	2.03993e-03	-8.030e-02	2.118e-02
chr1_224459191_GCTTAGATCAAGT_G_b38	1	1.98551e-03	8.592e-02	2.094e-02
chr1_224437632_C_T_b38	2	5.74727e-03	-2.580e-02	5.438e-02
chr1_224467152_C_T_b38	2	8.12050e-05	-1.065e-02	5.251e-02
chr1_224357044_G_A_b38	2	1.76754e-05	-4.666e-02	5.511e-02
