chr16_2110502_T_G_b38	1	1.51990e-01	-1.942e-01	3.834e-02
chr16_2106446_G_A_b38	1	1.24850e-01	-2.003e-01	3.982e-02
chr16_2105818_A_C_b38	1	1.05335e-01	-1.939e-01	3.887e-02
chr16_2125322_G_T_b38	1	7.75296e-02	-1.905e-01	3.868e-02
chr16_2115629_T_C_b38	1	7.43379e-02	-1.880e-01	3.832e-02
chr16_2109995_G_A_b38	1	6.55539e-02	-1.903e-01	3.900e-02
chr16_2126000_A_G_b38	1	5.05036e-02	-1.869e-01	3.873e-02
chr16_2095786_A_C_b38	1	2.76217e-02	-1.976e-01	4.022e-02
chr16_2141733_A_G_b38	1	2.21353e-02	1.718e-01	3.921e-02
chr16_2125372_T_C_b38	1	1.94444e-02	-1.806e-01	3.936e-02
chr16_2094298_T_G_b38	1	1.51005e-02	-1.847e-01	3.870e-02
chr16_2149787_T_G_b38	1	1.36700e-02	1.648e-01	4.032e-02
chr16_2096281_T_C_b38	1	1.32364e-02	-1.897e-01	3.999e-02
chr16_2095279_C_T_b38	1	1.26574e-02	-1.910e-01	4.036e-02
chr16_2148167_G_C_b38	1	8.23388e-03	1.607e-01	4.073e-02
chr16_2145197_T_C_b38	1	6.90712e-03	1.635e-01	4.016e-02
chr16_2090679_T_C_b38	1	6.72565e-03	-1.851e-01	4.038e-02
chr16_2150621_A_AGTCTGGGGAGCTGTTCTCTACCCC_b38	1	6.33316e-03	1.460e-01	3.948e-02
chr16_2096527_G_T_b38	1	6.25033e-03	-1.886e-01	4.130e-02
chr16_2120297_G_A_b38	1	5.48364e-03	-1.705e-01	3.987e-02
chr16_2134543_C_G_b38	1	5.27923e-03	-1.659e-01	4.160e-02
chr16_2128424_G_C_b38	1	4.59473e-03	-1.734e-01	4.099e-02
chr16_2125523_CG_C_b38	1	4.20476e-03	-1.710e-01	4.070e-02
chr16_2090453_T_C_b38	1	3.98978e-03	-1.803e-01	4.047e-02
chr16_2146338_C_T_b38	1	3.88158e-03	1.501e-01	4.025e-02
chr16_2082730_G_A_b38	1	2.99042e-03	-1.819e-01	4.143e-02
chr16_2120527_C_T_b38	1	2.46731e-03	-1.634e-01	4.028e-02
chr16_2102387_C_G_b38	1	2.39955e-03	-1.754e-01	4.046e-02
chr16_2102386_A_G_b38	1	2.39955e-03	-1.754e-01	4.046e-02
chr16_2145555_T_C_b38	1	1.70509e-03	1.425e-01	4.105e-02
chr16_2123703_C_T_b38	1	1.65965e-03	-1.654e-01	4.194e-02
chr16_2155820_G_A_b38	2	2.89385e-02	-1.305e-01	8.950e-02
chr16_2145428_G_A_b38	3	5.56825e-04	-1.246e-01	4.586e-02
chr16_2117873_G_A_b38	3	2.30445e-05	0.000e+00	0.000e+00
