chr1_109928142_G_A_b38	1	8.92551e-01	2.414e-01	4.003e-02
chr1_109858817_G_A_b38	2	1.20739e-01	1.618e-01	3.741e-02
chr1_109927802_G_A_b38	3	9.00571e-03	-1.139e-01	3.477e-02
chr1_109931371_G_A_b38	3	3.31291e-03	-9.943e-02	3.198e-02
chr1_109927562_C_T_b38	3	3.03062e-03	-1.034e-01	3.501e-02
chr1_109912811_A_G_b38	3	1.02929e-03	-7.414e-02	3.423e-02
chr1_109950021_T_C_b38	3	8.76253e-04	-9.204e-02	3.039e-02
chr1_109933349_T_C_b38	3	8.29319e-04	-8.291e-02	3.080e-02
chr1_109947448_A_G_b38	3	7.53668e-04	-9.088e-02	3.058e-02
chr1_109948430_A_T_b38	3	4.84802e-04	-8.681e-02	3.082e-02
chr1_109945017_T_C_b38	3	3.43367e-04	-8.179e-02	2.999e-02
chr1_109946363_C_T_b38	3	3.43367e-04	-8.179e-02	2.999e-02
chr1_109945937_C_A_b38	3	3.43367e-04	-8.179e-02	2.999e-02
chr1_109946361_AG_A_b38	3	3.43367e-04	-8.179e-02	2.999e-02
chr1_109945736_A_C_b38	3	3.43367e-04	-8.179e-02	2.999e-02
chr1_109939713_G_A_b38	3	2.71125e-04	-8.021e-02	3.025e-02
chr1_109941644_T_C_b38	3	2.55871e-04	-7.794e-02	2.943e-02
chr1_109940069_C_T_b38	3	2.01210e-04	-7.564e-02	2.959e-02
chr1_109940405_G_A_b38	3	2.01210e-04	-7.564e-02	2.959e-02
chr1_109941151_G_A_b38	3	1.54925e-04	-7.195e-02	2.929e-02
chr1_109943207_G_A_b38	3	1.54925e-04	-7.195e-02	2.929e-02
chr1_109942755_A_G_b38	3	1.47505e-04	-7.099e-02	2.912e-02
chr1_109942804_C_T_b38	3	1.32666e-04	-6.948e-02	2.905e-02
chr1_109949213_C_CAAT_b38	3	1.32464e-04	-7.246e-02	3.115e-02
chr1_109943969_A_T_b38	3	9.54652e-05	-6.634e-02	2.935e-02
