chr12_6752762_G_T_b38	1	9.98758e-01	-2.769e-01	3.988e-02
chr12_6787152_T_C_b38	2	2.92521e-02	-7.732e-02	2.327e-02
chr12_6789226_A_G_b38	2	2.36881e-02	-7.603e-02	2.337e-02
chr12_6789016_G_C_b38	2	2.36881e-02	-7.603e-02	2.337e-02
chr12_6790416_T_C_b38	2	2.27375e-02	-7.505e-02	2.308e-02
chr12_6780504_A_G_b38	2	6.32433e-03	-6.630e-02	2.370e-02
chr12_6794142_G_T_b38	2	4.87433e-03	-7.047e-02	2.320e-02
chr12_6782029_G_A_b38	2	2.70041e-03	-6.221e-02	2.562e-02
chr12_6797860_C_T_b38	2	1.44343e-03	-6.365e-02	2.430e-02
chr12_6781690_C_G_b38	2	1.39004e-03	-4.945e-02	2.265e-02
chr12_6797668_C_T_b38	2	9.00863e-04	-5.818e-02	2.393e-02
chr12_6798123_C_T_b38	2	2.58783e-04	-4.275e-02	2.285e-02
chr12_6730891_C_T_b38	3	3.80496e-03	1.680e-01	4.711e-02
chr12_6751396_T_C_b38	3	2.27280e-03	1.477e-01	4.860e-02
chr12_6739726_G_A_b38	3	1.75382e-03	1.541e-01	4.649e-02
chr12_6724297_G_A_b38	3	9.58357e-04	1.521e-01	4.877e-02
chr12_6722570_A_G_b38	3	8.79171e-04	1.465e-01	4.743e-02
chr12_6741532_G_GA_b38	3	7.09787e-04	1.413e-01	4.703e-02
chr12_6732116_G_A_b38	3	5.21612e-04	1.335e-01	4.573e-02
chr12_6732598_A_G_b38	3	4.42916e-04	1.407e-01	4.958e-02
chr12_6739584_G_A_b38	3	4.42916e-04	1.407e-01	4.958e-02
chr12_6732599_T_C_b38	3	4.42916e-04	1.407e-01	4.958e-02
chr12_6700152_C_T_b38	3	1.83836e-04	1.481e-01	4.939e-02
chr12_6681911_A_G_b38	3	8.05177e-05	1.190e-01	4.456e-02
chr12_6670509_G_A_b38	3	7.30055e-05	1.190e-01	4.524e-02
chr12_6693607_G_A_b38	3	7.21508e-05	1.204e-01	4.586e-02
chr12_6694690_C_T_b38	3	6.81012e-05	1.177e-01	4.525e-02
chr12_6676066_G_A_b38	3	4.80644e-05	1.137e-01	4.640e-02
