chr2_171556757_G_C_b38	1	2.69301e-01	1.560e-01	6.527e-02
chr2_171559008_A_C_b38	1	1.90638e-01	1.471e-01	6.158e-02
chr2_171558162_G_A_b38	1	1.90554e-01	1.471e-01	6.159e-02
chr2_171556326_CT_C_b38	1	9.74500e-02	1.564e-01	8.269e-02
chr2_171556325_G_A_b38	1	9.74500e-02	1.564e-01	8.269e-02
chr2_171556106_C_A_b38	1	9.74500e-02	1.564e-01	8.269e-02
chr2_171567449_C_T_b38	1	4.35864e-02	1.934e-01	6.595e-02
chr2_171559185_A_G_b38	1	1.32157e-02	2.817e-01	8.742e-02
chr2_171555498_C_G_b38	2	1.26293e-01	-3.511e-01	4.776e-02
chr2_171557976_C_T_b38	2	1.26293e-01	-3.511e-01	4.776e-02
chr2_171556397_A_C_b38	2	1.26293e-01	-3.511e-01	4.776e-02
chr2_171558043_A_G_b38	2	1.26293e-01	-3.511e-01	4.776e-02
chr2_171558603_G_A_b38	2	1.26251e-01	-3.511e-01	4.775e-02
chr2_171558940_A_G_b38	2	1.26251e-01	-3.511e-01	4.775e-02
chr2_171552317_CA_C_b38	2	6.04933e-02	-3.536e-01	4.745e-02
chr2_171553676_A_G_b38	2	6.04933e-02	-3.536e-01	4.745e-02
chr2_171552755_G_C_b38	2	6.04933e-02	-3.536e-01	4.745e-02
chr2_171552520_T_A_b38	2	6.04933e-02	-3.536e-01	4.745e-02
chr2_171522379_C_G_b38	3	3.08770e-01	1.677e-01	6.145e-02
chr2_171522308_A_G_b38	3	3.08770e-01	1.677e-01	6.145e-02
chr2_171523176_G_A_b38	3	1.03898e-01	1.677e-01	6.081e-02
chr2_171521087_T_C_b38	3	7.06741e-02	1.573e-01	4.946e-02
chr2_171523271_G_A_b38	3	5.55361e-02	1.664e-01	5.981e-02
chr2_171523733_T_TCA_b38	3	5.30743e-02	1.651e-01	5.984e-02
chr2_171524098_G_C_b38	3	4.90454e-02	1.630e-01	5.860e-02
chr2_171523426_G_A_b38	3	4.36243e-02	1.451e-01	4.038e-02
chr2_171523880_T_C_b38	3	6.01340e-03	1.327e-01	3.844e-02
chr2_171550863_AAT_A_b38	4	8.96236e-01	2.905e-01	5.216e-02
chr2_171528511_TC_T_b38	4	2.85955e-02	1.753e-01	4.024e-02
chr2_171532751_A_G_b38	4	1.57846e-02	1.815e-01	4.113e-02
chr2_171521922_G_A_b38	5	7.34345e-02	1.229e-01	4.515e-02
chr2_171541167_G_A_b38	5	3.67387e-02	-1.528e-01	3.894e-02
chr2_171539856_A_G_b38	5	2.97670e-02	-1.488e-01	3.859e-02
chr2_171521274_T_C_b38	5	2.70879e-02	1.192e-01	4.441e-02
chr2_171520712_G_A_b38	5	2.47922e-02	1.369e-01	4.430e-02
chr2_171526929_T_G_b38	5	1.37649e-02	-1.283e-01	4.275e-02
chr2_171523636_C_T_b38	5	1.21814e-02	1.211e-01	4.438e-02
chr2_171526009_A_G_b38	5	9.33085e-03	-1.273e-01	4.481e-02
chr2_171529967_G_A_b38	5	9.26410e-03	-1.353e-01	4.255e-02
chr2_171541801_T_C_b38	5	3.17871e-03	-1.287e-01	4.193e-02
chr2_171516825_T_C_b38	5	2.71327e-03	1.092e-01	4.114e-02
chr2_171527918_G_C_b38	5	2.70724e-03	-1.027e-01	3.720e-02
chr2_171531310_A_G_b38	5	2.21616e-03	-9.957e-02	3.765e-02
chr2_171513328_C_T_b38	5	1.21768e-03	9.506e-02	4.074e-02
chr2_171532294_A_G_b38	5	8.22025e-04	-1.035e-01	3.786e-02
chr2_171522147_T_G_b38	6	2.73888e-03	9.761e-02	3.656e-02
chr2_171517490_T_G_b38	6	3.16506e-04	-9.605e-02	2.915e-02
chr2_171521535_T_A_b38	6	2.96277e-04	9.589e-02	3.655e-02
chr2_171520275_T_C_b38	6	2.66001e-74	0.000e+00	0.000e+00
chr2_171520423_G_A_b38	6	2.66001e-74	0.000e+00	0.000e+00
chr2_171520490_T_C_b38	6	2.66001e-74	0.000e+00	0.000e+00
chr2_171521069_G_A_b38	6	2.66001e-74	0.000e+00	0.000e+00
chr2_171520546_A_G_b38	6	2.66001e-74	0.000e+00	0.000e+00
chr2_171520453_A_G_b38	6	2.66001e-74	0.000e+00	0.000e+00
chr2_171520697_T_G_b38	6	2.66001e-74	0.000e+00	0.000e+00
chr2_171520733_C_T_b38	6	2.66001e-74	0.000e+00	0.000e+00
chr2_171521200_T_C_b38	6	2.66001e-74	0.000e+00	0.000e+00
chr2_171521499_G_C_b38	6	1.18389e-74	0.000e+00	0.000e+00
chr2_171521006_G_A_b38	6	4.15018e-75	0.000e+00	0.000e+00
chr2_171528253_T_G_b38	6	9.14296e-76	0.000e+00	0.000e+00
chr2_171529952_G_A_b38	6	5.68252e-76	0.000e+00	0.000e+00
chr2_171530338_A_G_b38	6	4.90712e-76	0.000e+00	0.000e+00
