chr9_15296452_T_A_b38	1	2.74173e-01	-1.568e-01	2.957e-02
chr9_15291360_G_A_b38	1	2.47665e-01	-1.567e-01	2.971e-02
chr9_15296528_C_T_b38	1	1.28271e-01	-1.536e-01	2.953e-02
chr9_15294669_G_C_b38	1	1.00704e-01	-1.505e-01	2.870e-02
chr9_15296357_A_G_b38	1	9.79829e-02	-1.506e-01	2.872e-02
chr9_15295075_G_A_b38	1	9.50861e-02	-1.499e-01	2.852e-02
chr9_15296854_A_C_b38	1	5.60176e-02	-1.475e-01	2.846e-02
chr9_15304784_C_A_b38	2	5.13230e-01	-1.963e-01	2.851e-02
chr9_15303585_G_A_b38	2	4.80454e-01	-2.004e-01	2.879e-02
chr9_15302615_A_G_b38	2	6.19369e-03	-1.792e-01	3.189e-02
chr9_15299592_T_C_b38	3	9.65494e-01	1.296e-01	2.556e-02
chr9_15298389_A_C_b38	3	1.95538e-02	1.024e-01	2.343e-02
chr9_15297400_C_T_b38	3	6.02188e-03	1.000e-01	2.377e-02
chr9_15296121_A_G_b38	3	2.78041e-03	1.001e-01	2.312e-02
chr9_15299507_C_G_b38	4	1.40346e-02	-8.177e-02	2.888e-02
chr9_15304437_A_G_b38	4	1.30097e-02	-7.475e-02	2.822e-02
chr9_15299097_T_C_b38	4	1.21505e-02	-8.110e-02	2.917e-02
chr9_15301238_G_A_b38	4	1.20220e-02	-7.902e-02	2.834e-02
chr9_15299467_C_T_b38	4	1.09119e-02	-7.989e-02	2.914e-02
chr9_15295278_T_C_b38	4	1.02813e-02	-8.428e-02	2.827e-02
chr9_15294075_A_C_b38	4	1.00080e-02	-8.448e-02	2.843e-02
chr9_15293584_TGA_T_b38	4	9.71356e-03	-8.521e-02	2.882e-02
chr9_15292811_T_C_b38	4	9.58320e-03	-8.439e-02	2.855e-02
chr9_15298209_G_C_b38	4	8.81746e-03	-7.706e-02	2.896e-02
chr9_15298375_G_A_b38	4	8.81746e-03	-7.706e-02	2.896e-02
chr9_15300851_T_C_b38	4	8.57854e-03	-5.611e-02	2.171e-02
chr9_15308554_C_A_b38	4	8.02289e-03	-6.143e-02	2.811e-02
chr9_15298802_T_C_b38	4	6.87725e-03	-7.380e-02	2.875e-02
chr9_15297745_C_T_b38	4	6.78622e-03	-7.411e-02	2.897e-02
chr9_15298368_T_C_b38	4	6.68433e-03	-7.437e-02	2.913e-02
chr9_15297584_A_G_b38	4	6.65639e-03	-7.368e-02	2.888e-02
chr9_15305813_A_G_b38	4	6.51555e-03	-5.941e-02	2.848e-02
chr9_15299701_T_C_b38	4	5.93628e-03	-7.298e-02	2.925e-02
chr9_15298079_A_C_b38	4	5.91711e-03	-7.127e-02	2.842e-02
chr9_15298661_T_G_b38	4	5.62836e-03	-7.157e-02	2.888e-02
chr9_15297810_T_G_b38	4	5.62836e-03	-7.157e-02	2.888e-02
chr9_15301110_A_G_b38	4	4.91063e-03	-7.001e-02	2.900e-02
chr9_15299974_C_CAA_b38	4	4.89435e-03	-6.922e-02	2.869e-02
chr9_15309505_C_T_b38	4	4.25531e-03	-5.806e-02	3.314e-02
chr9_15299793_C_T_b38	4	3.58128e-03	-6.581e-02	2.907e-02
chr9_15293515_T_C_b38	4	3.47158e-03	7.357e-02	2.629e-02
chr9_15300265_T_C_b38	4	3.14718e-03	-6.249e-02	2.832e-02
chr9_15298770_T_C_b38	4	3.07248e-03	-6.441e-02	2.946e-02
chr9_15301570_C_T_b38	4	2.91305e-03	-6.470e-02	3.026e-02
chr9_15296642_A_G_b38	4	2.88855e-03	-7.157e-02	2.888e-02
chr9_15297030_G_A_b38	4	2.88855e-03	-7.157e-02	2.888e-02
chr9_15300118_T_C_b38	4	2.57903e-03	-5.941e-02	2.819e-02
chr9_15298115_T_C_b38	4	2.14385e-03	-6.617e-02	3.442e-02
chr9_15303083_G_A_b38	4	2.04693e-03	-5.170e-02	3.055e-02
chr9_15305380_G_C_b38	4	1.45558e-03	1.738e-02	4.492e-02
chr9_15283435_G_C_b38	4	1.41931e-03	4.620e-02	1.945e-02
chr9_15312986_A_T_b38	4	5.51033e-04	-2.712e-02	4.717e-02
chr9_15288554_C_T_b38	4	5.22734e-04	-4.704e-02	3.021e-02
chr9_15288297_G_T_b38	4	1.39890e-04	-2.738e-02	2.337e-02
chr9_15305969_C_G_b38	5	5.91930e-04	-6.228e-02	2.725e-02
chr9_15307465_C_G_b38	5	3.59539e-04	1.002e-02	2.543e-02
chr9_15295507_C_T_b38	5	2.70566e-05	1.182e-01	3.497e-02
chr9_15288200_G_C_b38	5	1.83100e-05	0.000e+00	0.000e+00
chr9_15308156_G_A_b38	5	1.67812e-05	0.000e+00	0.000e+00
chr9_15303824_T_C_b38	5	1.64408e-05	0.000e+00	0.000e+00
chr9_15293562_A_T_b38	5	7.85496e-06	0.000e+00	0.000e+00
chr9_15291836_G_C_b38	5	1.30513e-08	0.000e+00	0.000e+00
chr9_15301430_C_A_b38	5	7.51408e-09	0.000e+00	0.000e+00
chr9_15291693_C_A_b38	5	5.07921e-09	0.000e+00	0.000e+00
chr9_15293242_G_C_b38	5	1.56224e-09	0.000e+00	0.000e+00
chr9_15289943_T_C_b38	5	1.29898e-09	0.000e+00	0.000e+00
chr9_15294333_C_T_b38	5	8.21525e-11	0.000e+00	0.000e+00
chr9_15290404_G_C_b38	5	3.74853e-15	0.000e+00	0.000e+00
chr9_15293622_C_T_b38	5	9.60241e-16	0.000e+00	0.000e+00
chr9_15284989_C_T_b38	5	3.51278e-16	0.000e+00	0.000e+00
chr9_15286448_C_T_b38	5	2.53706e-16	0.000e+00	0.000e+00
chr9_15286272_G_C_b38	5	1.66175e-16	0.000e+00	0.000e+00
chr9_15285163_G_A_b38	5	1.30122e-16	0.000e+00	0.000e+00
chr9_15296676_A_G_b38	5	6.59136e-17	0.000e+00	0.000e+00
chr9_15286590_C_T_b38	5	1.53779e-17	0.000e+00	0.000e+00
chr9_15287019_A_AGCT_b38	5	1.32567e-17	0.000e+00	0.000e+00
chr9_15295484_T_C_b38	5	8.47543e-18	0.000e+00	0.000e+00
chr9_15285205_T_C_b38	5	1.35616e-30	0.000e+00	0.000e+00
chr9_15297788_A_G_b38	5	1.57308e-33	0.000e+00	0.000e+00
chr9_15292324_A_G_b38	5	1.57288e-34	0.000e+00	0.000e+00
chr9_15289349_T_G_b38	5	5.31950e-35	0.000e+00	0.000e+00
chr9_15289191_T_C_b38	5	4.33623e-35	0.000e+00	0.000e+00
chr9_15293581_C_T_b38	5	2.89439e-35	0.000e+00	0.000e+00
chr9_15285067_C_T_b38	5	2.37642e-35	0.000e+00	0.000e+00
chr9_15285022_G_A_b38	5	8.27531e-36	0.000e+00	0.000e+00
chr9_15293948_C_T_b38	5	8.09695e-36	0.000e+00	0.000e+00
chr9_15285011_C_T_b38	5	7.42840e-36	0.000e+00	0.000e+00
chr9_15285054_A_G_b38	5	7.04386e-36	0.000e+00	0.000e+00
chr9_15285152_C_G_b38	5	2.78821e-36	0.000e+00	0.000e+00
chr9_15292649_T_A_b38	5	2.76829e-36	0.000e+00	0.000e+00
chr9_15294207_G_A_b38	5	3.62896e-39	0.000e+00	0.000e+00
chr9_15288001_C_T_b38	5	1.50805e-39	0.000e+00	0.000e+00
chr9_15288360_C_G_b38	5	1.44118e-39	0.000e+00	0.000e+00
chr9_15286746_T_C_b38	5	4.77461e-40	0.000e+00	0.000e+00
chr9_15313978_G_C_b38	5	1.11324e-40	0.000e+00	0.000e+00
chr9_15314454_A_T_b38	5	1.07464e-40	0.000e+00	0.000e+00
chr9_15315193_G_C_b38	5	5.53282e-41	0.000e+00	0.000e+00
chr9_15310706_C_T_b38	5	2.89435e-41	0.000e+00	0.000e+00
chr9_15317692_A_C_b38	5	2.73430e-44	0.000e+00	0.000e+00
chr9_15267983_G_C_b38	5	2.79606e-45	0.000e+00	0.000e+00
