chr21_29192411_T_A_b38	1	5.66557e-01	-6.050e-01	1.760e-01
chr21_29190885_G_A_b38	1	3.10818e-01	-6.023e-01	1.734e-01
chr21_29191878_T_G_b38	1	6.12372e-02	-5.522e-01	9.183e-02
chr21_29191567_T_C_b38	1	6.12372e-02	-5.522e-01	9.183e-02
chr21_29195620_G_T_b38	2	4.02795e-01	-3.866e-01	5.719e-02
chr21_29193197_T_C_b38	2	1.59405e-01	-3.555e-01	5.490e-02
chr21_29193427_G_T_b38	2	1.59405e-01	-3.555e-01	5.490e-02
chr21_29194964_A_C_b38	2	1.25686e-01	-3.706e-01	5.484e-02
chr21_29194430_G_A_b38	2	7.06860e-02	-3.570e-01	5.444e-02
chr21_29195220_C_G_b38	2	3.54877e-02	-3.571e-01	5.431e-02
chr21_29194901_G_A_b38	2	3.54877e-02	-3.571e-01	5.431e-02
chr21_29195373_G_C_b38	2	3.07270e-03	-3.454e-01	5.522e-02
chr21_29160755_A_G_b38	2	2.80060e-03	-3.762e-01	5.633e-02
chr21_29195488_C_T_b38	2	2.76179e-03	-3.462e-01	5.543e-02
chr21_29199348_C_T_b38	2	2.26156e-03	-3.516e-01	5.523e-02
chr21_29193248_A_G_b38	3	3.02745e-02	5.639e-01	2.728e-01
chr21_29194757_A_G_b38	3	1.32783e-02	8.033e-01	2.810e-01
chr21_29191777_A_G_b38	3	2.97705e-03	2.426e-01	2.357e-01
chr21_29182313_T_C_b38	3	2.56373e-03	3.690e-01	1.450e-01
chr21_29199513_A_T_b38	3	2.01599e-03	5.766e-01	2.654e-01
chr21_29202926_T_A_b38	3	2.01599e-03	5.766e-01	2.654e-01
chr21_29189133_C_T_b38	3	1.77579e-03	2.682e-01	2.284e-01
chr21_29188172_G_C_b38	3	1.30453e-03	3.311e-01	1.935e-01
chr21_29185892_G_A_b38	3	1.30453e-03	3.311e-01	1.935e-01
chr21_29184133_A_G_b38	3	1.30417e-03	2.760e-01	1.779e-01
chr21_29187133_T_C_b38	3	1.30417e-03	2.760e-01	1.779e-01
chr21_29184902_A_G_b38	3	1.30417e-03	2.760e-01	1.779e-01
chr21_29185189_T_C_b38	3	1.30417e-03	2.760e-01	1.779e-01
chr21_29184732_G_A_b38	3	1.30417e-03	2.760e-01	1.779e-01
chr21_29183918_A_G_b38	3	1.30417e-03	2.760e-01	1.779e-01
chr21_29177883_T_G_b38	3	1.25931e-03	4.368e-01	1.935e-01
chr21_29171361_A_G_b38	3	1.08168e-03	4.218e-01	1.940e-01
chr21_29210362_C_T_b38	3	8.82067e-04	5.732e-01	2.655e-01
chr21_29209574_T_C_b38	3	8.82067e-04	5.732e-01	2.655e-01
chr21_29202215_C_G_b38	3	8.66793e-04	2.504e-01	2.294e-01
chr21_29182419_C_A_b38	3	5.31633e-04	2.853e-01	1.754e-01
chr21_29183050_A_AG_b38	3	5.31633e-04	2.853e-01	1.754e-01
chr21_29182935_A_G_b38	3	5.31633e-04	2.853e-01	1.754e-01
chr21_29217965_A_G_b38	3	4.15255e-04	3.877e-01	2.515e-01
chr21_29215595_G_A_b38	3	4.15255e-04	3.877e-01	2.515e-01
chr21_29205586_T_C_b38	3	4.15255e-04	3.877e-01	2.515e-01
chr21_29177982_C_G_b38	3	3.87798e-04	2.632e-01	1.806e-01
chr21_29162844_A_G_b38	3	3.65909e-04	3.987e-01	1.733e-01
chr21_29166246_T_C_b38	3	3.65909e-04	3.987e-01	1.733e-01
chr21_29176337_T_C_b38	3	3.60017e-04	2.500e-01	1.887e-01
chr21_29179279_A_G_b38	3	3.36381e-04	2.349e-01	1.832e-01
chr21_29165611_T_G_b38	3	3.32740e-04	4.222e-01	1.884e-01
chr21_29166626_T_C_b38	3	3.32740e-04	4.222e-01	1.884e-01
chr21_29162766_A_G_b38	3	3.32740e-04	4.222e-01	1.884e-01
chr21_29169009_T_C_b38	3	2.21387e-04	2.412e-01	1.947e-01
chr21_29230465_T_A_b38	3	1.97114e-04	4.919e-01	2.217e-01
chr21_29164565_T_A_b38	3	1.87805e-04	3.741e-01	1.766e-01
chr21_29203776_G_A_b38	3	1.80800e-04	-6.123e-02	1.236e-01
chr21_29207405_G_GT_b38	3	1.05071e-04	-5.537e-02	1.148e-01
chr21_29236564_A_G_b38	3	8.66890e-05	3.756e-01	2.015e-01
chr21_29167092_G_C_b38	3	8.63069e-05	2.993e-01	1.624e-01
chr21_29239169_A_G_b38	3	8.58859e-05	3.180e-01	1.710e-01
chr21_29208084_G_A_b38	3	8.44834e-05	-1.463e-02	1.153e-01
chr21_29167938_G_A_b38	3	6.76527e-05	2.046e-01	1.186e-01
chr21_29222424_T_C_b38	3	6.74808e-05	3.671e-01	2.499e-01
chr21_29193915_T_A_b38	4	8.29690e-04	-1.689e-01	3.209e-01
chr21_29195855_G_A_b38	4	1.24326e-04	1.413e-01	2.966e-01
chr21_29191846_G_T_b38	4	1.23443e-04	1.413e-01	2.833e-01
chr21_29195543_G_A_b38	4	8.65326e-05	1.276e-01	2.426e-01
chr21_29179328_G_A_b38	4	6.62947e-05	3.315e-01	1.317e-01
chr21_29190108_G_A_b38	4	2.63291e-05	-1.374e-01	1.253e-01
chr21_29175362_G_C_b38	4	1.51901e-05	0.000e+00	0.000e+00
chr21_29184660_C_T_b38	4	1.37068e-05	0.000e+00	0.000e+00
chr21_29190137_C_T_b38	4	1.24983e-05	0.000e+00	0.000e+00
chr21_29190389_G_A_b38	4	6.97430e-06	0.000e+00	0.000e+00
chr21_29187231_G_C_b38	4	5.24514e-06	0.000e+00	0.000e+00
chr21_29199356_A_G_b38	4	2.07194e-28	0.000e+00	0.000e+00
chr21_29212623_C_T_b38	4	1.16412e-28	0.000e+00	0.000e+00
chr21_29180518_A_G_b38	4	1.14736e-28	0.000e+00	0.000e+00
chr21_29183103_GAAAGT_G_b38	4	1.14736e-28	0.000e+00	0.000e+00
chr21_29204759_C_T_b38	4	1.12500e-28	0.000e+00	0.000e+00
chr21_29211735_A_G_b38	4	1.11798e-28	0.000e+00	0.000e+00
chr21_29179543_T_TCAAA_b38	4	1.11795e-28	0.000e+00	0.000e+00
chr21_29179390_C_T_b38	4	1.11785e-28	0.000e+00	0.000e+00
chr21_29179864_G_T_b38	4	1.11612e-28	0.000e+00	0.000e+00
chr21_29174539_G_T_b38	4	1.08744e-28	0.000e+00	0.000e+00
chr21_29180556_T_C_b38	4	1.08450e-28	0.000e+00	0.000e+00
chr21_29179424_T_G_b38	4	1.08032e-28	0.000e+00	0.000e+00
chr21_29181059_C_G_b38	4	1.08032e-28	0.000e+00	0.000e+00
chr21_29181615_A_C_b38	4	1.08032e-28	0.000e+00	0.000e+00
chr21_29181713_T_C_b38	4	1.08032e-28	0.000e+00	0.000e+00
chr21_29179715_A_G_b38	4	1.07894e-28	0.000e+00	0.000e+00
