chr5_56909530_A_G_b38	1	9.15108e-01	8.674e-01	1.382e-01
chr5_56901251_C_T_b38	1	6.41203e-02	8.620e-01	1.361e-01
chr5_56898941_T_C_b38	1	1.82763e-02	8.797e-01	1.451e-01
chr5_56905523_A_G_b38	2	8.76010e-02	3.316e-01	9.104e-02
chr5_56902394_GA_G_b38	2	5.98969e-02	3.327e-01	8.936e-02
chr5_56904189_C_T_b38	2	5.98969e-02	3.327e-01	8.936e-02
chr5_56903093_C_T_b38	2	5.98969e-02	3.327e-01	8.936e-02
chr5_56903559_T_G_b38	2	5.98969e-02	3.327e-01	8.936e-02
chr5_56931242_C_A_b38	2	3.82321e-02	3.765e-01	1.034e-01
chr5_56928658_T_TTGGC_b38	2	3.82321e-02	3.765e-01	1.034e-01
chr5_56929591_G_A_b38	2	3.82321e-02	3.765e-01	1.034e-01
chr5_56928887_T_C_b38	2	3.82321e-02	3.765e-01	1.034e-01
chr5_56929942_T_C_b38	2	3.82321e-02	3.765e-01	1.034e-01
chr5_56927173_G_A_b38	2	1.76937e-02	3.553e-01	1.076e-01
chr5_56932574_A_G_b38	2	1.54205e-02	3.519e-01	1.038e-01
chr5_56949976_C_G_b38	2	1.14718e-02	-3.772e-01	1.006e-01
chr5_56952601_T_G_b38	2	1.14718e-02	-3.772e-01	1.006e-01
chr5_56947319_A_T_b38	2	1.14718e-02	-3.772e-01	1.006e-01
chr5_56947301_T_C_b38	2	1.14718e-02	-3.772e-01	1.006e-01
chr5_56941073_T_G_b38	2	1.14718e-02	-3.772e-01	1.006e-01
chr5_56942770_A_G_b38	2	1.14718e-02	-3.772e-01	1.006e-01
chr5_56937329_G_A_b38	2	1.14718e-02	-3.772e-01	1.006e-01
chr5_56937724_C_G_b38	2	1.14718e-02	-3.772e-01	1.006e-01
chr5_56937714_G_A_b38	2	1.14718e-02	-3.772e-01	1.006e-01
chr5_56949217_G_C_b38	2	1.14718e-02	-3.772e-01	1.006e-01
chr5_56948777_G_A_b38	2	1.14718e-02	-3.772e-01	1.006e-01
chr5_56946947_T_C_b38	2	1.14718e-02	-3.772e-01	1.006e-01
chr5_56953424_A_G_b38	2	1.14718e-02	-3.772e-01	1.006e-01
chr5_56945192_G_A_b38	2	1.14718e-02	-3.772e-01	1.006e-01
chr5_56949121_C_T_b38	2	1.14718e-02	-3.772e-01	1.006e-01
chr5_56943542_C_G_b38	2	1.14718e-02	-3.772e-01	1.006e-01
chr5_56936768_T_C_b38	2	1.14718e-02	-3.772e-01	1.006e-01
chr5_56934724_GA_G_b38	2	1.14718e-02	-3.772e-01	1.006e-01
chr5_56944921_T_TCC_b38	2	1.14718e-02	-3.772e-01	1.006e-01
chr5_56940349_T_C_b38	2	1.14718e-02	-3.772e-01	1.006e-01
chr5_56952754_T_TG_b38	2	1.14718e-02	-3.772e-01	1.006e-01
chr5_56950449_A_AAAC_b38	2	1.14718e-02	-3.772e-01	1.006e-01
chr5_56910246_G_T_b38	2	5.08121e-03	1.760e-01	8.164e-02
chr5_56910848_C_A_b38	2	4.44796e-03	1.892e-01	7.773e-02
chr5_56909835_T_G_b38	2	3.15808e-03	1.553e-01	8.399e-02
chr5_56911965_C_T_b38	2	2.67518e-03	1.912e-01	7.587e-02
chr5_56913423_G_A_b38	2	2.67518e-03	1.912e-01	7.587e-02
chr5_56912587_G_T_b38	2	2.67518e-03	1.912e-01	7.587e-02
chr5_56907946_G_A_b38	2	2.19935e-03	1.656e-01	7.754e-02
chr5_56916164_C_T_b38	2	1.81162e-03	1.948e-01	7.222e-02
chr5_56916768_C_T_b38	2	1.81162e-03	1.948e-01	7.222e-02
chr5_56917845_G_A_b38	2	1.81162e-03	1.948e-01	7.222e-02
chr5_56915096_G_A_b38	2	1.81162e-03	1.948e-01	7.222e-02
chr5_56917507_C_T_b38	2	1.81162e-03	1.948e-01	7.222e-02
chr5_56917579_G_C_b38	2	1.81162e-03	1.948e-01	7.222e-02
chr5_56901687_C_G_b38	2	1.09623e-03	1.810e-01	7.390e-02
chr5_56928512_G_T_b38	2	1.06090e-03	2.022e-01	7.368e-02
chr5_56931499_T_A_b38	2	1.06090e-03	2.022e-01	7.368e-02
chr5_56926531_A_T_b38	2	9.67002e-04	1.948e-01	7.222e-02
chr5_56925501_A_G_b38	2	9.67002e-04	1.948e-01	7.222e-02
chr5_56919325_T_C_b38	2	9.67002e-04	1.948e-01	7.222e-02
chr5_56924555_T_C_b38	2	9.67002e-04	1.948e-01	7.222e-02
chr5_56933953_GGA_G_b38	2	9.67002e-04	1.948e-01	7.222e-02
chr5_56930583_T_C_b38	2	9.67002e-04	1.948e-01	7.222e-02
chr5_56933461_C_T_b38	2	9.67002e-04	1.948e-01	7.222e-02
chr5_56902323_A_C_b38	2	8.72914e-04	1.710e-01	7.196e-02
chr5_56901589_G_A_b38	2	8.29642e-04	1.724e-01	7.336e-02
chr5_56903375_G_A_b38	2	8.29642e-04	1.724e-01	7.336e-02
chr5_56909472_A_G_b38	3	7.64462e-03	-1.230e-01	1.792e-01
chr5_56908291_C_T_b38	3	3.55723e-03	-9.495e-02	3.173e-01
chr5_56910874_A_G_b38	3	1.17488e-03	-2.956e-01	2.885e-01
chr5_56911884_T_C_b38	3	3.98340e-04	-2.476e-01	1.712e-01
chr5_56917812_A_C_b38	3	7.38129e-05	-2.476e-01	1.712e-01
chr5_56916359_A_G_b38	3	7.38129e-05	-2.476e-01	1.712e-01
chr5_56915577_T_C_b38	3	7.38129e-05	-2.476e-01	1.712e-01
chr5_56918633_A_ACTT_b38	3	7.38129e-05	-2.476e-01	1.712e-01
chr5_56917065_CATG_C_b38	3	6.21823e-05	-1.682e-01	1.918e-01
chr5_56917329_A_G_b38	3	6.21823e-05	-1.682e-01	1.918e-01
chr5_56918114_T_TATC_b38	3	6.21823e-05	-1.682e-01	1.918e-01
chr5_56903684_C_T_b38	3	6.08335e-05	-1.682e-01	1.918e-01
chr5_56900449_G_A_b38	3	5.91243e-05	-1.497e-01	1.811e-01
chr5_56899963_A_G_b38	3	5.91243e-05	-1.497e-01	1.811e-01
chr5_56932618_G_A_b38	3	2.15478e-23	0.000e+00	0.000e+00
chr5_56926912_C_T_b38	3	2.15478e-23	0.000e+00	0.000e+00
chr5_56928051_A_AT_b38	3	2.15478e-23	0.000e+00	0.000e+00
chr5_56925710_A_G_b38	3	2.15478e-23	0.000e+00	0.000e+00
chr5_56932640_G_A_b38	3	2.15478e-23	0.000e+00	0.000e+00
chr5_56929449_C_T_b38	3	2.15478e-23	0.000e+00	0.000e+00
chr5_56924887_T_C_b38	3	2.15478e-23	0.000e+00	0.000e+00
chr5_56932668_T_C_b38	3	2.15478e-23	0.000e+00	0.000e+00
chr5_56932213_T_C_b38	3	2.14326e-23	0.000e+00	0.000e+00
chr5_56889099_G_C_b38	3	2.14299e-23	0.000e+00	0.000e+00
chr5_56890612_G_A_b38	3	2.14299e-23	0.000e+00	0.000e+00
chr5_56931552_G_GATAA_b38	3	2.10944e-23	0.000e+00	0.000e+00
chr5_56921702_T_C_b38	3	2.10944e-23	0.000e+00	0.000e+00
chr5_56921369_A_G_b38	3	2.10944e-23	0.000e+00	0.000e+00
chr5_56923871_T_C_b38	3	2.10944e-23	0.000e+00	0.000e+00
chr5_56925172_G_A_b38	3	2.10944e-23	0.000e+00	0.000e+00
chr5_56919926_G_A_b38	3	2.10944e-23	0.000e+00	0.000e+00
chr5_56897627_CCTGT_C_b38	3	1.94835e-23	0.000e+00	0.000e+00
chr5_56897840_C_T_b38	3	1.94835e-23	0.000e+00	0.000e+00
chr5_56882284_A_G_b38	3	9.87198e-24	0.000e+00	0.000e+00
chr5_56874986_C_G_b38	3	9.45739e-24	0.000e+00	0.000e+00
chr5_56870087_A_G_b38	3	9.45739e-24	0.000e+00	0.000e+00
chr5_56880619_C_T_b38	3	9.45739e-24	0.000e+00	0.000e+00
chr5_56955926_G_A_b38	3	8.00677e-24	0.000e+00	0.000e+00
chr5_56958945_A_G_b38	3	8.00677e-24	0.000e+00	0.000e+00
chr5_56948464_G_A_b38	3	6.66198e-24	0.000e+00	0.000e+00
chr5_56940186_C_T_b38	3	6.66198e-24	0.000e+00	0.000e+00
chr5_56941838_C_A_b38	3	6.66198e-24	0.000e+00	0.000e+00
chr5_56942377_G_A_b38	3	6.66198e-24	0.000e+00	0.000e+00
chr5_56949442_C_G_b38	3	6.66198e-24	0.000e+00	0.000e+00
chr5_56945862_A_G_b38	3	6.66198e-24	0.000e+00	0.000e+00
