chr16_64988211_C_T_b38	1	1.63000e-01	4.016e-01	8.839e-02
chr16_64982967_T_G_b38	1	1.07109e-01	3.356e-01	8.996e-02
chr16_64983231_GAA_G_b38	1	1.07109e-01	3.356e-01	8.996e-02
chr16_64983665_C_T_b38	1	1.07109e-01	3.356e-01	8.996e-02
chr16_64982981_C_T_b38	1	1.07109e-01	3.356e-01	8.996e-02
chr16_64984070_G_A_b38	1	3.51953e-02	3.357e-01	8.996e-02
chr16_64984292_G_A_b38	1	1.80725e-02	3.357e-01	8.996e-02
chr16_64984546_G_A_b38	1	1.80725e-02	3.357e-01	8.996e-02
chr16_64984272_A_G_b38	1	1.80725e-02	3.357e-01	8.996e-02
chr16_64981006_C_T_b38	1	1.61341e-02	3.357e-01	8.995e-02
chr16_64981796_C_T_b38	1	1.61341e-02	3.357e-01	8.995e-02
chr16_64980962_C_T_b38	1	1.61341e-02	3.357e-01	8.995e-02
chr16_64981588_T_G_b38	1	1.61341e-02	3.357e-01	8.995e-02
chr16_64982005_C_G_b38	1	1.61341e-02	3.357e-01	8.995e-02
chr16_64986274_AT_A_b38	1	1.13036e-02	3.357e-01	8.995e-02
chr16_64987641_C_A_b38	1	1.13036e-02	3.357e-01	8.995e-02
chr16_65001117_G_A_b38	1	8.80402e-03	3.689e-01	9.102e-02
chr16_64977421_G_T_b38	1	7.77927e-03	3.357e-01	8.995e-02
chr16_64977952_T_C_b38	1	7.77927e-03	3.357e-01	8.995e-02
chr16_64988674_T_C_b38	1	7.25331e-03	3.377e-01	9.048e-02
chr16_64992700_T_C_b38	1	7.25331e-03	3.377e-01	9.048e-02
chr16_64974013_C_T_b38	1	3.81829e-03	3.176e-01	9.109e-02
chr16_64975563_G_A_b38	1	3.81829e-03	3.176e-01	9.109e-02
chr16_64989678_G_T_b38	1	3.56903e-03	3.176e-01	9.109e-02
chr16_64991815_G_A_b38	1	3.56903e-03	3.176e-01	9.109e-02
chr16_65007529_A_C_b38	1	2.86246e-03	3.230e-01	8.773e-02
chr16_64961366_C_T_b38	1	2.80432e-03	3.377e-01	9.048e-02
chr16_64963110_T_C_b38	1	2.80432e-03	3.377e-01	9.048e-02
chr16_64960325_T_C_b38	1	2.80432e-03	3.377e-01	9.048e-02
chr16_64961247_C_A_b38	1	2.80432e-03	3.377e-01	9.048e-02
chr16_65016489_A_G_b38	1	2.78620e-03	3.570e-01	8.893e-02
chr16_64998032_A_C_b38	1	2.71556e-03	3.311e-01	9.028e-02
chr16_65007867_G_A_b38	1	2.71556e-03	3.311e-01	9.028e-02
chr16_65007685_C_A_b38	1	2.71556e-03	3.311e-01	9.028e-02
chr16_65007434_A_G_b38	1	2.71556e-03	3.311e-01	9.028e-02
chr16_64995737_T_G_b38	1	2.24436e-03	3.215e-01	8.929e-02
chr16_65025360_A_C_b38	1	2.17082e-03	3.514e-01	8.928e-02
chr16_64982899_C_T_b38	2	1.30803e-02	1.301e-01	1.537e-01
chr16_64991946_A_G_b38	2	7.10740e-04	1.322e-01	1.552e-01
chr16_64991755_T_C_b38	2	7.10740e-04	1.322e-01	1.552e-01
chr16_64963687_T_A_b38	2	2.41586e-04	1.332e-01	1.564e-01
chr16_64940451_C_T_b38	2	1.29277e-04	1.839e-01	1.637e-01
chr16_64946915_C_T_b38	2	1.29277e-04	1.839e-01	1.637e-01
chr16_65009171_C_G_b38	2	3.41420e-05	1.487e-01	1.729e-01
chr16_65031470_A_G_b38	2	3.41420e-05	1.487e-01	1.729e-01
chr16_65016821_C_T_b38	2	3.41420e-05	1.487e-01	1.729e-01
chr16_65021039_A_G_b38	2	3.41420e-05	1.487e-01	1.729e-01
chr16_65019532_G_A_b38	2	3.41420e-05	1.487e-01	1.729e-01
chr16_65025614_G_T_b38	2	3.41420e-05	1.487e-01	1.729e-01
chr16_65033093_C_T_b38	2	3.41420e-05	1.487e-01	1.729e-01
chr16_65027831_T_C_b38	2	3.41420e-05	1.487e-01	1.729e-01
chr16_65032444_T_C_b38	2	3.41420e-05	1.487e-01	1.729e-01
