chr1_41015127_G_A_b38	1	2.47568e-01	2.950e-01	6.937e-02
chr1_41018984_G_C_b38	1	9.71138e-02	2.945e-01	6.925e-02
chr1_41016828_C_G_b38	1	8.00430e-02	2.817e-01	6.889e-02
chr1_41020928_C_CAG_b38	1	6.74202e-02	2.941e-01	6.913e-02
chr1_41027439_A_G_b38	1	4.37121e-02	2.997e-01	6.851e-02
chr1_41031771_C_T_b38	1	3.26679e-02	2.940e-01	6.910e-02
chr1_41035441_G_T_b38	1	3.26679e-02	-2.940e-01	6.910e-02
chr1_41003994_A_C_b38	1	2.78953e-02	2.940e-01	6.910e-02
chr1_40993820_T_C_b38	1	2.45225e-02	2.927e-01	6.937e-02
chr1_41000800_A_G_b38	1	2.45225e-02	2.927e-01	6.937e-02
chr1_41031956_A_G_b38	1	2.25804e-02	2.888e-01	6.931e-02
chr1_41025213_G_T_b38	1	1.86110e-02	2.814e-01	6.882e-02
chr1_41001131_G_A_b38	1	1.41676e-02	2.804e-01	6.913e-02
chr1_41000878_T_A_b38	1	1.41676e-02	2.804e-01	6.913e-02
chr1_40991017_T_C_b38	1	1.30890e-02	2.793e-01	6.904e-02
chr1_41014192_G_C_b38	1	1.22172e-02	2.295e-01	8.308e-02
chr1_41042514_G_T_b38	1	1.03096e-02	-2.940e-01	6.909e-02
chr1_41062787_C_T_b38	1	1.03096e-02	-2.940e-01	6.909e-02
chr1_41063200_G_A_b38	1	1.03096e-02	-2.940e-01	6.909e-02
chr1_41078607_G_T_b38	1	7.59028e-03	-3.118e-01	6.864e-02
chr1_41028550_G_T_b38	1	5.99158e-03	2.705e-01	7.060e-02
chr1_41015123_T_C_b38	1	4.76977e-03	2.146e-01	6.934e-02
chr1_41016988_G_A_b38	1	4.66256e-03	2.652e-01	8.044e-02
chr1_41015223_G_T_b38	1	4.29016e-03	2.329e-01	8.174e-02
chr1_41111317_T_C_b38	1	3.66470e-03	-2.929e-01	6.876e-02
chr1_41098016_C_T_b38	1	3.66470e-03	-2.929e-01	6.876e-02
chr1_41104036_T_C_b38	1	3.66470e-03	-2.929e-01	6.876e-02
chr1_41090983_G_A_b38	1	3.66470e-03	-2.929e-01	6.876e-02
chr1_41101530_G_A_b38	1	3.66470e-03	-2.929e-01	6.876e-02
chr1_41086147_T_A_b38	1	3.66470e-03	-2.929e-01	6.876e-02
chr1_41106667_C_A_b38	1	3.66470e-03	-2.929e-01	6.876e-02
chr1_41110027_C_T_b38	1	3.66470e-03	-2.929e-01	6.876e-02
chr1_41086309_A_G_b38	1	3.66470e-03	-2.929e-01	6.876e-02
chr1_41100519_C_T_b38	1	3.66470e-03	-2.929e-01	6.876e-02
chr1_41090581_C_T_b38	1	3.66470e-03	-2.929e-01	6.876e-02
chr1_41071263_AATG_A_b38	1	3.66470e-03	-2.929e-01	6.876e-02
chr1_41087889_T_C_b38	1	3.66470e-03	-2.929e-01	6.876e-02
chr1_41065199_T_C_b38	1	3.66470e-03	-2.929e-01	6.876e-02
chr1_41094563_C_T_b38	1	3.66470e-03	-2.929e-01	6.876e-02
chr1_41010508_G_T_b38	1	3.57232e-03	2.652e-01	8.044e-02
chr1_41009899_C_T_b38	1	3.57232e-03	2.652e-01	8.044e-02
chr1_41019917_G_T_b38	1	3.23263e-03	2.761e-01	8.053e-02
chr1_41021665_G_T_b38	1	2.24435e-03	2.652e-01	8.044e-02
chr1_41019774_T_C_b38	1	2.24435e-03	2.652e-01	8.044e-02
chr1_41024505_G_A_b38	1	2.24435e-03	2.652e-01	8.044e-02
chr1_41015615_T_C_b38	2	8.36926e-02	-5.275e-01	1.586e-01
chr1_41014245_G_A_b38	2	2.37646e-02	-2.502e-01	1.462e-01
chr1_41011111_C_T_b38	2	1.92243e-03	-2.485e-01	1.479e-01
chr1_41011772_G_A_b38	2	1.27986e-03	-2.108e-01	1.489e-01
chr1_41019016_A_G_b38	2	9.30182e-04	-2.071e-01	1.500e-01
chr1_41113192_G_A_b38	2	9.02466e-04	-5.269e-01	1.570e-01
chr1_41091367_G_A_b38	2	9.02466e-04	-5.269e-01	1.570e-01
chr1_41022550_AAG_A_b38	2	6.18395e-04	-2.408e-01	1.521e-01
chr1_41023485_C_T_b38	2	6.18395e-04	-2.408e-01	1.521e-01
chr1_41024139_G_A_b38	2	4.77749e-04	-2.024e-01	1.528e-01
chr1_41023050_T_G_b38	2	4.77749e-04	-2.024e-01	1.528e-01
chr1_41022834_C_T_b38	2	4.77749e-04	-2.024e-01	1.528e-01
chr1_41021949_A_C_b38	2	4.77749e-04	-2.024e-01	1.528e-01
chr1_41021820_C_G_b38	2	4.77749e-04	-2.024e-01	1.528e-01
chr1_41008306_CTCCCATCCTGCCACGT_C_b38	2	4.09827e-04	-2.024e-01	1.528e-01
chr1_41002463_G_A_b38	2	2.56845e-04	-2.405e-01	1.523e-01
chr1_40992545_A_T_b38	2	2.56845e-04	-2.405e-01	1.523e-01
chr1_41014395_T_C_b38	3	2.29155e-03	8.346e-02	2.033e-01
