chr8_143944186_C_T_b38	1	6.62086e-01	-4.651e-01	6.650e-02
chr8_143967833_A_G_b38	1	3.35181e-01	-4.347e-01	6.624e-02
chr8_143939607_G_A_b38	1	2.07742e-03	-3.975e-01	6.420e-02
chr8_143952414_G_A_b38	2	1.83660e-01	-1.785e-01	3.057e-02
chr8_143965232_T_C_b38	2	9.85249e-02	-1.808e-01	3.163e-02
chr8_143963405_T_A_b38	2	9.85249e-02	-1.808e-01	3.163e-02
chr8_143962447_T_C_b38	2	7.45437e-02	-1.703e-01	2.997e-02
chr8_143939147_G_T_b38	2	6.99818e-02	-1.787e-01	3.044e-02
chr8_143965427_T_TCCACCTGGTCTGCCATCATGCCAGG_b38	2	5.51525e-02	-1.704e-01	3.030e-02
chr8_143960684_G_A_b38	2	5.23061e-02	-1.765e-01	3.153e-02
chr8_143936137_A_G_b38	2	3.67086e-02	-1.703e-01	2.959e-02
chr8_143976177_G_A_b38	2	2.93137e-02	-1.500e-01	2.993e-02
chr8_143961174_A_G_b38	2	2.59815e-02	-1.650e-01	3.011e-02
chr8_143938038_G_A_b38	2	1.83288e-02	-1.665e-01	2.958e-02
chr8_143946309_T_C_b38	2	1.67102e-02	-1.729e-01	3.094e-02
chr8_143976168_A_C_b38	2	1.60884e-02	-1.462e-01	2.993e-02
chr8_143965940_T_C_b38	2	1.35914e-02	-1.681e-01	3.155e-02
chr8_143933821_A_G_b38	2	1.10492e-02	-1.715e-01	3.121e-02
chr8_143933779_G_A_b38	2	1.10492e-02	-1.715e-01	3.121e-02
chr8_143947260_G_C_b38	2	9.96630e-03	-1.652e-01	3.006e-02
chr8_143977310_G_A_b38	2	9.41366e-03	-1.430e-01	2.997e-02
chr8_143949571_A_G_b38	2	8.99416e-03	-1.678e-01	3.066e-02
chr8_143913053_C_T_b38	2	8.45854e-03	-1.670e-01	2.941e-02
chr8_143934174_C_A_b38	2	7.54327e-03	-1.691e-01	3.117e-02
chr8_143940256_C_G_b38	2	7.37771e-03	-1.695e-01	3.127e-02
chr8_143933019_G_A_b38	2	7.03406e-03	-1.686e-01	3.107e-02
chr8_143948709_A_T_b38	2	6.79200e-03	-1.696e-01	3.132e-02
chr8_143946999_C_G_b38	2	6.70983e-03	-1.692e-01	3.133e-02
chr8_143980103_T_C_b38	2	5.93350e-03	-1.462e-01	2.948e-02
chr8_143929609_G_A_b38	2	5.64749e-03	-1.613e-01	2.993e-02
chr8_143935442_A_G_b38	2	5.62953e-03	-1.679e-01	3.130e-02
chr8_143909325_T_C_b38	2	5.18111e-03	-1.626e-01	2.913e-02
chr8_143966399_C_G_b38	2	4.63608e-03	-1.605e-01	3.136e-02
chr8_143934392_A_G_b38	2	4.35237e-03	-1.663e-01	3.130e-02
chr8_143936584_C_T_b38	2	4.35237e-03	-1.663e-01	3.130e-02
chr8_143945857_G_A_b38	2	4.35237e-03	-1.663e-01	3.130e-02
chr8_143934275_A_T_b38	2	4.35237e-03	-1.663e-01	3.130e-02
chr8_143946468_G_A_b38	2	4.35237e-03	-1.663e-01	3.130e-02
chr8_143938298_A_G_b38	2	4.35237e-03	-1.663e-01	3.130e-02
chr8_143934538_C_T_b38	2	4.35237e-03	-1.663e-01	3.130e-02
chr8_143940564_C_T_b38	2	4.35237e-03	-1.663e-01	3.130e-02
chr8_143948186_T_G_b38	2	4.33659e-03	-1.677e-01	3.153e-02
chr8_143939177_C_T_b38	2	4.18576e-03	-1.654e-01	3.114e-02
chr8_143912625_C_T_b38	2	3.95391e-03	-1.617e-01	2.922e-02
chr8_143946689_C_T_b38	2	3.66313e-03	-1.645e-01	3.115e-02
chr8_143958134_A_G_b38	2	2.41942e-03	-1.552e-01	3.038e-02
chr8_143973019_A_G_b38	2	2.19956e-03	-1.501e-01	3.100e-02
chr8_143957097_G_A_b38	2	2.15904e-03	-1.527e-01	2.995e-02
chr8_143970581_A_G_b38	2	2.13868e-03	-1.514e-01	3.052e-02
chr8_143927143_T_C_b38	2	2.09449e-03	-1.564e-01	2.950e-02
chr8_143927420_C_T_b38	2	2.09449e-03	-1.564e-01	2.950e-02
chr8_143927132_T_A_b38	2	2.09449e-03	-1.564e-01	2.950e-02
chr8_143928368_G_A_b38	2	2.09449e-03	-1.564e-01	2.950e-02
chr8_143927204_T_C_b38	2	2.09449e-03	-1.564e-01	2.950e-02
chr8_143927341_T_C_b38	2	2.09449e-03	-1.564e-01	2.950e-02
chr8_143927616_A_G_b38	2	2.09449e-03	-1.564e-01	2.950e-02
chr8_143928263_C_G_b38	2	2.09449e-03	-1.564e-01	2.950e-02
chr8_143938609_C_G_b38	2	2.07432e-03	-1.650e-01	3.128e-02
chr8_143916167_G_A_b38	2	2.06247e-03	-1.611e-01	2.926e-02
chr8_143937036_A_G_b38	2	1.84394e-03	-1.639e-01	3.125e-02
chr8_143939819_C_CAG_b38	2	1.62785e-03	-1.622e-01	3.106e-02
chr8_143954419_T_C_b38	2	1.57445e-03	-1.510e-01	3.003e-02
chr8_143958164_C_CTG_b38	2	1.38695e-03	-1.512e-01	3.029e-02
chr8_143925453_C_T_b38	2	1.24547e-03	-1.609e-01	2.978e-02
chr8_143976946_G_T_b38	3	9.39810e-03	-4.521e-02	6.075e-02
chr8_143915125_C_T_b38	3	1.61275e-05	-9.898e-02	5.273e-02
chr8_144112952_G_A_b38	3	1.14589e-05	-1.487e-01	5.916e-02
