chr14_103543602_C_T_b38	1	5.83550e-01	1.473e-01	2.316e-02
chr14_103548598_G_T_b38	1	3.56128e-01	1.445e-01	2.299e-02
chr14_103531188_T_A_b38	1	3.09529e-03	-1.159e-01	2.372e-02
chr14_103511178_G_A_b38	2	7.66077e-02	-8.801e-02	2.243e-02
chr14_103504865_T_G_b38	2	4.38831e-02	-8.578e-02	2.277e-02
chr14_103517957_G_T_b38	2	3.42166e-02	8.014e-02	2.169e-02
chr14_103514307_A_T_b38	2	2.67411e-02	-8.203e-02	2.262e-02
chr14_103505037_C_T_b38	2	2.56081e-02	-8.159e-02	2.257e-02
chr14_103506166_C_T_b38	2	2.56081e-02	-8.159e-02	2.257e-02
chr14_103513797_A_T_b38	2	2.38147e-02	-8.128e-02	2.262e-02
chr14_103505938_G_A_b38	2	2.38147e-02	-8.128e-02	2.262e-02
chr14_103493961_G_A_b38	2	2.35853e-02	-8.770e-02	2.271e-02
chr14_103448888_GA_G_b38	2	2.00406e-02	-9.855e-02	2.393e-02
chr14_103515325_G_A_b38	2	1.93062e-02	-8.006e-02	2.267e-02
chr14_103515605_A_G_b38	2	1.93062e-02	-8.006e-02	2.267e-02
chr14_103518279_C_T_b38	2	1.69449e-02	-7.935e-02	2.273e-02
chr14_103480952_A_G_b38	2	1.22448e-02	-8.321e-02	2.262e-02
chr14_103483041_T_C_b38	2	1.11250e-02	-8.259e-02	2.263e-02
chr14_103498088_G_A_b38	2	1.08437e-02	-8.247e-02	2.264e-02
chr14_103518200_T_C_b38	2	1.02483e-02	7.190e-02	2.148e-02
chr14_103489455_A_G_b38	2	1.02022e-02	-8.198e-02	2.262e-02
chr14_103487158_C_G_b38	2	1.00260e-02	-8.246e-02	2.279e-02
chr14_103529868_T_C_b38	2	9.94296e-03	-6.638e-02	2.671e-02
chr14_103488732_G_A_b38	2	9.47288e-03	-8.163e-02	2.266e-02
chr14_103503572_A_G_b38	2	9.22996e-03	-8.129e-02	2.262e-02
chr14_103495792_AC_A_b38	2	9.22996e-03	-8.129e-02	2.262e-02
chr14_103490376_T_C_b38	2	9.22996e-03	-8.129e-02	2.262e-02
chr14_103486817_T_C_b38	2	9.22996e-03	-8.129e-02	2.262e-02
chr14_103490697_CAG_C_b38	2	9.07985e-03	-8.127e-02	2.264e-02
chr14_103493095_A_G_b38	2	8.79066e-03	-8.095e-02	2.261e-02
chr14_103500708_G_A_b38	2	7.93537e-03	-8.028e-02	2.263e-02
chr14_103486549_A_T_b38	2	6.76187e-03	-7.956e-02	2.273e-02
chr14_103483248_A_ATGT_b38	2	6.63962e-03	-7.945e-02	2.274e-02
chr14_103530396_C_G_b38	2	6.42683e-03	6.778e-02	2.642e-02
chr14_103530911_C_A_b38	2	6.42683e-03	6.778e-02	2.642e-02
chr14_103478575_G_A_b38	2	5.46387e-03	-8.667e-02	2.294e-02
chr14_103432188_G_C_b38	2	4.69544e-03	-8.485e-02	2.268e-02
chr14_103432552_TGAA_T_b38	2	4.61097e-03	-8.483e-02	2.270e-02
chr14_103432832_G_C_b38	2	4.61097e-03	-8.483e-02	2.270e-02
chr14_103435087_G_A_b38	2	4.01282e-03	-8.382e-02	2.268e-02
chr14_103438628_C_G_b38	2	4.01282e-03	-8.382e-02	2.268e-02
chr14_103436090_C_T_b38	2	3.85459e-03	-8.364e-02	2.271e-02
chr14_103434144_A_G_b38	2	3.70926e-03	-8.307e-02	2.262e-02
chr14_103449299_G_A_b38	2	3.68811e-03	-8.588e-02	2.346e-02
chr14_103412687_G_A_b38	2	3.59205e-03	9.009e-02	2.158e-02
chr14_103469528_C_T_b38	2	3.52638e-03	-8.317e-02	2.274e-02
chr14_103470749_G_A_b38	2	3.43077e-03	-8.272e-02	2.266e-02
chr14_103448878_GTGTT_G_b38	2	3.15757e-03	-8.665e-02	2.403e-02
chr14_103444646_G_A_b38	2	3.14693e-03	-8.237e-02	2.266e-02
chr14_103476425_G_A_b38	2	3.08488e-03	-8.198e-02	2.258e-02
chr14_103534181_G_T_b38	2	2.97350e-03	-6.602e-02	2.668e-02
chr14_103454505_C_T_b38	2	2.96646e-03	-8.172e-02	2.258e-02
chr14_103456082_C_G_b38	2	2.94615e-03	-8.169e-02	2.258e-02
chr14_103456053_A_G_b38	2	2.89131e-03	-8.173e-02	2.263e-02
chr14_103462702_C_T_b38	2	2.85480e-03	-8.146e-02	2.258e-02
chr14_103461468_A_G_b38	2	2.85480e-03	-8.146e-02	2.258e-02
chr14_103455579_T_C_b38	2	2.85480e-03	-8.146e-02	2.258e-02
chr14_103476526_A_G_b38	2	2.85480e-03	-8.146e-02	2.258e-02
chr14_103476511_ATATTTAC_A_b38	2	2.85480e-03	-8.146e-02	2.258e-02
chr14_103436717_A_G_b38	2	2.85480e-03	-8.146e-02	2.258e-02
chr14_103458144_A_C_b38	2	2.85480e-03	-8.146e-02	2.258e-02
chr14_103437724_T_G_b38	2	2.85480e-03	-8.146e-02	2.258e-02
chr14_103459120_A_C_b38	2	2.85480e-03	-8.146e-02	2.258e-02
chr14_103476803_T_C_b38	2	2.85480e-03	-8.146e-02	2.258e-02
chr14_103436903_G_A_b38	2	2.81257e-03	-8.138e-02	2.259e-02
chr14_103441504_T_A_b38	2	2.76802e-03	-8.126e-02	2.258e-02
chr14_103538631_C_T_b38	2	2.63405e-03	-6.879e-02	2.622e-02
chr14_103525141_T_A_b38	2	2.49339e-03	6.087e-02	2.493e-02
chr14_103435631_A_G_b38	2	2.42285e-03	-8.134e-02	2.287e-02
chr14_103469338_C_T_b38	2	2.32861e-03	-8.011e-02	2.259e-02
chr14_103411811_G_T_b38	2	2.09888e-03	8.654e-02	2.147e-02
chr14_103436617_T_TAA_b38	2	1.65311e-03	-7.816e-02	2.273e-02
chr14_103411531_A_G_b38	2	1.51745e-03	-8.848e-02	2.247e-02
chr14_103535897_G_A_b38	2	1.32550e-03	-6.158e-02	2.652e-02
chr14_103387023_A_C_b38	2	8.31413e-04	-8.712e-02	2.224e-02
chr14_103543293_A_G_b38	2	8.22054e-04	-7.225e-02	2.713e-02
chr14_103525759_C_G_b38	2	7.86433e-04	-5.373e-02	2.507e-02
chr14_103457975_A_G_b38	2	7.71055e-04	-7.623e-02	2.267e-02
chr14_103389970_C_T_b38	2	7.61278e-04	-9.535e-02	2.461e-02
chr14_103391613_G_A_b38	2	7.19683e-04	-8.886e-02	2.296e-02
chr14_103412144_G_A_b38	2	6.90034e-04	-8.698e-02	2.253e-02
chr14_103533413_C_T_b38	2	6.08159e-04	-5.060e-02	2.555e-02
chr14_103384569_G_C_b38	2	5.86609e-04	-8.619e-02	2.259e-02
chr14_103383378_C_T_b38	2	5.75557e-04	-8.601e-02	2.258e-02
chr14_103411199_G_A_b38	2	5.72373e-04	-8.562e-02	2.248e-02
chr14_103399140_T_A_b38	2	5.46643e-04	-8.553e-02	2.253e-02
chr14_103390988_G_A_b38	2	5.46643e-04	-8.553e-02	2.253e-02
chr14_103540379_T_C_b38	2	5.40142e-04	-6.582e-02	2.637e-02
chr14_103390892_G_T_b38	2	5.08672e-04	-8.518e-02	2.256e-02
chr14_103425372_G_A_b38	2	5.08307e-04	-8.527e-02	2.260e-02
chr14_103407878_T_C_b38	2	4.98517e-04	-8.506e-02	2.258e-02
chr14_103422844_A_G_b38	2	4.72040e-04	-8.456e-02	2.253e-02
chr14_103384096_C_T_b38	2	4.69101e-04	-8.468e-02	2.258e-02
chr14_103400765_C_T_b38	2	4.68984e-04	-8.449e-02	2.252e-02
chr14_103531588_C_T_b38	3	1.26562e-02	1.110e-01	4.822e-02
chr14_103551218_CAG_C_b38	3	8.27597e-04	1.144e-01	5.109e-02
chr14_103543648_G_A_b38	3	2.49301e-04	1.044e-01	5.361e-02
chr14_103514833_G_T_b38	3	4.56280e-09	0.000e+00	0.000e+00
chr14_103583417_T_C_b38	3	7.94048e-10	0.000e+00	0.000e+00
chr14_103589733_C_G_b38	3	7.57863e-10	0.000e+00	0.000e+00
