chr2_106073280_G_A_b38	1	5.65751e-01	-5.041e-01	3.786e-02
chr2_106071000_G_C_b38	1	4.32958e-01	-4.939e-01	3.731e-02
chr2_106022264_G_A_b38	2	2.82826e-01	-2.113e-01	3.240e-02
chr2_106020955_G_A_b38	2	1.79536e-01	-2.050e-01	3.160e-02
chr2_106021372_A_G_b38	2	1.79536e-01	-2.050e-01	3.160e-02
chr2_106021824_C_T_b38	2	1.45869e-01	-2.034e-01	3.170e-02
chr2_106021012_A_G_b38	2	1.35159e-01	-2.041e-01	3.137e-02
chr2_106023277_T_C_b38	2	5.01319e-02	-2.155e-01	3.270e-02
chr2_106022198_G_A_b38	2	2.56506e-02	-2.074e-01	3.025e-02
chr2_106106497_T_C_b38	3	8.17548e-01	-1.398e-01	2.931e-02
chr2_106117533_G_GT_b38	3	1.99354e-02	-1.288e-01	2.937e-02
chr2_106017730_C_A_b38	4	3.24414e-02	1.073e-01	3.291e-02
chr2_106015379_A_C_b38	4	3.24414e-02	1.073e-01	3.291e-02
chr2_106016286_C_T_b38	4	3.24414e-02	1.073e-01	3.291e-02
chr2_106014806_C_G_b38	4	2.43639e-02	1.039e-01	3.384e-02
chr2_106016203_C_T_b38	4	2.14407e-02	1.023e-01	3.248e-02
chr2_106015525_T_C_b38	4	2.14407e-02	1.023e-01	3.248e-02
chr2_106015937_C_T_b38	4	2.14407e-02	1.023e-01	3.248e-02
chr2_106015456_G_T_b38	4	2.14407e-02	1.023e-01	3.248e-02
chr2_106015593_G_A_b38	4	2.14407e-02	1.023e-01	3.248e-02
chr2_106014592_A_G_b38	4	1.58355e-02	1.017e-01	2.593e-02
chr2_106014854_C_T_b38	4	1.58355e-02	1.017e-01	2.593e-02
chr2_106009587_T_A_b38	4	1.45533e-03	1.051e-01	2.565e-02
chr2_106018448_G_A_b38	4	1.02005e-33	0.000e+00	0.000e+00
chr2_106008943_G_A_b38	4	7.47506e-34	0.000e+00	0.000e+00
chr2_106008756_C_T_b38	4	7.47506e-34	0.000e+00	0.000e+00
chr2_106012001_T_C_b38	4	7.47506e-34	0.000e+00	0.000e+00
chr2_106009296_A_C_b38	4	7.47506e-34	0.000e+00	0.000e+00
chr2_106010532_G_A_b38	4	7.47506e-34	0.000e+00	0.000e+00
chr2_106010104_A_G_b38	4	5.84146e-34	0.000e+00	0.000e+00
chr2_106005169_G_A_b38	4	5.52065e-34	0.000e+00	0.000e+00
chr2_106008278_A_G_b38	4	3.40302e-34	0.000e+00	0.000e+00
chr2_106009592_C_T_b38	4	3.40302e-34	0.000e+00	0.000e+00
chr2_106008539_A_C_b38	4	3.40302e-34	0.000e+00	0.000e+00
chr2_106012246_G_A_b38	4	3.40302e-34	0.000e+00	0.000e+00
chr2_106008169_T_C_b38	4	3.40302e-34	0.000e+00	0.000e+00
chr2_106008757_C_T_b38	4	3.40302e-34	0.000e+00	0.000e+00
chr2_106008426_G_A_b38	4	3.40302e-34	0.000e+00	0.000e+00
chr2_106013112_G_A_b38	4	3.40302e-34	0.000e+00	0.000e+00
chr2_106012966_ATAAT_A_b38	4	3.40302e-34	0.000e+00	0.000e+00
chr2_106009287_T_C_b38	4	3.40302e-34	0.000e+00	0.000e+00
chr2_106008272_GTAAT_G_b38	4	3.40302e-34	0.000e+00	0.000e+00
chr2_106019457_G_A_b38	4	6.16693e-35	0.000e+00	0.000e+00
chr2_106016850_G_C_b38	4	5.56069e-35	0.000e+00	0.000e+00
chr2_106013336_G_C_b38	4	3.81086e-35	0.000e+00	0.000e+00
chr2_106019676_A_T_b38	4	3.67261e-35	0.000e+00	0.000e+00
chr2_106006059_T_G_b38	4	1.21543e-35	0.000e+00	0.000e+00
chr2_106004524_A_T_b38	4	1.21543e-35	0.000e+00	0.000e+00
chr2_105999752_A_G_b38	4	1.21543e-35	0.000e+00	0.000e+00
chr2_106002433_T_A_b38	4	1.11306e-35	0.000e+00	0.000e+00
chr2_106022082_C_CGT_b38	5	2.12509e-03	-1.289e-01	3.422e-02
chr2_106022266_T_C_b38	5	2.12509e-03	-1.289e-01	3.422e-02
chr2_106022083_C_CT_b38	5	2.12509e-03	-1.289e-01	3.422e-02
chr2_106022247_G_A_b38	5	2.12509e-03	-1.289e-01	3.422e-02
chr2_106022357_A_G_b38	5	2.12509e-03	-1.289e-01	3.422e-02
chr2_106020285_A_G_b38	5	7.37970e-04	-1.363e-01	3.656e-02
chr2_106021194_C_T_b38	5	3.03084e-04	-1.297e-01	3.621e-02
chr2_106022437_T_C_b38	5	2.79179e-04	-1.202e-01	3.373e-02
chr2_106023087_G_A_b38	5	2.97701e-37	0.000e+00	0.000e+00
chr2_106022932_T_G_b38	5	9.88924e-38	0.000e+00	0.000e+00
chr2_106021842_C_T_b38	5	9.38277e-38	0.000e+00	0.000e+00
chr2_106020107_T_A_b38	5	7.77463e-38	0.000e+00	0.000e+00
chr2_106020266_G_T_b38	5	6.88682e-38	0.000e+00	0.000e+00
chr2_106021921_T_C_b38	5	6.14460e-38	0.000e+00	0.000e+00
