chr19_41397315_G_A_b38	1	1.04567e-01	-7.786e-02	2.213e-02
chr19_41396657_GA_G_b38	1	3.19756e-02	-7.442e-02	2.175e-02
chr19_41397766_A_G_b38	1	3.09516e-02	-6.891e-02	2.202e-02
chr19_41396456_G_A_b38	1	2.13619e-02	-7.594e-02	2.155e-02
chr19_41398835_GC_G_b38	1	2.11385e-02	-7.769e-02	2.214e-02
chr19_41396133_G_A_b38	1	2.10606e-02	-7.784e-02	2.212e-02
chr19_41398491_A_G_b38	1	2.09369e-02	-7.781e-02	2.220e-02
chr19_41396406_C_T_b38	1	1.53068e-02	-7.440e-02	2.174e-02
chr19_41394971_G_T_b38	1	1.50208e-02	-7.545e-02	2.209e-02
chr19_41395356_C_T_b38	1	1.48271e-02	-7.531e-02	2.208e-02
chr19_41406345_C_T_b38	1	1.44911e-02	-8.001e-02	2.158e-02
chr19_41406075_T_C_b38	1	1.44599e-02	-8.210e-02	2.215e-02
chr19_41407362_A_C_b38	1	1.44599e-02	-8.210e-02	2.215e-02
chr19_41404414_C_T_b38	1	1.44599e-02	-8.210e-02	2.215e-02
chr19_41406187_G_C_b38	1	1.44599e-02	-8.210e-02	2.215e-02
chr19_41406902_A_G_b38	1	1.44599e-02	-8.210e-02	2.215e-02
chr19_41394333_A_G_b38	1	1.34559e-02	-7.778e-02	2.209e-02
chr19_41400531_T_C_b38	1	1.26167e-02	-7.781e-02	2.220e-02
chr19_41400365_A_G_b38	1	1.26167e-02	-7.781e-02	2.220e-02
chr19_41400470_T_C_b38	1	1.26167e-02	-7.781e-02	2.220e-02
chr19_41398260_C_T_b38	1	1.22253e-02	-6.977e-02	2.209e-02
chr19_41433930_C_T_b38	1	1.15802e-02	8.835e-02	2.152e-02
chr19_41434096_A_G_b38	1	1.15802e-02	8.835e-02	2.152e-02
chr19_41439999_G_C_b38	1	1.08507e-02	8.748e-02	2.140e-02
chr19_41439943_G_T_b38	1	1.08507e-02	8.748e-02	2.140e-02
chr19_41407428_G_C_b38	1	1.07989e-02	-7.888e-02	2.178e-02
chr19_41406365_C_T_b38	1	1.04213e-02	-7.883e-02	2.183e-02
chr19_41437321_A_G_b38	1	1.02735e-02	8.746e-02	2.147e-02
chr19_41439080_T_A_b38	1	1.02735e-02	8.746e-02	2.147e-02
chr19_41394908_C_T_b38	1	9.79525e-03	-7.377e-02	2.153e-02
chr19_41394219_G_A_b38	1	9.51839e-03	-7.545e-02	2.209e-02
chr19_41413044_C_A_b38	1	8.62284e-03	-8.115e-02	2.167e-02
chr19_41403031_T_A_b38	1	8.58981e-03	-7.869e-02	2.214e-02
chr19_41412450_C_T_b38	1	8.38820e-03	-8.052e-02	2.154e-02
chr19_41402966_G_A_b38	1	7.98927e-03	-7.579e-02	2.144e-02
chr19_41411963_C_T_b38	1	7.56661e-03	-8.001e-02	2.158e-02
chr19_41407526_G_T_b38	1	7.56661e-03	-8.001e-02	2.158e-02
chr19_41412104_C_T_b38	1	7.56661e-03	-8.001e-02	2.158e-02
chr19_41416063_A_C_b38	1	7.55030e-03	-8.210e-02	2.215e-02
chr19_41411513_G_GC_b38	1	7.55030e-03	-8.210e-02	2.215e-02
chr19_41414039_A_C_b38	1	7.55030e-03	-8.210e-02	2.215e-02
chr19_41399635_C_T_b38	1	7.13811e-03	-6.967e-02	2.203e-02
chr19_41430703_C_A_b38	1	7.08001e-03	-8.575e-02	2.157e-02
chr19_41416146_G_A_b38	1	5.78118e-03	-7.810e-02	2.151e-02
chr19_41417161_G_A_b38	1	5.78118e-03	-7.810e-02	2.151e-02
chr19_41417409_T_C_b38	1	5.71059e-03	-8.003e-02	2.207e-02
chr19_41414535_A_T_b38	1	5.71059e-03	-8.003e-02	2.207e-02
chr19_41415675_A_G_b38	1	5.71059e-03	-8.003e-02	2.207e-02
chr19_41415166_C_T_b38	1	5.71059e-03	-8.003e-02	2.207e-02
chr19_41414860_T_C_b38	1	5.71059e-03	-8.003e-02	2.207e-02
chr19_41416447_A_G_b38	1	5.71059e-03	-8.003e-02	2.207e-02
chr19_41414306_T_C_b38	1	5.71059e-03	-8.003e-02	2.207e-02
chr19_41417894_T_C_b38	1	5.71059e-03	-8.003e-02	2.207e-02
chr19_41416685_T_C_b38	1	5.71059e-03	-8.003e-02	2.207e-02
chr19_41414549_G_C_b38	1	5.71059e-03	-8.003e-02	2.207e-02
chr19_41416870_A_C_b38	1	5.71059e-03	-8.003e-02	2.207e-02
chr19_41412253_C_T_b38	1	5.62455e-03	-7.895e-02	2.179e-02
chr19_41438935_A_AT_b38	1	5.19282e-03	8.406e-02	2.159e-02
chr19_41436803_C_G_b38	1	5.19282e-03	8.406e-02	2.159e-02
chr19_41438937_A_T_b38	1	5.19282e-03	8.406e-02	2.159e-02
chr19_41436970_A_C_b38	1	5.19282e-03	8.406e-02	2.159e-02
chr19_41424083_G_A_b38	1	5.18364e-03	-8.388e-02	2.156e-02
chr19_41421637_A_AG_b38	1	5.02825e-03	-7.943e-02	2.213e-02
chr19_41420193_T_C_b38	1	5.02825e-03	-7.943e-02	2.213e-02
chr19_41422431_T_C_b38	1	5.02825e-03	-7.943e-02	2.213e-02
chr19_41421224_A_G_b38	1	5.02825e-03	-7.943e-02	2.213e-02
chr19_41421457_A_AG_b38	1	5.02825e-03	-7.943e-02	2.213e-02
chr19_41420885_T_C_b38	1	5.02825e-03	-7.943e-02	2.213e-02
chr19_41420933_C_T_b38	1	5.02825e-03	-7.943e-02	2.213e-02
chr19_41438332_T_C_b38	1	4.82238e-03	8.404e-02	2.170e-02
chr19_41426215_C_T_b38	1	4.78058e-03	-8.288e-02	2.141e-02
chr19_41389166_C_G_b38	1	4.67584e-03	-7.501e-02	2.221e-02
chr19_41408571_T_C_b38	1	4.58686e-03	-7.855e-02	2.202e-02
chr19_41405135_C_G_b38	1	4.53215e-03	-7.396e-02	2.203e-02
chr19_41403441_A_G_b38	1	4.53215e-03	-7.396e-02	2.203e-02
chr19_41439932_T_A_b38	1	4.30544e-03	8.297e-02	2.160e-02
chr19_41382014_T_C_b38	1	4.15488e-03	-7.814e-02	2.209e-02
chr19_41434437_T_G_b38	1	3.99286e-03	8.392e-02	2.197e-02
chr19_41390240_G_A_b38	1	3.77608e-03	-7.222e-02	2.181e-02
chr19_41433392_C_G_b38	1	3.75691e-03	8.255e-02	2.170e-02
chr19_41406850_G_A_b38	1	3.55410e-03	-7.202e-02	2.196e-02
chr19_41382226_C_G_b38	1	3.54526e-03	-7.679e-02	2.201e-02
chr19_41380550_T_G_b38	1	3.54526e-03	-7.679e-02	2.201e-02
chr19_41382601_A_G_b38	1	3.54526e-03	-7.679e-02	2.201e-02
chr19_41380954_T_C_b38	1	3.41437e-03	-7.659e-02	2.203e-02
chr19_41394772_C_T_b38	1	3.32934e-03	-6.749e-02	2.198e-02
chr19_41390757_CCAGA_C_b38	1	3.13394e-03	-7.111e-02	2.188e-02
chr19_41391769_G_A_b38	1	3.13394e-03	-7.111e-02	2.188e-02
chr19_41422819_G_A_b38	1	3.04968e-03	-8.203e-02	2.191e-02
chr19_41404712_G_A_b38	1	2.84154e-03	-7.073e-02	2.207e-02
chr19_41383843_T_C_b38	1	2.77990e-03	-7.653e-02	2.243e-02
chr19_41424010_G_C_b38	1	2.70139e-03	-8.051e-02	2.172e-02
chr19_41430829_A_G_b38	1	2.59177e-03	-8.144e-02	2.202e-02
chr19_41408248_C_CCCAGCAT_b38	1	2.36649e-03	-7.396e-02	2.203e-02
chr19_41426179_G_T_b38	1	2.30497e-03	-7.912e-02	2.159e-02
chr19_41427885_TGAG_T_b38	1	2.20509e-03	-7.894e-02	2.162e-02
chr19_41438711_G_T_b38	1	2.20027e-03	7.985e-02	2.188e-02
chr19_41386364_C_T_b38	1	1.94791e-03	-7.196e-02	2.180e-02
chr19_41422747_C_T_b38	1	1.80125e-03	-7.943e-02	2.213e-02
chr19_41422860_C_T_b38	1	1.80125e-03	-7.943e-02	2.213e-02
chr19_41422962_G_GC_b38	1	1.80125e-03	-7.943e-02	2.213e-02
chr19_41426707_C_T_b38	1	1.53048e-03	-7.769e-02	2.193e-02
chr19_41386069_C_T_b38	1	1.39690e-03	-6.917e-02	2.166e-02
chr19_41423346_T_C_b38	1	1.32711e-03	-7.777e-02	2.224e-02
chr19_41426370_T_C_b38	1	1.29115e-03	-7.713e-02	2.210e-02
chr19_41384098_C_T_b38	1	1.26282e-03	-6.926e-02	2.194e-02
chr19_41391783_G_A_b38	1	1.12463e-03	-6.402e-02	2.209e-02
chr19_41397794_T_G_b38	2	1.97781e-02	4.529e-02	3.216e-02
chr19_41394904_C_T_b38	2	2.11480e-03	4.953e-02	3.285e-02
chr19_41410644_C_A_b38	2	1.17236e-04	3.821e-02	3.468e-02
chr19_41382945_AGGGGACTGGGC_A_b38	2	1.14506e-04	3.748e-02	3.350e-02
chr19_41354682_C_T_b38	2	4.91088e-05	5.666e-02	3.774e-02
chr19_41426158_A_G_b38	2	4.18931e-05	4.973e-02	3.206e-02
chr19_41426923_G_A_b38	2	3.54669e-05	4.479e-02	3.204e-02
