chr9_33660460_T_C_b38	1	2.45467e-01	-3.088e-01	5.598e-02
chr9_33655387_C_A_b38	1	1.42657e-01	-2.956e-01	5.471e-02
chr9_33659572_G_A_b38	1	1.42657e-01	-2.956e-01	5.471e-02
chr9_33653459_G_A_b38	1	1.42657e-01	-2.956e-01	5.471e-02
chr9_33656507_T_C_b38	1	1.42657e-01	-2.956e-01	5.471e-02
chr9_33640634_T_A_b38	1	7.55104e-02	-2.963e-01	5.405e-02
chr9_33645713_T_C_b38	1	7.55104e-02	-2.963e-01	5.405e-02
chr9_33628194_G_C_b38	1	6.78588e-03	-2.816e-01	5.550e-02
chr9_33628133_G_C_b38	1	6.78588e-03	-2.816e-01	5.550e-02
chr9_33627800_C_T_b38	1	6.78588e-03	-2.816e-01	5.550e-02
chr9_33637975_C_T_b38	1	6.78588e-03	-2.816e-01	5.550e-02
chr9_33636049_T_C_b38	1	4.87482e-03	-2.789e-01	5.573e-02
chr9_33677151_G_C_b38	2	7.09805e-02	3.585e-01	1.396e-01
chr9_33677182_A_G_b38	2	7.09805e-02	3.585e-01	1.396e-01
chr9_33676829_G_T_b38	2	7.09805e-02	3.585e-01	1.396e-01
chr9_33677351_GT_G_b38	2	7.09805e-02	3.585e-01	1.396e-01
chr9_33676775_G_C_b38	2	7.09805e-02	3.585e-01	1.396e-01
chr9_33677004_C_G_b38	2	7.09805e-02	3.585e-01	1.396e-01
chr9_33677341_A_C_b38	2	7.09805e-02	3.585e-01	1.396e-01
chr9_33677170_T_TC_b38	2	7.09805e-02	3.585e-01	1.396e-01
chr9_33677476_C_T_b38	2	7.09805e-02	3.585e-01	1.396e-01
chr9_33677187_G_C_b38	2	4.55926e-02	3.455e-01	1.353e-01
chr9_33676175_C_T_b38	2	1.28602e-02	3.425e-01	1.115e-01
chr9_33679602_ATG_A_b38	2	1.16603e-02	3.425e-01	1.115e-01
chr9_33679356_G_A_b38	2	1.16603e-02	3.425e-01	1.115e-01
chr9_33679508_G_A_b38	2	1.16603e-02	3.425e-01	1.115e-01
chr9_33678307_G_A_b38	2	1.16603e-02	3.425e-01	1.115e-01
chr9_33681448_A_C_b38	2	9.68507e-03	3.244e-01	8.768e-02
chr9_33681811_G_A_b38	2	7.83750e-03	3.399e-01	1.052e-01
chr9_33681450_A_C_b38	2	7.83750e-03	3.399e-01	1.052e-01
chr9_33680603_G_T_b38	2	7.83750e-03	3.399e-01	1.052e-01
chr9_33680994_T_C_b38	2	7.83750e-03	3.399e-01	1.052e-01
chr9_33682137_C_CGT_b38	2	7.83750e-03	3.399e-01	1.052e-01
chr9_33682141_A_C_b38	2	7.83750e-03	3.399e-01	1.052e-01
chr9_33679778_G_A_b38	2	7.83750e-03	3.399e-01	1.052e-01
chr9_33673794_A_G_b38	2	7.69524e-03	3.399e-01	1.052e-01
chr9_33673798_C_A_b38	2	7.69524e-03	3.399e-01	1.052e-01
chr9_33672344_T_A_b38	2	7.69524e-03	3.399e-01	1.052e-01
chr9_33672538_C_A_b38	2	7.69524e-03	3.399e-01	1.052e-01
chr9_33674503_C_T_b38	2	7.69524e-03	3.399e-01	1.052e-01
chr9_33673937_C_T_b38	2	7.69524e-03	3.399e-01	1.052e-01
chr9_33672393_T_C_b38	2	7.69524e-03	3.399e-01	1.052e-01
chr9_33666450_G_A_b38	2	5.32668e-03	3.542e-01	1.206e-01
chr9_33686112_A_G_b38	2	4.74873e-03	3.364e-01	9.603e-02
chr9_33685273_C_T_b38	2	4.74873e-03	3.364e-01	9.603e-02
chr9_33683742_T_C_b38	2	4.74873e-03	3.364e-01	9.603e-02
chr9_33685837_C_T_b38	2	4.74873e-03	3.364e-01	9.603e-02
chr9_33687193_A_G_b38	2	4.74873e-03	3.364e-01	9.603e-02
chr9_33683569_G_C_b38	2	4.74873e-03	3.364e-01	9.603e-02
chr9_33685399_G_A_b38	2	4.74873e-03	3.364e-01	9.603e-02
chr9_33684949_T_C_b38	2	4.74873e-03	3.364e-01	9.603e-02
chr9_33683800_C_G_b38	2	4.74873e-03	3.364e-01	9.603e-02
chr9_33669376_A_G_b38	2	4.55456e-03	3.402e-01	9.401e-02
chr9_33669651_A_G_b38	2	4.18295e-03	3.364e-01	9.603e-02
chr9_33669134_G_A_b38	2	4.18295e-03	3.364e-01	9.603e-02
chr9_33667496_T_A_b38	2	4.18295e-03	3.364e-01	9.603e-02
chr9_33669386_A_G_b38	2	4.18295e-03	3.364e-01	9.603e-02
chr9_33667566_C_T_b38	2	4.18295e-03	3.364e-01	9.603e-02
chr9_33667639_G_A_b38	2	4.18295e-03	3.364e-01	9.603e-02
chr9_33667282_G_A_b38	2	2.87446e-03	3.206e-01	9.017e-02
chr9_33684438_C_T_b38	2	2.14769e-03	2.771e-01	8.124e-02
chr9_33662952_T_C_b38	2	2.14201e-03	3.347e-01	9.122e-02
chr9_33667157_T_C_b38	2	2.14201e-03	3.347e-01	9.122e-02
chr9_33663503_C_T_b38	2	2.14201e-03	3.347e-01	9.122e-02
chr9_33663770_T_G_b38	2	2.14201e-03	3.347e-01	9.122e-02
chr9_33662085_G_T_b38	2	2.14201e-03	3.347e-01	9.122e-02
chr9_33666718_T_C_b38	2	2.14201e-03	3.347e-01	9.122e-02
chr9_33662787_A_C_b38	2	2.14201e-03	3.347e-01	9.122e-02
chr9_33662916_C_G_b38	2	2.14201e-03	3.347e-01	9.122e-02
chr9_33662595_G_A_b38	2	2.14201e-03	3.347e-01	9.122e-02
chr9_33662559_G_C_b38	2	2.14201e-03	3.347e-01	9.122e-02
chr9_33664734_C_G_b38	2	2.14201e-03	3.347e-01	9.122e-02
chr9_33662426_G_A_b38	2	2.14201e-03	3.347e-01	9.122e-02
chr9_33687631_C_T_b38	2	2.11904e-03	3.347e-01	9.122e-02
chr9_33687890_C_T_b38	2	2.11904e-03	3.347e-01	9.122e-02
chr9_33687513_C_G_b38	2	2.11904e-03	3.347e-01	9.122e-02
chr9_33688471_T_A_b38	2	2.11904e-03	3.347e-01	9.122e-02
chr9_33691385_A_C_b38	2	2.11904e-03	3.347e-01	9.122e-02
chr9_33677084_G_A_b38	2	2.37763e-04	1.979e-01	1.009e-01
chr9_33677385_GGCC_G_b38	2	2.26971e-04	1.967e-01	1.019e-01
chr9_33710242_C_T_b38	2	2.07614e-04	3.349e-01	9.103e-02
chr9_33716806_A_C_b38	2	2.07614e-04	3.349e-01	9.103e-02
chr9_33721195_C_T_b38	2	2.07614e-04	3.349e-01	9.103e-02
chr9_33717760_A_T_b38	2	2.07614e-04	3.349e-01	9.103e-02
chr9_33719797_T_C_b38	2	2.07614e-04	3.349e-01	9.103e-02
chr9_33675132_C_T_b38	3	1.21935e-02	-5.798e-01	2.162e-01
chr9_33686226_A_C_b38	3	4.37715e-03	-5.799e-01	2.162e-01
chr9_33668641_A_G_b38	3	3.82894e-03	-5.799e-01	2.162e-01
chr9_33669165_G_A_b38	3	3.82894e-03	-5.799e-01	2.162e-01
chr9_33667262_G_A_b38	3	1.75397e-03	-5.795e-01	2.161e-01
chr9_33663251_C_T_b38	3	1.75397e-03	-5.795e-01	2.161e-01
chr9_33701988_A_G_b38	3	1.73517e-03	-5.795e-01	2.161e-01
chr9_33688184_C_T_b38	3	1.73517e-03	-5.795e-01	2.161e-01
chr9_33689673_A_G_b38	3	1.73517e-03	-5.795e-01	2.161e-01
chr9_33690228_G_A_b38	3	1.73517e-03	-5.795e-01	2.161e-01
chr9_33700437_T_G_b38	3	1.73517e-03	-5.795e-01	2.161e-01
chr9_33701370_A_G_b38	3	1.73517e-03	-5.795e-01	2.161e-01
chr9_33691075_G_A_b38	3	1.73517e-03	-5.795e-01	2.161e-01
chr9_33692397_C_G_b38	3	1.37637e-03	-5.210e-01	2.069e-01
chr9_33696246_G_T_b38	3	1.37637e-03	-5.210e-01	2.069e-01
chr9_33645354_T_C_b38	3	7.56230e-04	-2.758e-01	1.082e-01
chr9_33641809_A_G_b38	3	7.56230e-04	-2.758e-01	1.082e-01
chr9_33649661_T_C_b38	3	7.56230e-04	-2.758e-01	1.082e-01
chr9_33647844_G_T_b38	3	7.56230e-04	-2.758e-01	1.082e-01
chr9_33631393_C_A_b38	3	7.56230e-04	-2.758e-01	1.082e-01
chr9_33642547_A_G_b38	3	7.56230e-04	-2.758e-01	1.082e-01
chr9_33635150_A_T_b38	3	7.56230e-04	-2.758e-01	1.082e-01
chr9_33715040_CCAACAACAGCAAAACACACCT_C_b38	3	6.34502e-04	-5.306e-01	1.963e-01
chr9_33720861_G_A_b38	3	5.46400e-04	-5.868e-01	2.152e-01
chr9_33720182_C_T_b38	3	5.46400e-04	-5.868e-01	2.152e-01
chr9_33718727_TTG_T_b38	3	5.46400e-04	-5.868e-01	2.152e-01
chr9_33716970_G_C_b38	3	5.46400e-04	-5.868e-01	2.152e-01
chr9_33605851_C_A_b38	3	3.51665e-04	0.000e+00	0.000e+00
chr9_33602233_G_A_b38	3	3.51665e-04	0.000e+00	0.000e+00
chr9_33722539_T_TG_b38	3	3.44290e-04	0.000e+00	0.000e+00
chr9_33607278_C_A_b38	3	3.43914e-04	0.000e+00	0.000e+00
chr9_33728506_T_C_b38	3	3.17974e-05	0.000e+00	0.000e+00
chr9_33733750_C_T_b38	3	3.17974e-05	0.000e+00	0.000e+00
chr9_33729514_C_A_b38	3	3.17974e-05	0.000e+00	0.000e+00
chr9_33727983_C_T_b38	3	3.17974e-05	0.000e+00	0.000e+00
chr9_33757434_A_G_b38	3	2.89083e-05	0.000e+00	0.000e+00
chr9_33734440_G_A_b38	3	2.89083e-05	0.000e+00	0.000e+00
chr9_33767268_C_T_b38	3	2.89083e-05	0.000e+00	0.000e+00
chr9_33736283_G_T_b38	3	2.89083e-05	0.000e+00	0.000e+00
chr9_33752017_G_A_b38	3	2.89083e-05	0.000e+00	0.000e+00
chr9_33758485_C_A_b38	3	2.89083e-05	0.000e+00	0.000e+00
chr9_33760855_A_C_b38	3	2.89083e-05	0.000e+00	0.000e+00
chr9_33758662_G_C_b38	3	2.89083e-05	0.000e+00	0.000e+00
chr9_33767482_A_C_b38	3	2.89083e-05	0.000e+00	0.000e+00
chr9_33746655_C_T_b38	3	2.89083e-05	0.000e+00	0.000e+00
chr9_33745992_T_C_b38	3	2.89083e-05	0.000e+00	0.000e+00
chr9_33737045_G_A_b38	3	2.89083e-05	0.000e+00	0.000e+00
chr9_33598333_G_A_b38	4	1.10786e-04	0.000e+00	0.000e+00
chr9_33594327_C_T_b38	4	1.24672e-05	0.000e+00	0.000e+00
chr9_33598104_C_T_b38	4	1.05505e-09	0.000e+00	0.000e+00
chr9_33594105_G_A_b38	4	1.68017e-10	0.000e+00	0.000e+00
