chr6_109383248_A_C_b38	1	2.67136e-01	4.102e-01	8.322e-02
chr6_109383239_T_C_b38	1	2.67136e-01	4.102e-01	8.322e-02
chr6_109382188_C_T_b38	1	1.25859e-01	4.105e-01	7.783e-02
chr6_109383848_G_A_b38	1	4.82077e-02	4.115e-01	6.741e-02
chr6_109384807_C_A_b38	1	4.82077e-02	4.115e-01	6.741e-02
chr6_109401793_T_C_b38	1	2.19532e-02	4.177e-01	6.090e-02
chr6_109402736_G_A_b38	1	1.99608e-02	4.167e-01	6.064e-02
chr6_109403734_G_A_b38	1	1.99608e-02	4.167e-01	6.064e-02
chr6_109397362_C_G_b38	1	1.99608e-02	4.167e-01	6.064e-02
chr6_109401814_T_TCC_b38	1	1.99608e-02	4.167e-01	6.064e-02
chr6_109390116_T_C_b38	1	1.49662e-02	4.121e-01	6.128e-02
chr6_109392195_C_CAG_b38	1	1.36319e-02	4.112e-01	6.122e-02
chr6_109392096_A_C_b38	1	1.36319e-02	4.112e-01	6.122e-02
chr6_109390638_C_A_b38	1	1.36319e-02	4.112e-01	6.122e-02
chr6_109424122_T_A_b38	1	9.67561e-03	4.204e-01	6.050e-02
chr6_109426518_G_A_b38	1	7.99412e-03	4.181e-01	6.008e-02
chr6_109424305_A_C_b38	1	7.99412e-03	4.181e-01	6.008e-02
chr6_109427644_T_C_b38	1	7.99412e-03	4.181e-01	6.008e-02
chr6_109430292_A_C_b38	1	7.99412e-03	4.181e-01	6.008e-02
chr6_109420247_T_C_b38	1	7.99412e-03	4.181e-01	6.008e-02
chr6_109424756_G_C_b38	1	7.99412e-03	4.181e-01	6.008e-02
chr6_109425054_A_G_b38	1	7.99412e-03	4.181e-01	6.008e-02
chr6_109409679_T_C_b38	1	6.63847e-03	4.168e-01	6.037e-02
chr6_109395905_C_G_b38	1	4.40679e-03	4.063e-01	6.128e-02
chr6_109393881_G_A_b38	1	4.40679e-03	4.063e-01	6.128e-02
chr6_109395885_T_G_b38	1	4.40679e-03	4.063e-01	6.128e-02
chr6_109382935_A_G_b38	2	2.80016e-01	4.792e-01	1.250e-01
chr6_109383183_C_A_b38	2	2.80016e-01	4.792e-01	1.250e-01
chr6_109383754_T_C_b38	2	1.23116e-01	5.311e-01	1.281e-01
chr6_109382124_G_A_b38	2	9.56566e-02	5.079e-01	1.263e-01
chr6_109383445_A_G_b38	2	7.11781e-02	5.052e-01	1.262e-01
chr6_109386966_C_T_b38	2	2.90033e-02	4.776e-01	1.171e-01
chr6_109386968_G_T_b38	2	2.90033e-02	4.776e-01	1.171e-01
chr6_109390799_A_G_b38	2	1.56064e-02	5.329e-01	1.274e-01
chr6_109392693_G_T_b38	2	1.26524e-02	4.786e-01	1.168e-01
chr6_109396281_T_C_b38	2	7.56350e-03	5.330e-01	1.275e-01
chr6_109401789_G_A_b38	2	6.15700e-03	4.788e-01	1.168e-01
chr6_109400025_A_C_b38	2	6.15700e-03	4.788e-01	1.168e-01
chr6_109401880_C_T_b38	2	6.15700e-03	4.788e-01	1.168e-01
chr6_109404619_G_A_b38	2	6.15700e-03	4.788e-01	1.168e-01
chr6_109401184_A_T_b38	2	6.15700e-03	4.788e-01	1.168e-01
chr6_109394399_C_A_b38	2	5.55418e-03	4.820e-01	1.182e-01
chr6_109419704_C_T_b38	2	2.43324e-03	5.328e-01	1.274e-01
chr6_109388333_C_T_b38	2	2.28097e-03	4.442e-01	1.196e-01
chr6_109398216_C_T_b38	2	1.65438e-03	4.400e-01	1.154e-01
chr6_109382480_G_C_b38	3	9.99175e-03	8.693e-02	1.081e-01
chr6_109382524_C_A_b38	3	8.24023e-03	3.853e-03	1.250e-01
chr6_109381925_CA_C_b38	3	3.32876e-03	4.698e-03	1.254e-01
chr6_109381443_A_T_b38	3	1.46612e-03	8.817e-02	1.083e-01
chr6_109385087_A_G_b38	3	1.28438e-03	3.212e-03	1.242e-01
chr6_109384228_C_A_b38	3	1.28438e-03	3.212e-03	1.242e-01
chr6_109380457_G_C_b38	3	1.13473e-03	-1.602e-02	1.222e-01
chr6_109380990_T_C_b38	3	1.13473e-03	-1.602e-02	1.222e-01
chr6_109391534_G_C_b38	3	1.03559e-03	-7.041e-01	5.248e-01
chr6_109387685_T_G_b38	3	6.73596e-04	2.907e-03	1.242e-01
chr6_109378243_A_T_b38	3	6.22530e-04	6.933e-02	1.061e-01
chr6_109380015_T_C_b38	3	5.96260e-04	-1.632e-02	1.222e-01
chr6_109403287_A_T_b38	3	4.31918e-04	-2.413e-01	2.311e-01
chr6_109391084_C_T_b38	3	4.01702e-04	2.501e-02	1.255e-01
chr6_109374782_G_A_b38	3	3.87330e-04	-1.020e-01	1.198e-01
chr6_109375003_A_G_b38	3	3.82159e-04	-6.673e-02	1.193e-01
chr6_109373000_CCTA_C_b38	3	3.82159e-04	-6.673e-02	1.193e-01
chr6_109358227_G_T_b38	3	3.77550e-04	-2.925e-01	2.939e-01
chr6_109387972_G_A_b38	3	3.73219e-04	8.811e-02	1.086e-01
chr6_109375848_C_A_b38	3	3.32317e-04	4.933e-02	1.072e-01
chr6_109373851_T_C_b38	3	3.08782e-04	3.558e-02	1.063e-01
chr6_109388256_A_G_b38	3	3.00262e-04	6.145e-03	1.244e-01
chr6_109405536_T_C_b38	3	2.64743e-04	7.239e-02	1.233e-01
chr6_109401914_A_G_b38	3	2.64743e-04	7.239e-02	1.233e-01
chr6_109407238_T_C_b38	3	2.46009e-04	6.052e-02	1.268e-01
chr6_109421948_C_T_b38	3	2.43723e-04	7.013e-01	3.149e-01
chr6_109421805_G_A_b38	3	2.43723e-04	7.013e-01	3.149e-01
chr6_109399202_G_C_b38	3	2.26785e-04	1.260e-01	1.067e-01
chr6_109403951_G_A_b38	3	2.26785e-04	1.260e-01	1.067e-01
chr6_109350188_C_G_b38	3	1.92523e-04	-7.988e-01	5.312e-01
chr6_109423487_T_C_b38	3	1.84474e-04	6.110e-01	2.979e-01
chr6_109420812_G_A_b38	3	1.84474e-04	6.110e-01	2.979e-01
chr6_109416903_C_T_b38	3	1.84474e-04	6.110e-01	2.979e-01
chr6_109415123_C_T_b38	3	1.84474e-04	6.110e-01	2.979e-01
chr6_109423330_T_A_b38	3	1.84474e-04	6.110e-01	2.979e-01
chr6_109417941_A_G_b38	3	1.84474e-04	6.110e-01	2.979e-01
chr6_109417511_A_G_b38	3	1.84474e-04	6.110e-01	2.979e-01
chr6_109422189_A_T_b38	3	1.84474e-04	6.110e-01	2.979e-01
chr6_109367528_C_A_b38	3	1.84461e-04	-1.320e-01	1.234e-01
chr6_109358652_T_G_b38	3	1.66296e-04	-1.145e-01	1.200e-01
chr6_109424139_A_G_b38	3	1.65576e-04	1.375e-01	1.176e-01
chr6_109368704_G_T_b38	3	1.64977e-04	-1.133e-01	1.186e-01
chr6_109359747_G_A_b38	3	1.57884e-04	-5.919e-02	1.212e-01
chr6_109364245_CA_C_b38	3	1.57884e-04	-5.919e-02	1.212e-01
chr6_109361318_T_C_b38	3	1.57884e-04	-5.919e-02	1.212e-01
chr6_109366911_A_G_b38	3	1.57884e-04	-5.919e-02	1.212e-01
chr6_109357908_C_T_b38	3	1.57884e-04	-5.919e-02	1.212e-01
chr6_109369545_AGTAAT_A_b38	3	1.57884e-04	-5.919e-02	1.212e-01
chr6_109371573_T_C_b38	3	1.57207e-04	-5.957e-02	1.198e-01
chr6_109371281_C_T_b38	3	1.57207e-04	-5.957e-02	1.198e-01
chr6_109407148_A_G_b38	3	1.44740e-04	7.781e-02	1.290e-01
chr6_109395761_T_C_b38	3	1.41185e-04	-1.171e-02	1.224e-01
chr6_109399147_G_A_b38	3	1.36823e-04	6.440e-02	1.228e-01
chr6_109405874_A_C_b38	3	1.36823e-04	6.440e-02	1.228e-01
chr6_109372084_A_G_b38	3	1.28982e-04	5.699e-02	1.075e-01
chr6_109397208_GGCAGAATA_G_b38	3	1.27142e-04	4.109e-02	1.197e-01
chr6_109360679_T_C_b38	3	1.21256e-04	4.123e-02	1.065e-01
chr6_109365409_C_T_b38	3	1.21256e-04	4.123e-02	1.065e-01
chr6_109359125_C_T_b38	3	1.21256e-04	4.123e-02	1.065e-01
chr6_109369898_A_G_b38	3	1.06885e-04	-7.607e-04	9.739e-02
chr6_109415050_C_T_b38	3	1.05731e-04	1.629e-01	1.069e-01
chr6_109427303_T_C_b38	3	8.64707e-05	1.466e-01	1.077e-01
chr6_109415411_G_A_b38	3	8.52349e-05	2.222e-01	1.862e-01
chr6_109454233_T_C_b38	3	7.63868e-05	3.398e-01	2.154e-01
chr6_109451315_A_G_b38	3	6.59597e-05	3.255e-01	2.379e-01
chr6_109421257_C_T_b38	3	6.35721e-05	2.290e-01	2.445e-01
chr6_109432968_G_A_b38	3	6.12855e-05	3.260e-01	2.738e-01
chr6_109355573_G_A_b38	3	6.02118e-05	-1.916e-01	3.860e-01
chr6_109416945_A_G_b38	3	5.86002e-05	1.295e-01	1.068e-01
chr6_109429207_C_T_b38	3	5.78604e-05	1.462e-01	1.284e-01
chr6_109430398_G_A_b38	3	5.78604e-05	1.462e-01	1.284e-01
chr6_109413713_A_C_b38	3	5.71602e-05	1.350e-01	1.166e-01
chr6_109470900_A_G_b38	3	5.51317e-05	4.956e-01	5.529e-02
chr6_109464011_C_T_b38	3	5.51317e-05	4.956e-01	5.529e-02
chr6_109462738_A_G_b38	3	5.51317e-05	4.956e-01	5.529e-02
chr6_109465777_T_C_b38	3	5.51317e-05	4.956e-01	5.529e-02
chr6_109476101_A_G_b38	3	5.51317e-05	4.956e-01	5.529e-02
chr6_109460098_T_TCA_b38	3	5.51317e-05	4.956e-01	5.529e-02
chr6_109470427_G_A_b38	3	5.51317e-05	4.956e-01	5.529e-02
chr6_109477209_G_C_b38	3	5.51317e-05	4.956e-01	5.529e-02
chr6_109443332_G_T_b38	3	5.49432e-05	4.979e-01	5.553e-02
chr6_109347707_G_A_b38	3	4.28940e-05	-1.350e-01	1.254e-01
chr6_109346560_G_A_b38	3	4.28940e-05	-1.350e-01	1.254e-01
chr6_109357369_C_T_b38	3	3.90958e-05	0.000e+00	0.000e+00
chr6_109414295_T_C_b38	3	3.79472e-05	0.000e+00	0.000e+00
chr6_109424711_C_G_b38	3	3.79472e-05	0.000e+00	0.000e+00
chr6_109423238_C_T_b38	3	3.79472e-05	0.000e+00	0.000e+00
chr6_109428824_A_T_b38	3	3.79472e-05	0.000e+00	0.000e+00
chr6_109409645_C_T_b38	3	3.77968e-05	0.000e+00	0.000e+00
chr6_109350642_G_C_b38	3	3.73738e-05	0.000e+00	0.000e+00
chr6_109340338_G_C_b38	3	3.61979e-05	0.000e+00	0.000e+00
chr6_109351533_A_G_b38	3	3.34696e-05	0.000e+00	0.000e+00
chr6_109339681_C_A_b38	3	3.33379e-05	0.000e+00	0.000e+00
chr6_109352730_T_C_b38	3	3.28011e-05	0.000e+00	0.000e+00
chr6_109353355_A_G_b38	3	3.28011e-05	0.000e+00	0.000e+00
chr6_109347277_C_T_b38	3	3.28011e-05	0.000e+00	0.000e+00
chr6_109352852_C_T_b38	3	3.28011e-05	0.000e+00	0.000e+00
chr6_109354040_T_C_b38	3	3.28011e-05	0.000e+00	0.000e+00
chr6_109347085_C_T_b38	3	3.28011e-05	0.000e+00	0.000e+00
chr6_109343926_C_G_b38	3	3.27968e-05	0.000e+00	0.000e+00
chr6_109418898_C_T_b38	3	3.10348e-05	0.000e+00	0.000e+00
chr6_109382859_A_G_b38	4	1.61141e-04	0.000e+00	0.000e+00
chr6_109377103_C_T_b38	4	2.30126e-19	0.000e+00	0.000e+00
