chr16_28811776_A_G_b38	1	6.28406e-02	-5.147e-01	1.059e-01
chr16_28824884_T_C_b38	1	5.63512e-02	-5.111e-01	1.029e-01
chr16_28825882_T_G_b38	1	4.48183e-02	-5.167e-01	1.036e-01
chr16_28826585_A_G_b38	1	3.76653e-02	-4.953e-01	1.052e-01
chr16_28820038_T_C_b38	1	3.71430e-02	-5.082e-01	1.051e-01
chr16_28821061_C_T_b38	1	3.71430e-02	-5.082e-01	1.051e-01
chr16_28821978_C_A_b38	1	3.71430e-02	-5.082e-01	1.051e-01
chr16_28821776_A_G_b38	1	3.71430e-02	-5.082e-01	1.051e-01
chr16_28814986_A_G_b38	1	3.04816e-02	-5.150e-01	1.059e-01
chr16_28813364_T_C_b38	1	3.04816e-02	-5.150e-01	1.059e-01
chr16_28811719_AT_A_b38	1	2.67711e-02	-4.757e-01	1.066e-01
chr16_28829060_A_G_b38	1	1.38698e-02	-5.184e-01	1.030e-01
chr16_28806466_A_G_b38	1	1.38437e-02	-4.587e-01	1.096e-01
chr16_28817513_A_C_b38	1	1.29133e-02	-4.763e-01	1.064e-01
chr16_28814099_C_T_b38	1	1.29133e-02	-4.763e-01	1.064e-01
chr16_28816177_T_C_b38	1	1.29133e-02	-4.763e-01	1.064e-01
chr16_28814545_T_G_b38	1	1.29133e-02	-4.763e-01	1.064e-01
chr16_28814284_G_A_b38	1	1.29133e-02	-4.763e-01	1.064e-01
chr16_28813779_T_C_b38	1	1.29133e-02	-4.763e-01	1.064e-01
chr16_28814632_A_G_b38	1	1.29133e-02	-4.763e-01	1.064e-01
chr16_28814456_C_T_b38	1	1.29133e-02	-4.763e-01	1.064e-01
chr16_28851566_TCTC_T_b38	1	1.02938e-02	-4.968e-01	1.041e-01
chr16_28833044_G_A_b38	1	1.02938e-02	-4.968e-01	1.041e-01
chr16_28828609_G_T_b38	1	1.02938e-02	-4.968e-01	1.041e-01
chr16_28833930_G_A_b38	1	1.02938e-02	-4.968e-01	1.041e-01
chr16_28843448_A_G_b38	1	1.02938e-02	-4.968e-01	1.041e-01
chr16_28835545_G_A_b38	1	1.02938e-02	-4.968e-01	1.041e-01
chr16_28835828_G_C_b38	1	1.02938e-02	-4.968e-01	1.041e-01
chr16_28842675_A_C_b38	1	1.02938e-02	-4.968e-01	1.041e-01
chr16_28835519_T_G_b38	1	1.02938e-02	-4.968e-01	1.041e-01
chr16_28828104_T_C_b38	1	1.02938e-02	-4.968e-01	1.041e-01
chr16_28831704_C_T_b38	1	1.02938e-02	-4.968e-01	1.041e-01
chr16_28844406_A_G_b38	1	1.02938e-02	-4.968e-01	1.041e-01
chr16_28840056_C_CCT_b38	1	1.02938e-02	-4.968e-01	1.041e-01
chr16_28848481_A_G_b38	1	1.02938e-02	-4.968e-01	1.041e-01
chr16_28833706_TGATCAGGG_T_b38	1	1.02938e-02	-4.968e-01	1.041e-01
chr16_28850560_C_T_b38	1	1.02938e-02	-4.968e-01	1.041e-01
chr16_28831797_A_G_b38	1	1.02938e-02	-4.968e-01	1.041e-01
chr16_28837497_A_G_b38	1	1.02938e-02	-4.968e-01	1.041e-01
chr16_28844201_G_C_b38	1	1.02938e-02	-4.968e-01	1.041e-01
chr16_28832963_A_G_b38	1	1.02938e-02	-4.968e-01	1.041e-01
chr16_28850413_A_C_b38	1	1.02938e-02	-4.968e-01	1.041e-01
chr16_28824359_T_TG_b38	1	1.02255e-02	-4.893e-01	1.091e-01
chr16_28826194_T_C_b38	1	8.13413e-03	-4.574e-01	1.012e-01
chr16_28828071_G_A_b38	1	7.87223e-03	-5.016e-01	1.047e-01
chr16_28830456_C_T_b38	1	7.87223e-03	-5.016e-01	1.047e-01
chr16_28831263_G_GGTTGT_b38	1	7.87223e-03	-5.016e-01	1.047e-01
chr16_28828414_C_G_b38	1	7.87223e-03	-5.016e-01	1.047e-01
chr16_28837347_T_C_b38	1	7.85744e-03	-5.018e-01	1.046e-01
chr16_28883809_A_G_b38	1	6.63331e-03	-5.037e-01	1.017e-01
chr16_28806716_C_T_b38	1	6.19386e-03	-3.733e-01	9.579e-02
chr16_28855740_T_C_b38	1	5.49975e-03	-5.019e-01	1.039e-01
chr16_28848916_C_G_b38	1	4.09972e-03	-4.693e-01	1.077e-01
chr16_28848862_G_A_b38	1	4.09972e-03	-4.693e-01	1.077e-01
chr16_28754838_A_G_b38	1	4.02074e-03	-4.539e-01	9.412e-02
chr16_28882088_T_C_b38	1	3.66670e-03	-4.990e-01	1.036e-01
chr16_28860532_C_T_b38	1	3.66670e-03	-4.990e-01	1.036e-01
chr16_28878810_C_A_b38	1	3.66670e-03	-4.990e-01	1.036e-01
chr16_28853721_T_C_b38	1	3.66670e-03	-4.990e-01	1.036e-01
chr16_28861277_T_C_b38	1	3.66670e-03	-4.990e-01	1.036e-01
chr16_28856483_C_T_b38	1	3.66670e-03	-4.990e-01	1.036e-01
chr16_28868163_A_G_b38	1	3.66670e-03	-4.990e-01	1.036e-01
chr16_28864161_A_G_b38	1	3.66670e-03	-4.990e-01	1.036e-01
chr16_28880144_C_T_b38	1	3.66670e-03	-4.990e-01	1.036e-01
chr16_28878165_C_A_b38	1	3.66670e-03	-4.990e-01	1.036e-01
chr16_28869881_A_C_b38	1	3.66670e-03	-4.990e-01	1.036e-01
chr16_28853352_T_C_b38	1	3.66670e-03	-4.990e-01	1.036e-01
chr16_28854571_C_T_b38	1	3.66670e-03	-4.990e-01	1.036e-01
chr16_28860539_A_G_b38	1	3.66670e-03	-4.990e-01	1.036e-01
chr16_28862077_G_A_b38	1	3.66670e-03	-4.990e-01	1.036e-01
chr16_28882211_A_G_b38	1	3.66670e-03	-4.990e-01	1.036e-01
chr16_28860668_A_G_b38	1	3.66670e-03	-4.990e-01	1.036e-01
chr16_28871103_T_C_b38	1	3.66670e-03	-4.990e-01	1.036e-01
chr16_28863226_C_G_b38	1	3.66670e-03	-4.990e-01	1.036e-01
chr16_28878386_CA_C_b38	1	3.66670e-03	-4.990e-01	1.036e-01
chr16_28871920_A_G_b38	1	3.66670e-03	-4.990e-01	1.036e-01
chr16_28863883_A_T_b38	1	3.66670e-03	-4.990e-01	1.036e-01
chr16_28859275_A_G_b38	1	3.66670e-03	-4.990e-01	1.036e-01
chr16_28863801_T_G_b38	1	3.66670e-03	-4.990e-01	1.036e-01
chr16_28857374_G_A_b38	1	3.14765e-03	-4.682e-01	1.033e-01
chr16_28874338_C_T_b38	1	2.80475e-03	-5.040e-01	1.041e-01
chr16_28878376_C_CT_b38	1	2.80475e-03	-5.040e-01	1.041e-01
chr16_28872520_C_T_b38	1	2.80475e-03	-5.040e-01	1.041e-01
chr16_28854595_G_A_b38	1	2.80475e-03	-5.040e-01	1.041e-01
chr16_28882250_T_C_b38	1	2.80475e-03	-5.040e-01	1.041e-01
chr16_28861033_G_C_b38	1	2.80475e-03	-5.040e-01	1.041e-01
chr16_28860336_C_A_b38	1	2.80475e-03	-5.040e-01	1.041e-01
chr16_28859641_G_A_b38	1	2.80475e-03	-5.040e-01	1.041e-01
chr16_28882403_ACT_A_b38	1	2.80475e-03	-5.040e-01	1.041e-01
chr16_28857641_C_G_b38	1	2.53334e-03	-4.987e-01	1.026e-01
chr16_28874610_T_C_b38	1	2.23794e-03	-4.915e-01	1.037e-01
chr16_28846324_A_G_b38	1	1.11498e-03	-4.402e-01	1.012e-01
chr16_28856696_CCTTCACT_C_b38	2	1.70095e-01	4.716e-01	1.077e-01
chr16_28824579_G_A_b38	2	4.71161e-02	3.411e-01	1.022e-01
chr16_28740813_G_A_b38	2	1.24292e-02	4.197e-01	1.125e-01
chr16_28845498_C_T_b38	2	6.93227e-03	3.217e-01	1.025e-01
chr16_28812434_G_A_b38	2	3.88024e-03	2.388e-01	1.064e-01
chr16_28884339_G_A_b38	2	2.17465e-03	3.491e-01	1.070e-01
chr16_28834263_C_T_b38	2	1.52528e-03	2.933e-01	1.054e-01
chr16_28857143_C_T_b38	2	1.16798e-03	3.205e-01	1.046e-01
chr16_28860645_T_C_b38	2	7.01316e-04	3.287e-01	1.081e-01
chr16_28861467_C_G_b38	2	7.01316e-04	3.287e-01	1.081e-01
chr16_28877088_C_T_b38	2	4.58574e-04	3.282e-01	1.111e-01
chr16_28802481_TAGAA_T_b38	3	3.45849e-03	-2.186e-01	3.434e-01
chr16_28826697_T_C_b38	3	1.48223e-08	0.000e+00	0.000e+00
chr16_28818967_G_C_b38	3	1.36095e-08	0.000e+00	0.000e+00
chr16_28848540_G_A_b38	3	4.67775e-09	0.000e+00	0.000e+00
chr16_28850303_G_C_b38	3	4.67775e-09	0.000e+00	0.000e+00
