chr12_8940405_G_A_b38	1	6.62460e-02	-2.280e-01	3.286e-02
chr12_8974551_T_C_b38	1	5.57021e-02	-2.265e-01	3.242e-02
chr12_8972315_T_G_b38	1	5.57021e-02	-2.265e-01	3.242e-02
chr12_8974293_G_A_b38	1	3.95402e-02	-2.255e-01	3.255e-02
chr12_8952343_C_T_b38	1	3.27890e-02	-2.133e-01	3.234e-02
chr12_8952013_T_C_b38	1	3.27890e-02	-2.133e-01	3.234e-02
chr12_8972244_A_G_b38	1	2.67611e-02	-2.240e-01	3.270e-02
chr12_8974511_C_CT_b38	1	2.67611e-02	-2.240e-01	3.270e-02
chr12_8951069_T_G_b38	1	2.46345e-02	-2.127e-01	3.249e-02
chr12_8934302_A_G_b38	1	2.37976e-02	-2.213e-01	3.232e-02
chr12_8938597_CAA_C_b38	1	2.37976e-02	-2.213e-01	3.232e-02
chr12_8936749_T_TG_b38	1	2.37976e-02	-2.213e-01	3.232e-02
chr12_8935310_ATAG_A_b38	1	2.37976e-02	-2.213e-01	3.232e-02
chr12_8946937_T_C_b38	1	2.17216e-02	-2.183e-01	3.298e-02
chr12_8943153_T_C_b38	1	2.01315e-02	-2.138e-01	3.183e-02
chr12_8983667_G_A_b38	1	1.89600e-02	-2.265e-01	3.242e-02
chr12_8979421_A_G_b38	1	1.89600e-02	-2.265e-01	3.242e-02
chr12_8984500_T_G_b38	1	1.89600e-02	-2.265e-01	3.242e-02
chr12_8992460_T_C_b38	1	1.89600e-02	-2.265e-01	3.242e-02
chr12_8986748_G_A_b38	1	1.89600e-02	-2.265e-01	3.242e-02
chr12_8989701_T_C_b38	1	1.89600e-02	-2.265e-01	3.242e-02
chr12_8977691_A_G_b38	1	1.34460e-02	-2.255e-01	3.255e-02
chr12_8985745_C_T_b38	1	1.34460e-02	-2.255e-01	3.255e-02
chr12_8978265_G_T_b38	1	1.34460e-02	-2.255e-01	3.255e-02
chr12_8985587_A_G_b38	1	1.34460e-02	-2.255e-01	3.255e-02
chr12_8975693_A_C_b38	1	1.34460e-02	-2.255e-01	3.255e-02
chr12_8991825_TAGGAAAAATTTCTTA_T_b38	1	1.34460e-02	-2.255e-01	3.255e-02
chr12_8994973_G_A_b38	1	1.34460e-02	-2.255e-01	3.255e-02
chr12_8986301_G_A_b38	1	1.34460e-02	-2.255e-01	3.255e-02
chr12_8966682_A_G_b38	1	1.18345e-02	-2.173e-01	3.247e-02
chr12_8936676_A_C_b38	1	1.11245e-02	-2.177e-01	3.245e-02
chr12_8938520_G_T_b38	1	9.41710e-03	-2.178e-01	3.264e-02
chr12_8932335_G_A_b38	1	9.41710e-03	-2.178e-01	3.264e-02
chr12_8976495_C_A_b38	1	9.09936e-03	-2.240e-01	3.269e-02
chr12_8975008_A_G_b38	1	9.09936e-03	-2.240e-01	3.269e-02
chr12_8979635_C_T_b38	1	9.09936e-03	-2.240e-01	3.269e-02
chr12_8983755_T_A_b38	1	9.09936e-03	-2.240e-01	3.269e-02
chr12_8979270_A_G_b38	1	9.09936e-03	-2.240e-01	3.269e-02
chr12_8941952_A_G_b38	1	8.90453e-03	-2.118e-01	3.234e-02
chr12_8953327_A_G_b38	1	7.42948e-03	-2.091e-01	3.253e-02
chr12_8966437_C_T_b38	1	7.06438e-03	-2.133e-01	3.233e-02
chr12_8967584_TG_T_b38	1	7.06438e-03	-2.133e-01	3.233e-02
chr12_8970881_T_G_b38	1	7.06438e-03	-2.133e-01	3.233e-02
chr12_8967049_G_A_b38	1	7.06438e-03	-2.133e-01	3.233e-02
chr12_8991298_AAC_A_b38	1	6.56072e-03	-2.243e-01	3.297e-02
chr12_8937490_G_A_b38	1	5.95185e-03	-2.146e-01	3.260e-02
chr12_8938296_C_T_b38	1	5.95185e-03	-2.146e-01	3.260e-02
chr12_8938263_G_A_b38	1	5.95185e-03	-2.146e-01	3.260e-02
chr12_8958240_C_G_b38	1	5.61791e-03	-2.091e-01	3.253e-02
chr12_8956388_G_A_b38	1	5.61791e-03	-2.091e-01	3.253e-02
chr12_8955062_G_T_b38	1	5.61791e-03	-2.091e-01	3.253e-02
chr12_8958397_T_C_b38	1	5.61791e-03	-2.091e-01	3.253e-02
chr12_8956312_C_A_b38	1	5.61791e-03	-2.091e-01	3.253e-02
chr12_8959259_C_G_b38	1	5.61791e-03	-2.091e-01	3.253e-02
chr12_8955077_T_C_b38	1	5.61791e-03	-2.091e-01	3.253e-02
chr12_8969260_A_C_b38	1	5.30820e-03	-2.126e-01	3.249e-02
chr12_8970460_T_G_b38	1	5.30820e-03	-2.126e-01	3.249e-02
chr12_8970013_G_C_b38	1	5.30820e-03	-2.126e-01	3.249e-02
chr12_8967558_C_T_b38	1	5.30820e-03	-2.126e-01	3.249e-02
chr12_8968766_C_G_b38	1	4.30409e-03	-2.126e-01	3.264e-02
chr12_8958321_CG_C_b38	1	4.28833e-03	-2.086e-01	3.270e-02
chr12_8958323_T_C_b38	1	4.26026e-03	-2.085e-01	3.270e-02
chr12_8955522_T_TGG_b38	1	4.26026e-03	-2.085e-01	3.270e-02
chr12_8968734_C_A_b38	1	3.54370e-03	-2.107e-01	3.260e-02
chr12_8971336_T_C_b38	1	3.54370e-03	-2.107e-01	3.260e-02
chr12_8959818_A_G_b38	1	3.48779e-03	-2.085e-01	3.287e-02
chr12_8959955_A_G_b38	1	2.82906e-03	-2.091e-01	3.253e-02
chr12_8960406_G_T_b38	1	2.82906e-03	-2.091e-01	3.253e-02
chr12_8959422_A_T_b38	1	2.80841e-03	-2.081e-01	3.308e-02
chr12_8959409_C_T_b38	1	2.80841e-03	-2.081e-01	3.308e-02
chr12_8928422_AC_A_b38	1	2.56250e-03	-2.091e-01	3.253e-02
chr12_8964170_T_C_b38	1	2.14537e-03	-2.085e-01	3.270e-02
chr12_8961029_TCATTATTATTTC_T_b38	1	2.14537e-03	-2.085e-01	3.270e-02
chr12_8955848_C_T_b38	1	1.66201e-03	-2.045e-01	3.302e-02
chr12_8932074_A_T_b38	1	1.43273e-03	-2.117e-01	3.346e-02
chr12_8960985_A_G_b38	1	1.43265e-03	-2.064e-01	3.279e-02
chr12_8961647_T_C_b38	1	1.43265e-03	-2.064e-01	3.279e-02
chr12_8960165_A_G_b38	1	1.43265e-03	-2.064e-01	3.279e-02
chr12_8963872_A_G_b38	1	1.43265e-03	-2.064e-01	3.279e-02
chr12_8974903_C_CT_b38	1	1.41173e-03	-2.188e-01	3.465e-02
chr12_8922106_G_A_b38	1	1.03519e-03	-2.109e-01	3.285e-02
chr12_8950329_A_C_b38	2	1.63912e-02	-7.123e-02	4.605e-02
chr12_8935270_A_T_b38	2	3.31540e-04	-6.190e-02	4.610e-02
chr12_8934485_G_A_b38	2	3.31540e-04	-6.190e-02	4.610e-02
chr12_8933957_G_A_b38	2	1.96906e-04	-5.035e-02	4.799e-02
