chr3_8963418_C_T_b38	1	9.99970e-01	-6.982e-01	8.271e-02
chr3_8967400_A_G_b38	2	1.62738e-01	-2.916e-01	4.328e-02
chr3_8962110_A_G_b38	2	1.53424e-01	-2.798e-01	4.203e-02
chr3_8962743_C_T_b38	2	1.15911e-01	-2.771e-01	4.191e-02
chr3_8966490_T_C_b38	2	1.00545e-01	-2.895e-01	4.346e-02
chr3_8944275_G_A_b38	2	4.02859e-02	-2.843e-01	4.240e-02
chr3_8889754_C_G_b38	2	3.50317e-02	-2.969e-01	4.231e-02
chr3_8941976_G_T_b38	2	2.89352e-02	-3.027e-01	4.553e-02
chr3_8943576_G_C_b38	2	2.49639e-02	2.787e-01	4.205e-02
chr3_8930591_T_A_b38	2	2.28116e-02	-2.826e-01	4.177e-02
chr3_8946713_C_T_b38	2	2.19247e-02	-2.751e-01	4.163e-02
chr3_8946064_CT_C_b38	2	2.19247e-02	-2.751e-01	4.163e-02
chr3_8942137_C_T_b38	2	1.99165e-02	-2.768e-01	4.201e-02
chr3_8891899_C_T_b38	2	1.59771e-02	-2.899e-01	4.206e-02
chr3_8891114_C_T_b38	2	1.59771e-02	-2.899e-01	4.206e-02
chr3_8925331_G_A_b38	2	1.35847e-02	-2.801e-01	4.191e-02
chr3_8945871_A_G_b38	2	1.32460e-02	-2.740e-01	4.198e-02
chr3_8909495_G_A_b38	2	1.24852e-02	-2.869e-01	4.189e-02
chr3_8907067_A_G_b38	2	1.24852e-02	-2.869e-01	4.189e-02
chr3_8937608_C_T_b38	2	1.20275e-02	-2.792e-01	4.191e-02
chr3_8963697_C_T_b38	2	1.17756e-02	-2.310e-01	3.895e-02
chr3_8889363_A_G_b38	2	1.07139e-02	-2.899e-01	4.248e-02
chr3_8889354_A_T_b38	2	1.07139e-02	-2.899e-01	4.248e-02
chr3_8893530_C_T_b38	2	1.07139e-02	-2.899e-01	4.248e-02
chr3_8901992_A_G_b38	2	1.07139e-02	-2.899e-01	4.248e-02
chr3_8902095_T_C_b38	2	9.86797e-03	-3.086e-01	4.536e-02
chr3_8897255_C_T_b38	2	8.73699e-03	-2.855e-01	4.202e-02
chr3_8931599_C_G_b38	2	8.36973e-03	-2.818e-01	4.266e-02
chr3_8918634_T_G_b38	2	8.36973e-03	-2.818e-01	4.266e-02
chr3_8897030_A_G_b38	2	7.72686e-03	-2.888e-01	4.264e-02
chr3_8907308_A_G_b38	2	7.72686e-03	-2.888e-01	4.264e-02
chr3_8897281_G_A_b38	2	7.72686e-03	-2.888e-01	4.264e-02
chr3_8890300_A_C_b38	2	7.72686e-03	-2.888e-01	4.264e-02
chr3_8905168_T_A_b38	2	6.87529e-03	-2.601e-01	3.787e-02
chr3_8913556_T_C_b38	2	6.38077e-03	-2.888e-01	4.286e-02
chr3_8963394_C_T_b38	2	5.78058e-03	-2.341e-01	3.910e-02
chr3_8965408_A_G_b38	2	5.35694e-03	-2.524e-01	4.107e-02
chr3_8964179_T_G_b38	2	4.67691e-03	-2.339e-01	3.931e-02
chr3_8939214_C_T_b38	2	3.98593e-03	-2.530e-01	4.012e-02
chr3_8887171_T_G_b38	2	1.83599e-03	-2.570e-01	3.854e-02
chr3_8987144_A_T_b38	3	6.25765e-03	1.295e-01	4.636e-02
chr3_8988234_T_A_b38	3	3.42820e-03	1.328e-01	5.429e-02
chr3_8988202_C_G_b38	3	3.42820e-03	1.328e-01	5.429e-02
chr3_8988330_C_T_b38	3	2.91503e-03	1.298e-01	5.458e-02
chr3_8988753_C_G_b38	3	2.88331e-03	1.257e-01	5.232e-02
chr3_8988416_T_C_b38	3	1.68461e-03	1.109e-01	4.928e-02
chr3_8990475_T_G_b38	3	1.20322e-03	1.258e-01	4.892e-02
chr3_8988508_C_G_b38	3	1.00350e-03	1.024e-01	5.047e-02
chr3_8989493_T_C_b38	3	9.38061e-04	1.217e-01	4.876e-02
chr3_8989656_A_C_b38	3	8.81116e-04	1.285e-01	5.371e-02
chr3_8989648_A_C_b38	3	6.06961e-04	1.176e-01	4.938e-02
chr3_8959911_A_T_b38	4	8.20883e-05	-9.708e-02	4.507e-02
chr3_8968327_T_A_b38	4	4.33556e-05	0.000e+00	0.000e+00
chr3_8956383_A_G_b38	4	3.62411e-05	0.000e+00	0.000e+00
chr3_8968130_C_T_b38	4	2.43237e-05	0.000e+00	0.000e+00
chr3_8961440_G_T_b38	4	1.33624e-05	0.000e+00	0.000e+00
chr3_8961362_G_A_b38	4	1.33624e-05	0.000e+00	0.000e+00
chr3_8959988_G_C_b38	4	1.10716e-05	0.000e+00	0.000e+00
chr3_8958363_A_C_b38	4	1.02625e-05	0.000e+00	0.000e+00
chr3_8955063_G_A_b38	4	5.33515e-06	0.000e+00	0.000e+00
chr3_8957834_A_T_b38	4	5.09482e-06	0.000e+00	0.000e+00
chr3_8940233_G_A_b38	4	2.92106e-06	0.000e+00	0.000e+00
chr3_8954470_G_A_b38	4	2.86917e-06	0.000e+00	0.000e+00
chr3_8956317_C_T_b38	4	2.83749e-06	0.000e+00	0.000e+00
chr3_8961151_T_C_b38	4	2.41765e-06	0.000e+00	0.000e+00
chr3_8940422_C_G_b38	4	2.24524e-06	0.000e+00	0.000e+00
chr3_8926309_T_C_b38	4	2.23201e-06	0.000e+00	0.000e+00
chr3_8951688_C_T_b38	4	2.14372e-06	0.000e+00	0.000e+00
chr3_8950296_G_A_b38	4	2.13490e-06	0.000e+00	0.000e+00
chr3_8958636_A_G_b38	4	2.13303e-06	0.000e+00	0.000e+00
chr3_8966932_A_G_b38	4	2.08014e-06	0.000e+00	0.000e+00
chr3_8954238_T_G_b38	4	2.01833e-06	0.000e+00	0.000e+00
chr3_8958379_G_A_b38	4	2.15718e-17	0.000e+00	0.000e+00
chr3_8940544_C_T_b38	4	9.50437e-18	0.000e+00	0.000e+00
chr3_8947606_G_A_b38	4	4.08516e-18	0.000e+00	0.000e+00
chr3_8955453_G_C_b38	4	3.47737e-18	0.000e+00	0.000e+00
chr3_8948122_A_G_b38	4	1.28469e-18	0.000e+00	0.000e+00
chr3_8956916_C_A_b38	4	9.07941e-20	0.000e+00	0.000e+00
chr3_8894584_G_A_b38	4	3.08209e-23	0.000e+00	0.000e+00
chr3_8946995_G_A_b38	4	2.94958e-23	0.000e+00	0.000e+00
chr3_8946021_G_A_b38	4	2.94958e-23	0.000e+00	0.000e+00
chr3_8951979_G_A_b38	4	2.58688e-23	0.000e+00	0.000e+00
chr3_8976396_T_C_b38	4	2.53219e-23	0.000e+00	0.000e+00
chr3_8949351_C_T_b38	4	1.85174e-23	0.000e+00	0.000e+00
chr3_8925451_G_C_b38	4	1.73914e-23	0.000e+00	0.000e+00
chr3_8925209_T_TA_b38	4	1.64236e-23	0.000e+00	0.000e+00
chr3_8933011_G_A_b38	4	1.49588e-23	0.000e+00	0.000e+00
chr3_8936335_G_C_b38	4	1.46329e-23	0.000e+00	0.000e+00
chr3_8935298_C_T_b38	4	1.38177e-23	0.000e+00	0.000e+00
chr3_8935474_G_A_b38	4	1.38177e-23	0.000e+00	0.000e+00
chr3_8924140_C_A_b38	4	1.36074e-23	0.000e+00	0.000e+00
chr3_8923915_C_G_b38	4	1.36074e-23	0.000e+00	0.000e+00
chr3_8977778_A_C_b38	4	1.36016e-23	0.000e+00	0.000e+00
chr3_8934505_A_G_b38	4	1.30977e-23	0.000e+00	0.000e+00
chr3_8937288_T_C_b38	4	1.06283e-23	0.000e+00	0.000e+00
chr3_8936792_C_T_b38	4	1.04906e-23	0.000e+00	0.000e+00
chr3_8917597_C_T_b38	4	1.03168e-23	0.000e+00	0.000e+00
chr3_8902760_C_T_b38	4	9.60796e-24	0.000e+00	0.000e+00
chr3_8903873_C_T_b38	4	9.60796e-24	0.000e+00	0.000e+00
chr3_8904265_A_G_b38	4	9.60796e-24	0.000e+00	0.000e+00
chr3_8901035_G_A_b38	4	9.60796e-24	0.000e+00	0.000e+00
chr3_8902982_C_T_b38	4	9.60796e-24	0.000e+00	0.000e+00
chr3_8899081_T_C_b38	4	9.60796e-24	0.000e+00	0.000e+00
chr3_8925396_C_T_b38	4	9.22471e-24	0.000e+00	0.000e+00
chr3_8919635_C_T_b38	4	9.22471e-24	0.000e+00	0.000e+00
chr3_8923431_C_T_b38	4	9.22471e-24	0.000e+00	0.000e+00
chr3_8921103_A_G_b38	4	9.15820e-24	0.000e+00	0.000e+00
chr3_8921408_T_C_b38	4	9.15820e-24	0.000e+00	0.000e+00
chr3_8898733_G_C_b38	4	7.74875e-24	0.000e+00	0.000e+00
chr3_8887232_G_A_b38	4	7.23673e-24	0.000e+00	0.000e+00
chr3_8896000_A_G_b38	4	5.85134e-24	0.000e+00	0.000e+00
chr3_8911260_A_T_b38	4	5.73656e-24	0.000e+00	0.000e+00
chr3_8896425_C_CA_b38	4	5.62566e-24	0.000e+00	0.000e+00
chr3_8896470_G_T_b38	4	5.46180e-24	0.000e+00	0.000e+00
chr3_8909198_G_C_b38	4	5.16545e-24	0.000e+00	0.000e+00
chr3_8903618_T_C_b38	4	4.53527e-24	0.000e+00	0.000e+00
chr3_8906503_C_T_b38	4	4.42371e-24	0.000e+00	0.000e+00
chr3_8905994_C_A_b38	4	4.28720e-24	0.000e+00	0.000e+00
chr3_8906196_TCAGTCATGTGTATGTATA_T_b38	4	4.28720e-24	0.000e+00	0.000e+00
chr3_8906038_CAG_C_b38	4	4.28720e-24	0.000e+00	0.000e+00
chr3_8908464_T_C_b38	4	3.40553e-24	0.000e+00	0.000e+00
chr3_8911992_G_A_b38	4	2.98289e-24	0.000e+00	0.000e+00
chr3_8906893_C_A_b38	4	2.95971e-24	0.000e+00	0.000e+00
chr3_8909285_G_A_b38	4	2.95971e-24	0.000e+00	0.000e+00
chr3_8899187_C_T_b38	4	2.95971e-24	0.000e+00	0.000e+00
chr3_8890708_C_G_b38	4	2.95971e-24	0.000e+00	0.000e+00
chr3_8886772_G_A_b38	4	2.39786e-24	0.000e+00	0.000e+00
chr3_8903407_GA_G_b38	4	9.58821e-25	0.000e+00	0.000e+00
