chr8_143962447_T_C_b38	1	1.10774e-01	-2.183e-01	4.662e-02
chr8_143936137_A_G_b38	1	7.60400e-02	-2.254e-01	4.640e-02
chr8_143965232_T_C_b38	1	5.54342e-02	-2.204e-01	4.877e-02
chr8_143938038_G_A_b38	1	5.36263e-02	-2.230e-01	4.666e-02
chr8_144012260_G_C_b38	1	5.16209e-02	-1.534e-01	4.694e-02
chr8_143963405_T_A_b38	1	4.25133e-02	-2.167e-01	4.866e-02
chr8_143935425_A_C_b38	1	3.91309e-02	-2.210e-01	4.695e-02
chr8_143973019_A_G_b38	1	3.59823e-02	-2.117e-01	4.800e-02
chr8_143934763_G_C_b38	1	3.19735e-02	-2.190e-01	4.701e-02
chr8_143970581_A_G_b38	1	2.39065e-02	-2.060e-01	4.783e-02
chr8_143965427_T_TCCACCTGGTCTGCCATCATGCCAGG_b38	1	2.29143e-02	-2.015e-01	4.690e-02
chr8_143936346_T_C_b38	1	2.16119e-02	-2.143e-01	4.695e-02
chr8_143933366_C_T_b38	1	1.96136e-02	-2.134e-01	4.697e-02
chr8_143965940_T_C_b38	1	1.64458e-02	-2.037e-01	4.836e-02
chr8_143967165_T_C_b38	1	1.59950e-02	-1.992e-01	4.738e-02
chr8_143980103_T_C_b38	1	1.42910e-02	-1.965e-01	4.709e-02
chr8_143961174_A_G_b38	1	1.42712e-02	-2.083e-01	4.666e-02
chr8_143987852_C_T_b38	1	1.29291e-02	-1.809e-01	4.655e-02
chr8_143946309_T_C_b38	1	1.27458e-02	-2.165e-01	4.878e-02
chr8_143952414_G_A_b38	1	1.14845e-02	-2.120e-01	4.804e-02
chr8_143948489_G_T_b38	1	1.09796e-02	-2.078e-01	4.721e-02
chr8_143939147_G_T_b38	1	1.08640e-02	-2.121e-01	4.822e-02
chr8_144010325_T_C_b38	1	9.91500e-03	-1.534e-01	4.693e-02
chr8_143948709_A_T_b38	1	8.36227e-03	-2.129e-01	4.912e-02
chr8_143949571_A_G_b38	1	8.34713e-03	-2.109e-01	4.868e-02
chr8_143960684_G_A_b38	1	7.75023e-03	-2.101e-01	4.869e-02
chr8_143987661_G_A_b38	1	7.58814e-03	-1.762e-01	4.719e-02
chr8_144018753_T_C_b38	1	7.22929e-03	-1.608e-01	4.614e-02
chr8_143969375_A_G_b38	1	6.44200e-03	-1.866e-01	4.711e-02
chr8_143930776_T_C_b38	1	6.34875e-03	-2.053e-01	4.815e-02
chr8_143987456_C_T_b38	1	5.80525e-03	-1.721e-01	4.709e-02
chr8_143966399_C_G_b38	1	5.58088e-03	-1.888e-01	4.815e-02
chr8_144000284_T_C_b38	1	5.53612e-03	-1.701e-01	4.673e-02
chr8_143976168_A_C_b38	1	4.57801e-03	-1.845e-01	4.769e-02
chr8_143997820_T_C_b38	1	4.54614e-03	-1.685e-01	4.703e-02
chr8_143969936_C_T_b38	1	4.47898e-03	-1.885e-01	4.884e-02
chr8_144007080_A_G_b38	1	4.35815e-03	-1.582e-01	4.701e-02
chr8_143952282_T_C_b38	1	4.34411e-03	-1.994e-01	4.787e-02
chr8_143993299_G_T_b38	1	4.14048e-03	-1.669e-01	4.695e-02
chr8_143947260_G_C_b38	1	4.03885e-03	-1.968e-01	4.744e-02
chr8_143958164_C_CTG_b38	1	3.98829e-03	-1.969e-01	4.752e-02
chr8_144005366_C_G_b38	1	3.80705e-03	-1.557e-01	4.687e-02
chr8_143953042_A_G_b38	1	3.47960e-03	-1.977e-01	4.813e-02
chr8_143957097_G_A_b38	1	3.44531e-03	-1.946e-01	4.741e-02
chr8_144005133_T_C_b38	1	3.25244e-03	-1.533e-01	4.690e-02
chr8_143992685_C_T_b38	1	3.23611e-03	-1.629e-01	4.682e-02
chr8_143991836_C_G_b38	1	3.23319e-03	-1.622e-01	4.663e-02
chr8_143958134_A_G_b38	1	2.81764e-03	-1.931e-01	4.765e-02
chr8_143994959_A_AG_b38	1	2.72909e-03	-1.603e-01	4.679e-02
chr8_143977310_G_A_b38	1	2.48731e-03	-1.770e-01	4.791e-02
chr8_143995983_G_A_b38	1	2.44429e-03	-1.585e-01	4.672e-02
chr8_143994321_AG_A_b38	1	2.44429e-03	-1.585e-01	4.672e-02
chr8_143985944_G_A_b38	1	2.27619e-03	-1.720e-01	4.690e-02
chr8_143954419_T_C_b38	1	2.24497e-03	-1.890e-01	4.737e-02
chr8_143983869_A_G_b38	1	2.18689e-03	-1.720e-01	4.706e-02
chr8_143985257_T_C_b38	1	2.18689e-03	-1.720e-01	4.706e-02
chr8_143935442_A_G_b38	1	2.09207e-03	-1.958e-01	4.932e-02
chr8_143948186_T_G_b38	1	2.03356e-03	-1.977e-01	4.988e-02
chr8_144001645_A_G_b38	1	1.97036e-03	-1.556e-01	4.685e-02
chr8_144001463_T_C_b38	1	1.97036e-03	-1.556e-01	4.685e-02
chr8_144000513_A_G_b38	1	1.97036e-03	-1.556e-01	4.685e-02
chr8_144002406_T_G_b38	1	1.97036e-03	-1.556e-01	4.685e-02
chr8_143939819_C_CAG_b38	1	1.94735e-03	-1.936e-01	4.902e-02
chr8_143938609_C_G_b38	1	1.94182e-03	-1.963e-01	4.971e-02
chr8_143966688_G_T_b38	1	1.93249e-03	-1.792e-01	4.958e-02
chr8_143933779_G_A_b38	1	1.93067e-03	-1.932e-01	4.893e-02
chr8_143976177_G_A_b38	1	1.84393e-03	-1.738e-01	4.822e-02
chr8_143954337_C_CG_b38	1	1.80038e-03	-1.863e-01	4.741e-02
chr8_143989244_T_C_b38	1	1.79470e-03	-1.628e-01	4.959e-02
chr8_143939781_C_T_b38	1	1.74662e-03	-1.918e-01	4.891e-02
chr8_143982302_C_T_b38	1	1.73703e-03	-1.683e-01	4.693e-02
chr8_143940564_C_T_b38	1	1.59346e-03	-1.917e-01	4.922e-02
chr8_143934392_A_G_b38	1	1.45246e-03	-1.911e-01	4.942e-02
chr8_143933821_A_G_b38	1	1.45246e-03	-1.911e-01	4.942e-02
chr8_143936584_C_T_b38	1	1.45246e-03	-1.911e-01	4.942e-02
chr8_143946468_G_A_b38	1	1.45246e-03	-1.911e-01	4.942e-02
chr8_143934275_A_T_b38	1	1.45246e-03	-1.911e-01	4.942e-02
chr8_143934538_C_T_b38	1	1.45246e-03	-1.911e-01	4.942e-02
chr8_143945857_G_A_b38	1	1.41191e-03	-1.905e-01	4.936e-02
chr8_143993894_A_G_b38	1	1.40098e-03	-1.602e-01	5.003e-02
chr8_143982085_G_A_b38	1	1.37253e-03	-1.643e-01	4.676e-02
chr8_143937036_A_G_b38	1	1.32342e-03	-1.903e-01	4.954e-02
chr8_143933019_G_A_b38	1	1.25399e-03	-1.903e-01	4.975e-02
chr8_143934174_C_A_b38	1	1.17837e-03	-1.881e-01	4.940e-02
chr8_143940256_C_G_b38	1	1.15301e-03	-1.882e-01	4.950e-02
chr8_143995510_G_A_b38	1	1.10780e-03	-1.469e-01	4.696e-02
chr8_144012708_T_C_b38	2	1.18871e-02	1.743e-02	9.469e-02
chr8_144013325_G_C_b38	2	3.69814e-03	1.876e-02	9.454e-02
chr8_144014218_T_C_b38	2	2.14122e-03	-2.397e-02	1.180e-01
chr8_144013864_G_A_b38	2	2.06613e-03	1.425e-02	1.146e-01
chr8_144009993_T_C_b38	2	1.97226e-03	2.004e-02	9.381e-02
chr8_144016432_C_T_b38	2	1.14731e-03	1.652e-02	9.681e-02
chr8_144016306_C_A_b38	2	1.14731e-03	1.652e-02	9.681e-02
chr8_144018265_G_A_b38	2	6.49191e-04	4.419e-03	1.017e-01
chr8_143990799_C_T_b38	2	2.60497e-04	-2.012e-02	1.160e-01
chr8_144035614_C_A_b38	2	2.60333e-04	-1.928e-02	1.180e-01
chr8_143997343_C_T_b38	2	2.44927e-04	3.224e-02	1.047e-01
chr8_143993680_G_A_b38	2	2.31062e-04	1.457e-02	1.002e-01
chr8_144037220_G_A_b38	2	2.30280e-04	2.959e-02	9.799e-02
chr8_144026187_T_C_b38	2	1.85699e-04	2.880e-02	7.869e-02
chr8_144027068_A_T_b38	2	1.69402e-04	2.176e-03	8.130e-02
chr8_144035101_CA_C_b38	2	1.63090e-04	-3.226e-02	7.689e-02
chr8_144025789_G_A_b38	2	1.56729e-04	-2.482e-02	7.636e-02
chr8_143982332_GGCGT_G_b38	2	5.05973e-05	-6.780e-02	1.256e-01
chr8_143984184_G_T_b38	2	5.05973e-05	-6.780e-02	1.256e-01
chr8_143979461_G_C_b38	2	5.05973e-05	-6.780e-02	1.256e-01
chr8_143980087_C_T_b38	2	4.49141e-05	-2.466e-02	1.229e-01
chr8_143983684_C_T_b38	2	4.49141e-05	-2.466e-02	1.229e-01
chr8_144038635_C_T_b38	2	4.39837e-05	5.314e-02	1.100e-01
chr8_144038631_G_T_b38	2	4.39837e-05	5.314e-02	1.100e-01
chr8_144038636_A_G_b38	2	4.35220e-05	4.756e-02	1.098e-01
chr8_144038611_A_G_b38	2	4.35220e-05	4.756e-02	1.098e-01
chr8_144038622_G_A_b38	2	4.30676e-05	4.224e-02	1.091e-01
chr8_144038620_G_T_b38	2	4.30676e-05	4.224e-02	1.091e-01
chr8_144038621_T_C_b38	2	4.30676e-05	4.224e-02	1.091e-01
chr8_144034766_C_G_b38	3	1.23149e-04	1.819e-01	1.336e-01
chr8_143898705_C_T_b38	3	8.27096e-07	0.000e+00	0.000e+00
