chr10_5001312_G_A_b38	1	4.52180e-01	9.173e-01	7.204e-02
chr10_4939800_G_C_b38	1	7.44224e-02	9.299e-01	7.665e-02
chr10_4923351_G_A_b38	1	5.60191e-02	9.265e-01	7.501e-02
chr10_4933458_C_A_b38	1	5.60191e-02	9.265e-01	7.501e-02
chr10_4925341_C_T_b38	1	5.60191e-02	9.265e-01	7.501e-02
chr10_4922448_T_C_b38	1	5.60191e-02	9.265e-01	7.501e-02
chr10_4937596_G_A_b38	1	5.60191e-02	9.265e-01	7.501e-02
chr10_4937321_G_T_b38	1	5.60191e-02	9.265e-01	7.501e-02
chr10_4936408_C_T_b38	1	5.60191e-02	9.265e-01	7.501e-02
chr10_4928244_GGA_G_b38	1	5.60191e-02	9.265e-01	7.501e-02
chr10_4987956_T_C_b38	1	2.16515e-02	9.022e-01	7.111e-02
chr10_4936552_G_A_b38	1	3.24188e-03	9.250e-01	7.374e-02
chr10_5014194_A_ATC_b38	2	2.91401e-01	-2.867e-01	6.540e-02
chr10_5014193_C_T_b38	2	5.82125e-02	-2.609e-01	6.226e-02
chr10_5021453_T_C_b38	2	5.39860e-02	-2.373e-01	5.229e-02
chr10_5014169_T_TGA_b38	2	5.35866e-02	-2.638e-01	6.365e-02
chr10_5014146_A_G_b38	2	5.35866e-02	-2.638e-01	6.365e-02
chr10_5014166_TCA_T_b38	2	5.35866e-02	-2.638e-01	6.365e-02
chr10_5004507_T_A_b38	2	5.13401e-02	2.703e-01	5.994e-02
chr10_4993071_G_C_b38	2	4.60426e-02	2.678e-01	5.990e-02
chr10_4994016_G_C_b38	2	4.60426e-02	2.678e-01	5.990e-02
chr10_5000472_C_T_b38	2	4.60426e-02	2.678e-01	5.990e-02
chr10_5002280_C_T_b38	2	4.60426e-02	2.678e-01	5.990e-02
chr10_4994249_G_A_b38	2	4.60426e-02	2.678e-01	5.990e-02
chr10_5002099_A_G_b38	2	4.60426e-02	2.678e-01	5.990e-02
chr10_5014244_C_T_b38	2	2.93005e-02	-2.509e-01	5.947e-02
chr10_5020953_T_A_b38	2	2.67687e-02	-2.405e-01	5.531e-02
chr10_5008224_G_T_b38	2	1.04148e-02	-2.237e-01	5.098e-02
chr10_4992568_T_C_b38	2	7.03750e-03	2.644e-01	5.844e-02
chr10_5008199_C_T_b38	2	5.08063e-03	-2.268e-01	5.443e-02
chr10_5008193_A_G_b38	2	5.08063e-03	-2.268e-01	5.443e-02
chr10_4984488_G_A_b38	2	2.82178e-03	2.546e-01	5.768e-02
chr10_5010474_G_A_b38	2	2.03394e-03	-2.152e-01	5.305e-02
chr10_5009340_G_A_b38	2	2.03394e-03	-2.152e-01	5.305e-02
chr10_5011639_T_C_b38	2	2.03394e-03	-2.152e-01	5.305e-02
chr10_5009679_C_T_b38	2	2.03394e-03	-2.152e-01	5.305e-02
chr10_5009531_A_C_b38	2	2.03394e-03	-2.152e-01	5.305e-02
chr10_5022125_T_G_b38	2	1.31039e-03	2.216e-01	5.942e-02
chr10_5011956_G_A_b38	2	1.27824e-03	-2.062e-01	5.245e-02
chr10_5018441_C_T_b38	3	7.58211e-02	1.341e-01	4.861e-02
chr10_5018588_G_C_b38	3	4.91746e-02	1.508e-01	5.030e-02
chr10_5018154_G_A_b38	4	1.81868e-03	-1.039e-01	6.334e-02
chr10_5021297_G_A_b38	4	1.97312e-05	-7.609e-02	6.520e-02
chr10_5013090_T_C_b38	4	2.28667e-29	0.000e+00	0.000e+00
chr10_5000928_C_T_b38	4	1.18496e-29	0.000e+00	0.000e+00
chr10_5006175_T_C_b38	4	1.18496e-29	0.000e+00	0.000e+00
chr10_5000128_A_G_b38	4	1.18496e-29	0.000e+00	0.000e+00
chr10_4999466_A_G_b38	4	1.18496e-29	0.000e+00	0.000e+00
chr10_5009926_T_C_b38	4	3.69339e-30	0.000e+00	0.000e+00
chr10_5032700_G_A_b38	4	2.43800e-30	0.000e+00	0.000e+00
chr10_5037232_C_T_b38	4	2.33823e-30	0.000e+00	0.000e+00
chr10_5024325_C_T_b38	4	2.28449e-30	0.000e+00	0.000e+00
