chr3_157163799_C_T_b38	1	1.21718e-01	-7.611e-01	7.218e-02
chr3_157163603_T_G_b38	1	1.21718e-01	-7.611e-01	7.218e-02
chr3_157163770_A_G_b38	1	1.21718e-01	-7.611e-01	7.218e-02
chr3_157163156_A_T_b38	1	4.83943e-02	-7.611e-01	7.218e-02
chr3_157163150_T_C_b38	1	4.83943e-02	-7.611e-01	7.218e-02
chr3_157163213_T_C_b38	1	4.83943e-02	-7.611e-01	7.218e-02
chr3_157163094_C_T_b38	1	4.83943e-02	-7.611e-01	7.218e-02
chr3_157162798_A_G_b38	1	2.24721e-02	-7.612e-01	7.218e-02
chr3_157162784_T_C_b38	1	2.24721e-02	-7.612e-01	7.218e-02
chr3_157165890_G_A_b38	1	1.30433e-02	-7.659e-01	7.322e-02
chr3_157166098_A_T_b38	1	1.30433e-02	-7.659e-01	7.322e-02
chr3_157165907_G_A_b38	1	1.30433e-02	-7.659e-01	7.322e-02
chr3_157161331_T_G_b38	1	1.20368e-02	-7.612e-01	7.218e-02
chr3_157159654_C_T_b38	1	1.20368e-02	-7.612e-01	7.218e-02
chr3_157160600_C_G_b38	1	1.20368e-02	-7.612e-01	7.218e-02
chr3_157159487_CAA_C_b38	1	1.20368e-02	-7.612e-01	7.218e-02
chr3_157161308_A_G_b38	1	1.20368e-02	-7.612e-01	7.218e-02
chr3_157159741_G_A_b38	1	1.20368e-02	-7.612e-01	7.218e-02
chr3_157159014_T_G_b38	1	1.20368e-02	-7.612e-01	7.218e-02
chr3_157159568_T_C_b38	1	1.20368e-02	-7.612e-01	7.218e-02
chr3_157166845_A_G_b38	1	1.14707e-02	-7.721e-01	7.335e-02
chr3_157154287_G_A_b38	1	8.92828e-03	-7.612e-01	7.218e-02
chr3_157157552_G_A_b38	1	8.92828e-03	-7.612e-01	7.218e-02
chr3_157158785_A_G_b38	1	8.92828e-03	-7.612e-01	7.218e-02
chr3_157168538_T_A_b38	1	8.10439e-03	-7.659e-01	7.322e-02
chr3_157166843_AC_A_b38	1	8.10439e-03	-7.659e-01	7.322e-02
chr3_157168833_C_A_b38	1	8.10439e-03	-7.659e-01	7.322e-02
chr3_157166878_C_G_b38	1	8.10439e-03	-7.659e-01	7.322e-02
chr3_157167984_T_C_b38	1	8.10439e-03	-7.659e-01	7.322e-02
chr3_157167614_A_AC_b38	1	8.10439e-03	-7.659e-01	7.322e-02
chr3_157167354_A_T_b38	1	8.10439e-03	-7.659e-01	7.322e-02
chr3_157173313_A_C_b38	1	5.17740e-03	-7.660e-01	7.321e-02
chr3_157173665_C_A_b38	1	5.17740e-03	-7.660e-01	7.321e-02
chr3_157173256_G_A_b38	1	5.17740e-03	-7.660e-01	7.321e-02
chr3_157170937_G_A_b38	1	5.17740e-03	-7.660e-01	7.321e-02
chr3_157169997_C_G_b38	1	5.17740e-03	-7.660e-01	7.321e-02
chr3_157170695_T_A_b38	1	5.17235e-03	-7.684e-01	7.344e-02
chr3_157150661_T_C_b38	1	3.40249e-03	-7.612e-01	7.217e-02
chr3_157152270_C_T_b38	1	3.40249e-03	-7.612e-01	7.217e-02
chr3_157153027_A_G_b38	1	3.40249e-03	-7.612e-01	7.217e-02
chr3_157139178_C_T_b38	1	3.40249e-03	-7.612e-01	7.217e-02
chr3_157146853_T_A_b38	1	3.40249e-03	-7.612e-01	7.217e-02
chr3_157145575_A_G_b38	1	3.40249e-03	-7.612e-01	7.217e-02
chr3_157179698_GCTC_G_b38	1	3.28109e-03	-7.758e-01	7.369e-02
chr3_157181896_A_T_b38	1	2.34803e-03	-7.660e-01	7.321e-02
chr3_157181941_A_G_b38	1	2.34803e-03	-7.660e-01	7.321e-02
chr3_157183834_A_G_b38	1	2.34803e-03	-7.660e-01	7.321e-02
chr3_157188895_C_T_b38	1	2.34803e-03	-7.660e-01	7.321e-02
chr3_157187772_G_A_b38	1	2.34803e-03	-7.660e-01	7.321e-02
chr3_157180110_G_A_b38	1	2.34803e-03	-7.660e-01	7.321e-02
chr3_157183371_G_A_b38	1	2.34803e-03	-7.660e-01	7.321e-02
chr3_157186091_C_T_b38	1	2.34803e-03	-7.660e-01	7.321e-02
chr3_157184304_GC_G_b38	1	2.34803e-03	-7.660e-01	7.321e-02
chr3_157187654_A_T_b38	1	2.34803e-03	-7.660e-01	7.321e-02
chr3_157187764_T_C_b38	1	2.34803e-03	-7.660e-01	7.321e-02
chr3_157174647_C_G_b38	1	2.34803e-03	-7.660e-01	7.321e-02
chr3_157180432_C_T_b38	1	2.34803e-03	-7.660e-01	7.321e-02
chr3_157174732_C_G_b38	1	2.34803e-03	-7.660e-01	7.321e-02
chr3_157177638_T_G_b38	1	2.34803e-03	-7.660e-01	7.321e-02
chr3_157188194_G_A_b38	1	2.34803e-03	-7.660e-01	7.321e-02
chr3_157188386_T_C_b38	1	2.34803e-03	-7.660e-01	7.321e-02
chr3_157187195_T_C_b38	1	2.34803e-03	-7.660e-01	7.321e-02
chr3_157185825_G_A_b38	1	2.34803e-03	-7.660e-01	7.321e-02
chr3_157188442_T_C_b38	1	2.34803e-03	-7.660e-01	7.321e-02
chr3_157176975_T_G_b38	1	2.24442e-03	-7.679e-01	7.345e-02
chr3_157318379_G_A_b38	1	2.00921e-03	-7.830e-01	7.002e-02
chr3_157310052_T_C_b38	1	2.00921e-03	-7.830e-01	7.002e-02
chr3_157315649_A_T_b38	1	2.00921e-03	-7.830e-01	7.002e-02
chr3_157302655_C_T_b38	1	2.00921e-03	-7.830e-01	7.002e-02
chr3_157309685_A_C_b38	1	2.00921e-03	-7.830e-01	7.002e-02
chr3_157329015_G_A_b38	1	2.00893e-03	-7.830e-01	7.002e-02
chr3_157319401_A_T_b38	1	2.00893e-03	-7.830e-01	7.002e-02
chr3_157325412_C_T_b38	1	2.00893e-03	-7.830e-01	7.002e-02
chr3_157321687_G_T_b38	1	2.00893e-03	-7.830e-01	7.002e-02
chr3_157330555_C_T_b38	1	2.00893e-03	-7.830e-01	7.002e-02
chr3_157328061_T_C_b38	1	2.00893e-03	-7.830e-01	7.002e-02
chr3_157326275_T_C_b38	1	2.00893e-03	-7.830e-01	7.002e-02
chr3_157323562_G_A_b38	1	2.00893e-03	-7.830e-01	7.002e-02
chr3_157326384_G_A_b38	1	2.00893e-03	-7.830e-01	7.002e-02
chr3_157194105_C_T_b38	1	1.61908e-03	-7.738e-01	7.302e-02
chr3_157312388_C_T_b38	1	1.58156e-03	-7.843e-01	7.041e-02
chr3_157163816_G_T_b38	2	2.75850e-02	5.116e-01	4.010e-01
chr3_157165432_C_T_b38	2	4.11315e-03	5.138e-01	4.011e-01
chr3_157181394_G_C_b38	2	4.98214e-04	5.146e-01	4.009e-01
chr3_157178253_G_A_b38	2	4.98214e-04	5.146e-01	4.009e-01
chr3_157179523_A_G_b38	2	4.98214e-04	5.146e-01	4.009e-01
chr3_157195738_A_G_b38	2	1.08177e-04	5.146e-01	4.009e-01
chr3_157190576_T_C_b38	2	1.08177e-04	5.146e-01	4.009e-01
chr3_157163324_GCTC_G_b38	3	1.65069e-04	-8.810e-02	2.166e-01
