chr17_1762130_G_A_b38	1	7.36691e-01	-1.035e-01	2.038e-02
chr17_1762959_C_T_b38	1	8.61510e-02	-1.035e-01	1.899e-02
chr17_1783269_C_T_b38	1	3.71559e-02	-1.180e-01	2.129e-02
chr17_1760546_A_AT_b38	1	3.30574e-02	-9.995e-02	1.899e-02
chr17_1771844_C_T_b38	1	2.96817e-02	-1.131e-01	2.118e-02
chr17_1769982_C_T_b38	1	2.09276e-02	1.013e-01	1.889e-02
chr17_1764380_C_T_b38	1	1.79904e-02	-9.728e-02	1.894e-02
chr17_1767515_G_A_b38	1	1.50251e-02	-1.012e-01	1.906e-02
chr17_1758535_T_C_b38	1	1.33764e-02	-9.928e-02	1.914e-02
chr17_1750754_A_G_b38	2	5.69821e-02	-8.483e-02	2.146e-02
chr17_1749797_G_A_b38	2	4.06741e-02	-8.404e-02	2.170e-02
chr17_1738512_G_A_b38	2	3.56085e-02	-8.518e-02	2.228e-02
chr17_1748204_G_C_b38	2	3.35711e-02	-8.402e-02	2.205e-02
chr17_1748222_G_A_b38	2	3.35711e-02	-8.402e-02	2.205e-02
chr17_1749189_T_A_b38	2	3.06646e-02	-8.333e-02	2.201e-02
chr17_1742232_C_T_b38	2	3.05005e-02	-8.339e-02	2.204e-02
chr17_1737346_C_G_b38	2	3.03131e-02	-8.324e-02	2.201e-02
chr17_1714968_C_T_b38	2	2.99055e-02	-9.789e-02	2.392e-02
chr17_1715069_T_C_b38	2	2.99055e-02	-9.789e-02	2.392e-02
chr17_1745944_TG_T_b38	2	2.92041e-02	-8.402e-02	2.228e-02
chr17_1742453_C_A_b38	2	2.92041e-02	-8.402e-02	2.228e-02
chr17_1752311_C_T_b38	2	2.86895e-02	-7.900e-02	2.200e-02
chr17_1748010_C_G_b38	2	2.76641e-02	-8.292e-02	2.206e-02
chr17_1746831_T_C_b38	2	2.63580e-02	-8.245e-02	2.202e-02
chr17_1737235_C_T_b38	2	2.59836e-02	-8.243e-02	2.204e-02
chr17_1742330_G_C_b38	2	2.59836e-02	-8.243e-02	2.204e-02
chr17_1746071_A_G_b38	2	2.59836e-02	-8.243e-02	2.204e-02
chr17_1748403_T_C_b38	2	2.59836e-02	-8.243e-02	2.204e-02
chr17_1745965_G_C_b38	2	2.59836e-02	-8.243e-02	2.204e-02
chr17_1746192_C_G_b38	2	2.59836e-02	-8.243e-02	2.204e-02
chr17_1743023_T_C_b38	2	2.59836e-02	-8.243e-02	2.204e-02
chr17_1738421_G_T_b38	2	2.59836e-02	-8.243e-02	2.204e-02
chr17_1737499_C_T_b38	2	2.55477e-02	-8.341e-02	2.235e-02
chr17_1750286_C_A_b38	2	2.34047e-02	-8.126e-02	2.186e-02
chr17_1750210_G_A_b38	2	2.09230e-02	-7.993e-02	2.164e-02
chr17_1734164_G_A_b38	2	2.06561e-02	-8.771e-02	2.209e-02
chr17_1745208_C_T_b38	2	2.02459e-02	-8.312e-02	2.261e-02
chr17_1736671_G_A_b38	2	9.27577e-03	-8.406e-02	2.230e-02
chr17_1737741_A_G_b38	2	8.59455e-03	-7.561e-02	2.188e-02
chr17_1736740_G_A_b38	2	7.31198e-03	-8.196e-02	2.198e-02
chr17_1754359_G_A_b38	2	5.48946e-03	-7.112e-02	2.279e-02
chr17_1736425_A_G_b38	2	5.44454e-03	-7.937e-02	2.172e-02
chr17_1750438_T_C_b38	2	4.75565e-03	-7.194e-02	2.179e-02
chr17_1728046_TGAG_T_b38	2	2.10595e-03	-7.636e-02	2.245e-02
chr17_1727698_G_A_b38	2	1.43648e-03	-7.125e-02	2.174e-02
chr17_1762412_C_T_b38	3	2.47065e-02	-4.174e-02	2.391e-02
chr17_1762309_G_A_b38	3	2.25671e-02	-4.087e-02	2.384e-02
chr17_1761607_G_A_b38	3	1.56603e-02	3.591e-02	2.288e-02
chr17_1762803_A_G_b38	3	3.42145e-03	-3.815e-02	2.222e-02
chr17_1785813_C_T_b38	3	1.20047e-05	8.218e-02	1.913e-02
chr17_1761175_T_C_b38	3	3.32158e-06	0.000e+00	0.000e+00
chr17_1781659_G_A_b38	3	3.25793e-06	0.000e+00	0.000e+00
chr17_1788659_C_T_b38	3	2.16757e-06	0.000e+00	0.000e+00
chr17_1766461_C_T_b38	3	1.81799e-06	0.000e+00	0.000e+00
chr17_1765393_C_T_b38	3	1.67287e-06	0.000e+00	0.000e+00
chr17_1783306_G_A_b38	3	1.55627e-06	0.000e+00	0.000e+00
chr17_1766529_C_G_b38	3	1.42852e-06	0.000e+00	0.000e+00
chr17_1770499_G_A_b38	3	1.36234e-06	0.000e+00	0.000e+00
chr17_1764500_A_G_b38	3	1.33850e-06	0.000e+00	0.000e+00
chr17_1769810_G_A_b38	3	8.65825e-07	0.000e+00	0.000e+00
chr17_1765354_T_C_b38	3	7.92348e-07	0.000e+00	0.000e+00
chr17_1766043_C_T_b38	4	1.25066e-03	1.582e-01	5.771e-02
