chr5_181204497_C_G_b38	1	9.67660e-01	-1.788e-01	7.029e-02
chr5_181206194_G_A_b38	1	1.86438e-02	-5.388e-02	8.570e-02
chr5_181202812_C_A_b38	1	7.78951e-03	-3.284e-02	7.872e-02
chr5_181202606_T_G_b38	1	5.79331e-03	-5.587e-02	7.639e-02
chr5_181203512_G_C_b38	2	9.93581e-01	2.866e-01	5.581e-02
chr5_181216387_T_G_b38	2	3.32968e-03	2.008e-01	5.143e-02
chr5_181195913_C_A_b38	3	3.35696e-01	-1.081e-01	3.713e-02
chr5_181204828_G_C_b38	3	9.65524e-02	2.856e-03	6.156e-02
chr5_181208951_A_C_b38	3	9.01926e-02	-1.511e-01	8.548e-02
chr5_181205744_TC_T_b38	3	8.33361e-02	2.161e-02	5.328e-02
chr5_181204387_G_A_b38	3	7.35107e-02	-5.152e-02	5.096e-02
chr5_181205629_G_C_b38	3	6.91153e-02	-8.781e-03	4.612e-02
chr5_181204817_T_C_b38	3	5.75446e-02	1.376e-02	3.526e-02
chr5_181207754_C_T_b38	3	4.57705e-02	8.393e-02	7.035e-02
chr5_181195615_C_T_b38	3	3.12753e-02	-7.166e-02	3.458e-02
chr5_181206954_A_G_b38	3	2.85687e-02	2.245e-03	8.695e-02
chr5_181207160_A_G_b38	3	2.57702e-02	4.944e-02	5.735e-02
chr5_181207747_C_T_b38	3	2.32754e-02	4.111e-02	5.635e-02
chr5_181207878_ATATAT_A_b38	3	1.50893e-02	2.312e-02	8.260e-02
chr5_181211092_G_C_b38	3	9.94796e-03	4.834e-03	8.437e-02
chr5_181210219_C_T_b38	4	3.69342e-01	-1.801e-01	3.522e-02
chr5_181211410_C_T_b38	4	3.46460e-01	-1.792e-01	3.430e-02
chr5_181210936_G_C_b38	4	2.32502e-01	-1.800e-01	3.519e-02
chr5_181211895_G_A_b38	4	2.07211e-02	-1.353e-01	3.021e-02
chr5_181206854_T_G_b38	4	5.92595e-03	-2.154e-01	6.368e-02
chr5_181206680_C_G_b38	4	5.92595e-03	-2.154e-01	6.368e-02
chr5_181202843_C_T_b38	4	3.34335e-18	0.000e+00	0.000e+00
chr5_181203667_G_A_b38	4	3.34335e-18	0.000e+00	0.000e+00
chr5_181209962_T_TG_b38	5	1.32773e-02	1.278e-01	5.360e-02
chr5_181207677_A_G_b38	5	6.57167e-03	1.300e-01	1.236e-01
chr5_181207407_TG_T_b38	5	6.41273e-03	1.008e-01	5.355e-02
chr5_181204121_G_C_b38	5	3.47778e-03	-4.487e-02	1.181e-01
chr5_181212588_C_G_b38	5	2.26486e-03	9.406e-02	4.898e-02
chr5_181198254_G_A_b38	5	1.67190e-03	1.813e-01	1.361e-01
chr5_181201826_A_G_b38	5	1.48863e-03	-3.129e-02	7.389e-02
chr5_181200250_T_C_b38	5	1.34678e-03	1.260e-01	1.259e-01
chr5_181199550_G_T_b38	5	1.12419e-03	1.173e-01	9.700e-02
chr5_181199686_T_C_b38	5	1.09163e-03	7.777e-02	4.885e-02
chr5_181210221_T_G_b38	5	7.37582e-04	2.291e-02	5.468e-02
chr5_181201432_A_G_b38	5	7.17226e-04	3.244e-02	4.695e-02
chr5_181214992_A_G_b38	5	3.85205e-04	1.613e-02	5.030e-02
chr5_181167836_A_C_b38	5	2.94689e-04	-5.411e-02	2.330e-02
chr5_181199927_A_G_b38	5	2.88328e-04	1.382e-02	5.413e-02
chr5_181199505_A_G_b38	5	2.88328e-04	1.382e-02	5.413e-02
chr5_181192438_G_A_b38	5	2.74292e-04	6.400e-02	6.213e-02
chr5_181186456_T_C_b38	5	2.14410e-04	-6.178e-02	4.968e-02
chr5_181193631_T_C_b38	5	2.14101e-04	6.385e-02	4.476e-02
chr5_181188245_C_T_b38	5	1.91339e-04	3.574e-02	3.842e-02
chr5_181192673_G_C_b38	5	1.90034e-04	6.007e-02	4.326e-02
chr5_181186440_T_C_b38	5	1.53285e-04	-5.078e-02	4.869e-02
chr5_181187665_A_G_b38	5	1.38733e-04	2.560e-02	2.412e-02
chr5_181184875_C_T_b38	5	1.08619e-04	-2.418e-02	4.616e-02
chr5_181216131_G_A_b38	5	1.03823e-04	2.434e-02	3.622e-02
chr5_181182191_T_G_b38	5	9.18177e-05	-2.077e-02	3.328e-02
chr5_181184737_A_C_b38	5	8.92893e-05	-1.283e-03	3.989e-02
chr5_181188933_T_C_b38	5	8.68234e-05	-1.224e-02	3.413e-02
chr5_181180883_C_T_b38	5	8.02655e-05	1.969e-02	2.864e-02
chr5_181184053_G_C_b38	5	7.56114e-05	1.407e-02	2.686e-02
chr5_181186705_C_CA_b38	5	7.31166e-05	1.229e-02	2.445e-02
chr5_181186203_A_C_b38	5	7.29433e-05	1.221e-02	2.446e-02
chr5_181183917_TG_T_b38	5	7.12769e-05	1.481e-02	2.666e-02
chr5_181184165_T_C_b38	5	6.81487e-05	9.035e-03	2.644e-02
chr5_181182608_A_G_b38	5	6.67716e-05	7.498e-03	2.677e-02
chr5_181184340_A_G_b38	5	4.78953e-05	-1.003e-03	2.760e-02
chr5_181183765_T_C_b38	5	4.51762e-05	-3.283e-03	2.607e-02
chr5_181179337_T_C_b38	5	5.39942e-18	0.000e+00	0.000e+00
chr5_181205454_C_T_b38	6	5.52514e-04	-9.542e-02	1.164e-01
chr5_181204433_G_A_b38	6	1.03135e-04	-7.031e-02	5.002e-02
chr5_181204778_A_G_b38	6	1.01886e-04	-6.202e-02	4.100e-02
chr5_181209648_A_C_b38	6	3.05291e-05	0.000e+00	0.000e+00
chr5_181207501_A_G_b38	6	2.70245e-05	0.000e+00	0.000e+00
chr5_181209654_G_C_b38	6	1.43595e-05	0.000e+00	0.000e+00
chr5_181214577_G_A_b38	6	9.91774e-06	0.000e+00	0.000e+00
chr5_181209955_G_GT_b38	6	4.02917e-06	0.000e+00	0.000e+00
chr5_181209491_A_G_b38	6	1.68938e-19	0.000e+00	0.000e+00
chr5_181209657_G_A_b38	6	1.44631e-19	0.000e+00	0.000e+00
chr5_181212067_C_T_b38	6	1.15946e-19	0.000e+00	0.000e+00
chr5_181212322_C_T_b38	6	4.11426e-20	0.000e+00	0.000e+00
chr5_181216176_G_T_b38	6	1.40548e-20	0.000e+00	0.000e+00
chr5_181209450_G_A_b38	6	8.08694e-21	0.000e+00	0.000e+00
chr5_181216981_G_T_b38	6	7.14866e-21	0.000e+00	0.000e+00
chr5_181209662_T_C_b38	6	7.01865e-21	0.000e+00	0.000e+00
chr5_181209678_A_C_b38	6	6.90252e-21	0.000e+00	0.000e+00
chr5_181209698_TCAA_T_b38	6	6.89813e-21	0.000e+00	0.000e+00
chr5_181208550_TTA_T_b38	6	5.30584e-21	0.000e+00	0.000e+00
chr5_181211275_G_T_b38	6	5.27035e-21	0.000e+00	0.000e+00
chr5_181211203_A_T_b38	6	5.18845e-21	0.000e+00	0.000e+00
chr5_181199030_G_A_b38	6	4.85722e-21	0.000e+00	0.000e+00
chr5_181224231_G_A_b38	6	4.83359e-21	0.000e+00	0.000e+00
chr5_181198487_C_A_b38	6	4.78174e-21	0.000e+00	0.000e+00
chr5_181221971_C_A_b38	6	4.49512e-21	0.000e+00	0.000e+00
chr5_181211281_G_A_b38	6	4.41941e-21	0.000e+00	0.000e+00
chr5_181210325_C_T_b38	6	4.35478e-21	0.000e+00	0.000e+00
chr5_181210354_C_T_b38	6	4.35478e-21	0.000e+00	0.000e+00
chr5_181218396_G_A_b38	6	3.73625e-21	0.000e+00	0.000e+00
chr5_181218207_A_G_b38	6	3.43686e-21	0.000e+00	0.000e+00
chr5_181184841_C_T_b38	6	2.84415e-21	0.000e+00	0.000e+00
chr5_181188956_T_C_b38	6	2.58809e-21	0.000e+00	0.000e+00
chr5_181239777_C_T_b38	6	8.38331e-22	0.000e+00	0.000e+00
