chr8_143933779_G_A_b38	1	1.53826e-01	-3.331e-01	3.633e-02
chr8_143939147_G_T_b38	1	1.47878e-01	-3.054e-01	4.827e-02
chr8_143937036_A_G_b38	1	1.39593e-01	-3.367e-01	3.686e-02
chr8_143946689_C_T_b38	1	6.15814e-02	-3.330e-01	3.755e-02
chr8_143936584_C_T_b38	1	4.34301e-02	-3.332e-01	3.777e-02
chr8_143934538_C_T_b38	1	4.34301e-02	-3.332e-01	3.777e-02
chr8_143934275_A_T_b38	1	4.34301e-02	-3.332e-01	3.777e-02
chr8_143933821_A_G_b38	1	4.34301e-02	-3.332e-01	3.777e-02
chr8_143934392_A_G_b38	1	4.34301e-02	-3.332e-01	3.777e-02
chr8_143946468_G_A_b38	1	4.34301e-02	-3.332e-01	3.777e-02
chr8_143939819_C_CAG_b38	1	3.07690e-02	-3.292e-01	3.827e-02
chr8_143946309_T_C_b38	1	2.99139e-02	-3.158e-01	4.641e-02
chr8_143945857_G_A_b38	1	2.49599e-02	-3.323e-01	3.765e-02
chr8_143946999_C_G_b38	1	2.44179e-02	-3.276e-01	4.112e-02
chr8_143938609_C_G_b38	1	2.05270e-02	-3.154e-01	4.954e-02
chr8_143948186_T_G_b38	1	1.86863e-02	-3.337e-01	3.891e-02
chr8_143938298_A_G_b38	1	1.73666e-02	-3.284e-01	4.069e-02
chr8_143940256_C_G_b38	1	1.25599e-02	-3.322e-01	3.677e-02
chr8_143935442_A_G_b38	1	1.23266e-02	-3.320e-01	3.611e-02
chr8_143940564_C_T_b38	1	7.80125e-03	-3.269e-01	3.946e-02
chr8_143939725_C_G_b38	1	6.77296e-03	-3.177e-01	4.289e-02
chr8_143965232_T_C_b38	1	6.33611e-03	-3.227e-01	4.027e-02
chr8_143960684_G_A_b38	1	4.02072e-03	-3.228e-01	3.777e-02
chr8_143939781_C_T_b38	1	3.78102e-03	-3.247e-01	3.766e-02
chr8_143963405_T_A_b38	1	3.66659e-03	-3.208e-01	3.952e-02
chr8_143933019_G_A_b38	1	3.43823e-03	-3.244e-01	4.326e-02
chr8_143939177_C_T_b38	1	2.51292e-03	-3.384e-01	2.367e-02
chr8_143931520_A_AC_b38	1	1.33276e-03	-3.349e-01	2.354e-02
chr8_143976190_G_A_b38	2	4.19939e-02	-9.139e-02	3.880e-02
chr8_143977246_G_A_b38	2	3.38639e-02	-9.125e-02	3.890e-02
chr8_143977316_C_T_b38	2	3.38639e-02	-9.125e-02	3.890e-02
chr8_143972494_C_T_b38	2	2.25250e-02	-1.128e-01	4.401e-02
chr8_143969936_C_T_b38	2	1.35168e-02	-1.029e-01	3.949e-02
chr8_143969375_A_G_b38	2	1.01113e-02	-9.178e-02	3.612e-02
chr8_143954337_C_CG_b38	2	4.61645e-03	-1.153e-01	5.212e-02
chr8_143976177_G_A_b38	2	3.99820e-03	-4.343e-02	4.409e-02
chr8_143966688_G_T_b38	2	3.96266e-03	-1.007e-01	4.182e-02
chr8_143954419_T_C_b38	2	3.55515e-03	-1.122e-01	5.334e-02
chr8_143976168_A_C_b38	2	3.27903e-03	-3.886e-02	4.326e-02
chr8_143977310_G_A_b38	2	2.98778e-03	-4.270e-02	4.444e-02
chr8_143930776_T_C_b38	2	2.58707e-03	-1.058e-01	3.850e-02
chr8_143967165_T_C_b38	2	2.51455e-03	-9.274e-02	5.490e-02
chr8_143953042_A_G_b38	2	1.91316e-03	-2.468e-01	1.151e-01
chr8_143974498_T_G_b38	2	1.28527e-03	-4.387e-02	2.910e-02
chr8_143956732_TC_T_b38	2	1.25610e-03	-1.065e-01	4.945e-02
chr8_143948709_A_T_b38	2	1.24410e-03	-3.371e-01	2.370e-02
chr8_143952414_G_A_b38	2	1.07237e-03	-3.280e-01	2.325e-02
chr8_143980103_T_C_b38	2	1.06233e-03	-5.928e-02	3.931e-02
chr8_143984818_A_G_b38	2	9.94275e-04	-6.698e-02	3.631e-02
chr8_143970581_A_G_b38	2	8.28744e-04	-8.237e-02	4.802e-02
chr8_143952282_T_C_b38	2	7.71703e-04	-1.481e-01	1.052e-01
chr8_143973019_A_G_b38	2	7.59320e-04	-6.356e-02	4.966e-02
chr8_143949571_A_G_b38	2	7.25066e-04	-3.331e-01	2.352e-02
chr8_144001535_C_T_b38	2	5.83477e-04	-8.667e-02	3.312e-02
chr8_143998371_T_C_b38	2	5.83477e-04	-8.667e-02	3.312e-02
chr8_143996399_G_C_b38	2	5.83477e-04	-8.667e-02	3.312e-02
chr8_143995638_G_A_b38	2	5.83477e-04	-8.667e-02	3.312e-02
chr8_143995366_C_T_b38	2	5.83477e-04	-8.667e-02	3.312e-02
chr8_143999495_C_T_b38	2	5.83477e-04	-8.667e-02	3.312e-02
chr8_144001249_T_C_b38	2	5.83477e-04	-8.667e-02	3.312e-02
chr8_143982085_G_A_b38	2	5.58582e-04	-5.567e-02	3.957e-02
chr8_143957097_G_A_b38	2	4.14365e-04	-8.298e-02	5.056e-02
chr8_143958164_C_CTG_b38	2	3.93380e-04	-8.054e-02	4.895e-02
chr8_143957800_C_T_b38	2	3.82428e-04	-9.701e-02	4.141e-02
chr8_143965940_T_C_b38	2	3.01664e-04	-3.274e-01	2.343e-02
chr8_144008019_C_T_b38	2	2.32724e-04	-8.564e-02	3.222e-02
chr8_144002361_C_A_b38	2	2.25609e-04	-8.667e-02	3.312e-02
chr8_143985944_G_A_b38	2	1.87427e-04	-6.087e-02	3.731e-02
chr8_143966399_C_G_b38	2	1.80855e-04	-3.243e-01	2.330e-02
chr8_143934174_C_A_b38	2	1.75900e-04	-3.342e-01	2.384e-02
chr8_143962447_T_C_b38	2	1.75432e-04	-7.606e-02	5.025e-02
chr8_143958134_A_G_b38	2	1.70975e-04	-7.642e-02	5.145e-02
chr8_143993894_A_G_b38	2	1.62580e-04	-7.288e-02	3.600e-02
chr8_143932622_T_C_b38	2	9.16364e-06	0.000e+00	0.000e+00
chr8_143936346_T_C_b38	2	4.60361e-06	0.000e+00	0.000e+00
chr8_143948489_G_T_b38	2	4.29070e-06	0.000e+00	0.000e+00
chr8_143935425_A_C_b38	2	2.97149e-06	0.000e+00	0.000e+00
chr8_143934763_G_C_b38	2	1.58667e-06	0.000e+00	0.000e+00
chr8_143961174_A_G_b38	2	3.29832e-07	0.000e+00	0.000e+00
chr8_143965427_T_TCCACCTGGTCTGCCATCATGCCAGG_b38	2	1.92147e-07	0.000e+00	0.000e+00
chr8_143933366_C_T_b38	2	7.29854e-08	0.000e+00	0.000e+00
chr8_143982302_C_T_b38	2	1.29309e-11	0.000e+00	0.000e+00
chr8_143983869_A_G_b38	2	4.72652e-12	0.000e+00	0.000e+00
chr8_143985257_T_C_b38	2	4.72652e-12	0.000e+00	0.000e+00
chr8_143987456_C_T_b38	2	2.14334e-12	0.000e+00	0.000e+00
chr8_143987661_G_A_b38	2	1.30606e-12	0.000e+00	0.000e+00
chr8_143989244_T_C_b38	2	7.84489e-13	0.000e+00	0.000e+00
chr8_143997574_TC_T_b38	2	1.11976e-13	0.000e+00	0.000e+00
chr8_143991836_C_G_b38	2	5.55799e-14	0.000e+00	0.000e+00
chr8_144000284_T_C_b38	2	3.04589e-14	0.000e+00	0.000e+00
chr8_143997820_T_C_b38	2	2.92551e-14	0.000e+00	0.000e+00
chr8_143987852_C_T_b38	2	8.91211e-15	0.000e+00	0.000e+00
chr8_143996235_T_C_b38	2	5.56750e-15	0.000e+00	0.000e+00
chr8_143995510_G_A_b38	2	4.66580e-15	0.000e+00	0.000e+00
chr8_144001463_T_C_b38	2	4.50293e-15	0.000e+00	0.000e+00
chr8_144001645_A_G_b38	2	4.50293e-15	0.000e+00	0.000e+00
chr8_144000513_A_G_b38	2	4.50293e-15	0.000e+00	0.000e+00
chr8_143993299_G_T_b38	2	2.44562e-15	0.000e+00	0.000e+00
chr8_143994321_AG_A_b38	2	1.28206e-15	0.000e+00	0.000e+00
chr8_143995983_G_A_b38	2	1.28206e-15	0.000e+00	0.000e+00
chr8_143992685_C_T_b38	2	7.77569e-16	0.000e+00	0.000e+00
chr8_143976946_G_T_b38	3	1.33713e-03	-1.569e-02	4.663e-02
