chr16_30022312_T_C_b38	1	1.12461e-01	-2.957e-01	8.018e-02
chr16_30023148_T_G_b38	1	7.79609e-02	-2.362e-01	7.323e-02
chr16_30022868_A_G_b38	1	7.79609e-02	-2.362e-01	7.323e-02
chr16_30023203_T_C_b38	1	7.79609e-02	-2.362e-01	7.323e-02
chr16_30018227_C_T_b38	1	7.02461e-02	-3.208e-01	7.783e-02
chr16_30016373_G_A_b38	1	4.72940e-02	-3.191e-01	7.974e-02
chr16_30018874_A_C_b38	1	3.40388e-02	-3.041e-01	7.936e-02
chr16_30019378_T_C_b38	1	3.40388e-02	-3.041e-01	7.936e-02
chr16_30015148_G_A_b38	1	2.84688e-02	-3.053e-01	7.965e-02
chr16_30015427_C_T_b38	1	2.83141e-02	-3.041e-01	7.936e-02
chr16_30022107_A_G_b38	1	1.76003e-02	-2.422e-01	7.171e-02
chr16_30017814_A_G_b38	1	1.75059e-02	-2.543e-01	6.999e-02
chr16_30039173_G_A_b38	1	1.38666e-02	-2.771e-01	7.188e-02
chr16_30030645_A_G_b38	1	1.35113e-02	-2.633e-01	7.362e-02
chr16_30007399_C_T_b38	1	1.03416e-02	-3.124e-01	8.134e-02
chr16_30027326_A_G_b38	1	1.02947e-02	-2.393e-01	7.229e-02
chr16_30027327_G_C_b38	1	1.02947e-02	-2.393e-01	7.229e-02
chr16_30012465_C_G_b38	1	1.02883e-02	-3.053e-01	7.965e-02
chr16_30010081_C_T_b38	1	1.02323e-02	-3.041e-01	7.936e-02
chr16_30025807_A_C_b38	1	8.24962e-03	-2.362e-01	7.323e-02
chr16_30045827_C_T_b38	1	7.80523e-03	-2.957e-01	8.018e-02
chr16_30034468_C_G_b38	1	7.80523e-03	-2.957e-01	8.018e-02
chr16_30044429_T_C_b38	1	7.70328e-03	-3.029e-01	8.212e-02
chr16_30037232_C_T_b38	1	7.70328e-03	-3.029e-01	8.212e-02
chr16_30028357_C_A_b38	1	7.14305e-03	-2.398e-01	7.182e-02
chr16_30031356_G_T_b38	1	6.18440e-03	-2.597e-01	7.867e-02
chr16_30031789_T_G_b38	1	5.30685e-03	-2.362e-01	7.323e-02
chr16_30033260_G_A_b38	1	5.30685e-03	-2.362e-01	7.323e-02
chr16_30028857_C_G_b38	1	5.30685e-03	-2.362e-01	7.323e-02
chr16_30055011_CCT_C_b38	1	3.61475e-03	-3.020e-01	7.987e-02
chr16_30056216_TCTC_T_b38	1	3.61475e-03	-3.020e-01	7.987e-02
chr16_30057033_C_T_b38	1	3.61475e-03	-3.020e-01	7.987e-02
chr16_30011243_A_G_b38	1	3.19775e-03	-2.420e-01	7.135e-02
chr16_30011836_T_C_b38	1	3.19775e-03	-2.420e-01	7.135e-02
chr16_30034584_C_CAAT_b38	1	2.99414e-03	-2.393e-01	7.229e-02
chr16_30044228_T_C_b38	1	2.99414e-03	-2.393e-01	7.229e-02
chr16_30049334_A_G_b38	1	2.72288e-03	-3.029e-01	8.212e-02
chr16_30034721_G_A_b38	1	2.39934e-03	-2.362e-01	7.323e-02
chr16_30036609_G_A_b38	1	2.39934e-03	-2.362e-01	7.323e-02
chr16_30039184_C_T_b38	1	2.39934e-03	-2.362e-01	7.323e-02
chr16_30039991_A_G_b38	1	2.39934e-03	-2.362e-01	7.323e-02
chr16_30036756_C_G_b38	1	2.39934e-03	-2.362e-01	7.323e-02
chr16_30037732_GC_G_b38	1	2.39934e-03	-2.362e-01	7.323e-02
chr16_30000297_C_T_b38	1	1.71027e-03	-2.316e-01	7.341e-02
chr16_30105932_G_A_b38	1	1.47092e-03	-3.002e-01	7.701e-02
chr16_30052325_A_G_b38	1	1.43688e-03	-2.489e-01	7.263e-02
chr16_30052459_A_G_b38	1	1.43688e-03	-2.489e-01	7.263e-02
chr16_30082458_C_G_b38	1	1.11285e-03	-3.027e-01	7.940e-02
chr16_30086868_GTGA_G_b38	1	1.11285e-03	-3.027e-01	7.940e-02
chr16_30022806_G_C_b38	2	3.93707e-02	-1.999e-01	1.157e-01
