chr1_109509517_A_G_b38	1	9.99646e-01	8.718e-01	4.696e-02
chr1_109513489_C_T_b38	2	5.43712e-02	4.489e-01	1.344e-01
chr1_109434985_C_T_b38	2	1.06376e-03	4.080e-01	1.346e-01
chr1_109514104_G_A_b38	3	2.24494e-03	-3.704e-01	1.076e-01
chr1_109511496_A_C_b38	3	1.86565e-03	-3.062e-01	9.777e-02
chr1_109518869_C_G_b38	3	4.90827e-04	-2.719e-01	9.147e-02
chr1_109532588_A_ATCCTCCAGGGATAC_b38	3	2.44632e-04	-2.719e-01	9.147e-02
chr1_109534434_T_C_b38	3	2.44632e-04	-2.719e-01	9.147e-02
chr1_109525884_G_A_b38	3	2.44632e-04	-2.719e-01	9.147e-02
chr1_109531318_G_A_b38	3	1.51645e-04	-2.668e-01	9.869e-02
