chr10_5001312_G_A_b38	1	1.54307e-01	3.917e-01	8.526e-02
chr10_4987956_T_C_b38	1	1.48260e-01	4.276e-01	8.798e-02
chr10_5000102_T_C_b38	1	1.01574e-01	3.669e-01	8.190e-02
chr10_4999104_C_A_b38	1	8.46780e-02	3.658e-01	8.253e-02
chr10_4943449_G_C_b38	1	7.04357e-02	3.592e-01	7.308e-02
chr10_4989436_A_AC_b38	1	5.37189e-02	3.917e-01	8.525e-02
chr10_4936552_G_A_b38	1	1.18443e-02	3.824e-01	8.534e-02
chr10_4928244_GGA_G_b38	1	1.18443e-02	3.824e-01	8.534e-02
chr10_4936408_C_T_b38	1	1.18443e-02	3.824e-01	8.534e-02
chr10_4937596_G_A_b38	1	1.18443e-02	3.824e-01	8.534e-02
chr10_4923351_G_A_b38	1	1.18443e-02	3.824e-01	8.534e-02
chr10_4925341_C_T_b38	1	1.18443e-02	3.824e-01	8.534e-02
chr10_4933458_C_A_b38	1	1.18443e-02	3.824e-01	8.534e-02
chr10_4937321_G_T_b38	1	1.18443e-02	3.824e-01	8.534e-02
chr10_4922448_T_C_b38	1	1.16643e-02	3.822e-01	8.537e-02
chr10_4939800_G_C_b38	1	1.15445e-02	3.825e-01	8.551e-02
chr10_4955573_GC_G_b38	1	9.44474e-03	3.736e-01	8.453e-02
chr10_4966191_C_T_b38	1	2.97731e-03	3.490e-01	8.525e-02
chr10_4958996_G_A_b38	1	1.90718e-03	3.023e-01	7.640e-02
chr10_4977128_C_T_b38	1	1.90519e-03	3.047e-01	8.381e-02
chr10_4975449_C_G_b38	1	1.90519e-03	3.047e-01	8.381e-02
chr10_4929869_C_G_b38	1	1.73781e-03	3.422e-01	8.668e-02
chr10_4921135_C_T_b38	1	1.59669e-03	3.342e-01	8.526e-02
chr10_4978727_C_T_b38	1	1.48743e-03	2.991e-01	8.420e-02
chr10_4936349_A_G_b38	1	1.39210e-03	3.253e-01	8.398e-02
chr10_4923242_A_G_b38	1	1.39210e-03	3.253e-01	8.398e-02
chr10_4933161_T_G_b38	1	1.39210e-03	3.253e-01	8.398e-02
chr10_4939583_C_A_b38	1	1.39210e-03	3.253e-01	8.398e-02
chr10_4942141_A_G_b38	1	1.39210e-03	3.253e-01	8.398e-02
chr10_4941398_C_T_b38	1	1.39210e-03	3.253e-01	8.398e-02
chr10_4942037_C_CA_b38	1	1.39210e-03	3.253e-01	8.398e-02
chr10_4934238_G_T_b38	1	1.30628e-03	3.220e-01	8.356e-02
chr10_4928657_A_T_b38	1	1.30611e-03	3.236e-01	8.396e-02
chr10_5042289_G_A_b38	2	1.94054e-02	2.398e-01	7.203e-02
chr10_5024319_C_T_b38	2	1.60582e-02	2.181e-01	7.277e-02
chr10_5023555_C_T_b38	2	1.60582e-02	2.181e-01	7.277e-02
chr10_5025949_T_C_b38	2	1.60582e-02	2.181e-01	7.277e-02
chr10_5019979_C_T_b38	2	8.38613e-03	1.631e-01	7.111e-02
chr10_5030858_C_A_b38	2	7.96759e-03	2.181e-01	7.277e-02
chr10_5063631_A_T_b38	2	6.47179e-03	2.374e-01	7.275e-02
chr10_5024325_C_T_b38	2	5.09570e-03	2.242e-01	9.159e-02
chr10_5034175_C_T_b38	2	3.88450e-03	1.891e-01	6.959e-02
chr10_5013090_T_C_b38	2	3.69744e-03	1.580e-01	7.389e-02
chr10_5018683_G_A_b38	2	3.36219e-03	-7.836e-02	7.470e-02
chr10_5014525_G_C_b38	2	3.35212e-03	1.550e-01	7.414e-02
chr10_5071991_C_A_b38	2	1.37460e-03	2.410e-01	7.266e-02
chr10_5021297_G_A_b38	2	9.49132e-04	1.082e-01	8.937e-02
chr10_5059972_T_C_b38	2	8.63438e-04	-1.867e-01	7.202e-02
chr10_5059771_C_G_b38	2	8.63438e-04	-1.867e-01	7.202e-02
chr10_5059817_T_C_b38	2	8.63438e-04	-1.867e-01	7.202e-02
chr10_5059461_A_C_b38	2	8.63438e-04	-1.867e-01	7.202e-02
chr10_5022135_G_A_b38	2	6.91393e-04	-7.440e-02	6.608e-02
chr10_5032700_G_A_b38	2	3.86248e-04	1.393e-01	8.764e-02
chr10_5037232_C_T_b38	2	3.65297e-04	1.363e-01	8.806e-02
chr10_5072250_G_A_b38	2	2.47009e-04	1.936e-01	7.014e-02
chr10_5054002_A_G_b38	2	2.26976e-04	1.719e-01	8.814e-02
chr10_5061015_G_A_b38	2	1.55185e-04	1.629e-01	8.770e-02
chr10_5051363_C_T_b38	2	1.55185e-04	1.629e-01	8.770e-02
chr10_5014445_G_A_b38	3	1.84421e-03	3.393e-01	1.442e-01
chr10_4994191_A_G_b38	3	1.59129e-04	1.942e-01	1.446e-01
chr10_4982850_A_G_b38	3	1.55243e-05	9.227e-02	1.448e-01
