chr12_109573425_C_T_b38	1	2.51890e-01	-4.118e-01	5.772e-02
chr12_109573424_G_T_b38	1	2.51890e-01	-4.118e-01	5.772e-02
chr12_109583648_G_A_b38	1	9.29382e-02	-4.221e-01	5.847e-02
chr12_109574705_C_G_b38	1	8.50699e-02	-4.117e-01	5.769e-02
chr12_109574662_G_T_b38	1	8.50699e-02	-4.117e-01	5.769e-02
chr12_109577759_G_A_b38	1	4.16915e-02	-4.115e-01	5.768e-02
chr12_109578645_G_A_b38	1	3.20013e-02	-4.115e-01	5.756e-02
chr12_109578438_CTAAG_C_b38	1	3.20013e-02	-4.115e-01	5.756e-02
chr12_109577682_TG_T_b38	1	3.20013e-02	-4.115e-01	5.756e-02
chr12_109571951_A_G_b38	1	2.79296e-02	-3.996e-01	5.695e-02
chr12_109576250_C_T_b38	1	2.76235e-02	-3.995e-01	5.689e-02
chr12_109587875_T_C_b38	1	1.41992e-02	-4.074e-01	5.444e-02
chr12_109566235_C_T_b38	1	6.96649e-03	-4.005e-01	5.579e-02
chr12_109567192_G_A_b38	1	6.10639e-03	-3.923e-01	5.433e-02
chr12_109568707_A_G_b38	1	4.67414e-03	-3.913e-01	5.519e-02
chr12_109570188_A_G_b38	1	3.65275e-03	-3.920e-01	5.577e-02
chr12_109550409_A_G_b38	1	2.37718e-03	-3.836e-01	5.364e-02
chr12_109571733_A_G_b38	2	2.58270e-02	3.022e-01	1.129e-01
chr12_109581428_G_A_b38	2	1.13995e-02	3.028e-01	1.127e-01
chr12_109560440_T_C_b38	2	5.58300e-03	3.029e-01	1.127e-01
chr12_109555371_C_T_b38	2	5.58300e-03	3.029e-01	1.127e-01
chr12_109552427_T_C_b38	2	5.58300e-03	3.029e-01	1.127e-01
chr12_109561718_G_T_b38	2	5.58300e-03	3.029e-01	1.127e-01
chr12_109587180_G_T_b38	2	5.44189e-03	3.029e-01	1.127e-01
chr12_109593363_C_T_b38	2	5.44189e-03	3.029e-01	1.127e-01
chr12_109590528_A_G_b38	2	5.44189e-03	3.029e-01	1.127e-01
chr12_109597587_T_G_b38	2	4.56184e-03	3.549e-01	1.391e-01
chr12_109601255_G_A_b38	2	3.12239e-03	3.133e-01	1.097e-01
chr12_109543891_T_G_b38	2	2.11684e-03	3.029e-01	1.127e-01
chr12_109503666_G_T_b38	2	6.29512e-04	3.029e-01	1.127e-01
chr12_109484929_G_A_b38	2	6.29512e-04	3.029e-01	1.127e-01
chr12_109481675_C_T_b38	2	6.29512e-04	3.029e-01	1.127e-01
chr12_109516279_C_G_b38	2	6.29512e-04	3.029e-01	1.127e-01
chr12_109492013_A_C_b38	2	6.29512e-04	3.029e-01	1.127e-01
chr12_109613432_A_G_b38	2	2.35153e-04	1.781e-01	9.940e-02
chr12_109572070_A_C_b38	3	2.68216e-04	-1.866e-01	1.074e-01
chr12_109570641_G_T_b38	3	1.05804e-04	-1.861e-01	1.074e-01
chr12_109571370_T_G_b38	3	1.05804e-04	-1.861e-01	1.074e-01
chr12_109578108_G_A_b38	3	9.86665e-05	-1.873e-01	1.074e-01
chr12_109577854_A_C_b38	3	9.86665e-05	-1.873e-01	1.074e-01
chr12_109579954_C_T_b38	3	5.53426e-05	-1.873e-01	1.074e-01
chr12_109582031_A_G_b38	3	5.53426e-05	-1.873e-01	1.074e-01
chr12_109564077_C_T_b38	3	3.71840e-05	-1.827e-01	1.074e-01
chr12_109565594_G_A_b38	3	1.87871e-05	0.000e+00	0.000e+00
chr12_109567597_G_A_b38	3	1.56520e-05	0.000e+00	0.000e+00
chr12_109556023_T_C_b38	3	1.53711e-05	0.000e+00	0.000e+00
chr12_109562269_C_G_b38	3	1.53711e-05	0.000e+00	0.000e+00
chr12_109558052_C_T_b38	3	1.53711e-05	0.000e+00	0.000e+00
chr12_109559417_C_T_b38	3	1.53711e-05	0.000e+00	0.000e+00
chr12_109557958_G_A_b38	3	1.53711e-05	0.000e+00	0.000e+00
chr12_109560789_C_T_b38	3	1.53711e-05	0.000e+00	0.000e+00
chr12_109587896_C_CCCCA_b38	3	1.49826e-05	0.000e+00	0.000e+00
chr12_109589332_G_C_b38	3	1.49826e-05	0.000e+00	0.000e+00
chr12_109593512_G_GTCGGGTAGACAGGAGCTTCATA_b38	3	1.49826e-05	0.000e+00	0.000e+00
chr12_109591474_C_A_b38	3	1.49826e-05	0.000e+00	0.000e+00
chr12_109598315_C_T_b38	3	1.49826e-05	0.000e+00	0.000e+00
chr12_109590032_G_A_b38	3	1.49826e-05	0.000e+00	0.000e+00
chr12_109587164_G_A_b38	3	1.49826e-05	0.000e+00	0.000e+00
chr12_109594607_C_T_b38	3	1.49826e-05	0.000e+00	0.000e+00
chr12_109613344_G_A_b38	3	2.35921e-12	0.000e+00	0.000e+00
chr12_109607515_G_A_b38	3	2.14870e-12	0.000e+00	0.000e+00
chr12_109613320_G_A_b38	3	2.09250e-12	0.000e+00	0.000e+00
chr12_109612393_G_A_b38	3	2.09250e-12	0.000e+00	0.000e+00
chr12_109613681_G_A_b38	3	2.09250e-12	0.000e+00	0.000e+00
chr12_109611438_C_T_b38	3	2.09250e-12	0.000e+00	0.000e+00
chr12_109545501_C_T_b38	3	2.00909e-12	0.000e+00	0.000e+00
chr12_109531457_A_G_b38	3	2.00909e-12	0.000e+00	0.000e+00
chr12_109529607_C_T_b38	3	2.00909e-12	0.000e+00	0.000e+00
chr12_109528803_C_T_b38	3	2.00909e-12	0.000e+00	0.000e+00
chr12_109535487_G_T_b38	3	2.00909e-12	0.000e+00	0.000e+00
chr12_109541993_T_G_b38	3	2.00909e-12	0.000e+00	0.000e+00
chr12_109548279_C_T_b38	3	2.00909e-12	0.000e+00	0.000e+00
chr12_109541442_T_C_b38	3	2.00909e-12	0.000e+00	0.000e+00
chr12_109543185_C_T_b38	3	2.00909e-12	0.000e+00	0.000e+00
chr12_109540422_G_A_b38	3	2.00909e-12	0.000e+00	0.000e+00
chr12_109532165_G_A_b38	3	2.00909e-12	0.000e+00	0.000e+00
chr12_109604332_G_A_b38	3	1.94292e-12	0.000e+00	0.000e+00
chr12_109604770_C_G_b38	3	1.94292e-12	0.000e+00	0.000e+00
chr12_109603729_G_A_b38	3	1.94292e-12	0.000e+00	0.000e+00
chr12_109605507_C_T_b38	3	1.94292e-12	0.000e+00	0.000e+00
chr12_109602875_G_A_b38	3	1.94292e-12	0.000e+00	0.000e+00
chr12_109606084_T_C_b38	3	1.94292e-12	0.000e+00	0.000e+00
chr12_109610001_G_A_b38	3	1.92310e-12	0.000e+00	0.000e+00
chr12_109480776_A_G_b38	3	8.75678e-13	0.000e+00	0.000e+00
chr12_109496324_T_C_b38	3	7.85617e-13	0.000e+00	0.000e+00
chr12_109519327_G_A_b38	3	7.49968e-13	0.000e+00	0.000e+00
chr12_109518289_C_T_b38	3	7.26142e-13	0.000e+00	0.000e+00
chr12_109481062_G_A_b38	3	7.26142e-13	0.000e+00	0.000e+00
chr12_109484538_C_T_b38	3	7.26142e-13	0.000e+00	0.000e+00
chr12_109511643_A_G_b38	3	7.26142e-13	0.000e+00	0.000e+00
chr12_109498433_G_T_b38	3	7.26142e-13	0.000e+00	0.000e+00
chr12_109506881_A_G_b38	3	7.26142e-13	0.000e+00	0.000e+00
chr12_109493854_C_T_b38	3	7.26142e-13	0.000e+00	0.000e+00
chr12_109490022_C_A_b38	3	7.26142e-13	0.000e+00	0.000e+00
chr12_109521560_G_GT_b38	3	7.25877e-13	0.000e+00	0.000e+00
