chr19_43525592_T_G_b38	1	3.26841e-01	-2.976e-01	2.937e-02
chr19_43529393_A_G_b38	1	3.19399e-01	-2.976e-01	2.937e-02
chr19_43531006_C_T_b38	1	2.25943e-01	-2.976e-01	2.937e-02
chr19_43527400_CAG_C_b38	1	5.16101e-02	-2.925e-01	3.015e-02
chr19_43527172_C_T_b38	1	5.16101e-02	-2.925e-01	3.015e-02
chr19_43517937_A_G_b38	1	1.93410e-02	-3.012e-01	3.038e-02
chr19_43524143_C_T_b38	1	2.61667e-03	-2.921e-01	3.014e-02
chr19_43522770_A_G_b38	1	2.61667e-03	-2.921e-01	3.014e-02
chr19_43536845_T_C_b38	2	2.27718e-01	2.522e-01	2.959e-02
chr19_43533218_C_G_b38	2	2.27718e-01	2.522e-01	2.959e-02
chr19_43549390_G_A_b38	2	1.09982e-01	2.522e-01	2.958e-02
chr19_43546814_T_C_b38	2	1.09982e-01	2.522e-01	2.958e-02
chr19_43540396_C_T_b38	2	9.77612e-02	2.515e-01	2.956e-02
chr19_43541349_C_T_b38	2	9.77612e-02	2.515e-01	2.956e-02
chr19_43558535_G_A_b38	2	3.38543e-02	2.510e-01	2.955e-02
chr19_43574316_T_G_b38	2	2.18505e-02	2.491e-01	2.954e-02
chr19_43568381_C_T_b38	2	2.18505e-02	2.491e-01	2.954e-02
chr19_43567861_G_T_b38	2	2.18505e-02	2.491e-01	2.954e-02
chr19_43564554_T_C_b38	2	9.20020e-03	2.451e-01	2.942e-02
chr19_43565589_T_A_b38	2	9.20020e-03	2.451e-01	2.942e-02
chr19_43564249_G_A_b38	2	5.62439e-03	2.447e-01	2.962e-02
chr19_43564041_C_T_b38	2	5.62439e-03	2.447e-01	2.962e-02
chr19_43527218_C_T_b38	3	1.82774e-02	5.965e-02	3.769e-02
chr19_43527989_G_A_b38	3	7.07122e-03	5.969e-02	3.767e-02
chr19_43534795_G_A_b38	3	1.47263e-03	6.951e-02	4.138e-02
chr19_43536101_A_G_b38	3	7.96372e-04	5.694e-02	4.279e-02
chr19_43542576_T_C_b38	3	6.17100e-04	6.923e-02	4.135e-02
chr19_43549744_G_GGTCTC_b38	3	6.17100e-04	6.923e-02	4.135e-02
chr19_43538047_A_G_b38	3	6.17100e-04	6.923e-02	4.135e-02
chr19_43545709_G_T_b38	3	6.17100e-04	6.923e-02	4.135e-02
chr19_43547432_C_T_b38	3	6.02807e-04	6.842e-02	4.118e-02
chr19_43511173_A_C_b38	3	4.03294e-04	5.589e-02	3.769e-02
chr19_43549765_C_G_b38	3	3.40723e-04	5.696e-02	4.279e-02
chr19_43559254_T_C_b38	3	2.84796e-04	7.599e-02	4.135e-02
chr19_43559250_A_G_b38	3	2.25541e-04	7.567e-02	4.142e-02
chr19_43559255_G_A_b38	3	2.25541e-04	7.567e-02	4.142e-02
chr19_43553896_G_A_b38	3	1.31968e-04	7.022e-02	4.158e-02
chr19_43553422_G_A_b38	3	1.31968e-04	7.022e-02	4.158e-02
chr19_43514017_C_T_b38	3	1.29763e-04	3.388e-02	5.156e-02
chr19_43556501_G_C_b38	3	1.29095e-04	6.930e-02	4.135e-02
chr19_43565880_AGT_A_b38	3	1.22725e-04	6.813e-02	4.150e-02
chr19_43569410_A_G_b38	3	1.03547e-04	6.349e-02	4.159e-02
chr19_43488685_C_T_b38	3	6.59958e-05	5.601e-02	3.769e-02
chr19_43499033_A_G_b38	3	6.59958e-05	5.601e-02	3.769e-02
chr19_43495843_G_A_b38	3	6.59958e-05	5.601e-02	3.769e-02
chr19_43491087_C_T_b38	3	6.59958e-05	5.601e-02	3.769e-02
chr19_43574076_ATTATT_A_b38	3	5.78270e-05	5.568e-02	4.294e-02
chr19_43477478_C_T_b38	3	5.76421e-05	5.274e-02	3.874e-02
chr19_43478653_A_G_b38	3	5.76421e-05	5.274e-02	3.874e-02
chr19_43478186_G_A_b38	3	5.76421e-05	5.274e-02	3.874e-02
chr19_43499065_T_A_b38	3	5.61080e-05	4.953e-02	3.508e-02
chr19_43526846_C_T_b38	4	1.82026e-04	2.985e-02	3.074e-02
chr19_43534154_T_C_b38	4	1.15849e-05	0.000e+00	0.000e+00
chr19_43530194_A_C_b38	4	7.02012e-06	0.000e+00	0.000e+00
chr19_43523238_T_C_b38	4	6.36658e-06	0.000e+00	0.000e+00
chr19_43521049_T_C_b38	4	3.36081e-06	0.000e+00	0.000e+00
chr19_43521303_T_C_b38	4	3.36081e-06	0.000e+00	0.000e+00
chr19_43517614_A_T_b38	4	3.01337e-06	0.000e+00	0.000e+00
chr19_43521083_T_A_b38	4	3.00270e-06	0.000e+00	0.000e+00
chr19_43541325_G_T_b38	4	2.52896e-39	0.000e+00	0.000e+00
chr19_43520790_G_T_b38	4	2.35681e-39	0.000e+00	0.000e+00
chr19_43551574_T_C_b38	4	2.27648e-39	0.000e+00	0.000e+00
chr19_43541393_A_G_b38	4	2.23182e-39	0.000e+00	0.000e+00
chr19_43541825_C_T_b38	4	2.23182e-39	0.000e+00	0.000e+00
chr19_43513773_A_G_b38	4	1.49984e-39	0.000e+00	0.000e+00
chr19_43508457_T_C_b38	4	1.37061e-39	0.000e+00	0.000e+00
chr19_43503009_TA_T_b38	4	1.33202e-39	0.000e+00	0.000e+00
chr19_43503007_A_T_b38	4	1.33202e-39	0.000e+00	0.000e+00
chr19_43502860_G_A_b38	4	1.33202e-39	0.000e+00	0.000e+00
chr19_43502998_GATCTGT_G_b38	4	1.33202e-39	0.000e+00	0.000e+00
chr19_43502996_TA_T_b38	4	1.33202e-39	0.000e+00	0.000e+00
chr19_43509108_G_A_b38	4	1.31865e-39	0.000e+00	0.000e+00
chr19_43559365_C_A_b38	4	1.24590e-39	0.000e+00	0.000e+00
chr19_43508728_A_G_b38	4	1.15918e-39	0.000e+00	0.000e+00
chr19_43554989_G_T_b38	4	1.03692e-39	0.000e+00	0.000e+00
chr19_43568650_G_A_b38	4	9.24735e-40	0.000e+00	0.000e+00
chr19_43497739_T_C_b38	4	7.77090e-40	0.000e+00	0.000e+00
chr19_43495482_A_C_b38	4	7.77090e-40	0.000e+00	0.000e+00
chr19_43493673_C_G_b38	4	7.29301e-40	0.000e+00	0.000e+00
chr19_43487930_A_G_b38	4	5.96814e-40	0.000e+00	0.000e+00
chr19_43500414_A_G_b38	4	4.72551e-40	0.000e+00	0.000e+00
chr19_43500267_T_C_b38	4	4.64613e-40	0.000e+00	0.000e+00
chr19_43500955_T_C_b38	4	4.62414e-40	0.000e+00	0.000e+00
chr19_43485415_C_G_b38	4	4.54423e-40	0.000e+00	0.000e+00
chr19_43478315_A_G_b38	4	4.52920e-40	0.000e+00	0.000e+00
chr19_43483798_C_T_b38	4	4.48416e-40	0.000e+00	0.000e+00
