chr3_50002761_T_A_b38	1	2.40802e-01	-3.322e-01	8.872e-02
chr3_50001231_G_A_b38	1	2.40802e-01	-3.322e-01	8.872e-02
chr3_49940636_C_T_b38	1	1.87372e-01	-3.940e-01	9.343e-02
chr3_50026991_G_A_b38	1	1.19288e-01	4.168e-01	7.362e-02
chr3_50091966_C_T_b38	1	7.10855e-02	3.059e-01	7.785e-02
chr3_49948685_T_C_b38	1	3.13371e-02	-4.240e-01	7.053e-02
chr3_49938221_C_T_b38	1	1.68095e-02	-4.375e-01	5.201e-02
chr3_49951722_T_G_b38	1	1.46611e-02	-4.388e-01	4.923e-02
chr3_49937901_A_G_b38	1	1.04137e-02	-3.893e-01	8.942e-02
chr3_49988097_A_G_b38	1	6.64617e-03	-4.513e-01	1.511e-02
chr3_49988596_A_C_b38	1	6.64617e-03	-4.513e-01	1.511e-02
chr3_49971133_A_G_b38	1	5.46253e-03	-4.505e-01	1.510e-02
chr3_49985493_T_C_b38	1	5.46253e-03	-4.505e-01	1.510e-02
chr3_49931139_T_C_b38	1	3.96795e-03	-3.895e-01	8.925e-02
chr3_49934668_A_G_b38	1	3.96795e-03	-3.895e-01	8.925e-02
chr3_49934982_AGGCCTAG_A_b38	1	3.96795e-03	-3.895e-01	8.925e-02
chr3_49960849_C_T_b38	1	3.02868e-03	-4.499e-01	1.516e-02
chr3_50008613_G_T_b38	1	1.87359e-03	4.505e-01	1.510e-02
chr3_49997890_T_C_b38	1	1.87359e-03	-4.505e-01	1.510e-02
chr3_50033330_A_C_b38	1	1.87359e-03	4.505e-01	1.510e-02
chr3_50032019_G_T_b38	1	1.87359e-03	4.505e-01	1.510e-02
chr3_50002041_G_A_b38	1	1.87359e-03	-4.505e-01	1.510e-02
chr3_49958085_T_C_b38	1	1.77923e-03	-4.502e-01	1.520e-02
chr3_49959631_T_C_b38	1	1.37330e-03	-4.462e-01	1.509e-02
chr3_49955345_AT_A_b38	1	1.37330e-03	-4.462e-01	1.509e-02
chr3_49955758_T_G_b38	1	1.37330e-03	-4.462e-01	1.509e-02
chr3_49964812_T_C_b38	1	1.37330e-03	-4.462e-01	1.509e-02
chr3_49934081_C_A_b38	2	2.36289e-01	-1.760e-01	4.201e-02
chr3_49987325_G_T_b38	2	4.47955e-02	-1.926e-01	5.015e-02
chr3_49984859_G_A_b38	2	4.34432e-02	-2.046e-01	6.279e-02
chr3_49980045_A_G_b38	2	4.34432e-02	-2.046e-01	6.279e-02
chr3_49990952_G_A_b38	2	2.58231e-02	-2.070e-01	5.869e-02
chr3_49960530_G_A_b38	2	1.85523e-02	-1.846e-01	6.262e-02
chr3_49987595_A_G_b38	2	1.40834e-02	-2.098e-01	8.164e-02
chr3_50003880_C_T_b38	2	1.05661e-02	1.876e-01	4.986e-02
chr3_49981152_T_G_b38	2	6.38367e-03	-2.154e-01	9.163e-02
chr3_49965813_C_T_b38	2	6.38367e-03	-2.154e-01	9.163e-02
chr3_49974107_T_C_b38	2	6.38367e-03	-2.154e-01	9.163e-02
chr3_49973662_T_C_b38	2	6.38367e-03	-2.154e-01	9.163e-02
chr3_49955886_A_G_b38	2	5.89352e-03	-1.485e-01	5.044e-02
chr3_49971743_T_C_b38	2	5.82812e-03	-1.833e-01	6.368e-02
chr3_49966776_G_A_b38	2	5.82812e-03	-1.833e-01	6.368e-02
chr3_49990341_C_T_b38	2	3.47457e-03	-2.186e-01	8.719e-02
chr3_50035613_C_T_b38	2	1.58712e-03	2.309e-01	9.767e-02
chr3_50022899_G_C_b38	2	1.58712e-03	2.309e-01	9.767e-02
chr3_50022433_T_C_b38	2	1.25808e-03	1.928e-01	6.825e-02
chr3_50021906_T_C_b38	2	1.25808e-03	1.928e-01	6.825e-02
chr3_50040371_G_A_b38	2	3.92774e-05	4.462e-01	1.509e-02
chr3_50070079_G_A_b38	2	3.92774e-05	4.462e-01	1.509e-02
chr3_50041108_C_T_b38	2	3.92774e-05	4.462e-01	1.509e-02
chr3_50015296_C_G_b38	2	2.45645e-05	4.435e-01	1.511e-02
chr3_50077812_G_A_b38	2	1.08419e-05	4.432e-01	1.506e-02
chr3_50079879_T_G_b38	2	1.08419e-05	4.432e-01	1.506e-02
chr3_50110872_C_G_b38	2	1.08419e-05	4.432e-01	1.506e-02
chr3_50088563_G_A_b38	2	1.08419e-05	4.432e-01	1.506e-02
chr3_50117556_G_A_b38	2	6.06985e-06	0.000e+00	0.000e+00
chr3_50101709_A_G_b38	2	6.06985e-06	0.000e+00	0.000e+00
chr3_50043006_A_G_b38	2	6.06985e-06	0.000e+00	0.000e+00
chr3_50101147_CTAGT_C_b38	2	6.06985e-06	0.000e+00	0.000e+00
chr3_50122676_G_A_b38	2	3.65080e-06	0.000e+00	0.000e+00
chr3_50081315_T_C_b38	2	1.98528e-06	0.000e+00	0.000e+00
chr3_50050833_T_C_b38	2	1.98528e-06	0.000e+00	0.000e+00
chr3_50071640_A_T_b38	2	1.98528e-06	0.000e+00	0.000e+00
chr3_50022325_T_C_b38	2	8.00444e-07	0.000e+00	0.000e+00
chr3_50091460_A_G_b38	2	4.17458e-07	0.000e+00	0.000e+00
chr3_50122411_T_C_b38	2	1.20945e-07	0.000e+00	0.000e+00
chr3_49922955_T_C_b38	2	9.04144e-09	0.000e+00	0.000e+00
chr3_49912401_A_T_b38	2	7.64998e-10	0.000e+00	0.000e+00
chr3_49899477_T_A_b38	2	1.79971e-12	0.000e+00	0.000e+00
chr3_49892782_C_T_b38	2	1.79971e-12	0.000e+00	0.000e+00
chr3_49959491_G_T_b38	2	2.21473e-41	0.000e+00	0.000e+00
chr3_49961653_G_A_b38	2	2.21473e-41	0.000e+00	0.000e+00
chr3_49958620_G_A_b38	2	2.85841e-42	0.000e+00	0.000e+00
chr3_49934398_T_C_b38	2	1.09509e-43	0.000e+00	0.000e+00
chr3_49939539_A_G_b38	2	1.93527e-45	0.000e+00	0.000e+00
chr3_49941741_T_C_b38	3	6.67128e-03	7.733e-02	3.068e-02
chr3_49942294_C_T_b38	3	3.81560e-03	6.391e-02	2.835e-02
chr3_49963960_G_T_b38	3	1.23996e-03	7.865e-02	3.027e-02
chr3_49970685_T_C_b38	3	4.02550e-04	7.338e-02	2.721e-02
chr3_49870905_G_A_b38	3	1.59882e-04	8.150e-02	2.935e-02
chr3_50007380_T_G_b38	3	1.44036e-04	8.150e-02	2.935e-02
chr3_49865515_T_A_b38	3	8.53293e-05	6.794e-02	2.734e-02
chr3_49865513_AT_A_b38	3	8.53293e-05	6.794e-02	2.734e-02
chr3_50018832_G_A_b38	3	7.68720e-05	6.794e-02	2.734e-02
chr3_49840152_G_T_b38	3	7.26265e-05	6.421e-02	2.668e-02
chr3_50180125_C_T_b38	3	3.61851e-100	0.000e+00	0.000e+00
