chr19_8363686_C_T_b38	1	6.48561e-01	7.780e-02	1.576e-02
chr19_8366697_G_A_b38	1	7.09235e-02	7.775e-02	1.576e-02
chr19_8370135_A_G_b38	1	4.47853e-02	7.771e-02	1.576e-02
chr19_8383293_T_C_b38	1	3.07000e-02	7.919e-02	1.578e-02
chr19_8368312_C_A_b38	1	2.19071e-02	7.552e-02	1.584e-02
chr19_8376895_C_T_b38	1	2.03149e-02	7.771e-02	1.577e-02
chr19_8376739_A_G_b38	1	1.39757e-02	7.609e-02	1.571e-02
chr19_8374818_T_C_b38	1	1.39757e-02	7.609e-02	1.571e-02
chr19_8383150_T_C_b38	1	1.03979e-02	7.543e-02	1.580e-02
chr19_8385970_A_T_b38	1	1.03979e-02	7.543e-02	1.580e-02
chr19_8386787_G_C_b38	1	8.99142e-03	7.530e-02	1.588e-02
chr19_8386546_G_A_b38	1	8.70365e-03	7.481e-02	1.580e-02
chr19_8382280_T_C_b38	1	7.62948e-03	7.402e-02	1.574e-02
chr19_8382482_A_G_b38	1	7.62948e-03	7.402e-02	1.574e-02
chr19_8381172_G_A_b38	1	7.62948e-03	7.402e-02	1.574e-02
chr19_8381251_G_A_b38	1	7.62948e-03	7.402e-02	1.574e-02
chr19_8387729_T_G_b38	1	6.38442e-03	7.406e-02	1.589e-02
chr19_8387218_G_A_b38	1	6.38442e-03	7.406e-02	1.589e-02
chr19_8387366_TG_T_b38	1	6.38442e-03	7.406e-02	1.589e-02
chr19_8387161_C_A_b38	1	6.38442e-03	7.406e-02	1.589e-02
chr19_8387858_A_G_b38	1	6.38442e-03	7.406e-02	1.589e-02
chr19_8387995_T_C_b38	1	6.38442e-03	7.406e-02	1.589e-02
chr19_8192296_C_T_b38	2	8.43591e-02	-1.595e-01	3.462e-02
chr19_8191760_C_T_b38	2	8.41763e-03	-1.319e-01	3.262e-02
chr19_8191796_A_G_b38	2	8.37199e-03	-1.310e-01	3.241e-02
chr19_8190740_C_A_b38	2	1.59288e-03	-1.087e-01	3.034e-02
chr19_8190750_C_T_b38	2	1.59288e-03	-1.087e-01	3.034e-02
chr19_8190652_C_T_b38	2	1.59288e-03	-1.087e-01	3.034e-02
chr19_8190607_C_T_b38	2	1.59288e-03	-1.087e-01	3.034e-02
chr19_8190771_C_T_b38	2	1.59288e-03	-1.087e-01	3.034e-02
chr19_8190832_T_C_b38	2	1.32839e-03	-1.065e-01	3.023e-02
chr19_8191341_A_G_b38	2	1.32839e-03	-1.065e-01	3.023e-02
chr19_8182417_C_T_b38	2	1.32090e-03	-1.246e-01	3.519e-02
chr19_8189978_C_T_b38	2	1.32090e-03	-1.246e-01	3.519e-02
chr19_8192165_T_C_b38	2	1.29558e-03	-1.231e-01	3.485e-02
chr19_8190441_G_C_b38	2	1.20414e-03	-1.049e-01	3.007e-02
chr19_8172965_G_A_b38	2	1.03177e-03	-1.186e-01	3.433e-02
chr19_8168665_C_T_b38	2	8.99705e-04	-1.113e-01	3.274e-02
chr19_8171421_C_T_b38	2	8.41871e-04	-1.165e-01	3.443e-02
chr19_8169984_C_T_b38	2	5.36607e-04	-1.100e-01	3.417e-02
chr19_8367853_C_T_b38	3	1.41683e-03	7.453e-02	3.448e-02
chr19_8370730_T_C_b38	3	8.28404e-05	1.070e-02	2.730e-02
chr19_8370729_T_G_b38	3	8.28404e-05	1.070e-02	2.730e-02
