chr17_30824819_T_C_b38	1	9.41097e-01	-4.999e-01	6.298e-02
chr17_30824687_C_T_b38	1	4.30236e-02	-4.850e-01	5.497e-02
chr17_30791163_C_T_b38	2	1.80925e-01	1.543e-01	3.613e-02
chr17_30760267_G_A_b38	2	7.76862e-02	1.568e-01	3.604e-02
chr17_30810660_A_G_b38	2	7.32980e-02	1.331e-01	3.470e-02
chr17_30799933_G_A_b38	2	7.32980e-02	1.331e-01	3.470e-02
chr17_30772059_T_C_b38	2	4.01339e-02	1.363e-01	3.227e-02
chr17_30841058_AGAG_A_b38	2	3.47347e-02	1.149e-01	3.145e-02
chr17_30841062_T_TCCA_b38	2	3.32306e-02	1.148e-01	3.149e-02
chr17_30783842_A_T_b38	2	2.08923e-02	1.311e-01	3.471e-02
chr17_30853978_C_A_b38	2	1.32032e-02	1.147e-01	3.129e-02
chr17_30805174_G_A_b38	2	1.24581e-02	1.156e-01	3.429e-02
chr17_30784350_A_G_b38	2	1.03420e-02	1.244e-01	3.473e-02
chr17_30728272_G_A_b38	2	9.58992e-03	1.341e-01	3.464e-02
chr17_30751080_C_A_b38	2	8.37856e-03	1.331e-01	3.469e-02
chr17_30760133_A_T_b38	2	8.37856e-03	1.331e-01	3.469e-02
chr17_30746528_C_T_b38	2	8.37856e-03	1.331e-01	3.469e-02
chr17_30754972_A_T_b38	2	8.37856e-03	1.331e-01	3.469e-02
chr17_30846930_G_T_b38	2	7.87291e-03	9.994e-02	3.070e-02
chr17_30839284_A_G_b38	2	7.87291e-03	9.994e-02	3.070e-02
chr17_30729323_C_T_b38	2	6.36784e-03	1.300e-01	3.455e-02
chr17_30729320_G_A_b38	2	5.46636e-03	1.234e-01	3.308e-02
chr17_30883577_G_A_b38	2	3.90941e-03	1.146e-01	3.146e-02
chr17_30724687_C_T_b38	2	3.68078e-03	1.352e-01	3.345e-02
chr17_30714097_C_T_b38	2	3.46128e-03	1.346e-01	3.342e-02
chr17_30924623_G_A_b38	2	2.84333e-03	1.122e-01	3.162e-02
chr17_30715162_G_T_b38	2	2.41500e-03	1.408e-01	3.600e-02
chr17_30773850_G_T_b38	2	2.23676e-03	1.199e-01	3.459e-02
chr17_30694562_T_A_b38	2	1.65197e-03	1.269e-01	3.313e-02
chr17_30884649_G_A_b38	2	1.46115e-03	1.031e-01	3.068e-02
chr17_30824006_T_C_b38	3	1.03880e-02	-1.411e-01	1.294e-01
chr17_30823237_T_C_b38	3	4.46964e-03	-1.219e-01	7.767e-02
chr17_30823108_T_TA_b38	3	4.05705e-03	-1.144e-01	7.406e-02
chr17_30822280_C_T_b38	3	3.62823e-03	-1.133e-01	7.492e-02
chr17_30822534_G_C_b38	3	3.62823e-03	-1.133e-01	7.492e-02
chr17_30826040_A_G_b38	3	2.98026e-03	-2.448e-01	2.529e-01
chr17_30827030_A_G_b38	3	2.23507e-03	-1.204e-01	3.614e-01
chr17_30826995_G_A_b38	3	2.23507e-03	-1.204e-01	3.614e-01
chr17_30829582_G_A_b38	3	2.21911e-03	-3.771e-01	2.928e-01
chr17_30829193_A_T_b38	3	2.21911e-03	-3.771e-01	2.928e-01
chr17_30829501_A_G_b38	3	2.21911e-03	-3.771e-01	2.928e-01
chr17_30826980_C_T_b38	3	1.89077e-03	-1.437e-01	2.377e-01
chr17_30821754_T_C_b38	3	1.49524e-03	-1.060e-01	8.129e-02
chr17_30820146_T_C_b38	3	1.49524e-03	-1.060e-01	8.129e-02
chr17_30831497_A_G_b38	3	1.37955e-03	-3.771e-01	2.928e-01
chr17_30830737_C_T_b38	3	1.37955e-03	-3.771e-01	2.928e-01
chr17_30829921_C_T_b38	3	1.37955e-03	-3.771e-01	2.928e-01
chr17_30826307_C_T_b38	3	1.19672e-03	-3.034e-02	3.907e-01
chr17_30827917_T_C_b38	3	1.03428e-03	-2.581e-01	3.463e-01
chr17_30827480_G_T_b38	3	1.03428e-03	-2.581e-01	3.463e-01
chr17_30830067_A_G_b38	3	8.67811e-04	-3.393e-01	2.390e-01
chr17_30815796_G_A_b38	3	8.33859e-04	-1.160e-01	7.468e-02
chr17_30816801_G_GT_b38	3	8.33859e-04	-1.160e-01	7.468e-02
chr17_30815823_T_C_b38	3	8.33859e-04	-1.160e-01	7.468e-02
chr17_30816649_C_T_b38	3	8.33859e-04	-1.160e-01	7.468e-02
chr17_30818604_C_T_b38	3	8.33859e-04	-1.160e-01	7.468e-02
chr17_30815604_C_T_b38	3	8.33859e-04	-1.160e-01	7.468e-02
chr17_30827403_C_T_b38	3	7.39001e-04	-2.299e-01	2.599e-01
chr17_30827732_C_T_b38	3	7.39001e-04	-2.299e-01	2.599e-01
chr17_30827134_A_C_b38	3	6.76361e-04	-1.249e-01	2.440e-01
chr17_30816731_T_C_b38	3	4.49894e-04	-1.090e-01	8.108e-02
chr17_30818098_A_C_b38	3	4.49894e-04	-1.090e-01	8.108e-02
chr17_30816845_C_T_b38	3	4.49894e-04	-1.090e-01	8.108e-02
chr17_30818799_G_C_b38	3	4.49894e-04	-1.090e-01	8.108e-02
chr17_30817480_TATG_T_b38	3	4.49894e-04	-1.090e-01	8.108e-02
chr17_30815730_G_C_b38	3	4.36342e-04	-1.068e-01	7.875e-02
chr17_30806554_T_A_b38	3	3.04049e-04	-1.175e-01	7.379e-02
chr17_30811578_T_C_b38	3	3.04049e-04	-1.175e-01	7.379e-02
chr17_30799068_G_T_b38	3	2.89757e-04	-1.502e-01	7.422e-02
chr17_30802937_A_G_b38	3	2.89244e-04	-1.161e-01	7.469e-02
chr17_30805001_A_G_b38	3	2.89244e-04	-1.161e-01	7.469e-02
chr17_30805126_G_T_b38	3	2.89244e-04	-1.161e-01	7.469e-02
chr17_30802372_C_G_b38	3	2.89244e-04	-1.161e-01	7.469e-02
chr17_30811015_A_G_b38	3	2.89244e-04	-1.161e-01	7.469e-02
chr17_30830194_A_G_b38	3	1.79769e-04	-5.122e-01	4.611e-02
chr17_30918681_G_A_b38	3	1.87683e-05	-5.101e-01	4.570e-02
chr17_30833204_AGTT_A_b38	3	6.75567e-06	0.000e+00	0.000e+00
chr17_30832642_T_C_b38	3	6.75567e-06	0.000e+00	0.000e+00
chr17_30841040_G_A_b38	3	4.55180e-06	0.000e+00	0.000e+00
chr17_30846210_C_A_b38	3	3.31261e-06	0.000e+00	0.000e+00
chr17_30834827_G_A_b38	3	3.31261e-06	0.000e+00	0.000e+00
chr17_30845266_T_C_b38	3	3.31261e-06	0.000e+00	0.000e+00
chr17_30836729_G_A_b38	3	3.31261e-06	0.000e+00	0.000e+00
chr17_30844218_A_C_b38	3	3.31261e-06	0.000e+00	0.000e+00
chr17_30840635_A_C_b38	3	3.31261e-06	0.000e+00	0.000e+00
chr17_30840051_A_G_b38	3	3.31261e-06	0.000e+00	0.000e+00
chr17_30843700_A_G_b38	3	3.31261e-06	0.000e+00	0.000e+00
chr17_30839519_C_T_b38	3	3.31261e-06	0.000e+00	0.000e+00
chr17_30842846_C_T_b38	3	3.31261e-06	0.000e+00	0.000e+00
chr17_30849463_A_G_b38	3	3.31261e-06	0.000e+00	0.000e+00
chr17_30834937_ACAATGT_A_b38	3	3.31261e-06	0.000e+00	0.000e+00
chr17_30832311_G_A_b38	3	2.96381e-06	0.000e+00	0.000e+00
chr17_30837136_A_G_b38	3	2.76539e-06	0.000e+00	0.000e+00
chr17_30857925_A_G_b38	3	1.33115e-06	0.000e+00	0.000e+00
chr17_30873104_C_T_b38	3	1.33115e-06	0.000e+00	0.000e+00
chr17_30864431_A_G_b38	3	1.33115e-06	0.000e+00	0.000e+00
chr17_30867269_G_A_b38	3	1.33115e-06	0.000e+00	0.000e+00
chr17_30869746_C_G_b38	3	1.33115e-06	0.000e+00	0.000e+00
chr17_30855002_G_A_b38	3	1.33115e-06	0.000e+00	0.000e+00
chr17_30858036_G_A_b38	3	1.33115e-06	0.000e+00	0.000e+00
chr17_30865262_T_C_b38	3	1.33115e-06	0.000e+00	0.000e+00
chr17_30866783_C_T_b38	3	1.33115e-06	0.000e+00	0.000e+00
chr17_30862851_A_G_b38	3	1.33115e-06	0.000e+00	0.000e+00
chr17_30873037_CA_C_b38	3	1.33115e-06	0.000e+00	0.000e+00
chr17_30874649_G_C_b38	3	1.33115e-06	0.000e+00	0.000e+00
chr17_30863733_C_T_b38	3	1.33115e-06	0.000e+00	0.000e+00
chr17_30871954_A_G_b38	3	1.33115e-06	0.000e+00	0.000e+00
chr17_30866474_G_C_b38	3	1.33115e-06	0.000e+00	0.000e+00
chr17_30868593_C_T_b38	3	1.33115e-06	0.000e+00	0.000e+00
chr17_30809408_T_C_b38	3	8.23266e-07	0.000e+00	0.000e+00
chr17_30860048_G_C_b38	3	7.12700e-07	0.000e+00	0.000e+00
chr17_30814238_C_G_b38	3	4.95722e-07	0.000e+00	0.000e+00
chr17_30813144_A_G_b38	3	4.95722e-07	0.000e+00	0.000e+00
chr17_30807821_C_T_b38	3	4.95722e-07	0.000e+00	0.000e+00
chr17_30814405_G_A_b38	3	4.95722e-07	0.000e+00	0.000e+00
chr17_30809547_A_G_b38	3	4.95722e-07	0.000e+00	0.000e+00
chr17_30809450_G_A_b38	3	4.95722e-07	0.000e+00	0.000e+00
chr17_30810137_T_C_b38	3	4.95722e-07	0.000e+00	0.000e+00
chr17_30813999_G_A_b38	3	4.95722e-07	0.000e+00	0.000e+00
chr17_30805140_G_A_b38	3	4.95722e-07	0.000e+00	0.000e+00
chr17_30801136_C_T_b38	3	4.95722e-07	0.000e+00	0.000e+00
chr17_30803375_T_G_b38	3	4.95722e-07	0.000e+00	0.000e+00
chr17_30755892_C_T_b38	3	4.05867e-07	0.000e+00	0.000e+00
chr17_30775553_C_T_b38	3	3.28308e-07	0.000e+00	0.000e+00
chr17_30798364_C_T_b38	3	3.28308e-07	0.000e+00	0.000e+00
chr17_30862338_GC_G_b38	3	2.22072e-07	0.000e+00	0.000e+00
chr17_30863394_TCTCA_T_b38	3	2.13612e-07	0.000e+00	0.000e+00
chr17_30777740_AAAGT_A_b38	3	2.07614e-07	0.000e+00	0.000e+00
chr17_30776744_G_T_b38	3	2.07614e-07	0.000e+00	0.000e+00
chr17_30777713_G_T_b38	3	2.07614e-07	0.000e+00	0.000e+00
chr17_30778210_G_T_b38	3	2.07614e-07	0.000e+00	0.000e+00
chr17_30783414_C_A_b38	3	1.97688e-07	0.000e+00	0.000e+00
chr17_30782936_A_G_b38	3	1.97688e-07	0.000e+00	0.000e+00
chr17_30797562_A_C_b38	3	1.97688e-07	0.000e+00	0.000e+00
chr17_30785017_G_A_b38	3	1.97688e-07	0.000e+00	0.000e+00
chr17_30787344_T_TA_b38	3	1.97688e-07	0.000e+00	0.000e+00
chr17_30781741_G_A_b38	3	1.97688e-07	0.000e+00	0.000e+00
chr17_30786153_AC_A_b38	3	1.97688e-07	0.000e+00	0.000e+00
chr17_30781786_A_G_b38	3	1.97688e-07	0.000e+00	0.000e+00
chr17_30797985_G_A_b38	3	1.97688e-07	0.000e+00	0.000e+00
chr17_30788663_A_G_b38	3	1.97688e-07	0.000e+00	0.000e+00
chr17_30779631_C_A_b38	3	1.97688e-07	0.000e+00	0.000e+00
chr17_30780690_T_C_b38	3	1.97688e-07	0.000e+00	0.000e+00
chr17_30781198_C_CG_b38	3	1.97688e-07	0.000e+00	0.000e+00
chr17_30785318_G_A_b38	3	1.97688e-07	0.000e+00	0.000e+00
chr17_30783337_T_C_b38	3	1.97688e-07	0.000e+00	0.000e+00
chr17_30798432_C_A_b38	3	1.97688e-07	0.000e+00	0.000e+00
chr17_30797988_C_CATA_b38	3	1.97688e-07	0.000e+00	0.000e+00
chr17_30788662_C_T_b38	3	1.97688e-07	0.000e+00	0.000e+00
chr17_30783515_C_G_b38	3	1.97688e-07	0.000e+00	0.000e+00
chr17_30784815_G_GTGGCA_b38	3	1.97688e-07	0.000e+00	0.000e+00
chr17_30786255_G_T_b38	3	1.97688e-07	0.000e+00	0.000e+00
chr17_30786347_C_T_b38	3	1.97688e-07	0.000e+00	0.000e+00
chr17_30784689_G_C_b38	3	1.97688e-07	0.000e+00	0.000e+00
chr17_30783355_A_G_b38	3	1.97688e-07	0.000e+00	0.000e+00
chr17_30783490_G_A_b38	3	1.97688e-07	0.000e+00	0.000e+00
chr17_30780453_A_C_b38	3	1.97688e-07	0.000e+00	0.000e+00
chr17_30795483_C_T_b38	3	1.97688e-07	0.000e+00	0.000e+00
chr17_30780202_C_A_b38	3	1.97688e-07	0.000e+00	0.000e+00
chr17_30780454_A_G_b38	3	1.97688e-07	0.000e+00	0.000e+00
chr17_30779889_C_G_b38	3	1.97688e-07	0.000e+00	0.000e+00
chr17_30785366_C_T_b38	3	1.97688e-07	0.000e+00	0.000e+00
chr17_30797987_C_CTGGG_b38	3	1.97688e-07	0.000e+00	0.000e+00
chr17_30784884_G_A_b38	3	1.97688e-07	0.000e+00	0.000e+00
chr17_30787258_G_A_b38	3	1.97688e-07	0.000e+00	0.000e+00
chr17_30788200_C_T_b38	3	1.97688e-07	0.000e+00	0.000e+00
chr17_30799402_C_T_b38	3	1.97688e-07	0.000e+00	0.000e+00
chr17_30785998_A_G_b38	3	1.97688e-07	0.000e+00	0.000e+00
chr17_30785641_TCA_T_b38	3	1.97688e-07	0.000e+00	0.000e+00
chr17_30798130_A_G_b38	3	1.97688e-07	0.000e+00	0.000e+00
chr17_30793278_T_A_b38	3	1.97688e-07	0.000e+00	0.000e+00
chr17_30785028_G_A_b38	3	1.97688e-07	0.000e+00	0.000e+00
chr17_30791435_G_C_b38	3	1.97688e-07	0.000e+00	0.000e+00
chr17_30787964_C_T_b38	3	1.97688e-07	0.000e+00	0.000e+00
chr17_30780345_C_T_b38	3	1.97688e-07	0.000e+00	0.000e+00
chr17_30783178_T_C_b38	3	1.97688e-07	0.000e+00	0.000e+00
chr17_30786496_C_G_b38	3	1.97688e-07	0.000e+00	0.000e+00
chr17_30779292_A_G_b38	3	1.97688e-07	0.000e+00	0.000e+00
chr17_30797983_T_TC_b38	3	1.97688e-07	0.000e+00	0.000e+00
chr17_30791127_G_A_b38	3	1.97688e-07	0.000e+00	0.000e+00
chr17_30787211_G_A_b38	3	1.97688e-07	0.000e+00	0.000e+00
chr17_30797630_A_G_b38	3	1.97688e-07	0.000e+00	0.000e+00
chr17_30782890_CTA_C_b38	3	1.97688e-07	0.000e+00	0.000e+00
chr17_30779935_C_T_b38	3	1.97688e-07	0.000e+00	0.000e+00
chr17_30782901_AAAATG_A_b38	3	1.97688e-07	0.000e+00	0.000e+00
chr17_30784697_A_G_b38	3	1.93347e-07	0.000e+00	0.000e+00
chr17_30797982_G_C_b38	3	1.86149e-07	0.000e+00	0.000e+00
chr17_30774874_T_C_b38	3	1.69916e-07	0.000e+00	0.000e+00
chr17_30777324_T_A_b38	3	1.55487e-07	0.000e+00	0.000e+00
chr17_30777278_G_A_b38	3	1.55487e-07	0.000e+00	0.000e+00
chr17_30778787_T_C_b38	3	1.33630e-07	0.000e+00	0.000e+00
chr17_30781082_A_G_b38	3	1.30257e-07	0.000e+00	0.000e+00
chr17_30797979_T_TACCTC_b38	3	1.04329e-07	0.000e+00	0.000e+00
chr17_30787445_G_A_b38	3	1.00207e-07	0.000e+00	0.000e+00
chr17_30792268_G_A_b38	3	1.00207e-07	0.000e+00	0.000e+00
chr17_30797497_TA_T_b38	3	1.00207e-07	0.000e+00	0.000e+00
chr17_30783634_G_A_b38	3	1.00207e-07	0.000e+00	0.000e+00
chr17_30795462_T_C_b38	3	1.00207e-07	0.000e+00	0.000e+00
chr17_30780570_G_A_b38	3	1.00207e-07	0.000e+00	0.000e+00
chr17_30779059_C_G_b38	3	1.00207e-07	0.000e+00	0.000e+00
chr17_30799638_A_G_b38	3	1.00207e-07	0.000e+00	0.000e+00
chr17_30794616_A_G_b38	3	1.00207e-07	0.000e+00	0.000e+00
chr17_30784025_G_C_b38	3	1.00207e-07	0.000e+00	0.000e+00
chr17_30797182_C_T_b38	3	1.00207e-07	0.000e+00	0.000e+00
chr17_30791738_A_G_b38	3	1.00207e-07	0.000e+00	0.000e+00
chr17_30791220_A_G_b38	3	1.00207e-07	0.000e+00	0.000e+00
chr17_30791986_G_A_b38	3	1.00207e-07	0.000e+00	0.000e+00
chr17_30791870_C_G_b38	3	1.00207e-07	0.000e+00	0.000e+00
chr17_30789992_T_C_b38	3	1.00207e-07	0.000e+00	0.000e+00
chr17_30781621_C_T_b38	3	1.00207e-07	0.000e+00	0.000e+00
chr17_30792784_AATCAC_A_b38	3	1.00207e-07	0.000e+00	0.000e+00
chr17_30779802_A_AGTTTTTTGTTTTGTTTT_b38	3	8.28892e-08	0.000e+00	0.000e+00
chr17_30751436_G_A_b38	3	8.21129e-08	0.000e+00	0.000e+00
chr17_30770891_C_T_b38	3	6.78403e-08	0.000e+00	0.000e+00
chr17_30745674_C_T_b38	3	6.55297e-08	0.000e+00	0.000e+00
chr17_30770058_G_A_b38	3	6.08263e-08	0.000e+00	0.000e+00
chr17_30777956_A_AAT_b38	3	5.85758e-08	0.000e+00	0.000e+00
chr17_30776105_C_G_b38	3	5.32359e-08	0.000e+00	0.000e+00
chr17_30731232_G_A_b38	3	4.47342e-08	0.000e+00	0.000e+00
chr17_30743916_G_T_b38	3	4.47342e-08	0.000e+00	0.000e+00
chr17_30738212_G_GC_b38	3	4.47342e-08	0.000e+00	0.000e+00
chr17_30759314_A_C_b38	3	3.74649e-08	0.000e+00	0.000e+00
chr17_30777958_G_T_b38	3	3.58348e-08	0.000e+00	0.000e+00
chr17_30778286_G_A_b38	3	3.58348e-08	0.000e+00	0.000e+00
chr17_30777178_C_CTT_b38	3	3.58348e-08	0.000e+00	0.000e+00
chr17_30803862_G_C_b38	3	3.47535e-08	0.000e+00	0.000e+00
chr17_30778533_T_TGTA_b38	3	3.34251e-08	0.000e+00	0.000e+00
chr17_30747489_T_C_b38	3	3.27437e-08	0.000e+00	0.000e+00
chr17_30744565_A_G_b38	3	3.27437e-08	0.000e+00	0.000e+00
chr17_30749000_G_C_b38	3	3.27437e-08	0.000e+00	0.000e+00
chr17_30746944_G_A_b38	3	3.27437e-08	0.000e+00	0.000e+00
chr17_30749528_G_C_b38	3	3.27437e-08	0.000e+00	0.000e+00
chr17_30735933_T_A_b38	3	3.27437e-08	0.000e+00	0.000e+00
chr17_30769308_A_G_b38	3	3.27437e-08	0.000e+00	0.000e+00
chr17_30756927_T_G_b38	3	3.27437e-08	0.000e+00	0.000e+00
chr17_30770649_A_T_b38	3	3.27437e-08	0.000e+00	0.000e+00
chr17_30753552_G_T_b38	3	3.27437e-08	0.000e+00	0.000e+00
chr17_30731043_CA_C_b38	3	3.27437e-08	0.000e+00	0.000e+00
chr17_30757267_G_C_b38	3	3.27437e-08	0.000e+00	0.000e+00
chr17_30738727_T_G_b38	3	3.27437e-08	0.000e+00	0.000e+00
chr17_30752603_T_C_b38	3	3.27437e-08	0.000e+00	0.000e+00
chr17_30759763_T_G_b38	3	3.27437e-08	0.000e+00	0.000e+00
chr17_30734569_TA_T_b38	3	3.27437e-08	0.000e+00	0.000e+00
chr17_30762893_G_A_b38	3	3.27437e-08	0.000e+00	0.000e+00
chr17_30753533_A_C_b38	3	3.27437e-08	0.000e+00	0.000e+00
chr17_30737072_T_C_b38	3	3.27437e-08	0.000e+00	0.000e+00
chr17_30755316_G_C_b38	3	3.27437e-08	0.000e+00	0.000e+00
chr17_30741407_T_C_b38	3	3.27437e-08	0.000e+00	0.000e+00
chr17_30745481_G_T_b38	3	3.27437e-08	0.000e+00	0.000e+00
chr17_30743000_G_C_b38	3	3.27437e-08	0.000e+00	0.000e+00
chr17_30765165_T_C_b38	3	3.27437e-08	0.000e+00	0.000e+00
chr17_30758740_G_A_b38	3	3.27437e-08	0.000e+00	0.000e+00
chr17_30753953_A_T_b38	3	3.27437e-08	0.000e+00	0.000e+00
chr17_30749238_A_T_b38	3	3.27437e-08	0.000e+00	0.000e+00
chr17_30745738_T_C_b38	3	3.27437e-08	0.000e+00	0.000e+00
chr17_30748647_T_C_b38	3	3.27437e-08	0.000e+00	0.000e+00
chr17_30769730_C_CAT_b38	3	3.01762e-08	0.000e+00	0.000e+00
chr17_30770312_G_A_b38	3	3.01762e-08	0.000e+00	0.000e+00
chr17_30737900_T_C_b38	3	2.64433e-08	0.000e+00	0.000e+00
chr17_30775994_T_C_b38	3	2.46151e-08	0.000e+00	0.000e+00
chr17_30763120_T_G_b38	3	2.18697e-08	0.000e+00	0.000e+00
chr17_30765748_G_A_b38	3	2.17133e-08	0.000e+00	0.000e+00
chr17_30774850_G_C_b38	3	1.52312e-08	0.000e+00	0.000e+00
chr17_30775532_A_G_b38	3	1.14258e-08	0.000e+00	0.000e+00
chr17_30775170_T_C_b38	3	9.64635e-09	0.000e+00	0.000e+00
chr17_30775327_T_C_b38	3	8.53012e-09	0.000e+00	0.000e+00
chr17_30730108_A_ATAAT_b38	3	6.89039e-09	0.000e+00	0.000e+00
chr17_30834340_C_T_b38	3	4.26487e-10	0.000e+00	0.000e+00
chr17_30833682_G_A_b38	3	4.26487e-10	0.000e+00	0.000e+00
chr17_30837999_A_G_b38	3	3.91199e-10	0.000e+00	0.000e+00
chr17_30836839_T_C_b38	3	3.91199e-10	0.000e+00	0.000e+00
chr17_30835155_T_C_b38	3	9.11400e-11	0.000e+00	0.000e+00
chr17_30741439_C_T_b38	3	5.30565e-11	0.000e+00	0.000e+00
chr17_30744184_T_C_b38	3	5.30565e-11	0.000e+00	0.000e+00
chr17_30741766_G_GAGA_b38	3	5.30565e-11	0.000e+00	0.000e+00
chr17_30808576_A_C_b38	3	4.27160e-11	0.000e+00	0.000e+00
chr17_30777688_GTTAATATAT_G_b38	3	3.40713e-12	0.000e+00	0.000e+00
chr17_30831822_A_G_b38	3	6.92266e-15	0.000e+00	0.000e+00
chr17_30822646_C_T_b38	3	3.72214e-15	0.000e+00	0.000e+00
chr17_30816022_A_G_b38	3	1.56473e-15	0.000e+00	0.000e+00
chr17_30815795_T_C_b38	3	1.56057e-15	0.000e+00	0.000e+00
chr17_30813698_C_A_b38	3	7.87340e-16	0.000e+00	0.000e+00
chr17_30865150_C_A_b38	3	2.53312e-16	0.000e+00	0.000e+00
chr17_30832386_G_C_b38	3	2.07180e-16	0.000e+00	0.000e+00
chr17_30834184_A_T_b38	3	2.07180e-16	0.000e+00	0.000e+00
chr17_30831321_C_T_b38	4	1.07296e-04	0.000e+00	0.000e+00
chr17_30828459_G_A_b38	4	3.46903e-05	0.000e+00	0.000e+00
chr17_30844292_C_T_b38	4	6.30582e-06	0.000e+00	0.000e+00
chr17_30841302_G_A_b38	4	6.30582e-06	0.000e+00	0.000e+00
chr17_30842212_T_G_b38	4	1.65924e-06	0.000e+00	0.000e+00
chr17_30837948_G_A_b38	4	1.52452e-06	0.000e+00	0.000e+00
chr17_30839457_A_G_b38	4	1.44488e-06	0.000e+00	0.000e+00
chr17_30794100_C_T_b38	4	1.14866e-06	0.000e+00	0.000e+00
chr17_30871599_C_G_b38	4	5.38769e-28	0.000e+00	0.000e+00
chr17_30768813_T_C_b38	4	5.09877e-28	0.000e+00	0.000e+00
chr17_30759568_A_AT_b38	4	5.09877e-28	0.000e+00	0.000e+00
chr17_30863656_G_A_b38	4	3.74858e-28	0.000e+00	0.000e+00
chr17_30917380_T_C_b38	4	2.41156e-28	0.000e+00	0.000e+00
chr17_30756421_G_T_b38	4	2.01418e-28	0.000e+00	0.000e+00
chr17_30761609_G_A_b38	4	1.84394e-28	0.000e+00	0.000e+00
chr17_30892262_T_C_b38	4	1.75923e-28	0.000e+00	0.000e+00
chr17_30900836_G_A_b38	4	1.75923e-28	0.000e+00	0.000e+00
chr17_30883406_C_G_b38	4	1.15129e-28	0.000e+00	0.000e+00
chr17_30890122_C_G_b38	4	1.15129e-28	0.000e+00	0.000e+00
chr17_30935541_A_G_b38	4	5.18528e-29	0.000e+00	0.000e+00
