chr4_72588397_C_T_b38	1	1.11691e-01	2.051e-01	4.317e-02
chr4_72585776_T_G_b38	1	1.11691e-01	2.051e-01	4.317e-02
chr4_72607434_G_A_b38	1	5.49988e-02	2.091e-01	4.330e-02
chr4_72663058_C_T_b38	1	3.92697e-02	2.031e-01	3.980e-02
chr4_72570631_C_G_b38	1	3.56529e-02	-1.624e-01	4.257e-02
chr4_72570878_T_G_b38	1	3.28341e-02	-1.632e-01	4.323e-02
chr4_72664036_G_A_b38	1	2.18810e-02	-1.950e-01	3.884e-02
chr4_72667549_G_A_b38	1	1.78029e-02	1.970e-01	4.039e-02
chr4_72572139_C_G_b38	1	1.67188e-02	-1.635e-01	4.490e-02
chr4_72576964_G_A_b38	1	1.65309e-02	-1.626e-01	4.247e-02
chr4_72659850_T_C_b38	1	1.59329e-02	-1.895e-01	3.833e-02
chr4_72653053_A_C_b38	1	1.59329e-02	-1.895e-01	3.833e-02
chr4_72658486_T_C_b38	1	1.59329e-02	-1.895e-01	3.833e-02
chr4_72568158_G_A_b38	1	1.37947e-02	-1.506e-01	4.587e-02
chr4_72572566_ATAGT_A_b38	1	1.22021e-02	1.606e-01	4.635e-02
chr4_72571544_C_T_b38	1	1.18407e-02	1.494e-01	4.598e-02
chr4_72651184_C_T_b38	1	1.17566e-02	1.913e-01	3.983e-02
chr4_72567405_GA_G_b38	1	1.17241e-02	-1.488e-01	4.628e-02
chr4_72570982_G_A_b38	1	1.01281e-02	1.474e-01	4.663e-02
chr4_72575856_C_T_b38	1	8.00232e-03	1.617e-01	4.560e-02
chr4_72659456_T_G_b38	1	7.28089e-03	-1.886e-01	4.001e-02
chr4_72593729_G_A_b38	1	7.23800e-03	-1.638e-01	4.200e-02
chr4_72584833_T_C_b38	1	7.19427e-03	-1.635e-01	4.180e-02
chr4_72584200_T_C_b38	1	7.06504e-03	-1.631e-01	4.172e-02
chr4_72659270_A_G_b38	1	6.83954e-03	1.860e-01	4.020e-02
chr4_72656537_T_C_b38	1	6.44080e-03	1.846e-01	3.997e-02
chr4_72651994_G_A_b38	1	6.44080e-03	1.846e-01	3.997e-02
chr4_72656206_T_C_b38	1	6.44080e-03	1.846e-01	3.997e-02
chr4_72660103_C_T_b38	1	6.44080e-03	1.846e-01	3.997e-02
chr4_72650958_G_A_b38	1	6.44080e-03	1.846e-01	3.997e-02
chr4_72653192_C_T_b38	1	6.44080e-03	1.846e-01	3.997e-02
chr4_72664442_C_T_b38	1	5.79787e-03	-1.872e-01	4.038e-02
chr4_72578148_C_A_b38	1	5.37397e-03	1.508e-01	4.517e-02
chr4_72594352_G_T_b38	1	4.85310e-03	-1.647e-01	4.409e-02
chr4_72563921_T_C_b38	1	4.77340e-03	-1.503e-01	4.533e-02
chr4_72567178_C_T_b38	1	4.62085e-03	1.396e-01	5.079e-02
chr4_72593814_C_G_b38	1	4.54249e-03	-1.577e-01	4.278e-02
chr4_72588281_C_T_b38	1	4.54249e-03	-1.577e-01	4.278e-02
chr4_72594139_G_C_b38	1	4.54249e-03	-1.577e-01	4.278e-02
chr4_72610297_T_G_b38	1	3.51979e-03	-1.682e-01	4.162e-02
chr4_72582455_T_C_b38	1	3.50358e-03	1.621e-01	4.536e-02
chr4_72589665_C_T_b38	1	3.50358e-03	1.621e-01	4.536e-02
chr4_72586697_A_T_b38	1	3.50358e-03	1.621e-01	4.536e-02
chr4_72594228_G_C_b38	1	3.50358e-03	1.621e-01	4.536e-02
chr4_72605255_C_T_b38	1	3.39596e-03	-1.712e-01	4.279e-02
chr4_72687150_G_C_b38	1	3.25152e-03	1.976e-01	4.024e-02
chr4_72565843_T_C_b38	1	3.22818e-03	1.435e-01	4.990e-02
chr4_72565747_C_T_b38	1	3.22818e-03	1.435e-01	4.990e-02
chr4_72635563_G_T_b38	1	3.15497e-03	1.863e-01	4.342e-02
chr4_72661796_G_A_b38	1	3.13876e-03	-1.868e-01	4.209e-02
chr4_72559643_A_G_b38	1	3.09155e-03	1.484e-01	4.860e-02
chr4_72589003_C_T_b38	1	2.94544e-03	1.590e-01	4.565e-02
chr4_72547972_A_G_b38	1	2.70835e-03	-1.529e-01	4.650e-02
chr4_72546514_G_A_b38	1	2.70835e-03	-1.529e-01	4.650e-02
chr4_72599178_T_G_b38	1	2.57853e-03	-1.639e-01	4.193e-02
chr4_72545988_G_A_b38	1	2.25660e-03	-1.496e-01	4.684e-02
chr4_72548569_C_T_b38	1	2.25660e-03	-1.496e-01	4.684e-02
chr4_72557773_G_A_b38	1	2.05698e-03	1.531e-01	4.649e-02
chr4_72556176_TG_T_b38	1	2.05698e-03	1.531e-01	4.649e-02
chr4_72594004_C_T_b38	1	2.02991e-03	1.522e-01	4.638e-02
chr4_72593958_G_A_b38	1	2.02991e-03	1.522e-01	4.638e-02
chr4_72590050_AC_A_b38	1	2.02991e-03	1.522e-01	4.638e-02
chr4_72594235_G_A_b38	1	2.02991e-03	1.522e-01	4.638e-02
chr4_72595458_G_T_b38	1	1.96894e-03	-1.634e-01	4.307e-02
chr4_72631415_T_C_b38	1	1.80886e-03	1.838e-01	4.448e-02
chr4_72634781_T_A_b38	1	1.79386e-03	1.835e-01	4.424e-02
chr4_72625744_G_A_b38	1	1.78521e-03	1.836e-01	4.442e-02
chr4_72541831_T_A_b38	1	1.73843e-03	-1.590e-01	4.518e-02
chr4_72595411_C_T_b38	1	1.73511e-03	-1.651e-01	4.422e-02
chr4_72595355_G_A_b38	1	1.73511e-03	-1.651e-01	4.422e-02
chr4_72595365_T_C_b38	1	1.46061e-03	1.606e-01	4.427e-02
chr4_72554917_G_A_b38	1	1.36455e-03	1.486e-01	4.853e-02
chr4_72640359_C_A_b38	1	1.35036e-03	-1.693e-01	4.010e-02
chr4_72633771_T_C_b38	1	1.35036e-03	-1.693e-01	4.010e-02
chr4_72595977_A_G_b38	1	1.28971e-03	1.630e-01	4.558e-02
chr4_72649596_T_C_b38	1	1.26986e-03	-1.704e-01	4.054e-02
chr4_72638672_G_A_b38	1	1.15014e-03	-1.692e-01	4.066e-02
chr4_72638662_G_A_b38	1	1.15014e-03	-1.692e-01	4.066e-02
chr4_72639829_A_C_b38	1	1.15014e-03	-1.692e-01	4.066e-02
chr4_72639828_A_G_b38	1	1.15014e-03	-1.692e-01	4.066e-02
chr4_72638664_A_C_b38	1	1.15014e-03	-1.692e-01	4.066e-02
chr4_72638625_A_G_b38	1	1.15014e-03	-1.692e-01	4.066e-02
chr4_72638661_T_C_b38	1	1.15014e-03	-1.692e-01	4.066e-02
chr4_72639702_G_A_b38	1	1.15014e-03	-1.692e-01	4.066e-02
chr4_72621375_G_A_b38	1	1.15014e-03	-1.692e-01	4.066e-02
chr4_72637595_A_G_b38	1	1.14106e-03	-1.687e-01	4.048e-02
chr4_72632974_T_A_b38	1	1.14106e-03	-1.687e-01	4.048e-02
chr4_72632783_C_G_b38	1	1.14106e-03	-1.687e-01	4.048e-02
chr4_72681389_A_T_b38	1	1.10263e-03	1.959e-01	4.189e-02
chr4_72569687_T_C_b38	2	8.62264e-02	-1.431e-01	5.990e-02
chr4_72568399_G_C_b38	2	6.13735e-02	-1.511e-01	5.368e-02
chr4_72568818_CA_C_b38	2	5.71546e-03	-8.219e-02	7.606e-02
chr4_72551950_C_T_b38	2	5.39409e-03	-1.535e-01	5.267e-02
chr4_72551305_G_A_b38	2	3.86454e-03	-1.489e-01	5.361e-02
chr4_72549129_T_A_b38	2	3.86454e-03	-1.489e-01	5.361e-02
chr4_72548315_T_C_b38	2	3.86454e-03	-1.489e-01	5.361e-02
chr4_72549013_A_G_b38	2	3.86454e-03	-1.489e-01	5.361e-02
chr4_72548079_C_T_b38	2	2.95169e-03	-1.433e-01	5.470e-02
chr4_72474895_C_T_b38	2	2.53271e-03	1.764e-01	4.920e-02
chr4_72470790_C_G_b38	2	2.53271e-03	1.764e-01	4.920e-02
chr4_72473065_G_A_b38	2	2.53271e-03	1.764e-01	4.920e-02
chr4_72482719_C_G_b38	2	1.25436e-03	1.704e-01	4.840e-02
chr4_72484097_C_A_b38	2	1.25436e-03	1.704e-01	4.840e-02
chr4_72552999_C_T_b38	2	1.25279e-03	-1.371e-01	5.697e-02
chr4_72520371_C_A_b38	2	7.87171e-04	-1.480e-01	5.442e-02
chr4_72537677_G_T_b38	2	7.87171e-04	-1.480e-01	5.442e-02
chr4_72471925_G_C_b38	2	3.73000e-04	-1.567e-01	5.141e-02
chr4_72473461_T_C_b38	2	3.73000e-04	-1.567e-01	5.141e-02
chr4_72539386_C_G_b38	2	2.94219e-04	-1.285e-01	5.658e-02
chr4_72536757_A_G_b38	2	2.94219e-04	-1.285e-01	5.658e-02
chr4_72535874_T_A_b38	2	2.94219e-04	-1.285e-01	5.658e-02
chr4_72541279_T_C_b38	2	2.94219e-04	-1.285e-01	5.658e-02
chr4_72570367_T_G_b38	3	2.48284e-04	6.634e-02	1.283e-01
chr4_72577314_T_C_b38	3	3.31498e-05	4.739e-02	1.283e-01
chr4_72577338_A_T_b38	3	3.31498e-05	4.739e-02	1.283e-01
chr4_72577287_C_T_b38	3	3.31498e-05	4.739e-02	1.283e-01
chr4_72590764_C_A_b38	3	9.36038e-06	0.000e+00	0.000e+00
chr4_72588793_A_G_b38	3	9.36038e-06	0.000e+00	0.000e+00
chr4_72589832_CTCTT_C_b38	3	9.36038e-06	0.000e+00	0.000e+00
chr4_72588016_T_C_b38	3	9.36038e-06	0.000e+00	0.000e+00
chr4_72589887_C_A_b38	3	9.36038e-06	0.000e+00	0.000e+00
chr4_72588714_C_T_b38	3	9.36038e-06	0.000e+00	0.000e+00
chr4_72598052_G_A_b38	3	2.28068e-06	0.000e+00	0.000e+00
chr4_72612860_A_G_b38	3	2.06384e-06	0.000e+00	0.000e+00
chr4_72596949_G_A_b38	3	2.02764e-06	0.000e+00	0.000e+00
chr4_72607768_G_T_b38	3	2.02764e-06	0.000e+00	0.000e+00
chr4_72594567_C_T_b38	3	2.02764e-06	0.000e+00	0.000e+00
chr4_72594796_G_A_b38	3	2.02764e-06	0.000e+00	0.000e+00
chr4_72605484_C_T_b38	3	2.02764e-06	0.000e+00	0.000e+00
chr4_72608427_A_C_b38	3	1.96708e-06	0.000e+00	0.000e+00
chr4_72652523_C_T_b38	3	1.08394e-06	0.000e+00	0.000e+00
chr4_72632479_C_T_b38	3	1.08394e-06	0.000e+00	0.000e+00
chr4_72654658_T_A_b38	3	1.08394e-06	0.000e+00	0.000e+00
chr4_72658283_C_G_b38	3	9.67497e-07	0.000e+00	0.000e+00
chr4_72642708_G_A_b38	3	9.35045e-07	0.000e+00	0.000e+00
chr4_72633137_C_T_b38	3	9.35045e-07	0.000e+00	0.000e+00
chr4_72645294_C_T_b38	3	9.35045e-07	0.000e+00	0.000e+00
chr4_72636196_G_A_b38	3	9.35045e-07	0.000e+00	0.000e+00
chr4_72630317_A_G_b38	3	9.35045e-07	0.000e+00	0.000e+00
chr4_72666581_T_C_b38	3	8.35213e-07	0.000e+00	0.000e+00
chr4_72664983_T_C_b38	3	8.35213e-07	0.000e+00	0.000e+00
chr4_72668951_A_T_b38	3	8.35213e-07	0.000e+00	0.000e+00
chr4_72666717_T_C_b38	3	7.65973e-07	0.000e+00	0.000e+00
