chr3_53077688_T_C_b38	1	6.02458e-01	-5.274e-01	4.371e-02
chr3_53069246_A_G_b38	1	3.87029e-01	-4.972e-01	3.862e-02
chr3_53093661_G_T_b38	1	6.46642e-03	-4.973e-01	3.986e-02
chr3_53130078_C_T_b38	2	9.50928e-02	-1.129e-01	3.681e-02
chr3_53130177_C_T_b38	2	9.50928e-02	-1.129e-01	3.681e-02
chr3_53130787_C_T_b38	2	5.45824e-02	-1.039e-01	3.639e-02
chr3_53129937_A_T_b38	2	2.81071e-02	-1.072e-01	3.632e-02
chr3_53131247_T_G_b38	2	2.26267e-02	-1.043e-01	3.632e-02
chr3_53131448_C_T_b38	2	2.26267e-02	-1.043e-01	3.632e-02
chr3_53131178_T_C_b38	2	2.26267e-02	-1.043e-01	3.632e-02
chr3_53129041_A_T_b38	2	1.34475e-02	-1.059e-01	3.635e-02
chr3_53128263_A_C_b38	2	1.34475e-02	-1.059e-01	3.635e-02
chr3_53128429_A_G_b38	2	1.34475e-02	-1.059e-01	3.635e-02
chr3_53128731_C_T_b38	2	1.34475e-02	-1.059e-01	3.635e-02
chr3_53128644_G_C_b38	2	1.34475e-02	-1.059e-01	3.635e-02
chr3_53128390_G_A_b38	2	1.34475e-02	-1.059e-01	3.635e-02
chr3_53131611_A_G_b38	2	1.16514e-02	-1.043e-01	3.632e-02
chr3_53132082_A_G_b38	2	1.16514e-02	-1.043e-01	3.632e-02
chr3_53132119_C_G_b38	2	1.12096e-02	-9.882e-02	3.429e-02
chr3_53132643_T_A_b38	2	7.92614e-03	-9.835e-02	3.619e-02
chr3_53132494_T_C_b38	2	7.92614e-03	-9.835e-02	3.619e-02
chr3_53126254_C_T_b38	2	6.77119e-03	-1.048e-01	3.653e-02
chr3_53126227_G_A_b38	2	6.77119e-03	-1.048e-01	3.653e-02
chr3_53126177_G_T_b38	2	6.77119e-03	-1.048e-01	3.653e-02
chr3_53126253_A_T_b38	2	6.77119e-03	-1.048e-01	3.653e-02
chr3_53126255_C_T_b38	2	6.77119e-03	-1.048e-01	3.653e-02
chr3_53133458_C_A_b38	2	5.81336e-03	-1.003e-01	3.620e-02
chr3_53126200_T_C_b38	2	5.79841e-03	-1.022e-01	3.640e-02
chr3_53126116_T_C_b38	2	5.79841e-03	-1.022e-01	3.640e-02
chr3_53122049_G_C_b38	2	4.57853e-03	-1.048e-01	3.653e-02
chr3_53122851_T_C_b38	2	4.28866e-03	-1.031e-01	3.624e-02
chr3_53123286_A_T_b38	2	3.92075e-03	-1.022e-01	3.640e-02
chr3_53123530_T_C_b38	2	3.92075e-03	-1.022e-01	3.640e-02
chr3_53134097_G_T_b38	2	3.52343e-03	8.632e-02	3.337e-02
chr3_53114439_G_C_b38	2	3.27418e-03	1.072e-01	3.574e-02
chr3_53121142_C_T_b38	2	3.10313e-03	-9.866e-02	3.639e-02
chr3_53135286_T_G_b38	2	2.28696e-03	-8.274e-02	3.493e-02
chr3_53136484_C_T_b38	2	2.23409e-03	8.629e-02	3.317e-02
chr3_53135307_G_C_b38	2	2.17678e-03	-8.200e-02	3.497e-02
chr3_53136158_C_T_b38	2	2.14554e-03	-8.953e-02	3.497e-02
chr3_53113870_C_T_b38	2	1.75061e-03	-1.100e-01	3.567e-02
chr3_53113390_TAGGATTTCAG_T_b38	2	1.75061e-03	-1.100e-01	3.567e-02
chr3_53120123_GCACT_G_b38	2	1.61182e-03	-1.083e-01	3.546e-02
chr3_53120116_ATTAACT_A_b38	2	1.61182e-03	-1.083e-01	3.546e-02
chr3_53117648_A_C_b38	2	1.53269e-03	-1.072e-01	3.529e-02
chr3_53119415_A_T_b38	2	1.48389e-03	-1.075e-01	3.556e-02
chr3_53136028_A_G_b38	2	1.08994e-03	-9.029e-02	3.418e-02
chr3_53133838_T_G_b38	2	1.00211e-03	-8.181e-02	3.429e-02
chr3_53109885_A_G_b38	2	9.06404e-04	-9.782e-02	3.451e-02
chr3_53110347_T_C_b38	2	9.06404e-04	-9.782e-02	3.451e-02
chr3_53136609_T_C_b38	2	8.89886e-04	-8.741e-02	3.424e-02
chr3_53135635_C_G_b38	2	8.61073e-04	-8.728e-02	3.439e-02
chr3_53108205_A_T_b38	2	7.48718e-04	-9.891e-02	3.596e-02
chr3_53108240_A_G_b38	2	7.48718e-04	-9.891e-02	3.596e-02
chr3_53107533_C_T_b38	2	7.48718e-04	-9.891e-02	3.596e-02
chr3_53107949_G_C_b38	2	7.48718e-04	-9.891e-02	3.596e-02
chr3_53107500_C_G_b38	2	7.48718e-04	-9.891e-02	3.596e-02
chr3_53137806_A_G_b38	2	2.11615e-43	0.000e+00	0.000e+00
chr3_53138096_A_G_b38	2	4.00693e-44	0.000e+00	0.000e+00
chr3_53138956_G_A_b38	2	9.17071e-45	0.000e+00	0.000e+00
chr3_53130510_G_C_b38	3	4.77276e-03	-4.014e-02	6.297e-02
