chr6_155263222_T_C_b38	1	7.83946e-02	2.350e-01	4.625e-02
chr6_155268639_G_A_b38	1	3.61954e-02	2.397e-01	4.614e-02
chr6_155262539_A_C_b38	1	3.15082e-02	2.351e-01	4.620e-02
chr6_155265503_CAGA_C_b38	1	3.07908e-02	2.351e-01	4.620e-02
chr6_155266462_A_C_b38	1	3.07908e-02	2.351e-01	4.620e-02
chr6_155266288_A_G_b38	1	3.07908e-02	2.351e-01	4.620e-02
chr6_155265464_A_C_b38	1	2.49274e-02	2.329e-01	4.619e-02
chr6_155259207_A_G_b38	1	2.38373e-02	2.364e-01	4.610e-02
chr6_155266771_T_C_b38	1	2.17964e-02	2.351e-01	4.619e-02
chr6_155267327_G_A_b38	1	2.17964e-02	2.351e-01	4.619e-02
chr6_155267241_T_C_b38	1	2.17964e-02	2.351e-01	4.619e-02
chr6_155267255_A_G_b38	1	2.17964e-02	2.351e-01	4.619e-02
chr6_155266613_A_G_b38	1	2.17964e-02	2.351e-01	4.619e-02
chr6_155259134_T_C_b38	1	1.96763e-02	2.351e-01	4.619e-02
chr6_155260052_C_T_b38	1	1.96763e-02	2.351e-01	4.619e-02
chr6_155260770_C_T_b38	1	1.96763e-02	2.351e-01	4.619e-02
chr6_155261081_T_G_b38	1	1.96763e-02	2.351e-01	4.619e-02
chr6_155260155_C_A_b38	1	1.96763e-02	2.351e-01	4.619e-02
chr6_155260485_G_A_b38	1	1.96763e-02	2.351e-01	4.619e-02
chr6_155266575_T_G_b38	1	1.75652e-02	2.330e-01	4.618e-02
chr6_155266568_T_C_b38	1	1.75652e-02	2.330e-01	4.618e-02
chr6_155257622_A_T_b38	1	1.67076e-02	2.379e-01	4.626e-02
chr6_155258112_A_C_b38	1	1.61004e-02	2.362e-01	4.601e-02
chr6_155254733_G_A_b38	1	1.61004e-02	-2.362e-01	4.601e-02
chr6_155260701_T_G_b38	1	1.59317e-02	2.330e-01	4.618e-02
chr6_155256240_T_C_b38	1	1.58272e-02	2.365e-01	4.609e-02
chr6_155258423_A_G_b38	1	1.58272e-02	2.365e-01	4.609e-02
chr6_155258547_A_AAT_b38	1	1.58272e-02	2.365e-01	4.609e-02
chr6_155254412_C_G_b38	1	1.41323e-02	-2.356e-01	4.613e-02
chr6_155256689_C_T_b38	1	1.34878e-02	2.340e-01	4.590e-02
chr6_155269559_C_T_b38	1	1.34784e-02	2.351e-01	4.618e-02
chr6_155273641_A_T_b38	1	1.34784e-02	2.351e-01	4.618e-02
chr6_155273810_T_C_b38	1	1.34784e-02	2.351e-01	4.618e-02
chr6_155272895_A_G_b38	1	1.34784e-02	2.351e-01	4.618e-02
chr6_155254473_G_A_b38	1	1.34140e-02	-2.350e-01	4.611e-02
chr6_155257465_A_T_b38	1	1.31198e-02	2.351e-01	4.618e-02
chr6_155254807_C_T_b38	1	1.31198e-02	-2.351e-01	4.618e-02
chr6_155258900_CTGA_C_b38	1	1.04101e-02	2.332e-01	4.625e-02
chr6_155273503_C_T_b38	1	9.74527e-03	2.308e-01	4.594e-02
chr6_155229871_C_T_b38	1	7.67026e-03	-2.457e-01	4.620e-02
chr6_155247409_C_A_b38	1	7.40880e-03	-2.325e-01	4.543e-02
chr6_155247182_C_T_b38	1	7.28191e-03	-2.319e-01	4.532e-02
chr6_155244610_T_C_b38	1	7.22350e-03	-2.350e-01	4.596e-02
chr6_155254297_C_T_b38	1	7.22223e-03	-2.296e-01	4.624e-02
chr6_155253064_C_T_b38	1	6.61298e-03	-2.328e-01	4.569e-02
chr6_155274348_G_C_b38	1	6.56563e-03	2.352e-01	4.617e-02
chr6_155275151_A_G_b38	1	6.56563e-03	2.352e-01	4.617e-02
chr6_155245030_C_A_b38	1	6.40396e-03	-2.331e-01	4.581e-02
chr6_155253344_G_A_b38	1	6.37183e-03	-2.343e-01	4.606e-02
chr6_155246746_T_C_b38	1	6.03391e-03	-2.304e-01	4.541e-02
chr6_155246727_A_C_b38	1	6.03391e-03	-2.304e-01	4.541e-02
chr6_155242154_C_T_b38	1	5.78084e-03	-2.345e-01	4.628e-02
chr6_155245265_C_G_b38	1	5.71065e-03	-2.326e-01	4.595e-02
chr6_155243956_C_T_b38	1	5.28850e-03	-2.317e-01	4.588e-02
chr6_155245016_C_T_b38	1	5.28850e-03	-2.317e-01	4.588e-02
chr6_155243955_T_C_b38	1	5.28850e-03	-2.317e-01	4.588e-02
chr6_155274993_C_T_b38	1	5.25650e-03	2.340e-01	4.635e-02
chr6_155276664_C_CTTTTTT_b38	1	5.19057e-03	2.333e-01	4.623e-02
chr6_155276552_C_G_b38	1	5.19057e-03	2.333e-01	4.623e-02
chr6_155275767_T_C_b38	1	5.19057e-03	2.333e-01	4.623e-02
chr6_155276510_A_G_b38	1	5.19057e-03	2.333e-01	4.623e-02
chr6_155275212_T_C_b38	1	5.19057e-03	2.333e-01	4.623e-02
chr6_155242460_T_C_b38	1	5.11952e-03	-2.328e-01	4.616e-02
chr6_155242707_G_A_b38	1	5.03646e-03	-2.328e-01	4.622e-02
chr6_155248580_A_G_b38	1	4.82623e-03	-2.288e-01	4.552e-02
chr6_155243168_T_G_b38	1	4.69808e-03	-2.298e-01	4.574e-02
chr6_155248504_G_C_b38	1	4.63343e-03	-2.287e-01	4.555e-02
chr6_155250563_T_C_b38	1	4.63343e-03	-2.287e-01	4.555e-02
chr6_155264099_A_G_b38	1	4.16889e-03	2.202e-01	5.315e-02
chr6_155247685_A_G_b38	1	3.89569e-03	-2.269e-01	4.553e-02
chr6_155252197_A_G_b38	1	3.82960e-03	-2.270e-01	4.557e-02
chr6_155229539_T_C_b38	1	2.86243e-03	-2.368e-01	4.629e-02
chr6_155255311_G_A_b38	1	2.47818e-03	-2.099e-01	4.438e-02
chr6_155269675_A_T_b38	1	2.05678e-03	2.107e-01	4.497e-02
chr6_155269950_C_T_b38	1	1.77611e-03	2.094e-01	4.503e-02
chr6_155246749_A_G_b38	1	8.17672e-04	-2.069e-01	4.463e-02
chr6_155264020_G_A_b38	2	1.62673e-02	7.771e-02	7.793e-02
chr6_155264998_A_G_b38	2	6.35623e-03	7.762e-02	7.761e-02
chr6_155261611_T_G_b38	2	2.11579e-03	6.081e-02	7.101e-02
chr6_155262733_G_GA_b38	2	2.11579e-03	6.081e-02	7.101e-02
chr6_155259639_T_G_b38	2	1.41268e-03	7.766e-02	7.757e-02
chr6_155273792_C_T_b38	2	9.69135e-04	7.977e-02	7.725e-02
chr6_155270501_C_T_b38	2	9.59371e-04	7.783e-02	7.593e-02
chr6_155271867_G_A_b38	2	9.46155e-04	7.766e-02	7.757e-02
chr6_155255414_T_C_b38	2	8.91534e-04	7.603e-02	7.747e-02
chr6_155258614_G_A_b38	2	5.84435e-04	4.737e-02	8.029e-02
chr6_155253578_G_A_b38	2	2.32478e-04	7.807e-02	7.754e-02
chr6_155248568_G_A_b38	2	2.32478e-04	7.807e-02	7.754e-02
chr6_155243129_G_A_b38	2	2.32478e-04	7.807e-02	7.754e-02
chr6_155286802_C_T_b38	2	2.32124e-04	7.807e-02	7.754e-02
chr6_155274418_A_G_b38	2	2.32124e-04	7.807e-02	7.754e-02
chr6_155278751_G_A_b38	2	2.32124e-04	7.807e-02	7.754e-02
chr6_155279125_A_T_b38	2	2.32124e-04	7.807e-02	7.754e-02
chr6_155288568_T_A_b38	2	2.32124e-04	7.807e-02	7.754e-02
chr6_155279684_T_A_b38	2	1.61779e-04	7.442e-02	7.647e-02
chr6_155243033_A_G_b38	2	1.42229e-04	7.080e-02	7.721e-02
chr6_155230543_T_TTATGCCAGTC_b38	2	2.36906e-05	-1.002e-01	8.113e-02
chr6_155228908_G_A_b38	2	2.07368e-05	8.763e-02	7.407e-02
chr6_155229752_A_T_b38	2	2.00876e-05	-8.464e-02	7.303e-02
chr6_155296147_G_A_b38	2	1.85891e-05	7.841e-02	7.753e-02
chr6_155235382_C_T_b38	2	1.74885e-05	7.418e-02	7.996e-02
chr6_155294214_T_C_b38	2	1.55994e-05	6.203e-02	7.500e-02
chr6_155294480_A_G_b38	2	1.55994e-05	6.203e-02	7.500e-02
chr6_155298107_A_G_b38	2	1.50922e-05	5.886e-02	7.405e-02
chr6_155264144_C_T_b38	3	5.77961e-04	1.415e-01	7.161e-02
chr6_155252700_T_C_b38	3	5.12006e-04	-2.034e-01	4.483e-02
chr6_155262486_G_C_b38	3	8.57663e-05	1.585e-01	4.414e-02
chr6_155232718_ATCTC_A_b38	3	4.84821e-05	-1.826e-01	4.379e-02
chr6_155232714_A_AG_b38	3	4.83532e-05	-1.826e-01	4.379e-02
chr6_155262411_G_A_b38	3	4.66714e-05	1.521e-01	4.426e-02
chr6_155266063_C_A_b38	3	4.56088e-05	1.521e-01	4.426e-02
chr6_155232840_C_T_b38	3	4.53379e-05	-1.815e-01	4.370e-02
chr6_155233217_G_T_b38	3	4.53379e-05	-1.815e-01	4.370e-02
chr6_155239940_T_C_b38	3	2.65680e-05	-1.658e-01	4.398e-02
chr6_155241463_C_T_b38	3	2.40132e-05	-1.642e-01	4.387e-02
chr6_155240430_C_T_b38	3	2.13419e-05	-1.627e-01	4.388e-02
chr6_155241030_A_G_b38	3	1.69924e-05	-1.594e-01	4.377e-02
chr6_155259890_G_T_b38	3	1.38756e-05	1.401e-01	4.387e-02
chr6_155258266_A_G_b38	3	1.35641e-05	1.481e-01	4.404e-02
chr6_155230785_A_AT_b38	3	7.87640e-06	0.000e+00	0.000e+00
chr6_155236038_A_G_b38	3	7.59636e-06	0.000e+00	0.000e+00
chr6_155239346_C_T_b38	3	7.38550e-06	0.000e+00	0.000e+00
chr6_155238431_C_T_b38	3	7.03832e-06	0.000e+00	0.000e+00
chr6_155235220_G_A_b38	3	6.92028e-06	0.000e+00	0.000e+00
chr6_155234392_G_C_b38	3	6.73229e-06	0.000e+00	0.000e+00
chr6_155236187_G_A_b38	3	6.31910e-06	0.000e+00	0.000e+00
chr6_155233368_A_G_b38	3	5.07657e-06	0.000e+00	0.000e+00
chr6_155234790_C_T_b38	3	2.68195e-06	0.000e+00	0.000e+00
chr6_155292983_C_T_b38	3	1.66695e-07	0.000e+00	0.000e+00
