chr12_6752762_G_T_b38	1	9.99928e-01	-3.789e-01	8.585e-02
chr12_6748497_C_CA_b38	2	2.46568e-01	2.415e-01	3.626e-02
chr12_6750563_G_A_b38	2	2.46568e-01	2.415e-01	3.626e-02
chr12_6750025_G_A_b38	2	2.46568e-01	2.415e-01	3.626e-02
chr12_6749805_C_T_b38	2	2.46568e-01	2.415e-01	3.626e-02
chr12_6747834_G_C_b38	2	5.75013e-03	2.090e-01	3.236e-02
chr12_6746074_T_C_b38	2	2.22025e-03	2.213e-01	3.569e-02
chr12_6752217_AC_A_b38	2	1.89544e-03	2.204e-01	3.571e-02
chr12_6750864_C_T_b38	2	1.89544e-03	2.204e-01	3.571e-02
chr12_6751349_A_G_b38	2	1.89544e-03	2.204e-01	3.571e-02
chr12_6767122_G_C_b38	3	3.13528e-01	-2.266e-01	1.116e-01
chr12_6768555_C_T_b38	3	4.97234e-03	-6.873e-02	5.116e-02
chr12_6766995_T_G_b38	3	3.57244e-03	-2.142e-02	2.435e-02
chr12_6769024_G_A_b38	3	1.53560e-03	-4.030e-02	3.054e-02
chr12_6770036_T_C_b38	3	1.32897e-03	-4.102e-02	2.447e-02
chr12_6762543_G_A_b38	4	2.20444e-01	2.536e-01	6.086e-02
chr12_6771830_G_A_b38	5	7.19508e-04	-1.016e-01	6.081e-02
chr12_6764652_G_A_b38	5	4.79996e-04	-9.307e-02	6.096e-02
