chr12_12696307_A_G_b38	1	4.27817e-01	3.424e-01	9.736e-02
chr12_12695056_A_G_b38	1	2.08615e-01	3.909e-01	1.566e-01
chr12_12697434_T_C_b38	1	1.40765e-01	3.548e-01	1.157e-01
chr12_12688801_C_T_b38	1	5.29731e-02	3.692e-01	1.360e-01
chr12_12692447_G_C_b38	1	4.39882e-02	3.330e-01	9.569e-02
chr12_12715767_C_T_b38	1	2.79392e-02	3.689e-01	1.357e-01
chr12_12730860_G_A_b38	1	8.89958e-03	3.032e-01	7.110e-02
chr12_12732344_A_G_b38	1	8.56144e-03	3.023e-01	7.106e-02
chr12_12686184_T_C_b38	1	7.07144e-03	3.033e-01	7.727e-02
chr12_12738486_A_G_b38	1	4.34184e-03	2.900e-01	7.120e-02
chr12_12700354_TTTG_T_b38	2	4.79229e-02	-3.638e-01	1.134e-01
chr12_12703640_TAGCTA_T_b38	2	1.60905e-02	-3.313e-01	1.126e-01
chr12_12675751_T_C_b38	2	3.32249e-03	2.552e-01	1.294e-01
chr12_12678308_AAAAC_A_b38	2	3.11243e-03	2.526e-01	1.448e-01
chr12_12674966_G_C_b38	2	2.32175e-03	-3.124e-01	1.409e-01
chr12_12668570_A_G_b38	2	1.96645e-03	3.038e-01	7.930e-02
chr12_12720719_C_T_b38	3	8.77563e-03	-1.769e-01	4.763e-02
chr12_12730636_A_G_b38	3	6.65914e-03	1.962e-01	5.046e-02
chr12_12724992_C_A_b38	3	3.15390e-03	-1.747e-01	4.708e-02
chr12_12726123_G_A_b38	3	2.67991e-03	1.819e-01	4.973e-02
chr12_12720814_T_C_b38	3	9.96159e-04	-1.417e-01	4.615e-02
chr12_12731423_A_G_b38	3	6.51951e-04	-1.652e-01	5.171e-02
chr12_12726636_T_C_b38	3	4.46687e-04	-1.464e-01	4.537e-02
chr12_12730573_G_C_b38	3	4.00840e-04	1.475e-01	4.642e-02
chr12_12724758_T_C_b38	3	3.84118e-04	-1.439e-01	4.541e-02
chr12_12729356_T_TA_b38	3	3.40792e-04	1.435e-01	4.489e-02
chr12_12705757_C_T_b38	3	1.75904e-04	-9.538e-02	4.595e-02
chr12_12701228_G_T_b38	3	1.35055e-04	-8.884e-02	4.536e-02
chr12_12715152_G_A_b38	3	6.41762e-05	-9.429e-02	4.589e-02
chr12_12717002_C_A_b38	3	5.64880e-05	-9.089e-02	4.576e-02
chr12_12708651_TTC_T_b38	3	5.38360e-05	-8.863e-02	4.499e-02
chr12_12689311_A_C_b38	3	2.88882e-05	-5.923e-02	4.619e-02
