chr17_48931395_A_T_b38	1	1.32543e-01	-2.376e-01	6.136e-02
chr17_48930845_A_G_b38	1	6.15637e-02	-2.425e-01	6.138e-02
chr17_48932672_G_T_b38	1	4.92359e-02	-2.376e-01	6.133e-02
chr17_48932473_G_A_b38	1	4.92359e-02	-2.376e-01	6.133e-02
chr17_48934258_C_G_b38	1	3.21307e-02	-2.425e-01	6.135e-02
chr17_48929588_T_C_b38	1	3.04794e-02	-2.425e-01	6.134e-02
chr17_48933433_CAG_C_b38	1	2.55000e-02	-2.377e-01	6.130e-02
chr17_48927831_A_G_b38	1	2.03071e-02	-2.425e-01	6.134e-02
chr17_48929131_T_C_b38	1	2.03071e-02	-2.425e-01	6.134e-02
chr17_48936765_T_C_b38	1	1.97058e-02	-2.425e-01	6.134e-02
chr17_48935142_A_G_b38	1	1.97058e-02	-2.425e-01	6.134e-02
chr17_48934535_C_T_b38	1	1.97058e-02	-2.425e-01	6.134e-02
chr17_48928147_T_G_b38	1	1.34399e-02	-2.358e-01	6.136e-02
chr17_48939814_T_C_b38	1	1.28040e-02	-2.429e-01	6.118e-02
chr17_48937467_A_AT_b38	1	1.28040e-02	-2.429e-01	6.118e-02
chr17_48939520_C_T_b38	1	1.28040e-02	-2.429e-01	6.118e-02
chr17_48940115_T_C_b38	1	1.28040e-02	-2.429e-01	6.118e-02
chr17_48928226_C_T_b38	1	1.10663e-02	-2.298e-01	6.077e-02
chr17_48940663_A_G_b38	1	1.01988e-02	-2.388e-01	6.124e-02
chr17_48882163_G_A_b38	1	9.29990e-03	-2.590e-01	5.852e-02
chr17_48924439_A_G_b38	1	9.04230e-03	-2.373e-01	6.092e-02
chr17_48925162_G_A_b38	1	8.93792e-03	-2.381e-01	6.112e-02
chr17_48922748_C_T_b38	1	8.93792e-03	-2.381e-01	6.112e-02
chr17_48925077_G_T_b38	1	8.93792e-03	-2.381e-01	6.112e-02
chr17_48925859_G_T_b38	1	8.93792e-03	-2.381e-01	6.112e-02
chr17_48922011_C_G_b38	1	8.93792e-03	-2.381e-01	6.112e-02
chr17_48922575_C_T_b38	1	8.93792e-03	-2.381e-01	6.112e-02
chr17_48940517_G_A_b38	1	8.71362e-03	-2.357e-01	6.128e-02
chr17_48925027_G_A_b38	1	8.68388e-03	-2.362e-01	6.083e-02
chr17_48922311_T_C_b38	1	8.03246e-03	-2.373e-01	6.147e-02
chr17_48907063_C_T_b38	1	6.79995e-03	-2.433e-01	6.040e-02
chr17_48907497_A_T_b38	1	6.79995e-03	-2.433e-01	6.040e-02
chr17_48942537_C_T_b38	1	5.52198e-03	-2.432e-01	6.104e-02
chr17_48942310_C_A_b38	1	5.52198e-03	-2.432e-01	6.104e-02
chr17_48942235_T_C_b38	1	5.52198e-03	-2.432e-01	6.104e-02
chr17_48942037_A_C_b38	1	5.52198e-03	-2.432e-01	6.104e-02
chr17_48951627_T_C_b38	1	5.43447e-03	-2.424e-01	6.096e-02
chr17_48949069_C_T_b38	1	5.43447e-03	-2.424e-01	6.096e-02
chr17_48954379_A_C_b38	1	5.43447e-03	-2.424e-01	6.096e-02
chr17_48950972_G_A_b38	1	5.43447e-03	-2.424e-01	6.096e-02
chr17_48952542_C_T_b38	1	5.43447e-03	-2.424e-01	6.096e-02
chr17_48949474_G_C_b38	1	5.43447e-03	-2.424e-01	6.096e-02
chr17_48948714_G_A_b38	1	5.43447e-03	-2.424e-01	6.096e-02
chr17_48955258_G_C_b38	1	5.43447e-03	-2.424e-01	6.096e-02
chr17_48955049_G_A_b38	1	5.43447e-03	-2.424e-01	6.096e-02
chr17_48948823_A_T_b38	1	5.43447e-03	-2.424e-01	6.096e-02
chr17_48941685_A_AT_b38	1	4.93703e-03	-2.320e-01	6.306e-02
chr17_48917608_G_A_b38	1	4.64733e-03	-2.384e-01	6.098e-02
chr17_48916305_T_G_b38	1	4.64733e-03	-2.384e-01	6.098e-02
chr17_48911167_A_G_b38	1	4.64733e-03	-2.384e-01	6.098e-02
chr17_48920636_T_C_b38	1	4.64733e-03	-2.384e-01	6.098e-02
chr17_48919221_T_A_b38	1	4.64733e-03	-2.384e-01	6.098e-02
chr17_48916008_G_A_b38	1	4.64733e-03	-2.384e-01	6.098e-02
chr17_48917034_C_T_b38	1	4.64733e-03	-2.384e-01	6.098e-02
chr17_48913439_C_A_b38	1	4.64733e-03	-2.384e-01	6.098e-02
chr17_48917484_G_C_b38	1	4.64733e-03	-2.384e-01	6.098e-02
chr17_48911992_A_G_b38	1	4.64733e-03	-2.384e-01	6.098e-02
chr17_48918373_A_G_b38	1	4.64733e-03	-2.384e-01	6.098e-02
chr17_48911235_C_T_b38	1	4.64733e-03	-2.384e-01	6.098e-02
chr17_48914194_A_G_b38	1	4.64733e-03	-2.384e-01	6.098e-02
chr17_48914390_G_A_b38	1	4.64733e-03	-2.384e-01	6.098e-02
chr17_48914169_T_C_b38	1	4.64733e-03	-2.384e-01	6.098e-02
chr17_48921540_A_G_b38	1	4.64733e-03	-2.384e-01	6.098e-02
chr17_48909317_A_G_b38	1	4.15107e-03	-2.368e-01	6.117e-02
chr17_48908231_A_C_b38	1	3.75786e-03	-2.345e-01	6.104e-02
chr17_48923298_A_G_b38	1	3.60676e-03	-2.218e-01	6.125e-02
chr17_48890426_T_C_b38	1	2.96314e-03	-2.479e-01	5.938e-02
chr17_48944056_A_C_b38	1	2.67299e-03	-2.324e-01	6.052e-02
chr17_48944066_C_G_b38	1	2.67299e-03	-2.324e-01	6.052e-02
chr17_48944908_C_T_b38	1	2.67299e-03	-2.324e-01	6.052e-02
chr17_48945393_C_G_b38	1	2.67299e-03	-2.324e-01	6.052e-02
chr17_48945499_A_G_b38	1	2.67299e-03	-2.324e-01	6.052e-02
chr17_48951918_G_C_b38	1	2.63492e-03	-2.318e-01	6.043e-02
chr17_48880334_G_C_b38	1	2.58985e-03	-2.599e-01	5.807e-02
chr17_48892303_A_T_b38	1	2.53942e-03	-2.464e-01	5.964e-02
chr17_48890646_G_C_b38	1	2.53942e-03	-2.464e-01	5.964e-02
chr17_48889675_T_A_b38	1	2.53942e-03	-2.464e-01	5.964e-02
chr17_48889699_C_T_b38	1	2.53942e-03	-2.464e-01	5.964e-02
chr17_48889762_G_A_b38	1	2.53942e-03	-2.464e-01	5.964e-02
chr17_48892007_G_A_b38	1	2.53942e-03	-2.464e-01	5.964e-02
chr17_48889588_T_C_b38	1	2.35388e-03	-2.448e-01	5.956e-02
chr17_48899763_G_A_b38	1	2.32598e-03	-2.439e-01	5.944e-02
chr17_48895117_ATCTC_A_b38	1	2.32598e-03	-2.439e-01	5.944e-02
chr17_48899244_G_A_b38	1	2.32598e-03	-2.439e-01	5.944e-02
chr17_48897372_T_C_b38	1	2.32598e-03	-2.439e-01	5.944e-02
chr17_48895503_C_T_b38	1	2.32598e-03	-2.439e-01	5.944e-02
chr17_48897788_AG_A_b38	1	2.32598e-03	-2.439e-01	5.944e-02
chr17_48892721_G_GA_b38	1	2.32598e-03	-2.439e-01	5.944e-02
chr17_48893778_G_A_b38	1	2.32598e-03	-2.439e-01	5.944e-02
chr17_48899394_C_G_b38	1	2.32598e-03	-2.439e-01	5.944e-02
chr17_48899419_C_T_b38	1	2.32598e-03	-2.439e-01	5.944e-02
chr17_48898008_G_A_b38	1	2.32598e-03	-2.439e-01	5.944e-02
chr17_48900100_T_G_b38	1	2.32598e-03	-2.439e-01	5.944e-02
chr17_48900554_A_G_b38	1	2.32598e-03	-2.439e-01	5.944e-02
chr17_48889676_T_A_b38	1	2.29108e-03	-2.506e-01	6.110e-02
chr17_48906680_T_A_b38	1	2.25462e-03	-2.445e-01	5.974e-02
chr17_48906029_G_A_b38	1	2.25462e-03	-2.445e-01	5.974e-02
chr17_48905387_G_C_b38	1	2.25462e-03	-2.445e-01	5.974e-02
chr17_48900921_A_G_b38	1	2.25462e-03	-2.445e-01	5.974e-02
chr17_48902956_C_T_b38	1	2.25462e-03	-2.445e-01	5.974e-02
chr17_48905809_G_C_b38	1	2.25462e-03	-2.445e-01	5.974e-02
chr17_48904965_T_A_b38	1	2.25462e-03	-2.445e-01	5.974e-02
chr17_48957057_A_G_b38	1	2.01551e-03	-2.437e-01	6.026e-02
chr17_48958507_T_C_b38	1	2.01551e-03	-2.437e-01	6.026e-02
chr17_48957058_C_T_b38	1	2.01551e-03	-2.437e-01	6.026e-02
chr17_48957612_A_G_b38	1	2.01551e-03	-2.437e-01	6.026e-02
chr17_48958931_C_T_b38	1	2.01551e-03	-2.437e-01	6.026e-02
chr17_48920756_T_C_b38	1	1.83067e-03	-2.235e-01	6.031e-02
chr17_48922889_C_T_b38	1	1.65134e-03	-2.088e-01	6.026e-02
chr17_48945636_C_T_b38	1	1.60185e-03	-2.231e-01	6.067e-02
chr17_48951110_A_G_b38	1	1.60156e-03	-2.180e-01	5.979e-02
chr17_48880625_A_G_b38	1	1.41385e-03	-2.525e-01	5.746e-02
chr17_48932207_C_T_b38	2	4.25229e-02	1.697e-01	9.935e-02
chr17_48929586_C_T_b38	2	1.53570e-02	2.229e-01	1.036e-01
chr17_48932641_T_C_b38	2	1.43727e-02	1.722e-01	9.978e-02
chr17_48929651_G_A_b38	2	5.80761e-03	1.778e-01	1.010e-01
chr17_48938303_C_T_b38	2	1.96172e-03	1.852e-01	1.024e-01
chr17_48938326_G_A_b38	2	1.96172e-03	1.852e-01	1.024e-01
chr17_48938554_T_C_b38	2	1.96172e-03	1.852e-01	1.024e-01
chr17_48955998_TTTC_T_b38	2	6.44807e-04	1.968e-01	1.011e-01
chr17_48892439_G_A_b38	2	1.63877e-04	2.371e-01	1.080e-01
chr17_48958681_C_G_b38	2	1.47515e-04	2.259e-01	1.072e-01
chr17_48935011_C_T_b38	3	2.28991e-03	5.089e-01	1.544e-01
chr17_48912713_A_G_b38	3	9.47478e-04	4.627e-01	1.287e-01
