chr2_171526330_C_G_b38	1	3.02683e-01	-2.506e-01	3.668e-02
chr2_171524977_G_A_b38	1	3.02683e-01	-2.506e-01	3.668e-02
chr2_171523139_C_T_b38	1	1.96954e-01	-2.387e-01	3.589e-02
chr2_171523838_T_G_b38	1	1.55718e-01	-2.361e-01	3.488e-02
chr2_171528864_G_T_b38	1	4.10579e-02	-2.501e-01	3.677e-02
chr2_171552317_CA_C_b38	2	1.15855e-01	-1.634e-01	3.389e-02
chr2_171558043_A_G_b38	2	6.73687e-02	-1.550e-01	3.297e-02
chr2_171555498_C_G_b38	2	6.73687e-02	-1.550e-01	3.297e-02
chr2_171558603_G_A_b38	2	6.73687e-02	-1.550e-01	3.297e-02
chr2_171556397_A_C_b38	2	6.73687e-02	-1.550e-01	3.297e-02
chr2_171558940_A_G_b38	2	6.73687e-02	-1.550e-01	3.297e-02
chr2_171557976_C_T_b38	2	6.73687e-02	-1.550e-01	3.297e-02
chr2_171558776_A_G_b38	2	5.18630e-02	-1.569e-01	3.384e-02
chr2_171552520_T_A_b38	2	5.06469e-02	-1.586e-01	3.431e-02
chr2_171552755_G_C_b38	2	5.06469e-02	-1.586e-01	3.431e-02
chr2_171553676_A_G_b38	2	5.06469e-02	-1.586e-01	3.431e-02
chr2_171559866_A_C_b38	2	4.56590e-02	-1.501e-01	3.237e-02
chr2_171559387_G_A_b38	2	4.56590e-02	-1.501e-01	3.237e-02
chr2_171559420_C_T_b38	2	4.56590e-02	-1.501e-01	3.237e-02
chr2_171559437_T_C_b38	2	4.56590e-02	-1.501e-01	3.237e-02
chr2_171560300_T_A_b38	2	2.82201e-02	-1.432e-01	3.144e-02
chr2_171560564_T_A_b38	2	1.60225e-02	-1.406e-01	3.211e-02
chr2_171560888_G_C_b38	2	1.12473e-02	-1.397e-01	3.237e-02
chr2_171554176_T_C_b38	2	1.01208e-02	-1.196e-01	2.388e-02
chr2_171554061_G_C_b38	2	1.01208e-02	-1.196e-01	2.388e-02
chr2_171560359_T_C_b38	2	7.82990e-03	-1.293e-01	3.045e-02
chr2_171560293_A_G_b38	2	7.82990e-03	-1.293e-01	3.045e-02
chr2_171549081_C_CTATT_b38	2	1.11607e-03	-1.257e-01	3.360e-02
chr2_171522383_G_A_b38	3	6.00739e-01	7.154e-02	1.865e-02
chr2_171521697_C_G_b38	3	1.68477e-01	6.964e-02	1.851e-02
chr2_171519752_A_C_b38	3	9.26338e-03	5.956e-02	1.854e-02
chr2_171524976_C_T_b38	3	9.03548e-03	6.257e-02	1.908e-02
chr2_171524288_A_G_b38	3	5.32315e-03	5.821e-02	1.877e-02
chr2_171524363_C_A_b38	3	5.32315e-03	5.821e-02	1.877e-02
chr2_171524205_CGGCATCAG_C_b38	3	5.32315e-03	5.821e-02	1.877e-02
chr2_171519711_A_G_b38	3	8.23529e-04	5.934e-02	1.850e-02
chr2_171524830_A_T_b38	3	7.97633e-04	5.926e-02	1.889e-02
chr2_171525444_T_C_b38	3	6.48739e-04	5.756e-02	1.879e-02
chr2_171525438_A_C_b38	3	6.48739e-04	5.756e-02	1.879e-02
chr2_171538400_G_A_b38	4	6.56417e-03	-1.258e-01	4.321e-02
chr2_171443909_A_G_b38	4	3.61188e-48	0.000e+00	0.000e+00
