chr12_53070188_T_C_b38	1	6.52327e-01	2.686e-01	4.296e-02
chr12_53071476_A_G_b38	1	2.46544e-01	2.586e-01	4.263e-02
chr12_53061633_G_A_b38	1	1.11988e-02	2.647e-01	4.727e-02
chr12_53063834_C_T_b38	1	1.11988e-02	2.647e-01	4.727e-02
chr12_53064805_C_T_b38	1	1.11988e-02	2.647e-01	4.727e-02
chr12_53064109_A_G_b38	1	1.11988e-02	2.647e-01	4.727e-02
chr12_53062069_C_T_b38	1	1.11988e-02	2.647e-01	4.727e-02
chr12_53065218_T_G_b38	1	1.11988e-02	2.647e-01	4.727e-02
chr12_53065317_G_A_b38	1	1.11988e-02	2.647e-01	4.727e-02
chr12_53064607_G_A_b38	1	1.11988e-02	2.647e-01	4.727e-02
chr12_53079461_TG_T_b38	2	2.64707e-02	8.018e-02	4.871e-02
chr12_53083834_C_A_b38	2	3.02213e-03	7.936e-02	4.864e-02
chr12_53098715_T_C_b38	2	2.17333e-04	3.351e-02	4.281e-02
chr12_53079514_G_T_b38	3	4.97053e-04	6.333e-02	5.066e-02
chr12_53103618_A_G_b38	3	1.64795e-05	0.000e+00	0.000e+00
chr12_53103504_A_G_b38	3	1.62626e-05	0.000e+00	0.000e+00
chr12_53104143_C_G_b38	3	1.53590e-05	0.000e+00	0.000e+00
chr12_53104017_A_G_b38	3	1.53590e-05	0.000e+00	0.000e+00
chr12_53104404_A_G_b38	3	1.38597e-05	0.000e+00	0.000e+00
chr12_53117667_G_A_b38	3	7.61229e-06	0.000e+00	0.000e+00
chr12_53104891_AC_A_b38	3	6.62024e-06	0.000e+00	0.000e+00
chr12_53113507_C_T_b38	3	5.75401e-06	0.000e+00	0.000e+00
chr12_53117596_A_G_b38	3	5.59262e-06	0.000e+00	0.000e+00
chr12_53104529_C_A_b38	3	5.13768e-06	0.000e+00	0.000e+00
chr12_53106258_C_T_b38	3	4.71094e-06	0.000e+00	0.000e+00
