chr5_140575786_C_T_b38	1	1.34422e-01	6.160e-01	8.542e-02
chr5_140548087_A_C_b38	1	8.63846e-02	-6.304e-01	8.510e-02
chr5_140565241_T_C_b38	1	7.44102e-02	-6.160e-01	8.541e-02
chr5_140571273_C_G_b38	1	7.44102e-02	6.160e-01	8.541e-02
chr5_140594196_C_T_b38	1	6.84430e-02	6.115e-01	8.554e-02
chr5_140591603_G_A_b38	1	4.30354e-02	6.110e-01	8.696e-02
chr5_140591932_T_A_b38	1	4.30354e-02	6.110e-01	8.696e-02
chr5_140561733_A_G_b38	1	3.80322e-02	-6.097e-01	8.613e-02
chr5_140545130_C_T_b38	1	3.22944e-02	-6.160e-01	8.538e-02
chr5_140557175_G_T_b38	1	2.47782e-02	-6.140e-01	8.887e-02
chr5_140557395_A_G_b38	1	1.74027e-02	-5.951e-01	8.629e-02
chr5_140569031_T_A_b38	1	1.74027e-02	5.951e-01	8.629e-02
chr5_140569824_T_C_b38	1	1.74027e-02	5.951e-01	8.629e-02
chr5_140483189_A_G_b38	1	1.18423e-02	-6.162e-01	8.530e-02
chr5_140530298_G_A_b38	1	1.18423e-02	-6.162e-01	8.530e-02
chr5_140514551_T_C_b38	1	1.18423e-02	-6.162e-01	8.530e-02
chr5_140535173_A_G_b38	1	1.07501e-02	-6.141e-01	8.875e-02
chr5_140596656_C_G_b38	1	1.03729e-02	5.969e-01	9.137e-02
chr5_140596087_G_A_b38	1	1.03729e-02	5.969e-01	9.137e-02
chr5_140598233_T_G_b38	1	1.03729e-02	5.969e-01	9.137e-02
chr5_140597371_A_T_b38	1	1.03729e-02	5.969e-01	9.137e-02
chr5_140596051_A_C_b38	1	1.03729e-02	5.969e-01	9.137e-02
chr5_140596041_A_T_b38	1	1.03729e-02	5.969e-01	9.137e-02
chr5_140598370_C_G_b38	1	1.03729e-02	5.969e-01	9.137e-02
chr5_140596302_G_A_b38	1	1.03729e-02	5.969e-01	9.137e-02
chr5_140599863_G_A_b38	1	1.03729e-02	5.969e-01	9.137e-02
chr5_140595482_T_C_b38	1	1.03729e-02	5.969e-01	9.137e-02
chr5_140624373_GAATA_G_b38	1	7.05222e-03	6.199e-01	9.566e-02
chr5_140624448_G_A_b38	1	6.88215e-03	6.212e-01	9.640e-02
chr5_140622024_A_G_b38	1	6.88215e-03	6.212e-01	9.640e-02
chr5_140625231_C_T_b38	1	6.88215e-03	6.212e-01	9.640e-02
chr5_140620843_T_G_b38	1	6.88215e-03	6.212e-01	9.640e-02
chr5_140622176_G_A_b38	1	6.88215e-03	6.212e-01	9.640e-02
chr5_140394596_G_GA_b38	1	6.78562e-03	-6.337e-01	8.478e-02
chr5_140560648_G_A_b38	1	6.67020e-03	-5.979e-01	9.088e-02
chr5_140625792_T_C_b38	1	6.23524e-03	6.251e-01	9.652e-02
chr5_140526696_T_TCTAA_b38	1	6.05295e-03	-6.099e-01	8.590e-02
chr5_140410779_A_G_b38	1	5.91239e-03	-6.349e-01	8.509e-02
chr5_140365569_T_C_b38	1	5.91239e-03	-6.349e-01	8.509e-02
chr5_140368329_A_G_b38	1	5.91239e-03	-6.349e-01	8.509e-02
chr5_140390323_C_CAG_b38	1	5.91239e-03	-6.349e-01	8.509e-02
chr5_140519474_G_A_b38	1	5.81804e-03	-6.189e-01	8.740e-02
chr5_140612586_G_A_b38	1	5.66514e-03	6.002e-01	9.327e-02
chr5_140628133_G_A_b38	1	5.15298e-03	6.180e-01	9.583e-02
chr5_140518487_T_A_b38	1	4.66724e-03	-6.017e-01	8.574e-02
chr5_140599163_T_C_b38	1	4.24938e-03	5.810e-01	9.419e-02
chr5_140605968_C_G_b38	1	2.85945e-03	5.766e-01	9.376e-02
chr5_140595468_A_G_b38	1	2.85945e-03	5.766e-01	9.376e-02
chr5_140601538_C_T_b38	1	2.85945e-03	5.766e-01	9.376e-02
chr5_140597766_T_C_b38	1	2.85945e-03	5.766e-01	9.376e-02
chr5_140628920_A_G_b38	1	2.82346e-03	6.003e-01	1.019e-01
chr5_140627426_T_C_b38	1	2.82346e-03	6.003e-01	1.019e-01
chr5_140628226_C_G_b38	1	2.82346e-03	6.003e-01	1.019e-01
chr5_140638650_G_A_b38	1	2.07987e-03	6.183e-01	9.555e-02
chr5_140640336_A_G_b38	1	2.07987e-03	6.183e-01	9.555e-02
chr5_140635910_G_A_b38	1	2.07987e-03	6.183e-01	9.555e-02
chr5_140631730_C_A_b38	1	2.07987e-03	6.183e-01	9.555e-02
chr5_140635623_G_C_b38	1	2.07987e-03	6.183e-01	9.555e-02
chr5_140623810_A_G_b38	1	2.07395e-03	6.283e-01	1.049e-01
chr5_140416141_C_T_b38	1	1.95177e-03	-6.163e-01	8.518e-02
chr5_140421143_G_A_b38	1	1.95177e-03	-6.163e-01	8.518e-02
chr5_140403852_C_T_b38	1	1.95177e-03	-6.163e-01	8.518e-02
chr5_140466208_T_A_b38	1	1.95177e-03	-6.163e-01	8.518e-02
chr5_140441346_C_T_b38	1	1.95177e-03	-6.163e-01	8.518e-02
chr5_140420481_C_T_b38	1	1.95177e-03	-6.163e-01	8.518e-02
chr5_140454985_G_GAA_b38	1	1.95177e-03	-6.163e-01	8.518e-02
chr5_140440443_G_T_b38	1	1.95177e-03	-6.163e-01	8.518e-02
chr5_140625525_C_T_b38	1	1.90519e-03	5.990e-01	9.859e-02
chr5_140612577_G_T_b38	1	1.54101e-03	5.800e-01	9.552e-02
chr5_140396690_G_C_b38	1	1.34541e-03	-6.154e-01	8.486e-02
chr5_140575873_C_A_b38	2	1.10757e-02	3.644e-01	1.608e-01
chr5_140570553_C_T_b38	2	1.78603e-03	2.553e-01	1.520e-01
chr5_140552832_T_G_b38	2	6.88449e-04	2.465e-01	1.467e-01
chr5_140601751_G_A_b38	2	3.82836e-04	9.486e-02	1.445e-01
chr5_140627133_C_T_b38	2	2.51340e-04	1.913e-01	1.434e-01
chr5_140637875_C_CGCTT_b38	2	1.43324e-04	2.350e-01	1.411e-01
chr5_140631883_C_G_b38	2	6.06022e-05	1.902e-01	1.414e-01
chr5_140413883_T_C_b38	2	3.14629e-05	-5.092e-01	2.349e-01
