chr4_55544621_T_C_b38	1	8.33207e-02	1.469e-01	2.810e-02
chr4_55548666_A_G_b38	1	7.95763e-02	1.469e-01	2.810e-02
chr4_55542243_C_A_b38	1	4.41983e-02	1.469e-01	2.810e-02
chr4_55541843_TAAC_T_b38	1	3.01029e-02	1.469e-01	2.810e-02
chr4_55540928_T_C_b38	1	3.01029e-02	1.469e-01	2.810e-02
chr4_55546378_C_G_b38	1	2.94912e-02	1.340e-01	2.810e-02
chr4_55547636_G_A_b38	1	2.83557e-02	1.349e-01	2.821e-02
chr4_55570843_T_C_b38	1	2.22886e-02	1.496e-01	2.816e-02
chr4_55542170_GT_G_b38	1	1.88872e-02	1.407e-01	2.832e-02
chr4_55549116_G_C_b38	1	1.63828e-02	1.339e-01	2.777e-02
chr4_55564241_A_G_b38	1	1.53337e-02	1.469e-01	2.810e-02
chr4_55558018_G_A_b38	1	1.53337e-02	1.469e-01	2.810e-02
chr4_55561218_G_A_b38	1	1.53337e-02	1.469e-01	2.810e-02
chr4_55561053_C_T_b38	1	1.53337e-02	1.469e-01	2.810e-02
chr4_55529786_C_T_b38	1	1.53018e-02	1.469e-01	2.810e-02
chr4_55522229_T_C_b38	1	1.53018e-02	1.469e-01	2.810e-02
chr4_55529387_T_C_b38	1	1.53018e-02	1.469e-01	2.810e-02
chr4_55528801_T_A_b38	1	1.53018e-02	1.469e-01	2.810e-02
chr4_55527164_C_T_b38	1	1.53018e-02	1.469e-01	2.810e-02
chr4_55545574_C_A_b38	1	1.46955e-02	1.348e-01	2.818e-02
chr4_55546002_C_T_b38	1	1.46955e-02	1.348e-01	2.818e-02
chr4_55566291_A_G_b38	1	1.41593e-02	1.524e-01	2.922e-02
chr4_55548261_G_C_b38	1	1.40371e-02	1.348e-01	2.818e-02
chr4_55549203_TA_T_b38	1	1.40371e-02	1.348e-01	2.818e-02
chr4_55550720_G_GC_b38	1	1.28051e-02	1.405e-01	2.898e-02
chr4_55573424_G_C_b38	1	1.07325e-02	1.518e-01	2.829e-02
chr4_55552009_AG_A_b38	1	9.79532e-03	1.348e-01	2.818e-02
chr4_55551845_C_G_b38	1	9.49485e-03	1.334e-01	2.793e-02
chr4_55551447_T_C_b38	1	9.49485e-03	1.334e-01	2.793e-02
chr4_55537960_G_A_b38	1	9.14750e-03	1.341e-01	2.738e-02
chr4_55577294_A_G_b38	1	8.31094e-03	1.496e-01	2.816e-02
chr4_55578154_G_A_b38	1	8.31094e-03	1.496e-01	2.816e-02
chr4_55575856_G_A_b38	1	8.31094e-03	1.496e-01	2.816e-02
chr4_55542319_G_C_b38	1	7.59488e-03	1.344e-01	2.808e-02
chr4_55542948_C_A_b38	1	7.59488e-03	1.344e-01	2.808e-02
chr4_55516744_T_C_b38	1	6.23754e-03	1.469e-01	2.809e-02
chr4_55510177_C_T_b38	1	6.23754e-03	1.469e-01	2.809e-02
chr4_55517185_C_T_b38	1	6.23754e-03	1.469e-01	2.809e-02
chr4_55516548_T_C_b38	1	6.23754e-03	1.469e-01	2.809e-02
chr4_55514802_T_G_b38	1	6.23754e-03	1.469e-01	2.809e-02
chr4_55509442_T_C_b38	1	6.23754e-03	1.469e-01	2.809e-02
chr4_55508982_C_T_b38	1	6.23754e-03	1.469e-01	2.809e-02
chr4_55502504_G_A_b38	1	6.23754e-03	1.469e-01	2.809e-02
chr4_55514317_G_A_b38	1	6.23754e-03	1.469e-01	2.809e-02
chr4_55501955_G_C_b38	1	5.76723e-03	1.524e-01	2.922e-02
chr4_55557058_G_A_b38	1	5.40137e-03	1.344e-01	2.808e-02
chr4_55553396_T_C_b38	1	5.22614e-03	1.330e-01	2.784e-02
chr4_55554380_G_T_b38	1	5.22614e-03	1.330e-01	2.784e-02
chr4_55554456_A_G_b38	1	5.22614e-03	1.330e-01	2.784e-02
chr4_55554025_G_C_b38	1	5.22614e-03	1.330e-01	2.784e-02
chr4_55541259_C_T_b38	1	5.16316e-03	1.344e-01	2.808e-02
chr4_55540972_C_T_b38	1	5.16316e-03	1.344e-01	2.808e-02
chr4_55540912_G_T_b38	1	5.16316e-03	1.344e-01	2.808e-02
chr4_55542046_G_GT_b38	1	5.16316e-03	1.344e-01	2.808e-02
chr4_55537550_C_T_b38	1	5.16316e-03	1.344e-01	2.808e-02
chr4_55538997_C_T_b38	1	5.16316e-03	1.344e-01	2.808e-02
chr4_55538228_C_T_b38	1	5.16316e-03	1.344e-01	2.808e-02
chr4_55587928_AT_A_b38	1	4.96327e-03	1.480e-01	2.846e-02
chr4_55581977_G_A_b38	1	4.86160e-03	1.533e-01	2.948e-02
chr4_55570311_C_T_b38	1	3.47730e-03	1.363e-01	2.811e-02
chr4_55570661_TA_T_b38	1	3.47730e-03	1.363e-01	2.811e-02
chr4_55558259_A_G_b38	1	2.61661e-03	1.342e-01	2.803e-02
chr4_55562653_C_T_b38	1	2.61661e-03	1.342e-01	2.803e-02
chr4_55558261_A_G_b38	1	2.61661e-03	1.342e-01	2.803e-02
chr4_55558258_A_T_b38	1	2.61661e-03	1.342e-01	2.803e-02
chr4_55531811_G_A_b38	1	2.61117e-03	1.342e-01	2.803e-02
chr4_55525781_T_A_b38	1	2.61117e-03	1.342e-01	2.803e-02
chr4_55523491_TA_T_b38	1	2.61117e-03	1.342e-01	2.803e-02
chr4_55526646_G_A_b38	1	2.61117e-03	1.342e-01	2.803e-02
chr4_55534788_G_T_b38	1	2.61117e-03	1.342e-01	2.803e-02
chr4_55537080_A_G_b38	1	2.61117e-03	1.342e-01	2.803e-02
chr4_55531150_G_A_b38	1	2.61117e-03	1.342e-01	2.803e-02
chr4_55533481_T_C_b38	1	2.61117e-03	1.342e-01	2.803e-02
chr4_55524246_A_C_b38	1	2.61117e-03	1.342e-01	2.803e-02
chr4_55536421_G_A_b38	1	2.61117e-03	1.342e-01	2.803e-02
chr4_55526514_A_C_b38	1	2.61117e-03	1.342e-01	2.803e-02
chr4_55523835_T_C_b38	1	2.61117e-03	1.342e-01	2.803e-02
chr4_55534180_C_T_b38	1	2.61117e-03	1.342e-01	2.803e-02
chr4_55531653_C_T_b38	1	2.61117e-03	1.342e-01	2.803e-02
chr4_55530107_GAC_G_b38	1	2.61117e-03	1.342e-01	2.803e-02
chr4_55533745_G_A_b38	1	2.61117e-03	1.342e-01	2.803e-02
chr4_55534166_C_A_b38	1	2.61117e-03	1.342e-01	2.803e-02
chr4_55535489_T_C_b38	1	2.61117e-03	1.342e-01	2.803e-02
chr4_55525589_G_A_b38	1	2.61117e-03	1.342e-01	2.803e-02
chr4_55531218_C_T_b38	1	2.61117e-03	1.342e-01	2.803e-02
chr4_55559337_A_AAAC_b38	1	2.53650e-03	1.329e-01	2.779e-02
chr4_55559957_T_C_b38	1	2.53650e-03	1.329e-01	2.779e-02
chr4_55593918_G_A_b38	1	2.19589e-03	1.495e-01	2.977e-02
chr4_55587104_C_G_b38	1	2.14374e-03	1.436e-01	2.864e-02
chr4_55595198_C_A_b38	1	1.81870e-03	1.532e-01	3.075e-02
chr4_55452295_G_A_b38	1	1.74622e-03	1.469e-01	2.809e-02
chr4_55454900_T_G_b38	1	1.74622e-03	1.469e-01	2.809e-02
chr4_55463226_CTGTTTAAT_C_b38	1	1.74622e-03	1.469e-01	2.809e-02
chr4_55480916_AT_A_b38	1	1.74622e-03	1.469e-01	2.809e-02
chr4_55452921_A_C_b38	1	1.74622e-03	1.469e-01	2.809e-02
chr4_55465165_A_C_b38	1	1.74622e-03	1.469e-01	2.809e-02
chr4_55492720_C_T_b38	1	1.74622e-03	1.469e-01	2.809e-02
chr4_55489895_A_G_b38	1	1.74622e-03	1.469e-01	2.809e-02
chr4_55486718_C_T_b38	1	1.74622e-03	1.469e-01	2.809e-02
chr4_55490228_C_T_b38	1	1.74622e-03	1.469e-01	2.809e-02
chr4_55490176_T_C_b38	1	1.74622e-03	1.469e-01	2.809e-02
chr4_55493557_T_G_b38	1	1.74622e-03	1.469e-01	2.809e-02
chr4_55483718_C_A_b38	1	1.74622e-03	1.469e-01	2.809e-02
chr4_55460485_G_A_b38	1	1.74622e-03	1.469e-01	2.809e-02
chr4_55454938_A_T_b38	1	1.74622e-03	1.469e-01	2.809e-02
chr4_55491150_G_T_b38	1	1.74622e-03	1.469e-01	2.809e-02
chr4_55455102_G_A_b38	1	1.74622e-03	1.469e-01	2.809e-02
chr4_55495262_T_C_b38	1	1.69164e-03	1.455e-01	2.786e-02
chr4_55482360_G_C_b38	1	1.61845e-03	1.524e-01	2.922e-02
chr4_55501479_C_A_b38	1	1.33854e-03	1.339e-01	2.758e-02
chr4_55605384_A_G_b38	1	1.27195e-03	1.529e-01	2.953e-02
chr4_55578787_A_G_b38	1	1.27036e-03	1.358e-01	2.799e-02
chr4_55579883_G_A_b38	1	1.27036e-03	1.358e-01	2.799e-02
chr4_55457922_A_G_b38	1	1.13121e-03	1.504e-01	2.928e-02
chr4_55574959_T_C_b38	1	1.09112e-03	1.352e-01	2.805e-02
chr4_55518776_A_T_b38	1	1.04433e-03	1.339e-01	2.793e-02
chr4_55506498_A_G_b38	1	1.04433e-03	1.339e-01	2.793e-02
chr4_55508661_C_T_b38	1	1.04433e-03	1.339e-01	2.793e-02
chr4_55518922_C_G_b38	1	1.04433e-03	1.339e-01	2.793e-02
chr4_55504201_A_G_b38	1	1.04433e-03	1.339e-01	2.793e-02
chr4_55500224_A_G_b38	1	1.04433e-03	1.339e-01	2.793e-02
chr4_55515663_G_A_b38	1	1.04433e-03	1.339e-01	2.793e-02
chr4_55507248_C_G_b38	1	1.04433e-03	1.339e-01	2.793e-02
chr4_55515292_C_T_b38	1	1.04433e-03	1.339e-01	2.793e-02
chr4_55511288_C_CTAGTA_b38	1	1.04433e-03	1.339e-01	2.793e-02
chr4_55501788_T_C_b38	1	1.04433e-03	1.339e-01	2.793e-02
chr4_55510524_G_T_b38	1	1.04433e-03	1.339e-01	2.793e-02
chr4_55520278_T_C_b38	1	1.04433e-03	1.339e-01	2.793e-02
chr4_55501726_A_G_b38	1	1.04433e-03	1.339e-01	2.793e-02
chr4_55497842_T_C_b38	1	1.04433e-03	1.339e-01	2.793e-02
chr4_55510352_T_C_b38	1	1.04433e-03	1.339e-01	2.793e-02
chr4_55517484_C_T_b38	1	1.04433e-03	1.339e-01	2.793e-02
chr4_55508587_C_T_b38	1	1.04433e-03	1.339e-01	2.793e-02
chr4_55501629_T_G_b38	1	1.04433e-03	1.339e-01	2.793e-02
chr4_55509367_C_G_b38	1	1.04433e-03	1.339e-01	2.793e-02
chr4_55512388_GT_G_b38	1	1.04433e-03	1.339e-01	2.793e-02
chr4_55507729_T_A_b38	1	1.04433e-03	1.339e-01	2.793e-02
chr4_55589624_T_A_b38	1	9.47487e-04	1.352e-01	2.827e-02
chr4_55504176_T_C_b38	1	9.46346e-04	1.332e-01	2.793e-02
chr4_55582068_C_T_b38	1	8.88106e-04	1.344e-01	2.819e-02
chr4_55546918_G_A_b38	2	2.76122e-02	-9.360e-02	9.606e-02
chr4_55546260_G_A_b38	2	1.05168e-02	-9.591e-02	9.537e-02
chr4_55548210_A_G_b38	2	4.27572e-03	-9.409e-02	9.592e-02
chr4_55550962_G_A_b38	2	2.85022e-03	-9.898e-02	9.426e-02
chr4_55551822_A_G_b38	2	2.85022e-03	-9.898e-02	9.426e-02
chr4_55551797_C_T_b38	2	2.85022e-03	-9.898e-02	9.426e-02
chr4_55555718_C_T_b38	2	1.33204e-03	-9.338e-02	9.608e-02
chr4_55541842_A_G_b38	2	1.27566e-03	-9.338e-02	9.608e-02
chr4_55540811_T_C_b38	2	1.27566e-03	-9.338e-02	9.608e-02
chr4_55539981_C_T_b38	2	1.27566e-03	-9.338e-02	9.608e-02
chr4_55570907_T_C_b38	2	4.51114e-04	-9.752e-02	9.475e-02
chr4_55560835_GC_G_b38	2	4.51114e-04	-9.752e-02	9.475e-02
chr4_55566224_C_T_b38	2	4.51114e-04	-9.752e-02	9.475e-02
chr4_55563833_G_A_b38	2	4.51114e-04	-9.752e-02	9.475e-02
chr4_55572020_G_A_b38	2	4.51114e-04	-9.752e-02	9.475e-02
chr4_55570862_C_G_b38	2	4.51114e-04	-9.752e-02	9.475e-02
chr4_55571994_T_C_b38	2	4.51114e-04	-9.752e-02	9.475e-02
chr4_55525689_CG_C_b38	2	4.50176e-04	-9.752e-02	9.475e-02
chr4_55531613_G_C_b38	2	4.50176e-04	-9.752e-02	9.475e-02
chr4_55526640_T_C_b38	2	4.50176e-04	-9.752e-02	9.475e-02
chr4_55523739_AATAC_A_b38	2	4.50176e-04	-9.752e-02	9.475e-02
chr4_55525643_T_C_b38	2	4.50176e-04	-9.752e-02	9.475e-02
chr4_55536460_G_A_b38	2	4.50176e-04	-9.752e-02	9.475e-02
chr4_55531818_C_A_b38	2	4.50176e-04	-9.752e-02	9.475e-02
chr4_55526363_T_A_b38	2	4.50176e-04	-9.752e-02	9.475e-02
chr4_55522945_T_A_b38	2	4.50176e-04	-9.752e-02	9.475e-02
chr4_55525338_G_A_b38	2	4.50176e-04	-9.752e-02	9.475e-02
chr4_55501228_T_C_b38	2	8.17085e-05	-8.254e-02	9.883e-02
chr4_55507934_C_G_b38	2	8.17085e-05	-8.254e-02	9.883e-02
chr4_55511231_ATT_A_b38	2	8.17085e-05	-8.254e-02	9.883e-02
chr4_55498022_C_G_b38	2	8.17085e-05	-8.254e-02	9.883e-02
chr4_55520140_T_A_b38	2	8.17085e-05	-8.254e-02	9.883e-02
chr4_55498754_C_T_b38	2	8.17085e-05	-8.254e-02	9.883e-02
chr4_55506277_G_A_b38	2	8.17085e-05	-8.254e-02	9.883e-02
chr4_55517239_G_A_b38	2	8.17085e-05	-8.254e-02	9.883e-02
chr4_55504977_G_A_b38	2	8.17085e-05	-8.254e-02	9.883e-02
chr4_55583583_T_C_b38	2	4.85903e-05	-9.276e-02	9.534e-02
chr4_55589003_G_A_b38	2	4.85903e-05	-9.276e-02	9.534e-02
chr4_55588678_A_G_b38	2	4.85903e-05	-9.276e-02	9.534e-02
chr4_55577206_CT_C_b38	2	4.85903e-05	-9.276e-02	9.534e-02
chr4_55583418_C_T_b38	2	4.85903e-05	-9.276e-02	9.534e-02
chr4_55594992_G_A_b38	2	5.62711e-08	0.000e+00	0.000e+00
chr4_55593993_C_G_b38	2	5.62711e-08	0.000e+00	0.000e+00
chr4_55595734_G_A_b38	2	5.62711e-08	0.000e+00	0.000e+00
chr4_55593591_C_T_b38	2	5.62711e-08	0.000e+00	0.000e+00
chr4_55596196_C_G_b38	2	5.62711e-08	0.000e+00	0.000e+00
chr4_55592165_A_T_b38	2	5.59127e-08	0.000e+00	0.000e+00
chr4_55546707_G_T_b38	3	3.33083e-04	-6.187e-02	4.501e-02
chr4_55546706_A_C_b38	3	3.33083e-04	-6.187e-02	4.501e-02
chr4_55546702_G_A_b38	3	3.33083e-04	-6.187e-02	4.501e-02
chr4_55545245_T_A_b38	3	6.42650e-05	9.770e-02	3.011e-02
chr4_55545976_C_G_b38	3	6.42650e-05	9.770e-02	3.011e-02
chr4_55549177_A_G_b38	3	6.14292e-05	9.770e-02	3.011e-02
chr4_55572086_A_ATT_b38	3	5.68572e-05	1.149e-01	2.992e-02
chr4_55571456_G_T_b38	3	5.68572e-05	1.149e-01	2.992e-02
chr4_55566501_G_C_b38	3	5.68572e-05	1.149e-01	2.992e-02
chr4_55567352_A_G_b38	3	5.68572e-05	1.149e-01	2.992e-02
chr4_55571301_C_A_b38	3	5.68572e-05	1.149e-01	2.992e-02
chr4_55571204_G_A_b38	3	5.68572e-05	1.149e-01	2.992e-02
chr4_55570863_T_C_b38	3	5.68572e-05	1.149e-01	2.992e-02
chr4_55569581_C_A_b38	3	5.68572e-05	1.149e-01	2.992e-02
chr4_55570212_A_T_b38	3	5.68572e-05	1.149e-01	2.992e-02
chr4_55561897_A_G_b38	3	4.15257e-05	1.127e-01	3.008e-02
chr4_55564731_G_A_b38	3	4.15257e-05	1.127e-01	3.008e-02
chr4_55561431_T_C_b38	3	4.15257e-05	1.127e-01	3.008e-02
chr4_55564036_G_A_b38	3	4.15257e-05	1.127e-01	3.008e-02
chr4_55550712_C_T_b38	3	3.17108e-05	9.770e-02	3.011e-02
chr4_55544116_C_CCA_b38	3	2.52912e-05	9.770e-02	3.011e-02
chr4_55581272_C_G_b38	3	2.13925e-05	1.149e-01	2.992e-02
chr4_55584088_G_A_b38	3	2.13925e-05	1.149e-01	2.992e-02
chr4_55584657_C_T_b38	3	2.13925e-05	1.149e-01	2.992e-02
chr4_55585032_G_A_b38	3	2.13925e-05	1.149e-01	2.992e-02
chr4_55579562_C_T_b38	3	2.13925e-05	1.149e-01	2.992e-02
chr4_55572269_TG_T_b38	3	2.13925e-05	1.149e-01	2.992e-02
chr4_55580979_GA_G_b38	3	2.13925e-05	1.149e-01	2.992e-02
chr4_55578765_C_T_b38	3	2.13925e-05	1.149e-01	2.992e-02
chr4_55582765_G_C_b38	3	2.13925e-05	1.149e-01	2.992e-02
chr4_55573645_A_G_b38	3	2.13925e-05	1.149e-01	2.992e-02
chr4_55573078_C_T_b38	3	2.13925e-05	1.149e-01	2.992e-02
chr4_55583031_A_G_b38	3	2.13925e-05	1.149e-01	2.992e-02
chr4_55577642_A_G_b38	3	2.13925e-05	1.149e-01	2.992e-02
chr4_55577369_T_C_b38	3	2.13925e-05	1.149e-01	2.992e-02
chr4_55577050_A_G_b38	3	2.13925e-05	1.149e-01	2.992e-02
chr4_55586798_A_G_b38	3	2.13925e-05	1.149e-01	2.992e-02
chr4_55554619_C_T_b38	3	1.79868e-05	9.770e-02	3.011e-02
chr4_55553407_T_G_b38	3	1.79868e-05	9.770e-02	3.011e-02
chr4_55552588_A_C_b38	3	1.79868e-05	9.770e-02	3.011e-02
chr4_55542021_A_G_b38	3	1.72255e-05	9.770e-02	3.011e-02
chr4_55537213_A_T_b38	3	1.72255e-05	9.770e-02	3.011e-02
chr4_55541180_G_T_b38	3	1.72255e-05	9.770e-02	3.011e-02
chr4_55552706_A_G_b38	3	1.64418e-05	9.637e-02	2.999e-02
chr4_55558207_C_T_b38	3	8.84734e-06	0.000e+00	0.000e+00
chr4_55557322_C_T_b38	3	8.84734e-06	0.000e+00	0.000e+00
chr4_55533732_A_G_b38	3	8.82893e-06	0.000e+00	0.000e+00
chr4_55535530_C_G_b38	3	8.82893e-06	0.000e+00	0.000e+00
chr4_55526112_C_T_b38	3	8.82893e-06	0.000e+00	0.000e+00
chr4_55529547_G_A_b38	3	8.82893e-06	0.000e+00	0.000e+00
chr4_55533953_C_T_b38	3	8.82893e-06	0.000e+00	0.000e+00
chr4_55535175_CT_C_b38	3	8.82893e-06	0.000e+00	0.000e+00
chr4_55529777_T_G_b38	3	8.82893e-06	0.000e+00	0.000e+00
chr4_55535434_G_A_b38	3	8.82893e-06	0.000e+00	0.000e+00
chr4_55590051_G_T_b38	3	7.81503e-06	0.000e+00	0.000e+00
chr4_55589987_A_C_b38	3	7.81503e-06	0.000e+00	0.000e+00
chr4_55591023_T_A_b38	3	7.81503e-06	0.000e+00	0.000e+00
chr4_55589139_A_G_b38	3	7.81503e-06	0.000e+00	0.000e+00
chr4_55572594_C_T_b38	3	7.29205e-06	0.000e+00	0.000e+00
chr4_55585600_A_G_b38	3	7.29205e-06	0.000e+00	0.000e+00
chr4_55577338_C_T_b38	3	7.29205e-06	0.000e+00	0.000e+00
chr4_55578961_T_C_b38	3	7.29205e-06	0.000e+00	0.000e+00
chr4_55581943_G_A_b38	3	7.29205e-06	0.000e+00	0.000e+00
chr4_55577336_C_T_b38	3	7.29205e-06	0.000e+00	0.000e+00
chr4_55536679_A_G_b38	3	4.61121e-06	0.000e+00	0.000e+00
chr4_55591449_T_C_b38	3	4.56282e-06	0.000e+00	0.000e+00
chr4_55506812_C_T_b38	3	3.62985e-06	0.000e+00	0.000e+00
chr4_55521311_T_C_b38	3	3.62985e-06	0.000e+00	0.000e+00
chr4_55499667_C_T_b38	3	3.62985e-06	0.000e+00	0.000e+00
chr4_55499868_A_G_b38	3	3.62985e-06	0.000e+00	0.000e+00
chr4_55507842_G_C_b38	3	3.62985e-06	0.000e+00	0.000e+00
chr4_55497925_G_A_b38	3	3.62985e-06	0.000e+00	0.000e+00
chr4_55506991_T_A_b38	3	3.62985e-06	0.000e+00	0.000e+00
chr4_55519812_A_G_b38	3	3.62985e-06	0.000e+00	0.000e+00
chr4_55521053_G_T_b38	3	3.62985e-06	0.000e+00	0.000e+00
chr4_55498082_TAG_T_b38	3	3.62985e-06	0.000e+00	0.000e+00
chr4_55503474_G_A_b38	3	3.62985e-06	0.000e+00	0.000e+00
chr4_55502968_A_G_b38	3	3.62985e-06	0.000e+00	0.000e+00
chr4_55505116_C_T_b38	3	3.62985e-06	0.000e+00	0.000e+00
chr4_55511552_G_T_b38	3	3.62985e-06	0.000e+00	0.000e+00
chr4_55508890_C_G_b38	3	3.62985e-06	0.000e+00	0.000e+00
chr4_55497995_TA_T_b38	3	3.62985e-06	0.000e+00	0.000e+00
chr4_55521612_C_T_b38	3	3.62985e-06	0.000e+00	0.000e+00
chr4_55514403_A_G_b38	3	3.62985e-06	0.000e+00	0.000e+00
chr4_55498587_T_C_b38	3	3.62985e-06	0.000e+00	0.000e+00
chr4_55509715_G_T_b38	3	3.62985e-06	0.000e+00	0.000e+00
chr4_55591220_A_C_b38	3	3.62117e-06	0.000e+00	0.000e+00
chr4_55498948_A_C_b38	3	1.89582e-06	0.000e+00	0.000e+00
chr4_55544770_C_T_b38	3	1.35928e-06	0.000e+00	0.000e+00
chr4_55556902_T_C_b38	3	1.15195e-06	0.000e+00	0.000e+00
chr4_55516521_GCTTT_G_b38	3	1.03217e-06	0.000e+00	0.000e+00
chr4_55517799_T_C_b38	3	1.03217e-06	0.000e+00	0.000e+00
chr4_55591936_A_T_b38	3	9.06929e-07	0.000e+00	0.000e+00
chr4_55541530_A_G_b38	3	6.20434e-07	0.000e+00	0.000e+00
chr4_55592918_C_T_b38	3	6.19894e-07	0.000e+00	0.000e+00
chr4_55594039_A_AT_b38	3	3.16455e-07	0.000e+00	0.000e+00
chr4_55557826_C_T_b38	3	2.52964e-07	0.000e+00	0.000e+00
chr4_55530648_G_A_b38	3	2.52438e-07	0.000e+00	0.000e+00
