chr9_33677341_A_C_b38	1	9.52587e-02	1.399e+00	2.809e-01
chr9_33677351_GT_G_b38	1	9.52587e-02	1.399e+00	2.809e-01
chr9_33677476_C_T_b38	1	9.52587e-02	1.399e+00	2.809e-01
chr9_33677004_C_G_b38	1	9.52530e-02	1.399e+00	2.809e-01
chr9_33676775_G_C_b38	1	3.60232e-02	1.399e+00	2.807e-01
chr9_33676829_G_T_b38	1	3.60232e-02	1.399e+00	2.807e-01
chr9_33678307_G_A_b38	1	3.56397e-02	1.399e+00	2.807e-01
chr9_33677182_A_G_b38	1	2.11316e-02	1.193e+00	4.052e-01
chr9_33677170_T_TC_b38	1	2.11316e-02	1.193e+00	4.052e-01
chr9_33677151_G_C_b38	1	2.11316e-02	1.193e+00	4.052e-01
chr9_33681448_A_C_b38	1	1.93108e-02	1.288e+00	3.129e-01
chr9_33679778_G_A_b38	1	1.74523e-02	1.400e+00	2.800e-01
chr9_33679508_G_A_b38	1	1.74523e-02	1.400e+00	2.800e-01
chr9_33679356_G_A_b38	1	1.74523e-02	1.400e+00	2.800e-01
chr9_33679602_ATG_A_b38	1	1.74523e-02	1.400e+00	2.800e-01
chr9_33676175_C_T_b38	1	1.73414e-02	1.400e+00	2.800e-01
chr9_33677187_G_C_b38	1	1.52358e-02	1.166e+00	4.206e-01
chr9_33681450_A_C_b38	1	1.14623e-02	1.400e+00	2.800e-01
chr9_33682141_A_C_b38	1	1.14623e-02	1.400e+00	2.800e-01
chr9_33681811_G_A_b38	1	1.14623e-02	1.400e+00	2.800e-01
chr9_33680603_G_T_b38	1	1.14623e-02	1.400e+00	2.800e-01
chr9_33682137_C_CGT_b38	1	1.14623e-02	1.400e+00	2.800e-01
chr9_33680994_T_C_b38	1	1.14623e-02	1.400e+00	2.800e-01
chr9_33677385_GGCC_G_b38	1	1.06450e-02	1.519e+00	4.737e-01
chr9_33673798_C_A_b38	1	1.03386e-02	1.400e+00	2.799e-01
chr9_33673937_C_T_b38	1	1.03386e-02	1.400e+00	2.799e-01
chr9_33672538_C_A_b38	1	1.03386e-02	1.400e+00	2.799e-01
chr9_33674503_C_T_b38	1	1.03386e-02	1.400e+00	2.799e-01
chr9_33673794_A_G_b38	1	1.03386e-02	1.400e+00	2.799e-01
chr9_33677084_G_A_b38	1	1.01033e-02	1.747e+00	1.526e+00
chr9_33666450_G_A_b38	1	7.41911e-03	1.346e+00	2.464e-01
chr9_33667566_C_T_b38	1	6.44235e-03	1.400e+00	2.779e-01
chr9_33669134_G_A_b38	1	6.44235e-03	1.400e+00	2.779e-01
chr9_33667639_G_A_b38	1	6.44235e-03	1.400e+00	2.779e-01
chr9_33672393_T_C_b38	1	6.44235e-03	1.400e+00	2.779e-01
chr9_33672344_T_A_b38	1	6.44235e-03	1.400e+00	2.779e-01
chr9_33669651_A_G_b38	1	6.44235e-03	1.400e+00	2.779e-01
chr9_33669376_A_G_b38	1	6.44235e-03	1.400e+00	2.779e-01
chr9_33669386_A_G_b38	1	6.44235e-03	1.400e+00	2.779e-01
chr9_33685399_G_A_b38	1	6.29909e-03	1.400e+00	2.779e-01
chr9_33685837_C_T_b38	1	6.29909e-03	1.400e+00	2.779e-01
chr9_33683742_T_C_b38	1	6.29909e-03	1.400e+00	2.779e-01
chr9_33687193_A_G_b38	1	6.29909e-03	1.400e+00	2.779e-01
chr9_33685273_C_T_b38	1	6.29909e-03	1.400e+00	2.779e-01
chr9_33684949_T_C_b38	1	6.29909e-03	1.400e+00	2.779e-01
chr9_33683569_G_C_b38	1	6.29909e-03	1.400e+00	2.779e-01
chr9_33683800_C_G_b38	1	6.29909e-03	1.400e+00	2.779e-01
chr9_33686112_A_G_b38	1	6.29909e-03	1.400e+00	2.779e-01
chr9_33667496_T_A_b38	1	3.22956e-03	1.408e+00	2.704e-01
chr9_33662559_G_C_b38	1	3.22956e-03	1.408e+00	2.704e-01
chr9_33666718_T_C_b38	1	3.22956e-03	1.408e+00	2.704e-01
chr9_33662595_G_A_b38	1	3.22956e-03	1.408e+00	2.704e-01
chr9_33664734_C_G_b38	1	3.22956e-03	1.408e+00	2.704e-01
chr9_33662952_T_C_b38	1	3.22956e-03	1.408e+00	2.704e-01
chr9_33662426_G_A_b38	1	3.22956e-03	1.408e+00	2.704e-01
chr9_33662787_A_C_b38	1	3.22956e-03	1.408e+00	2.704e-01
chr9_33663770_T_G_b38	1	3.22956e-03	1.408e+00	2.704e-01
chr9_33662916_C_G_b38	1	3.22956e-03	1.408e+00	2.704e-01
chr9_33662085_G_T_b38	1	3.22956e-03	1.408e+00	2.704e-01
chr9_33667157_T_C_b38	1	3.22956e-03	1.408e+00	2.704e-01
chr9_33663503_C_T_b38	1	3.22956e-03	1.408e+00	2.704e-01
chr9_33687631_C_T_b38	1	3.14376e-03	1.408e+00	2.704e-01
chr9_33687513_C_G_b38	1	3.14376e-03	1.408e+00	2.704e-01
chr9_33688471_T_A_b38	1	3.14376e-03	1.408e+00	2.704e-01
chr9_33687890_C_T_b38	1	3.14376e-03	1.408e+00	2.704e-01
chr9_33691385_A_C_b38	1	3.14376e-03	1.408e+00	2.704e-01
chr9_33675132_C_T_b38	1	1.41589e-03	1.557e+00	2.452e-01
chr9_33721195_C_T_b38	1	1.06354e-03	1.459e+00	2.051e-01
chr9_33716806_A_C_b38	1	1.06354e-03	1.459e+00	2.051e-01
chr9_33710242_C_T_b38	1	1.06354e-03	1.459e+00	2.051e-01
chr9_33717760_A_T_b38	1	1.06354e-03	1.459e+00	2.051e-01
chr9_33719797_T_C_b38	1	1.06354e-03	1.459e+00	2.051e-01
chr9_33668641_A_G_b38	2	1.93390e-02	7.116e-01	5.816e-01
chr9_33669165_G_A_b38	2	1.93390e-02	7.116e-01	5.816e-01
chr9_33686226_A_C_b38	2	1.89089e-02	7.116e-01	5.816e-01
chr9_33692397_C_G_b38	2	1.17594e-02	7.035e-01	3.926e-01
chr9_33696246_G_T_b38	2	1.17594e-02	7.035e-01	3.926e-01
chr9_33663251_C_T_b38	2	9.79440e-03	7.118e-01	5.825e-01
chr9_33667262_G_A_b38	2	9.79440e-03	7.118e-01	5.825e-01
chr9_33688184_C_T_b38	2	9.52273e-03	7.118e-01	5.825e-01
chr9_33690228_G_A_b38	2	9.52273e-03	7.118e-01	5.825e-01
chr9_33691075_G_A_b38	2	9.52273e-03	7.118e-01	5.825e-01
chr9_33689673_A_G_b38	2	9.52273e-03	7.118e-01	5.825e-01
chr9_33701988_A_G_b38	2	9.52273e-03	7.118e-01	5.825e-01
chr9_33700437_T_G_b38	2	9.51987e-03	7.118e-01	5.825e-01
chr9_33701370_A_G_b38	2	9.51987e-03	7.118e-01	5.825e-01
chr9_33715040_CCAACAACAGCAAAACACACCT_C_b38	2	3.93826e-03	7.000e-01	3.436e-01
chr9_33667282_G_A_b38	2	3.80816e-03	5.604e-01	7.203e-01
chr9_33716970_G_C_b38	2	3.37068e-03	7.310e-01	3.981e-01
chr9_33718727_TTG_T_b38	2	3.37068e-03	7.310e-01	3.981e-01
chr9_33720861_G_A_b38	2	3.37068e-03	7.310e-01	3.981e-01
chr9_33720182_C_T_b38	2	3.37068e-03	7.310e-01	3.981e-01
chr9_33722539_T_TG_b38	2	1.21722e-03	4.789e-01	2.901e-01
chr9_33684438_C_T_b38	2	4.41652e-04	-1.638e-01	2.921e-01
chr9_33767268_C_T_b38	2	2.94146e-04	4.785e-01	2.906e-01
chr9_33760855_A_C_b38	2	2.94146e-04	4.785e-01	2.906e-01
chr9_33745992_T_C_b38	2	2.94146e-04	4.785e-01	2.906e-01
chr9_33736283_G_T_b38	2	2.94146e-04	4.785e-01	2.906e-01
chr9_33767482_A_C_b38	2	2.94146e-04	4.785e-01	2.906e-01
chr9_33758485_C_A_b38	2	2.94146e-04	4.785e-01	2.906e-01
chr9_33737045_G_A_b38	2	2.94146e-04	4.785e-01	2.906e-01
chr9_33746655_C_T_b38	2	2.94146e-04	4.785e-01	2.906e-01
chr9_33752017_G_A_b38	2	2.94146e-04	4.785e-01	2.906e-01
chr9_33734440_G_A_b38	2	2.94146e-04	4.785e-01	2.906e-01
chr9_33757434_A_G_b38	2	2.94146e-04	4.785e-01	2.906e-01
chr9_33758662_G_C_b38	2	2.94146e-04	4.785e-01	2.906e-01
chr9_33729514_C_A_b38	2	1.41093e-04	4.049e-01	3.081e-01
chr9_33728506_T_C_b38	2	1.41093e-04	4.049e-01	3.081e-01
chr9_33727983_C_T_b38	2	1.41093e-04	4.049e-01	3.081e-01
chr9_33733750_C_T_b38	2	1.41093e-04	4.049e-01	3.081e-01
chr9_33677112_A_AC_b38	3	2.24308e-04	0.000e+00	0.000e+00
chr9_33677602_T_C_b38	3	1.49716e-04	0.000e+00	0.000e+00
chr9_33678415_A_C_b38	3	2.93822e-20	0.000e+00	0.000e+00
chr9_33676096_C_G_b38	3	1.43895e-20	0.000e+00	0.000e+00
chr9_33675631_A_C_b38	3	1.36579e-20	0.000e+00	0.000e+00
chr9_33672809_A_C_b38	3	8.15441e-21	0.000e+00	0.000e+00
chr9_33673110_G_A_b38	3	6.28235e-21	0.000e+00	0.000e+00
chr9_33670492_C_G_b38	3	5.09215e-21	0.000e+00	0.000e+00
chr9_33663513_C_T_b38	3	2.99903e-21	0.000e+00	0.000e+00
chr9_33666011_C_T_b38	3	2.59510e-21	0.000e+00	0.000e+00
chr9_33678487_T_G_b38	3	2.12857e-21	0.000e+00	0.000e+00
chr9_33678401_T_C_b38	3	1.61463e-21	0.000e+00	0.000e+00
chr9_33686197_C_T_b38	3	1.33979e-21	0.000e+00	0.000e+00
chr9_33683259_T_C_b38	3	1.33979e-21	0.000e+00	0.000e+00
chr9_33717708_C_T_b38	3	1.19402e-21	0.000e+00	0.000e+00
chr9_33705622_C_T_b38	3	1.19402e-21	0.000e+00	0.000e+00
chr9_33710527_G_C_b38	3	1.19402e-21	0.000e+00	0.000e+00
chr9_33679275_T_C_b38	3	8.99515e-22	0.000e+00	0.000e+00
chr9_33669771_A_C_b38	3	4.59902e-22	0.000e+00	0.000e+00
chr9_33661584_C_A_b38	3	3.46477e-22	0.000e+00	0.000e+00
chr9_33668657_T_G_b38	3	3.29110e-22	0.000e+00	0.000e+00
chr9_33683351_T_A_b38	3	3.25831e-22	0.000e+00	0.000e+00
chr9_33683715_T_C_b38	3	3.25831e-22	0.000e+00	0.000e+00
chr9_33685856_T_C_b38	3	3.25831e-22	0.000e+00	0.000e+00
chr9_33667343_T_C_b38	3	2.99390e-22	0.000e+00	0.000e+00
chr9_33669755_A_C_b38	3	2.76064e-22	0.000e+00	0.000e+00
chr9_33702341_G_A_b38	3	2.71013e-22	0.000e+00	0.000e+00
chr9_33688273_G_A_b38	3	1.65318e-22	0.000e+00	0.000e+00
chr9_33692591_G_A_b38	3	1.65318e-22	0.000e+00	0.000e+00
chr9_33698106_C_G_b38	3	1.65318e-22	0.000e+00	0.000e+00
chr9_33662183_TCTGTAGCCCCAA_T_b38	3	1.63905e-22	0.000e+00	0.000e+00
chr9_33662391_A_G_b38	3	1.56744e-22	0.000e+00	0.000e+00
chr9_33663112_C_A_b38	3	1.56744e-22	0.000e+00	0.000e+00
chr9_33663110_C_T_b38	3	1.56744e-22	0.000e+00	0.000e+00
chr9_33696955_C_T_b38	3	1.46256e-22	0.000e+00	0.000e+00
chr9_33690594_C_A_b38	3	1.38412e-22	0.000e+00	0.000e+00
chr9_33711038_G_GAATA_b38	3	1.12265e-22	0.000e+00	0.000e+00
chr9_33706454_G_T_b38	3	1.12265e-22	0.000e+00	0.000e+00
chr9_33638048_G_C_b38	3	8.94416e-23	0.000e+00	0.000e+00
chr9_33763422_G_A_b38	3	6.51114e-23	0.000e+00	0.000e+00
chr9_33703777_T_C_b38	3	6.20422e-23	0.000e+00	0.000e+00
chr9_33726232_G_A_b38	3	5.68065e-23	0.000e+00	0.000e+00
chr9_33723378_A_G_b38	3	5.68065e-23	0.000e+00	0.000e+00
chr9_33706395_A_G_b38	3	5.68065e-23	0.000e+00	0.000e+00
chr9_33715823_T_G_b38	3	5.68065e-23	0.000e+00	0.000e+00
chr9_33715240_T_C_b38	3	5.68065e-23	0.000e+00	0.000e+00
chr9_33719279_C_G_b38	3	5.68065e-23	0.000e+00	0.000e+00
chr9_33713111_TA_T_b38	3	5.68065e-23	0.000e+00	0.000e+00
chr9_33708509_A_G_b38	3	5.34630e-23	0.000e+00	0.000e+00
chr9_33725600_C_T_b38	3	4.83040e-23	0.000e+00	0.000e+00
chr9_33724896_A_T_b38	3	4.83040e-23	0.000e+00	0.000e+00
chr9_33722660_T_C_b38	3	4.82850e-23	0.000e+00	0.000e+00
