chr19_17750400_T_C_b38	1	2.58686e-01	-2.390e-01	6.041e-02
chr19_17749966_G_A_b38	1	2.36850e-01	-2.238e-01	5.891e-02
chr19_17749992_C_T_b38	1	2.36829e-01	-2.238e-01	5.891e-02
chr19_17750888_A_G_b38	1	4.69600e-02	-2.060e-01	5.813e-02
chr19_17746673_C_T_b38	1	4.45662e-02	-2.069e-01	6.275e-02
chr19_17754670_T_G_b38	1	3.77030e-02	-1.984e-01	5.333e-02
chr19_17753394_C_T_b38	1	3.09440e-02	-2.217e-01	6.093e-02
chr19_17743453_G_A_b38	1	2.78825e-02	-2.175e-01	6.223e-02
chr19_17747755_C_G_b38	2	1.84723e-01	-1.492e-01	4.674e-02
chr19_17747624_G_A_b38	2	1.84723e-01	-1.492e-01	4.674e-02
chr19_17747540_A_G_b38	2	9.06087e-02	-1.426e-01	4.856e-02
chr19_17748561_T_C_b38	2	8.88442e-02	-1.534e-01	4.767e-02
chr19_17751059_G_C_b38	2	8.56618e-02	-1.714e-01	5.056e-02
chr19_17750234_A_G_b38	2	8.56618e-02	-1.714e-01	5.056e-02
chr19_17747601_G_A_b38	2	4.91222e-02	-1.314e-01	4.710e-02
chr19_17747551_G_A_b38	2	4.91222e-02	-1.314e-01	4.710e-02
chr19_17748127_C_T_b38	2	4.91222e-02	-1.314e-01	4.710e-02
chr19_17749239_T_C_b38	2	3.79317e-02	-1.492e-01	4.677e-02
chr19_17757114_G_A_b38	2	1.00301e-02	-1.358e-01	4.047e-02
chr19_17751322_G_A_b38	2	8.70870e-03	-1.325e-01	4.075e-02
chr19_17743846_G_A_b38	2	4.42847e-03	-1.230e-01	4.211e-02
chr19_17743457_T_C_b38	2	3.62119e-03	-1.204e-01	4.198e-02
chr19_17752510_TCGGCCTCCCAAAG_T_b38	2	2.33025e-03	1.146e-01	3.968e-02
chr19_17752507_AC_A_b38	2	2.33025e-03	1.146e-01	3.968e-02
chr19_17752525_GCTGGGATTAC_G_b38	2	2.33025e-03	1.146e-01	3.968e-02
chr19_17743714_G_T_b38	2	4.87082e-04	-1.072e-01	4.505e-02
chr19_17743206_C_T_b38	2	4.87082e-04	-1.072e-01	4.505e-02
chr19_17634592_G_A_b38	3	2.60321e-02	-4.548e-01	9.692e-02
chr19_17637791_T_A_b38	3	2.57945e-02	-4.547e-01	9.693e-02
chr19_17638623_T_C_b38	3	2.57945e-02	-4.547e-01	9.693e-02
chr19_17633957_C_T_b38	3	1.77362e-11	0.000e+00	0.000e+00
chr19_17791125_G_A_b38	4	6.08015e-04	-1.201e-01	3.666e-02
chr19_17804850_C_T_b38	4	1.41593e-04	0.000e+00	0.000e+00
chr19_17804777_C_T_b38	4	8.37153e-11	0.000e+00	0.000e+00
