chr1_222638065_A_G_b38	1	1.73267e-01	2.014e-01	3.647e-02
chr1_222664597_G_A_b38	1	1.12403e-01	1.915e-01	3.628e-02
chr1_222663654_A_G_b38	1	6.24186e-02	1.878e-01	3.605e-02
chr1_222643014_T_A_b38	1	6.05049e-02	1.941e-01	3.591e-02
chr1_222668272_G_A_b38	1	4.90979e-02	1.865e-01	3.645e-02
chr1_222673540_G_A_b38	1	3.98563e-02	1.802e-01	3.553e-02
chr1_222661161_A_T_b38	1	3.35921e-02	1.913e-01	3.616e-02
chr1_222651746_C_G_b38	1	3.35921e-02	1.913e-01	3.616e-02
chr1_222647448_T_G_b38	1	3.35921e-02	1.913e-01	3.616e-02
chr1_222621901_C_T_b38	1	2.87944e-02	1.856e-01	3.460e-02
chr1_222706825_G_A_b38	1	2.53264e-02	1.585e-01	3.402e-02
chr1_222708030_C_T_b38	1	2.53264e-02	1.585e-01	3.402e-02
chr1_222626283_T_G_b38	1	1.67002e-02	1.833e-01	3.502e-02
chr1_222629461_T_G_b38	1	1.67002e-02	1.833e-01	3.502e-02
chr1_222686148_G_A_b38	1	1.54688e-02	1.646e-01	3.338e-02
chr1_222686156_G_A_b38	1	1.54688e-02	1.646e-01	3.338e-02
chr1_222658953_T_C_b38	1	1.45996e-02	1.861e-01	3.603e-02
chr1_222655362_C_T_b38	1	1.45996e-02	1.861e-01	3.603e-02
chr1_222650187_A_C_b38	1	1.45996e-02	1.861e-01	3.603e-02
chr1_222649657_A_G_b38	1	1.45996e-02	1.861e-01	3.603e-02
chr1_222652375_T_C_b38	1	1.45996e-02	1.861e-01	3.603e-02
chr1_222640383_T_A_b38	1	1.43046e-02	1.828e-01	3.526e-02
chr1_222641100_C_T_b38	1	1.43046e-02	1.828e-01	3.526e-02
chr1_222620290_A_G_b38	1	1.24657e-02	1.804e-01	3.482e-02
chr1_222620749_T_C_b38	1	1.24657e-02	1.804e-01	3.482e-02
chr1_222620428_T_C_b38	1	1.24657e-02	1.804e-01	3.482e-02
chr1_222647297_G_A_b38	1	8.21162e-03	1.799e-01	3.549e-02
chr1_222622227_C_G_b38	1	7.52917e-03	1.755e-01	3.466e-02
chr1_222754052_G_A_b38	1	6.90982e-03	1.627e-01	3.404e-02
chr1_222752593_T_C_b38	1	6.90982e-03	1.627e-01	3.404e-02
chr1_222632876_A_G_b38	1	6.38286e-03	1.753e-01	3.496e-02
chr1_222762462_G_A_b38	1	5.32566e-03	1.602e-01	3.400e-02
chr1_222726085_T_C_b38	1	4.82178e-03	1.498e-01	3.423e-02
chr1_222732952_A_G_b38	1	4.82178e-03	1.498e-01	3.423e-02
chr1_222738618_G_T_b38	1	4.51985e-03	1.585e-01	3.397e-02
chr1_222624272_C_G_b38	1	4.50977e-03	1.731e-01	3.506e-02
chr1_222656208_G_A_b38	1	3.82491e-03	1.751e-01	3.583e-02
chr1_222653139_G_A_b38	1	3.82491e-03	1.751e-01	3.583e-02
chr1_222661461_T_C_b38	1	3.82491e-03	1.751e-01	3.583e-02
chr1_222742467_CA_C_b38	1	2.91360e-03	1.550e-01	3.392e-02
chr1_222762716_A_G_b38	1	2.04796e-03	1.538e-01	3.436e-02
chr1_222762137_C_T_b38	1	2.04796e-03	1.538e-01	3.436e-02
chr1_222762469_T_C_b38	1	2.04796e-03	1.538e-01	3.436e-02
chr1_222757434_A_G_b38	1	2.04796e-03	1.538e-01	3.436e-02
chr1_222762689_A_G_b38	1	2.04796e-03	1.538e-01	3.436e-02
chr1_222765972_A_G_b38	1	1.93122e-03	1.600e-01	3.388e-02
chr1_222763953_G_C_b38	1	1.93122e-03	1.600e-01	3.388e-02
chr1_222764393_T_C_b38	1	1.93122e-03	1.600e-01	3.388e-02
chr1_222763012_G_A_b38	1	1.79322e-03	1.508e-01	3.400e-02
chr1_222749659_A_G_b38	1	1.79322e-03	1.508e-01	3.400e-02
chr1_222712777_A_G_b38	2	1.35804e-02	-6.759e-02	6.842e-02
chr1_222720538_A_G_b38	2	2.64011e-03	-1.347e-01	6.666e-02
chr1_222709607_C_T_b38	2	1.35235e-03	-7.109e-02	7.043e-02
chr1_222727506_G_C_b38	2	1.05944e-03	-1.398e-01	6.372e-02
chr1_222730956_T_C_b38	2	1.05944e-03	-1.398e-01	6.372e-02
chr1_222732211_C_T_b38	2	1.05944e-03	-1.398e-01	6.372e-02
chr1_222704833_T_C_b38	2	6.70825e-04	-7.391e-02	7.073e-02
chr1_222663391_T_C_b38	2	4.52249e-04	1.555e-01	6.367e-02
chr1_222730968_T_A_b38	2	2.43495e-04	-7.328e-02	7.663e-02
chr1_222701624_A_G_b38	2	1.76932e-04	-7.182e-02	7.939e-02
chr1_222700776_C_T_b38	2	1.76932e-04	-7.182e-02	7.939e-02
chr1_222750497_A_G_b38	2	1.27555e-04	-1.244e-01	6.081e-02
chr1_222674687_T_C_b38	2	5.18714e-05	9.292e-02	5.739e-02
chr1_222684825_C_T_b38	2	5.18714e-05	9.292e-02	5.739e-02
chr1_222684427_A_T_b38	2	5.18714e-05	9.292e-02	5.739e-02
chr1_222667810_C_CTTAT_b38	2	4.47781e-05	7.938e-02	5.575e-02
chr1_222745603_A_C_b38	2	4.07983e-05	-8.631e-02	5.564e-02
chr1_222753913_A_G_b38	2	3.61438e-05	-7.833e-02	5.624e-02
chr1_222633671_C_T_b38	2	3.51793e-05	1.334e-01	6.006e-02
chr1_222630704_G_A_b38	2	3.51793e-05	1.334e-01	6.006e-02
