chr2_111119186_G_A_b38	1	3.36091e-01	-1.427e-01	3.266e-02
chr2_111119527_C_T_b38	1	1.02606e-01	-1.325e-01	3.402e-02
chr2_111119364_A_C_b38	1	9.29693e-02	-1.340e-01	3.404e-02
chr2_111116974_G_A_b38	1	6.89870e-02	-1.428e-01	3.238e-02
chr2_111114320_G_A_b38	1	4.77326e-02	-1.479e-01	3.246e-02
chr2_111118571_G_A_b38	1	4.12997e-02	-1.337e-01	3.378e-02
chr2_111121787_C_T_b38	1	2.52805e-02	-1.362e-01	3.281e-02
chr2_111119916_G_C_b38	1	2.39776e-02	-1.308e-01	3.346e-02
chr2_111116931_T_C_b38	1	2.30522e-02	-1.346e-01	3.295e-02
chr2_111121838_A_G_b38	1	2.08081e-02	-1.330e-01	3.280e-02
chr2_111117052_C_T_b38	1	1.97741e-02	-1.345e-01	3.263e-02
chr2_111116699_C_T_b38	1	1.61014e-02	-1.362e-01	3.220e-02
chr2_111123046_C_T_b38	1	1.48455e-02	-1.364e-01	3.251e-02
chr2_111116355_G_A_b38	1	1.31798e-02	-1.349e-01	3.175e-02
chr2_111116460_T_C_b38	1	1.31798e-02	-1.349e-01	3.175e-02
chr2_111115801_T_C_b38	1	1.30980e-02	-1.343e-01	3.161e-02
chr2_111121890_G_A_b38	1	1.24932e-02	-1.341e-01	3.171e-02
chr2_111123023_C_T_b38	1	1.22905e-02	-1.333e-01	3.155e-02
chr2_111122707_G_T_b38	1	1.11299e-02	-1.348e-01	3.211e-02
chr2_111175420_C_G_b38	1	6.54733e-03	-1.528e-01	3.146e-02
chr2_111146255_C_T_b38	1	6.10887e-03	-1.467e-01	3.189e-02
chr2_111176181_G_A_b38	1	4.12729e-03	-1.490e-01	3.136e-02
chr2_111173773_C_G_b38	1	3.71561e-03	-1.502e-01	3.178e-02
chr2_111175039_G_A_b38	1	3.71561e-03	-1.502e-01	3.178e-02
chr2_111174545_A_T_b38	1	3.71561e-03	-1.502e-01	3.178e-02
chr2_111173495_C_G_b38	1	3.71561e-03	-1.502e-01	3.178e-02
chr2_111175117_G_A_b38	1	3.71561e-03	-1.502e-01	3.178e-02
chr2_111119597_C_G_b38	2	2.29132e-02	7.505e-02	6.664e-02
chr2_111119598_T_G_b38	2	2.29132e-02	7.505e-02	6.664e-02
chr2_111124233_C_T_b38	2	3.59597e-03	9.210e-02	5.941e-02
chr2_111112643_T_C_b38	2	2.34645e-03	1.044e-01	6.290e-02
chr2_111116617_ATGT_A_b38	2	2.21040e-03	7.704e-02	5.956e-02
chr2_111132802_T_G_b38	2	8.66506e-04	9.334e-02	5.731e-02
chr2_111137143_T_C_b38	2	4.32449e-04	6.992e-02	5.639e-02
chr2_111141407_T_C_b38	2	4.32449e-04	6.992e-02	5.639e-02
chr2_111139929_T_C_b38	2	4.23794e-04	6.949e-02	5.704e-02
chr2_111142304_G_A_b38	2	2.35078e-04	6.047e-02	5.683e-02
chr2_111132855_G_A_b38	2	1.90064e-04	4.608e-02	5.700e-02
chr2_111172304_T_C_b38	2	8.08785e-05	1.131e-01	6.202e-02
chr2_111119720_T_C_b38	3	3.38977e-03	-1.082e-01	7.151e-02
chr2_111173219_G_T_b38	3	3.14500e-03	-1.501e-01	3.167e-02
chr2_111169802_A_G_b38	3	2.75421e-03	-1.501e-01	3.189e-02
chr2_111119769_T_TG_b38	3	1.56565e-03	-1.254e-02	1.492e-01
chr2_111160653_T_C_b38	3	1.33570e-03	-1.369e-01	3.204e-02
chr2_111160895_G_A_b38	3	1.33570e-03	-1.369e-01	3.204e-02
chr2_111157745_T_C_b38	3	1.33570e-03	-1.369e-01	3.204e-02
chr2_111157445_C_G_b38	3	1.33570e-03	-1.369e-01	3.204e-02
chr2_111151670_A_G_b38	3	1.33570e-03	-1.369e-01	3.204e-02
chr2_111121804_C_A_b38	3	1.05782e-03	-1.182e-01	5.863e-02
chr2_111183362_C_T_b38	3	6.10956e-04	-1.365e-01	3.142e-02
chr2_111121523_A_G_b38	3	5.44764e-04	-9.920e-02	5.527e-02
chr2_111189247_G_A_b38	3	4.87119e-04	-1.345e-01	3.138e-02
chr2_111127015_CT_C_b38	3	4.37330e-04	-1.195e-01	5.664e-02
chr2_111114571_A_G_b38	3	4.20874e-04	-1.119e-01	6.133e-02
chr2_111185394_C_T_b38	3	2.76530e-04	-1.306e-01	3.155e-02
chr2_111182897_C_G_b38	3	2.76530e-04	-1.306e-01	3.155e-02
chr2_111188879_T_A_b38	3	2.53492e-04	-1.299e-01	3.156e-02
chr2_111129337_C_T_b38	3	8.68169e-05	-9.040e-02	3.209e-02
chr2_111105861_T_C_b38	3	5.65234e-05	-9.663e-02	3.208e-02
chr2_111136292_A_T_b38	3	4.73693e-05	-9.443e-02	3.186e-02
chr2_111156421_TTTCA_T_b38	3	4.32087e-05	-1.054e-01	3.209e-02
chr2_111156160_C_CAT_b38	3	4.18125e-05	-1.055e-01	3.223e-02
chr2_111137967_C_G_b38	3	3.41761e-05	-9.808e-02	3.468e-02
chr2_111135407_A_G_b38	3	3.11353e-05	-8.969e-02	3.196e-02
chr2_111149637_G_A_b38	3	3.08244e-05	-1.017e-01	3.208e-02
chr2_111163164_G_T_b38	3	3.08244e-05	-1.017e-01	3.208e-02
chr2_111150685_G_A_b38	3	3.08244e-05	-1.017e-01	3.208e-02
chr2_111143021_A_G_b38	3	3.04133e-05	-8.945e-02	3.198e-02
chr2_111148933_G_A_b38	3	2.77690e-05	-1.003e-01	3.199e-02
chr2_111130126_T_A_b38	3	1.94125e-05	-8.590e-02	3.289e-02
chr2_111166053_T_G_b38	3	1.56155e-05	-9.420e-02	3.215e-02
chr2_111146964_A_G_b38	3	1.32017e-05	-9.254e-02	3.229e-02
chr2_111104726_T_C_b38	3	2.21929e-06	0.000e+00	0.000e+00
chr2_111155138_G_A_b38	3	1.23600e-06	0.000e+00	0.000e+00
chr2_111155141_A_G_b38	3	1.21331e-06	0.000e+00	0.000e+00
