chr9_113426298_A_G_b38	1	9.73042e-02	-4.495e-01	9.728e-02
chr9_113415305_G_A_b38	1	6.31515e-02	-4.508e-01	1.066e-01
chr9_113422027_C_T_b38	1	3.49913e-02	-4.481e-01	1.026e-01
chr9_113406731_G_T_b38	1	2.71673e-02	-3.866e-01	9.692e-02
chr9_113427668_C_G_b38	1	2.54077e-02	-4.301e-01	1.005e-01
chr9_113428561_C_T_b38	1	2.54077e-02	-4.301e-01	1.005e-01
chr9_113424264_A_G_b38	1	2.04075e-02	-4.508e-01	1.066e-01
chr9_113428889_A_G_b38	1	1.72653e-02	-4.334e-01	1.037e-01
chr9_113501124_C_T_b38	1	1.16640e-02	-4.494e-01	9.727e-02
chr9_113508696_C_A_b38	1	1.16640e-02	-4.494e-01	9.727e-02
chr9_113502336_C_T_b38	1	1.16640e-02	-4.494e-01	9.727e-02
chr9_113488538_G_A_b38	1	1.16640e-02	-4.494e-01	9.727e-02
chr9_113498485_T_G_b38	1	1.16640e-02	-4.494e-01	9.727e-02
chr9_113501174_T_C_b38	1	1.16640e-02	-4.494e-01	9.727e-02
chr9_113469226_G_A_b38	1	1.16640e-02	-4.494e-01	9.727e-02
chr9_113509145_C_T_b38	1	1.16640e-02	-4.494e-01	9.727e-02
chr9_113493868_C_G_b38	1	1.16640e-02	-4.494e-01	9.727e-02
chr9_113502467_C_T_b38	1	1.16640e-02	-4.494e-01	9.727e-02
chr9_113500990_G_A_b38	1	1.16640e-02	-4.494e-01	9.727e-02
chr9_113502808_T_C_b38	1	1.16640e-02	-4.494e-01	9.727e-02
chr9_113501734_T_C_b38	1	1.16640e-02	-4.494e-01	9.727e-02
chr9_113494393_T_C_b38	1	1.16640e-02	-4.494e-01	9.727e-02
chr9_113510621_C_A_b38	1	1.16640e-02	-4.494e-01	9.727e-02
chr9_113474562_A_G_b38	1	1.16640e-02	-4.494e-01	9.727e-02
chr9_113470337_G_A_b38	1	1.16640e-02	-4.494e-01	9.727e-02
chr9_113498732_C_T_b38	1	1.16640e-02	-4.494e-01	9.727e-02
chr9_113466645_G_A_b38	1	1.16640e-02	-4.494e-01	9.727e-02
chr9_113510401_T_C_b38	1	1.16640e-02	-4.494e-01	9.727e-02
chr9_113496275_G_A_b38	1	1.16640e-02	-4.494e-01	9.727e-02
chr9_113482702_T_C_b38	1	1.05815e-02	-4.495e-01	9.778e-02
chr9_113484374_T_C_b38	1	1.05815e-02	-4.495e-01	9.778e-02
chr9_113502702_A_C_b38	1	7.77042e-03	-4.469e-01	9.883e-02
chr9_113437775_A_G_b38	1	6.93171e-03	-4.508e-01	1.066e-01
chr9_113406475_G_A_b38	1	6.87940e-03	-3.702e-01	1.034e-01
chr9_113431651_AT_A_b38	1	6.64336e-03	-3.881e-01	1.175e-01
chr9_113437747_G_C_b38	1	6.31789e-03	-4.278e-01	1.019e-01
chr9_113459774_C_T_b38	1	5.16486e-03	-4.140e-01	1.000e-01
chr9_113450961_C_A_b38	1	5.16486e-03	-4.140e-01	1.000e-01
chr9_113583285_C_A_b38	1	4.64177e-03	-4.766e-01	9.843e-02
chr9_113460275_C_T_b38	1	4.58977e-03	-4.130e-01	1.005e-01
chr9_113454539_T_C_b38	1	4.58977e-03	-4.130e-01	1.005e-01
chr9_113455552_G_A_b38	1	4.58977e-03	-4.130e-01	1.005e-01
chr9_113458253_TC_T_b38	1	4.03697e-03	-4.329e-01	1.061e-01
chr9_113551686_TAAC_T_b38	1	3.91111e-03	-4.712e-01	9.815e-02
chr9_113497159_G_A_b38	1	3.02406e-03	-4.301e-01	1.005e-01
chr9_113474906_T_C_b38	1	3.02406e-03	-4.301e-01	1.005e-01
chr9_113496586_T_C_b38	1	2.69862e-03	-4.289e-01	1.009e-01
chr9_113463287_C_G_b38	1	2.69862e-03	-4.289e-01	1.009e-01
chr9_113484412_T_C_b38	1	2.69862e-03	-4.289e-01	1.009e-01
chr9_113506144_A_G_b38	1	2.69862e-03	-4.289e-01	1.009e-01
chr9_113505837_A_G_b38	1	2.43179e-03	-4.508e-01	1.066e-01
chr9_113468940_G_C_b38	1	2.43179e-03	-4.508e-01	1.066e-01
chr9_113503522_G_T_b38	1	2.43179e-03	-4.508e-01	1.066e-01
chr9_113463458_CT_C_b38	1	2.43179e-03	-4.508e-01	1.066e-01
chr9_113583838_G_A_b38	1	2.28411e-03	-4.366e-01	9.357e-02
chr9_113568652_C_T_b38	1	2.26935e-03	-4.547e-01	9.737e-02
chr9_113583191_T_C_b38	1	2.25423e-03	-4.544e-01	9.734e-02
chr9_113567753_T_G_b38	1	2.25423e-03	-4.544e-01	9.734e-02
chr9_113581368_G_A_b38	1	2.25423e-03	-4.544e-01	9.734e-02
chr9_113574294_C_T_b38	1	2.25423e-03	-4.544e-01	9.734e-02
chr9_113552919_G_T_b38	1	2.25423e-03	-4.544e-01	9.734e-02
chr9_113560506_C_T_b38	1	2.25423e-03	-4.544e-01	9.734e-02
chr9_113540535_C_T_b38	1	2.25423e-03	-4.544e-01	9.734e-02
chr9_113576096_G_T_b38	1	2.25423e-03	-4.544e-01	9.734e-02
chr9_113564698_T_C_b38	1	2.25423e-03	-4.544e-01	9.734e-02
chr9_113557514_T_C_b38	1	2.25423e-03	-4.544e-01	9.734e-02
chr9_113538487_G_A_b38	1	2.25423e-03	-4.544e-01	9.734e-02
chr9_113574502_G_A_b38	1	2.25423e-03	-4.544e-01	9.734e-02
chr9_113578291_G_T_b38	1	2.25423e-03	-4.544e-01	9.734e-02
chr9_113586371_A_G_b38	1	2.25423e-03	-4.544e-01	9.734e-02
chr9_113579077_AC_A_b38	1	2.25423e-03	-4.544e-01	9.734e-02
chr9_113557380_A_G_b38	1	2.25423e-03	-4.544e-01	9.734e-02
chr9_113581933_G_A_b38	1	2.25423e-03	-4.544e-01	9.734e-02
chr9_113564879_C_T_b38	1	2.25423e-03	-4.544e-01	9.734e-02
chr9_113569891_T_C_b38	1	2.25423e-03	-4.544e-01	9.734e-02
chr9_113551955_T_A_b38	1	2.25423e-03	-4.544e-01	9.734e-02
chr9_113564608_T_C_b38	1	2.25423e-03	-4.544e-01	9.734e-02
chr9_113559564_A_G_b38	1	2.25423e-03	-4.544e-01	9.734e-02
chr9_113564596_C_T_b38	1	2.25423e-03	-4.544e-01	9.734e-02
chr9_113580764_G_A_b38	1	2.25423e-03	-4.544e-01	9.734e-02
chr9_113571031_T_C_b38	1	2.25423e-03	-4.544e-01	9.734e-02
chr9_113540784_G_A_b38	1	2.25423e-03	-4.544e-01	9.734e-02
chr9_113542672_G_A_b38	1	2.25423e-03	-4.544e-01	9.734e-02
chr9_113554120_A_G_b38	1	2.25423e-03	-4.544e-01	9.734e-02
chr9_113583956_G_A_b38	1	2.25423e-03	-4.544e-01	9.734e-02
chr9_113571129_C_T_b38	1	2.25423e-03	-4.544e-01	9.734e-02
chr9_113572247_T_C_b38	1	2.25423e-03	-4.544e-01	9.734e-02
chr9_113547138_G_T_b38	1	2.25423e-03	-4.544e-01	9.734e-02
chr9_113561432_C_T_b38	1	2.25423e-03	-4.544e-01	9.734e-02
chr9_113571234_A_G_b38	1	2.25423e-03	-4.544e-01	9.734e-02
chr9_113543532_G_A_b38	1	2.25423e-03	-4.544e-01	9.734e-02
chr9_113567706_T_C_b38	1	2.25423e-03	-4.544e-01	9.734e-02
chr9_113559415_G_A_b38	1	2.25423e-03	-4.544e-01	9.734e-02
chr9_113563612_G_C_b38	1	2.25423e-03	-4.544e-01	9.734e-02
chr9_113566844_T_C_b38	1	2.25423e-03	-4.544e-01	9.734e-02
chr9_113578836_T_C_b38	1	2.25423e-03	-4.544e-01	9.734e-02
chr9_113578722_T_G_b38	1	2.25423e-03	-4.544e-01	9.734e-02
chr9_113572007_A_G_b38	1	2.25423e-03	-4.544e-01	9.734e-02
chr9_113565773_A_G_b38	1	2.25423e-03	-4.544e-01	9.734e-02
chr9_113561054_T_C_b38	1	2.25423e-03	-4.544e-01	9.734e-02
chr9_113577070_G_A_b38	1	2.25423e-03	-4.544e-01	9.734e-02
chr9_113544537_C_T_b38	1	2.25423e-03	-4.544e-01	9.734e-02
chr9_113554926_C_G_b38	1	2.25423e-03	-4.544e-01	9.734e-02
chr9_113543709_A_G_b38	1	2.25423e-03	-4.544e-01	9.734e-02
chr9_113567128_A_G_b38	1	2.25423e-03	-4.544e-01	9.734e-02
chr9_113561455_C_T_b38	1	2.25423e-03	-4.544e-01	9.734e-02
chr9_113559700_G_A_b38	1	2.25423e-03	-4.544e-01	9.734e-02
chr9_113540696_G_T_b38	1	2.25423e-03	-4.544e-01	9.734e-02
chr9_113566670_T_C_b38	1	2.25423e-03	-4.544e-01	9.734e-02
chr9_113541885_G_A_b38	1	2.25423e-03	-4.544e-01	9.734e-02
chr9_113451778_G_A_b38	1	2.13408e-03	-3.838e-01	1.176e-01
chr9_113457153_G_A_b38	1	2.13408e-03	-3.838e-01	1.176e-01
chr9_113499646_T_G_b38	1	2.10627e-03	-3.593e-01	8.622e-02
chr9_113480242_C_A_b38	1	2.10627e-03	-3.593e-01	8.622e-02
chr9_113472024_G_A_b38	1	2.10627e-03	-3.593e-01	8.622e-02
chr9_113507240_T_G_b38	1	2.10627e-03	-3.593e-01	8.622e-02
chr9_113492945_G_A_b38	1	2.10627e-03	-3.593e-01	8.622e-02
chr9_113509750_G_C_b38	1	2.10627e-03	-3.593e-01	8.622e-02
chr9_113489085_A_G_b38	1	2.10627e-03	-3.593e-01	8.622e-02
chr9_113505321_C_G_b38	1	2.10627e-03	-3.593e-01	8.622e-02
chr9_113505549_A_G_b38	1	2.10627e-03	-3.593e-01	8.622e-02
chr9_113472307_G_A_b38	1	2.10627e-03	-3.593e-01	8.622e-02
chr9_113477965_A_G_b38	1	2.10627e-03	-3.593e-01	8.622e-02
chr9_113487803_T_C_b38	1	2.10627e-03	-3.593e-01	8.622e-02
chr9_113472032_T_A_b38	1	2.10627e-03	-3.593e-01	8.622e-02
chr9_113505851_T_C_b38	1	2.10627e-03	-3.593e-01	8.622e-02
chr9_113506814_G_A_b38	1	2.10627e-03	-3.593e-01	8.622e-02
chr9_113479427_T_C_b38	1	2.10627e-03	-3.593e-01	8.622e-02
chr9_113474081_A_AC_b38	1	2.10627e-03	-3.593e-01	8.622e-02
chr9_113481325_G_C_b38	1	2.10627e-03	-3.593e-01	8.622e-02
chr9_113510122_G_C_b38	1	2.10627e-03	-3.593e-01	8.622e-02
chr9_113491249_G_A_b38	1	2.10627e-03	-3.593e-01	8.622e-02
chr9_113535184_T_C_b38	1	2.08220e-03	-4.529e-01	9.743e-02
chr9_113503885_G_C_b38	1	2.01390e-03	-3.584e-01	8.626e-02
chr9_113557827_TA_T_b38	1	1.93558e-03	-4.546e-01	9.815e-02
chr9_113548978_C_T_b38	1	1.93558e-03	-4.546e-01	9.815e-02
chr9_113547493_G_A_b38	1	1.93558e-03	-4.546e-01	9.815e-02
chr9_113556316_C_A_b38	1	1.93558e-03	-4.546e-01	9.815e-02
chr9_113548795_C_T_b38	1	1.93558e-03	-4.546e-01	9.815e-02
chr9_113555901_G_A_b38	1	1.93558e-03	-4.546e-01	9.815e-02
chr9_113548713_C_T_b38	1	1.93558e-03	-4.546e-01	9.815e-02
chr9_113582368_G_A_b38	1	1.92443e-03	-4.468e-01	9.653e-02
chr9_113484255_C_G_b38	1	1.88467e-03	-3.577e-01	8.646e-02
chr9_113530737_C_G_b38	1	1.86201e-03	-4.494e-01	9.725e-02
chr9_113515683_C_A_b38	1	1.86201e-03	-4.494e-01	9.725e-02
chr9_113513302_A_C_b38	1	1.86201e-03	-4.494e-01	9.725e-02
chr9_113516420_C_T_b38	1	1.86201e-03	-4.494e-01	9.725e-02
chr9_113520026_C_T_b38	1	1.86201e-03	-4.494e-01	9.725e-02
chr9_113527636_C_G_b38	1	1.86201e-03	-4.494e-01	9.725e-02
chr9_113524820_T_A_b38	1	1.86201e-03	-4.494e-01	9.725e-02
chr9_113517924_T_C_b38	1	1.86201e-03	-4.494e-01	9.725e-02
chr9_113524460_A_G_b38	1	1.86201e-03	-4.494e-01	9.725e-02
chr9_113515108_C_T_b38	1	1.86201e-03	-4.494e-01	9.725e-02
chr9_113522613_C_G_b38	1	1.86201e-03	-4.494e-01	9.725e-02
chr9_113534875_C_T_b38	1	1.86201e-03	-4.494e-01	9.725e-02
chr9_113520927_T_C_b38	1	1.86201e-03	-4.494e-01	9.725e-02
chr9_113533216_G_A_b38	1	1.86201e-03	-4.494e-01	9.725e-02
chr9_113517600_T_C_b38	1	1.86201e-03	-4.494e-01	9.725e-02
chr9_113517934_G_A_b38	1	1.86201e-03	-4.494e-01	9.725e-02
chr9_113521087_G_T_b38	1	1.86201e-03	-4.494e-01	9.725e-02
chr9_113526495_C_T_b38	1	1.86201e-03	-4.494e-01	9.725e-02
chr9_113527137_G_A_b38	1	1.86201e-03	-4.494e-01	9.725e-02
chr9_113522803_T_C_b38	1	1.86201e-03	-4.494e-01	9.725e-02
chr9_113517823_C_T_b38	1	1.86201e-03	-4.494e-01	9.725e-02
chr9_113514298_A_G_b38	1	1.86201e-03	-4.494e-01	9.725e-02
chr9_113515824_C_T_b38	1	1.86201e-03	-4.494e-01	9.725e-02
chr9_113524189_T_C_b38	1	1.86201e-03	-4.494e-01	9.725e-02
chr9_113512300_A_G_b38	1	1.86201e-03	-4.494e-01	9.725e-02
chr9_113532237_C_T_b38	1	1.86201e-03	-4.494e-01	9.725e-02
chr9_113526193_T_C_b38	1	1.86201e-03	-4.494e-01	9.725e-02
chr9_113519834_G_A_b38	1	1.86201e-03	-4.494e-01	9.725e-02
chr9_113526663_G_A_b38	1	1.86201e-03	-4.494e-01	9.725e-02
chr9_113511920_G_C_b38	1	1.86201e-03	-4.494e-01	9.725e-02
chr9_113529110_C_T_b38	1	1.86201e-03	-4.494e-01	9.725e-02
chr9_113523149_T_C_b38	1	1.86201e-03	-4.494e-01	9.725e-02
chr9_113536620_C_T_b38	1	1.83584e-03	-4.578e-01	9.910e-02
chr9_113532378_AAG_A_b38	1	1.40727e-03	-4.450e-01	9.777e-02
chr9_113575479_G_A_b38	1	1.35932e-03	-4.459e-01	9.815e-02
chr9_113534533_G_A_b38	1	1.19842e-03	-4.430e-01	9.819e-02
chr9_113604799_G_A_b38	1	1.16797e-03	-4.851e-01	1.074e-01
chr9_113605616_C_T_b38	1	1.16797e-03	-4.851e-01	1.074e-01
chr9_113606537_A_T_b38	1	1.16797e-03	-4.851e-01	1.074e-01
chr9_113515960_G_A_b38	1	1.06905e-03	-4.405e-01	9.828e-02
chr9_113517421_G_T_b38	1	1.01827e-03	-4.413e-01	9.871e-02
chr9_113585832_A_G_b38	1	1.01827e-03	-4.413e-01	9.871e-02
chr9_113410739_A_G_b38	2	1.05404e-02	1.757e-02	1.807e-01
chr9_113410901_T_A_b38	2	1.05116e-02	1.403e-02	1.789e-01
chr9_113410387_T_C_b38	2	1.05116e-02	1.403e-02	1.789e-01
chr9_113410926_G_A_b38	2	1.05116e-02	1.403e-02	1.789e-01
chr9_113411429_G_C_b38	2	3.02835e-03	2.946e-02	1.917e-01
chr9_113411339_C_T_b38	2	3.02835e-03	2.946e-02	1.917e-01
chr9_113412130_A_G_b38	2	1.38240e-03	3.219e-02	1.945e-01
chr9_113411703_G_A_b38	2	1.38240e-03	3.219e-02	1.945e-01
chr9_113412797_C_A_b38	2	1.38240e-03	3.219e-02	1.945e-01
chr9_113408995_G_A_b38	2	1.33094e-03	7.151e-03	1.815e-01
chr9_113409423_A_T_b38	2	1.33094e-03	7.151e-03	1.815e-01
chr9_113409043_G_A_b38	2	1.33094e-03	7.151e-03	1.815e-01
chr9_113413283_C_A_b38	2	7.47239e-04	3.490e-02	1.973e-01
chr9_113414432_G_A_b38	2	7.47239e-04	3.490e-02	1.973e-01
chr9_113406788_G_A_b38	2	7.21818e-04	3.490e-02	1.973e-01
chr9_113405962_G_C_b38	2	7.05320e-04	8.913e-03	1.832e-01
chr9_113407452_TA_T_b38	2	7.05320e-04	8.913e-03	1.832e-01
chr9_113419619_G_GAGTTATA_b38	2	2.97611e-04	7.352e-02	2.209e-01
chr9_113419620_C_T_b38	2	2.97611e-04	7.352e-02	2.209e-01
chr9_113419463_G_A_b38	2	2.97611e-04	7.352e-02	2.209e-01
chr9_113420603_A_AG_b38	2	2.97611e-04	7.352e-02	2.209e-01
chr9_113418293_A_G_b38	2	2.97611e-04	7.352e-02	2.209e-01
chr9_113420619_A_C_b38	2	2.97611e-04	7.352e-02	2.209e-01
chr9_113419806_T_A_b38	2	2.97611e-04	7.352e-02	2.209e-01
chr9_113417085_G_A_b38	2	2.97611e-04	7.352e-02	2.209e-01
chr9_113397865_T_A_b38	2	1.34531e-04	1.176e-01	1.915e-01
chr9_113397580_G_A_b38	2	1.34427e-04	1.127e-01	1.973e-01
chr9_113421622_A_G_b38	2	1.07651e-04	5.947e-02	2.110e-01
chr9_113421229_G_C_b38	2	1.07651e-04	5.947e-02	2.110e-01
chr9_113422837_G_T_b38	2	1.07417e-04	6.701e-02	2.172e-01
chr9_113423289_A_G_b38	2	1.07417e-04	6.701e-02	2.172e-01
chr9_113432049_T_G_b38	2	1.07417e-04	6.701e-02	2.172e-01
chr9_113429808_A_G_b38	2	1.07417e-04	6.701e-02	2.172e-01
chr9_113425960_G_T_b38	2	1.07417e-04	6.701e-02	2.172e-01
chr9_113426749_G_A_b38	2	1.07417e-04	6.701e-02	2.172e-01
chr9_113424035_A_G_b38	2	1.07417e-04	6.701e-02	2.172e-01
chr9_113425022_C_G_b38	2	1.07417e-04	6.701e-02	2.172e-01
chr9_113427129_G_A_b38	2	1.07417e-04	6.701e-02	2.172e-01
chr9_113431624_T_C_b38	2	1.07417e-04	6.701e-02	2.172e-01
chr9_113426194_T_C_b38	2	1.07417e-04	6.701e-02	2.172e-01
chr9_113425992_T_C_b38	2	1.07417e-04	6.701e-02	2.172e-01
chr9_113430308_C_T_b38	2	1.07417e-04	6.701e-02	2.172e-01
chr9_113428925_A_C_b38	2	1.07417e-04	6.701e-02	2.172e-01
chr9_113435380_A_C_b38	2	1.07417e-04	6.701e-02	2.172e-01
chr9_113435426_A_T_b38	2	1.07417e-04	6.701e-02	2.172e-01
chr9_113425530_A_T_b38	2	1.07417e-04	6.701e-02	2.172e-01
chr9_113429553_A_G_b38	2	1.07417e-04	6.701e-02	2.172e-01
chr9_113428757_G_A_b38	2	1.07417e-04	6.701e-02	2.172e-01
chr9_113456060_T_G_b38	2	1.72685e-05	-7.853e-02	1.295e-01
chr9_113448483_C_G_b38	2	1.72685e-05	-7.853e-02	1.295e-01
chr9_113449070_A_G_b38	2	1.59636e-05	-4.878e-02	1.268e-01
chr9_113450346_C_T_b38	2	1.59636e-05	-4.878e-02	1.268e-01
chr9_113451490_G_A_b38	2	1.59636e-05	-4.878e-02	1.268e-01
chr9_113446041_C_T_b38	2	1.59636e-05	-4.878e-02	1.268e-01
chr9_113458840_C_T_b38	2	1.59636e-05	-4.878e-02	1.268e-01
chr9_113459972_C_T_b38	2	1.59636e-05	-4.878e-02	1.268e-01
chr9_113451109_C_T_b38	2	1.59636e-05	-4.878e-02	1.268e-01
chr9_113449418_G_A_b38	2	1.59636e-05	-4.878e-02	1.268e-01
chr9_113450654_G_T_b38	2	1.59636e-05	-4.878e-02	1.268e-01
chr9_113450815_G_A_b38	2	1.59636e-05	-4.878e-02	1.268e-01
chr9_113456768_C_T_b38	2	1.59636e-05	-4.878e-02	1.268e-01
chr9_113451817_A_G_b38	2	1.59636e-05	-4.878e-02	1.268e-01
chr9_113450821_A_G_b38	2	1.59636e-05	-4.878e-02	1.268e-01
chr9_113457310_G_A_b38	2	1.59636e-05	-4.878e-02	1.268e-01
chr9_113456233_T_C_b38	2	1.59636e-05	-4.878e-02	1.268e-01
chr9_113448314_C_T_b38	2	1.59636e-05	-4.878e-02	1.268e-01
chr9_113457220_C_G_b38	2	1.59636e-05	-4.878e-02	1.268e-01
chr9_113456862_A_G_b38	2	1.59636e-05	-4.878e-02	1.268e-01
chr9_113437635_C_T_b38	2	1.56262e-05	-3.141e-02	1.259e-01
chr9_113443661_A_G_b38	2	1.56262e-05	-3.141e-02	1.259e-01
chr9_113436283_T_C_b38	2	1.56262e-05	-3.141e-02	1.259e-01
chr9_113436663_C_T_b38	2	1.56262e-05	-3.141e-02	1.259e-01
chr9_113416188_T_C_b38	3	3.68455e-04	3.626e-01	1.546e-01
chr9_113468944_G_A_b38	3	1.31182e-05	3.751e-01	1.570e-01
