chr4_1713622_C_T_b38	1	1.38103e-01	3.403e-01	7.901e-02
chr4_1713523_C_T_b38	1	1.23137e-01	3.325e-01	7.788e-02
chr4_1717156_A_T_b38	1	5.74665e-02	3.400e-01	7.874e-02
chr4_1721410_A_T_b38	1	3.91187e-02	3.401e-01	7.870e-02
chr4_1719066_A_AG_b38	1	3.91187e-02	3.401e-01	7.870e-02
chr4_1718823_T_C_b38	1	3.91187e-02	3.401e-01	7.870e-02
chr4_1719067_T_G_b38	1	3.91187e-02	3.401e-01	7.870e-02
chr4_1719621_G_A_b38	1	3.91187e-02	3.401e-01	7.870e-02
chr4_1717893_T_G_b38	1	3.91187e-02	3.401e-01	7.870e-02
chr4_1693082_T_C_b38	1	3.30107e-02	3.509e-01	7.774e-02
chr4_1692204_C_T_b38	1	3.30107e-02	3.509e-01	7.774e-02
chr4_1709677_T_C_b38	1	3.29418e-02	3.241e-01	7.700e-02
chr4_1699590_G_A_b38	1	2.87907e-02	3.436e-01	7.684e-02
chr4_1697785_G_A_b38	1	2.87907e-02	3.436e-01	7.684e-02
chr4_1698641_C_T_b38	1	2.87907e-02	3.436e-01	7.684e-02
chr4_1695610_G_A_b38	1	2.87907e-02	3.436e-01	7.684e-02
chr4_1729399_G_A_b38	1	2.79352e-02	3.511e-01	7.889e-02
chr4_1737791_CGCCATCCCT_C_b38	1	2.32278e-02	3.495e-01	7.947e-02
chr4_1735381_C_T_b38	1	2.04107e-02	3.411e-01	7.825e-02
chr4_1736586_T_C_b38	1	2.04107e-02	3.411e-01	7.825e-02
chr4_1735775_C_T_b38	1	2.04107e-02	3.411e-01	7.825e-02
chr4_1742818_ATTAG_A_b38	1	1.92215e-02	3.634e-01	7.727e-02
chr4_1742027_C_T_b38	1	5.98265e-03	3.423e-01	7.775e-02
chr4_1743212_C_T_b38	1	5.98265e-03	3.423e-01	7.775e-02
chr4_1744502_G_T_b38	1	5.98265e-03	3.423e-01	7.775e-02
chr4_1738948_G_A_b38	1	5.98265e-03	3.423e-01	7.775e-02
chr4_1744398_C_CT_b38	1	5.98265e-03	3.423e-01	7.775e-02
chr4_1741052_G_A_b38	1	5.98265e-03	3.423e-01	7.775e-02
chr4_1747433_G_A_b38	1	5.41733e-03	3.395e-01	7.774e-02
chr4_1747086_T_TCTCC_b38	1	3.79312e-03	3.368e-01	7.868e-02
chr4_1712730_C_A_b38	2	2.25662e-02	-1.464e-01	1.064e-01
chr4_1712590_C_T_b38	2	2.19677e-02	-1.448e-01	1.079e-01
chr4_1711859_G_A_b38	2	6.32982e-03	-1.247e-01	1.048e-01
chr4_1714664_A_G_b38	2	4.10142e-03	-1.496e-01	1.085e-01
chr4_1717781_G_A_b38	2	2.42570e-03	-1.497e-01	1.068e-01
chr4_1717143_G_C_b38	2	2.42570e-03	-1.497e-01	1.068e-01
chr4_1707980_G_T_b38	2	2.39248e-03	-1.641e-01	1.078e-01
chr4_1715579_A_G_b38	2	2.39097e-03	-1.496e-01	1.085e-01
chr4_1706757_C_T_b38	2	2.10786e-03	-1.641e-01	1.078e-01
chr4_1706347_T_C_b38	2	1.79245e-03	-1.495e-01	1.038e-01
chr4_1722816_A_G_b38	2	1.62523e-03	-1.503e-01	1.069e-01
chr4_1721773_C_T_b38	2	1.62523e-03	-1.503e-01	1.069e-01
chr4_1721976_G_A_b38	2	1.62523e-03	-1.503e-01	1.069e-01
chr4_1719769_C_T_b38	2	1.62523e-03	-1.503e-01	1.069e-01
chr4_1718619_A_G_b38	2	1.62523e-03	-1.503e-01	1.069e-01
chr4_1720172_C_T_b38	2	1.58642e-03	-1.478e-01	1.052e-01
chr4_1721850_C_T_b38	2	1.58642e-03	-1.478e-01	1.052e-01
chr4_1732229_G_A_b38	2	1.31952e-03	-1.855e-01	1.089e-01
chr4_1726393_A_C_b38	2	1.26476e-03	-1.847e-01	1.088e-01
chr4_1726355_G_T_b38	2	1.26476e-03	-1.847e-01	1.088e-01
chr4_1690485_C_G_b38	2	7.43696e-04	-1.752e-01	1.081e-01
chr4_1689939_TAGA_T_b38	2	7.43696e-04	-1.752e-01	1.081e-01
chr4_1689933_T_G_b38	2	7.43696e-04	-1.752e-01	1.081e-01
chr4_1689030_A_C_b38	2	7.43696e-04	-1.752e-01	1.081e-01
chr4_1697424_G_A_b38	2	7.35629e-04	-1.761e-01	1.098e-01
chr4_1698870_T_C_b38	2	7.35629e-04	-1.761e-01	1.098e-01
chr4_1698137_G_A_b38	2	7.15692e-04	-1.763e-01	1.118e-01
chr4_1737525_T_C_b38	2	6.41879e-04	-1.609e-01	1.095e-01
chr4_1733165_C_T_b38	2	6.41879e-04	-1.609e-01	1.095e-01
chr4_1731251_G_A_b38	2	6.41879e-04	-1.609e-01	1.095e-01
chr4_1735382_G_A_b38	2	6.41879e-04	-1.609e-01	1.095e-01
chr4_1728226_G_A_b38	2	6.41879e-04	-1.609e-01	1.095e-01
chr4_1733461_T_G_b38	2	6.41879e-04	-1.609e-01	1.095e-01
chr4_1736289_G_A_b38	2	6.41879e-04	-1.609e-01	1.095e-01
chr4_1726935_T_C_b38	2	6.41879e-04	-1.609e-01	1.095e-01
chr4_1737469_C_T_b38	2	6.41879e-04	-1.609e-01	1.095e-01
chr4_1729635_C_T_b38	2	6.41879e-04	-1.609e-01	1.095e-01
chr4_1731007_G_A_b38	2	6.41879e-04	-1.609e-01	1.095e-01
chr4_1723075_C_T_b38	2	6.41879e-04	-1.609e-01	1.095e-01
chr4_1727933_C_T_b38	2	6.41879e-04	-1.609e-01	1.095e-01
chr4_1728261_G_A_b38	2	6.41879e-04	-1.609e-01	1.095e-01
chr4_1726013_T_C_b38	2	6.41879e-04	-1.609e-01	1.095e-01
chr4_1729700_C_T_b38	2	6.41879e-04	-1.609e-01	1.095e-01
chr4_1730683_C_T_b38	2	6.41879e-04	-1.609e-01	1.095e-01
chr4_1735335_A_G_b38	2	6.41879e-04	-1.609e-01	1.095e-01
chr4_1748499_G_A_b38	2	3.46624e-04	-2.340e-01	1.079e-01
chr4_1729939_C_T_b38	2	3.38312e-04	-1.595e-01	1.107e-01
chr4_1737005_C_T_b38	2	2.72767e-04	-1.419e-01	1.095e-01
chr4_1745796_G_A_b38	2	2.69490e-04	-2.318e-01	1.077e-01
chr4_1758647_C_G_b38	2	1.90686e-04	-2.130e-01	1.086e-01
chr4_1738957_G_A_b38	2	1.62827e-04	-2.063e-01	1.106e-01
chr4_1746539_T_C_b38	2	1.62827e-04	-2.063e-01	1.106e-01
chr4_1756168_T_C_b38	2	1.46501e-04	-1.947e-01	1.073e-01
chr4_1747685_T_C_b38	2	1.16394e-04	-1.858e-01	1.121e-01
chr4_1738250_G_A_b38	2	1.16394e-04	-1.858e-01	1.121e-01
chr4_1743423_C_T_b38	2	1.16394e-04	-1.858e-01	1.121e-01
chr4_1749716_C_T_b38	2	1.16394e-04	-1.858e-01	1.121e-01
chr4_1747250_C_T_b38	2	1.16394e-04	-1.858e-01	1.121e-01
chr4_1685122_G_C_b38	2	8.41421e-05	-1.428e-01	1.092e-01
chr4_1684272_G_T_b38	2	5.09605e-05	-1.515e-01	1.095e-01
chr4_1713276_A_G_b38	3	6.94248e-04	-7.478e-02	1.041e-01
chr4_1711862_T_G_b38	3	2.19228e-04	-9.130e-02	1.006e-01
chr4_1711241_A_G_b38	3	5.22325e-05	-1.014e-01	9.611e-02
chr4_1710301_C_G_b38	3	2.48778e-05	-1.014e-01	9.611e-02
chr4_1710049_G_A_b38	3	2.48778e-05	-1.014e-01	9.611e-02
chr4_1706774_AGCCGAGATCGTGCACT_A_b38	3	1.71769e-05	-1.014e-01	9.611e-02
chr4_1702857_G_A_b38	3	1.71769e-05	-1.014e-01	9.611e-02
chr4_1720460_G_A_b38	3	1.65393e-05	-1.002e-01	8.910e-02
chr4_1719976_C_T_b38	3	1.64303e-05	-9.905e-02	8.806e-02
chr4_1722777_A_G_b38	3	1.64303e-05	-9.905e-02	8.806e-02
chr4_1722484_T_C_b38	3	1.64303e-05	-9.905e-02	8.806e-02
chr4_1722451_G_A_b38	3	1.64303e-05	-9.905e-02	8.806e-02
chr4_1722533_A_G_b38	3	1.64303e-05	-9.905e-02	8.806e-02
chr4_1721659_C_A_b38	3	1.64303e-05	-9.905e-02	8.806e-02
chr4_1719275_C_T_b38	3	1.62984e-05	-1.014e-01	9.611e-02
chr4_1722579_G_A_b38	3	1.61097e-05	-9.938e-02	9.413e-02
chr4_1721565_C_T_b38	3	1.61097e-05	-9.938e-02	9.413e-02
chr4_1718031_A_G_b38	3	1.61097e-05	-9.938e-02	9.413e-02
chr4_1717906_A_C_b38	3	1.46001e-05	-8.669e-02	8.924e-02
chr4_1718090_A_G_b38	3	1.46001e-05	-8.669e-02	8.924e-02
chr4_1730034_A_ATTTGTTTG_b38	3	1.00599e-05	-1.136e-01	9.066e-02
chr4_1728488_C_G_b38	3	8.83230e-06	0.000e+00	0.000e+00
chr4_1727427_G_A_b38	3	8.78275e-06	0.000e+00	0.000e+00
chr4_1736853_G_T_b38	3	8.78275e-06	0.000e+00	0.000e+00
chr4_1722852_C_T_b38	3	8.78275e-06	0.000e+00	0.000e+00
chr4_1732004_C_T_b38	3	8.78275e-06	0.000e+00	0.000e+00
chr4_1732719_A_G_b38	3	8.78275e-06	0.000e+00	0.000e+00
chr4_1735344_C_A_b38	3	8.78275e-06	0.000e+00	0.000e+00
chr4_1723280_G_A_b38	3	8.78275e-06	0.000e+00	0.000e+00
chr4_1730968_G_C_b38	3	8.78275e-06	0.000e+00	0.000e+00
chr4_1730503_T_C_b38	3	8.78275e-06	0.000e+00	0.000e+00
chr4_1732556_AAGATCTCAATTTAG_A_b38	3	8.78275e-06	0.000e+00	0.000e+00
chr4_1723344_A_G_b38	3	8.78275e-06	0.000e+00	0.000e+00
chr4_1729618_A_G_b38	3	8.78275e-06	0.000e+00	0.000e+00
chr4_1734817_C_T_b38	3	8.78275e-06	0.000e+00	0.000e+00
chr4_1723958_C_A_b38	3	8.71223e-06	0.000e+00	0.000e+00
chr4_1727829_G_A_b38	3	8.71223e-06	0.000e+00	0.000e+00
chr4_1732161_G_A_b38	3	8.61134e-06	0.000e+00	0.000e+00
chr4_1722822_C_T_b38	3	8.61134e-06	0.000e+00	0.000e+00
chr4_1733719_C_T_b38	3	8.61134e-06	0.000e+00	0.000e+00
chr4_1725859_C_T_b38	3	8.13594e-06	0.000e+00	0.000e+00
chr4_1689166_C_G_b38	3	8.08573e-06	0.000e+00	0.000e+00
chr4_1699237_A_T_b38	3	8.08573e-06	0.000e+00	0.000e+00
chr4_1696497_T_C_b38	3	7.99428e-06	0.000e+00	0.000e+00
chr4_1690805_C_T_b38	3	7.99209e-06	0.000e+00	0.000e+00
chr4_1758287_G_A_b38	3	5.47188e-06	0.000e+00	0.000e+00
chr4_1761965_G_A_b38	3	4.38046e-06	0.000e+00	0.000e+00
chr4_1750207_T_C_b38	3	3.41427e-06	0.000e+00	0.000e+00
chr4_1760770_T_C_b38	3	3.33408e-06	0.000e+00	0.000e+00
chr4_1684828_G_A_b38	3	3.24494e-06	0.000e+00	0.000e+00
chr4_1686912_G_A_b38	3	3.24494e-06	0.000e+00	0.000e+00
chr4_1745579_C_CA_b38	3	3.21129e-06	0.000e+00	0.000e+00
chr4_1751599_G_C_b38	3	3.08477e-06	0.000e+00	0.000e+00
chr4_1753056_G_A_b38	3	3.08477e-06	0.000e+00	0.000e+00
chr4_1752732_G_C_b38	3	3.08477e-06	0.000e+00	0.000e+00
chr4_1752767_T_C_b38	3	3.08477e-06	0.000e+00	0.000e+00
chr4_1752769_A_T_b38	3	3.08477e-06	0.000e+00	0.000e+00
chr4_1738249_C_T_b38	3	2.64615e-06	0.000e+00	0.000e+00
chr4_1740615_G_A_b38	3	2.62491e-06	0.000e+00	0.000e+00
chr4_1739936_G_A_b38	3	2.62491e-06	0.000e+00	0.000e+00
chr4_1759116_G_A_b38	3	2.62455e-06	0.000e+00	0.000e+00
chr4_1740423_T_C_b38	3	2.59451e-06	0.000e+00	0.000e+00
chr4_1746244_C_T_b38	3	2.59451e-06	0.000e+00	0.000e+00
chr4_1745793_G_GTCGTCC_b38	3	2.59451e-06	0.000e+00	0.000e+00
chr4_1746872_G_A_b38	3	2.59451e-06	0.000e+00	0.000e+00
