chr6_84689719_C_G_b38	1	8.50756e-02	-2.721e-01	5.278e-02
chr6_84697518_C_T_b38	1	6.21121e-02	-2.786e-01	5.262e-02
chr6_84690353_G_A_b38	1	5.93193e-02	-2.721e-01	5.276e-02
chr6_84692593_T_C_b38	1	5.93193e-02	-2.721e-01	5.276e-02
chr6_84692502_G_C_b38	1	5.93193e-02	-2.721e-01	5.276e-02
chr6_84707317_G_A_b38	1	3.04617e-02	-2.786e-01	5.262e-02
chr6_84706422_A_AT_b38	1	3.04617e-02	-2.786e-01	5.262e-02
chr6_84686794_G_A_b38	1	2.36999e-02	-2.488e-01	5.342e-02
chr6_84710173_T_C_b38	1	2.24179e-02	-2.766e-01	5.287e-02
chr6_84701929_C_T_b38	1	2.24179e-02	-2.766e-01	5.287e-02
chr6_84700019_C_A_b38	1	2.23991e-02	-2.744e-01	5.245e-02
chr6_84703109_C_T_b38	1	2.23991e-02	-2.744e-01	5.245e-02
chr6_84705023_T_C_b38	1	2.23991e-02	-2.744e-01	5.245e-02
chr6_84708376_T_G_b38	1	2.23991e-02	-2.744e-01	5.245e-02
chr6_84698082_A_C_b38	1	2.23991e-02	-2.744e-01	5.245e-02
chr6_84699804_G_A_b38	1	2.23991e-02	-2.744e-01	5.245e-02
chr6_84698672_C_T_b38	1	2.23991e-02	-2.744e-01	5.245e-02
chr6_84702728_T_C_b38	1	2.23991e-02	-2.744e-01	5.245e-02
chr6_84700454_C_T_b38	1	2.23991e-02	-2.744e-01	5.245e-02
chr6_84708539_C_A_b38	1	1.64639e-02	-2.722e-01	5.272e-02
chr6_84702516_A_G_b38	1	1.64639e-02	-2.722e-01	5.272e-02
chr6_84709273_A_T_b38	1	1.64639e-02	-2.722e-01	5.272e-02
chr6_84698214_CTT_C_b38	1	1.64639e-02	-2.722e-01	5.272e-02
chr6_84700765_G_T_b38	1	1.64639e-02	-2.722e-01	5.272e-02
chr6_84705629_G_A_b38	1	1.64639e-02	-2.722e-01	5.272e-02
chr6_84711774_C_G_b38	1	1.64639e-02	-2.722e-01	5.272e-02
chr6_84700043_C_T_b38	1	1.64639e-02	-2.722e-01	5.272e-02
chr6_84702139_G_C_b38	1	1.64639e-02	-2.722e-01	5.272e-02
chr6_84685246_T_G_b38	1	1.09351e-02	-2.488e-01	5.342e-02
chr6_84718760_C_T_b38	1	8.41553e-03	-2.766e-01	5.283e-02
chr6_84718074_T_C_b38	1	8.41553e-03	-2.766e-01	5.283e-02
chr6_84712724_C_G_b38	1	8.41553e-03	-2.766e-01	5.283e-02
chr6_84733931_T_C_b38	1	8.41553e-03	-2.766e-01	5.283e-02
chr6_84684922_C_G_b38	1	7.41555e-03	-2.525e-01	5.346e-02
chr6_84681960_AGTTTGAC_A_b38	1	7.32296e-03	-2.749e-01	5.716e-02
chr6_84731612_T_TAA_b38	1	6.71638e-03	-2.738e-01	5.280e-02
chr6_84720299_C_T_b38	1	6.18242e-03	-2.722e-01	5.268e-02
chr6_84718255_G_A_b38	1	6.18242e-03	-2.722e-01	5.268e-02
chr6_84724773_G_A_b38	1	6.18242e-03	-2.722e-01	5.268e-02
chr6_84727140_G_A_b38	1	6.18242e-03	-2.722e-01	5.268e-02
chr6_84731889_A_T_b38	1	6.18242e-03	-2.722e-01	5.268e-02
chr6_84718782_G_A_b38	1	6.18242e-03	-2.722e-01	5.268e-02
chr6_84713458_G_T_b38	1	6.18242e-03	-2.722e-01	5.268e-02
chr6_84719486_G_A_b38	1	6.18242e-03	-2.722e-01	5.268e-02
chr6_84725832_A_G_b38	1	6.18242e-03	-2.722e-01	5.268e-02
chr6_84715952_G_A_b38	1	6.18242e-03	-2.722e-01	5.268e-02
chr6_84726578_G_A_b38	1	6.18242e-03	-2.722e-01	5.268e-02
chr6_84732185_T_C_b38	1	6.18242e-03	-2.722e-01	5.268e-02
chr6_84720015_CA_C_b38	1	6.18242e-03	-2.722e-01	5.268e-02
chr6_84724591_G_T_b38	1	6.18242e-03	-2.722e-01	5.268e-02
chr6_84717533_T_C_b38	1	6.18242e-03	-2.722e-01	5.268e-02
chr6_84686401_T_A_b38	1	5.87416e-03	-2.560e-01	5.706e-02
chr6_84681850_A_G_b38	1	5.82693e-03	-2.705e-01	5.683e-02
chr6_84683238_C_T_b38	1	5.80494e-03	-2.488e-01	5.334e-02
chr6_84701931_C_A_b38	1	5.02863e-03	-2.599e-01	5.314e-02
chr6_84723438_T_TC_b38	1	5.00554e-03	-2.689e-01	5.254e-02
chr6_84710281_C_T_b38	1	2.66428e-03	-2.510e-01	5.298e-02
chr6_84738385_C_T_b38	1	1.50829e-03	-2.750e-01	5.355e-02
chr6_84687675_C_G_b38	2	1.00831e-02	-1.557e-02	8.556e-02
chr6_84688270_C_T_b38	2	3.83099e-03	-3.067e-02	8.908e-02
chr6_84684847_A_G_b38	2	8.70193e-04	-2.747e-02	8.834e-02
chr6_84684374_A_C_b38	2	8.70193e-04	-2.747e-02	8.834e-02
chr6_84668681_T_C_b38	2	2.80458e-04	-6.672e-02	9.817e-02
chr6_84710653_C_T_b38	2	1.65435e-04	-4.687e-02	9.990e-02
chr6_84699418_G_A_b38	2	1.65435e-04	-4.687e-02	9.990e-02
chr6_84698581_CAG_C_b38	2	1.65435e-04	-4.687e-02	9.990e-02
chr6_84663132_T_C_b38	2	1.64081e-04	-4.942e-02	9.338e-02
chr6_84666631_C_T_b38	2	1.16829e-04	-3.514e-02	5.719e-02
chr6_84663760_T_C_b38	2	8.84631e-05	-2.713e-02	5.544e-02
chr6_84664178_G_C_b38	2	8.84631e-05	-2.713e-02	5.544e-02
chr6_84666592_A_T_b38	2	8.79778e-05	-2.396e-02	5.676e-02
chr6_84653991_G_A_b38	2	5.54784e-05	-2.705e-02	7.284e-02
chr6_84654750_T_C_b38	2	5.54784e-05	-2.705e-02	7.284e-02
chr6_84659569_C_T_b38	2	5.26087e-05	-2.226e-02	7.266e-02
chr6_84649651_T_G_b38	2	4.73556e-05	-4.654e-02	5.580e-02
chr6_84647337_GT_G_b38	2	4.73556e-05	4.654e-02	5.580e-02
chr6_84645050_C_CT_b38	2	4.73556e-05	4.654e-02	5.580e-02
chr6_84645162_T_G_b38	2	4.73556e-05	4.654e-02	5.580e-02
chr6_84647900_ATTGAGAGTGAGGGCATTC_A_b38	2	4.73556e-05	4.654e-02	5.580e-02
chr6_84647365_T_C_b38	2	4.73556e-05	4.654e-02	5.580e-02
chr6_84648052_A_AG_b38	2	4.73556e-05	4.654e-02	5.580e-02
chr6_84645867_A_C_b38	2	4.73556e-05	4.654e-02	5.580e-02
chr6_84649528_G_A_b38	2	4.73556e-05	4.654e-02	5.580e-02
chr6_84651125_A_G_b38	2	4.64538e-05	-4.539e-02	5.577e-02
chr6_84651525_A_G_b38	2	4.61600e-05	-4.458e-02	5.634e-02
chr6_84646034_T_C_b38	2	4.61600e-05	-4.458e-02	5.634e-02
chr6_84646154_T_G_b38	2	4.48676e-05	4.239e-02	5.617e-02
chr6_84732264_A_G_b38	2	2.01946e-05	-2.010e-02	7.582e-02
chr6_84659779_T_C_b38	2	1.02903e-05	-3.120e-02	5.588e-02
chr6_84662004_C_A_b38	2	9.72696e-06	0.000e+00	0.000e+00
chr6_84660064_A_T_b38	2	9.72696e-06	0.000e+00	0.000e+00
chr6_84659057_T_C_b38	2	9.72696e-06	0.000e+00	0.000e+00
chr6_84660651_A_G_b38	2	9.72696e-06	0.000e+00	0.000e+00
chr6_84659627_CTT_C_b38	2	9.72696e-06	0.000e+00	0.000e+00
