chr6_31395598_C_T_b38	1	4.62773e-02	-8.336e-01	6.684e-02
chr6_31395289_C_T_b38	1	4.62773e-02	-8.336e-01	6.684e-02
chr6_31395583_G_A_b38	1	4.62773e-02	-8.336e-01	6.684e-02
chr6_31395253_G_C_b38	1	4.62773e-02	-8.336e-01	6.684e-02
chr6_31395279_G_A_b38	1	4.62773e-02	-8.336e-01	6.684e-02
chr6_31395278_T_C_b38	1	4.62773e-02	-8.336e-01	6.684e-02
chr6_31395219_T_C_b38	1	4.62773e-02	-8.336e-01	6.684e-02
chr6_31395635_A_G_b38	1	4.62773e-02	-8.336e-01	6.684e-02
chr6_31395966_A_C_b38	1	4.62654e-02	-8.336e-01	6.684e-02
chr6_31395911_A_G_b38	1	4.62654e-02	-8.336e-01	6.684e-02
chr6_31395920_C_T_b38	1	4.62654e-02	-8.336e-01	6.684e-02
chr6_31395968_C_A_b38	1	4.62654e-02	-8.336e-01	6.684e-02
chr6_31395745_C_T_b38	1	3.70734e-02	-8.302e-01	6.692e-02
chr6_31395829_G_C_b38	1	3.70734e-02	-8.302e-01	6.692e-02
chr6_31395807_T_C_b38	1	3.70734e-02	-8.302e-01	6.692e-02
chr6_31395798_C_G_b38	1	3.70734e-02	-8.302e-01	6.692e-02
chr6_31395794_G_A_b38	1	3.70734e-02	-8.302e-01	6.692e-02
chr6_31395763_C_CA_b38	1	3.70734e-02	-8.302e-01	6.692e-02
chr6_31395393_T_C_b38	1	2.12310e-02	-8.185e-01	6.661e-02
chr6_31396168_A_G_b38	1	1.46141e-02	-8.340e-01	6.693e-02
chr6_31394720_T_C_b38	1	1.27083e-02	-8.340e-01	6.693e-02
chr6_31394558_G_A_b38	1	1.27083e-02	-8.340e-01	6.693e-02
chr6_31394563_GT_G_b38	1	1.27083e-02	-8.340e-01	6.693e-02
chr6_31394613_G_A_b38	1	1.27083e-02	-8.340e-01	6.693e-02
chr6_31394557_G_C_b38	1	1.27083e-02	-8.340e-01	6.693e-02
chr6_31394697_C_T_b38	1	1.27083e-02	-8.340e-01	6.693e-02
chr6_31393944_C_T_b38	1	6.87404e-03	-8.340e-01	6.697e-02
chr6_31393227_T_C_b38	1	6.87404e-03	-8.340e-01	6.697e-02
chr6_31393620_A_T_b38	1	6.87404e-03	-8.340e-01	6.697e-02
chr6_31393708_T_C_b38	1	6.87404e-03	-8.340e-01	6.697e-02
chr6_31394081_G_A_b38	1	6.87404e-03	-8.340e-01	6.697e-02
chr6_31393281_A_G_b38	1	6.87404e-03	-8.340e-01	6.697e-02
chr6_31393350_A_G_b38	1	6.87404e-03	-8.340e-01	6.697e-02
chr6_31394233_G_A_b38	1	6.87404e-03	-8.340e-01	6.697e-02
chr6_31394343_G_A_b38	1	6.87404e-03	-8.340e-01	6.697e-02
chr6_31394292_T_G_b38	1	6.87404e-03	-8.340e-01	6.697e-02
chr6_31396992_G_A_b38	1	6.74905e-03	-8.340e-01	6.697e-02
chr6_31392564_T_C_b38	1	3.95423e-03	-8.340e-01	6.698e-02
chr6_31392656_A_G_b38	1	3.95423e-03	-8.340e-01	6.698e-02
chr6_31392173_T_C_b38	1	3.95423e-03	-8.340e-01	6.698e-02
chr6_31392749_C_T_b38	1	3.95423e-03	-8.340e-01	6.698e-02
chr6_31392480_G_T_b38	1	3.95423e-03	-8.340e-01	6.698e-02
chr6_31392158_A_G_b38	1	3.95423e-03	-8.340e-01	6.698e-02
chr6_31392244_C_G_b38	1	3.95423e-03	-8.340e-01	6.698e-02
chr6_31392478_A_C_b38	1	3.95423e-03	-8.340e-01	6.698e-02
chr6_31394749_T_C_b38	1	2.58181e-03	-8.199e-01	6.775e-02
chr6_31403324_G_C_b38	1	1.19104e-07	0.000e+00	0.000e+00
chr6_31395114_C_G_b38	2	9.11542e-01	-4.318e-01	6.715e-02
chr6_31390507_C_G_b38	2	8.78758e-02	-4.386e-01	6.621e-02
chr6_31395211_C_T_b38	3	1.72794e-01	-6.074e-01	1.921e-01
chr6_31396846_G_T_b38	3	2.08376e-02	-6.084e-01	1.924e-01
chr6_31398192_G_A_b38	3	1.07419e-02	-6.097e-01	1.925e-01
chr6_31404202_C_G_b38	3	5.36639e-03	-6.144e-01	1.924e-01
chr6_31388550_G_T_b38	3	4.90307e-03	-6.163e-01	1.924e-01
chr6_31360565_C_T_b38	3	2.41707e-36	0.000e+00	0.000e+00
chr6_31358042_G_C_b38	3	2.41707e-36	0.000e+00	0.000e+00
chr6_31360835_A_G_b38	3	2.41707e-36	0.000e+00	0.000e+00
chr6_31358273_G_A_b38	3	2.41707e-36	0.000e+00	0.000e+00
chr6_31397273_C_T_b38	4	9.17091e-03	3.242e-01	9.171e-02
chr6_31393341_T_C_b38	4	4.65598e-03	3.208e-01	1.009e-01
chr6_31393313_G_A_b38	4	4.65598e-03	3.208e-01	1.009e-01
chr6_31399859_G_C_b38	4	4.62383e-03	3.244e-01	9.172e-02
chr6_31400661_C_A_b38	4	3.28785e-03	3.244e-01	9.172e-02
chr6_31392573_CG_C_b38	4	2.65811e-03	3.209e-01	1.009e-01
chr6_31392894_C_T_b38	4	2.41462e-03	3.240e-01	1.034e-01
chr6_31402886_C_T_b38	4	2.26053e-03	3.095e-01	9.280e-02
chr6_31387780_C_T_b38	4	1.60829e-03	3.211e-01	1.009e-01
chr6_31389113_A_G_b38	4	1.60829e-03	3.211e-01	1.009e-01
chr6_31419324_T_C_b38	4	1.04208e-03	3.097e-01	9.281e-02
chr6_31416502_T_C_b38	4	1.04208e-03	3.097e-01	9.281e-02
chr6_31413446_C_T_b38	4	1.04208e-03	3.097e-01	9.281e-02
chr6_31416702_G_A_b38	4	1.04208e-03	3.097e-01	9.281e-02
chr6_31407705_G_A_b38	4	1.04208e-03	3.097e-01	9.281e-02
chr6_31408711_T_C_b38	4	1.04208e-03	3.097e-01	9.281e-02
chr6_31410995_C_T_b38	4	1.04208e-03	3.097e-01	9.281e-02
chr6_31408178_A_T_b38	4	1.04208e-03	3.097e-01	9.281e-02
chr6_31416560_T_C_b38	4	1.04208e-03	3.097e-01	9.281e-02
chr6_31379269_G_A_b38	4	6.93939e-04	3.214e-01	1.009e-01
chr6_31381371_G_A_b38	4	6.93939e-04	3.214e-01	1.009e-01
chr6_31377707_G_A_b38	4	6.93939e-04	3.214e-01	1.009e-01
chr6_31385242_C_G_b38	4	6.93939e-04	3.214e-01	1.009e-01
chr6_31362069_G_T_b38	4	2.85082e-04	3.516e-01	1.038e-01
chr6_31423822_C_T_b38	4	2.71120e-04	3.096e-01	9.279e-02
chr6_31441782_G_A_b38	4	2.71120e-04	3.096e-01	9.279e-02
chr6_31409021_A_G_b38	4	1.48963e-04	0.000e+00	0.000e+00
chr6_31446011_T_C_b38	4	1.17789e-04	0.000e+00	0.000e+00
chr6_31446305_G_T_b38	4	6.20363e-05	0.000e+00	0.000e+00
chr6_31452978_T_C_b38	4	6.20363e-05	0.000e+00	0.000e+00
chr6_31457497_C_G_b38	4	6.20363e-05	0.000e+00	0.000e+00
chr6_31450100_C_A_b38	4	6.20363e-05	0.000e+00	0.000e+00
chr6_31448309_TGAA_T_b38	4	6.20363e-05	0.000e+00	0.000e+00
chr6_31453645_A_G_b38	4	6.20363e-05	0.000e+00	0.000e+00
chr6_31449382_G_A_b38	4	6.20363e-05	0.000e+00	0.000e+00
chr6_31395724_A_C_b38	5	2.06907e-04	0.000e+00	0.000e+00
chr6_31395935_T_C_b38	5	1.33838e-04	0.000e+00	0.000e+00
chr6_31395313_G_C_b38	5	1.33838e-04	0.000e+00	0.000e+00
chr6_31395903_A_G_b38	5	1.33838e-04	0.000e+00	0.000e+00
chr6_31395993_C_G_b38	5	1.33838e-04	0.000e+00	0.000e+00
chr6_31389218_C_A_b38	5	7.20718e-05	0.000e+00	0.000e+00
chr6_31393084_G_A_b38	5	1.58490e-08	0.000e+00	0.000e+00
chr6_31392917_G_A_b38	5	2.60109e-09	0.000e+00	0.000e+00
chr6_31388776_G_C_b38	5	1.92059e-09	0.000e+00	0.000e+00
chr6_31387467_G_A_b38	5	1.92059e-09	0.000e+00	0.000e+00
chr6_31387120_G_A_b38	5	1.92059e-09	0.000e+00	0.000e+00
chr6_31388272_T_C_b38	5	1.92059e-09	0.000e+00	0.000e+00
chr6_31387279_G_T_b38	5	1.92059e-09	0.000e+00	0.000e+00
chr6_31386611_G_A_b38	5	1.92059e-09	0.000e+00	0.000e+00
chr6_31385571_G_A_b38	5	1.92059e-09	0.000e+00	0.000e+00
chr6_31385764_T_G_b38	5	1.92059e-09	0.000e+00	0.000e+00
chr6_31388887_AC_A_b38	5	1.92059e-09	0.000e+00	0.000e+00
chr6_31388867_T_G_b38	5	1.92059e-09	0.000e+00	0.000e+00
chr6_31386783_C_T_b38	5	1.92059e-09	0.000e+00	0.000e+00
chr6_31386727_C_T_b38	5	1.92059e-09	0.000e+00	0.000e+00
chr6_31385675_C_T_b38	5	1.92059e-09	0.000e+00	0.000e+00
chr6_31385610_A_C_b38	5	1.92059e-09	0.000e+00	0.000e+00
chr6_31385624_C_G_b38	5	1.92059e-09	0.000e+00	0.000e+00
chr6_31387882_T_C_b38	5	1.92059e-09	0.000e+00	0.000e+00
chr6_31385546_C_A_b38	5	1.92059e-09	0.000e+00	0.000e+00
chr6_31386636_T_C_b38	5	1.92059e-09	0.000e+00	0.000e+00
chr6_31386173_A_C_b38	5	1.92059e-09	0.000e+00	0.000e+00
chr6_31388753_G_A_b38	5	1.92059e-09	0.000e+00	0.000e+00
chr6_31387941_T_C_b38	5	1.92059e-09	0.000e+00	0.000e+00
chr6_31388269_T_C_b38	5	1.92059e-09	0.000e+00	0.000e+00
chr6_31387342_C_T_b38	5	1.92059e-09	0.000e+00	0.000e+00
chr6_31387730_A_G_b38	5	1.92059e-09	0.000e+00	0.000e+00
chr6_31386510_C_T_b38	5	1.92059e-09	0.000e+00	0.000e+00
chr6_31388858_A_T_b38	5	1.92059e-09	0.000e+00	0.000e+00
chr6_31386552_C_T_b38	5	1.92059e-09	0.000e+00	0.000e+00
chr6_31388180_A_G_b38	5	1.92059e-09	0.000e+00	0.000e+00
chr6_31387697_T_G_b38	5	1.92059e-09	0.000e+00	0.000e+00
chr6_31387876_G_A_b38	5	1.92059e-09	0.000e+00	0.000e+00
chr6_31387108_C_T_b38	5	1.92059e-09	0.000e+00	0.000e+00
chr6_31388759_A_G_b38	5	1.92059e-09	0.000e+00	0.000e+00
chr6_31388873_A_G_b38	5	1.92059e-09	0.000e+00	0.000e+00
chr6_31387953_G_A_b38	5	1.92059e-09	0.000e+00	0.000e+00
chr6_31388965_A_T_b38	5	1.92059e-09	0.000e+00	0.000e+00
chr6_31387042_C_T_b38	5	1.92059e-09	0.000e+00	0.000e+00
chr6_31387510_G_A_b38	5	1.92059e-09	0.000e+00	0.000e+00
chr6_31385209_G_A_b38	5	9.56828e-10	0.000e+00	0.000e+00
chr6_31391822_C_T_b38	5	7.95985e-10	0.000e+00	0.000e+00
chr6_31391969_A_G_b38	5	7.95985e-10	0.000e+00	0.000e+00
chr6_31391818_C_A_b38	5	7.95985e-10	0.000e+00	0.000e+00
chr6_31396511_C_G_b38	5	5.89358e-12	0.000e+00	0.000e+00
chr6_31396459_C_T_b38	5	5.78261e-12	0.000e+00	0.000e+00
chr6_31396028_A_C_b38	5	5.78261e-12	0.000e+00	0.000e+00
chr6_31396465_G_A_b38	5	5.78261e-12	0.000e+00	0.000e+00
chr6_31396430_C_T_b38	5	5.78261e-12	0.000e+00	0.000e+00
chr6_31396017_A_G_b38	5	5.78261e-12	0.000e+00	0.000e+00
chr6_31396021_C_G_b38	5	5.78261e-12	0.000e+00	0.000e+00
chr6_31396012_T_A_b38	5	5.78261e-12	0.000e+00	0.000e+00
chr6_31396019_A_C_b38	5	5.78261e-12	0.000e+00	0.000e+00
chr6_31396171_A_G_b38	5	5.78261e-12	0.000e+00	0.000e+00
chr6_31394993_C_T_b38	5	5.02960e-12	0.000e+00	0.000e+00
chr6_31393933_A_G_b38	5	2.72318e-12	0.000e+00	0.000e+00
chr6_31394120_A_C_b38	5	2.72318e-12	0.000e+00	0.000e+00
chr6_31394077_A_T_b38	5	2.72318e-12	0.000e+00	0.000e+00
chr6_31393074_T_G_b38	5	2.72318e-12	0.000e+00	0.000e+00
chr6_31397759_T_C_b38	5	2.67367e-12	0.000e+00	0.000e+00
chr6_31396682_C_T_b38	5	2.67367e-12	0.000e+00	0.000e+00
chr6_31397531_T_G_b38	5	2.65111e-12	0.000e+00	0.000e+00
chr6_31396070_C_T_b38	5	2.18181e-12	0.000e+00	0.000e+00
chr6_31399588_C_A_b38	5	1.46278e-12	0.000e+00	0.000e+00
chr6_31399065_A_T_b38	5	1.46278e-12	0.000e+00	0.000e+00
chr6_31399246_C_G_b38	5	1.46278e-12	0.000e+00	0.000e+00
chr6_31398845_A_G_b38	5	1.46278e-12	0.000e+00	0.000e+00
chr6_31400061_C_A_b38	5	1.46278e-12	0.000e+00	0.000e+00
chr6_31398541_A_G_b38	5	1.46278e-12	0.000e+00	0.000e+00
chr6_31400377_T_C_b38	5	1.46278e-12	0.000e+00	0.000e+00
chr6_31399930_T_C_b38	5	1.46278e-12	0.000e+00	0.000e+00
chr6_31400348_C_G_b38	5	1.46278e-12	0.000e+00	0.000e+00
chr6_31398818_C_T_b38	5	1.46278e-12	0.000e+00	0.000e+00
chr6_31389243_A_C_b38	5	1.27723e-12	0.000e+00	0.000e+00
chr6_31400855_G_A_b38	5	1.04014e-12	0.000e+00	0.000e+00
chr6_31401187_C_T_b38	5	1.04014e-12	0.000e+00	0.000e+00
chr6_31407340_T_G_b38	5	5.38418e-13	0.000e+00	0.000e+00
chr6_31406408_A_AT_b38	5	4.47414e-13	0.000e+00	0.000e+00
chr6_31400763_C_G_b38	5	2.60243e-13	0.000e+00	0.000e+00
chr6_31396502_A_G_b38	5	8.02316e-14	0.000e+00	0.000e+00
chr6_31400923_G_C_b38	5	7.25402e-14	0.000e+00	0.000e+00
chr6_31391416_A_G_b38	5	2.41891e-14	0.000e+00	0.000e+00
chr6_31396539_TA_T_b38	5	2.30303e-14	0.000e+00	0.000e+00
chr6_31391128_G_A_b38	5	1.28553e-14	0.000e+00	0.000e+00
chr6_31391122_C_A_b38	5	1.28553e-14	0.000e+00	0.000e+00
chr6_31388284_A_C_b38	5	7.56758e-15	0.000e+00	0.000e+00
chr6_31386818_T_C_b38	5	7.56758e-15	0.000e+00	0.000e+00
chr6_31387589_C_T_b38	5	7.56758e-15	0.000e+00	0.000e+00
chr6_31387043_A_G_b38	5	7.56758e-15	0.000e+00	0.000e+00
chr6_31386327_T_C_b38	5	7.56758e-15	0.000e+00	0.000e+00
chr6_31387557_A_T_b38	5	7.56758e-15	0.000e+00	0.000e+00
chr6_31386215_G_C_b38	5	7.56758e-15	0.000e+00	0.000e+00
chr6_31385816_G_A_b38	5	7.56758e-15	0.000e+00	0.000e+00
chr6_31388283_G_A_b38	5	7.56758e-15	0.000e+00	0.000e+00
chr6_31388995_A_G_b38	5	7.56758e-15	0.000e+00	0.000e+00
chr6_31391125_A_G_b38	5	5.10374e-15	0.000e+00	0.000e+00
chr6_31391871_T_C_b38	5	3.95163e-15	0.000e+00	0.000e+00
chr6_31391888_C_T_b38	5	3.95163e-15	0.000e+00	0.000e+00
chr6_31391909_C_A_b38	5	3.95163e-15	0.000e+00	0.000e+00
chr6_31396792_T_C_b38	5	9.91737e-16	0.000e+00	0.000e+00
chr6_31395153_C_T_b38	5	3.69883e-16	0.000e+00	0.000e+00
chr6_31410877_T_A_b38	5	3.53572e-16	0.000e+00	0.000e+00
chr6_31410873_C_A_b38	5	3.53572e-16	0.000e+00	0.000e+00
chr6_31391198_C_A_b38	5	2.24050e-16	0.000e+00	0.000e+00
chr6_31396633_AAC_A_b38	5	1.85932e-16	0.000e+00	0.000e+00
chr6_31396999_A_G_b38	5	1.85932e-16	0.000e+00	0.000e+00
chr6_31396606_C_T_b38	5	7.05653e-17	0.000e+00	0.000e+00
chr6_31396607_A_G_b38	5	7.05653e-17	0.000e+00	0.000e+00
chr6_31396258_T_C_b38	5	3.70978e-17	0.000e+00	0.000e+00
chr6_31413173_C_T_b38	5	2.04965e-17	0.000e+00	0.000e+00
chr6_31390525_T_C_b38	5	7.24622e-18	0.000e+00	0.000e+00
chr6_31391178_A_T_b38	5	1.07301e-18	0.000e+00	0.000e+00
chr6_31394197_T_C_b38	5	5.04645e-19	0.000e+00	0.000e+00
chr6_31394002_GC_G_b38	5	5.04645e-19	0.000e+00	0.000e+00
chr6_31397013_C_T_b38	5	4.95469e-19	0.000e+00	0.000e+00
chr6_31400212_C_A_b38	5	2.71075e-19	0.000e+00	0.000e+00
chr6_31401408_G_A_b38	5	1.92752e-19	0.000e+00	0.000e+00
chr6_31396299_C_T_b38	5	6.61212e-20	0.000e+00	0.000e+00
chr6_31386405_T_C_b38	5	8.43686e-21	0.000e+00	0.000e+00
chr6_31388310_C_T_b38	5	8.43686e-21	0.000e+00	0.000e+00
chr6_31389673_CCTCCCAGCCCA_C_b38	5	4.58003e-22	0.000e+00	0.000e+00
chr6_31389007_C_T_b38	5	2.06243e-24	0.000e+00	0.000e+00
chr6_31385862_C_T_b38	5	2.13730e-26	0.000e+00	0.000e+00
chr6_31405483_G_C_b38	5	3.54413e-27	0.000e+00	0.000e+00
chr6_31397770_G_A_b38	5	3.48181e-31	0.000e+00	0.000e+00
