chr9_134069081_G_A_b38	1	2.29242e-01	-2.270e-01	3.820e-02
chr9_134066656_C_A_b38	1	2.28427e-01	-2.324e-01	3.800e-02
chr9_134065012_T_C_b38	1	1.36246e-01	-2.305e-01	3.745e-02
chr9_134067384_TCCCCAGGCGCGGG_T_b38	1	1.11982e-01	-2.236e-01	3.819e-02
chr9_134064464_C_T_b38	1	7.69927e-02	-2.268e-01	3.786e-02
chr9_134085797_TTC_T_b38	1	4.48337e-02	-2.256e-01	3.449e-02
chr9_134075306_CG_C_b38	1	4.34360e-02	-2.188e-01	3.700e-02
chr9_134071254_C_T_b38	1	4.22553e-02	-2.198e-01	3.885e-02
chr9_134061669_G_T_b38	1	4.22491e-02	-2.269e-01	3.774e-02
chr9_134060541_G_T_b38	1	3.33505e-02	-2.212e-01	3.630e-02
chr9_134084547_C_T_b38	1	8.14978e-03	-2.232e-01	3.685e-02
chr9_134068860_C_G_b38	2	2.48407e-02	-5.112e-02	3.199e-02
chr9_134068323_T_C_b38	2	2.11878e-02	-4.811e-02	3.175e-02
chr9_134069115_C_T_b38	2	8.32840e-03	-5.112e-02	3.199e-02
chr9_134067288_G_A_b38	2	6.21167e-03	-5.563e-02	3.211e-02
chr9_134067044_A_G_b38	2	5.40837e-03	-5.327e-02	3.203e-02
chr9_134066873_G_A_b38	2	5.40837e-03	-5.327e-02	3.203e-02
chr9_134065237_A_G_b38	2	3.20535e-03	-5.320e-02	3.204e-02
chr9_134065605_A_G_b38	2	3.20535e-03	-5.320e-02	3.204e-02
chr9_134065464_G_A_b38	2	3.20535e-03	-5.320e-02	3.204e-02
chr9_134064107_A_G_b38	2	3.20535e-03	-5.320e-02	3.204e-02
chr9_134065620_A_G_b38	2	3.20535e-03	-5.320e-02	3.204e-02
chr9_134064423_C_T_b38	2	3.20535e-03	-5.320e-02	3.204e-02
chr9_134065382_C_G_b38	2	3.12398e-03	-5.256e-02	3.173e-02
chr9_134073459_C_T_b38	2	2.53808e-03	-4.869e-02	3.205e-02
chr9_134072392_G_T_b38	2	2.53808e-03	-4.869e-02	3.205e-02
chr9_134071162_C_G_b38	2	2.53808e-03	-4.869e-02	3.205e-02
chr9_134073304_T_C_b38	2	2.53808e-03	-4.869e-02	3.205e-02
chr9_134072776_T_C_b38	2	2.53808e-03	-4.869e-02	3.205e-02
chr9_134072733_C_T_b38	2	2.48852e-03	-4.826e-02	3.174e-02
chr9_134073372_A_G_b38	2	2.35606e-03	-4.707e-02	3.162e-02
chr9_134075966_G_A_b38	2	2.16590e-03	-5.297e-02	2.948e-02
chr9_134072141_C_T_b38	2	2.10288e-03	-4.513e-02	3.227e-02
chr9_134072001_G_A_b38	2	2.10288e-03	-4.513e-02	3.227e-02
chr9_134075958_G_A_b38	2	2.10063e-03	-5.452e-02	3.269e-02
chr9_134062754_C_T_b38	2	1.81143e-03	-5.313e-02	3.122e-02
chr9_134061966_G_T_b38	2	1.76384e-03	-5.270e-02	3.138e-02
chr9_134063522_T_C_b38	2	1.76384e-03	-5.270e-02	3.138e-02
chr9_134062736_C_T_b38	2	1.76384e-03	-5.270e-02	3.138e-02
chr9_134062169_C_A_b38	2	1.76384e-03	-5.270e-02	3.138e-02
chr9_134074109_C_G_b38	2	1.61984e-03	-4.988e-02	3.143e-02
chr9_134074337_T_C_b38	2	1.44898e-03	-4.855e-02	3.143e-02
chr9_134074333_A_G_b38	2	1.44898e-03	-4.855e-02	3.143e-02
chr9_134073839_G_A_b38	2	1.44898e-03	-4.855e-02	3.143e-02
chr9_134075767_C_G_b38	2	1.44898e-03	-4.855e-02	3.143e-02
chr9_134076423_G_A_b38	2	1.44898e-03	-4.855e-02	3.143e-02
chr9_134073641_G_GCAGATTCAA_b38	2	1.44898e-03	-4.855e-02	3.143e-02
chr9_134075772_T_C_b38	2	1.44898e-03	-4.855e-02	3.143e-02
chr9_134075927_C_T_b38	2	1.44898e-03	-4.855e-02	3.143e-02
chr9_134075768_A_G_b38	2	1.44898e-03	-4.855e-02	3.143e-02
chr9_134074870_C_A_b38	2	1.44898e-03	-4.855e-02	3.143e-02
chr9_134075655_A_G_b38	2	1.44898e-03	-4.855e-02	3.143e-02
chr9_134074768_A_G_b38	2	1.44898e-03	-4.855e-02	3.143e-02
chr9_134075658_G_A_b38	2	1.44898e-03	-4.855e-02	3.143e-02
chr9_134077438_T_A_b38	2	1.44898e-03	-4.855e-02	3.143e-02
chr9_134075984_T_TG_b38	2	1.44898e-03	-4.855e-02	3.143e-02
chr9_134075208_C_A_b38	2	1.44898e-03	-4.855e-02	3.143e-02
chr9_134076668_C_G_b38	2	1.44898e-03	-4.855e-02	3.143e-02
chr9_134076657_C_T_b38	2	1.44898e-03	-4.855e-02	3.143e-02
chr9_134077014_C_A_b38	2	1.44898e-03	-4.855e-02	3.143e-02
chr9_134073694_C_G_b38	2	1.44898e-03	-4.855e-02	3.143e-02
chr9_134077301_G_A_b38	2	1.32888e-03	-4.687e-02	3.126e-02
chr9_134075775_T_C_b38	2	1.08724e-03	-4.491e-02	3.132e-02
chr9_134075920_C_T_b38	2	1.08538e-03	-4.536e-02	3.179e-02
chr9_134076084_C_T_b38	2	1.01999e-03	-4.381e-02	3.144e-02
chr9_134075285_C_G_b38	2	8.17619e-04	-4.028e-02	3.129e-02
chr9_134059622_C_T_b38	2	1.75939e-04	-2.028e-02	2.703e-02
chr9_134108898_T_C_b38	3	9.89927e-04	-1.461e-01	4.174e-02
chr9_134090943_G_A_b38	3	5.32112e-04	-2.072e-01	3.192e-02
chr9_134087708_C_A_b38	3	3.73522e-04	-2.058e-01	3.201e-02
chr9_134088311_A_T_b38	3	3.12143e-04	-2.038e-01	3.185e-02
chr9_134087834_C_G_b38	3	2.74902e-04	-2.035e-01	3.192e-02
chr9_134092186_G_A_b38	3	2.46707e-04	-2.079e-01	3.271e-02
chr9_134093509_CAG_C_b38	3	1.42681e-04	-1.968e-01	3.147e-02
chr9_134107579_C_A_b38	3	8.25667e-08	0.000e+00	0.000e+00
chr9_134108704_C_T_b38	3	1.55113e-09	0.000e+00	0.000e+00
