chr17_47347749_G_A_b38	1	3.43726e-01	3.785e-01	1.476e-01
chr17_47362903_C_T_b38	1	1.58096e-01	4.173e-01	1.410e-01
chr17_47363019_C_T_b38	1	1.58096e-01	4.173e-01	1.410e-01
chr17_47361586_C_T_b38	1	1.13336e-01	3.843e-01	1.455e-01
chr17_47398469_G_C_b38	1	1.07506e-02	3.487e-01	1.708e-01
chr17_47327778_G_A_b38	1	9.48774e-03	4.744e-01	6.509e-02
chr17_47397631_C_A_b38	1	8.73837e-03	3.117e-01	1.680e-01
chr17_47408616_C_T_b38	1	8.73837e-03	3.117e-01	1.680e-01
chr17_47332020_T_A_b38	1	6.58199e-03	4.744e-01	6.509e-02
chr17_47504770_C_G_b38	1	3.79195e-03	-4.135e-01	1.603e-01
chr17_47497988_C_T_b38	1	3.79195e-03	4.135e-01	1.603e-01
chr17_47485378_C_CAAGT_b38	1	3.79195e-03	4.135e-01	1.603e-01
chr17_47493257_G_C_b38	1	3.79195e-03	4.135e-01	1.603e-01
chr17_47493258_C_T_b38	1	3.79195e-03	4.135e-01	1.603e-01
chr17_47494310_C_T_b38	1	3.45962e-03	3.763e-01	1.611e-01
chr17_47495451_TTTG_T_b38	1	3.45962e-03	3.763e-01	1.611e-01
chr17_47468012_T_G_b38	1	3.45962e-03	3.763e-01	1.611e-01
chr17_47461751_C_T_b38	1	3.45962e-03	3.763e-01	1.611e-01
chr17_47572830_T_C_b38	1	3.33773e-03	-4.332e-01	1.587e-01
chr17_47564162_C_T_b38	1	3.33773e-03	-4.332e-01	1.587e-01
chr17_47548636_A_C_b38	1	3.33773e-03	-4.332e-01	1.587e-01
chr17_47549029_G_A_b38	1	2.41090e-03	-3.799e-01	1.688e-01
chr17_47325691_T_C_b38	2	3.47750e-01	4.132e-01	1.304e-01
chr17_47323097_C_T_b38	2	7.72634e-02	2.406e-01	1.081e-01
chr17_47323542_G_A_b38	2	7.72634e-02	2.406e-01	1.081e-01
chr17_47322489_T_A_b38	2	2.29224e-02	2.286e-01	1.070e-01
chr17_47328979_T_C_b38	2	1.41164e-02	3.009e-01	1.264e-01
chr17_47321898_G_A_b38	2	9.72150e-03	2.335e-01	1.058e-01
chr17_47324345_T_G_b38	2	9.05968e-03	2.140e-01	9.681e-02
chr17_47319256_G_C_b38	2	6.22855e-03	2.258e-01	1.011e-01
chr17_47320719_T_C_b38	2	6.22855e-03	2.258e-01	1.011e-01
chr17_47319499_A_G_b38	2	6.22855e-03	2.258e-01	1.011e-01
chr17_47324391_A_G_b38	2	5.19239e-03	1.812e-01	8.244e-02
chr17_47321392_C_T_b38	2	4.90308e-03	1.914e-01	8.979e-02
chr17_47316373_C_A_b38	2	4.76511e-03	2.258e-01	1.011e-01
chr17_47316241_A_G_b38	2	4.76511e-03	2.258e-01	1.011e-01
chr17_47317075_A_G_b38	2	4.76511e-03	2.258e-01	1.011e-01
chr17_47317386_T_C_b38	2	4.76511e-03	2.258e-01	1.011e-01
chr17_47316618_T_C_b38	2	3.10010e-03	2.097e-01	9.564e-02
chr17_47313649_G_T_b38	2	2.75053e-03	2.094e-01	9.869e-02
chr17_47324842_C_T_b38	2	2.04336e-03	3.177e-01	1.654e-01
chr17_47311220_T_A_b38	2	8.37421e-04	2.462e-01	1.180e-01
chr17_47314438_T_C_b38	2	6.08775e-04	1.735e-01	8.735e-02
chr17_47316041_G_A_b38	2	6.05413e-04	1.713e-01	8.739e-02
chr17_47323969_T_C_b38	3	1.09991e-01	-5.724e-01	1.626e-01
chr17_47323067_C_T_b38	3	2.65235e-02	-3.756e-01	1.632e-01
chr17_47254031_G_A_b38	3	2.86702e-03	-6.601e-01	1.650e-01
chr17_47251061_C_T_b38	3	2.86702e-03	-6.601e-01	1.650e-01
chr17_47303745_G_A_b38	3	2.47202e-03	-5.306e-01	1.587e-01
chr17_47248986_G_A_b38	3	2.32989e-03	-6.639e-01	1.634e-01
chr17_47320074_C_T_b38	3	1.66674e-03	-4.033e-01	1.554e-01
chr17_47313407_C_T_b38	3	6.32083e-04	-4.048e-01	1.547e-01
chr17_47307044_C_T_b38	3	3.80316e-04	-4.040e-01	1.445e-01
chr17_47300675_C_T_b38	3	3.80316e-04	-4.040e-01	1.445e-01
chr17_47306799_C_G_b38	3	3.80316e-04	-4.040e-01	1.445e-01
chr17_47300459_T_C_b38	3	3.80316e-04	-4.040e-01	1.445e-01
chr17_47305929_C_T_b38	3	3.80316e-04	-4.040e-01	1.445e-01
chr17_47303795_G_A_b38	3	3.80316e-04	-4.040e-01	1.445e-01
chr17_47301102_G_A_b38	3	3.80316e-04	-4.040e-01	1.445e-01
chr17_47306253_A_G_b38	3	3.80316e-04	-4.040e-01	1.445e-01
chr17_47304457_G_T_b38	3	3.80316e-04	-4.040e-01	1.445e-01
chr17_47303204_C_T_b38	3	3.80316e-04	-4.040e-01	1.445e-01
chr17_47301872_G_A_b38	3	3.80316e-04	-4.040e-01	1.445e-01
chr17_47305811_A_G_b38	3	3.80316e-04	-4.040e-01	1.445e-01
chr17_47320870_C_T_b38	4	2.50118e-02	-4.059e-01	1.151e-01
chr17_47322830_G_C_b38	5	3.95129e-04	1.079e-01	8.276e-02
chr17_47341773_A_G_b38	5	8.41548e-06	0.000e+00	0.000e+00
chr17_47306280_CTT_C_b38	5	2.97025e-06	0.000e+00	0.000e+00
chr17_47368453_T_A_b38	5	1.17125e-06	0.000e+00	0.000e+00
