chr14_104810872_G_A_b38	1	3.51512e-01	2.046e-01	2.933e-02
chr14_104806341_A_T_b38	1	2.15332e-01	2.241e-01	3.128e-02
chr14_104796031_C_G_b38	1	1.78035e-01	1.999e-01	3.147e-02
chr14_104792100_G_T_b38	1	1.37195e-01	2.130e-01	3.219e-02
chr14_104792555_C_T_b38	1	1.17452e-01	2.138e-01	3.178e-02
chr14_104773557_C_T_b38	2	3.94486e-01	1.261e-01	2.854e-02
chr14_104791465_G_A_b38	2	1.97909e-01	1.629e-01	3.946e-02
chr14_104791017_G_A_b38	2	1.60552e-01	1.568e-01	3.855e-02
chr14_104790238_A_T_b38	2	1.38574e-01	1.634e-01	3.936e-02
chr14_104769221_T_C_b38	2	8.98961e-03	1.009e-01	2.558e-02
chr14_104772267_C_T_b38	2	6.19199e-03	9.221e-02	2.593e-02
chr14_104772254_CCTGAG_C_b38	2	3.92366e-03	9.040e-02	2.578e-02
chr14_104777380_GGGCACACGCACACCTGA_G_b38	2	1.23730e-03	1.071e-01	3.203e-02
chr14_104831978_G_C_b38	3	1.88566e-01	1.276e-01	3.004e-02
chr14_104843271_C_T_b38	3	1.09770e-01	-1.176e-01	2.865e-02
chr14_104848686_T_C_b38	3	6.05200e-02	-1.274e-01	3.015e-02
chr14_104827603_C_G_b38	3	4.20362e-02	1.104e-01	2.858e-02
chr14_104813281_C_T_b38	3	1.34242e-02	-1.121e-01	3.320e-02
chr14_104845717_A_G_b38	3	5.83521e-03	-1.022e-01	2.842e-02
chr14_104843629_G_A_b38	3	4.37150e-03	-9.747e-02	2.825e-02
chr14_104844161_T_C_b38	3	4.34568e-03	-9.994e-02	2.849e-02
chr14_104836541_A_G_b38	3	1.80121e-03	1.020e-01	2.831e-02
chr14_104838048_G_C_b38	3	7.46193e-04	9.975e-02	2.837e-02
chr14_104814510_C_T_b38	3	3.03234e-12	0.000e+00	0.000e+00
chr14_104815083_C_A_b38	3	2.69475e-12	0.000e+00	0.000e+00
chr14_104843921_GCCTCC_G_b38	3	2.10136e-12	0.000e+00	0.000e+00
chr14_104847756_G_T_b38	3	1.91841e-12	0.000e+00	0.000e+00
chr14_104842915_T_C_b38	3	1.72977e-12	0.000e+00	0.000e+00
chr14_104842919_A_T_b38	3	1.72977e-12	0.000e+00	0.000e+00
chr14_104844340_T_G_b38	3	1.72977e-12	0.000e+00	0.000e+00
chr14_104835853_G_T_b38	3	1.69688e-12	0.000e+00	0.000e+00
chr14_104825908_G_A_b38	3	1.68339e-12	0.000e+00	0.000e+00
chr14_104826313_C_A_b38	3	1.68339e-12	0.000e+00	0.000e+00
chr14_104836063_G_A_b38	3	1.53199e-12	0.000e+00	0.000e+00
chr14_104836199_G_A_b38	3	1.53199e-12	0.000e+00	0.000e+00
chr14_104835504_G_A_b38	3	1.53199e-12	0.000e+00	0.000e+00
chr14_104825786_G_C_b38	3	1.42747e-12	0.000e+00	0.000e+00
chr14_104817390_T_C_b38	3	1.35849e-12	0.000e+00	0.000e+00
chr14_104842182_A_G_b38	3	1.30638e-12	0.000e+00	0.000e+00
chr14_104845730_T_C_b38	3	1.27763e-12	0.000e+00	0.000e+00
chr14_104816822_C_T_b38	3	1.24840e-12	0.000e+00	0.000e+00
chr14_104816829_C_T_b38	3	1.24840e-12	0.000e+00	0.000e+00
chr14_104816515_G_GC_b38	3	1.22978e-12	0.000e+00	0.000e+00
chr14_104817069_G_A_b38	3	1.21926e-12	0.000e+00	0.000e+00
chr14_104817618_C_T_b38	3	1.20417e-12	0.000e+00	0.000e+00
chr14_104818822_A_G_b38	3	1.18113e-12	0.000e+00	0.000e+00
chr14_104836975_C_T_b38	3	1.12080e-12	0.000e+00	0.000e+00
chr14_104814516_C_T_b38	3	1.09803e-12	0.000e+00	0.000e+00
chr14_104819086_C_A_b38	3	1.01120e-12	0.000e+00	0.000e+00
chr14_104816684_C_G_b38	3	1.00683e-12	0.000e+00	0.000e+00
chr14_104818435_T_A_b38	3	9.97753e-13	0.000e+00	0.000e+00
chr14_104895597_T_C_b38	3	7.83551e-13	0.000e+00	0.000e+00
chr14_104847925_T_C_b38	3	6.38500e-13	0.000e+00	0.000e+00
chr14_104843826_G_A_b38	3	5.94811e-13	0.000e+00	0.000e+00
chr14_104847670_A_G_b38	3	5.84164e-13	0.000e+00	0.000e+00
chr14_104842192_G_A_b38	3	5.69322e-13	0.000e+00	0.000e+00
chr14_104847524_A_G_b38	3	5.69232e-13	0.000e+00	0.000e+00
chr14_104823879_G_C_b38	3	5.61820e-13	0.000e+00	0.000e+00
chr14_104840479_C_A_b38	3	5.61271e-13	0.000e+00	0.000e+00
chr14_104840131_C_T_b38	3	5.57270e-13	0.000e+00	0.000e+00
chr14_104823490_C_T_b38	3	5.45411e-13	0.000e+00	0.000e+00
chr14_104846256_T_C_b38	3	4.20440e-13	0.000e+00	0.000e+00
chr14_104801597_G_A_b38	4	2.79507e-02	1.448e-01	4.054e-02
chr14_104796444_C_T_b38	4	1.35520e-03	-5.426e-02	4.092e-02
chr14_104795077_G_C_b38	4	1.33764e-03	-4.682e-02	4.689e-02
chr14_104791730_G_A_b38	4	9.22163e-04	6.993e-02	2.788e-02
chr14_104782323_G_T_b38	4	4.57043e-04	9.691e-02	3.518e-02
chr14_104796624_G_A_b38	5	2.53732e-04	6.807e-02	5.532e-02
chr14_104794569_T_TG_b38	5	1.20677e-04	6.152e-02	4.196e-02
chr14_104796575_G_C_b38	5	9.26728e-05	3.555e-02	4.312e-02
chr14_104797011_C_CT_b38	5	9.01727e-05	5.116e-02	4.097e-02
chr14_104797271_A_G_b38	5	9.01727e-05	5.116e-02	4.097e-02
chr14_104786426_CGGGGCTCGGCCG_C_b38	5	5.88767e-05	8.132e-02	3.200e-02
chr14_104786672_A_G_b38	5	4.93675e-05	7.087e-02	4.248e-02
chr14_104792556_A_G_b38	5	4.22177e-05	5.751e-02	4.295e-02
chr14_104801891_G_A_b38	5	4.16635e-05	7.656e-02	3.203e-02
chr14_104785383_T_C_b38	5	3.37040e-05	-8.636e-02	3.241e-02
chr14_104803442_T_C_b38	5	3.24062e-05	6.060e-02	3.924e-02
chr14_104791382_C_G_b38	5	2.93232e-05	7.006e-02	3.494e-02
chr14_104798626_A_G_b38	5	2.65335e-05	5.116e-02	4.097e-02
chr14_104801242_A_G_b38	5	2.32988e-05	0.000e+00	0.000e+00
chr14_104790244_T_C_b38	5	2.11072e-05	7.621e-02	3.584e-02
chr14_104798489_A_G_b38	5	1.87261e-05	0.000e+00	0.000e+00
chr14_104784859_G_C_b38	5	1.13421e-05	0.000e+00	0.000e+00
chr14_104783708_A_G_b38	5	1.10513e-05	0.000e+00	0.000e+00
chr14_104806469_A_G_b38	5	1.08104e-05	0.000e+00	0.000e+00
chr14_104810798_A_T_b38	5	1.95583e-09	0.000e+00	0.000e+00
chr14_104810807_C_T_b38	5	1.85565e-09	0.000e+00	0.000e+00
chr14_104809705_C_CA_b38	5	1.48079e-09	0.000e+00	0.000e+00
chr14_104809699_A_G_b38	5	1.01599e-09	0.000e+00	0.000e+00
chr14_104809716_A_G_b38	5	2.68239e-10	0.000e+00	0.000e+00
chr14_104782985_C_T_b38	5	2.05226e-10	0.000e+00	0.000e+00
chr14_104789477_A_G_b38	5	1.43284e-10	0.000e+00	0.000e+00
chr14_104790576_G_C_b38	5	1.43284e-10	0.000e+00	0.000e+00
chr14_104782748_CT_C_b38	5	2.60587e-11	0.000e+00	0.000e+00
chr14_104784033_G_GGGAA_b38	5	2.59426e-11	0.000e+00	0.000e+00
chr14_104752732_A_C_b38	5	7.25087e-13	0.000e+00	0.000e+00
chr14_104747834_G_T_b38	5	5.67682e-13	0.000e+00	0.000e+00
