chr19_43501293_C_T_b38	1	1.31689e-01	3.242e-01	8.520e-02
chr19_43574316_T_G_b38	1	1.22549e-01	3.414e-01	7.494e-02
chr19_43564249_G_A_b38	1	1.22549e-01	3.414e-01	7.494e-02
chr19_43577584_T_G_b38	1	9.19883e-02	3.358e-01	7.512e-02
chr19_43564554_T_C_b38	1	8.86313e-02	3.265e-01	7.504e-02
chr19_43565589_T_A_b38	1	8.86129e-02	3.265e-01	7.503e-02
chr19_43580251_G_A_b38	1	3.14252e-02	3.277e-01	7.464e-02
chr19_43568381_C_T_b38	1	2.53120e-02	3.334e-01	7.505e-02
chr19_43564041_C_T_b38	1	2.53120e-02	3.334e-01	7.505e-02
chr19_43567861_G_T_b38	1	2.53120e-02	3.334e-01	7.505e-02
chr19_43578277_C_A_b38	1	1.92795e-02	3.280e-01	7.528e-02
chr19_43581675_C_T_b38	1	1.92795e-02	3.280e-01	7.528e-02
chr19_43578398_C_A_b38	1	1.92795e-02	3.280e-01	7.528e-02
chr19_43540396_C_T_b38	1	1.62615e-02	3.098e-01	7.623e-02
chr19_43546814_T_C_b38	1	1.62615e-02	3.098e-01	7.623e-02
chr19_43533218_C_G_b38	1	1.62615e-02	3.098e-01	7.623e-02
chr19_43536845_T_C_b38	1	1.62615e-02	3.098e-01	7.623e-02
chr19_43549390_G_A_b38	1	1.62615e-02	3.098e-01	7.623e-02
chr19_43541349_C_T_b38	1	1.62615e-02	3.098e-01	7.623e-02
chr19_43512767_G_GA_b38	1	1.04100e-02	3.423e-01	4.971e-02
chr19_43570060_A_G_b38	1	9.86397e-03	2.770e-01	7.048e-02
chr19_43484936_G_A_b38	1	9.61279e-03	3.204e-01	4.484e-02
chr19_43481167_C_CT_b38	1	9.26242e-03	3.191e-01	4.481e-02
chr19_43517153_ATT_A_b38	1	4.66848e-03	3.436e-01	4.988e-02
chr19_43477120_A_C_b38	1	4.54745e-03	3.230e-01	4.475e-02
chr19_43488076_C_G_b38	1	4.50501e-03	3.436e-01	4.988e-02
chr19_43491123_G_A_b38	1	4.50501e-03	3.436e-01	4.988e-02
chr19_43462777_G_A_b38	1	3.74640e-03	3.232e-01	4.504e-02
chr19_43463540_T_C_b38	1	3.74640e-03	3.232e-01	4.504e-02
chr19_43472274_T_C_b38	1	3.74640e-03	3.232e-01	4.504e-02
chr19_43472554_G_A_b38	1	3.74640e-03	3.232e-01	4.504e-02
chr19_43558535_G_A_b38	1	3.13500e-03	3.610e-01	4.980e-02
chr19_43522406_T_C_b38	1	2.93721e-03	3.424e-01	5.005e-02
chr19_43522915_T_C_b38	1	2.93721e-03	3.424e-01	5.005e-02
chr19_43464160_G_A_b38	1	2.61159e-03	3.215e-01	4.516e-02
chr19_43551093_G_A_b38	1	1.80827e-03	3.650e-01	5.185e-02
chr19_43469154_C_G_b38	1	1.17533e-03	3.181e-01	4.517e-02
chr19_43468102_A_G_b38	1	1.17533e-03	3.181e-01	4.517e-02
chr19_43543164_C_T_b38	1	5.10265e-04	3.634e-01	5.291e-02
chr19_43571109_TCA_T_b38	1	1.70960e-04	3.689e-01	4.793e-02
chr19_43567108_C_A_b38	1	1.70960e-04	3.689e-01	4.793e-02
chr19_43511173_A_C_b38	2	1.60014e-01	-3.012e-01	7.884e-02
chr19_43495843_G_A_b38	2	1.41352e-01	-3.012e-01	7.884e-02
chr19_43499033_A_G_b38	2	1.41333e-01	-3.012e-01	7.884e-02
chr19_43527989_G_A_b38	2	6.31544e-02	-2.866e-01	7.914e-02
chr19_43527218_C_T_b38	2	4.97151e-02	-2.813e-01	7.953e-02
chr19_43488685_C_T_b38	2	4.79743e-02	-2.813e-01	7.953e-02
chr19_43491087_C_T_b38	2	4.79743e-02	-2.813e-01	7.953e-02
chr19_43553422_G_A_b38	2	4.34161e-02	-3.038e-01	7.143e-02
chr19_43553896_G_A_b38	2	4.34161e-02	-3.038e-01	7.143e-02
chr19_43514017_C_T_b38	2	2.35375e-02	-2.994e-01	8.301e-02
chr19_43574076_ATTATT_A_b38	2	1.49035e-02	-3.040e-01	7.139e-02
chr19_43536101_A_G_b38	2	1.22387e-02	-2.778e-01	7.078e-02
chr19_43549765_C_G_b38	2	1.22387e-02	-2.778e-01	7.078e-02
chr19_43547432_C_T_b38	2	7.51270e-03	-2.653e-01	6.960e-02
chr19_43477478_C_T_b38	2	6.33890e-03	-2.398e-01	6.334e-02
chr19_43478186_G_A_b38	2	6.33890e-03	-2.398e-01	6.334e-02
chr19_43478653_A_G_b38	2	6.33890e-03	-2.398e-01	6.334e-02
chr19_43578285_C_T_b38	2	6.06037e-03	-2.867e-01	7.091e-02
chr19_43565880_AGT_A_b38	2	6.06037e-03	-2.867e-01	7.091e-02
chr19_43569410_A_G_b38	2	6.06037e-03	-2.867e-01	7.091e-02
chr19_43538047_A_G_b38	2	5.46284e-03	-2.619e-01	7.038e-02
chr19_43545709_G_T_b38	2	5.46284e-03	-2.619e-01	7.038e-02
chr19_43534795_G_A_b38	2	5.46284e-03	-2.619e-01	7.038e-02
chr19_43542576_T_C_b38	2	5.46284e-03	-2.619e-01	7.038e-02
chr19_43549744_G_GGTCTC_b38	2	5.46284e-03	-2.619e-01	7.038e-02
chr19_43499065_T_A_b38	2	2.37615e-03	-1.729e-01	5.724e-02
chr19_43559255_G_A_b38	2	2.31917e-03	-2.705e-01	6.992e-02
chr19_43559250_A_G_b38	2	2.31917e-03	-2.705e-01	6.992e-02
chr19_43559254_T_C_b38	2	2.31917e-03	-2.705e-01	6.992e-02
chr19_43556501_G_C_b38	2	1.38886e-03	-2.622e-01	7.021e-02
chr19_43580738_T_TA_b38	2	1.38886e-03	-2.622e-01	7.021e-02
chr19_43580742_T_C_b38	2	1.38886e-03	-2.622e-01	7.021e-02
chr19_43582149_T_C_b38	2	1.38886e-03	-2.622e-01	7.021e-02
chr19_43504696_G_C_b38	3	3.60798e-01	1.592e-01	4.502e-02
chr19_43504203_C_A_b38	3	5.73257e-02	1.573e-01	4.507e-02
chr19_43509444_C_G_b38	3	3.97413e-10	0.000e+00	0.000e+00
chr19_43512450_G_C_b38	3	2.79495e-10	0.000e+00	0.000e+00
chr19_43519254_C_T_b38	3	1.24511e-10	0.000e+00	0.000e+00
chr19_43524879_G_C_b38	3	1.24511e-10	0.000e+00	0.000e+00
chr19_43499556_T_C_b38	3	6.56094e-11	0.000e+00	0.000e+00
chr19_43509712_C_T_b38	3	5.52717e-11	0.000e+00	0.000e+00
chr19_43502996_TA_T_b38	3	5.69317e-12	0.000e+00	0.000e+00
chr19_43502998_GATCTGT_G_b38	3	5.69317e-12	0.000e+00	0.000e+00
chr19_43502860_G_A_b38	3	5.69317e-12	0.000e+00	0.000e+00
chr19_43503009_TA_T_b38	3	5.69317e-12	0.000e+00	0.000e+00
chr19_43503007_A_T_b38	3	5.69317e-12	0.000e+00	0.000e+00
chr19_43505212_C_T_b38	4	2.39890e-03	-1.384e-02	5.262e-02
chr19_43504337_G_A_b38	4	3.10791e-04	-1.396e-02	5.265e-02
chr19_43504376_C_T_b38	4	2.92294e-04	-1.391e-02	5.266e-02
chr19_43503634_G_T_b38	4	1.88053e-13	0.000e+00	0.000e+00
chr19_43503344_C_T_b38	4	1.88053e-13	0.000e+00	0.000e+00
chr19_43503475_G_C_b38	4	1.88053e-13	0.000e+00	0.000e+00
chr19_43501724_CCAAA_C_b38	4	1.05599e-13	0.000e+00	0.000e+00
chr19_43513551_C_T_b38	4	7.01560e-14	0.000e+00	0.000e+00
chr19_43510378_C_T_b38	4	7.01560e-14	0.000e+00	0.000e+00
chr19_43512414_A_T_b38	4	7.01560e-14	0.000e+00	0.000e+00
chr19_43501311_G_A_b38	4	5.37421e-14	0.000e+00	0.000e+00
chr19_43491805_T_C_b38	4	3.78472e-14	0.000e+00	0.000e+00
chr19_43515267_A_T_b38	4	3.74270e-14	0.000e+00	0.000e+00
chr19_43524143_C_T_b38	4	3.56085e-14	0.000e+00	0.000e+00
chr19_43522770_A_G_b38	4	3.56085e-14	0.000e+00	0.000e+00
chr19_43518517_C_T_b38	4	3.56085e-14	0.000e+00	0.000e+00
chr19_43527172_C_T_b38	4	3.56085e-14	0.000e+00	0.000e+00
chr19_43517621_A_G_b38	4	3.56085e-14	0.000e+00	0.000e+00
chr19_43517122_C_A_b38	4	3.56085e-14	0.000e+00	0.000e+00
chr19_43521282_G_A_b38	4	3.56085e-14	0.000e+00	0.000e+00
chr19_43527400_CAG_C_b38	4	3.56085e-14	0.000e+00	0.000e+00
chr19_43515620_A_G_b38	4	3.56085e-14	0.000e+00	0.000e+00
chr19_43490994_G_A_b38	4	3.43617e-14	0.000e+00	0.000e+00
chr19_43518511_C_T_b38	4	3.37499e-14	0.000e+00	0.000e+00
chr19_43481678_C_T_b38	4	3.20203e-14	0.000e+00	0.000e+00
chr19_43481559_G_A_b38	4	3.20203e-14	0.000e+00	0.000e+00
chr19_43517937_A_G_b38	4	3.09883e-14	0.000e+00	0.000e+00
chr19_43517497_G_A_b38	4	2.85513e-14	0.000e+00	0.000e+00
chr19_43529393_A_G_b38	4	2.78809e-14	0.000e+00	0.000e+00
chr19_43525592_T_G_b38	4	2.78809e-14	0.000e+00	0.000e+00
chr19_43477077_T_C_b38	4	1.11954e-14	0.000e+00	0.000e+00
chr19_43474863_C_T_b38	4	1.11511e-14	0.000e+00	0.000e+00
chr19_43531006_C_T_b38	4	9.57471e-15	0.000e+00	0.000e+00
chr19_43545379_G_C_b38	4	9.02436e-15	0.000e+00	0.000e+00
chr19_43531588_AAGAG_A_b38	4	8.63080e-15	0.000e+00	0.000e+00
chr19_43455962_A_C_b38	4	5.34447e-15	0.000e+00	0.000e+00
chr19_43544840_G_GT_b38	4	3.71044e-15	0.000e+00	0.000e+00
chr19_43541783_A_G_b38	4	3.40958e-15	0.000e+00	0.000e+00
chr19_43541481_C_A_b38	4	3.40958e-15	0.000e+00	0.000e+00
chr19_43548464_T_C_b38	4	3.40958e-15	0.000e+00	0.000e+00
chr19_43551430_C_T_b38	4	3.40958e-15	0.000e+00	0.000e+00
