chr1_26787956_G_A_b38	1	3.90540e-01	-4.250e-01	5.290e-02
chr1_26787521_T_C_b38	1	3.90540e-01	-4.250e-01	5.290e-02
chr1_26781648_A_T_b38	1	2.75984e-02	-4.242e-01	4.853e-02
chr1_26778568_C_T_b38	1	2.75984e-02	-4.242e-01	4.853e-02
chr1_26781754_T_C_b38	1	2.75984e-02	-4.242e-01	4.853e-02
chr1_26776337_T_C_b38	1	1.46884e-02	-4.240e-01	4.815e-02
chr1_26762955_G_C_b38	1	1.46884e-02	-4.240e-01	4.815e-02
chr1_26768641_A_G_b38	1	1.46884e-02	-4.240e-01	4.815e-02
chr1_26771828_G_A_b38	1	1.38067e-02	-4.264e-01	4.921e-02
chr1_26795430_C_A_b38	1	7.50808e-03	-4.181e-01	4.789e-02
chr1_26759758_C_T_b38	1	5.64757e-03	-4.238e-01	4.775e-02
chr1_26761777_G_A_b38	1	5.64757e-03	-4.238e-01	4.775e-02
chr1_26759071_T_C_b38	1	5.64757e-03	-4.238e-01	4.775e-02
chr1_26747851_AAAAC_A_b38	1	5.30101e-03	-4.259e-01	4.827e-02
chr1_26804737_C_T_b38	1	3.91007e-03	-4.177e-01	4.719e-02
chr1_26798054_A_G_b38	1	3.91007e-03	-4.177e-01	4.719e-02
chr1_26807930_T_C_b38	1	3.91007e-03	-4.177e-01	4.719e-02
chr1_26811902_C_T_b38	1	3.91007e-03	-4.177e-01	4.719e-02
chr1_26863833_C_T_b38	2	3.04397e-03	3.050e-01	9.160e-02
chr1_26817084_T_C_b38	2	1.73024e-03	-2.843e-01	3.261e-01
chr1_26831853_C_T_b38	2	1.73024e-03	-2.843e-01	3.261e-01
chr1_26815377_A_G_b38	2	1.73024e-03	-2.843e-01	3.261e-01
chr1_26813370_G_A_b38	2	1.73024e-03	-2.843e-01	3.261e-01
chr1_26984148_G_A_b38	2	1.11073e-03	3.066e-01	8.591e-02
chr1_26991003_T_C_b38	2	6.77140e-04	3.012e-01	8.809e-02
chr1_26896349_G_A_b38	2	5.12695e-04	2.842e-01	8.663e-02
chr1_27008858_TC_T_b38	2	2.48775e-04	2.223e-01	7.262e-02
chr1_27012614_C_T_b38	2	2.48775e-04	2.223e-01	7.262e-02
chr1_27007659_T_C_b38	2	2.48775e-04	2.223e-01	7.262e-02
chr1_27005274_G_T_b38	2	2.04820e-04	1.989e-01	6.670e-02
chr1_26851434_T_A_b38	2	1.55527e-04	-8.323e-02	3.491e-01
chr1_26870872_C_T_b38	2	1.55527e-04	-8.323e-02	3.491e-01
chr1_26877237_A_T_b38	2	1.55527e-04	-8.323e-02	3.491e-01
chr1_26886871_T_C_b38	2	1.55527e-04	-8.323e-02	3.491e-01
chr1_27004859_GAGA_G_b38	2	1.36538e-04	1.908e-01	6.781e-02
chr1_26987781_G_C_b38	2	4.88477e-05	1.653e-01	7.138e-02
chr1_26980334_G_A_b38	2	4.66607e-05	1.675e-01	7.239e-02
chr1_26976355_C_T_b38	2	4.66607e-05	1.675e-01	7.239e-02
chr1_27003177_C_T_b38	2	3.84754e-05	1.517e-01	6.841e-02
chr1_26991061_C_T_b38	2	3.80580e-05	1.580e-01	7.183e-02
chr1_26985113_C_T_b38	2	3.80580e-05	1.580e-01	7.183e-02
chr1_26982540_C_T_b38	2	3.80580e-05	1.580e-01	7.183e-02
chr1_27005974_G_A_b38	2	3.56591e-05	1.579e-01	7.557e-02
