chr20_32851659_AGT_A_b38	1	3.46309e-01	-2.204e-01	3.749e-02
chr20_32852422_G_A_b38	1	3.46309e-01	-2.204e-01	3.749e-02
chr20_32839829_C_T_b38	1	1.20696e-01	-2.204e-01	3.748e-02
chr20_32839536_C_T_b38	1	1.20696e-01	-2.204e-01	3.748e-02
chr20_32828097_G_C_b38	1	4.95533e-02	-2.204e-01	3.747e-02
chr20_32858936_G_C_b38	1	3.95151e-03	-1.956e-01	4.007e-02
chr20_32863544_T_A_b38	1	3.48179e-03	-1.957e-01	3.749e-02
chr20_32863545_C_A_b38	1	3.48179e-03	-1.957e-01	3.749e-02
chr20_32859052_A_G_b38	2	9.81401e-02	2.237e-01	7.285e-02
chr20_32849801_G_A_b38	2	3.66114e-02	2.235e-01	7.281e-02
chr20_32839283_A_G_b38	2	1.86168e-02	2.234e-01	7.280e-02
chr20_32833942_T_C_b38	2	1.86168e-02	2.234e-01	7.280e-02
chr20_32856132_T_C_b38	3	7.82405e-03	1.164e-01	6.131e-02
chr20_32855780_A_G_b38	3	2.25409e-03	1.010e-01	5.854e-02
chr20_32851301_T_G_b38	3	5.26587e-04	1.136e-01	5.520e-02
chr20_32853969_C_T_b38	3	2.46720e-04	8.827e-02	6.651e-02
chr20_32876702_C_G_b38	3	2.18665e-04	1.419e-01	7.130e-02
chr20_32842032_T_C_b38	3	2.13152e-04	1.136e-01	5.520e-02
chr20_32819057_A_T_b38	3	1.85551e-04	1.178e-01	4.841e-02
chr20_32842964_A_G_b38	3	1.77821e-04	1.098e-01	5.727e-02
chr20_32817316_G_A_b38	3	1.32463e-04	1.142e-01	4.742e-02
chr20_32841513_C_T_b38	3	7.79825e-05	1.010e-01	5.854e-02
chr20_32834379_G_A_b38	3	7.79825e-05	1.010e-01	5.854e-02
chr20_32834474_TAGA_T_b38	3	7.79825e-05	1.010e-01	5.854e-02
chr20_32846163_A_G_b38	3	7.79825e-05	1.010e-01	5.854e-02
chr20_32842830_T_C_b38	3	7.79825e-05	1.010e-01	5.854e-02
chr20_32839888_C_T_b38	3	7.79825e-05	1.010e-01	5.854e-02
chr20_32861491_G_A_b38	3	7.62658e-05	3.220e-02	4.577e-02
chr20_32861702_C_T_b38	3	4.32590e-05	3.220e-02	4.577e-02
chr20_32828142_C_G_b38	3	4.53491e-08	0.000e+00	0.000e+00
chr20_32829964_C_CT_b38	3	4.53491e-08	0.000e+00	0.000e+00
chr20_32820791_A_AGGGCAGAGGTC_b38	3	4.53491e-08	0.000e+00	0.000e+00
chr20_32830792_T_TC_b38	3	4.53491e-08	0.000e+00	0.000e+00
chr20_32822032_G_GT_b38	3	4.53491e-08	0.000e+00	0.000e+00
chr20_32821514_C_T_b38	3	4.53491e-08	0.000e+00	0.000e+00
chr20_32823838_G_A_b38	3	4.53491e-08	0.000e+00	0.000e+00
chr20_32814773_A_G_b38	3	4.53491e-08	0.000e+00	0.000e+00
