chr6_13776977_G_A_b38	1	9.20563e-02	4.299e-01	9.160e-02
chr6_13776387_C_A_b38	1	9.20563e-02	4.299e-01	9.160e-02
chr6_13777704_G_A_b38	1	9.20563e-02	4.299e-01	9.160e-02
chr6_13782388_G_A_b38	1	8.63086e-02	4.217e-01	8.828e-02
chr6_13768191_A_G_b38	1	2.43396e-02	3.871e-01	1.141e-01
chr6_13770652_G_C_b38	1	2.43396e-02	3.871e-01	1.141e-01
chr6_13766980_G_C_b38	1	2.43396e-02	3.871e-01	1.141e-01
chr6_13767551_C_T_b38	1	2.43396e-02	3.871e-01	1.141e-01
chr6_13769793_G_C_b38	1	2.43396e-02	3.871e-01	1.141e-01
chr6_13766978_T_C_b38	1	2.43396e-02	3.871e-01	1.141e-01
chr6_13772630_C_T_b38	1	2.40968e-02	3.891e-01	1.125e-01
chr6_13781613_T_C_b38	1	2.40968e-02	3.891e-01	1.125e-01
chr6_13773348_G_GT_b38	1	2.40968e-02	3.891e-01	1.125e-01
chr6_13772917_C_A_b38	1	2.40968e-02	3.891e-01	1.125e-01
chr6_13772626_G_GCT_b38	1	2.40968e-02	3.891e-01	1.125e-01
chr6_13781267_G_A_b38	1	2.40968e-02	3.891e-01	1.125e-01
chr6_13773532_C_T_b38	1	2.40968e-02	3.891e-01	1.125e-01
chr6_13771940_A_G_b38	1	2.40968e-02	3.891e-01	1.125e-01
chr6_13772526_C_T_b38	1	2.40968e-02	3.891e-01	1.125e-01
chr6_13773733_C_T_b38	1	2.40968e-02	3.891e-01	1.125e-01
chr6_13773540_C_G_b38	1	2.40968e-02	3.891e-01	1.125e-01
chr6_13776124_T_A_b38	1	2.40968e-02	3.891e-01	1.125e-01
chr6_13772629_C_T_b38	1	2.40968e-02	3.891e-01	1.125e-01
chr6_13771321_G_C_b38	1	2.40968e-02	3.891e-01	1.125e-01
chr6_13772753_T_C_b38	1	2.40968e-02	3.891e-01	1.125e-01
chr6_13772718_G_A_b38	1	2.40968e-02	3.891e-01	1.125e-01
chr6_13772668_A_G_b38	1	2.40968e-02	3.891e-01	1.125e-01
chr6_13771218_G_A_b38	1	2.40968e-02	3.891e-01	1.125e-01
chr6_13784768_A_C_b38	1	2.31157e-02	3.841e-01	1.082e-01
chr6_13788020_T_C_b38	1	2.31157e-02	3.841e-01	1.082e-01
chr6_13774312_C_CTATT_b38	1	5.58561e-03	3.154e-01	1.389e-01
chr6_13760721_T_A_b38	1	5.41717e-03	3.665e-01	1.198e-01
chr6_13787072_T_C_b38	2	1.43936e-01	-2.985e-01	1.044e-01
chr6_13782841_A_AC_b38	2	7.00101e-02	-2.798e-01	1.038e-01
chr6_13787346_G_A_b38	2	6.04630e-02	-2.710e-01	9.978e-02
chr6_13784393_C_T_b38	2	2.53591e-02	-2.271e-01	8.138e-02
chr6_13756048_G_GCTAA_b38	2	2.51840e-04	-1.576e-01	5.706e-02
chr6_13814108_T_C_b38	3	1.14910e-01	2.219e-01	6.600e-02
chr6_13817127_T_C_b38	3	7.33738e-11	0.000e+00	0.000e+00
chr6_13823553_C_T_b38	3	2.59264e-11	0.000e+00	0.000e+00
chr6_13823552_G_A_b38	3	2.59264e-11	0.000e+00	0.000e+00
chr6_13793878_C_A_b38	3	1.37479e-11	0.000e+00	0.000e+00
chr6_13837190_C_T_b38	4	2.70738e-03	-5.221e-01	1.512e-01
