chr1_212036025_T_TC_b38	1	2.73649e-01	-6.879e-02	2.139e-02
chr1_212037032_C_G_b38	1	6.05117e-02	-6.972e-02	2.125e-02
chr1_212038134_A_G_b38	1	3.87052e-02	-6.980e-02	2.123e-02
chr1_211993848_G_A_b38	1	1.64469e-02	-7.476e-02	2.022e-02
chr1_212072795_A_G_b38	1	1.63166e-02	-7.475e-02	2.020e-02
chr1_212072826_C_T_b38	1	1.46819e-02	-7.396e-02	2.015e-02
chr1_212082353_T_C_b38	1	1.32339e-02	-7.365e-02	2.024e-02
chr1_211957531_G_C_b38	1	1.31330e-02	-7.805e-02	1.993e-02
chr1_212014718_A_AT_b38	1	1.28868e-02	-7.075e-02	2.128e-02
chr1_212013782_C_T_b38	1	1.28868e-02	-7.075e-02	2.128e-02
chr1_212046609_A_G_b38	1	1.16054e-02	-7.005e-02	2.120e-02
chr1_212022869_T_C_b38	1	1.05186e-02	-6.944e-02	2.131e-02
chr1_212056129_T_C_b38	1	1.01038e-02	-6.944e-02	2.131e-02
chr1_212052002_G_A_b38	1	1.01038e-02	-6.944e-02	2.131e-02
chr1_212052742_T_A_b38	1	9.52012e-03	-6.861e-02	2.118e-02
chr1_211956129_T_G_b38	1	6.93028e-03	-7.801e-02	2.092e-02
chr1_212066143_T_C_b38	1	6.26655e-03	-7.204e-02	2.117e-02
chr1_211985374_A_C_b38	1	6.12592e-03	-7.476e-02	2.022e-02
chr1_212008643_A_C_b38	1	5.79338e-03	-7.136e-02	2.117e-02
chr1_212003423_G_C_b38	1	5.03333e-03	-7.075e-02	2.128e-02
chr1_212004670_T_C_b38	1	5.03333e-03	-7.075e-02	2.128e-02
chr1_211964632_A_G_b38	1	4.95470e-03	-7.610e-02	2.097e-02
chr1_212074258_A_G_b38	1	4.61659e-03	-7.005e-02	2.120e-02
chr1_212074981_C_G_b38	1	4.61659e-03	-7.005e-02	2.120e-02
chr1_212076009_C_T_b38	1	4.61659e-03	-7.005e-02	2.120e-02
chr1_212079927_C_T_b38	1	4.61659e-03	-7.005e-02	2.120e-02
chr1_212084534_T_C_b38	1	4.49081e-03	-7.033e-02	2.135e-02
chr1_212073846_T_C_b38	1	4.01404e-03	-6.943e-02	2.131e-02
chr1_212067883_T_C_b38	1	4.01404e-03	-6.943e-02	2.131e-02
chr1_212077478_T_C_b38	1	3.64825e-03	-6.855e-02	2.125e-02
chr1_212029340_C_T_b38	1	2.72912e-03	-5.611e-02	2.237e-02
chr1_212019262_T_A_b38	1	2.51419e-03	-6.186e-02	2.107e-02
chr1_211931984_G_A_b38	1	2.10794e-03	-7.848e-02	1.970e-02
chr1_212035692_G_A_b38	2	1.94821e-01	1.163e-01	4.172e-02
chr1_212037439_A_G_b38	2	2.63506e-02	1.146e-01	4.130e-02
chr1_212043579_C_T_b38	2	1.27025e-02	1.187e-01	4.154e-02
chr1_212052739_TA_T_b38	2	9.72804e-03	1.259e-01	4.122e-02
chr1_212056709_G_A_b38	2	5.76806e-03	1.200e-01	4.145e-02
chr1_212055847_A_C_b38	2	5.76806e-03	1.200e-01	4.145e-02
chr1_212047814_G_A_b38	2	5.76806e-03	1.200e-01	4.145e-02
chr1_212054213_C_T_b38	2	5.76806e-03	1.200e-01	4.145e-02
chr1_212025537_T_C_b38	2	4.90734e-03	1.159e-01	4.122e-02
chr1_212058488_T_G_b38	2	2.89090e-03	1.095e-01	4.226e-02
chr1_212065384_A_G_b38	2	2.29632e-03	1.201e-01	4.144e-02
chr1_212080575_AT_A_b38	2	2.29632e-03	1.201e-01	4.144e-02
chr1_212061704_T_G_b38	2	2.29632e-03	1.201e-01	4.144e-02
chr1_212065373_C_G_b38	2	2.29632e-03	1.201e-01	4.144e-02
chr1_212000256_G_A_b38	2	1.91087e-03	1.159e-01	4.121e-02
chr1_211995828_A_G_b38	2	1.91087e-03	1.159e-01	4.121e-02
chr1_212060584_A_C_b38	2	1.53887e-03	1.140e-01	4.182e-02
chr1_212032759_G_A_b38	3	2.31174e-03	-1.033e-01	5.053e-02
chr1_212014251_G_A_b38	3	7.38307e-04	-1.072e-01	5.199e-02
chr1_212045398_C_A_b38	3	3.70375e-04	-4.465e-02	3.846e-02
chr1_212029015_G_A_b38	3	3.55135e-04	-4.264e-02	3.862e-02
chr1_212028389_A_C_b38	3	3.55135e-04	-4.264e-02	3.862e-02
chr1_212000865_T_C_b38	3	2.47259e-04	-1.053e-01	5.265e-02
chr1_212053138_C_G_b38	3	1.85464e-04	-4.460e-02	3.844e-02
chr1_212056467_T_G_b38	3	1.80999e-04	-4.361e-02	3.838e-02
chr1_212055880_C_T_b38	3	1.80999e-04	-4.361e-02	3.838e-02
chr1_212022522_TA_T_b38	3	1.79033e-04	-4.163e-02	3.855e-02
chr1_212019250_C_CAATA_b38	3	1.79033e-04	-4.163e-02	3.855e-02
chr1_212013139_C_T_b38	3	1.79033e-04	-4.163e-02	3.855e-02
chr1_212015101_G_A_b38	3	1.72283e-04	-3.998e-02	3.864e-02
chr1_211997936_T_C_b38	3	1.01734e-04	-7.395e-02	5.285e-02
chr1_211958324_G_A_b38	3	8.39100e-05	-1.046e-01	5.192e-02
chr1_212099522_C_T_b38	3	7.55934e-05	-1.046e-01	5.192e-02
chr1_212060946_CTT_C_b38	3	6.37464e-05	-4.279e-02	3.830e-02
chr1_212075879_C_A_b38	3	6.37464e-05	-4.279e-02	3.830e-02
chr1_212072002_A_G_b38	3	6.37464e-05	-4.279e-02	3.830e-02
chr1_212010346_G_A_b38	3	5.97104e-05	-3.914e-02	3.871e-02
chr1_211995530_AT_A_b38	3	5.82972e-05	-3.798e-02	3.850e-02
chr1_211992639_T_C_b38	3	5.82972e-05	-3.798e-02	3.850e-02
chr1_211993579_C_G_b38	3	5.82972e-05	-3.798e-02	3.850e-02
chr1_212003227_C_T_b38	3	5.82972e-05	-3.798e-02	3.850e-02
chr1_212080902_C_G_b38	3	5.73951e-05	-3.827e-02	3.828e-02
chr1_212082294_A_G_b38	3	5.73951e-05	-3.827e-02	3.828e-02
chr1_212077817_A_T_b38	3	5.73951e-05	-3.827e-02	3.828e-02
chr1_212118260_TAAG_T_b38	3	4.70156e-05	-8.565e-02	5.109e-02
chr1_211979335_A_G_b38	3	3.78926e-05	-7.395e-02	5.285e-02
chr1_212100264_G_A_b38	3	3.41370e-05	-6.881e-02	5.234e-02
chr1_211963699_T_C_b38	3	1.50592e-05	-3.253e-02	3.752e-02
chr1_211970909_G_A_b38	3	1.50592e-05	-3.253e-02	3.752e-02
chr1_211956176_A_G_b38	3	1.50592e-05	-3.253e-02	3.752e-02
chr1_211976357_G_A_b38	3	1.50592e-05	-3.253e-02	3.752e-02
chr1_211973497_A_T_b38	3	1.50592e-05	-3.253e-02	3.752e-02
chr1_211969717_G_A_b38	3	1.50592e-05	-3.253e-02	3.752e-02
chr1_212115425_C_T_b38	3	1.50003e-05	-3.739e-02	3.736e-02
chr1_212088824_C_T_b38	3	1.50003e-05	-3.739e-02	3.736e-02
chr1_212110976_G_T_b38	3	1.50003e-05	-3.739e-02	3.736e-02
chr1_212085658_ATC_A_b38	3	1.50003e-05	-3.739e-02	3.736e-02
chr1_212102681_A_T_b38	3	1.35197e-05	-3.240e-02	3.718e-02
chr1_212114833_G_C_b38	3	1.35197e-05	-3.240e-02	3.718e-02
