chr1_151791291_C_T_b38	1	4.31013e-01	-5.643e-01	1.317e-01
chr1_151790770_G_A_b38	1	6.90725e-02	4.586e-01	1.241e-01
chr1_151784554_T_TCA_b38	1	3.97836e-02	-5.900e-01	1.341e-01
chr1_151784552_G_GGA_b38	1	3.97836e-02	-5.900e-01	1.341e-01
chr1_151784556_C_CA_b38	1	3.97836e-02	-5.900e-01	1.341e-01
chr1_151797411_A_C_b38	1	3.29551e-02	-5.643e-01	1.317e-01
chr1_151797330_G_A_b38	1	3.29551e-02	-5.643e-01	1.317e-01
chr1_151789832_C_G_b38	1	2.70775e-02	4.610e-01	1.210e-01
chr1_151811260_G_A_b38	1	2.33491e-02	-6.816e-01	1.484e-01
chr1_151812753_T_C_b38	1	2.33491e-02	-6.816e-01	1.484e-01
chr1_151791573_A_G_b38	1	1.95195e-02	4.590e-01	1.207e-01
chr1_151781146_T_G_b38	1	1.36328e-02	-5.235e-01	1.292e-01
chr1_151780632_C_T_b38	1	1.32527e-02	-5.643e-01	1.317e-01
chr1_151786628_C_T_b38	1	1.09545e-02	4.874e-01	1.257e-01
chr1_151786747_T_A_b38	1	1.09545e-02	4.874e-01	1.257e-01
chr1_151788316_A_G_b38	1	1.08996e-02	4.778e-01	1.264e-01
chr1_151782808_C_G_b38	1	8.69180e-03	-4.935e-01	1.264e-01
chr1_151793339_C_G_b38	1	7.58503e-03	4.590e-01	1.207e-01
chr1_151795572_A_G_b38	1	7.58503e-03	4.590e-01	1.207e-01
chr1_151794014_C_T_b38	1	7.58503e-03	4.590e-01	1.207e-01
chr1_151794375_T_A_b38	1	7.58503e-03	4.590e-01	1.207e-01
chr1_151794112_A_G_b38	1	6.59892e-03	4.778e-01	1.264e-01
chr1_151787655_T_C_b38	1	6.52033e-03	4.778e-01	1.264e-01
chr1_151771692_T_C_b38	1	5.60393e-03	-5.235e-01	1.292e-01
chr1_151770799_T_G_b38	1	5.60393e-03	-5.235e-01	1.292e-01
chr1_151773726_T_A_b38	1	5.60393e-03	-5.235e-01	1.292e-01
chr1_151773603_A_T_b38	1	5.60393e-03	-5.235e-01	1.292e-01
chr1_151769857_G_A_b38	1	5.60393e-03	-5.235e-01	1.292e-01
chr1_151773069_GTCTC_G_b38	1	5.60393e-03	-5.235e-01	1.292e-01
chr1_151797662_T_C_b38	1	5.28126e-03	4.590e-01	1.207e-01
chr1_151797274_T_C_b38	1	4.59466e-03	-4.778e-01	1.264e-01
chr1_151785322_C_T_b38	1	4.49499e-03	4.778e-01	1.264e-01
chr1_151785367_G_A_b38	2	5.21041e-01	6.493e-01	1.516e-01
chr1_151791339_C_T_b38	3	6.09749e-03	-4.726e-01	2.177e-01
chr1_151764873_T_A_b38	3	1.17918e-03	5.233e-01	2.287e-01
