chr6_117601204_T_A_b38	1	1.59141e-01	1.850e-01	3.779e-02
chr6_117601418_A_C_b38	1	1.59141e-01	1.850e-01	3.779e-02
chr6_117609873_G_A_b38	1	6.87082e-02	1.850e-01	3.777e-02
chr6_117606751_T_C_b38	1	6.34422e-02	1.773e-01	3.702e-02
chr6_117616787_T_C_b38	1	3.24891e-02	1.847e-01	3.773e-02
chr6_117619980_C_A_b38	1	3.24891e-02	1.847e-01	3.773e-02
chr6_117620893_G_A_b38	1	3.24891e-02	1.847e-01	3.773e-02
chr6_117580120_T_C_b38	1	2.75575e-02	-1.846e-01	3.773e-02
chr6_117589192_G_C_b38	1	2.75575e-02	1.846e-01	3.773e-02
chr6_117586131_G_T_b38	1	2.75575e-02	-1.846e-01	3.773e-02
chr6_117621525_C_T_b38	1	2.09114e-02	1.770e-01	3.699e-02
chr6_117622480_A_C_b38	1	2.09114e-02	1.770e-01	3.699e-02
chr6_117622545_C_G_b38	1	2.09114e-02	1.770e-01	3.699e-02
chr6_117555793_C_A_b38	1	1.92612e-02	-1.892e-01	3.773e-02
chr6_117588347_C_A_b38	1	1.76015e-02	1.768e-01	3.698e-02
chr6_117592038_A_G_b38	1	1.76015e-02	1.768e-01	3.698e-02
chr6_117569086_G_T_b38	1	1.07827e-02	-1.837e-01	3.765e-02
chr6_117558489_A_G_b38	1	9.76115e-03	-1.851e-01	3.814e-02
chr6_117557150_G_C_b38	1	9.76115e-03	-1.851e-01	3.814e-02
chr6_117559179_A_G_b38	1	9.76115e-03	-1.851e-01	3.814e-02
chr6_117557749_A_G_b38	1	9.76115e-03	-1.851e-01	3.814e-02
chr6_117628440_G_T_b38	1	8.93413e-03	1.832e-01	3.759e-02
chr6_117634355_T_C_b38	1	8.93413e-03	1.832e-01	3.759e-02
chr6_117645646_C_A_b38	1	8.93413e-03	1.832e-01	3.759e-02
chr6_117641126_G_T_b38	1	8.93413e-03	1.832e-01	3.759e-02
chr6_117644631_C_T_b38	1	8.93413e-03	1.832e-01	3.759e-02
chr6_117650126_A_G_b38	1	8.93413e-03	1.832e-01	3.759e-02
chr6_117637139_G_GA_b38	1	8.93413e-03	1.832e-01	3.759e-02
chr6_117563575_C_A_b38	1	7.35782e-03	-1.759e-01	3.674e-02
chr6_117636611_T_G_b38	1	5.93693e-03	1.760e-01	3.691e-02
chr6_117559547_A_G_b38	1	5.60414e-03	-1.793e-01	3.802e-02
chr6_117656445_G_A_b38	1	3.12836e-03	1.827e-01	3.755e-02
chr6_117664574_A_G_b38	1	3.12836e-03	1.827e-01	3.755e-02
chr6_117655468_T_G_b38	1	3.12836e-03	1.827e-01	3.755e-02
chr6_117665553_G_C_b38	1	3.12836e-03	1.827e-01	3.755e-02
chr6_117662769_T_C_b38	1	3.12836e-03	1.827e-01	3.755e-02
chr6_117659116_A_G_b38	1	3.12836e-03	1.827e-01	3.755e-02
chr6_117641664_T_G_b38	1	2.38539e-03	1.842e-01	4.055e-02
chr6_117668749_A_G_b38	1	2.10069e-03	1.804e-01	3.784e-02
chr6_117542101_C_T_b38	1	2.05712e-03	-1.768e-01	3.707e-02
chr6_117653087_G_T_b38	1	1.92075e-03	1.753e-01	3.697e-02
chr6_117655213_G_A_b38	1	1.92075e-03	1.753e-01	3.697e-02
chr6_117602712_C_T_b38	2	5.89951e-02	1.377e-01	5.962e-02
chr6_117603526_T_TTA_b38	2	1.64359e-02	1.378e-01	5.948e-02
chr6_117603439_C_T_b38	2	1.64359e-02	1.378e-01	5.948e-02
chr6_117624113_G_A_b38	2	6.55164e-03	1.613e-01	5.595e-02
chr6_117651447_A_G_b38	2	6.47259e-03	2.043e-01	6.115e-02
chr6_117633915_G_A_b38	2	6.47259e-03	2.043e-01	6.115e-02
chr6_117639452_G_C_b38	2	6.47259e-03	2.043e-01	6.115e-02
chr6_117627768_G_T_b38	2	6.47259e-03	2.043e-01	6.115e-02
chr6_117605879_G_T_b38	2	5.42679e-03	1.377e-01	5.945e-02
chr6_117605757_C_T_b38	2	5.42679e-03	1.377e-01	5.945e-02
chr6_117622133_G_A_b38	2	5.24170e-03	1.602e-01	5.670e-02
chr6_117619047_C_A_b38	2	5.24170e-03	1.602e-01	5.670e-02
chr6_117626071_A_G_b38	2	5.24170e-03	1.602e-01	5.670e-02
chr6_117619872_T_C_b38	2	5.24170e-03	1.602e-01	5.670e-02
chr6_117625081_G_A_b38	2	5.24170e-03	1.602e-01	5.670e-02
chr6_117627327_C_T_b38	2	5.24170e-03	1.602e-01	5.670e-02
chr6_117633342_CTAATA_C_b38	2	3.95190e-03	1.830e-01	5.731e-02
chr6_117613637_A_G_b38	2	3.81502e-03	1.565e-01	5.764e-02
chr6_117611898_C_A_b38	2	3.63820e-03	1.378e-01	5.945e-02
chr6_117593472_C_T_b38	2	2.77439e-03	1.382e-01	5.940e-02
chr6_117663863_G_C_b38	2	1.60598e-03	2.044e-01	6.108e-02
chr6_117661761_G_A_b38	2	1.60598e-03	2.044e-01	6.108e-02
chr6_117651985_T_C_b38	2	9.89560e-04	1.605e-01	5.662e-02
chr6_117634796_A_G_b38	2	9.89560e-04	1.605e-01	5.662e-02
chr6_117627745_G_T_b38	2	9.89560e-04	1.605e-01	5.662e-02
chr6_117635303_G_T_b38	2	9.89560e-04	1.605e-01	5.662e-02
chr6_117644712_G_A_b38	2	9.89560e-04	1.605e-01	5.662e-02
chr6_117641844_G_A_b38	2	9.89560e-04	1.605e-01	5.662e-02
chr6_117635754_A_G_b38	2	9.89560e-04	1.605e-01	5.662e-02
chr6_117592237_G_A_b38	2	9.40646e-04	1.382e-01	5.929e-02
chr6_117590889_G_A_b38	2	9.40646e-04	1.382e-01	5.929e-02
chr6_117662529_G_T_b38	2	6.90656e-04	1.781e-01	5.743e-02
chr6_117666671_C_T_b38	2	6.90656e-04	1.781e-01	5.743e-02
chr6_117659350_G_A_b38	2	6.90656e-04	1.781e-01	5.743e-02
chr6_117669950_G_A_b38	2	6.90656e-04	1.781e-01	5.743e-02
chr6_117657634_G_A_b38	2	6.90656e-04	1.781e-01	5.743e-02
chr6_117558532_C_T_b38	2	2.86956e-04	1.388e-01	5.926e-02
chr6_117553824_A_T_b38	2	2.72092e-04	1.457e-01	6.297e-02
chr6_117653602_C_T_b38	2	2.62429e-04	1.612e-01	5.657e-02
chr6_117602436_T_C_b38	3	3.18154e-02	1.307e-01	4.137e-02
chr6_117600440_C_T_b38	3	8.84218e-03	1.366e-01	3.507e-02
chr6_117611006_C_A_b38	3	3.78824e-03	1.360e-01	3.436e-02
chr6_117619848_G_A_b38	3	2.79991e-03	1.386e-01	3.261e-02
chr6_117612770_T_C_b38	3	2.79991e-03	1.386e-01	3.261e-02
chr6_117618869_T_G_b38	3	2.79991e-03	1.386e-01	3.261e-02
chr6_117622449_T_G_b38	3	2.79991e-03	1.386e-01	3.261e-02
chr6_117619871_G_T_b38	3	2.75285e-03	1.397e-01	3.287e-02
chr6_117599847_G_C_b38	3	2.31457e-03	1.279e-01	3.627e-02
chr6_117608622_A_C_b38	3	2.16298e-03	1.297e-01	3.487e-02
chr6_117616331_C_T_b38	3	1.82976e-03	1.368e-01	3.310e-02
chr6_117591857_G_A_b38	3	1.53006e-03	1.384e-01	3.354e-02
chr6_117595445_T_C_b38	3	1.24741e-03	1.294e-01	3.367e-02
chr6_117553094_A_G_b38	3	1.03516e-03	-1.420e-01	3.333e-02
chr6_117630952_C_T_b38	3	9.03420e-04	-1.416e-01	3.324e-02
chr6_117631674_C_T_b38	3	8.78634e-04	1.386e-01	3.261e-02
chr6_117643382_G_T_b38	3	8.78634e-04	1.386e-01	3.261e-02
chr6_117636267_G_C_b38	3	8.78634e-04	1.386e-01	3.261e-02
chr6_117634735_C_T_b38	3	8.78634e-04	1.386e-01	3.261e-02
chr6_117571941_A_G_b38	3	6.51147e-04	-1.384e-01	3.354e-02
chr6_117589350_A_G_b38	3	5.95933e-04	1.294e-01	3.367e-02
chr6_117584633_C_T_b38	3	5.95933e-04	-1.294e-01	3.367e-02
chr6_117639559_C_T_b38	3	5.82886e-04	-1.382e-01	3.342e-02
chr6_117646470_C_A_b38	3	5.82886e-04	-1.382e-01	3.342e-02
chr6_117636286_G_A_b38	3	5.77449e-04	1.368e-01	3.310e-02
chr6_117634051_C_T_b38	3	5.77449e-04	1.368e-01	3.310e-02
chr6_117630547_T_G_b38	3	3.28751e-04	1.307e-01	3.298e-02
chr6_117633018_G_A_b38	3	3.28751e-04	1.307e-01	3.298e-02
chr6_117644547_C_T_b38	3	3.28751e-04	1.307e-01	3.298e-02
chr6_117560442_A_T_b38	3	2.53611e-04	-1.294e-01	3.367e-02
chr6_117565064_T_C_b38	3	2.53611e-04	-1.294e-01	3.367e-02
chr6_117577048_A_G_b38	3	2.53611e-04	-1.294e-01	3.367e-02
chr6_117559536_A_G_b38	3	1.50199e-04	-1.239e-01	3.369e-02
