chr3_157163799_C_T_b38	1	1.01419e-01	-8.334e-01	9.315e-02
chr3_157163770_A_G_b38	1	1.01419e-01	-8.334e-01	9.315e-02
chr3_157163603_T_G_b38	1	1.01419e-01	-8.334e-01	9.315e-02
chr3_157166098_A_T_b38	1	5.89447e-02	-8.625e-01	9.375e-02
chr3_157165890_G_A_b38	1	5.89447e-02	-8.625e-01	9.375e-02
chr3_157167614_A_AC_b38	1	3.22153e-02	-8.625e-01	9.375e-02
chr3_157166878_C_G_b38	1	3.22153e-02	-8.625e-01	9.375e-02
chr3_157167984_T_C_b38	1	3.22153e-02	-8.625e-01	9.375e-02
chr3_157166843_AC_A_b38	1	3.22153e-02	-8.625e-01	9.375e-02
chr3_157163094_C_T_b38	1	2.96300e-02	-8.334e-01	9.315e-02
chr3_157163156_A_T_b38	1	2.96300e-02	-8.334e-01	9.315e-02
chr3_157163150_T_C_b38	1	2.96300e-02	-8.334e-01	9.315e-02
chr3_157173256_G_A_b38	1	2.29072e-02	-8.625e-01	9.375e-02
chr3_157173313_A_C_b38	1	2.29072e-02	-8.625e-01	9.375e-02
chr3_157162798_A_G_b38	1	1.60426e-02	-8.334e-01	9.315e-02
chr3_157181941_A_G_b38	1	1.13275e-02	-8.625e-01	9.375e-02
chr3_157187772_G_A_b38	1	1.13275e-02	-8.625e-01	9.375e-02
chr3_157177638_T_G_b38	1	1.13275e-02	-8.625e-01	9.375e-02
chr3_157180110_G_A_b38	1	1.13275e-02	-8.625e-01	9.375e-02
chr3_157187654_A_T_b38	1	1.13275e-02	-8.625e-01	9.375e-02
chr3_157188442_T_C_b38	1	1.13275e-02	-8.625e-01	9.375e-02
chr3_157174647_C_G_b38	1	1.13275e-02	-8.625e-01	9.375e-02
chr3_157183834_A_G_b38	1	1.13275e-02	-8.625e-01	9.375e-02
chr3_157174732_C_G_b38	1	1.13275e-02	-8.625e-01	9.375e-02
chr3_157187195_T_C_b38	1	1.13275e-02	-8.625e-01	9.375e-02
chr3_157179698_GCTC_G_b38	1	9.32535e-03	-8.751e-01	9.544e-02
chr3_157159014_T_G_b38	1	9.25298e-03	-8.334e-01	9.315e-02
chr3_157159487_CAA_C_b38	1	9.25298e-03	-8.334e-01	9.315e-02
chr3_157159741_G_A_b38	1	9.25298e-03	-8.334e-01	9.315e-02
chr3_157159568_T_C_b38	1	9.25298e-03	-8.334e-01	9.315e-02
chr3_157161331_T_G_b38	1	9.25298e-03	-8.334e-01	9.315e-02
chr3_157161308_A_G_b38	1	9.25298e-03	-8.334e-01	9.315e-02
chr3_157159654_C_T_b38	1	9.25298e-03	-8.334e-01	9.315e-02
chr3_157154287_G_A_b38	1	5.58791e-03	-8.334e-01	9.315e-02
chr3_157158785_A_G_b38	1	5.58791e-03	-8.334e-01	9.315e-02
chr3_157176975_T_G_b38	1	4.32910e-03	-8.637e-01	9.571e-02
chr3_157202529_G_C_b38	1	3.86470e-03	-8.625e-01	9.375e-02
chr3_157204200_C_G_b38	1	3.86470e-03	-8.625e-01	9.375e-02
chr3_157212792_A_G_b38	1	3.86470e-03	-8.625e-01	9.375e-02
chr3_157203965_G_C_b38	1	3.86470e-03	-8.625e-01	9.375e-02
chr3_157211098_G_A_b38	1	3.86470e-03	-8.625e-01	9.375e-02
chr3_157207004_A_G_b38	1	3.86470e-03	-8.625e-01	9.375e-02
chr3_157209712_A_G_b38	1	3.86470e-03	-8.625e-01	9.375e-02
chr3_157196499_G_A_b38	1	3.86470e-03	-8.625e-01	9.375e-02
chr3_157207516_T_G_b38	1	3.86470e-03	-8.625e-01	9.375e-02
chr3_157204312_A_G_b38	1	3.86470e-03	-8.625e-01	9.375e-02
chr3_157194312_A_T_b38	1	3.86470e-03	-8.625e-01	9.375e-02
chr3_157197266_GGT_G_b38	1	3.86470e-03	-8.625e-01	9.375e-02
chr3_157152270_C_T_b38	1	2.78387e-03	-8.334e-01	9.315e-02
chr3_157145575_A_G_b38	1	2.78387e-03	-8.334e-01	9.315e-02
chr3_157146853_T_A_b38	1	2.78387e-03	-8.334e-01	9.315e-02
chr3_157150661_T_C_b38	1	2.78387e-03	-8.334e-01	9.315e-02
chr3_157160600_C_G_b38	1	2.73201e-03	-8.208e-01	9.417e-02
chr3_157165907_G_A_b38	1	2.36116e-03	-8.391e-01	9.762e-02
chr3_157166845_A_G_b38	1	2.09617e-03	-8.444e-01	9.719e-02
chr3_157163213_T_C_b38	1	1.41405e-03	-8.112e-01	9.688e-02
chr3_157168833_C_A_b38	1	1.29181e-03	-8.391e-01	9.762e-02
chr3_157167354_A_T_b38	1	1.29181e-03	-8.391e-01	9.762e-02
chr3_157168538_T_A_b38	1	1.29181e-03	-8.391e-01	9.762e-02
chr3_157239913_C_G_b38	1	1.08751e-03	-8.625e-01	9.375e-02
chr3_157238864_T_G_b38	1	1.08751e-03	-8.625e-01	9.375e-02
chr3_157247175_C_T_b38	1	1.08751e-03	-8.625e-01	9.375e-02
chr3_157224925_T_C_b38	1	1.08751e-03	-8.625e-01	9.375e-02
chr3_157225197_A_G_b38	1	1.08751e-03	-8.625e-01	9.375e-02
chr3_157220406_C_G_b38	1	1.08751e-03	-8.625e-01	9.375e-02
chr3_157253946_C_G_b38	1	1.08751e-03	-8.625e-01	9.375e-02
chr3_157215049_C_T_b38	1	1.08751e-03	-8.625e-01	9.375e-02
chr3_157220603_T_C_b38	1	1.08751e-03	-8.625e-01	9.375e-02
chr3_157163816_G_T_b38	2	1.16524e-02	6.531e-02	2.325e-01
chr3_157165432_C_T_b38	2	1.68873e-03	-6.472e-02	2.492e-01
chr3_157181394_G_C_b38	2	1.50019e-04	6.825e-02	2.327e-01
chr3_157179523_A_G_b38	2	1.50019e-04	6.825e-02	2.327e-01
chr3_157178253_G_A_b38	2	1.50019e-04	6.825e-02	2.327e-01
chr3_157195738_A_G_b38	2	3.78922e-05	-5.570e-02	2.500e-01
chr3_157190576_T_C_b38	2	3.78922e-05	-5.570e-02	2.500e-01
