chr9_33687631_C_T_b38	1	3.64412e-02	1.699e+00	1.036e-01
chr9_33688471_T_A_b38	1	3.64412e-02	1.699e+00	1.036e-01
chr9_33687513_C_G_b38	1	3.64412e-02	1.699e+00	1.036e-01
chr9_33687890_C_T_b38	1	3.64412e-02	1.699e+00	1.036e-01
chr9_33691385_A_C_b38	1	3.64412e-02	1.699e+00	1.036e-01
chr9_33676829_G_T_b38	1	1.91558e-02	1.699e+00	1.040e-01
chr9_33685399_G_A_b38	1	1.91558e-02	1.699e+00	1.040e-01
chr9_33681450_A_C_b38	1	1.91558e-02	1.699e+00	1.040e-01
chr9_33674503_C_T_b38	1	1.91558e-02	1.699e+00	1.040e-01
chr9_33672538_C_A_b38	1	1.91558e-02	1.699e+00	1.040e-01
chr9_33682141_A_C_b38	1	1.91558e-02	1.699e+00	1.040e-01
chr9_33681811_G_A_b38	1	1.91558e-02	1.699e+00	1.040e-01
chr9_33676775_G_C_b38	1	1.91558e-02	1.699e+00	1.040e-01
chr9_33677476_C_T_b38	1	1.91558e-02	1.699e+00	1.040e-01
chr9_33677341_A_C_b38	1	1.91558e-02	1.699e+00	1.040e-01
chr9_33677004_C_G_b38	1	1.91558e-02	1.699e+00	1.040e-01
chr9_33684949_T_C_b38	1	1.91558e-02	1.699e+00	1.040e-01
chr9_33677351_GT_G_b38	1	1.91558e-02	1.699e+00	1.040e-01
chr9_33673794_A_G_b38	1	1.91558e-02	1.699e+00	1.040e-01
chr9_33682137_C_CGT_b38	1	1.91558e-02	1.699e+00	1.040e-01
chr9_33683569_G_C_b38	1	1.91558e-02	1.699e+00	1.040e-01
chr9_33686112_A_G_b38	1	1.91558e-02	1.699e+00	1.040e-01
chr9_33673937_C_T_b38	1	1.91558e-02	1.699e+00	1.040e-01
chr9_33680603_G_T_b38	1	1.91558e-02	1.699e+00	1.040e-01
chr9_33685837_C_T_b38	1	1.91558e-02	1.699e+00	1.040e-01
chr9_33676175_C_T_b38	1	1.91558e-02	1.699e+00	1.040e-01
chr9_33685273_C_T_b38	1	1.91558e-02	1.699e+00	1.040e-01
chr9_33687193_A_G_b38	1	1.91558e-02	1.699e+00	1.040e-01
chr9_33683800_C_G_b38	1	1.91558e-02	1.699e+00	1.040e-01
chr9_33683742_T_C_b38	1	1.91558e-02	1.699e+00	1.040e-01
chr9_33680994_T_C_b38	1	1.91558e-02	1.699e+00	1.040e-01
chr9_33679602_ATG_A_b38	1	1.91558e-02	1.699e+00	1.040e-01
chr9_33679356_G_A_b38	1	1.91558e-02	1.699e+00	1.040e-01
chr9_33673798_C_A_b38	1	1.91558e-02	1.699e+00	1.040e-01
chr9_33678307_G_A_b38	1	1.91558e-02	1.699e+00	1.040e-01
chr9_33679778_G_A_b38	1	1.91558e-02	1.699e+00	1.040e-01
chr9_33717760_A_T_b38	1	1.72442e-02	1.708e+00	9.496e-02
chr9_33721195_C_T_b38	1	1.72442e-02	1.708e+00	9.496e-02
chr9_33719797_T_C_b38	1	1.72442e-02	1.708e+00	9.496e-02
chr9_33716806_A_C_b38	1	1.72442e-02	1.708e+00	9.496e-02
chr9_33710242_C_T_b38	1	1.72442e-02	1.708e+00	9.496e-02
chr9_33669651_A_G_b38	1	6.58014e-03	1.705e+00	9.431e-02
chr9_33662426_G_A_b38	1	6.58014e-03	1.705e+00	9.431e-02
chr9_33672344_T_A_b38	1	6.58014e-03	1.705e+00	9.431e-02
chr9_33666718_T_C_b38	1	6.58014e-03	1.705e+00	9.431e-02
chr9_33669134_G_A_b38	1	6.58014e-03	1.705e+00	9.431e-02
chr9_33662916_C_G_b38	1	6.58014e-03	1.705e+00	9.431e-02
chr9_33669376_A_G_b38	1	6.58014e-03	1.705e+00	9.431e-02
chr9_33664734_C_G_b38	1	6.58014e-03	1.705e+00	9.431e-02
chr9_33672393_T_C_b38	1	6.58014e-03	1.705e+00	9.431e-02
chr9_33663770_T_G_b38	1	6.58014e-03	1.705e+00	9.431e-02
chr9_33667639_G_A_b38	1	6.58014e-03	1.705e+00	9.431e-02
chr9_33667496_T_A_b38	1	6.58014e-03	1.705e+00	9.431e-02
chr9_33662952_T_C_b38	1	6.58014e-03	1.705e+00	9.431e-02
chr9_33663503_C_T_b38	1	6.58014e-03	1.705e+00	9.431e-02
chr9_33669386_A_G_b38	1	6.58014e-03	1.705e+00	9.431e-02
chr9_33662787_A_C_b38	1	6.58014e-03	1.705e+00	9.431e-02
chr9_33667157_T_C_b38	1	6.58014e-03	1.705e+00	9.431e-02
chr9_33662085_G_T_b38	1	6.58014e-03	1.705e+00	9.431e-02
chr9_33667566_C_T_b38	1	6.58014e-03	1.705e+00	9.431e-02
chr9_33662559_G_C_b38	1	6.58014e-03	1.705e+00	9.431e-02
chr9_33677170_T_TC_b38	1	1.76783e-03	1.711e+00	9.612e-02
chr9_33677151_G_C_b38	1	1.76783e-03	1.711e+00	9.612e-02
chr9_33677182_A_G_b38	1	1.76783e-03	1.711e+00	9.612e-02
chr9_33662595_G_A_b38	1	4.52017e-04	1.685e+00	9.541e-02
chr9_33660460_T_C_b38	2	4.21576e-01	-3.183e-01	7.912e-02
chr9_33655387_C_A_b38	2	7.08395e-02	-2.729e-01	6.336e-02
chr9_33659572_G_A_b38	2	7.08395e-02	-2.729e-01	6.336e-02
chr9_33653459_G_A_b38	2	7.08395e-02	-2.729e-01	6.336e-02
chr9_33656507_T_C_b38	2	5.73835e-02	-2.694e-01	6.333e-02
chr9_33640634_T_A_b38	2	2.89864e-02	-2.706e-01	6.252e-02
chr9_33645713_T_C_b38	2	2.89864e-02	-2.706e-01	6.252e-02
chr9_33697529_C_CTTTTGTTTGGTTGTCAA_b38	2	1.06854e-02	-1.485e-01	6.177e-02
chr9_33697525_C_CT_b38	2	1.06854e-02	-1.485e-01	6.177e-02
chr9_33697521_C_CTTTTG_b38	2	1.06854e-02	-1.485e-01	6.177e-02
chr9_33697527_G_GAA_b38	2	1.06854e-02	-1.485e-01	6.177e-02
chr9_33628133_G_C_b38	2	8.32802e-04	-2.428e-01	6.325e-02
chr9_33637975_C_T_b38	2	8.32802e-04	-2.428e-01	6.325e-02
chr9_33624431_A_C_b38	2	8.32802e-04	-2.428e-01	6.325e-02
chr9_33628194_G_C_b38	2	8.32802e-04	-2.428e-01	6.325e-02
chr9_33625407_C_T_b38	2	8.32802e-04	-2.428e-01	6.325e-02
chr9_33623820_G_C_b38	2	8.32802e-04	-2.428e-01	6.325e-02
chr9_33627800_C_T_b38	2	8.32802e-04	-2.428e-01	6.325e-02
chr9_33692948_C_T_b38	2	7.32568e-04	-1.752e-01	6.384e-02
chr9_33696983_G_T_b38	3	1.37683e-02	1.562e-01	1.019e-01
chr9_33697186_C_A_b38	3	1.37683e-02	1.562e-01	1.019e-01
chr9_33697030_T_C_b38	3	1.37683e-02	1.562e-01	1.019e-01
chr9_33698274_CTG_C_b38	3	1.33536e-50	0.000e+00	0.000e+00
chr9_33696849_G_A_b38	3	1.20283e-50	0.000e+00	0.000e+00
chr9_33696720_G_A_b38	3	1.20283e-50	0.000e+00	0.000e+00
chr9_33696705_G_A_b38	3	1.20283e-50	0.000e+00	0.000e+00
chr9_33700525_AT_A_b38	3	6.74151e-51	0.000e+00	0.000e+00
chr9_33702358_A_G_b38	3	6.74151e-51	0.000e+00	0.000e+00
chr9_33699232_G_A_b38	3	6.22968e-51	0.000e+00	0.000e+00
chr9_33699879_G_A_b38	3	6.22968e-51	0.000e+00	0.000e+00
chr9_33699150_T_C_b38	3	6.22968e-51	0.000e+00	0.000e+00
chr9_33699375_G_T_b38	3	6.22968e-51	0.000e+00	0.000e+00
chr9_33699590_A_T_b38	3	6.22968e-51	0.000e+00	0.000e+00
chr9_33699091_C_T_b38	3	6.22968e-51	0.000e+00	0.000e+00
chr9_33699676_T_C_b38	3	6.22968e-51	0.000e+00	0.000e+00
chr9_33699310_G_C_b38	3	6.22968e-51	0.000e+00	0.000e+00
chr9_33695133_A_G_b38	3	6.21267e-51	0.000e+00	0.000e+00
chr9_33695720_T_C_b38	3	6.21267e-51	0.000e+00	0.000e+00
chr9_33695796_C_T_b38	3	6.21267e-51	0.000e+00	0.000e+00
chr9_33695437_T_G_b38	3	6.21267e-51	0.000e+00	0.000e+00
chr9_33703236_T_C_b38	3	4.26846e-51	0.000e+00	0.000e+00
chr9_33700779_C_A_b38	3	3.75170e-51	0.000e+00	0.000e+00
chr9_33694711_T_C_b38	3	3.71463e-51	0.000e+00	0.000e+00
chr9_33693250_A_G_b38	3	3.71463e-51	0.000e+00	0.000e+00
chr9_33693958_T_C_b38	3	3.71463e-51	0.000e+00	0.000e+00
chr9_33694140_C_A_b38	3	3.71463e-51	0.000e+00	0.000e+00
chr9_33694163_C_G_b38	3	3.71463e-51	0.000e+00	0.000e+00
chr9_33703956_T_C_b38	3	2.37543e-51	0.000e+00	0.000e+00
chr9_33692077_AG_A_b38	3	2.11783e-51	0.000e+00	0.000e+00
chr9_33716190_G_T_b38	3	1.09859e-51	0.000e+00	0.000e+00
chr9_33708795_A_G_b38	3	1.09859e-51	0.000e+00	0.000e+00
chr9_33692390_A_G_b38	3	1.77279e-53	0.000e+00	0.000e+00
chr9_33676029_C_A_b38	3	9.66708e-54	0.000e+00	0.000e+00
chr9_33717997_T_C_b38	3	9.19603e-54	0.000e+00	0.000e+00
chr9_33713593_A_G_b38	3	9.19603e-54	0.000e+00	0.000e+00
chr9_33711713_C_T_b38	3	9.19603e-54	0.000e+00	0.000e+00
chr9_33718795_T_C_b38	3	9.19603e-54	0.000e+00	0.000e+00
chr9_33707703_C_G_b38	3	8.09879e-56	0.000e+00	0.000e+00
chr9_33699548_C_A_b38	3	4.84344e-56	0.000e+00	0.000e+00
chr9_33692920_G_C_b38	3	2.88804e-56	0.000e+00	0.000e+00
chr9_33712473_A_T_b38	3	8.54127e-57	0.000e+00	0.000e+00
chr9_33709611_T_TTAG_b38	3	8.54127e-57	0.000e+00	0.000e+00
chr9_33709612_C_G_b38	3	5.56406e-57	0.000e+00	0.000e+00
chr9_33594327_C_T_b38	4	1.41993e-03	1.829e-01	3.945e-02
chr9_33598104_C_T_b38	4	7.24994e-58	0.000e+00	0.000e+00
chr9_33598333_G_A_b38	4	6.50892e-58	0.000e+00	0.000e+00
chr9_33591793_T_C_b38	4	5.01165e-58	0.000e+00	0.000e+00
chr9_33594105_G_A_b38	4	2.39069e-58	0.000e+00	0.000e+00
chr9_33592562_C_T_b38	4	1.32629e-58	0.000e+00	0.000e+00
chr9_33592097_A_G_b38	4	1.23514e-58	0.000e+00	0.000e+00
chr9_33592045_A_T_b38	4	1.23514e-58	0.000e+00	0.000e+00
