chr3_138352059_C_T_b38	1	1.56452e-01	2.590e-01	5.022e-02
chr3_138403280_C_T_b38	1	9.04003e-02	2.417e-01	5.102e-02
chr3_138403635_C_T_b38	1	5.63187e-02	2.355e-01	5.114e-02
chr3_138402667_A_G_b38	1	4.36655e-02	2.388e-01	5.256e-02
chr3_138402356_C_T_b38	1	3.85770e-02	2.348e-01	5.215e-02
chr3_138401110_T_C_b38	1	3.80527e-02	2.321e-01	5.169e-02
chr3_138395449_C_G_b38	1	3.11027e-02	2.292e-01	5.175e-02
chr3_138385793_G_A_b38	1	3.11027e-02	2.292e-01	5.175e-02
chr3_138398722_A_G_b38	1	3.11027e-02	2.292e-01	5.175e-02
chr3_138399143_C_T_b38	1	3.11027e-02	2.292e-01	5.175e-02
chr3_138392909_C_T_b38	1	3.04835e-02	2.296e-01	5.187e-02
chr3_138403078_A_T_b38	1	2.69371e-02	2.303e-01	5.242e-02
chr3_138405272_T_G_b38	1	2.69371e-02	2.303e-01	5.242e-02
chr3_138389510_G_A_b38	1	2.62451e-02	2.281e-01	5.208e-02
chr3_138354812_ACT_A_b38	1	9.61921e-03	2.555e-01	5.994e-02
chr3_138410301_C_G_b38	1	5.13492e-03	2.187e-01	6.550e-02
chr3_138333912_C_T_b38	1	4.45206e-03	-2.311e-01	4.918e-02
chr3_138369222_G_C_b38	1	3.21941e-03	1.992e-01	4.867e-02
chr3_138374047_C_T_b38	1	2.80783e-03	2.001e-01	4.934e-02
chr3_138368625_A_C_b38	1	2.46152e-03	1.957e-01	4.889e-02
chr3_138406810_AGTT_A_b38	1	2.03449e-03	2.188e-01	6.550e-02
chr3_138433488_G_C_b38	2	6.70727e-02	2.684e-01	7.747e-02
chr3_138433958_C_A_b38	2	5.50104e-02	2.730e-01	1.105e-01
chr3_138431472_T_C_b38	2	3.39806e-02	2.560e-01	7.656e-02
chr3_138424706_C_T_b38	2	7.95670e-03	2.845e-01	1.173e-01
chr3_138434098_A_C_b38	2	6.18810e-03	1.161e-01	1.145e-01
chr3_138429408_C_T_b38	2	4.18571e-03	1.681e-01	8.209e-02
chr3_138430357_T_G_b38	2	1.67687e-03	1.102e-01	9.779e-02
chr3_138439072_A_G_b38	3	1.51371e-03	-3.318e-01	1.260e-01
chr3_138443273_C_G_b38	3	5.56355e-04	-3.022e-01	1.215e-01
chr3_138443203_G_A_b38	3	5.56355e-04	-3.022e-01	1.215e-01
chr3_138438550_G_A_b38	3	7.27732e-05	-1.825e-01	1.688e-01
chr3_138441744_CTCT_C_b38	3	2.99993e-05	-1.448e-01	1.912e-01
chr3_138441644_A_C_b38	3	9.96637e-06	0.000e+00	0.000e+00
chr3_138452119_C_G_b38	3	5.24129e-06	0.000e+00	0.000e+00
chr3_138448378_T_G_b38	3	5.04129e-06	0.000e+00	0.000e+00
chr3_138447990_G_A_b38	3	4.99960e-06	0.000e+00	0.000e+00
chr3_138482584_A_AT_b38	3	2.22240e-06	0.000e+00	0.000e+00
chr3_138517788_A_T_b38	3	8.72007e-07	0.000e+00	0.000e+00
chr3_138500152_T_C_b38	3	8.42224e-07	0.000e+00	0.000e+00
chr3_138485223_G_GT_b38	3	8.09908e-07	0.000e+00	0.000e+00
chr3_138523174_AC_A_b38	3	7.48093e-07	0.000e+00	0.000e+00
chr3_138517455_G_A_b38	3	7.48093e-07	0.000e+00	0.000e+00
chr3_138524388_A_C_b38	3	7.48093e-07	0.000e+00	0.000e+00
