chr2_232774599_T_C_b38	1	5.05261e-01	2.697e-01	5.022e-02
chr2_232793599_C_T_b38	1	3.36733e-01	2.779e-01	3.578e-02
chr2_232776040_T_C_b38	1	2.30153e-02	2.508e-01	3.226e-02
chr2_232780981_G_A_b38	1	2.03742e-02	2.628e-01	3.275e-02
chr2_232846003_G_C_b38	1	1.23497e-02	-2.651e-01	3.271e-02
chr2_232842516_G_C_b38	1	1.17211e-02	-2.645e-01	3.263e-02
chr2_232784044_A_G_b38	1	1.06378e-02	2.591e-01	3.237e-02
chr2_232784032_G_A_b38	1	8.03757e-03	2.562e-01	3.191e-02
chr2_232779513_A_G_b38	1	6.86151e-03	2.485e-01	3.131e-02
chr2_232752810_G_T_b38	1	6.03011e-03	2.581e-01	3.196e-02
chr2_232791917_G_A_b38	1	5.21523e-03	2.570e-01	3.144e-02
chr2_232769375_A_G_b38	1	3.48837e-03	2.485e-01	3.095e-02
chr2_232752875_C_G_b38	1	3.46750e-03	2.497e-01	3.080e-02
chr2_232776300_A_T_b38	2	6.10912e-02	9.766e-02	3.942e-02
chr2_232776080_TG_T_b38	2	4.35407e-02	9.270e-02	3.960e-02
chr2_232777520_T_A_b38	2	2.82590e-02	9.984e-02	3.901e-02
chr2_232777214_C_T_b38	2	2.08527e-02	9.519e-02	3.913e-02
chr2_232775004_A_G_b38	2	1.69695e-02	1.055e-01	3.920e-02
chr2_232775038_G_T_b38	2	1.64068e-02	1.044e-01	3.894e-02
chr2_232754131_C_A_b38	2	6.91546e-03	1.149e-01	3.902e-02
chr2_232769842_T_C_b38	2	6.82731e-03	1.058e-01	3.879e-02
chr2_232819387_T_C_b38	2	6.55975e-03	1.331e-01	4.100e-02
chr2_232778371_G_A_b38	2	6.47979e-03	8.724e-02	3.836e-02
chr2_232820123_C_T_b38	2	6.32388e-03	1.325e-01	4.098e-02
chr2_232817332_G_A_b38	2	6.32388e-03	1.325e-01	4.098e-02
chr2_232754120_G_A_b38	2	4.48333e-03	1.083e-01	3.883e-02
chr2_232752602_G_A_b38	2	3.91271e-03	1.057e-01	3.863e-02
chr2_232755425_C_T_b38	2	3.78725e-03	1.052e-01	3.862e-02
chr2_232726841_G_A_b38	2	2.51411e-03	1.111e-01	3.782e-02
chr2_232795994_T_G_b38	2	2.42327e-03	9.896e-02	3.858e-02
chr2_232787427_T_TG_b38	2	2.42327e-03	9.896e-02	3.858e-02
chr2_232799350_C_T_b38	2	2.41158e-03	1.012e-01	3.969e-02
chr2_232806835_AAACTCGAAT_A_b38	2	2.29098e-03	1.222e-01	4.272e-02
chr2_232747282_A_G_b38	2	2.09797e-03	1.114e-01	3.887e-02
chr2_232754027_T_C_b38	2	1.90378e-03	9.332e-02	3.819e-02
chr2_232748473_T_C_b38	2	1.77156e-03	1.086e-01	3.864e-02
chr2_232797717_C_T_b38	2	1.60117e-03	9.217e-02	3.852e-02
chr2_232766352_T_C_b38	2	1.49354e-03	8.967e-02	3.838e-02
chr2_232834809_T_C_b38	2	1.47307e-03	1.243e-01	4.037e-02
chr2_232743453_A_G_b38	2	1.46892e-03	1.057e-01	3.863e-02
chr2_232814456_C_T_b38	2	1.45612e-03	1.057e-01	3.863e-02
chr2_232728627_G_T_b38	2	1.42153e-03	1.052e-01	3.862e-02
chr2_232824086_T_C_b38	2	1.40915e-03	1.052e-01	3.862e-02
chr2_232815221_G_GT_b38	2	1.40915e-03	1.052e-01	3.862e-02
chr2_232740875_G_A_b38	2	1.31750e-03	1.015e-01	3.764e-02
chr2_232813331_TTACGCTATCACACCTGACTGGGTG_T_b38	2	1.24432e-03	1.035e-01	3.876e-02
chr2_232746926_C_G_b38	2	1.16386e-03	1.023e-01	3.869e-02
chr2_232814206_C_T_b38	2	1.05163e-03	1.011e-01	3.883e-02
chr2_232827185_G_A_b38	2	9.73428e-04	1.219e-01	4.194e-02
chr2_232743190_G_T_b38	2	9.63451e-04	9.897e-02	3.859e-02
chr2_232738488_G_A_b38	2	9.63451e-04	9.897e-02	3.859e-02
chr2_232806829_T_G_b38	2	9.49530e-04	1.059e-01	4.198e-02
chr2_232804552_C_T_b38	2	7.98443e-04	9.601e-02	3.859e-02
chr2_232732486_G_A_b38	2	6.60643e-04	8.545e-02	3.620e-02
chr2_232728519_A_G_b38	2	4.19829e-04	9.284e-02	3.824e-02
chr2_232727791_G_A_b38	2	4.09486e-04	7.940e-02	3.740e-02
chr2_232870110_C_T_b38	2	3.95224e-04	1.091e-01	3.898e-02
chr2_232746278_A_G_b38	2	3.67455e-04	9.220e-02	3.912e-02
chr2_232781258_C_G_b38	3	3.43581e-03	-3.729e-01	1.736e-01
chr2_232781795_A_G_b38	3	3.24933e-03	2.254e-01	1.197e-01
chr2_232764842_T_C_b38	3	3.19120e-03	2.358e-01	9.878e-02
chr2_232770728_A_AT_b38	3	2.62271e-03	2.449e-01	6.081e-02
chr2_232757124_A_G_b38	3	2.45540e-03	2.426e-01	6.528e-02
chr2_232754421_A_G_b38	3	2.40804e-03	2.450e-01	6.010e-02
chr2_232768750_G_A_b38	3	2.33441e-03	1.951e-01	1.815e-01
chr2_232759653_A_G_b38	3	2.11471e-03	2.498e-01	3.108e-02
chr2_232764676_A_G_b38	3	1.93826e-03	2.378e-01	8.570e-02
chr2_232750109_C_T_b38	3	1.67624e-03	2.545e-01	3.125e-02
chr2_232776373_G_C_b38	3	1.46022e-03	-1.353e-02	5.334e-02
chr2_232739870_C_T_b38	3	1.26618e-03	2.519e-01	3.109e-02
chr2_232741870_A_G_b38	3	1.20901e-03	2.489e-01	3.076e-02
chr2_232731882_T_TA_b38	3	1.06408e-03	2.503e-01	3.099e-02
chr2_232784717_A_G_b38	3	9.81231e-04	1.885e-01	1.609e-01
chr2_232757356_A_G_b38	3	9.51488e-04	2.439e-01	3.079e-02
chr2_232735896_A_G_b38	3	8.11687e-04	2.476e-01	3.080e-02
chr2_232744191_T_C_b38	3	7.94205e-04	2.473e-01	3.078e-02
chr2_232737583_A_G_b38	3	7.94205e-04	2.473e-01	3.078e-02
chr2_232769026_A_G_b38	3	7.72632e-04	1.900e-01	1.518e-01
chr2_232733630_C_T_b38	3	7.29816e-04	2.471e-01	3.080e-02
chr2_232750635_T_G_b38	3	6.82381e-04	2.467e-01	3.079e-02
chr2_232758401_T_C_b38	3	6.74519e-04	-3.275e-02	3.628e-01
chr2_232730165_G_A_b38	3	6.38921e-04	2.476e-01	3.093e-02
chr2_232748135_A_G_b38	3	6.38921e-04	2.476e-01	3.093e-02
chr2_232727631_A_C_b38	3	6.38921e-04	2.476e-01	3.093e-02
chr2_232747946_C_T_b38	3	6.38921e-04	2.476e-01	3.093e-02
chr2_232735194_A_C_b38	3	5.99426e-04	2.471e-01	3.091e-02
chr2_232748286_A_G_b38	3	5.96899e-04	2.473e-01	3.093e-02
chr2_232742030_T_C_b38	3	4.05363e-04	2.455e-01	3.092e-02
chr2_232789917_A_G_b38	3	3.99141e-04	1.508e-01	2.169e-01
chr2_232785458_A_G_b38	3	3.65932e-04	3.601e-02	2.396e-01
chr2_232779301_A_G_b38	3	3.54510e-04	5.215e-02	4.872e-02
chr2_232770678_A_C_b38	3	3.36869e-04	2.067e-01	1.154e-01
chr2_232762302_G_C_b38	3	2.84659e-04	1.887e-01	1.584e-01
chr2_232773641_G_A_b38	3	2.33528e-04	4.735e-02	4.904e-02
chr2_232792287_G_T_b38	3	2.20582e-04	2.397e-01	3.106e-02
chr2_232743543_G_C_b38	3	1.91244e-04	2.410e-01	3.078e-02
chr2_232747847_C_T_b38	3	1.89495e-04	2.437e-01	3.113e-02
chr2_232781260_G_A_b38	3	1.84054e-04	3.906e-02	4.909e-02
chr2_232737318_T_C_b38	3	1.27150e-04	2.395e-01	3.082e-02
chr2_232739777_A_T_b38	3	1.23216e-04	2.411e-01	3.104e-02
chr2_232866534_G_C_b38	3	1.17891e-04	1.694e-01	5.527e-02
chr2_232822370_G_A_b38	3	1.08062e-04	1.776e-01	6.467e-02
chr2_232789671_G_T_b38	3	8.41564e-05	2.392e-01	3.157e-02
chr2_232805670_A_C_b38	3	7.24741e-05	-2.916e-02	2.877e-01
chr2_232805389_G_A_b38	3	6.91882e-05	-2.372e-01	3.087e-02
chr2_232804285_GTCTA_G_b38	3	5.06830e-05	2.405e-01	3.149e-02
chr2_232806015_G_GT_b38	3	4.59571e-05	-2.363e-01	3.100e-02
chr2_232772212_T_C_b38	3	3.22604e-05	-1.117e-02	5.331e-02
chr2_232771740_A_G_b38	3	3.11996e-05	-1.987e-02	5.326e-02
chr2_232869373_G_A_b38	3	2.80044e-05	1.600e-01	5.601e-02
chr2_232796816_T_C_b38	3	2.72332e-05	5.402e-02	5.042e-02
chr2_232712328_G_A_b38	3	1.96732e-05	2.372e-01	3.103e-02
chr2_232814934_C_T_b38	3	1.63315e-05	-2.312e-01	3.096e-02
chr2_232718052_C_T_b38	3	1.61985e-05	2.370e-01	3.111e-02
chr2_232804843_C_T_b38	3	1.58853e-05	2.310e-01	3.095e-02
chr2_232840992_G_T_b38	3	1.42858e-05	-2.350e-01	3.095e-02
chr2_232826154_C_T_b38	3	6.31967e-06	0.000e+00	0.000e+00
chr2_232818535_G_C_b38	3	3.66356e-07	0.000e+00	0.000e+00
chr2_232819692_A_G_b38	3	1.94004e-07	0.000e+00	0.000e+00
chr2_232831175_C_T_b38	3	1.44306e-07	0.000e+00	0.000e+00
chr2_232803034_A_G_b38	3	4.99990e-08	0.000e+00	0.000e+00
chr2_232822612_C_T_b38	3	3.48252e-08	0.000e+00	0.000e+00
chr2_232822152_A_G_b38	3	2.01934e-08	0.000e+00	0.000e+00
chr2_232831991_C_A_b38	3	1.90599e-08	0.000e+00	0.000e+00
chr2_232829963_G_A_b38	3	1.64931e-08	0.000e+00	0.000e+00
chr2_232738355_C_G_b38	3	1.47098e-08	0.000e+00	0.000e+00
chr2_232825372_C_T_b38	3	1.44198e-08	0.000e+00	0.000e+00
chr2_232728789_C_T_b38	3	1.40232e-08	0.000e+00	0.000e+00
chr2_232790137_A_G_b38	3	1.05842e-08	0.000e+00	0.000e+00
chr2_232823832_C_T_b38	3	8.38814e-09	0.000e+00	0.000e+00
chr2_232759053_C_A_b38	3	7.93697e-09	0.000e+00	0.000e+00
chr2_232802077_G_A_b38	3	7.84383e-09	0.000e+00	0.000e+00
chr2_232819274_C_T_b38	3	6.56820e-09	0.000e+00	0.000e+00
chr2_232816802_T_G_b38	3	6.56547e-09	0.000e+00	0.000e+00
chr2_232790204_T_G_b38	3	6.54839e-09	0.000e+00	0.000e+00
chr2_232730453_C_A_b38	3	6.29358e-09	0.000e+00	0.000e+00
chr2_232784667_G_A_b38	3	6.08114e-09	0.000e+00	0.000e+00
chr2_232770503_T_C_b38	3	5.46523e-09	0.000e+00	0.000e+00
chr2_232751999_A_G_b38	3	4.94122e-09	0.000e+00	0.000e+00
chr2_232792208_G_A_b38	3	4.71290e-09	0.000e+00	0.000e+00
chr2_232752937_T_C_b38	3	3.51231e-09	0.000e+00	0.000e+00
chr2_232762540_T_C_b38	3	2.46216e-09	0.000e+00	0.000e+00
chr2_232784598_G_GCTAGGATGAT_b38	3	1.16571e-09	0.000e+00	0.000e+00
chr2_232874968_T_C_b38	3	2.28347e-10	0.000e+00	0.000e+00
chr2_232871423_G_C_b38	3	1.47590e-10	0.000e+00	0.000e+00
chr2_232769280_C_T_b38	3	1.45082e-10	0.000e+00	0.000e+00
chr2_232868434_G_A_b38	3	1.33097e-10	0.000e+00	0.000e+00
chr2_232868642_A_G_b38	3	1.33097e-10	0.000e+00	0.000e+00
chr2_232870999_G_A_b38	3	4.50251e-11	0.000e+00	0.000e+00
chr2_232870983_C_T_b38	3	4.27713e-11	0.000e+00	0.000e+00
chr2_232871639_G_A_b38	3	4.27713e-11	0.000e+00	0.000e+00
chr2_232870833_T_C_b38	3	4.27713e-11	0.000e+00	0.000e+00
chr2_232875517_A_G_b38	3	3.95156e-11	0.000e+00	0.000e+00
chr2_232768056_T_C_b38	3	2.96564e-12	0.000e+00	0.000e+00
chr2_232784450_C_T_b38	3	5.35722e-13	0.000e+00	0.000e+00
chr2_232880623_G_C_b38	3	2.12214e-13	0.000e+00	0.000e+00
chr2_232747331_G_T_b38	3	3.42614e-15	0.000e+00	0.000e+00
chr2_232744340_C_G_b38	3	3.28308e-15	0.000e+00	0.000e+00
chr2_232741493_G_A_b38	3	3.22904e-15	0.000e+00	0.000e+00
chr2_232818012_C_T_b38	3	3.12829e-15	0.000e+00	0.000e+00
chr2_232732453_G_C_b38	3	2.96599e-15	0.000e+00	0.000e+00
