chr6_155254733_G_A_b38	1	8.66347e-02	6.402e-01	8.521e-02
chr6_155255311_G_A_b38	1	8.13517e-02	6.174e-01	8.238e-02
chr6_155258112_A_C_b38	1	7.66863e-02	-6.306e-01	8.624e-02
chr6_155252700_T_C_b38	1	6.92885e-02	6.227e-01	8.133e-02
chr6_155254297_C_T_b38	1	6.39213e-02	6.260e-01	8.580e-02
chr6_155254473_G_A_b38	1	6.36955e-02	6.306e-01	8.625e-02
chr6_155247747_A_G_b38	1	6.10458e-02	6.227e-01	8.133e-02
chr6_155246749_A_G_b38	1	6.10458e-02	6.227e-01	8.133e-02
chr6_155260701_T_G_b38	1	4.38680e-02	-6.308e-01	8.634e-02
chr6_155253344_G_A_b38	1	3.55442e-02	6.307e-01	8.640e-02
chr6_155252197_A_G_b38	1	3.47007e-02	6.216e-01	8.578e-02
chr6_155247409_C_A_b38	1	3.05727e-02	6.216e-01	8.578e-02
chr6_155248580_A_G_b38	1	3.05727e-02	6.216e-01	8.578e-02
chr6_155256240_T_C_b38	1	2.99272e-02	-5.918e-01	9.362e-02
chr6_155265464_A_C_b38	1	2.97142e-02	-6.307e-01	8.640e-02
chr6_155256689_C_T_b38	1	2.73526e-02	-5.793e-01	9.311e-02
chr6_155266568_T_C_b38	1	1.58444e-02	-6.306e-01	8.642e-02
chr6_155266575_T_G_b38	1	1.58444e-02	-6.306e-01	8.642e-02
chr6_155242707_G_A_b38	1	1.47050e-02	6.306e-01	8.642e-02
chr6_155269950_C_T_b38	1	1.14864e-02	-6.149e-01	8.335e-02
chr6_155269675_A_T_b38	1	1.14864e-02	-6.149e-01	8.335e-02
chr6_155257465_A_T_b38	1	5.26396e-03	-5.885e-01	9.381e-02
chr6_155258423_A_G_b38	1	5.26396e-03	-5.885e-01	9.381e-02
chr6_155257622_A_T_b38	1	5.26396e-03	-5.885e-01	9.381e-02
chr6_155258900_CTGA_C_b38	1	5.26396e-03	-5.885e-01	9.381e-02
chr6_155258547_A_AAT_b38	1	5.26396e-03	-5.885e-01	9.381e-02
chr6_155244610_T_C_b38	1	4.48833e-03	5.966e-01	9.089e-02
chr6_155254412_C_G_b38	1	4.27362e-03	5.889e-01	9.415e-02
chr6_155254807_C_T_b38	1	4.27362e-03	5.889e-01	9.415e-02
chr6_155260155_C_A_b38	1	2.95807e-03	-5.880e-01	9.410e-02
chr6_155260485_G_A_b38	1	2.95807e-03	-5.880e-01	9.410e-02
chr6_155259134_T_C_b38	1	2.95807e-03	-5.880e-01	9.410e-02
chr6_155261081_T_G_b38	1	2.95807e-03	-5.880e-01	9.410e-02
chr6_155260770_C_T_b38	1	2.95807e-03	-5.880e-01	9.410e-02
chr6_155259207_A_G_b38	1	2.95807e-03	-5.880e-01	9.410e-02
chr6_155260052_C_T_b38	1	2.95807e-03	-5.880e-01	9.410e-02
chr6_155253064_C_T_b38	1	2.50080e-03	5.797e-01	9.509e-02
chr6_155250563_T_C_b38	1	1.97385e-03	5.778e-01	9.383e-02
chr6_155247685_A_G_b38	1	1.97385e-03	5.778e-01	9.383e-02
chr6_155246746_T_C_b38	1	1.97385e-03	5.778e-01	9.383e-02
chr6_155247182_C_T_b38	1	1.97385e-03	5.778e-01	9.383e-02
chr6_155246727_A_C_b38	1	1.97385e-03	5.778e-01	9.383e-02
chr6_155248504_G_C_b38	1	1.97385e-03	5.778e-01	9.383e-02
chr6_155266288_A_G_b38	1	1.96909e-03	-5.885e-01	9.445e-02
chr6_155265503_CAGA_C_b38	1	1.96909e-03	-5.885e-01	9.445e-02
chr6_155262539_A_C_b38	1	1.96909e-03	-5.885e-01	9.445e-02
chr6_155263222_T_C_b38	1	1.96909e-03	-5.885e-01	9.445e-02
chr6_155266771_T_C_b38	1	1.05257e-03	-5.885e-01	9.445e-02
chr6_155276552_C_G_b38	1	1.05257e-03	-5.885e-01	9.445e-02
chr6_155267241_T_C_b38	1	1.05257e-03	-5.885e-01	9.445e-02
chr6_155268639_G_A_b38	1	1.05257e-03	-5.885e-01	9.445e-02
chr6_155267255_A_G_b38	1	1.05257e-03	-5.885e-01	9.445e-02
chr6_155275767_T_C_b38	1	1.05257e-03	-5.885e-01	9.445e-02
chr6_155273810_T_C_b38	1	1.05257e-03	-5.885e-01	9.445e-02
chr6_155273503_C_T_b38	1	1.05257e-03	-5.885e-01	9.445e-02
chr6_155274993_C_T_b38	1	1.05257e-03	-5.885e-01	9.445e-02
chr6_155272895_A_G_b38	1	1.05257e-03	-5.885e-01	9.445e-02
chr6_155266462_A_C_b38	1	1.05257e-03	-5.885e-01	9.445e-02
chr6_155267327_G_A_b38	1	1.05257e-03	-5.885e-01	9.445e-02
chr6_155276510_A_G_b38	1	1.05257e-03	-5.885e-01	9.445e-02
chr6_155275151_A_G_b38	1	1.05257e-03	-5.885e-01	9.445e-02
chr6_155266613_A_G_b38	1	1.05257e-03	-5.885e-01	9.445e-02
chr6_155269559_C_T_b38	1	1.05257e-03	-5.885e-01	9.445e-02
chr6_155274348_G_C_b38	1	1.05257e-03	-5.885e-01	9.445e-02
chr6_155275212_T_C_b38	1	1.05257e-03	-5.885e-01	9.445e-02
chr6_155276664_C_CTTTTTT_b38	1	1.05257e-03	-5.885e-01	9.445e-02
chr6_155243956_C_T_b38	1	1.52288e-04	4.564e-01	7.246e-02
chr6_155243955_T_C_b38	1	1.52288e-04	4.564e-01	7.246e-02
chr6_155245016_C_T_b38	1	1.52288e-04	4.564e-01	7.246e-02
chr6_155245030_C_A_b38	1	1.52288e-04	4.564e-01	7.246e-02
chr6_155243168_T_G_b38	1	1.52288e-04	4.564e-01	7.246e-02
chr6_155242154_C_T_b38	1	1.46291e-04	4.618e-01	7.340e-02
chr6_155245265_C_G_b38	1	1.46291e-04	4.618e-01	7.340e-02
chr6_155242460_T_C_b38	1	1.46291e-04	4.618e-01	7.340e-02
chr6_155273641_A_T_b38	1	4.88106e-05	-4.545e-01	7.514e-02
chr6_155257550_G_A_b38	2	9.21564e-01	4.361e-01	9.412e-02
chr6_155251578_T_G_b38	2	4.98030e-03	3.658e-01	9.846e-02
chr6_155242301_C_T_b38	2	1.82086e-11	0.000e+00	0.000e+00
chr6_155255941_C_T_b38	3	8.64274e-02	-4.357e-01	1.607e-01
chr6_155300423_A_G_b38	3	1.37893e-02	-6.363e-01	1.858e-01
chr6_155241405_C_T_b38	3	6.94107e-03	-4.348e-01	1.604e-01
chr6_155227328_C_T_b38	3	6.60357e-03	-5.392e-01	1.758e-01
chr6_155334976_C_T_b38	4	2.62090e-03	3.733e-01	8.927e-02
chr6_155335751_G_C_b38	4	8.69748e-04	3.501e-01	8.724e-02
chr6_155348742_G_A_b38	4	8.69748e-04	3.501e-01	8.724e-02
chr6_155335241_C_A_b38	4	8.69748e-04	3.501e-01	8.724e-02
chr6_155337831_C_T_b38	4	8.69748e-04	3.501e-01	8.724e-02
chr6_155348639_C_A_b38	4	8.69748e-04	3.501e-01	8.724e-02
chr6_155339896_G_A_b38	4	3.80783e-04	3.340e-01	8.646e-02
chr6_155343915_G_GA_b38	4	3.06782e-04	3.453e-01	8.978e-02
chr6_155340797_T_C_b38	4	3.06782e-04	3.453e-01	8.978e-02
chr6_155348589_G_C_b38	4	3.06782e-04	3.453e-01	8.978e-02
chr6_155340053_C_T_b38	4	3.06782e-04	3.453e-01	8.978e-02
chr6_155370999_C_A_b38	4	1.24252e-04	3.860e-01	8.682e-02
chr6_155371249_C_G_b38	4	1.24252e-04	3.860e-01	8.682e-02
chr6_155371807_A_G_b38	4	1.24252e-04	3.860e-01	8.682e-02
chr6_155339292_C_T_b38	4	1.07833e-04	3.223e-01	8.476e-02
chr6_155346424_C_G_b38	4	1.07833e-04	3.223e-01	8.476e-02
chr6_155347751_G_A_b38	4	1.07833e-04	3.223e-01	8.476e-02
chr6_155347829_T_C_b38	4	1.07833e-04	3.223e-01	8.476e-02
chr6_155347790_G_A_b38	4	1.07833e-04	3.223e-01	8.476e-02
chr6_155346893_C_T_b38	4	4.88430e-12	0.000e+00	0.000e+00
chr6_155339569_C_G_b38	4	4.70099e-12	0.000e+00	0.000e+00
chr6_155340781_C_T_b38	4	4.70099e-12	0.000e+00	0.000e+00
chr6_155345417_C_T_b38	4	4.70099e-12	0.000e+00	0.000e+00
chr6_155342054_G_A_b38	4	4.56292e-12	0.000e+00	0.000e+00
chr6_155341949_A_C_b38	4	4.56292e-12	0.000e+00	0.000e+00
chr6_155340686_G_A_b38	4	4.16193e-12	0.000e+00	0.000e+00
chr6_155345326_C_T_b38	4	4.16193e-12	0.000e+00	0.000e+00
chr6_155332546_G_A_b38	4	3.52107e-12	0.000e+00	0.000e+00
chr6_155342588_T_C_b38	4	3.06825e-12	0.000e+00	0.000e+00
chr6_155342900_G_A_b38	4	3.04275e-12	0.000e+00	0.000e+00
chr6_155378486_T_C_b38	4	2.72018e-12	0.000e+00	0.000e+00
chr6_155373441_A_C_b38	4	2.54785e-12	0.000e+00	0.000e+00
chr6_155372521_G_C_b38	4	2.54785e-12	0.000e+00	0.000e+00
chr6_155375580_A_G_b38	4	2.54785e-12	0.000e+00	0.000e+00
chr6_155372148_G_C_b38	4	2.54785e-12	0.000e+00	0.000e+00
chr6_155374221_T_C_b38	4	2.54785e-12	0.000e+00	0.000e+00
chr6_155376109_T_C_b38	4	2.54785e-12	0.000e+00	0.000e+00
chr6_155373047_T_G_b38	4	2.54785e-12	0.000e+00	0.000e+00
chr6_155343107_A_G_b38	4	2.29363e-12	0.000e+00	0.000e+00
chr6_155343397_CCTT_C_b38	4	2.29363e-12	0.000e+00	0.000e+00
chr6_155334020_A_G_b38	4	2.12906e-12	0.000e+00	0.000e+00
chr6_155333872_G_A_b38	4	2.12906e-12	0.000e+00	0.000e+00
chr6_155340259_C_T_b38	4	2.02808e-12	0.000e+00	0.000e+00
chr6_155344780_G_C_b38	4	2.02346e-12	0.000e+00	0.000e+00
chr6_155353195_T_G_b38	4	2.02346e-12	0.000e+00	0.000e+00
chr6_155346173_T_G_b38	4	2.02346e-12	0.000e+00	0.000e+00
chr6_155348934_G_C_b38	4	2.02346e-12	0.000e+00	0.000e+00
chr6_155336467_C_G_b38	4	2.02346e-12	0.000e+00	0.000e+00
chr6_155344268_G_T_b38	4	2.02346e-12	0.000e+00	0.000e+00
chr6_155338960_T_C_b38	4	2.02346e-12	0.000e+00	0.000e+00
chr6_155378598_A_G_b38	4	1.90039e-12	0.000e+00	0.000e+00
chr6_155376740_G_A_b38	4	1.74441e-12	0.000e+00	0.000e+00
chr6_155372758_T_C_b38	4	1.73679e-12	0.000e+00	0.000e+00
chr6_155373891_T_C_b38	4	1.73679e-12	0.000e+00	0.000e+00
chr6_155375816_T_A_b38	4	1.73679e-12	0.000e+00	0.000e+00
chr6_155374672_C_CT_b38	4	1.73679e-12	0.000e+00	0.000e+00
chr6_155372602_T_G_b38	4	1.73679e-12	0.000e+00	0.000e+00
chr6_155374961_T_C_b38	4	1.73679e-12	0.000e+00	0.000e+00
chr6_155376684_A_T_b38	4	1.69817e-12	0.000e+00	0.000e+00
chr6_155371136_C_T_b38	4	1.62744e-12	0.000e+00	0.000e+00
chr6_155369341_G_A_b38	4	1.62744e-12	0.000e+00	0.000e+00
chr6_155387830_A_G_b38	4	1.43137e-12	0.000e+00	0.000e+00
chr6_155388285_T_C_b38	4	1.43137e-12	0.000e+00	0.000e+00
chr6_155370572_C_G_b38	4	1.17914e-12	0.000e+00	0.000e+00
chr6_155370154_T_C_b38	4	1.17914e-12	0.000e+00	0.000e+00
chr6_155370406_A_G_b38	4	1.17914e-12	0.000e+00	0.000e+00
chr6_155369021_A_G_b38	4	1.03230e-12	0.000e+00	0.000e+00
chr6_155374945_G_T_b38	4	9.16020e-13	0.000e+00	0.000e+00
chr6_155369515_A_G_b38	4	8.75054e-13	0.000e+00	0.000e+00
chr6_155370739_G_A_b38	4	8.75054e-13	0.000e+00	0.000e+00
chr6_155370569_C_T_b38	4	8.75054e-13	0.000e+00	0.000e+00
