chr6_130053316_T_A_b38	1	9.99067e-01	-6.952e-01	4.687e-02
chr6_130020090_T_C_b38	2	9.04058e-02	1.480e-01	3.971e-02
chr6_130024690_G_A_b38	2	2.65605e-02	1.396e-01	3.913e-02
chr6_130013264_A_G_b38	3	5.45875e-03	1.264e-01	4.976e-02
chr6_130015408_T_C_b38	3	4.97652e-04	1.228e-01	5.704e-02
chr6_130007494_G_A_b38	3	3.45519e-04	1.264e-01	4.976e-02
chr6_130010120_A_G_b38	3	3.09091e-04	1.187e-01	5.542e-02
chr6_130007104_A_AAG_b38	3	1.68750e-04	1.187e-01	5.542e-02
chr6_130017576_A_AAAAT_b38	3	1.65631e-04	1.052e-01	6.300e-02
chr6_130010523_A_G_b38	3	1.55200e-04	7.570e-02	4.264e-02
chr6_130005911_G_A_b38	3	9.07557e-05	7.798e-02	4.269e-02
chr6_130006558_G_GCAGAATTTGTTGGAA_b38	3	8.67457e-05	9.819e-02	6.069e-02
chr6_130007254_C_A_b38	3	8.56633e-05	7.773e-02	4.418e-02
chr6_130008353_T_C_b38	3	8.47322e-05	7.570e-02	4.264e-02
chr6_130008048_A_C_b38	3	8.47322e-05	7.570e-02	4.264e-02
chr6_130005535_T_C_b38	3	8.47322e-05	7.570e-02	4.264e-02
chr6_130020583_C_CT_b38	3	8.04133e-05	1.036e-01	7.254e-02
chr6_130007407_G_A_b38	3	7.97005e-05	7.406e-02	4.268e-02
chr6_130005525_G_A_b38	3	7.97005e-05	7.406e-02	4.268e-02
chr6_130004551_C_A_b38	3	7.49663e-05	7.339e-02	4.424e-02
chr6_130004310_A_ACTGT_b38	3	6.96084e-05	8.113e-02	5.322e-02
