chr3_49458626_G_A_b38	1	1.79841e-01	1.680e-01	3.661e-02
chr3_49427729_C_T_b38	1	1.16552e-01	1.742e-01	3.644e-02
chr3_49487785_C_T_b38	1	1.14522e-01	1.661e-01	3.745e-02
chr3_49465346_G_A_b38	1	8.82826e-02	1.458e-01	3.672e-02
chr3_49539584_A_C_b38	1	2.40060e-02	1.678e-01	3.609e-02
chr3_49400167_G_C_b38	1	1.71796e-02	1.629e-01	3.518e-02
chr3_49403135_G_A_b38	1	1.71796e-02	1.629e-01	3.518e-02
chr3_49568952_G_A_b38	1	9.44854e-03	1.786e-01	3.663e-02
chr3_49583934_C_T_b38	1	4.98633e-03	1.690e-01	3.517e-02
chr3_49633604_G_A_b38	1	2.87938e-03	1.720e-01	3.696e-02
chr3_49394971_C_T_b38	1	2.85381e-03	1.435e-01	3.366e-02
chr3_49411133_A_C_b38	1	2.85381e-03	1.435e-01	3.366e-02
chr3_49528409_C_T_b38	1	2.38250e-03	1.462e-01	3.498e-02
chr3_49466662_T_C_b38	2	7.97025e-02	1.060e-01	2.943e-02
chr3_49498696_T_TTTA_b38	2	3.32579e-02	1.291e-01	3.014e-02
chr3_49477331_C_A_b38	2	1.80693e-02	1.038e-01	3.061e-02
chr3_49475155_A_G_b38	2	1.69955e-02	1.031e-01	3.061e-02
chr3_49476477_G_A_b38	2	1.69955e-02	1.031e-01	3.061e-02
chr3_49450054_A_C_b38	2	1.66471e-02	1.066e-01	2.936e-02
chr3_49485110_C_T_b38	2	1.55472e-02	1.074e-01	2.975e-02
chr3_49487663_A_G_b38	2	1.02304e-02	1.038e-01	3.055e-02
chr3_49455048_C_G_b38	2	9.74329e-03	1.031e-01	3.055e-02
chr3_49455718_G_T_b38	2	9.74329e-03	1.031e-01	3.055e-02
chr3_49492049_C_T_b38	2	9.62258e-03	1.031e-01	3.055e-02
chr3_49488525_T_C_b38	2	9.62258e-03	1.031e-01	3.055e-02
chr3_49454550_G_T_b38	2	7.74760e-03	1.027e-01	3.179e-02
chr3_49435644_G_A_b38	2	7.61771e-03	1.077e-01	2.859e-02
chr3_49420922_G_C_b38	2	6.15546e-03	1.068e-01	2.913e-02
chr3_49425854_G_A_b38	2	6.15546e-03	1.068e-01	2.913e-02
chr3_49433235_G_A_b38	2	5.86025e-03	1.063e-01	2.911e-02
chr3_49440033_G_A_b38	2	5.86025e-03	1.063e-01	2.911e-02
chr3_49437722_T_C_b38	2	5.86025e-03	1.063e-01	2.911e-02
chr3_49505855_A_G_b38	2	4.39722e-03	1.043e-01	2.975e-02
chr3_49502719_A_G_b38	2	4.10957e-03	1.035e-01	2.986e-02
chr3_49500406_C_G_b38	2	4.03268e-03	1.043e-01	3.019e-02
chr3_49501499_T_C_b38	2	4.03268e-03	1.043e-01	3.019e-02
chr3_49510128_T_C_b38	2	3.79316e-03	1.036e-01	3.018e-02
chr3_49504840_T_C_b38	2	3.79316e-03	1.036e-01	3.018e-02
chr3_49518530_T_C_b38	2	3.79316e-03	1.036e-01	3.018e-02
chr3_49500279_G_A_b38	2	3.79316e-03	1.036e-01	3.018e-02
chr3_49502681_T_C_b38	2	3.79316e-03	1.036e-01	3.018e-02
chr3_49501789_G_A_b38	2	3.79316e-03	1.036e-01	3.018e-02
chr3_49501968_T_C_b38	2	3.79316e-03	1.036e-01	3.018e-02
chr3_49441555_CT_C_b38	2	3.59005e-03	1.036e-01	3.018e-02
chr3_49537375_C_G_b38	2	2.89558e-03	1.102e-01	2.890e-02
chr3_49506223_C_T_b38	2	2.80355e-03	1.004e-01	3.083e-02
chr3_49539613_TAG_T_b38	2	2.35429e-03	1.083e-01	2.905e-02
chr3_49559580_C_T_b38	2	2.13181e-03	1.076e-01	2.932e-02
chr3_49541584_T_C_b38	2	2.13181e-03	1.076e-01	2.932e-02
chr3_49560304_T_C_b38	2	2.13181e-03	1.076e-01	2.932e-02
chr3_49537934_G_A_b38	2	2.13181e-03	1.076e-01	2.932e-02
chr3_49553337_C_T_b38	2	2.13181e-03	1.076e-01	2.932e-02
chr3_49386850_C_T_b38	2	2.11140e-03	1.070e-01	2.900e-02
chr3_49416401_C_T_b38	2	2.11140e-03	1.070e-01	2.900e-02
chr3_49413016_C_T_b38	2	2.11140e-03	1.070e-01	2.900e-02
chr3_49397221_G_A_b38	2	2.11140e-03	1.070e-01	2.900e-02
chr3_49377358_C_T_b38	2	2.11140e-03	1.070e-01	2.900e-02
chr3_49400788_G_A_b38	2	2.11140e-03	1.070e-01	2.900e-02
chr3_49375126_G_A_b38	2	2.11140e-03	1.070e-01	2.900e-02
chr3_49398203_T_TAGCCAAGTG_b38	2	2.11140e-03	1.070e-01	2.900e-02
chr3_49385841_A_G_b38	2	2.11140e-03	1.070e-01	2.900e-02
chr3_49389886_G_C_b38	2	2.11140e-03	1.070e-01	2.900e-02
chr3_49418553_G_T_b38	2	2.01035e-03	1.065e-01	2.897e-02
chr3_49403658_G_A_b38	2	2.01035e-03	1.065e-01	2.897e-02
chr3_49379810_C_A_b38	2	2.01035e-03	1.065e-01	2.897e-02
chr3_49416679_A_G_b38	2	2.01035e-03	1.065e-01	2.897e-02
chr3_49394420_G_A_b38	2	2.01035e-03	1.065e-01	2.897e-02
chr3_49417897_C_T_b38	2	2.01035e-03	1.065e-01	2.897e-02
chr3_49379392_G_A_b38	2	2.01035e-03	1.065e-01	2.897e-02
chr3_49408664_G_GTATA_b38	2	2.01035e-03	1.065e-01	2.897e-02
chr3_49416844_G_A_b38	2	2.01035e-03	1.065e-01	2.897e-02
chr3_49559797_C_G_b38	2	1.99801e-03	1.069e-01	2.929e-02
chr3_49565856_C_T_b38	2	1.99801e-03	1.069e-01	2.929e-02
chr3_49369275_G_A_b38	2	1.98127e-03	1.069e-01	2.923e-02
chr3_49370227_G_C_b38	2	1.98127e-03	1.069e-01	2.923e-02
chr3_49371541_A_G_b38	2	1.85930e-03	1.062e-01	2.921e-02
chr3_49532767_C_T_b38	2	1.37768e-03	1.043e-01	3.019e-02
chr3_49521283_C_T_b38	2	1.29586e-03	1.036e-01	3.018e-02
chr3_49526023_G_A_b38	2	1.29586e-03	1.036e-01	3.018e-02
chr3_49534707_A_G_b38	2	1.07313e-03	1.017e-01	3.059e-02
chr3_49522052_A_G_b38	2	7.07855e-04	-1.000e-01	2.960e-02
chr3_49636714_C_G_b38	2	4.97883e-04	1.099e-01	2.754e-02
chr3_49612556_C_G_b38	2	4.97883e-04	1.099e-01	2.754e-02
chr3_49606760_T_C_b38	2	4.97883e-04	1.099e-01	2.754e-02
chr3_49637025_A_G_b38	2	4.97883e-04	1.099e-01	2.754e-02
chr3_49612962_G_A_b38	2	4.97883e-04	1.099e-01	2.754e-02
chr3_49604997_C_T_b38	2	4.97883e-04	1.099e-01	2.754e-02
chr3_49613777_G_A_b38	2	4.97883e-04	1.099e-01	2.754e-02
chr3_49471395_T_G_b38	3	1.12823e-04	3.056e-02	5.476e-02
chr3_49530436_C_A_b38	3	1.16284e-06	0.000e+00	0.000e+00
