chr12_56308088_T_C_b38	1	8.72388e-02	-1.304e-01	2.799e-02
chr12_56307025_G_A_b38	1	8.15305e-02	-1.309e-01	2.819e-02
chr12_56323682_C_T_b38	1	8.06564e-02	-1.304e-01	2.799e-02
chr12_56308392_C_T_b38	1	6.66248e-02	-1.285e-01	2.796e-02
chr12_56352611_AATGC_A_b38	1	5.33438e-02	1.385e-01	2.816e-02
chr12_56337293_C_G_b38	1	4.52693e-02	1.327e-01	2.840e-02
chr12_56329046_C_T_b38	1	4.28125e-02	-1.304e-01	2.799e-02
chr12_56332734_G_A_b38	1	4.28125e-02	-1.304e-01	2.799e-02
chr12_56334216_G_A_b38	1	4.28125e-02	1.304e-01	2.799e-02
chr12_56300477_C_A_b38	1	4.03905e-02	-1.302e-01	2.809e-02
chr12_56334474_GA_G_b38	1	3.05620e-02	1.288e-01	2.811e-02
chr12_56350492_C_G_b38	1	2.86166e-02	1.343e-01	2.812e-02
chr12_56349583_T_C_b38	1	2.48128e-02	1.330e-01	2.803e-02
chr12_56295941_G_C_b38	1	2.03975e-02	-1.372e-01	3.065e-02
chr12_56305839_A_G_b38	1	1.72894e-02	-1.266e-01	2.857e-02
chr12_56344189_A_G_b38	1	1.72735e-02	1.304e-01	2.799e-02
chr12_56280982_G_A_b38	1	1.54887e-02	-1.302e-01	2.809e-02
chr12_56290712_TAGGAA_T_b38	1	1.54887e-02	-1.302e-01	2.809e-02
chr12_56314792_G_A_b38	1	1.53465e-02	1.350e-01	3.390e-02
chr12_56288587_C_T_b38	1	1.30406e-02	-1.296e-01	2.821e-02
chr12_56313138_A_C_b38	1	9.01729e-03	1.350e-01	3.390e-02
chr12_56294453_G_A_b38	1	7.73711e-03	1.555e-01	3.664e-02
chr12_56255817_A_G_b38	1	7.00304e-03	-1.307e-01	2.774e-02
chr12_56254127_G_C_b38	1	6.31884e-03	-1.301e-01	2.775e-02
chr12_56303326_G_A_b38	1	6.23360e-03	-1.194e-01	2.864e-02
chr12_56307595_G_C_b38	1	5.92687e-03	1.350e-01	3.390e-02
chr12_56308228_C_A_b38	1	5.92687e-03	1.350e-01	3.390e-02
chr12_56234594_C_T_b38	1	5.78296e-03	-1.300e-01	2.785e-02
chr12_56324021_G_A_b38	1	5.47967e-03	1.350e-01	3.390e-02
chr12_56325666_G_A_b38	1	5.47967e-03	1.350e-01	3.390e-02
chr12_56312637_T_C_b38	1	4.08288e-03	1.294e-01	3.446e-02
chr12_56297989_AC_A_b38	1	3.65006e-03	1.393e-01	3.451e-02
chr12_56339747_G_A_b38	1	3.59407e-03	1.376e-01	3.403e-02
chr12_56231909_C_A_b38	1	3.53410e-03	-1.273e-01	2.797e-02
chr12_56295751_G_A_b38	1	3.13933e-03	1.353e-01	3.389e-02
chr12_56335955_A_G_b38	1	3.11803e-03	1.357e-01	3.390e-02
chr12_56306209_A_C_b38	1	3.11634e-03	1.353e-01	3.390e-02
chr12_56301676_G_GT_b38	1	3.04174e-03	1.350e-01	3.390e-02
chr12_56299736_C_A_b38	1	3.04174e-03	1.350e-01	3.390e-02
chr12_56293213_C_T_b38	1	3.04174e-03	1.350e-01	3.390e-02
chr12_56305176_G_A_b38	1	3.04174e-03	1.350e-01	3.390e-02
chr12_56302170_C_T_b38	1	3.04174e-03	1.350e-01	3.390e-02
chr12_56293788_G_T_b38	1	3.04174e-03	1.350e-01	3.390e-02
chr12_56296878_G_A_b38	1	3.04174e-03	1.350e-01	3.390e-02
chr12_56301033_A_G_b38	1	3.04174e-03	1.350e-01	3.390e-02
chr12_56302272_A_G_b38	1	2.96727e-03	1.348e-01	3.390e-02
chr12_56336643_T_TA_b38	1	2.90866e-03	1.350e-01	3.390e-02
chr12_56334353_T_C_b38	1	2.90866e-03	1.350e-01	3.390e-02
chr12_56333921_G_A_b38	1	2.90866e-03	1.350e-01	3.390e-02
chr12_56329802_A_G_b38	1	2.90866e-03	1.350e-01	3.390e-02
chr12_56331337_A_G_b38	1	2.90866e-03	1.350e-01	3.390e-02
chr12_56332197_GA_G_b38	1	2.90866e-03	1.350e-01	3.390e-02
chr12_56304419_T_TC_b38	1	2.89343e-03	1.346e-01	3.390e-02
chr12_56330549_C_T_b38	1	2.79299e-03	1.348e-01	3.393e-02
chr12_56293675_T_C_b38	1	2.78591e-03	1.334e-01	3.371e-02
chr12_56247102_C_T_b38	1	2.60569e-03	-1.277e-01	2.853e-02
chr12_56324638_T_C_b38	1	2.55040e-03	1.282e-01	3.406e-02
chr12_56332565_A_G_b38	1	2.42889e-03	1.340e-01	3.407e-02
chr12_56321800_G_A_b38	1	2.03008e-03	1.284e-01	3.473e-02
chr12_56332556_C_T_b38	1	1.87888e-03	1.315e-01	3.406e-02
chr12_56284551_T_C_b38	1	1.64941e-03	1.426e-01	3.492e-02
chr12_56356953_C_T_b38	1	1.63313e-03	1.387e-01	3.403e-02
chr12_56329935_T_C_b38	1	1.63111e-03	1.429e-01	3.735e-02
chr12_56350661_T_C_b38	1	1.44998e-03	1.376e-01	3.404e-02
chr12_56359090_A_G_b38	1	1.44998e-03	1.376e-01	3.404e-02
chr12_56356420_C_T_b38	1	1.44998e-03	1.376e-01	3.404e-02
chr12_56352004_T_C_b38	1	1.44998e-03	1.376e-01	3.404e-02
chr12_56350638_G_A_b38	1	1.44998e-03	1.376e-01	3.404e-02
chr12_56358370_C_T_b38	1	1.44998e-03	1.376e-01	3.404e-02
chr12_56352774_C_T_b38	1	1.41438e-03	1.374e-01	3.405e-02
chr12_56283477_G_A_b38	1	1.31870e-03	1.370e-01	3.408e-02
chr12_56346073_GCC_G_b38	1	1.17318e-03	1.350e-01	3.390e-02
chr12_56346898_C_G_b38	1	1.17318e-03	1.350e-01	3.390e-02
chr12_56342206_G_T_b38	1	1.17318e-03	1.350e-01	3.390e-02
chr12_56346229_GAGA_G_b38	1	1.17318e-03	1.350e-01	3.390e-02
chr12_56347444_G_A_b38	1	1.17318e-03	1.350e-01	3.390e-02
chr12_56273514_T_C_b38	1	1.16606e-03	1.350e-01	3.390e-02
chr12_56286747_T_C_b38	1	1.16606e-03	1.350e-01	3.390e-02
chr12_56284195_T_A_b38	1	1.16606e-03	1.350e-01	3.390e-02
chr12_56283033_CT_C_b38	1	1.16606e-03	1.350e-01	3.390e-02
chr12_56286187_A_G_b38	1	1.16606e-03	1.350e-01	3.390e-02
chr12_56270447_C_T_b38	1	1.16606e-03	1.350e-01	3.390e-02
chr12_56286852_A_G_b38	1	1.16606e-03	1.350e-01	3.390e-02
chr12_56285967_A_G_b38	1	1.16606e-03	1.350e-01	3.390e-02
chr12_56273316_A_G_b38	1	1.16606e-03	1.350e-01	3.390e-02
chr12_56267121_G_T_b38	1	1.16606e-03	1.350e-01	3.390e-02
chr12_56291014_C_T_b38	1	1.16606e-03	1.350e-01	3.390e-02
chr12_56290191_C_T_b38	1	1.16606e-03	1.350e-01	3.390e-02
chr12_56278322_T_A_b38	1	1.16606e-03	1.350e-01	3.390e-02
chr12_56290873_CA_C_b38	1	1.14540e-03	1.349e-01	3.390e-02
chr12_56274110_C_T_b38	1	1.11195e-03	1.346e-01	3.390e-02
chr12_56302958_T_C_b38	1	1.03406e-03	1.269e-01	3.458e-02
chr12_56302761_T_G_b38	1	1.02423e-03	1.417e-01	3.857e-02
chr12_56277363_G_A_b38	1	9.42000e-04	1.358e-01	3.461e-02
chr12_56353960_C_T_b38	1	8.25502e-04	1.495e-01	3.810e-02
chr12_56271104_C_T_b38	2	5.90149e-02	-1.542e-01	4.153e-02
chr12_56317587_C_T_b38	3	3.67543e-04	6.799e-02	4.421e-02
chr12_56310368_A_G_b38	3	1.14820e-04	6.554e-02	4.432e-02
chr12_56347914_G_C_b38	3	1.83581e-05	0.000e+00	0.000e+00
chr12_56274390_A_G_b38	3	6.58868e-06	0.000e+00	0.000e+00
