chr9_33691385_A_C_b38	1	3.89489e-02	8.937e-01	2.115e-01
chr9_33685837_C_T_b38	1	2.78015e-02	8.938e-01	2.115e-01
chr9_33687513_C_G_b38	1	2.78015e-02	8.938e-01	2.115e-01
chr9_33687631_C_T_b38	1	2.78015e-02	8.938e-01	2.115e-01
chr9_33688471_T_A_b38	1	2.78015e-02	8.938e-01	2.115e-01
chr9_33687890_C_T_b38	1	2.78015e-02	8.938e-01	2.115e-01
chr9_33686112_A_G_b38	1	2.78015e-02	8.938e-01	2.115e-01
chr9_33687193_A_G_b38	1	2.78015e-02	8.938e-01	2.115e-01
chr9_33677182_A_G_b38	1	1.91579e-02	9.527e-01	2.157e-01
chr9_33677151_G_C_b38	1	1.91579e-02	9.527e-01	2.157e-01
chr9_33677170_T_TC_b38	1	1.91579e-02	9.527e-01	2.157e-01
chr9_33677187_G_C_b38	1	1.76469e-02	9.496e-01	2.162e-01
chr9_33666450_G_A_b38	1	1.53850e-02	8.938e-01	1.963e-01
chr9_33681448_A_C_b38	1	1.36531e-02	8.873e-01	2.070e-01
chr9_33710242_C_T_b38	1	1.34584e-02	8.931e-01	2.112e-01
chr9_33717760_A_T_b38	1	1.34584e-02	8.931e-01	2.112e-01
chr9_33719797_T_C_b38	1	1.34584e-02	8.931e-01	2.112e-01
chr9_33716806_A_C_b38	1	1.34584e-02	8.931e-01	2.112e-01
chr9_33696246_G_T_b38	1	1.15569e-02	7.096e-01	2.436e-01
chr9_33682141_A_C_b38	1	1.07690e-02	8.931e-01	2.112e-01
chr9_33685399_G_A_b38	1	1.07690e-02	8.931e-01	2.112e-01
chr9_33682137_C_CGT_b38	1	1.07690e-02	8.931e-01	2.112e-01
chr9_33683742_T_C_b38	1	1.07690e-02	8.931e-01	2.112e-01
chr9_33683800_C_G_b38	1	1.07690e-02	8.931e-01	2.112e-01
chr9_33684949_T_C_b38	1	1.07690e-02	8.931e-01	2.112e-01
chr9_33683569_G_C_b38	1	1.07690e-02	8.931e-01	2.112e-01
chr9_33685273_C_T_b38	1	1.07690e-02	8.931e-01	2.112e-01
chr9_33676175_C_T_b38	1	1.07686e-02	8.931e-01	2.112e-01
chr9_33680603_G_T_b38	1	1.07686e-02	8.931e-01	2.112e-01
chr9_33676829_G_T_b38	1	1.07686e-02	8.931e-01	2.112e-01
chr9_33677004_C_G_b38	1	1.07686e-02	8.931e-01	2.112e-01
chr9_33676775_G_C_b38	1	1.07686e-02	8.931e-01	2.112e-01
chr9_33681811_G_A_b38	1	1.07686e-02	8.931e-01	2.112e-01
chr9_33677476_C_T_b38	1	1.07686e-02	8.931e-01	2.112e-01
chr9_33672344_T_A_b38	1	1.07686e-02	8.931e-01	2.112e-01
chr9_33674503_C_T_b38	1	1.07686e-02	8.931e-01	2.112e-01
chr9_33672393_T_C_b38	1	1.07686e-02	8.931e-01	2.112e-01
chr9_33678307_G_A_b38	1	1.07686e-02	8.931e-01	2.112e-01
chr9_33679508_G_A_b38	1	1.07686e-02	8.931e-01	2.112e-01
chr9_33679356_G_A_b38	1	1.07686e-02	8.931e-01	2.112e-01
chr9_33672538_C_A_b38	1	1.07686e-02	8.931e-01	2.112e-01
chr9_33673798_C_A_b38	1	1.07686e-02	8.931e-01	2.112e-01
chr9_33673794_A_G_b38	1	1.07686e-02	8.931e-01	2.112e-01
chr9_33673937_C_T_b38	1	1.07686e-02	8.931e-01	2.112e-01
chr9_33681450_A_C_b38	1	1.07686e-02	8.931e-01	2.112e-01
chr9_33679778_G_A_b38	1	1.07686e-02	8.931e-01	2.112e-01
chr9_33677341_A_C_b38	1	1.07686e-02	8.931e-01	2.112e-01
chr9_33679602_ATG_A_b38	1	1.07686e-02	8.931e-01	2.112e-01
chr9_33677351_GT_G_b38	1	1.07686e-02	8.931e-01	2.112e-01
chr9_33680994_T_C_b38	1	1.07686e-02	8.931e-01	2.112e-01
chr9_33691075_G_A_b38	1	9.37914e-03	8.792e-01	2.316e-01
chr9_33700437_T_G_b38	1	9.24744e-03	8.792e-01	2.316e-01
chr9_33689673_A_G_b38	1	6.68672e-03	8.792e-01	2.316e-01
chr9_33686226_A_C_b38	1	6.68672e-03	8.792e-01	2.316e-01
chr9_33690228_G_A_b38	1	6.68672e-03	8.792e-01	2.316e-01
chr9_33688184_C_T_b38	1	6.68672e-03	8.792e-01	2.316e-01
chr9_33701370_A_G_b38	1	6.38118e-03	8.792e-01	2.316e-01
chr9_33701988_A_G_b38	1	6.38118e-03	8.792e-01	2.316e-01
chr9_33663503_C_T_b38	1	4.54768e-03	8.920e-01	2.106e-01
chr9_33662916_C_G_b38	1	4.54768e-03	8.920e-01	2.106e-01
chr9_33664734_C_G_b38	1	4.54768e-03	8.920e-01	2.106e-01
chr9_33669134_G_A_b38	1	4.54768e-03	8.920e-01	2.106e-01
chr9_33667566_C_T_b38	1	4.54768e-03	8.920e-01	2.106e-01
chr9_33666718_T_C_b38	1	4.54768e-03	8.920e-01	2.106e-01
chr9_33662559_G_C_b38	1	4.54768e-03	8.920e-01	2.106e-01
chr9_33669386_A_G_b38	1	4.54768e-03	8.920e-01	2.106e-01
chr9_33662595_G_A_b38	1	4.54768e-03	8.920e-01	2.106e-01
chr9_33663770_T_G_b38	1	4.54768e-03	8.920e-01	2.106e-01
chr9_33667496_T_A_b38	1	4.54768e-03	8.920e-01	2.106e-01
chr9_33662952_T_C_b38	1	4.54768e-03	8.920e-01	2.106e-01
chr9_33667157_T_C_b38	1	4.54768e-03	8.920e-01	2.106e-01
chr9_33669651_A_G_b38	1	4.54768e-03	8.920e-01	2.106e-01
chr9_33667639_G_A_b38	1	4.54768e-03	8.920e-01	2.106e-01
chr9_33662787_A_C_b38	1	4.54768e-03	8.920e-01	2.106e-01
chr9_33667282_G_A_b38	1	4.54768e-03	8.920e-01	2.106e-01
chr9_33662085_G_T_b38	1	4.54768e-03	8.920e-01	2.106e-01
chr9_33662426_G_A_b38	1	4.54768e-03	8.920e-01	2.106e-01
chr9_33721195_C_T_b38	1	4.31375e-03	8.920e-01	2.106e-01
chr9_33732649_C_G_b38	1	4.31375e-03	8.920e-01	2.106e-01
chr9_33718727_TTG_T_b38	1	3.20235e-03	8.789e-01	2.314e-01
chr9_33720182_C_T_b38	1	3.20235e-03	8.789e-01	2.314e-01
chr9_33716970_G_C_b38	1	3.20235e-03	8.789e-01	2.314e-01
chr9_33669376_A_G_b38	1	2.96599e-03	9.154e-01	2.217e-01
chr9_33684438_C_T_b38	1	2.86899e-03	7.052e-01	1.883e-01
chr9_33675132_C_T_b38	1	2.56429e-03	8.789e-01	2.314e-01
chr9_33677084_G_A_b38	1	2.52412e-03	8.790e-01	2.317e-01
chr9_33692397_C_G_b38	1	1.14887e-03	7.098e-01	2.426e-01
chr9_33663251_C_T_b38	1	1.06421e-03	8.779e-01	2.308e-01
chr9_33669165_G_A_b38	1	1.06421e-03	8.779e-01	2.308e-01
chr9_33668641_A_G_b38	1	1.06421e-03	8.779e-01	2.308e-01
chr9_33667262_G_A_b38	1	1.06421e-03	8.779e-01	2.308e-01
chr9_33728506_T_C_b38	1	1.00947e-03	8.779e-01	2.308e-01
chr9_33729514_C_A_b38	1	1.00947e-03	8.779e-01	2.308e-01
chr9_33720861_G_A_b38	1	1.00947e-03	8.779e-01	2.308e-01
chr9_33733750_C_T_b38	1	1.00947e-03	8.779e-01	2.308e-01
chr9_33727983_C_T_b38	1	1.00947e-03	8.779e-01	2.308e-01
chr9_33715040_CCAACAACAGCAAAACACACCT_C_b38	1	4.23332e-04	7.180e-01	2.424e-01
chr9_33677385_GGCC_G_b38	1	4.20410e-04	7.484e-01	2.435e-01
chr9_33695796_C_T_b38	2	6.98562e-03	-5.934e-02	1.442e-01
chr9_33695720_T_C_b38	2	6.97631e-03	-5.934e-02	1.442e-01
chr9_33695437_T_G_b38	2	6.97307e-03	-5.934e-02	1.442e-01
chr9_33695133_A_G_b38	2	2.29219e-03	-5.610e-02	1.462e-01
chr9_33696720_G_A_b38	2	2.23044e-03	-5.610e-02	1.462e-01
chr9_33696705_G_A_b38	2	2.23044e-03	-5.610e-02	1.462e-01
chr9_33697529_C_CTTTTGTTTGGTTGTCAA_b38	2	1.31473e-03	-9.353e-02	1.226e-01
chr9_33697521_C_CTTTTG_b38	2	1.31473e-03	-9.353e-02	1.226e-01
chr9_33697525_C_CT_b38	2	1.31473e-03	-9.353e-02	1.226e-01
chr9_33697527_G_GAA_b38	2	1.31473e-03	-9.353e-02	1.226e-01
chr9_33697030_T_C_b38	2	1.13861e-03	-5.596e-02	1.475e-01
chr9_33696983_G_T_b38	2	1.13861e-03	-5.596e-02	1.475e-01
chr9_33696849_G_A_b38	2	1.13861e-03	-5.596e-02	1.475e-01
chr9_33697186_C_A_b38	2	1.13861e-03	-5.596e-02	1.475e-01
chr9_33693958_T_C_b38	2	1.10011e-03	-5.596e-02	1.475e-01
chr9_33694140_C_A_b38	2	1.10011e-03	-5.596e-02	1.475e-01
chr9_33694163_C_G_b38	2	1.10011e-03	-5.596e-02	1.475e-01
chr9_33694711_T_C_b38	2	1.10011e-03	-5.596e-02	1.475e-01
chr9_33692390_A_G_b38	2	9.11732e-04	-1.070e-01	1.260e-01
chr9_33692948_C_T_b38	2	9.11732e-04	-1.070e-01	1.260e-01
chr9_33692920_G_C_b38	2	8.03963e-04	-9.499e-02	1.231e-01
chr9_33699548_C_A_b38	2	7.92673e-04	-9.499e-02	1.231e-01
chr9_33693250_A_G_b38	2	6.96343e-04	-2.593e-02	1.594e-01
chr9_33692077_AG_A_b38	2	6.96343e-04	-2.593e-02	1.594e-01
chr9_33700525_AT_A_b38	2	6.88855e-04	-7.276e-03	1.627e-01
chr9_33698274_CTG_C_b38	2	6.86565e-04	-2.593e-02	1.594e-01
chr9_33699676_T_C_b38	2	6.86565e-04	-2.593e-02	1.594e-01
chr9_33699310_G_C_b38	2	6.86565e-04	-2.593e-02	1.594e-01
chr9_33699091_C_T_b38	2	6.86565e-04	-2.593e-02	1.594e-01
chr9_33699590_A_T_b38	2	6.86565e-04	-2.593e-02	1.594e-01
chr9_33699879_G_A_b38	2	6.86565e-04	-2.593e-02	1.594e-01
chr9_33699375_G_T_b38	2	6.86565e-04	-2.593e-02	1.594e-01
chr9_33699150_T_C_b38	2	6.86565e-04	-2.593e-02	1.594e-01
chr9_33699232_G_A_b38	2	6.86565e-04	-2.593e-02	1.594e-01
chr9_33702358_A_G_b38	2	4.33714e-04	1.173e-02	1.652e-01
chr9_33703236_T_C_b38	2	4.33714e-04	1.173e-02	1.652e-01
chr9_33700779_C_A_b38	2	4.31220e-04	-7.318e-03	1.616e-01
chr9_33703956_T_C_b38	2	4.31220e-04	-7.318e-03	1.616e-01
chr9_33717997_T_C_b38	2	2.65652e-04	-1.323e-01	1.290e-01
chr9_33713593_A_G_b38	2	2.65652e-04	-1.323e-01	1.290e-01
chr9_33711713_C_T_b38	2	2.65652e-04	-1.323e-01	1.290e-01
chr9_33718795_T_C_b38	2	2.65652e-04	-1.323e-01	1.290e-01
chr9_33712473_A_T_b38	2	2.36300e-04	-9.289e-02	1.260e-01
chr9_33709611_T_TTAG_b38	2	2.36300e-04	-9.289e-02	1.260e-01
chr9_33709612_C_G_b38	2	2.28740e-04	-7.425e-02	1.259e-01
chr9_33672240_T_G_b38	2	2.12722e-04	-1.451e-01	1.282e-01
chr9_33678146_C_A_b38	2	2.12722e-04	-1.451e-01	1.282e-01
chr9_33676029_C_A_b38	2	2.12722e-04	-1.451e-01	1.282e-01
chr9_33708795_A_G_b38	2	1.28080e-04	1.290e-01	1.161e-01
chr9_33716190_G_T_b38	2	1.28080e-04	1.290e-01	1.161e-01
chr9_33707703_C_G_b38	2	1.17729e-04	8.694e-02	1.163e-01
chr9_33670284_C_T_b38	2	3.60332e-05	-1.451e-01	1.282e-01
chr9_33722757_A_ATAT_b38	2	3.41797e-05	-1.451e-01	1.282e-01
chr9_33723905_AT_A_b38	2	3.41797e-05	-1.451e-01	1.282e-01
chr9_33722755_A_AT_b38	2	3.41797e-05	-1.451e-01	1.282e-01
chr9_33730158_C_T_b38	2	3.41797e-05	-1.451e-01	1.282e-01
chr9_33661288_A_G_b38	2	2.11882e-05	-1.761e-01	1.119e-01
chr9_33736198_T_C_b38	2	1.44025e-05	-1.343e-01	1.293e-01
chr9_33728782_G_C_b38	2	1.37853e-05	1.290e-01	1.161e-01
chr9_33729379_T_C_b38	2	1.37853e-05	1.290e-01	1.161e-01
chr9_33656507_T_C_b38	2	1.34944e-05	-1.125e-01	1.326e-01
chr9_33653459_G_A_b38	2	1.34944e-05	-1.125e-01	1.326e-01
chr9_33659572_G_A_b38	2	1.34944e-05	-1.125e-01	1.326e-01
chr9_33655387_C_A_b38	2	1.34944e-05	-1.125e-01	1.326e-01
chr9_33742367_C_G_b38	2	1.21685e-05	0.000e+00	0.000e+00
chr9_33742262_C_G_b38	2	1.21685e-05	0.000e+00	0.000e+00
chr9_33742291_C_G_b38	2	1.21685e-05	0.000e+00	0.000e+00
chr9_33742575_T_C_b38	2	1.18457e-05	0.000e+00	0.000e+00
chr9_33695732_T_C_b38	3	5.98638e-04	1.371e-02	9.904e-02
chr9_33696707_TTAAAAA_T_b38	3	1.77800e-04	-1.781e-02	1.007e-01
chr9_33692211_T_G_b38	3	6.36937e-05	-5.214e-02	1.070e-01
chr9_33699331_A_G_b38	3	5.94035e-05	-3.482e-02	1.061e-01
chr9_33698806_G_T_b38	3	5.54638e-05	-1.781e-02	1.007e-01
chr9_33688472_T_A_b38	3	3.94950e-05	1.371e-02	9.904e-02
chr9_33704676_T_G_b38	3	3.88923e-05	3.273e-02	9.845e-02
chr9_33700903_C_T_b38	3	3.88923e-05	3.273e-02	9.845e-02
chr9_33704587_T_TTTGCACTACGGG_b38	3	3.86445e-05	2.810e-02	9.917e-02
chr9_33704586_G_GGC_b38	3	3.86445e-05	2.810e-02	9.917e-02
chr9_33717586_A_G_b38	3	2.20432e-05	-5.214e-02	1.070e-01
chr9_33711247_A_T_b38	3	1.91284e-05	1.371e-02	9.904e-02
chr9_33711248_T_C_b38	3	1.91284e-05	1.371e-02	9.904e-02
chr9_33713525_G_A_b38	3	1.91284e-05	1.371e-02	9.904e-02
chr9_33716777_T_G_b38	3	1.91284e-05	1.371e-02	9.904e-02
chr9_33670887_C_T_b38	3	1.66967e-05	-3.482e-02	1.061e-01
chr9_33674679_C_T_b38	3	1.55894e-05	-1.781e-02	1.007e-01
chr9_33680618_A_C_b38	3	1.55894e-05	-1.781e-02	1.007e-01
chr9_33680504_G_T_b38	3	1.53579e-05	1.862e-02	9.855e-02
chr9_33682234_C_T_b38	3	1.53172e-05	1.371e-02	9.904e-02
chr9_33685364_A_G_b38	3	1.53172e-05	1.371e-02	9.904e-02
chr9_33673027_T_C_b38	3	1.53172e-05	1.371e-02	9.904e-02
chr9_33671781_T_C_b38	3	1.53172e-05	1.371e-02	9.904e-02
chr9_33683010_C_G_b38	3	1.53172e-05	1.371e-02	9.904e-02
chr9_33669942_G_A_b38	3	7.48871e-06	0.000e+00	0.000e+00
chr9_33721010_T_G_b38	3	7.10349e-06	0.000e+00	0.000e+00
chr9_33667254_C_T_b38	3	7.08377e-06	0.000e+00	0.000e+00
chr9_33664302_T_A_b38	3	6.51574e-06	0.000e+00	0.000e+00
chr9_33721937_A_G_b38	3	6.27375e-06	0.000e+00	0.000e+00
chr9_33743490_G_A_b38	3	6.21401e-06	0.000e+00	0.000e+00
chr9_33741594_G_C_b38	3	6.21401e-06	0.000e+00	0.000e+00
chr9_33733862_T_G_b38	3	6.18058e-06	0.000e+00	0.000e+00
chr9_33739742_T_C_b38	3	6.12203e-06	0.000e+00	0.000e+00
chr9_33745605_G_T_b38	3	6.12203e-06	0.000e+00	0.000e+00
chr9_33739702_T_G_b38	3	6.12203e-06	0.000e+00	0.000e+00
chr9_33731381_T_C_b38	3	6.06973e-06	0.000e+00	0.000e+00
