chr1_112673015_C_T_b38	1	2.32919e-01	1.186e-01	2.389e-02
chr1_112673095_C_T_b38	1	2.32919e-01	1.186e-01	2.389e-02
chr1_112680611_G_A_b38	1	1.10975e-01	1.479e-01	2.756e-02
chr1_112691076_T_C_b38	1	4.70059e-02	1.247e-01	2.354e-02
chr1_112691557_C_T_b38	1	3.65986e-02	1.235e-01	2.352e-02
chr1_112692264_T_C_b38	1	3.65986e-02	1.235e-01	2.352e-02
chr1_112693912_A_T_b38	1	3.65986e-02	1.235e-01	2.352e-02
chr1_112695971_G_A_b38	1	3.65983e-02	1.235e-01	2.352e-02
chr1_112697484_A_T_b38	1	3.65983e-02	1.235e-01	2.352e-02
chr1_112694059_C_T_b38	1	3.65983e-02	1.235e-01	2.352e-02
chr1_112694549_A_G_b38	1	3.65983e-02	1.235e-01	2.352e-02
chr1_112659581_TCTCTC_T_b38	1	1.72269e-02	1.263e-01	2.477e-02
chr1_112659949_G_A_b38	1	1.54647e-02	1.201e-01	2.368e-02
chr1_112698168_G_T_b38	1	1.44879e-02	1.234e-01	2.345e-02
chr1_112664621_C_A_b38	1	1.13558e-02	1.162e-01	2.378e-02
chr1_112700426_C_T_b38	1	6.91586e-03	1.197e-01	2.338e-02
chr1_112698430_T_C_b38	1	6.52713e-03	1.198e-01	2.345e-02
chr1_112648185_A_C_b38	1	5.73716e-03	1.171e-01	2.407e-02
chr1_112696760_G_A_b38	1	5.05564e-03	1.151e-01	2.373e-02
chr1_112688664_T_C_b38	1	4.94099e-03	1.153e-01	2.379e-02
chr1_112639098_AC_A_b38	1	3.67862e-03	1.210e-01	2.428e-02
chr1_112693608_G_A_b38	1	3.01160e-03	1.130e-01	2.388e-02
chr1_112699500_T_G_b38	1	2.35816e-03	1.141e-01	2.336e-02
chr1_112673164_A_G_b38	2	6.17930e-03	6.475e-03	2.258e-02
chr1_112673921_A_G_b38	2	2.44339e-03	4.437e-03	2.251e-02
chr1_112682292_T_C_b38	2	1.79586e-03	3.628e-02	2.232e-02
chr1_112676766_A_T_b38	2	1.59386e-03	2.578e-02	2.176e-02
chr1_112671759_T_G_b38	2	1.48784e-03	2.280e-02	2.174e-02
chr1_112680472_C_T_b38	2	1.30434e-03	3.852e-02	2.227e-02
chr1_112675881_T_C_b38	2	1.25303e-03	2.772e-02	2.188e-02
chr1_112687772_A_G_b38	2	1.20076e-03	4.285e-02	2.381e-02
chr1_112671475_G_A_b38	2	1.10954e-03	4.416e-03	2.250e-02
chr1_112676019_TGGG_T_b38	2	7.13811e-04	-2.451e-03	2.243e-02
chr1_112679036_G_A_b38	2	7.03799e-04	2.836e-02	2.196e-02
chr1_112679834_G_T_b38	2	7.03799e-04	2.836e-02	2.196e-02
chr1_112665417_T_C_b38	2	4.93354e-04	2.087e-02	2.209e-02
chr1_112664909_T_C_b38	2	4.92468e-04	2.082e-02	2.209e-02
chr1_112663880_G_C_b38	2	4.49635e-04	-9.787e-03	2.265e-02
chr1_112664298_A_G_b38	2	4.22234e-04	6.667e-03	2.255e-02
chr1_112655500_C_CA_b38	2	4.11630e-04	2.290e-02	2.181e-02
chr1_112667912_A_C_b38	2	4.08006e-04	4.432e-03	2.250e-02
chr1_112690571_G_A_b38	2	3.82447e-04	2.971e-02	2.201e-02
chr1_112693465_C_T_b38	2	3.30257e-04	2.653e-02	2.197e-02
chr1_112691834_G_A_b38	2	3.30257e-04	2.653e-02	2.197e-02
chr1_112655108_G_A_b38	2	3.20323e-04	2.435e-02	2.212e-02
chr1_112655178_A_G_b38	2	3.17297e-04	2.412e-02	2.214e-02
chr1_112688136_A_G_b38	2	2.21207e-04	1.810e-02	2.532e-02
chr1_112653167_G_A_b38	2	1.94122e-04	1.982e-02	2.199e-02
chr1_112659795_G_A_b38	2	1.91268e-04	1.934e-02	2.199e-02
chr1_112658049_T_G_b38	2	1.90883e-04	1.927e-02	2.199e-02
chr1_112650742_G_A_b38	2	1.75325e-04	1.133e-02	2.257e-02
chr1_112686001_G_A_b38	2	1.60281e-04	-1.020e-02	2.244e-02
chr1_112649983_G_A_b38	2	1.55784e-04	5.163e-03	2.259e-02
chr1_112655469_A_T_b38	2	1.54285e-04	4.444e-03	2.258e-02
chr1_112655347_C_T_b38	2	1.54224e-04	4.489e-03	2.257e-02
chr1_112658175_G_A_b38	2	1.53477e-04	4.118e-03	2.256e-02
chr1_112658790_G_C_b38	2	1.52564e-04	3.616e-03	2.257e-02
chr1_112648562_T_C_b38	2	1.51688e-04	3.068e-03	2.256e-02
chr1_112693799_G_A_b38	2	1.47777e-04	1.484e-02	2.096e-02
chr1_112587366_C_T_b38	2	1.39301e-04	-7.021e-02	3.849e-02
chr1_112633640_T_A_b38	2	1.22439e-04	3.253e-02	2.183e-02
chr1_112579316_C_T_b38	2	1.19355e-04	-6.713e-02	3.905e-02
chr1_112636975_C_T_b38	2	1.00061e-04	2.235e-02	2.184e-02
chr1_112642388_A_AT_b38	2	8.58034e-05	1.409e-02	3.422e-02
chr1_112701811_T_C_b38	2	8.49265e-05	1.937e-02	2.550e-02
chr1_112624254_C_A_b38	2	6.61881e-05	2.397e-02	2.201e-02
chr1_112623613_G_A_b38	2	6.40791e-05	1.635e-02	2.196e-02
chr1_112645797_C_T_b38	2	5.94703e-05	1.371e-02	2.303e-02
chr1_112626827_G_A_b38	2	5.88485e-05	2.120e-02	2.191e-02
chr1_112705091_G_A_b38	2	5.80802e-05	-1.073e-02	2.603e-02
chr1_112708839_A_G_b38	2	5.34194e-05	-1.451e-02	2.084e-02
chr1_112638779_A_G_b38	2	5.20618e-05	1.468e-02	2.287e-02
chr1_112646431_G_A_b38	2	4.91710e-05	5.440e-03	2.261e-02
chr1_112632807_T_A_b38	2	4.88362e-05	4.978e-03	2.260e-02
chr1_112628967_C_T_b38	2	4.87646e-05	1.423e-02	2.114e-02
chr1_112634448_G_T_b38	2	4.87603e-05	4.569e-03	2.271e-02
chr1_112708719_CAAGAT_C_b38	2	4.87278e-05	-1.096e-02	2.099e-02
chr1_112706902_G_C_b38	2	4.61590e-05	-8.867e-03	2.071e-02
chr1_112706882_C_T_b38	2	4.59425e-05	-8.650e-03	2.069e-02
chr1_112706169_C_A_b38	2	4.58060e-05	-8.445e-03	2.071e-02
chr1_112706864_C_G_b38	2	4.28966e-05	-1.040e-03	2.096e-02
chr1_112586182_G_C_b38	2	3.80360e-05	-3.343e-02	2.178e-02
chr1_112598553_T_C_b38	2	3.32976e-05	-2.467e-02	2.178e-02
chr1_112611458_T_C_b38	2	3.21606e-05	-2.387e-02	2.155e-02
chr1_112596574_G_A_b38	2	3.16581e-05	-2.355e-02	2.158e-02
chr1_112594421_G_C_b38	2	3.15670e-05	-2.350e-02	2.155e-02
chr1_112608583_T_C_b38	2	3.01084e-05	-2.929e-02	2.200e-02
chr1_112593607_T_C_b38	2	3.00160e-05	-2.980e-02	2.191e-02
chr1_112586506_A_G_b38	2	2.99268e-05	-2.251e-02	2.164e-02
chr1_112631182_G_A_b38	3	2.06899e-03	1.169e-01	2.406e-02
chr1_112627045_T_G_b38	3	1.76842e-03	1.149e-01	2.382e-02
chr1_112639117_C_G_b38	3	1.69427e-03	1.175e-01	2.442e-02
chr1_112627767_C_T_b38	3	1.67604e-03	1.145e-01	2.381e-02
chr1_112604985_G_A_b38	3	1.35827e-03	1.203e-01	2.409e-02
chr1_112703884_C_T_b38	3	1.00876e-03	1.117e-01	2.379e-02
chr1_112614559_T_C_b38	3	9.84008e-04	1.170e-01	2.378e-02
chr1_112584808_G_A_b38	3	9.62984e-04	1.164e-01	2.368e-02
chr1_112580738_C_T_b38	3	9.50880e-04	1.170e-01	2.382e-02
chr1_112603012_GC_G_b38	3	9.20190e-04	1.167e-01	2.378e-02
chr1_112611742_C_T_b38	3	7.04226e-04	1.167e-01	2.409e-02
chr1_112585332_G_A_b38	3	6.44706e-04	1.148e-01	2.379e-02
chr1_112597961_T_C_b38	3	6.44706e-04	1.148e-01	2.379e-02
chr1_112586309_T_C_b38	3	6.44706e-04	1.148e-01	2.379e-02
chr1_112581617_C_T_b38	3	6.44706e-04	1.148e-01	2.379e-02
chr1_112617548_C_T_b38	3	6.44706e-04	1.148e-01	2.379e-02
chr1_112617797_C_T_b38	3	6.44706e-04	1.148e-01	2.379e-02
chr1_112585590_G_A_b38	3	5.54781e-04	1.139e-01	2.378e-02
chr1_112576820_T_C_b38	3	5.49895e-04	1.124e-01	2.347e-02
chr1_112601817_G_A_b38	3	5.06148e-04	1.134e-01	2.378e-02
chr1_112594948_T_C_b38	3	4.66110e-04	1.134e-01	2.386e-02
chr1_112577971_A_G_b38	3	3.97460e-04	1.120e-01	2.376e-02
chr1_112573322_CG_C_b38	3	3.97291e-04	1.217e-01	2.580e-02
chr1_112542830_C_G_b38	3	3.25458e-04	1.220e-01	2.417e-02
chr1_112674689_G_C_b38	3	1.82926e-04	9.592e-02	2.770e-02
chr1_112574591_A_G_b38	3	1.26627e-04	1.070e-01	2.411e-02
chr1_112654274_G_A_b38	3	1.20117e-04	1.097e-01	2.816e-02
chr1_112662904_CTGT_C_b38	3	2.64630e-05	-7.408e-02	2.153e-02
chr1_112704941_G_A_b38	3	1.42809e-05	0.000e+00	0.000e+00
chr1_112587437_A_G_b38	3	6.02156e-06	0.000e+00	0.000e+00
chr1_112696856_T_C_b38	3	2.24347e-06	0.000e+00	0.000e+00
chr1_112699866_C_T_b38	3	1.29825e-06	0.000e+00	0.000e+00
chr1_112575217_C_T_b38	3	5.54506e-08	0.000e+00	0.000e+00
