chr10_102863821_C_T_b38	1	9.99903e-01	-4.385e-01	2.711e-02 -0.20964007079601288	1.0
chr10_102854593_C_T_b38	2	6.93295e-01	-1.424e-01	3.584e-02 -5.543196201324463	1.0
chr10_102853263_G_A_b38	2	8.09467e-02	-1.204e-01	3.464e-02 -5.673388957977295	1.0
chr10_102853184_G_A_b38	2	6.81720e-02	-1.250e-01	3.364e-02 -5.699726104736327	1.0
chr10_102856906_T_C_b38	2	2.50968e-02	-1.121e-01	3.235e-02 -5.711476802825928	1.0
chr10_102867473_G_T_b38	2	2.21731e-02	-1.370e-01	3.440e-02 -5.596280097961426	1.0
chr10_102844806_C_T_b38	2	1.48226e-02	-1.123e-01	3.126e-02 -5.212811470031738	1.0
chr10_102836092_G_C_b38	2	1.10358e-02	-1.179e-01	3.177e-02 -5.652642250061035	1.0
chr10_102834750_A_G_b38	2	7.08583e-03	-1.145e-01	3.248e-02 -5.826505661010742	1.0
chr10_102852578_T_A_b38	3	4.40776e-03	-5.521e-02	5.762e-02 -4.50173807144165	1.0
chr10_102852007_A_C_b38	3	3.10012e-03	1.295e-01	1.069e-01 -0.4947566688060761	1.0
chr10_102856743_T_C_b38	3	1.99953e-03	-5.879e-03	1.058e-01 -0.2648265361785889	1.0
chr10_102863296_C_G_b38	3	1.44674e-03	1.021e-01	1.861e-01 -0.2501962184906006	1.0
chr10_102858767_G_A_b38	3	1.40424e-03	-3.433e-02	4.291e-02 -3.803094148635864	1.0
chr10_102858938_A_G_b38	3	1.32703e-03	-2.205e-02	5.513e-02 -4.240522384643556	1.0
chr10_102877845_C_T_b38	3	1.20338e-03	-7.587e-02	4.893e-02 -0.199832484126091	1.0
chr10_102877098_T_C_b38	3	9.12911e-04	-6.839e-02	4.955e-02 -0.04365978017449379	1.0
chr10_102861311_A_G_b38	3	8.36896e-04	-2.537e-02	5.433e-02 -4.285901069641113	1.0
chr10_102851169_G_T_b38	3	7.07918e-04	-2.105e-02	3.051e-02 -3.911301612854004	1.0
chr10_102869254_T_C_b38	3	7.04332e-04	2.182e-01	1.263e-01 -0.34769612550735474	1.0
chr10_102869708_T_G_b38	3	6.72811e-04	-5.096e-02	4.108e-02 -3.809407949447632	1.0
chr10_102849919_T_C_b38	3	6.68914e-04	-1.887e-02	3.045e-02 -3.9468080997467037	1.0
chr10_102869116_A_G_b38	3	6.42793e-04	-4.807e-02	5.672e-02 -4.227787971496582	1.0
chr10_102860978_G_C_b38	3	6.33482e-04	-2.315e-02	4.212e-02 -3.840467929840088	1.0
chr10_102849608_T_C_b38	3	6.21210e-04	-1.251e-02	3.316e-02 -4.447686672210693	1.0
chr10_102849709_T_C_b38	3	6.17882e-04	-1.203e-02	3.326e-02 -4.4466986656188965	1.0
chr10_102873357_G_T_b38	3	5.51964e-04	-4.505e-02	4.247e-02 -3.852747201919556	1.0
chr10_102875838_A_G_b38	3	5.51964e-04	-4.505e-02	4.247e-02 -3.8817675113677983	1.0
chr10_102870036_G_GCTC_b38	3	5.51964e-04	-4.505e-02	4.247e-02 -3.8025699980788823	1.0
chr10_102859691_A_G_b38	3	5.21135e-04	-1.304e-02	4.183e-02 -3.803961992263794	1.0
chr10_102875587_G_C_b38	3	5.04928e-04	-4.228e-02	4.218e-02 -3.900737762451172	1.0
chr10_102864315_G_A_b38	3	4.79795e-04	-4.069e-02	4.206e-02 -3.770991802215576	1.0
chr10_102865480_A_G_b38	3	4.47687e-04	-3.435e-02	5.074e-02 -4.100084304809569	1.0
chr10_102865421_T_C_b38	3	4.04843e-04	-3.461e-02	4.219e-02 -3.805356740951538	1.0
chr10_102846879_C_T_b38	3	3.99506e-04	-1.887e-02	3.045e-02 -3.996079921722412	1.0
chr10_102866129_G_A_b38	3	3.68597e-04	-2.368e-02	5.108e-02 -4.2529211044311515	1.0
chr10_102846135_G_A_b38	3	2.93192e-04	-7.655e-04	3.379e-02 -4.463583946228027	1.0
chr10_102864718_T_G_b38	3	2.83380e-04	-2.355e-02	4.181e-02 -3.7711453437805176	1.0
chr10_102837224_G_A_b38	3	2.03104e-04	-2.325e-02	3.033e-02 -4.041545867919922	1.0
chr10_102841808_A_T_b38	3	1.89887e-04	-2.103e-02	3.039e-02 -4.009684085845946	1.0
chr10_102838565_A_G_b38	3	1.89887e-04	-2.103e-02	3.039e-02 -4.114511489868163	1.0
chr10_102835663_T_G_b38	3	1.86071e-04	-2.034e-02	3.045e-02 -4.071058273315431	1.0
chr10_102835962_C_T_b38	3	1.85147e-04	-1.671e-02	3.392e-02 -4.49552059173584	1.0
chr10_102836639_C_T_b38	3	1.78892e-04	-1.534e-02	3.374e-02 -4.561456680297852	1.0
chr10_102843831_A_G_b38	3	1.73133e-04	-1.470e-02	3.305e-02 -4.4728055000305185	1.0
chr10_102837395_A_G_b38	3	1.72576e-04	-1.436e-02	3.317e-02 -4.5443692207336435	1.0
chr10_102842458_T_C_b38	3	1.72341e-04	-1.437e-02	3.313e-02 -4.486802577972412	1.0
chr10_102837167_C_A_b38	3	1.72341e-04	-1.437e-02	3.313e-02 -4.47252893447876	1.0
chr10_102831079_AGGGAACCCTGATCTGAGGATGTAGCCTTATTATGG_A_b38	3	1.72297e-04	2.918e-02	4.007e-02 -0.9011025756331376	1.0
chr10_102878235_A_G_b38	3	1.69574e-04	-1.805e-02	3.059e-02 -3.831238269805908	1.0
chr10_102835491_G_A_b38	3	1.67805e-04	-3.745e-03	3.980e-02 -0.3943571150302887	1.0
chr10_102835149_T_G_b38	3	1.67805e-04	-3.745e-03	3.980e-02 -0.4787214696407318	1.0
chr10_102838849_G_C_b38	3	1.64309e-04	-2.060e-03	3.953e-02 -0.6292023062705994	1.0
chr10_102838165_C_T_b38	3	1.64309e-04	-2.060e-03	3.953e-02 -0.6293609142303467	1.0
chr10_102831395_T_A_b38	3	1.62943e-04	-2.978e-03	3.899e-02 -0.5083221793174744	1.0
chr10_102842818_G_T_b38	3	1.61765e-04	1.859e-02	4.053e-02 -0.6733757257461548	1.0
chr10_102878107_G_C_b38	3	1.60559e-04	-1.582e-02	3.065e-02 -3.856759786605835	1.0
chr10_102829990_C_T_b38	3	1.57558e-04	2.033e-02	3.890e-02 -0.5342094898223877	1.0
chr10_102839566_G_A_b38	3	1.47154e-04	-5.774e-03	3.297e-02 -4.504593849182129	1.0
chr10_102871906_G_A_b38	3	1.46505e-04	-1.690e-02	2.927e-02 -3.586146831512451	1.0
chr10_102832918_G_C_b38	3	1.45408e-04	9.204e-03	3.633e-02 -4.488281726837158	1.0
chr10_102832492_A_C_b38	3	1.42062e-04	1.239e-02	3.587e-02 -0.4049981236457825	1.0
chr10_102875863_T_C_b38	3	1.38375e-04	-1.454e-02	2.914e-02 -3.619125843048096	1.0
chr10_102875199_A_G_b38	3	1.38375e-04	-1.454e-02	2.914e-02 -3.607383728027344	1.0
chr10_102873487_T_A_b38	3	1.38375e-04	-1.454e-02	2.914e-02 -3.6202661991119385	1.0
chr10_102873580_T_C_b38	3	1.38375e-04	-1.454e-02	2.914e-02 -3.623449563980103	1.0
chr10_102875591_C_T_b38	3	1.38328e-04	-1.347e-02	2.996e-02 -3.617293119430542	1.0
chr10_102871432_G_A_b38	3	1.35106e-04	-1.333e-02	2.922e-02 -3.2680792808532715	1.0
chr10_102875346_G_A_b38	3	1.23913e-04	-2.302e-03	3.140e-02 -3.8798985481262207	1.0
chr10_102881198_A_C_b38	3	8.94508e-05	-1.534e-02	5.134e-02 -0.19001944363117215	1.0
chr10_102883484_G_A_b38	3	8.90216e-05	-1.623e-02	5.064e-02 -0.2413240075111389	1.0
chr10_102881754_G_A_b38	3	8.66812e-05	-1.241e-02	5.145e-02 -0.29281875491142273	1.0
chr10_102883839_T_A_b38	3	7.88676e-05	-8.184e-03	4.928e-02 -0.20969387888908386	1.0
chr10_102883707_T_C_b38	3	7.69580e-05	-2.580e-03	5.031e-02 -0.20719188451766968	1.0
chr10_102890176_AT_A_b38	3	7.33183e-05	-2.377e-02	3.071e-02 -3.4509380659480984	1.0
chr10_102827267_A_G_b38	3	6.44644e-05	-5.300e-03	3.891e-02 -0.5008829832077026	1.0
chr10_102825368_C_A_b38	3	6.34968e-05	-1.619e-02	2.986e-02 -3.882471799850464	1.0
chr10_102893788_T_C_b38	3	6.28871e-05	-1.842e-02	3.070e-02 -3.658697843551636	1.0
chr10_102887092_C_T_b38	3	6.23945e-05	-1.815e-02	3.067e-02 -3.8085217475891113	1.0
chr10_102894626_C_A_b38	3	6.21708e-05	-1.795e-02	3.074e-02 -3.7221930027008057	1.0
chr10_102827605_G_T_b38	3	6.11317e-05	1.779e-02	3.942e-02 -0.525240957736969	1.0
chr10_102890371_T_C_b38	3	6.07135e-05	-1.727e-02	3.052e-02 -3.7378509044647217	1.0
chr10_102893960_G_A_b38	3	6.03258e-05	-1.708e-02	3.048e-02 -3.7259254455566406	1.0
chr10_102825648_A_T_b38	3	5.74849e-05	2.024e-02	3.655e-02 -4.430075645446777	1.0
chr10_102825815_G_A_b38	3	5.39755e-05	8.665e-03	3.526e-02 -0.38866063952445984	1.0
chr10_102814572_A_T_b38	3	5.01937e-05	-2.400e-02	2.562e-02 3.7998220920562735	1.0
chr10_102900499_G_A_b38	3	4.84985e-05	-7.232e-03	3.018e-02 -3.735691547393799	1.0
chr10_102811679_G_T_b38	3	4.76726e-05	-2.197e-02	2.569e-02 3.827027559280396	1.0
chr10_102814306_G_A_b38	3	4.76726e-05	-2.197e-02	2.569e-02 3.769767045974731	1.0
chr10_102813206_T_C_b38	3	4.72696e-05	-2.160e-02	2.570e-02 3.7683959007263184	1.0
chr10_102814665_A_G_b38	3	4.45010e-05	-1.839e-02	2.587e-02 3.7643244266510014	1.0
chr10_102814179_T_C_b38	3	4.35511e-05	-1.763e-02	2.547e-02 3.790904045104981	1.0
chr10_102814805_T_G_b38	3	4.02410e-05	-1.351e-02	2.483e-02 3.4740843772888184	1.0
chr10_102812324_C_T_b38	3	3.83599e-05	-8.505e-03	2.472e-02 3.48885178565979	1.0
chr10_102821531_A_C_b38	3	3.81805e-05	-6.706e-03	2.477e-02 3.5953145027160645	1.0
chr10_102818158_T_C_b38	3	3.80844e-05	-7.514e-03	2.465e-02 3.53621768951416	1.0
