chr2_173871006_A_G_b38	1	9.82557e-01	3.059e-01	5.342e-02 -0.09885450452566147	1.0
chr2_173963364_G_C_b38	2	2.61410e-01	-8.050e-02	2.095e-02 -7.058349609375	1.0
chr2_173961650_T_C_b38	2	1.06236e-01	-7.861e-02	2.104e-02 -7.045657634735107	1.0
chr2_173967851_T_C_b38	2	8.24783e-02	-7.351e-02	2.078e-02 -7.127377510070801	1.0
chr2_173951416_T_G_b38	2	5.23953e-02	-8.070e-02	2.092e-02 -6.994923114776611	1.0
chr2_173944171_T_C_b38	2	5.23953e-02	-8.070e-02	2.092e-02 -6.955735683441162	1.0
chr2_173953011_G_A_b38	2	5.23953e-02	-8.070e-02	2.092e-02 -6.989710807800293	1.0
chr2_173951933_C_G_b38	2	5.23953e-02	-8.070e-02	2.092e-02 -6.988773822784424	1.0
chr2_173965538_T_G_b38	2	3.93526e-02	-6.799e-02	2.612e-02 -6.7757811546325675	1.0
chr2_173946493_C_T_b38	2	3.18548e-02	-7.917e-02	2.099e-02 -6.951065540313722	1.0
chr2_173929920_C_G_b38	2	2.60709e-02	-8.377e-02	2.098e-02 -6.9768943786621085	1.0
chr2_173969105_G_A_b38	2	2.19060e-02	-6.819e-02	2.041e-02 -7.0146918296813965	1.0
chr2_173968239_G_T_b38	2	1.92363e-02	-6.750e-02	2.047e-02 -7.236067771911621	1.0
chr2_173937568_T_C_b38	2	1.85893e-02	-8.137e-02	2.083e-02 -6.9439005851745605	1.0
chr2_173938248_G_A_b38	2	1.23164e-02	-7.942e-02	2.092e-02 -6.959333896636963	1.0
chr2_173934003_G_A_b38	2	1.23164e-02	-7.942e-02	2.092e-02 -6.9916019439697275	1.0
chr2_173934442_C_A_b38	2	1.23164e-02	-7.942e-02	2.092e-02 -7.020743370056152	1.0
chr2_173943611_A_G_b38	2	6.73862e-03	-7.077e-02	2.019e-02 -7.058359146118164	1.0
chr2_173951628_G_A_b38	2	6.73862e-03	-7.077e-02	2.019e-02 -7.087536811828612	1.0
chr2_173966538_A_C_b38	2	5.92880e-03	-6.706e-02	2.541e-02 -6.783613681793213	1.0
chr2_173952665_C_T_b38	2	5.44832e-03	-6.992e-02	2.027e-02 -7.054455280303955	1.0
chr2_173951170_A_C_b38	2	4.09847e-03	-6.811e-02	2.025e-02 -7.040839195251465	1.0
chr2_173907932_G_A_b38	2	3.24047e-03	-8.063e-02	2.081e-02 -7.017376899719237	1.0
chr2_173912734_GA_G_b38	2	2.59999e-03	-7.998e-02	2.094e-02 -6.97777647986552	1.0
chr2_173983942_C_T_b38	3	5.00606e-02	1.282e-01	3.677e-02 -0.5740749835968018	1.0
chr2_173986145_A_G_b38	3	5.00606e-02	1.282e-01	3.677e-02 -0.5604763627052307	1.0
chr2_173987779_A_AG_b38	3	5.00606e-02	1.282e-01	3.677e-02 -0.6932614567751746	1.0
chr2_173976915_C_T_b38	3	1.84093e-02	1.177e-01	3.648e-02 -0.5196806788444519	1.0
chr2_173985398_T_C_b38	3	1.54581e-02	1.125e-01	3.525e-02 -0.5589601993560791	1.0
chr2_173988057_G_T_b38	3	1.54581e-02	1.125e-01	3.525e-02 -0.6269906163215637	1.0
chr2_173985126_T_C_b38	3	1.54581e-02	1.125e-01	3.525e-02 -0.5560710430145264	1.0
chr2_173988709_G_A_b38	3	1.29320e-02	1.157e-01	3.660e-02 -0.5988010168075562	1.0
chr2_173986162_G_A_b38	3	6.56108e-03	1.151e-01	3.764e-02 -0.5461376309394836	1.0
chr2_173985335_G_A_b38	3	2.94530e-03	9.194e-02	3.155e-02 -0.6024641394615173	1.0
chr2_173986591_GTGTC_G_b38	3	2.94530e-03	9.194e-02	3.155e-02 -0.5520917822291284	1.0
chr2_173987543_C_T_b38	3	2.90824e-03	9.415e-02	3.268e-02 -0.6948901414871216	1.0
chr2_173986945_C_T_b38	3	1.50662e-03	9.076e-02	3.282e-02 -0.5491031408309937	1.0
chr2_173968715_A_G_b38	3	1.28146e-03	7.913e-02	3.682e-02 -0.7948532104492188	1.0
chr2_173967349_C_A_b38	3	1.07787e-03	7.463e-02	4.110e-02 -0.673895537853241	1.0
chr2_173965478_G_A_b38	4	1.13416e-02	-9.177e-02	4.374e-02 -1.8006271123886108	1.0
chr2_173960813_A_C_b38	4	9.95742e-04	-1.100e-01	4.082e-02 -1.2738514874628095	1.0
chr2_173970311_C_G_b38	4	6.19803e-04	-1.157e-01	3.917e-02 -1.594506025314331	1.0
chr2_173970908_A_G_b38	4	6.19740e-04	-1.038e-01	3.284e-02 -1.7403126955032349	1.0
chr2_173944232_C_T_b38	4	5.80943e-04	-1.217e-01	3.656e-02 -1.7684983015060425	1.0
chr2_173951024_T_C_b38	4	5.80943e-04	-1.217e-01	3.656e-02 -1.7701737880706787	1.0
chr2_173941274_A_G_b38	4	2.14161e-04	-1.081e-01	3.399e-02 -1.7487012147903442	1.0
chr2_173952772_C_G_b38	4	2.14161e-04	-1.081e-01	3.399e-02 -1.7559964656829834	1.0
chr2_173942761_T_C_b38	4	1.52491e-05	-1.222e-01	3.889e-02 -1.51183819770813	1.0
chr2_173927746_T_C_b38	4	1.33011e-05	-1.167e-01	3.421e-02 -1.7172210216522217	1.0
chr2_173923757_ATTTGAT_A_b38	4	1.26344e-05	-1.184e-01	3.485e-02 -1.7336969255254109	1.0
chr2_173924600_T_C_b38	4	1.26344e-05	-1.184e-01	3.485e-02 -1.747122049331665	1.0
chr2_173918397_T_C_b38	4	1.26344e-05	-1.184e-01	3.485e-02 -1.7496894598007202	1.0
chr2_173931691_C_G_b38	4	1.26344e-05	-1.184e-01	3.485e-02 -1.7444922924041748	1.0
chr2_173932537_G_A_b38	4	1.26344e-05	-1.184e-01	3.485e-02 -1.7428959608078003	1.0
chr2_173919703_C_T_b38	4	1.26344e-05	-1.184e-01	3.485e-02 -1.7496339082717896	1.0
chr2_173868146_T_C_b38	4	1.20237e-05	-1.392e-01	3.721e-02 -1.769963622093201	1.0
chr2_173873119_A_G_b38	4	1.20237e-05	-1.392e-01	3.721e-02 -1.7902171611785889	1.0
chr2_173940017_G_A_b38	4	1.05532e-05	-1.131e-01	3.392e-02 -1.7837213277816772	1.0
