chr11_57712376_A_C_b38	1	5.91275e-01	2.860e-01	1.076e-01 -5.194861888885498	1.0
chr11_57713245_C_G_b38	1	1.44758e-01	2.841e-01	7.351e-02 -5.181471347808838	1.0
chr11_57713623_C_T_b38	1	8.35312e-02	2.838e-01	7.325e-02 -5.181471347808838	1.0
chr11_57713864_C_G_b38	1	8.35312e-02	2.838e-01	7.325e-02 -5.181471347808838	1.0
chr11_57708048_G_A_b38	1	5.00487e-02	2.845e-01	7.194e-02 -5.185279369354248	1.0
chr11_57716201_C_T_b38	1	4.68243e-02	2.820e-01	7.230e-02 -5.168900081543081	1.0
chr11_57712392_T_C_b38	2	8.12888e-01	-2.012e-01	7.020e-02 -6.311581134796143	1.0
chr11_57695280_T_C_b38	2	7.54098e-02	-2.287e-01	4.392e-02 -6.360966682434082	1.0
chr11_57705540_A_G_b38	2	6.66492e-02	-1.955e-01	2.566e-01 -6.271510124206543	1.0
chr11_57664585_T_C_b38	2	4.49964e-02	-2.311e-01	4.564e-02 -5.219033718109131	1.0
chr11_57830926_TA_T_b38	2	4.27697e-05	-2.374e-01	3.480e-02 -4.344568258516134	1.0
chr11_57712259_CG_C_b38	3	9.99940e-01	3.281e-01	7.121e-02 -6.149605501153989	1.0
chr11_57713151_C_A_b38	4	6.16832e-02	-1.884e-01	2.591e-01 -2.09578537940979	1.0
chr11_57710417_C_T_b38	4	3.02744e-02	-1.558e-01	8.773e-02 -2.0911858081817627	1.0
chr11_57717188_G_A_b38	4	1.89352e-02	-1.558e-01	8.773e-02 -2.2068925129775097	1.0
chr11_57704450_T_TA_b38	4	1.06369e-02	-1.558e-01	8.772e-02 -2.2068925129775097	1.0
chr11_57730760_C_T_b38	4	5.14465e-03	1.574e-01	8.843e-02 2.087596893310547	1.0
chr11_57731593_C_T_b38	4	5.14465e-03	1.574e-01	8.843e-02 2.08930778503418	1.0
chr11_57697917_C_T_b38	4	5.07323e-03	-1.574e-01	8.843e-02 -2.0915780067443848	1.0
chr11_57742822_A_G_b38	4	4.43943e-03	1.727e-01	7.553e-02 2.3854923248291016	1.0
chr11_57713683_G_A_b38	4	4.43655e-03	-4.240e-02	8.308e-02 -2.16316819190979	1.0
chr11_57665855_C_T_b38	4	3.40077e-03	-1.798e-01	8.353e-02 -2.1086599826812744	1.0
chr11_57666650_C_A_b38	4	3.03940e-03	-1.794e-01	8.597e-02 -2.249043703079224	1.0
chr11_57730988_C_CTTAAA_b38	4	2.90471e-03	1.319e-01	8.431e-02 2.206892600903696	1.0
chr11_57716658_G_C_b38	4	1.26225e-03	7.418e-02	1.037e-01 -1.865519157840433	1.0
chr11_57717108_G_A_b38	4	1.01931e-03	9.648e-03	7.502e-02 -2.056599273637267	1.0
chr11_57721418_G_A_b38	4	7.52644e-04	-4.994e-02	7.949e-02 -2.162912368774414	1.0
chr11_57719179_G_A_b38	4	7.52644e-04	-4.994e-02	7.949e-02 -2.21713871179931	1.0
chr11_57730375_C_T_b38	4	4.48481e-04	-6.066e-02	7.863e-02 -2.1640894412994385	1.0
chr11_57729348_C_T_b38	4	3.92998e-04	-4.995e-02	7.949e-02 -2.1599087715148926	1.0
chr11_57729539_C_A_b38	4	3.92998e-04	-4.995e-02	7.949e-02 -2.163958787918091	1.0
chr11_57696295_T_C_b38	4	3.87541e-04	-4.994e-02	7.949e-02 -2.1621994972229004	1.0
chr11_57695683_C_T_b38	4	3.87541e-04	-4.994e-02	7.949e-02 -2.1520013809204097	1.0
chr11_57699563_C_G_b38	4	3.87541e-04	-4.994e-02	7.949e-02 -2.16161584854126	1.0
chr11_57726150_C_A_b38	4	3.21562e-04	-3.272e-02	7.954e-02 -2.1644062995910645	1.0
chr11_57710353_C_A_b38	5	9.21007e-02	3.447e-01	9.103e-02 -2.4751522541046143	1.0
chr11_57709285_G_GCAGGAGAAT_b38	6	2.82806e-04	8.481e-02	7.050e-02 -2.6308738063211177	1.0
