chr6_32828908_A_G_b38	1	9.99737e-01	-6.652e-01	2.705e-02 5.3571391105651855	1.0
chr6_32829016_G_A_b38	2	4.99868e-01	9.695e-01	4.673e-02 1.3809316158294678	1.0
chr6_32829080_ACAC_A_b38	2	4.99868e-01	9.695e-01	4.673e-02 0.8178341234562578	1.0
chr6_32817258_A_G_b38	3	1.68029e-01	-1.738e-01	3.969e-02 -0.004762611817568541	1.0
chr6_32817252_T_C_b38	3	1.68029e-01	-1.738e-01	3.969e-02 -0.5012800789782079	1.0
chr6_32817507_T_C_b38	3	1.68029e-01	-1.738e-01	3.969e-02 -0.3640776872634888	1.0
chr6_32817498_G_A_b38	3	1.11460e-01	-1.673e-01	3.957e-02 -0.5237971107775085	1.0
chr6_32813344_G_C_b38	3	8.60626e-02	-1.866e-01	3.791e-02 -0.08910428485727151	1.0
chr6_32814241_C_T_b38	3	3.70581e-02	-1.773e-01	3.824e-02 0.5646674036979675	1.0
chr6_32813137_G_A_b38	3	3.70581e-02	-1.773e-01	3.824e-02 0.6949287056922913	1.0
chr6_32813777_G_A_b38	3	3.26934e-02	-1.758e-01	3.827e-02 0.1843995749950409	1.0
chr6_32815588_T_C_b38	3	3.12907e-02	-1.738e-01	3.969e-02 -1.5439518690109253	1.0
chr6_32813299_C_A_b38	3	2.80870e-02	-1.729e-01	3.808e-02 0.045907297263619334	1.0
chr6_32820360_T_C_b38	3	2.01943e-02	-1.511e-01	3.396e-02 -1.39115832017654	1.0
chr6_32819531_G_T_b38	3	6.71302e-03	-1.885e-01	5.082e-02 0.4039426550389356	1.0
chr6_32819533_G_A_b38	3	6.71302e-03	-1.885e-01	5.082e-02 0.4039426550389356	1.0
chr6_32819526_GA_G_b38	3	6.71302e-03	-1.885e-01	5.082e-02 0.4039426550389356	1.0
chr6_32818739_C_T_b38	3	6.71302e-03	-1.885e-01	5.082e-02 0.4039426550389356	1.0
chr6_32815629_G_A_b38	3	6.69470e-03	-1.885e-01	5.082e-02 0.4039426550389356	1.0
chr6_32815673_C_G_b38	3	6.69470e-03	-1.885e-01	5.082e-02 1.2838340997695925	1.0
chr6_32819560_C_T_b38	3	4.04279e-03	-1.885e-01	5.082e-02 -0.9838281869888306	1.0
chr6_32820549_C_G_b38	3	4.04279e-03	-1.885e-01	5.082e-02 0.4039426550389356	1.0
chr6_32814372_G_A_b38	3	4.00283e-03	-1.885e-01	5.082e-02 1.1784932613372805	1.0
chr6_32810549_G_T_b38	3	2.28215e-03	-1.885e-01	5.082e-02 0.4039426550389356	1.0
chr6_32816527_C_T_b38	4	2.17544e-02	1.525e-01	6.041e-02 -0.7590449467961059	1.0
chr6_32821334_A_G_b38	4	3.20756e-03	1.178e-01	5.566e-02 -0.6823639168908017	1.0
chr6_32773381_A_G_b38	4	8.58290e-04	1.649e-01	5.944e-02 -0.7590449467961059	1.0
chr6_32816899_C_T_b38	5	3.25019e-04	-7.729e-02	5.081e-02 -1.677114963531494	1.0
