chr2_88626830_G_C_b38	1	1.18578e-01	2.939e-01	8.879e-02
chr2_88647093_G_A_b38	1	6.34155e-02	3.240e-01	8.530e-02
chr2_88633798_C_T_b38	1	5.47279e-02	3.076e-01	8.717e-02
chr2_88651398_A_C_b38	1	4.98519e-02	3.120e-01	8.385e-02
chr2_88641972_G_A_b38	1	3.78352e-02	3.062e-01	8.429e-02
chr2_88634572_G_A_b38	1	2.90631e-02	2.939e-01	8.878e-02
chr2_88625104_T_C_b38	1	2.84327e-02	2.645e-01	8.656e-02
chr2_88638992_AT_A_b38	1	2.43831e-02	3.112e-01	8.915e-02
chr2_88664589_T_C_b38	1	2.12712e-02	3.167e-01	8.347e-02
chr2_88630218_T_G_b38	1	1.94843e-02	2.646e-01	8.656e-02
chr2_88689483_C_G_b38	1	1.80428e-02	3.442e-01	8.558e-02
chr2_88715210_T_C_b38	1	1.67480e-02	3.338e-01	8.351e-02
chr2_88799666_AT_A_b38	1	1.42030e-02	-3.547e-01	8.035e-02
chr2_88613755_G_C_b38	1	1.31661e-02	2.940e-01	8.878e-02
chr2_88578615_A_G_b38	1	1.07453e-02	-3.077e-01	8.716e-02
chr2_88602214_C_T_b38	1	1.07453e-02	3.077e-01	8.716e-02
chr2_88582130_G_A_b38	1	5.67942e-03	-2.941e-01	8.877e-02
chr2_88595833_T_C_b38	1	5.67942e-03	-2.941e-01	8.877e-02
chr2_88617517_G_C_b38	1	4.70978e-03	2.465e-01	8.444e-02
chr2_88595605_T_C_b38	1	2.88200e-03	-2.647e-01	8.655e-02
chr2_88600365_T_C_b38	1	2.88200e-03	2.647e-01	8.655e-02
chr2_88580546_T_A_b38	1	2.88200e-03	-2.647e-01	8.655e-02
chr2_88784810_G_C_b38	1	2.42378e-03	-3.332e-01	8.495e-02
chr2_88752509_A_G_b38	1	2.42378e-03	-3.332e-01	8.495e-02
chr2_88793179_G_A_b38	1	2.42378e-03	-3.332e-01	8.495e-02
chr2_88728129_C_T_b38	1	2.19969e-03	-3.193e-01	8.215e-02
chr2_88575373_C_A_b38	1	2.07538e-03	-2.942e-01	8.875e-02
chr2_88804040_C_T_b38	1	1.63489e-03	-3.139e-01	8.267e-02
chr2_88629547_A_G_b38	2	4.47628e-03	-1.624e-01	1.171e-01
chr2_88624206_C_T_b38	2	2.80143e-03	-1.624e-01	1.171e-01
chr2_88630745_A_G_b38	2	2.53665e-03	-1.624e-01	1.171e-01
chr2_88620235_T_G_b38	2	1.56435e-03	-1.628e-01	1.170e-01
chr2_88632807_T_C_b38	2	1.54637e-03	1.350e-01	1.100e-01
chr2_88635729_T_C_b38	2	1.52165e-03	-1.416e-01	1.243e-01
chr2_88649687_A_G_b38	2	1.17708e-03	-1.870e-01	1.191e-01
chr2_88608131_AATT_A_b38	2	8.43078e-04	-1.637e-01	1.170e-01
chr2_88605480_A_G_b38	2	8.43078e-04	-1.637e-01	1.170e-01
chr2_88604251_C_T_b38	2	8.43078e-04	-1.637e-01	1.170e-01
chr2_88610708_C_T_b38	2	6.36015e-04	-1.360e-01	1.308e-01
chr2_88650408_G_A_b38	2	6.16972e-04	-1.126e-01	1.296e-01
chr2_88651254_C_T_b38	2	5.43563e-04	-8.474e-02	1.277e-01
chr2_88652550_G_T_b38	2	5.43563e-04	-8.474e-02	1.277e-01
chr2_88650814_C_T_b38	2	5.43563e-04	-8.474e-02	1.277e-01
chr2_88649190_T_C_b38	2	5.10741e-04	1.067e-02	1.486e-01
chr2_88617045_A_T_b38	2	4.61362e-04	-4.232e-02	1.412e-01
chr2_88578658_G_T_b38	2	3.54387e-04	-1.655e-01	1.172e-01
chr2_88591302_A_T_b38	2	3.54387e-04	-1.655e-01	1.172e-01
chr2_88584409_C_T_b38	2	3.54387e-04	-1.655e-01	1.172e-01
chr2_88589988_A_G_b38	2	3.54387e-04	-1.655e-01	1.172e-01
chr2_88581603_C_T_b38	2	3.54387e-04	-1.655e-01	1.172e-01
chr2_88600140_G_A_b38	2	3.54387e-04	-1.655e-01	1.172e-01
chr2_88535628_G_A_b38	2	2.02321e-04	-2.389e-01	1.320e-01
chr2_88549497_G_T_b38	2	1.73575e-04	-2.111e-01	1.208e-01
chr2_88659568_T_C_b38	2	1.60825e-04	-8.797e-02	1.283e-01
chr2_88656602_T_C_b38	2	1.60825e-04	-8.797e-02	1.283e-01
chr2_88658747_T_C_b38	2	1.60825e-04	-8.797e-02	1.283e-01
chr2_88659898_T_G_b38	2	1.60825e-04	-8.797e-02	1.283e-01
chr2_88655115_C_T_b38	2	1.60825e-04	-8.797e-02	1.283e-01
chr2_88653080_T_C_b38	2	1.60825e-04	-8.797e-02	1.283e-01
chr2_88662496_G_A_b38	2	1.60825e-04	-8.797e-02	1.283e-01
chr2_88659065_G_C_b38	2	1.60825e-04	-8.797e-02	1.283e-01
chr2_88660090_G_A_b38	2	1.60825e-04	-8.797e-02	1.283e-01
chr2_88662555_T_C_b38	2	1.60825e-04	-8.797e-02	1.283e-01
chr2_88653425_T_G_b38	2	1.60825e-04	-8.797e-02	1.283e-01
chr2_88656799_T_C_b38	2	1.60825e-04	-8.797e-02	1.283e-01
chr2_88653506_G_A_b38	2	1.60825e-04	-8.797e-02	1.283e-01
chr2_88653237_T_C_b38	2	1.60825e-04	-8.797e-02	1.283e-01
chr2_88657660_A_G_b38	2	1.60825e-04	-8.797e-02	1.283e-01
chr2_88657663_T_C_b38	2	1.60825e-04	-8.797e-02	1.283e-01
chr2_88654418_A_C_b38	2	1.60825e-04	-8.797e-02	1.283e-01
chr2_88660144_T_C_b38	2	1.60825e-04	-8.797e-02	1.283e-01
chr2_88655841_A_G_b38	2	1.60825e-04	-8.797e-02	1.283e-01
chr2_88654218_G_A_b38	2	1.60825e-04	-8.797e-02	1.283e-01
chr2_88656096_A_C_b38	2	1.60825e-04	-8.797e-02	1.283e-01
chr2_88652648_G_A_b38	2	1.60825e-04	-8.797e-02	1.283e-01
chr2_88653701_G_A_b38	2	1.52553e-04	3.385e-02	1.469e-01
chr2_88658032_G_C_b38	2	1.29322e-04	-4.205e-02	1.154e-01
chr2_88543613_A_G_b38	2	1.15548e-04	-1.807e-01	1.192e-01
chr2_88556155_G_A_b38	2	1.05367e-04	-1.681e-01	1.177e-01
chr2_88568478_G_A_b38	2	1.05367e-04	-1.681e-01	1.177e-01
chr2_88562239_T_G_b38	2	1.05367e-04	-1.681e-01	1.177e-01
chr2_88571917_A_G_b38	2	1.05367e-04	-1.681e-01	1.177e-01
chr2_88555807_T_C_b38	2	1.05367e-04	-1.681e-01	1.177e-01
chr2_88563106_AC_A_b38	2	1.05367e-04	-1.681e-01	1.177e-01
chr2_88559124_CAT_C_b38	2	1.05367e-04	-1.681e-01	1.177e-01
chr2_88577433_G_A_b38	2	1.05367e-04	-1.681e-01	1.177e-01
chr2_88554785_C_T_b38	2	8.68605e-05	-1.520e-01	1.178e-01
chr2_88545661_G_GTATA_b38	2	8.16421e-05	-1.503e-01	1.248e-01
chr2_88547106_A_G_b38	2	6.16903e-05	-1.185e-01	1.455e-01
chr2_88677588_T_C_b38	2	3.93314e-05	-8.774e-02	1.138e-01
