chr3_53105491_A_G_b38	1	4.52536e-02	-3.349e-01	7.855e-02
chr3_53105490_C_T_b38	1	4.52536e-02	-3.349e-01	7.855e-02
chr3_53105961_G_A_b38	1	3.70008e-02	-3.262e-01	7.765e-02
chr3_53091569_T_C_b38	1	2.61214e-02	-3.395e-01	7.801e-02
chr3_53088241_T_C_b38	1	2.61214e-02	-3.395e-01	7.801e-02
chr3_53089257_A_G_b38	1	2.06883e-02	-3.297e-01	7.704e-02
chr3_53086908_C_T_b38	1	2.06883e-02	-3.297e-01	7.704e-02
chr3_53086082_C_T_b38	1	2.06883e-02	-3.297e-01	7.704e-02
chr3_53085687_G_A_b38	1	2.06883e-02	-3.297e-01	7.704e-02
chr3_53081144_A_C_b38	1	2.06883e-02	-3.297e-01	7.704e-02
chr3_53088953_G_A_b38	1	2.06883e-02	-3.297e-01	7.704e-02
chr3_53088354_A_G_b38	1	2.06883e-02	-3.297e-01	7.704e-02
chr3_53092127_G_A_b38	1	2.06883e-02	-3.297e-01	7.704e-02
chr3_53097814_G_A_b38	1	2.06883e-02	-3.297e-01	7.704e-02
chr3_53091906_T_C_b38	1	2.06883e-02	-3.297e-01	7.704e-02
chr3_53084723_C_T_b38	1	2.06883e-02	-3.297e-01	7.704e-02
chr3_53097813_T_C_b38	1	2.06883e-02	-3.297e-01	7.704e-02
chr3_53087260_A_G_b38	1	2.06883e-02	-3.297e-01	7.704e-02
chr3_53089470_G_A_b38	1	2.06883e-02	-3.297e-01	7.704e-02
chr3_53088242_G_A_b38	1	2.06883e-02	-3.297e-01	7.704e-02
chr3_53093119_AC_A_b38	1	2.06883e-02	-3.297e-01	7.704e-02
chr3_53096897_C_A_b38	1	2.06883e-02	-3.297e-01	7.704e-02
chr3_53097756_T_C_b38	1	2.06883e-02	-3.297e-01	7.704e-02
chr3_53099510_A_G_b38	1	1.94104e-02	-3.349e-01	7.855e-02
chr3_53103295_C_G_b38	1	1.94104e-02	-3.349e-01	7.855e-02
chr3_53093661_G_T_b38	1	1.63480e-02	-3.258e-01	7.737e-02
chr3_53101922_T_C_b38	1	1.58705e-02	-3.262e-01	7.765e-02
chr3_53102445_G_A_b38	1	1.58705e-02	-3.262e-01	7.765e-02
chr3_53099133_C_G_b38	1	1.58705e-02	-3.262e-01	7.765e-02
chr3_53072031_T_C_b38	1	1.39312e-02	-3.558e-01	7.823e-02
chr3_53075336_A_G_b38	1	1.08998e-02	-3.460e-01	7.730e-02
chr3_53100082_T_C_b38	1	1.06496e-02	-3.258e-01	7.981e-02
chr3_53100847_T_C_b38	1	9.12286e-03	-3.253e-01	8.060e-02
chr3_53077688_T_C_b38	1	7.06642e-03	-3.395e-01	7.801e-02
chr3_53073553_G_A_b38	1	5.28240e-03	-3.283e-01	7.701e-02
chr3_53069780_G_T_b38	1	4.40655e-03	-3.243e-01	7.707e-02
chr3_53069246_A_G_b38	1	2.88300e-03	-3.159e-01	7.744e-02
chr3_53069139_C_T_b38	1	2.79072e-03	-3.160e-01	7.766e-02
chr3_53082835_C_T_b38	1	1.95222e-03	-2.904e-01	8.243e-02
chr3_53106587_T_C_b38	1	6.19529e-04	-2.470e-01	9.053e-02
chr3_53073764_C_T_b38	1	4.81230e-04	-2.839e-01	8.139e-02
chr3_53074760_G_A_b38	1	4.81230e-04	-2.839e-01	8.139e-02
chr3_53130510_G_C_b38	2	9.94203e-03	4.079e-02	2.246e-01
