chr1_88684130_C_T_b38	1	1.38567e-01	3.218e-01	1.142e-01
chr1_88686528_A_G_b38	1	2.19855e-02	2.683e-01	9.652e-02
chr1_88688916_A_C_b38	1	1.31544e-02	3.202e-01	1.138e-01
chr1_88686756_G_A_b38	1	1.30136e-02	2.668e-01	9.618e-02
chr1_88687756_CCAAA_C_b38	1	1.30136e-02	2.668e-01	9.618e-02
chr1_88689127_G_A_b38	1	1.30136e-02	2.668e-01	9.618e-02
chr1_88687520_G_A_b38	1	1.30136e-02	2.668e-01	9.618e-02
chr1_88688139_G_A_b38	1	1.30136e-02	2.668e-01	9.618e-02
chr1_88685502_G_A_b38	1	1.24195e-02	2.254e-01	8.965e-02
chr1_88686682_C_A_b38	1	1.24195e-02	2.254e-01	8.965e-02
chr1_88693665_C_T_b38	1	9.06292e-03	3.184e-01	1.136e-01
chr1_88691204_T_C_b38	1	9.03026e-03	2.670e-01	9.615e-02
chr1_88693879_GT_G_b38	1	9.03026e-03	2.670e-01	9.615e-02
chr1_88705451_C_T_b38	1	8.03449e-03	2.782e-01	9.135e-02
chr1_88698557_G_A_b38	1	8.03449e-03	2.782e-01	9.135e-02
chr1_88707665_C_A_b38	1	8.03449e-03	2.782e-01	9.135e-02
chr1_88698783_A_G_b38	1	8.03449e-03	2.782e-01	9.135e-02
chr1_88702197_T_G_b38	1	8.03449e-03	2.782e-01	9.135e-02
chr1_88702967_A_G_b38	1	8.03449e-03	2.782e-01	9.135e-02
chr1_88704729_G_A_b38	1	8.03449e-03	2.782e-01	9.135e-02
chr1_88699672_A_G_b38	1	7.49917e-03	3.182e-01	1.038e-01
chr1_88708994_G_A_b38	1	7.49917e-03	3.182e-01	1.038e-01
chr1_88693779_T_C_b38	1	5.20220e-03	2.239e-01	8.904e-02
chr1_88708884_G_C_b38	1	4.09816e-03	2.401e-01	8.438e-02
chr1_88698843_C_T_b38	1	4.09816e-03	2.401e-01	8.438e-02
chr1_88704238_A_G_b38	1	4.09816e-03	2.401e-01	8.438e-02
chr1_88700452_C_T_b38	1	4.09816e-03	2.401e-01	8.438e-02
chr1_88706091_A_G_b38	1	4.09816e-03	2.401e-01	8.438e-02
chr1_88699344_T_C_b38	1	4.09816e-03	2.401e-01	8.438e-02
chr1_88698515_T_C_b38	1	4.09816e-03	2.401e-01	8.438e-02
chr1_88696969_C_G_b38	1	3.77510e-03	2.610e-01	9.402e-02
chr1_88694275_C_T_b38	1	3.77510e-03	2.610e-01	9.402e-02
chr1_88696638_C_A_b38	1	3.77510e-03	2.610e-01	9.402e-02
chr1_88694393_G_A_b38	1	1.75959e-03	2.282e-01	8.773e-02
chr1_88696449_G_A_b38	1	1.64340e-03	2.122e-01	8.261e-02
chr1_88694778_T_G_b38	1	1.64340e-03	2.122e-01	8.261e-02
chr1_88706529_G_A_b38	1	1.52305e-03	2.780e-01	1.089e-01
chr1_88722685_A_T_b38	1	1.15275e-03	3.052e-01	9.824e-02
chr1_88723472_A_G_b38	1	1.15275e-03	3.052e-01	9.824e-02
chr1_88713347_C_T_b38	1	1.15275e-03	3.052e-01	9.824e-02
chr1_88716025_A_C_b38	1	1.15275e-03	3.052e-01	9.824e-02
chr1_88714164_G_A_b38	1	1.15275e-03	3.052e-01	9.824e-02
chr1_88717842_A_G_b38	1	1.15275e-03	3.052e-01	9.824e-02
chr1_88722656_C_G_b38	1	1.15275e-03	3.052e-01	9.824e-02
chr1_88730912_G_A_b38	1	1.15275e-03	3.052e-01	9.824e-02
chr1_88717163_A_C_b38	1	1.15275e-03	3.052e-01	9.824e-02
chr1_88723884_T_C_b38	1	1.15275e-03	3.052e-01	9.824e-02
chr1_88727311_G_A_b38	1	1.15275e-03	3.052e-01	9.824e-02
chr1_88715210_T_C_b38	1	1.15275e-03	3.052e-01	9.824e-02
chr1_88720826_C_T_b38	1	1.15275e-03	3.052e-01	9.824e-02
chr1_88728235_C_T_b38	1	1.15275e-03	3.052e-01	9.824e-02
chr1_88733384_A_G_b38	1	1.15275e-03	3.052e-01	9.824e-02
chr1_88731245_A_G_b38	1	1.15275e-03	3.052e-01	9.824e-02
chr1_88727308_A_C_b38	1	1.15275e-03	3.052e-01	9.824e-02
chr1_88731997_A_G_b38	1	1.15275e-03	3.052e-01	9.824e-02
chr1_88715637_A_G_b38	1	1.15275e-03	3.052e-01	9.824e-02
chr1_88712064_T_C_b38	1	1.15275e-03	3.052e-01	9.824e-02
chr1_88710506_C_G_b38	1	1.15275e-03	3.052e-01	9.824e-02
chr1_88718321_C_A_b38	1	1.15275e-03	3.052e-01	9.824e-02
chr1_88726947_G_A_b38	1	1.15275e-03	3.052e-01	9.824e-02
chr1_88718630_C_G_b38	1	1.15275e-03	3.052e-01	9.824e-02
chr1_88712391_G_A_b38	1	1.15275e-03	3.052e-01	9.824e-02
chr1_88681760_A_AT_b38	2	5.54152e-02	1.343e-01	3.926e-02
chr1_88683110_G_T_b38	2	5.54152e-02	1.343e-01	3.926e-02
chr1_88682820_A_C_b38	2	5.54152e-02	1.343e-01	3.926e-02
chr1_88681169_A_G_b38	2	4.54826e-02	1.407e-01	4.046e-02
chr1_88680551_C_A_b38	2	3.52922e-02	1.343e-01	3.926e-02
chr1_88671776_A_G_b38	2	2.61953e-02	1.486e-01	3.983e-02
chr1_88671922_A_C_b38	2	2.61953e-02	1.486e-01	3.983e-02
chr1_88678370_A_G_b38	2	2.51990e-02	1.414e-01	4.046e-02
chr1_88670814_T_C_b38	2	2.49520e-02	1.465e-01	3.938e-02
chr1_88660322_T_A_b38	2	2.39747e-02	1.517e-01	4.106e-02
chr1_88660234_A_G_b38	2	2.39747e-02	1.517e-01	4.106e-02
chr1_88668129_G_A_b38	2	2.26308e-02	1.506e-01	4.092e-02
chr1_88673358_T_A_b38	2	2.26308e-02	1.506e-01	4.092e-02
chr1_88676781_A_G_b38	2	1.93413e-02	1.347e-01	3.925e-02
chr1_88678573_G_C_b38	2	1.93413e-02	1.347e-01	3.925e-02
chr1_88679020_C_G_b38	2	1.93413e-02	1.347e-01	3.925e-02
chr1_88677066_C_A_b38	2	1.93413e-02	1.347e-01	3.925e-02
chr1_88679709_C_CT_b38	2	1.28981e-02	1.247e-01	3.955e-02
chr1_88681952_T_C_b38	2	9.46757e-03	1.230e-01	4.210e-02
chr1_88682237_A_T_b38	2	9.46757e-03	1.230e-01	4.210e-02
chr1_88660222_G_A_b38	2	8.55246e-03	1.398e-01	4.059e-02
chr1_88660218_G_A_b38	2	8.55246e-03	1.398e-01	4.059e-02
chr1_88662610_G_A_b38	2	8.55246e-03	1.398e-01	4.059e-02
chr1_88663836_A_G_b38	2	8.55246e-03	1.398e-01	4.059e-02
chr1_88660157_C_T_b38	2	8.55246e-03	1.398e-01	4.059e-02
chr1_88662562_G_A_b38	2	8.55246e-03	1.398e-01	4.059e-02
chr1_88667595_T_C_b38	2	8.26904e-03	1.392e-01	4.051e-02
chr1_88667180_C_T_b38	2	8.26904e-03	1.392e-01	4.051e-02
chr1_88662967_C_A_b38	2	8.08480e-03	1.388e-01	4.050e-02
chr1_88653809_C_G_b38	2	7.61021e-03	1.526e-01	4.097e-02
chr1_88657760_C_T_b38	2	7.61021e-03	1.526e-01	4.097e-02
chr1_88666664_T_G_b38	2	6.04744e-03	1.352e-01	4.041e-02
chr1_88681076_C_T_b38	2	5.86862e-03	1.228e-01	4.217e-02
chr1_88681642_T_C_b38	2	5.86862e-03	1.228e-01	4.217e-02
chr1_88681530_A_T_b38	2	5.86862e-03	1.228e-01	4.217e-02
chr1_88661204_T_G_b38	2	3.46764e-03	-1.418e-01	4.513e-02
chr1_88678159_C_T_b38	2	3.12008e-03	1.216e-01	4.213e-02
chr1_88676459_C_A_b38	2	3.12008e-03	1.216e-01	4.213e-02
chr1_88677622_C_T_b38	2	2.71918e-03	-1.276e-01	4.494e-02
chr1_88653622_C_T_b38	2	2.15293e-03	1.379e-01	4.071e-02
chr1_88653570_T_C_b38	2	2.15293e-03	1.379e-01	4.071e-02
chr1_88659180_C_T_b38	2	2.15293e-03	1.379e-01	4.071e-02
chr1_88644278_C_CT_b38	2	2.00799e-03	-1.581e-01	4.687e-02
chr1_88639419_A_G_b38	2	2.00799e-03	-1.581e-01	4.687e-02
chr1_88641848_A_G_b38	2	2.00799e-03	-1.581e-01	4.687e-02
chr1_88673003_AAATAAG_A_b38	2	1.36599e-03	-1.280e-01	4.496e-02
chr1_88653772_T_C_b38	2	1.18993e-03	1.355e-01	4.220e-02
chr1_88655525_G_A_b38	2	1.18993e-03	1.355e-01	4.220e-02
chr1_88658353_T_C_b38	2	1.18993e-03	1.355e-01	4.220e-02
chr1_88650617_T_C_b38	2	1.03423e-03	-1.479e-01	4.696e-02
chr1_88673669_AT_A_b38	2	9.31900e-04	1.172e-01	4.370e-02
chr1_88673842_C_G_b38	2	9.31900e-04	1.172e-01	4.370e-02
chr1_88669369_T_C_b38	2	9.31900e-04	1.172e-01	4.370e-02
chr1_88674108_C_T_b38	2	9.31900e-04	1.172e-01	4.370e-02
chr1_88648177_A_C_b38	2	8.11006e-04	-1.431e-01	4.668e-02
chr1_88602090_C_T_b38	2	6.89848e-04	-1.579e-01	4.642e-02
chr1_88693330_T_C_b38	2	5.21510e-04	8.874e-02	4.462e-02
chr1_88720882_A_G_b38	2	4.76900e-04	1.331e-01	4.639e-02
chr1_88654015_G_A_b38	2	4.65942e-04	-1.280e-01	4.496e-02
chr1_88685915_T_G_b38	2	4.33953e-04	-6.427e-02	5.110e-02
chr1_88706048_T_TG_b38	2	3.06688e-04	9.434e-02	4.428e-02
chr1_88708570_A_T_b38	2	3.06688e-04	9.434e-02	4.428e-02
chr1_88588184_T_G_b38	2	2.91441e-04	-1.436e-01	4.628e-02
chr1_88588466_G_A_b38	2	2.91441e-04	-1.436e-01	4.628e-02
chr1_88607907_A_G_b38	2	2.91441e-04	-1.436e-01	4.628e-02
chr1_88604840_T_C_b38	2	2.91441e-04	-1.436e-01	4.628e-02
chr1_88602244_T_C_b38	2	2.91441e-04	-1.436e-01	4.628e-02
chr1_88634178_C_T_b38	2	2.60934e-04	-1.431e-01	4.668e-02
chr1_88688172_A_G_b38	2	2.58357e-04	-6.274e-02	5.095e-02
chr1_88696576_T_A_b38	2	2.37230e-04	8.874e-02	4.462e-02
chr1_88683564_CA_C_b38	3	1.51593e-03	-7.035e-02	1.111e-01
chr1_88691845_CAT_C_b38	3	2.23425e-04	-1.016e-01	1.017e-01
chr1_88677959_C_T_b38	3	1.79793e-04	-9.811e-02	9.907e-02
chr1_88706615_G_T_b38	3	7.51542e-05	-1.223e-02	9.972e-02
chr1_88698914_C_T_b38	3	7.06786e-05	-6.834e-02	8.888e-02
chr1_88710043_T_A_b38	3	4.51014e-05	-1.350e-01	8.018e-02
chr1_88751656_C_T_b38	3	2.49158e-05	-1.645e-01	8.167e-02
chr1_88754789_G_A_b38	3	2.49158e-05	-1.645e-01	8.167e-02
chr1_88646424_CT_C_b38	3	2.41616e-05	-4.737e-02	1.253e-01
chr1_88721860_A_T_b38	3	2.32330e-05	-3.783e-02	1.323e-01
chr1_88593045_GA_G_b38	3	7.77381e-06	0.000e+00	0.000e+00
chr1_88610503_G_T_b38	3	7.77381e-06	0.000e+00	0.000e+00
chr1_88615871_C_T_b38	3	7.77381e-06	0.000e+00	0.000e+00
chr1_88612467_G_A_b38	3	7.77381e-06	0.000e+00	0.000e+00
chr1_88591747_C_A_b38	3	7.77381e-06	0.000e+00	0.000e+00
chr1_88741377_A_G_b38	3	7.74415e-06	0.000e+00	0.000e+00
