chr8_25458743_G_A_b38	1	5.27957e-02	1.743e-01	6.287e-02
chr8_25458715_C_A_b38	1	5.27957e-02	1.743e-01	6.287e-02
chr8_25459145_G_T_b38	1	5.27957e-02	1.743e-01	6.287e-02
chr8_25459273_A_G_b38	1	5.27957e-02	1.743e-01	6.287e-02
chr8_25458711_G_T_b38	1	5.27957e-02	1.743e-01	6.287e-02
chr8_25459782_T_G_b38	1	2.71838e-02	1.800e-01	6.406e-02
chr8_25459808_G_C_b38	1	2.47905e-02	1.743e-01	6.287e-02
chr8_25459785_A_T_b38	1	2.47905e-02	1.743e-01	6.287e-02
chr8_25459906_G_A_b38	1	2.47905e-02	1.743e-01	6.287e-02
chr8_25459945_G_A_b38	1	2.47905e-02	1.743e-01	6.287e-02
chr8_25460308_A_T_b38	1	1.05218e-02	1.771e-01	6.332e-02
chr8_25460986_G_C_b38	1	1.01368e-02	1.762e-01	6.337e-02
chr8_25460056_T_C_b38	1	9.90239e-03	1.742e-01	6.286e-02
chr8_25460098_T_G_b38	1	9.20069e-03	1.754e-01	6.403e-02
chr8_25463765_T_C_b38	1	6.23883e-03	1.771e-01	6.332e-02
chr8_25456876_G_T_b38	1	6.00296e-03	1.622e-01	6.205e-02
chr8_25478710_T_C_b38	1	5.98292e-03	2.043e-01	6.345e-02
chr8_25475047_C_T_b38	1	5.98292e-03	2.043e-01	6.345e-02
chr8_25476000_A_G_b38	1	5.98292e-03	2.043e-01	6.345e-02
chr8_25470641_T_C_b38	1	5.64924e-03	1.991e-01	6.224e-02
chr8_25455745_G_A_b38	1	5.43801e-03	1.701e-01	6.215e-02
chr8_25455703_G_A_b38	1	5.43801e-03	1.701e-01	6.215e-02
chr8_25455744_T_C_b38	1	5.43801e-03	1.701e-01	6.215e-02
chr8_25462673_G_A_b38	1	5.37671e-03	1.764e-01	6.456e-02
chr8_25471436_T_C_b38	1	5.31063e-03	1.980e-01	6.232e-02
chr8_25479112_T_C_b38	1	5.31063e-03	1.980e-01	6.232e-02
chr8_25472768_T_A_b38	1	5.31063e-03	1.980e-01	6.232e-02
chr8_25457055_G_C_b38	1	5.27902e-03	1.590e-01	6.219e-02
chr8_25454518_A_G_b38	1	4.75891e-03	1.646e-01	6.139e-02
chr8_25470996_T_C_b38	1	4.51672e-03	1.947e-01	6.249e-02
chr8_25460737_A_G_b38	1	4.47704e-03	1.682e-01	7.002e-02
chr8_25467625_C_T_b38	1	4.16118e-03	1.813e-01	6.458e-02
chr8_25464769_G_A_b38	1	4.05262e-03	1.771e-01	6.332e-02
chr8_25450766_C_T_b38	1	3.98431e-03	1.686e-01	6.133e-02
chr8_25467827_G_A_b38	1	3.97872e-03	1.768e-01	6.341e-02
chr8_25452728_T_G_b38	1	3.95738e-03	1.707e-01	6.217e-02
chr8_25453794_G_A_b38	1	3.87905e-03	1.701e-01	6.215e-02
chr8_25454500_G_T_b38	1	3.85857e-03	1.608e-01	6.214e-02
chr8_25468015_G_A_b38	1	3.69388e-03	-1.775e-01	6.437e-02
chr8_25449209_A_G_b38	1	3.39793e-03	1.646e-01	6.139e-02
chr8_25478795_G_A_b38	1	3.11430e-03	-1.882e-01	6.330e-02
chr8_25471251_C_A_b38	1	2.96721e-03	2.005e-01	6.788e-02
chr8_25449038_C_G_b38	1	2.92332e-03	1.622e-01	6.205e-02
chr8_25457344_A_G_b38	1	2.59740e-03	-1.398e-01	6.341e-02
chr8_25470642_A_G_b38	1	2.32031e-03	-1.794e-01	6.285e-02
chr8_25468214_T_C_b38	1	2.08000e-03	1.777e-01	7.132e-02
chr8_25465374_T_TTAG_b38	1	2.02639e-03	1.729e-01	6.972e-02
chr8_25455940_C_T_b38	1	2.02375e-03	-1.422e-01	6.246e-02
chr8_25482352_T_G_b38	1	2.01986e-03	1.771e-01	6.332e-02
chr8_25480993_A_G_b38	1	2.01986e-03	1.771e-01	6.332e-02
chr8_25481631_A_T_b38	1	2.01986e-03	1.771e-01	6.332e-02
chr8_25476592_G_A_b38	1	1.91832e-03	-1.758e-01	6.335e-02
chr8_25474284_G_C_b38	1	1.79543e-03	-1.736e-01	6.320e-02
chr8_25475084_G_T_b38	1	1.79543e-03	-1.736e-01	6.320e-02
chr8_25477838_G_A_b38	1	1.79543e-03	-1.736e-01	6.320e-02
chr8_25441379_A_G_b38	1	1.73445e-03	1.704e-01	6.208e-02
chr8_25454261_G_A_b38	1	1.70575e-03	1.483e-01	6.828e-02
chr8_25447592_G_A_b38	1	1.70247e-03	1.701e-01	6.215e-02
chr8_25434656_A_C_b38	1	1.70247e-03	1.701e-01	6.215e-02
chr8_25439227_T_TA_b38	1	1.70247e-03	1.701e-01	6.215e-02
chr8_25439414_C_T_b38	1	1.70247e-03	1.701e-01	6.215e-02
chr8_25447390_G_T_b38	1	1.70247e-03	1.701e-01	6.215e-02
chr8_25436836_C_T_b38	1	1.70247e-03	1.701e-01	6.215e-02
chr8_25447182_C_T_b38	1	1.70247e-03	1.701e-01	6.215e-02
chr8_25436831_A_G_b38	1	1.70247e-03	1.701e-01	6.215e-02
chr8_25442628_A_C_b38	1	1.64172e-03	1.693e-01	6.218e-02
chr8_25443471_T_TA_b38	1	1.59141e-03	1.688e-01	6.233e-02
chr8_25446014_A_T_b38	1	1.58361e-03	1.687e-01	6.233e-02
chr8_25447226_C_T_b38	1	1.49131e-03	1.646e-01	6.139e-02
chr8_25436342_C_T_b38	1	1.49131e-03	1.646e-01	6.139e-02
chr8_25434181_T_C_b38	1	1.49131e-03	1.646e-01	6.139e-02
chr8_25450282_G_A_b38	1	1.44499e-03	-1.422e-01	6.246e-02
chr8_25455058_C_G_b38	1	1.43295e-03	1.430e-01	6.906e-02
chr8_25466546_C_T_b38	1	1.30569e-03	-1.472e-01	6.489e-02
chr8_25446913_G_C_b38	1	1.28301e-03	1.622e-01	6.205e-02
chr8_25445897_T_C_b38	1	1.28301e-03	1.622e-01	6.205e-02
chr8_25420993_C_T_b38	1	1.25080e-03	1.903e-01	6.262e-02
chr8_25483317_G_A_b38	1	1.21044e-03	1.787e-01	6.964e-02
chr8_25445411_G_A_b38	1	1.20315e-03	1.610e-01	6.228e-02
chr8_25414848_C_G_b38	1	1.15767e-03	1.885e-01	6.264e-02
chr8_25443241_T_TA_b38	1	1.07771e-03	1.580e-01	6.237e-02
chr8_25485106_AAGC_A_b38	1	9.41926e-04	1.819e-01	6.350e-02
chr8_25486174_T_C_b38	1	8.76380e-04	1.828e-01	6.451e-02
chr8_25414379_C_T_b38	1	8.58492e-04	1.811e-01	6.270e-02
chr8_25476580_T_C_b38	1	8.49293e-04	-1.542e-01	6.412e-02
chr8_25486768_T_C_b38	1	7.98983e-04	1.770e-01	6.332e-02
chr8_25482557_G_T_b38	1	7.81994e-04	-1.515e-01	6.411e-02
chr8_25451000_C_T_b38	1	7.65338e-04	1.284e-01	6.752e-02
chr8_25488203_T_C_b38	1	7.47763e-04	1.752e-01	6.331e-02
chr8_25420383_C_CAGCCTGGCAACAGAGCGAGACTCCGTCTCAA_b38	1	7.39512e-04	1.852e-01	6.554e-02
chr8_25418917_G_A_b38	1	7.27967e-04	1.768e-01	6.268e-02
chr8_25440090_A_G_b38	1	7.15649e-04	1.624e-01	6.991e-02
chr8_25412992_G_A_b38	1	7.02975e-04	1.776e-01	6.330e-02
chr8_25490813_T_C_b38	1	6.91798e-04	1.740e-01	6.362e-02
chr8_25451201_T_C_b38	1	6.76896e-04	1.242e-01	6.824e-02
chr8_25449566_TG_T_b38	1	6.69681e-04	1.225e-01	6.743e-02
chr8_25449005_T_C_b38	1	6.69681e-04	1.225e-01	6.743e-02
chr8_25495317_T_A_b38	1	6.35834e-04	1.734e-01	6.429e-02
chr8_25437263_T_C_b38	1	6.34189e-04	-1.421e-01	6.245e-02
chr8_25447357_A_G_b38	1	6.34189e-04	-1.421e-01	6.245e-02
chr8_25446708_T_C_b38	1	6.34189e-04	-1.421e-01	6.245e-02
chr8_25449475_T_C_b38	1	6.27174e-04	1.196e-01	6.742e-02
chr8_25452264_A_T_b38	1	6.24051e-04	1.195e-01	6.750e-02
chr8_25417772_GGT_G_b38	1	5.94781e-04	1.701e-01	6.214e-02
chr8_25441194_G_C_b38	1	5.63667e-04	1.456e-01	6.604e-02
chr8_25422001_TA_T_b38	1	5.63397e-04	1.688e-01	6.221e-02
chr8_25458321_G_A_b38	2	7.87041e-03	1.876e-01	1.406e-01
chr8_25441223_C_G_b38	2	6.72374e-04	2.036e-01	1.471e-01
chr8_25470055_A_G_b38	2	4.67318e-04	1.444e-01	1.347e-01
