chr19_42236064_A_ATCAT_b38	1	9.14604e-02	2.399e-01	5.893e-02
chr19_42214184_A_G_b38	1	4.24009e-02	2.171e-01	5.982e-02
chr19_42243077_G_A_b38	1	2.56573e-02	2.448e-01	6.614e-02
chr19_42229713_T_C_b38	1	2.49939e-02	2.057e-01	5.993e-02
chr19_42214443_A_G_b38	1	2.36100e-02	2.058e-01	5.994e-02
chr19_42203660_T_C_b38	1	2.18849e-02	2.171e-01	5.982e-02
chr19_42199681_A_G_b38	1	2.18849e-02	2.171e-01	5.982e-02
chr19_42260200_T_C_b38	1	2.09574e-02	2.584e-01	6.547e-02
chr19_42231646_T_C_b38	1	2.05543e-02	2.171e-01	6.003e-02
chr19_42089564_A_G_b38	1	1.91086e-02	2.556e-01	5.491e-02
chr19_42256193_A_G_b38	1	1.43337e-02	2.524e-01	6.585e-02
chr19_42205777_G_A_b38	1	1.41757e-02	2.101e-01	6.030e-02
chr19_42231025_C_G_b38	1	1.38004e-02	2.101e-01	6.030e-02
chr19_42209683_A_G_b38	1	1.21861e-02	2.058e-01	5.994e-02
chr19_42193005_A_G_b38	1	1.09591e-02	2.199e-01	5.931e-02
chr19_42184535_G_T_b38	1	1.09591e-02	2.199e-01	5.931e-02
chr19_42191981_C_G_b38	1	1.09591e-02	2.199e-01	5.931e-02
chr19_42191864_T_C_b38	1	1.09591e-02	2.199e-01	5.931e-02
chr19_42246922_G_A_b38	1	9.43211e-03	2.448e-01	6.614e-02
chr19_42102217_T_C_b38	1	8.68567e-03	2.459e-01	5.522e-02
chr19_42263441_T_C_b38	1	8.35350e-03	2.383e-01	6.511e-02
chr19_42152195_T_C_b38	1	6.76665e-03	2.252e-01	5.733e-02
chr19_42166157_C_T_b38	1	6.29074e-03	2.209e-01	5.655e-02
chr19_42248882_A_G_b38	1	6.28512e-03	2.357e-01	6.606e-02
chr19_42222896_C_CT_b38	1	5.95761e-03	1.708e-01	6.365e-02
chr19_42224684_T_C_b38	1	5.95761e-03	1.708e-01	6.365e-02
chr19_42211212_C_CT_b38	1	5.54536e-03	1.820e-01	6.302e-02
chr19_42153976_T_C_b38	1	5.31979e-03	2.189e-01	5.676e-02
chr19_42236460_G_T_b38	1	4.60017e-03	2.106e-01	6.798e-02
chr19_42188596_A_G_b38	1	4.29014e-03	2.033e-01	5.982e-02
chr19_42236972_A_G_b38	1	3.85733e-03	2.091e-01	6.904e-02
chr19_42243322_C_T_b38	1	3.85733e-03	2.091e-01	6.904e-02
chr19_42156652_A_G_b38	1	3.74110e-03	2.159e-01	5.759e-02
chr19_42157763_C_G_b38	1	3.74110e-03	2.159e-01	5.759e-02
chr19_42146314_C_T_b38	1	3.74110e-03	2.159e-01	5.759e-02
chr19_42160580_G_A_b38	1	3.74110e-03	2.159e-01	5.759e-02
chr19_42157386_A_G_b38	1	3.74110e-03	2.159e-01	5.759e-02
chr19_42158905_AAACTGC_A_b38	1	3.74110e-03	2.159e-01	5.759e-02
chr19_42140488_T_C_b38	1	3.74110e-03	2.159e-01	5.759e-02
chr19_42141385_C_T_b38	1	3.74110e-03	2.159e-01	5.759e-02
chr19_42135794_G_A_b38	1	3.74110e-03	2.159e-01	5.759e-02
chr19_42154693_C_G_b38	1	3.74110e-03	2.159e-01	5.759e-02
chr19_42134334_A_G_b38	1	3.74110e-03	2.159e-01	5.759e-02
chr19_42157826_C_G_b38	1	3.74110e-03	2.159e-01	5.759e-02
chr19_42160996_T_C_b38	1	3.74110e-03	2.159e-01	5.759e-02
chr19_42134158_T_A_b38	1	3.74110e-03	2.159e-01	5.759e-02
chr19_42152105_T_C_b38	1	3.74110e-03	2.159e-01	5.759e-02
chr19_42162862_A_G_b38	1	3.74110e-03	2.159e-01	5.759e-02
chr19_42135819_C_T_b38	1	3.74110e-03	2.159e-01	5.759e-02
chr19_42146601_G_A_b38	1	3.74110e-03	2.159e-01	5.759e-02
chr19_42157886_C_T_b38	1	3.74110e-03	2.159e-01	5.759e-02
chr19_42157168_A_C_b38	1	3.74110e-03	2.159e-01	5.759e-02
chr19_42136506_CAA_C_b38	1	3.74110e-03	2.159e-01	5.759e-02
chr19_42155941_G_A_b38	1	3.74110e-03	2.159e-01	5.759e-02
chr19_42134118_C_T_b38	1	3.74110e-03	2.159e-01	5.759e-02
chr19_42133080_T_C_b38	1	3.74110e-03	2.159e-01	5.759e-02
chr19_42147447_T_G_b38	1	3.74110e-03	2.159e-01	5.759e-02
chr19_42155869_T_C_b38	1	3.74110e-03	2.159e-01	5.759e-02
chr19_42156990_T_C_b38	1	3.74110e-03	2.159e-01	5.759e-02
chr19_42147448_C_T_b38	1	3.74110e-03	2.159e-01	5.759e-02
chr19_42147720_A_G_b38	1	3.74110e-03	2.159e-01	5.759e-02
chr19_42140533_C_T_b38	1	3.74110e-03	2.159e-01	5.759e-02
chr19_42151248_C_T_b38	1	3.74110e-03	2.159e-01	5.759e-02
chr19_42162884_C_T_b38	1	3.74110e-03	2.159e-01	5.759e-02
chr19_42131471_C_T_b38	1	3.54359e-03	2.141e-01	5.737e-02
chr19_42156760_G_GC_b38	1	3.20587e-03	2.133e-01	5.764e-02
chr19_42202158_G_A_b38	1	2.86219e-03	1.820e-01	6.302e-02
chr19_42207872_C_T_b38	1	2.86219e-03	1.820e-01	6.302e-02
chr19_42205490_G_A_b38	1	2.86219e-03	1.820e-01	6.302e-02
chr19_42206437_C_T_b38	1	2.86219e-03	1.820e-01	6.302e-02
chr19_42205130_T_C_b38	1	2.86219e-03	1.820e-01	6.302e-02
chr19_42204002_G_T_b38	1	2.86219e-03	1.820e-01	6.302e-02
chr19_42207157_C_T_b38	1	2.86219e-03	1.820e-01	6.302e-02
chr19_42237973_A_G_b38	1	2.74805e-03	2.031e-01	7.028e-02
chr19_42243078_G_C_b38	1	2.74805e-03	2.031e-01	7.028e-02
chr19_42243957_G_A_b38	1	2.74805e-03	2.031e-01	7.028e-02
chr19_42173655_C_T_b38	1	2.38748e-03	1.879e-01	5.899e-02
chr19_42171573_A_G_b38	1	2.38748e-03	1.879e-01	5.899e-02
chr19_42174118_G_A_b38	1	2.38748e-03	1.879e-01	5.899e-02
chr19_42172764_A_G_b38	1	2.38748e-03	1.879e-01	5.899e-02
chr19_42244531_A_G_b38	1	2.35332e-03	1.961e-01	6.949e-02
chr19_42237392_T_C_b38	1	2.35332e-03	1.961e-01	6.949e-02
chr19_42237693_C_T_b38	1	2.35332e-03	1.961e-01	6.949e-02
chr19_42257647_T_C_b38	1	1.96644e-03	2.166e-01	6.861e-02
chr19_42258813_A_G_b38	1	1.96644e-03	2.166e-01	6.861e-02
chr19_42250786_A_G_b38	1	1.96644e-03	2.166e-01	6.861e-02
chr19_42257461_T_C_b38	1	1.96644e-03	2.166e-01	6.861e-02
chr19_42252193_T_C_b38	1	1.96644e-03	2.166e-01	6.861e-02
chr19_42259927_A_G_b38	1	1.86720e-03	2.176e-01	6.935e-02
chr19_42261523_TC_T_b38	1	1.68314e-03	2.196e-01	7.084e-02
chr19_42046280_G_A_b38	1	1.65779e-03	2.224e-01	5.561e-02
chr19_42058990_T_C_b38	1	1.65779e-03	2.224e-01	5.561e-02
chr19_42057286_T_C_b38	1	1.65779e-03	2.224e-01	5.561e-02
chr19_42000353_G_A_b38	1	1.65779e-03	-2.224e-01	5.561e-02
chr19_42008129_C_T_b38	1	1.65779e-03	-2.224e-01	5.561e-02
chr19_42258878_C_T_b38	1	1.44478e-03	2.068e-01	6.814e-02
chr19_42084847_G_A_b38	1	1.41487e-03	2.260e-01	5.713e-02
chr19_42090742_T_G_b38	1	1.39655e-03	2.265e-01	5.729e-02
chr19_42187628_G_A_b38	1	1.37674e-03	1.858e-01	6.245e-02
chr19_42192552_C_A_b38	1	1.37674e-03	1.858e-01	6.245e-02
chr19_42185915_C_T_b38	1	1.37674e-03	1.858e-01	6.245e-02
chr19_42186042_A_G_b38	1	1.37674e-03	1.858e-01	6.245e-02
chr19_42187402_T_C_b38	1	1.37674e-03	1.858e-01	6.245e-02
chr19_42186194_G_A_b38	1	1.37674e-03	1.858e-01	6.245e-02
chr19_42178079_T_C_b38	1	1.37674e-03	1.858e-01	6.245e-02
chr19_42192883_C_T_b38	1	1.37674e-03	1.858e-01	6.245e-02
chr19_42251494_A_AT_b38	1	1.37299e-03	2.104e-01	6.975e-02
chr19_42251489_C_CA_b38	1	1.37299e-03	2.104e-01	6.975e-02
chr19_42257500_C_G_b38	1	1.37299e-03	2.104e-01	6.975e-02
chr19_42255478_T_A_b38	1	1.37299e-03	2.104e-01	6.975e-02
chr19_42251492_C_CCCCCGGGT_b38	1	1.37299e-03	2.104e-01	6.975e-02
chr19_42250251_G_A_b38	1	1.37299e-03	2.104e-01	6.975e-02
chr19_42251546_G_A_b38	1	1.37299e-03	2.104e-01	6.975e-02
chr19_42261975_C_A_b38	1	1.30866e-03	2.032e-01	6.785e-02
chr19_42261842_G_A_b38	1	1.30866e-03	2.032e-01	6.785e-02
chr19_42249131_G_A_b38	1	1.01024e-03	2.031e-01	7.028e-02
chr19_42246440_A_T_b38	1	1.01024e-03	2.031e-01	7.028e-02
chr19_42263458_G_A_b38	1	9.32069e-04	1.968e-01	6.895e-02
chr19_42220633_C_T_b38	2	1.67069e-02	7.478e-02	1.084e-01
chr19_42192229_G_A_b38	2	7.51690e-05	9.186e-03	1.143e-01
