chr2_27519736_T_C_b38	1	9.52801e-02	2.914e-01	6.641e-02
chr2_27508073_T_C_b38	1	9.46345e-02	2.862e-01	6.532e-02
chr2_27518370_T_C_b38	1	5.15914e-02	2.802e-01	6.697e-02
chr2_27512105_G_A_b38	1	2.70706e-02	2.697e-01	6.806e-02
chr2_27518238_A_G_b38	1	2.31573e-02	2.688e-01	6.879e-02
chr2_27518205_C_G_b38	1	1.97186e-02	2.651e-01	6.884e-02
chr2_27541332_C_T_b38	1	1.89119e-02	-2.668e-01	6.397e-02
chr2_27538569_C_A_b38	1	1.89119e-02	-2.668e-01	6.397e-02
chr2_27532958_G_A_b38	1	1.89119e-02	-2.668e-01	6.397e-02
chr2_27544621_GC_G_b38	1	1.89119e-02	-2.668e-01	6.397e-02
chr2_27542720_T_C_b38	1	1.89119e-02	-2.668e-01	6.397e-02
chr2_27530004_C_T_b38	1	1.08169e-02	2.701e-01	6.774e-02
chr2_27529596_G_A_b38	1	9.86000e-03	2.618e-01	6.621e-02
chr2_27543417_G_A_b38	1	9.73108e-03	-2.685e-01	6.789e-02
chr2_27527679_T_A_b38	1	8.54091e-03	2.687e-01	6.877e-02
chr2_27527678_A_G_b38	1	8.54091e-03	2.687e-01	6.877e-02
chr2_27489026_A_G_b38	1	8.29241e-03	2.269e-01	6.954e-02
chr2_27578626_T_C_b38	1	6.82120e-03	-2.669e-01	6.397e-02
chr2_27561791_C_T_b38	1	6.82120e-03	-2.669e-01	6.397e-02
chr2_27563321_A_T_b38	1	6.82120e-03	-2.669e-01	6.397e-02
chr2_27555705_G_A_b38	1	6.82120e-03	-2.669e-01	6.397e-02
chr2_27571054_G_T_b38	1	6.82120e-03	-2.669e-01	6.397e-02
chr2_27553764_AT_A_b38	1	6.82120e-03	-2.669e-01	6.397e-02
chr2_27588855_A_G_b38	1	6.82120e-03	-2.669e-01	6.397e-02
chr2_27594950_G_A_b38	1	6.82120e-03	-2.669e-01	6.397e-02
chr2_27589385_G_A_b38	1	6.82120e-03	-2.669e-01	6.397e-02
chr2_27555693_A_G_b38	1	6.82120e-03	-2.669e-01	6.397e-02
chr2_27525730_C_A_b38	1	5.47230e-03	2.611e-01	6.963e-02
chr2_27526037_G_A_b38	1	5.47230e-03	2.611e-01	6.963e-02
chr2_27555300_A_C_b38	1	3.50572e-03	-2.685e-01	6.789e-02
chr2_27568688_C_G_b38	1	3.50572e-03	-2.685e-01	6.789e-02
chr2_27560934_T_C_b38	1	3.50572e-03	-2.685e-01	6.789e-02
chr2_27578892_A_G_b38	1	3.50572e-03	-2.685e-01	6.789e-02
chr2_27531011_A_C_b38	1	3.35584e-03	-2.666e-01	7.441e-02
chr2_27462090_T_C_b38	1	1.60912e-03	2.372e-01	7.067e-02
chr2_27455604_A_G_b38	1	1.60912e-03	2.372e-01	7.067e-02
chr2_27462521_G_A_b38	1	1.57923e-03	2.278e-01	6.815e-02
chr2_27616502_T_C_b38	1	1.27626e-03	-2.616e-01	6.116e-02
chr2_27616672_T_C_b38	1	1.27626e-03	-2.616e-01	6.116e-02
chr2_27402794_A_G_b38	1	1.20119e-03	2.413e-01	6.797e-02
chr2_27425859_T_C_b38	1	1.20119e-03	2.413e-01	6.797e-02
chr2_27375230_T_C_b38	1	9.92492e-04	2.818e-01	6.885e-02
chr2_27497518_C_T_b38	2	6.07359e-03	2.105e-01	1.854e-01
chr2_27489541_C_T_b38	2	1.10379e-03	2.177e-01	1.873e-01
chr2_27488838_G_A_b38	2	1.10379e-03	2.177e-01	1.873e-01
chr2_27488290_A_C_b38	2	9.92393e-04	2.047e-01	1.885e-01
chr2_27507950_G_A_b38	2	4.85270e-04	1.914e-01	1.753e-01
chr2_27476922_C_T_b38	2	3.97883e-04	1.860e-01	2.014e-01
chr2_27517461_C_T_b38	2	3.60799e-04	9.647e-02	1.781e-01
chr2_27516511_T_TC_b38	2	3.34862e-04	5.877e-02	1.785e-01
chr2_27533811_A_C_b38	2	1.57989e-04	2.444e-01	1.963e-01
chr2_27454911_C_T_b38	2	1.18042e-04	1.930e-01	1.853e-01
chr2_27404837_G_A_b38	2	4.85664e-05	2.156e-01	1.613e-01
chr2_27424586_G_A_b38	2	4.85664e-05	2.156e-01	1.613e-01
chr2_27411644_A_G_b38	2	4.85664e-05	2.156e-01	1.613e-01
chr2_27408691_T_C_b38	2	4.85664e-05	2.156e-01	1.613e-01
chr2_27444317_G_A_b38	2	4.49409e-05	1.894e-01	1.666e-01
chr2_27588248_G_T_b38	2	4.39645e-05	2.551e-01	1.817e-01
