chr1_41242427_T_C_b38	1	5.09738e-01	-1.191e-01	2.900e-02
chr1_41241439_A_G_b38	1	2.12263e-01	-1.191e-01	2.901e-02
chr1_41248412_A_C_b38	1	2.96904e-02	-1.185e-01	2.925e-02
chr1_41078607_G_T_b38	1	2.64592e-02	1.362e-01	2.683e-02
chr1_41254834_A_G_b38	1	9.81876e-03	-1.174e-01	2.981e-02
chr1_41256904_A_C_b38	1	9.81876e-03	-1.174e-01	2.981e-02
chr1_41223611_C_A_b38	1	6.67496e-03	-1.156e-01	3.043e-02
chr1_41223266_C_T_b38	1	6.67496e-03	-1.156e-01	3.043e-02
chr1_41228345_G_T_b38	1	6.67496e-03	-1.156e-01	3.043e-02
chr1_41210273_G_GC_b38	1	1.68917e-03	-1.135e-01	3.195e-02
chr1_41197564_C_G_b38	1	1.68917e-03	-1.135e-01	3.195e-02
chr1_41208826_G_A_b38	1	1.68917e-03	-1.135e-01	3.195e-02
chr1_41279135_A_G_b38	1	1.33554e-03	-1.099e-01	3.164e-02
chr1_41044002_T_C_b38	1	1.02694e-03	1.266e-01	2.950e-02
chr1_41239838_G_T_b38	2	1.57605e-01	2.025e-01	4.830e-02
chr1_41237270_G_T_b38	2	8.75004e-02	2.025e-01	4.833e-02
chr1_41245667_T_C_b38	2	8.20474e-02	1.994e-01	4.856e-02
chr1_41234783_C_G_b38	2	6.07811e-02	2.025e-01	4.833e-02
chr1_41251172_T_C_b38	2	4.81987e-02	1.993e-01	4.861e-02
chr1_41252995_C_T_b38	2	3.19328e-02	2.018e-01	4.798e-02
chr1_41230088_CA_C_b38	2	2.86534e-02	2.023e-01	4.842e-02
chr1_41224053_A_G_b38	2	2.86534e-02	2.023e-01	4.842e-02
chr1_41227719_C_T_b38	2	2.86534e-02	2.023e-01	4.842e-02
chr1_41219963_C_A_b38	2	2.86371e-02	2.023e-01	4.842e-02
chr1_41257785_A_T_b38	2	2.18754e-02	1.992e-01	4.866e-02
chr1_41256817_G_C_b38	2	2.18754e-02	1.992e-01	4.866e-02
chr1_41194986_C_A_b38	2	1.06139e-02	2.022e-01	4.848e-02
chr1_41209877_G_A_b38	2	1.06139e-02	2.022e-01	4.848e-02
chr1_41213077_A_G_b38	2	1.06139e-02	2.022e-01	4.848e-02
chr1_41194436_C_A_b38	2	1.06139e-02	2.022e-01	4.848e-02
chr1_41204568_T_A_b38	2	1.06139e-02	2.022e-01	4.848e-02
chr1_41176612_C_A_b38	2	8.12296e-03	2.106e-01	4.742e-02
chr1_41264524_T_G_b38	2	6.03453e-03	1.824e-01	4.981e-02
chr1_41281555_A_AGTGGTGG_b38	2	4.89268e-03	1.943e-01	4.915e-02
chr1_40996841_A_G_b38	2	3.37523e-03	2.236e-01	4.783e-02
chr1_40993018_C_T_b38	2	3.37523e-03	2.236e-01	4.783e-02
chr1_40998200_C_T_b38	2	3.37523e-03	2.236e-01	4.783e-02
chr1_41001009_CCT_C_b38	2	3.37523e-03	2.236e-01	4.783e-02
chr1_41150616_G_T_b38	2	3.13551e-03	2.022e-01	4.848e-02
chr1_41154644_C_A_b38	2	3.13551e-03	2.022e-01	4.848e-02
chr1_41184550_C_T_b38	2	3.13551e-03	2.022e-01	4.848e-02
chr1_41150134_C_G_b38	2	3.13551e-03	2.022e-01	4.848e-02
chr1_41191983_C_A_b38	2	3.13551e-03	2.022e-01	4.848e-02
chr1_41180531_A_C_b38	2	3.13551e-03	2.022e-01	4.848e-02
chr1_41157279_A_G_b38	2	3.13551e-03	2.022e-01	4.848e-02
chr1_41161534_C_T_b38	2	3.13551e-03	2.022e-01	4.848e-02
chr1_41174438_A_G_b38	2	3.13551e-03	2.022e-01	4.848e-02
chr1_41165181_T_C_b38	2	3.13551e-03	2.022e-01	4.848e-02
chr1_41187164_C_T_b38	2	3.13551e-03	2.022e-01	4.848e-02
chr1_41153040_T_G_b38	2	3.13551e-03	2.022e-01	4.848e-02
chr1_41173863_G_C_b38	2	3.13551e-03	2.022e-01	4.848e-02
chr1_41175014_G_A_b38	2	3.13551e-03	2.022e-01	4.848e-02
chr1_41173411_A_G_b38	2	3.13551e-03	2.022e-01	4.848e-02
chr1_41171621_C_T_b38	2	3.13551e-03	2.022e-01	4.848e-02
chr1_41277798_G_A_b38	2	1.59294e-03	1.812e-01	5.047e-02
chr1_41270916_C_G_b38	2	1.59294e-03	1.812e-01	5.047e-02
chr1_41267983_C_T_b38	2	1.59294e-03	1.812e-01	5.047e-02
chr1_41276961_C_T_b38	2	1.59294e-03	1.812e-01	5.047e-02
chr1_41041432_TATTATA_T_b38	2	1.03110e-03	2.116e-01	4.807e-02
chr1_41090895_T_C_b38	2	1.01285e-03	2.125e-01	4.821e-02
chr1_41241852_G_T_b38	3	8.99044e-03	-3.836e-02	4.080e-02
chr1_41251650_G_A_b38	3	7.73557e-04	-5.925e-02	4.186e-02
chr1_41274010_CACGATCTATTTTTTGTAACTTTTTTGGGGGGTG_C_b38	3	2.43734e-05	-5.207e-02	4.034e-02
