chr15_63042436_C_G_b38	1	2.21713e-01	-1.760e-01	4.211e-02
chr15_63043127_T_TTTG_b38	1	2.07828e-01	-1.747e-01	4.200e-02
chr15_63042410_C_G_b38	1	2.07828e-01	-1.747e-01	4.200e-02
chr15_63042321_C_A_b38	1	1.65628e-01	-1.723e-01	4.203e-02
chr15_63042499_C_G_b38	1	1.12844e-01	-1.691e-01	4.226e-02
chr15_63047072_G_A_b38	1	1.32420e-02	-1.707e-01	4.232e-02
chr15_63038046_G_A_b38	1	1.30617e-02	-1.704e-01	4.204e-02
chr15_63037205_G_A_b38	1	1.15699e-02	-1.738e-01	4.207e-02
chr15_63035334_C_A_b38	1	1.15699e-02	-1.738e-01	4.207e-02
chr15_63038251_G_A_b38	1	1.08070e-02	-1.698e-01	4.231e-02
chr15_63048506_C_T_b38	1	3.64510e-03	-1.667e-01	4.253e-02
chr15_63035511_G_A_b38	1	2.50802e-03	-1.611e-01	4.224e-02
chr15_63024453_G_A_b38	1	8.33843e-04	-1.580e-01	4.137e-02
chr15_63052133_C_CATTA_b38	2	2.75644e-01	-1.401e-01	3.189e-02
chr15_63080128_T_C_b38	2	1.02258e-01	1.352e-01	2.979e-02
chr15_63068247_G_C_b38	2	5.83763e-02	-1.373e-01	3.110e-02
chr15_63068365_G_A_b38	2	5.21017e-02	-1.337e-01	3.048e-02
chr15_63058019_T_C_b38	2	4.39857e-02	-1.285e-01	3.116e-02
chr15_63054482_T_C_b38	2	4.39857e-02	-1.285e-01	3.116e-02
chr15_63053423_G_A_b38	2	4.22881e-02	1.293e-01	3.139e-02
chr15_63059289_G_A_b38	2	2.39185e-02	-1.245e-01	3.115e-02
chr15_63056395_A_G_b38	2	1.86189e-02	-1.225e-01	3.115e-02
chr15_63079445_G_A_b38	2	1.65220e-02	1.330e-01	3.212e-02
chr15_63064522_A_T_b38	2	1.61510e-02	1.221e-01	3.137e-02
chr15_63059488_A_G_b38	2	1.27308e-02	-1.200e-01	3.137e-02
chr15_63063076_A_T_b38	2	1.27308e-02	-1.200e-01	3.137e-02
chr15_63055164_T_G_b38	2	1.20016e-02	-1.186e-01	3.113e-02
chr15_63109294_G_T_b38	2	1.03183e-02	-1.282e-01	2.974e-02
chr15_63078159_T_C_b38	2	9.87035e-03	1.258e-01	3.146e-02
chr15_63104668_A_G_b38	2	6.35702e-03	-1.247e-01	2.974e-02
chr15_63101896_A_T_b38	2	5.71650e-03	-1.238e-01	2.974e-02
chr15_63104209_T_C_b38	2	5.71650e-03	-1.238e-01	2.974e-02
chr15_63105997_G_A_b38	2	5.71650e-03	-1.238e-01	2.974e-02
chr15_63104952_G_A_b38	2	5.71650e-03	-1.238e-01	2.974e-02
chr15_63105487_G_C_b38	2	5.71650e-03	-1.238e-01	2.974e-02
chr15_63105295_T_C_b38	2	5.71650e-03	-1.238e-01	2.974e-02
chr15_63104860_TTC_T_b38	2	5.71650e-03	-1.238e-01	2.974e-02
chr15_63103613_G_C_b38	2	5.71650e-03	-1.238e-01	2.974e-02
chr15_63101625_A_T_b38	2	5.71650e-03	-1.238e-01	2.974e-02
chr15_63104686_C_A_b38	2	5.71650e-03	-1.238e-01	2.974e-02
chr15_63105119_C_T_b38	2	5.71650e-03	-1.238e-01	2.974e-02
chr15_63105691_T_C_b38	2	5.71650e-03	-1.238e-01	2.974e-02
chr15_63104705_CT_C_b38	2	5.71650e-03	-1.238e-01	2.974e-02
chr15_63103889_A_G_b38	2	5.71650e-03	-1.238e-01	2.974e-02
chr15_63105305_A_G_b38	2	5.71650e-03	-1.238e-01	2.974e-02
chr15_63101021_T_C_b38	2	5.71650e-03	-1.238e-01	2.974e-02
chr15_63106353_A_G_b38	2	5.71650e-03	-1.238e-01	2.974e-02
chr15_63108146_G_A_b38	2	5.71650e-03	-1.238e-01	2.974e-02
chr15_63108385_A_G_b38	2	5.71650e-03	-1.238e-01	2.974e-02
chr15_63088288_T_TGTGCCATTAAATGGACTG_b38	2	5.39883e-03	-1.158e-01	2.997e-02
chr15_63110375_G_A_b38	2	5.24695e-03	-1.231e-01	2.967e-02
chr15_63112440_C_G_b38	2	5.24695e-03	-1.231e-01	2.967e-02
chr15_63111169_C_T_b38	2	5.24695e-03	-1.231e-01	2.967e-02
chr15_63111117_G_A_b38	2	5.24695e-03	-1.231e-01	2.967e-02
chr15_63111155_G_C_b38	2	5.24695e-03	-1.231e-01	2.967e-02
chr15_63110536_T_C_b38	2	5.24695e-03	-1.231e-01	2.967e-02
chr15_63061561_C_A_b38	2	5.19314e-03	-1.097e-01	3.077e-02
chr15_63112066_T_A_b38	2	5.18947e-03	-1.231e-01	2.968e-02
chr15_63109146_T_C_b38	2	3.89925e-03	-1.225e-01	2.985e-02
chr15_63097606_T_TG_b38	2	3.66623e-03	-1.213e-01	2.969e-02
chr15_63099740_C_A_b38	2	3.66623e-03	-1.213e-01	2.969e-02
chr15_63088896_A_G_b38	2	3.16974e-03	-1.125e-01	2.994e-02
chr15_63113381_G_C_b38	2	3.02518e-03	-1.207e-01	2.986e-02
chr15_63069108_A_G_b38	2	2.81080e-03	-1.158e-01	3.128e-02
chr15_63108179_G_C_b38	2	2.33453e-03	-1.200e-01	2.977e-02
chr15_63099163_G_C_b38	2	2.22032e-03	-1.194e-01	2.974e-02
chr15_63102191_C_G_b38	2	1.80335e-03	-1.174e-01	2.963e-02
chr15_63074833_T_C_b38	2	6.21097e-04	1.126e-01	3.092e-02
chr15_63087444_T_G_b38	2	1.20843e-05	1.189e-01	3.019e-02
chr15_63042489_G_C_b38	3	7.48264e-03	-2.907e-03	4.053e-02
chr15_63041420_A_G_b38	3	1.16953e-03	1.185e-02	4.132e-02
chr15_63040184_T_C_b38	3	1.13477e-03	1.183e-02	3.946e-02
chr15_63040446_A_T_b38	3	1.12463e-03	1.045e-02	3.961e-02
chr15_63040935_G_GA_b38	3	1.12463e-03	1.045e-02	3.961e-02
chr15_63041525_A_G_b38	3	1.10314e-03	8.246e-03	3.958e-02
chr15_63039310_A_T_b38	3	5.68961e-04	1.184e-02	3.976e-02
chr15_63039958_T_C_b38	3	5.68961e-04	1.184e-02	3.976e-02
chr15_63039858_A_G_b38	3	5.68961e-04	1.184e-02	3.976e-02
chr15_63039741_A_G_b38	3	5.68961e-04	1.184e-02	3.976e-02
chr15_63049039_G_C_b38	3	4.67408e-04	1.929e-02	5.249e-02
chr15_63036929_A_AC_b38	3	3.72553e-04	5.776e-03	3.915e-02
chr15_63048093_C_T_b38	3	3.63563e-04	1.391e-02	4.340e-02
