chr2_85414064_C_T_b38	1	5.29119e-01	-4.407e-01	6.055e-02
chr2_85420466_C_T_b38	1	4.39807e-01	-4.248e-01	5.992e-02
chr2_85425567_C_T_b38	1	1.69194e-02	-4.202e-01	6.240e-02
chr2_85423246_G_A_b38	1	1.41345e-02	-4.056e-01	6.146e-02
chr2_85426086_C_T_b38	1	4.64764e-07	0.000e+00	0.000e+00
chr2_85431156_G_GGGAACCCACCTGGGA_b38	1	3.07374e-07	0.000e+00	0.000e+00
chr2_85318929_A_G_b38	2	1.59688e-01	-2.814e-01	4.170e-02
chr2_85322404_T_C_b38	2	1.59688e-01	-2.814e-01	4.170e-02
chr2_85324573_T_G_b38	2	1.59688e-01	-2.814e-01	4.170e-02
chr2_85322424_C_T_b38	2	1.59688e-01	-2.814e-01	4.170e-02
chr2_85325697_C_T_b38	2	6.84487e-02	-2.780e-01	4.225e-02
chr2_85324656_G_A_b38	2	3.28282e-02	-2.748e-01	4.258e-02
chr2_85313960_T_C_b38	2	2.33424e-02	-2.814e-01	4.161e-02
chr2_85311872_G_A_b38	2	2.33424e-02	-2.814e-01	4.161e-02
chr2_85312450_T_A_b38	2	2.33424e-02	-2.814e-01	4.161e-02
chr2_85312047_A_C_b38	2	2.33424e-02	-2.814e-01	4.161e-02
chr2_85310189_G_A_b38	2	2.07632e-02	-2.825e-01	4.192e-02
chr2_85316037_T_TTCTA_b38	2	1.22949e-02	-2.545e-01	3.815e-02
chr2_85313643_C_T_b38	2	9.91369e-03	-2.780e-01	4.214e-02
chr2_85313523_ACT_A_b38	2	9.91369e-03	-2.780e-01	4.214e-02
chr2_85313657_T_G_b38	2	9.91369e-03	-2.780e-01	4.214e-02
chr2_85320945_TA_T_b38	2	8.45575e-03	-2.671e-01	4.325e-02
chr2_85319492_C_T_b38	2	8.45575e-03	-2.671e-01	4.325e-02
chr2_85319069_C_T_b38	2	8.45575e-03	-2.671e-01	4.325e-02
chr2_85326661_C_T_b38	2	8.45575e-03	-2.671e-01	4.325e-02
chr2_85319809_A_C_b38	2	8.45575e-03	-2.671e-01	4.325e-02
chr2_85325586_T_C_b38	2	8.45575e-03	-2.671e-01	4.325e-02
chr2_85328154_G_A_b38	2	8.44880e-03	-2.695e-01	4.366e-02
chr2_85326957_G_A_b38	2	6.36126e-03	-2.538e-01	4.156e-02
chr2_85316099_C_T_b38	2	5.25766e-03	-2.506e-01	3.855e-02
chr2_85320840_C_T_b38	2	4.94955e-03	-2.683e-01	4.432e-02
chr2_85325063_C_A_b38	2	4.94955e-03	-2.683e-01	4.432e-02
chr2_85320306_G_T_b38	2	4.94955e-03	-2.683e-01	4.432e-02
chr2_85324061_C_T_b38	2	4.94955e-03	-2.683e-01	4.432e-02
chr2_85320253_C_G_b38	2	4.94955e-03	-2.683e-01	4.432e-02
chr2_85312167_C_CA_b38	2	4.36606e-03	-2.817e-01	4.383e-02
chr2_85328355_C_T_b38	2	3.82481e-03	-2.658e-01	4.425e-02
chr2_85417978_T_C_b38	3	8.48730e-03	-4.990e-03	9.039e-02
chr2_85418827_G_T_b38	3	8.48730e-03	-4.990e-03	9.039e-02
chr2_85409261_A_G_b38	3	2.15719e-03	1.661e-01	9.950e-02
chr2_85418961_T_C_b38	3	2.14273e-03	-4.117e-03	9.007e-02
chr2_85419865_T_C_b38	3	1.40620e-03	-4.017e-03	9.004e-02
chr2_85416334_G_A_b38	3	1.10001e-03	-4.026e-03	9.004e-02
chr2_85416771_C_T_b38	3	1.10001e-03	-4.026e-03	9.004e-02
chr2_85416595_T_A_b38	3	1.10001e-03	-4.026e-03	9.004e-02
chr2_85407881_C_A_b38	3	8.79102e-04	1.657e-01	9.942e-02
chr2_85402207_C_A_b38	3	8.79102e-04	1.657e-01	9.942e-02
chr2_85407067_T_C_b38	3	8.79102e-04	1.657e-01	9.942e-02
chr2_85397431_C_T_b38	3	8.79102e-04	1.657e-01	9.942e-02
chr2_85403320_G_A_b38	3	8.79102e-04	1.657e-01	9.942e-02
chr2_85396254_C_T_b38	3	8.79102e-04	1.657e-01	9.942e-02
chr2_85423154_A_C_b38	3	7.49582e-04	-4.204e-03	9.002e-02
chr2_85422469_A_G_b38	3	7.49582e-04	-4.204e-03	9.002e-02
chr2_85415582_G_A_b38	3	6.11449e-04	-4.161e-03	9.004e-02
chr2_85413550_A_T_b38	3	6.11449e-04	-4.161e-03	9.004e-02
chr2_85413337_T_C_b38	3	5.32424e-04	-4.294e-03	9.001e-02
chr2_85428103_C_T_b38	3	4.78808e-04	-4.294e-03	9.001e-02
chr2_85423651_C_T_b38	3	4.78808e-04	-4.294e-03	9.001e-02
chr2_85425091_A_G_b38	3	4.78808e-04	-4.294e-03	9.001e-02
chr2_85423924_C_T_b38	3	4.78808e-04	-4.294e-03	9.001e-02
chr2_85379723_G_A_b38	3	2.93360e-04	1.652e-01	9.936e-02
chr2_85382230_G_C_b38	3	2.93360e-04	1.652e-01	9.936e-02
chr2_85380559_CTGTCGCGCAGGG_C_b38	3	2.93360e-04	1.652e-01	9.936e-02
chr2_85382933_A_G_b38	3	2.93360e-04	1.652e-01	9.936e-02
chr2_85386409_T_C_b38	3	2.93360e-04	1.652e-01	9.936e-02
chr2_85381842_G_A_b38	3	2.93360e-04	1.652e-01	9.936e-02
chr2_85383031_A_C_b38	3	2.93360e-04	1.652e-01	9.936e-02
chr2_85385370_T_C_b38	3	2.93360e-04	1.652e-01	9.936e-02
chr2_85368695_C_T_b38	3	2.60170e-04	1.498e-01	9.701e-02
chr2_85432728_A_G_b38	3	2.24199e-04	-4.426e-03	8.995e-02
chr2_85429538_C_T_b38	3	2.24199e-04	-4.426e-03	8.995e-02
chr2_85432525_C_G_b38	3	2.24199e-04	-4.426e-03	8.995e-02
chr2_85374745_G_A_b38	3	1.95872e-04	1.363e-01	9.981e-02
chr2_85417681_G_A_b38	4	1.31419e-04	0.000e+00	0.000e+00
chr2_85414117_A_G_b38	4	4.15278e-05	0.000e+00	0.000e+00
chr2_85420291_C_T_b38	4	3.90905e-05	0.000e+00	0.000e+00
chr2_85412238_C_T_b38	4	1.85074e-05	0.000e+00	0.000e+00
chr2_85432015_G_A_b38	4	3.90210e-11	0.000e+00	0.000e+00
chr2_85428082_A_T_b38	4	3.35043e-11	0.000e+00	0.000e+00
chr2_85399331_C_A_b38	4	1.33306e-11	0.000e+00	0.000e+00
chr2_85394449_C_T_b38	4	1.33306e-11	0.000e+00	0.000e+00
chr2_85395974_C_T_b38	4	1.33306e-11	0.000e+00	0.000e+00
chr2_85403617_G_A_b38	4	1.33306e-11	0.000e+00	0.000e+00
chr2_85397774_C_G_b38	4	1.33306e-11	0.000e+00	0.000e+00
chr2_85401622_C_T_b38	4	1.33306e-11	0.000e+00	0.000e+00
chr2_85393829_G_T_b38	4	1.33306e-11	0.000e+00	0.000e+00
chr2_85402578_G_A_b38	4	1.33306e-11	0.000e+00	0.000e+00
chr2_85399598_G_A_b38	4	1.33306e-11	0.000e+00	0.000e+00
chr2_85403960_A_AT_b38	4	1.33306e-11	0.000e+00	0.000e+00
chr2_85393806_C_T_b38	4	1.33306e-11	0.000e+00	0.000e+00
chr2_85382475_C_T_b38	4	6.62072e-12	0.000e+00	0.000e+00
chr2_85390204_C_T_b38	4	5.34980e-12	0.000e+00	0.000e+00
chr2_85385869_A_T_b38	4	5.34980e-12	0.000e+00	0.000e+00
chr2_85382034_G_A_b38	4	5.34980e-12	0.000e+00	0.000e+00
chr2_85389935_C_T_b38	4	5.34980e-12	0.000e+00	0.000e+00
chr2_85380927_G_A_b38	4	5.34980e-12	0.000e+00	0.000e+00
chr2_85391015_TCAGTGGAGC_T_b38	4	5.34980e-12	0.000e+00	0.000e+00
chr2_85391048_G_A_b38	4	5.34980e-12	0.000e+00	0.000e+00
chr2_85384708_C_T_b38	4	5.34980e-12	0.000e+00	0.000e+00
chr2_85390790_G_T_b38	4	5.34980e-12	0.000e+00	0.000e+00
chr2_85384378_C_T_b38	4	5.34980e-12	0.000e+00	0.000e+00
chr2_85387645_C_T_b38	4	5.34980e-12	0.000e+00	0.000e+00
chr2_85382346_G_A_b38	4	5.34980e-12	0.000e+00	0.000e+00
chr2_85390456_C_T_b38	4	5.34980e-12	0.000e+00	0.000e+00
