chr17_78781612_C_A_b38	1	3.54897e-01	1.547e-01	4.066e-02
chr17_78800381_C_T_b38	1	3.20311e-02	1.565e-01	4.101e-02
chr17_78777556_T_C_b38	1	2.82561e-02	1.412e-01	4.072e-02
chr17_78776206_C_T_b38	1	2.37367e-02	1.422e-01	4.038e-02
chr17_78802280_C_T_b38	1	2.24708e-02	1.503e-01	4.044e-02
chr17_78743059_G_A_b38	1	1.56840e-02	1.587e-01	4.038e-02
chr17_78765957_G_A_b38	1	1.53187e-02	1.503e-01	4.124e-02
chr17_78785854_A_T_b38	1	1.44222e-02	1.258e-01	3.823e-02
chr17_78803713_G_A_b38	1	1.37040e-02	1.442e-01	4.072e-02
chr17_78796097_G_A_b38	1	1.27138e-02	1.461e-01	4.139e-02
chr17_78780835_T_C_b38	1	1.20322e-02	1.124e-01	3.804e-02
chr17_78743768_C_T_b38	1	8.93797e-03	1.496e-01	3.977e-02
chr17_78779591_G_T_b38	1	8.62758e-03	1.169e-01	3.828e-02
chr17_78793804_C_T_b38	1	8.61742e-03	1.407e-01	4.142e-02
chr17_78775957_T_C_b38	1	8.49435e-03	1.214e-01	3.827e-02
chr17_78802073_C_T_b38	1	7.96043e-03	1.386e-01	4.111e-02
chr17_78800772_T_C_b38	1	6.50193e-03	1.267e-01	3.831e-02
chr17_78788116_T_C_b38	1	6.36101e-03	1.179e-01	3.838e-02
chr17_78761214_C_A_b38	1	5.74061e-03	1.356e-01	4.068e-02
chr17_78789039_A_AG_b38	1	5.59596e-03	1.169e-01	3.867e-02
chr17_78787560_A_G_b38	1	5.59596e-03	1.169e-01	3.867e-02
chr17_78773352_A_G_b38	1	5.44791e-03	1.202e-01	4.001e-02
chr17_78794197_C_T_b38	1	4.75594e-03	1.293e-01	4.047e-02
chr17_78795135_G_A_b38	1	4.75594e-03	1.293e-01	4.047e-02
chr17_78803816_A_G_b38	1	4.40600e-03	1.208e-01	3.816e-02
chr17_78803778_T_C_b38	1	4.40326e-03	1.208e-01	3.815e-02
chr17_78773523_G_A_b38	1	4.07643e-03	1.112e-01	3.848e-02
chr17_78732586_C_T_b38	1	3.45219e-03	1.405e-01	4.063e-02
chr17_78616363_G_T_b38	2	1.83728e-02	-1.951e-01	4.297e-02
