chr14_24508832_TCTC_T_b38	1	3.60622e-01	1.015e+00	1.213e-01
chr14_24500916_A_G_b38	1	1.72697e-01	8.852e-01	1.108e-01
chr14_24502506_G_A_b38	1	1.53876e-01	8.850e-01	1.108e-01
chr14_24503625_A_G_b38	1	8.31677e-02	8.856e-01	1.107e-01
chr14_24500529_GGTGATCA_G_b38	1	7.54501e-02	8.853e-01	1.107e-01
chr14_24500238_G_A_b38	1	7.54501e-02	8.853e-01	1.107e-01
chr14_24505714_T_A_b38	1	3.91532e-02	8.846e-01	1.109e-01
chr14_24505415_G_A_b38	1	3.91532e-02	8.846e-01	1.109e-01
chr14_24498614_A_G_b38	1	1.27580e-04	9.913e-01	1.368e-01
chr14_24501802_C_T_b38	2	1.76501e-01	4.127e-01	1.058e-01
chr14_24501945_T_C_b38	2	1.76501e-01	4.127e-01	1.058e-01
chr14_24499152_C_T_b38	2	5.58876e-02	3.945e-01	9.654e-02
chr14_24497904_G_A_b38	2	3.92284e-02	3.945e-01	9.654e-02
chr14_24482099_G_A_b38	2	2.87941e-02	4.257e-01	9.925e-02
chr14_24476631_G_A_b38	2	2.87941e-02	4.257e-01	9.925e-02
chr14_24479545_C_T_b38	2	2.87941e-02	4.257e-01	9.925e-02
chr14_24494972_CAGAGGTACAAAGA_C_b38	2	2.19966e-02	4.013e-01	9.813e-02
chr14_24496187_G_C_b38	2	2.14136e-02	3.944e-01	9.654e-02
chr14_24493831_C_T_b38	2	2.14136e-02	3.944e-01	9.654e-02
chr14_24495932_T_C_b38	2	2.14136e-02	3.944e-01	9.654e-02
chr14_24496186_T_G_b38	2	2.14136e-02	3.944e-01	9.654e-02
chr14_24494334_C_A_b38	2	2.14136e-02	3.944e-01	9.654e-02
chr14_24494076_A_G_b38	2	2.14136e-02	3.944e-01	9.654e-02
chr14_24504302_A_AG_b38	2	1.90106e-02	3.792e-01	9.689e-02
chr14_24510007_G_A_b38	2	1.56246e-02	4.124e-01	1.058e-01
chr14_24483996_C_CG_b38	2	1.11970e-02	3.943e-01	9.649e-02
chr14_24524973_A_T_b38	2	1.02806e-02	4.003e-01	9.979e-02
chr14_24526243_C_T_b38	2	1.02806e-02	4.003e-01	9.979e-02
chr14_24515137_G_C_b38	2	1.02806e-02	4.003e-01	9.979e-02
chr14_24522839_T_C_b38	2	1.02806e-02	4.003e-01	9.979e-02
chr14_24469963_GGAT_G_b38	2	8.85894e-03	4.250e-01	9.924e-02
chr14_24470255_TA_T_b38	2	8.85894e-03	4.250e-01	9.924e-02
chr14_24474270_G_C_b38	2	8.85894e-03	4.250e-01	9.924e-02
chr14_24474156_C_T_b38	2	8.85894e-03	4.250e-01	9.924e-02
chr14_24472436_C_T_b38	2	8.85894e-03	4.250e-01	9.924e-02
chr14_24469967_A_C_b38	2	8.85894e-03	4.250e-01	9.924e-02
chr14_24468680_A_G_b38	2	8.85894e-03	4.250e-01	9.924e-02
chr14_24469987_C_G_b38	2	8.85894e-03	4.250e-01	9.924e-02
chr14_24468472_G_A_b38	2	8.85894e-03	4.250e-01	9.924e-02
chr14_24466214_C_T_b38	2	8.85894e-03	4.250e-01	9.924e-02
chr14_24471435_C_T_b38	2	8.85894e-03	4.250e-01	9.924e-02
chr14_24473005_G_A_b38	2	8.85894e-03	4.250e-01	9.924e-02
chr14_24468351_G_A_b38	2	8.85894e-03	4.250e-01	9.924e-02
chr14_24473118_C_T_b38	2	8.85894e-03	4.250e-01	9.924e-02
chr14_24471395_TTA_T_b38	2	8.85894e-03	4.250e-01	9.924e-02
chr14_24470138_C_T_b38	2	8.85894e-03	4.250e-01	9.924e-02
chr14_24511479_T_C_b38	2	7.01501e-03	3.663e-01	9.896e-02
chr14_24521117_G_A_b38	2	5.76022e-03	3.426e-01	8.550e-02
chr14_24474225_G_A_b38	2	3.49159e-03	4.071e-01	9.916e-02
chr14_24485925_T_C_b38	2	3.48168e-03	4.011e-01	1.059e-01
chr14_24490847_C_T_b38	2	3.48168e-03	4.011e-01	1.059e-01
chr14_24491353_C_T_b38	2	3.48168e-03	4.011e-01	1.059e-01
chr14_24476835_C_A_b38	2	3.21082e-03	3.462e-01	9.209e-02
chr14_24466394_C_T_b38	2	2.81495e-03	3.974e-01	9.805e-02
chr14_24508761_G_A_b38	2	2.69401e-03	3.521e-01	9.528e-02
chr14_24530458_A_G_b38	2	2.48453e-03	3.971e-01	9.972e-02
chr14_24528075_A_T_b38	2	2.48453e-03	3.971e-01	9.972e-02
chr14_24529011_A_G_b38	2	2.48453e-03	3.971e-01	9.972e-02
chr14_24515112_T_C_b38	2	2.33179e-03	3.699e-01	1.001e-01
chr14_24513608_G_GT_b38	2	1.89669e-03	3.238e-01	8.564e-02
chr14_24535931_A_T_b38	2	1.20238e-03	3.411e-01	8.485e-02
chr14_24531753_T_C_b38	2	1.20238e-03	3.411e-01	8.485e-02
chr14_24532178_A_G_b38	2	1.20238e-03	3.411e-01	8.485e-02
chr14_24510221_A_G_b38	2	9.81227e-04	2.947e-01	8.576e-02
chr14_24540689_A_G_b38	2	8.02179e-04	3.752e-01	9.810e-02
chr14_24548429_C_T_b38	2	8.02179e-04	3.752e-01	9.810e-02
chr14_24538511_A_G_b38	2	8.02179e-04	3.752e-01	9.810e-02
chr14_24536898_C_G_b38	2	7.58008e-04	3.278e-01	8.431e-02
chr14_24574883_C_T_b38	2	7.29365e-04	3.888e-01	9.359e-02
chr14_24463157_T_A_b38	2	5.94847e-04	3.931e-01	1.050e-01
chr14_24501930_C_T_b38	3	3.43977e-02	3.214e-01	1.669e-01
chr14_24501367_A_C_b38	3	1.01859e-02	1.819e-01	1.713e-01
chr14_24505202_C_CT_b38	3	2.64068e-03	3.407e-01	1.750e-01
chr14_24504677_C_T_b38	3	2.60064e-03	3.255e-01	1.667e-01
chr14_24506608_T_C_b38	3	1.80295e-03	3.258e-01	1.668e-01
chr14_24497219_T_C_b38	3	5.64734e-04	1.810e-01	1.700e-01
chr14_24495768_AAG_A_b38	3	5.24213e-04	2.602e-01	1.681e-01
chr14_24494724_G_T_b38	3	5.24213e-04	2.602e-01	1.681e-01
chr14_24507764_C_T_b38	3	2.33014e-04	1.484e-01	1.711e-01
chr14_24493856_C_T_b38	3	2.14657e-04	1.778e-01	1.698e-01
chr14_24509229_T_C_b38	3	1.65863e-04	2.410e-02	1.811e-01
chr14_24482673_T_A_b38	3	5.18487e-05	1.634e-01	1.682e-01
chr14_24480358_A_G_b38	3	4.18951e-05	1.289e-01	1.440e-01
chr14_24484571_A_G_b38	3	3.75575e-05	1.256e-02	1.795e-01
chr14_24490949_C_T_b38	3	3.75575e-05	1.256e-02	1.795e-01
chr14_24503747_T_G_b38	4	2.48421e-04	3.370e-01	1.907e-01
chr14_24494277_G_A_b38	4	2.02534e-05	0.000e+00	0.000e+00
