chr1_39554348_C_A_b38	1	9.99779e-01	-9.313e-01	6.926e-02
chr1_39546558_C_T_b38	2	2.72860e-01	1.500e-01	3.385e-02
chr1_39484408_C_T_b38	2	1.84776e-01	1.750e-01	3.130e-02
chr1_39525916_G_T_b38	2	1.38641e-01	1.460e-01	2.867e-02
chr1_39546761_C_T_b38	2	1.05957e-01	1.500e-01	3.385e-02
chr1_39544563_T_C_b38	2	5.62181e-02	1.500e-01	3.385e-02
chr1_39537738_C_T_b38	2	2.86308e-02	1.525e-01	3.364e-02
chr1_39553919_A_G_b38	2	2.12155e-02	1.502e-01	3.380e-02
chr1_39552837_C_T_b38	2	2.12155e-02	1.502e-01	3.380e-02
chr1_39557375_T_A_b38	2	2.01918e-02	1.470e-01	3.179e-02
chr1_39529402_C_T_b38	2	1.66110e-02	1.521e-01	3.345e-02
chr1_39571175_G_C_b38	2	1.04949e-02	1.506e-01	3.376e-02
chr1_39557105_C_G_b38	2	1.00333e-02	1.503e-01	3.379e-02
chr1_39556810_C_T_b38	2	1.00333e-02	1.503e-01	3.379e-02
chr1_39559525_TG_T_b38	2	1.00333e-02	1.503e-01	3.379e-02
chr1_39578100_G_A_b38	2	9.21347e-03	1.579e-01	3.373e-02
chr1_39570014_C_T_b38	2	9.13419e-03	1.493e-01	3.376e-02
chr1_39535388_A_G_b38	2	7.23279e-03	1.420e-01	3.240e-02
chr1_39562508_A_G_b38	2	7.15507e-03	1.477e-01	3.364e-02
chr1_39503387_C_T_b38	2	6.65839e-03	1.537e-01	3.353e-02
chr1_39501551_G_A_b38	2	6.65839e-03	1.537e-01	3.353e-02
chr1_39505256_C_A_b38	2	6.65839e-03	1.537e-01	3.353e-02
chr1_39501608_T_C_b38	2	6.65839e-03	1.537e-01	3.353e-02
chr1_39499240_G_C_b38	2	4.32153e-03	1.517e-01	3.356e-02
chr1_39586436_C_G_b38	2	4.12107e-03	1.528e-01	3.373e-02
chr1_39546018_G_T_b38	2	4.11901e-03	1.175e-01	3.612e-02
chr1_39579628_A_C_b38	2	3.49278e-03	1.515e-01	3.373e-02
chr1_39582337_G_A_b38	2	3.49278e-03	1.515e-01	3.373e-02
chr1_39572899_C_T_b38	2	3.46824e-03	1.511e-01	3.357e-02
chr1_39510387_C_CA_b38	2	2.99061e-03	1.464e-01	3.308e-02
chr1_39554832_T_C_b38	2	2.96495e-03	-1.176e-01	2.839e-02
chr1_39594801_G_A_b38	2	2.75874e-03	1.492e-01	3.367e-02
chr1_39565611_C_T_b38	3	4.46118e-02	-1.664e-01	4.763e-02
chr1_39561792_G_A_b38	3	3.52012e-02	-1.653e-01	4.839e-02
chr1_39510424_C_G_b38	3	1.95858e-02	-1.742e-01	4.906e-02
chr1_39587349_C_T_b38	3	1.08190e-02	-1.632e-01	4.803e-02
chr1_39603696_T_C_b38	3	3.60238e-03	-1.605e-01	4.656e-02
chr1_39610601_T_G_b38	3	2.72656e-03	-1.518e-01	4.492e-02
chr1_39524621_G_A_b38	4	8.23734e-04	2.169e-01	7.772e-02
chr1_39535817_A_G_b38	4	6.12063e-04	2.151e-01	7.950e-02
chr1_39535620_A_G_b38	4	5.10939e-04	2.072e-01	7.792e-02
chr1_39510926_C_A_b38	4	2.32691e-04	2.241e-01	7.850e-02
chr1_39510405_G_A_b38	4	1.72564e-04	2.161e-01	7.822e-02
chr1_39518197_A_C_b38	4	9.52578e-06	0.000e+00	0.000e+00
