chr1_37878930_G_A_b38	1	4.69550e-01	7.405e-01	3.726e-02
chr1_37887731_C_T_b38	1	1.85182e-01	7.390e-01	3.736e-02
chr1_37862263_CAG_C_b38	1	1.85182e-01	7.390e-01	3.736e-02
chr1_37825665_C_T_b38	1	2.64805e-02	7.393e-01	3.734e-02
chr1_37819884_G_A_b38	1	2.64805e-02	7.393e-01	3.734e-02
chr1_37835548_G_A_b38	1	2.64805e-02	7.393e-01	3.734e-02
chr1_37824431_C_T_b38	1	2.64805e-02	7.393e-01	3.734e-02
chr1_37818475_C_A_b38	1	2.64805e-02	7.393e-01	3.734e-02
chr1_37876744_C_T_b38	1	2.18717e-02	7.297e-01	3.722e-02
chr1_37828954_C_T_b38	1	5.76741e-03	7.370e-01	3.736e-02
chr1_37803164_T_C_b38	1	4.41811e-09	0.000e+00	0.000e+00
chr1_37943431_G_C_b38	2	3.56684e-01	-2.300e-01	3.360e-02
chr1_37945678_C_T_b38	2	1.98304e-01	-2.228e-01	3.346e-02
chr1_37934144_G_A_b38	2	1.03030e-01	-2.288e-01	3.346e-02
chr1_37950638_C_T_b38	2	8.17822e-02	-2.204e-01	3.354e-02
chr1_37953546_C_T_b38	2	7.09621e-02	-2.230e-01	3.358e-02
chr1_37952824_C_T_b38	2	7.09621e-02	-2.230e-01	3.358e-02
chr1_37943401_A_G_b38	2	2.47884e-02	-2.112e-01	3.280e-02
chr1_37943302_T_C_b38	2	2.13103e-02	-2.137e-01	3.333e-02
chr1_37987369_G_A_b38	2	1.59394e-02	-2.257e-01	3.349e-02
chr1_37987358_C_T_b38	2	1.46267e-02	-2.245e-01	3.342e-02
chr1_37983893_T_C_b38	2	1.08013e-02	-2.233e-01	3.357e-02
chr1_37981314_G_A_b38	2	1.02546e-02	-2.222e-01	3.344e-02
chr1_37983491_C_T_b38	2	1.02546e-02	-2.222e-01	3.344e-02
chr1_37983126_C_G_b38	2	1.02546e-02	-2.222e-01	3.344e-02
chr1_37946524_G_T_b38	3	4.18167e-02	2.139e-01	8.530e-02
chr1_37947123_G_T_b38	4	5.23752e-04	-9.322e-02	9.219e-02
chr1_37940954_A_G_b38	4	2.13518e-05	0.000e+00	0.000e+00
chr1_37925688_TCTAA_T_b38	4	9.38262e-06	0.000e+00	0.000e+00
chr1_37933381_C_T_b38	4	6.90406e-06	0.000e+00	0.000e+00
chr1_37920501_C_G_b38	4	1.72270e-06	0.000e+00	0.000e+00
chr1_37911074_C_T_b38	4	1.72270e-06	0.000e+00	0.000e+00
chr1_37904847_T_A_b38	4	1.72270e-06	0.000e+00	0.000e+00
chr1_37911367_G_A_b38	4	1.72270e-06	0.000e+00	0.000e+00
