chr7_1556748_G_A_b38	1	6.52910e-01	-2.510e-01	4.237e-02
chr7_1537723_G_A_b38	1	1.59151e-01	-2.114e-01	4.004e-02
chr7_1543243_C_A_b38	1	9.52955e-02	-2.162e-01	4.054e-02
chr7_1560107_G_A_b38	1	6.28961e-02	-2.419e-01	4.409e-02
chr7_1559108_G_A_b38	1	1.77458e-02	-2.357e-01	4.458e-02
chr7_1557028_G_C_b38	1	1.01978e-02	-2.400e-01	4.630e-02
chr7_1545607_C_T_b38	2	5.12877e-02	9.572e-02	1.875e-02
chr7_1551798_A_G_b38	2	4.89582e-02	9.575e-02	1.885e-02
chr7_1547407_G_A_b38	2	4.82843e-02	9.495e-02	1.865e-02
chr7_1546603_A_G_b38	2	4.80513e-02	9.536e-02	1.873e-02
chr7_1530484_G_C_b38	2	4.33599e-02	8.131e-02	1.863e-02
chr7_1544037_A_G_b38	2	3.95931e-02	9.559e-02	1.893e-02
chr7_1530457_A_G_b38	2	3.37798e-02	8.019e-02	1.863e-02
chr7_1529294_G_A_b38	2	3.36539e-02	8.665e-02	1.860e-02
chr7_1545038_C_T_b38	2	3.17238e-02	9.457e-02	1.889e-02
chr7_1552361_G_C_b38	2	3.08217e-02	9.404e-02	1.887e-02
chr7_1544305_C_T_b38	2	2.97388e-02	9.396e-02	1.880e-02
chr7_1549132_G_A_b38	2	2.78643e-02	9.268e-02	1.862e-02
chr7_1550807_T_C_b38	2	2.78483e-02	9.254e-02	1.859e-02
chr7_1543652_A_G_b38	2	2.71469e-02	9.412e-02	1.891e-02
chr7_1550644_A_G_b38	2	2.45471e-02	9.194e-02	1.857e-02
chr7_1549420_G_A_b38	2	2.23161e-02	9.217e-02	1.868e-02
chr7_1545099_G_A_b38	2	2.10177e-02	9.279e-02	1.886e-02
chr7_1528615_G_A_b38	2	1.37642e-02	8.549e-02	1.922e-02
chr7_1529884_C_T_b38	2	1.28360e-02	7.951e-02	1.855e-02
chr7_1554792_G_A_b38	2	1.24775e-02	8.991e-02	1.871e-02
chr7_1547017_A_AGCC_b38	2	1.17773e-02	8.876e-02	1.845e-02
chr7_1525773_A_G_b38	2	1.14616e-02	8.726e-02	1.924e-02
chr7_1552777_A_G_b38	2	9.13334e-03	9.139e-02	1.937e-02
chr7_1549447_G_A_b38	2	8.26068e-03	8.967e-02	1.901e-02
chr7_1523148_G_A_b38	2	7.96202e-03	8.459e-02	1.847e-02
chr7_1522995_T_C_b38	2	7.69767e-03	8.445e-02	1.847e-02
chr7_1523012_C_A_b38	2	7.69767e-03	8.445e-02	1.847e-02
chr7_1521078_T_C_b38	2	7.69146e-03	8.445e-02	1.847e-02
chr7_1521086_G_A_b38	2	7.69146e-03	8.445e-02	1.847e-02
chr7_1522882_A_G_b38	2	7.69146e-03	8.445e-02	1.847e-02
chr7_1521562_G_A_b38	2	7.69146e-03	8.445e-02	1.847e-02
chr7_1521043_T_C_b38	2	7.69146e-03	8.445e-02	1.847e-02
chr7_1521818_T_C_b38	2	7.69146e-03	8.445e-02	1.847e-02
chr7_1521868_C_T_b38	2	7.69146e-03	8.445e-02	1.847e-02
chr7_1521901_G_T_b38	2	7.69146e-03	8.445e-02	1.847e-02
chr7_1523050_T_C_b38	2	7.69146e-03	8.445e-02	1.847e-02
chr7_1523030_G_T_b38	2	7.69146e-03	8.445e-02	1.847e-02
chr7_1523071_G_A_b38	2	7.69146e-03	8.445e-02	1.847e-02
chr7_1523153_T_C_b38	2	7.60731e-03	8.441e-02	1.847e-02
chr7_1545967_T_C_b38	2	7.31157e-03	9.072e-02	1.932e-02
chr7_1523361_T_A_b38	2	6.84983e-03	8.726e-02	1.924e-02
chr7_1527739_T_C_b38	2	6.83654e-03	8.519e-02	1.929e-02
chr7_1547026_T_C_b38	2	6.79865e-03	8.684e-02	1.852e-02
chr7_1523246_A_G_b38	2	6.48681e-03	8.395e-02	1.851e-02
chr7_1523389_C_T_b38	2	6.48681e-03	8.395e-02	1.851e-02
chr7_1523410_T_C_b38	2	6.48681e-03	8.395e-02	1.851e-02
chr7_1523636_C_G_b38	2	6.40143e-03	8.373e-02	1.848e-02
chr7_1523765_T_C_b38	2	6.40143e-03	8.373e-02	1.848e-02
chr7_1554505_A_G_b38	2	6.37993e-03	8.957e-02	1.929e-02
chr7_1522527_G_A_b38	2	6.07435e-03	8.388e-02	1.857e-02
chr7_1521588_C_G_b38	2	6.04473e-03	8.335e-02	1.844e-02
chr7_1554327_A_G_b38	2	5.98823e-03	8.955e-02	1.934e-02
chr7_1529782_C_T_b38	2	5.93944e-03	7.607e-02	1.853e-02
chr7_1549276_C_A_b38	2	5.86394e-03	8.723e-02	1.877e-02
chr7_1541285_C_T_b38	2	5.45895e-03	8.560e-02	1.843e-02
chr7_1528186_TA_T_b38	2	5.39235e-03	8.094e-02	1.851e-02
chr7_1552258_A_G_b38	2	5.13412e-03	8.584e-02	1.860e-02
chr7_1523648_T_C_b38	2	4.49996e-03	8.236e-02	1.847e-02
chr7_1523532_G_A_b38	2	4.29374e-03	8.300e-02	1.866e-02
chr7_1525709_T_C_b38	2	4.20319e-03	8.531e-02	1.925e-02
chr7_1547230_T_C_b38	2	3.98646e-03	8.709e-02	1.907e-02
chr7_1544845_T_C_b38	2	3.97377e-03	8.795e-02	1.925e-02
chr7_1522024_C_T_b38	2	3.89125e-03	8.182e-02	1.849e-02
chr7_1520262_G_T_b38	2	3.83148e-03	8.391e-02	1.838e-02
chr7_1549781_T_G_b38	2	3.48578e-03	8.671e-02	1.912e-02
chr7_1522657_T_C_b38	2	3.46352e-03	8.159e-02	1.844e-02
chr7_1522099_G_A_b38	2	3.46352e-03	8.159e-02	1.844e-02
chr7_1523478_A_G_b38	2	3.29609e-03	8.173e-02	1.852e-02
chr7_1520524_A_G_b38	2	3.16973e-03	8.409e-02	1.852e-02
chr7_1529813_C_T_b38	2	3.10369e-03	7.337e-02	1.844e-02
chr7_1543239_A_G_b38	2	3.01301e-03	8.706e-02	1.923e-02
chr7_1529575_G_A_b38	2	2.81601e-03	7.632e-02	1.855e-02
chr7_1544442_C_T_b38	2	2.69119e-03	8.381e-02	1.854e-02
chr7_1548277_CT_C_b38	2	2.59144e-03	8.517e-02	1.906e-02
chr7_1525549_A_G_b38	2	2.51260e-03	8.012e-02	1.842e-02
chr7_1523237_A_G_b38	2	2.49094e-03	8.074e-02	1.858e-02
chr7_1522066_C_T_b38	2	2.47838e-03	7.993e-02	1.839e-02
chr7_1529149_T_C_b38	2	2.41654e-03	7.553e-02	1.851e-02
chr7_1534767_A_G_b38	2	2.39709e-03	8.086e-02	1.926e-02
chr7_1556203_A_G_b38	2	2.23189e-03	8.957e-02	1.926e-02
chr7_1548051_A_G_b38	2	2.12581e-03	8.510e-02	1.915e-02
chr7_1535598_T_C_b38	2	2.03537e-03	8.001e-02	1.925e-02
chr7_1525295_G_A_b38	2	1.88834e-03	7.995e-02	1.847e-02
chr7_1525174_C_T_b38	2	1.75348e-03	7.965e-02	1.848e-02
chr7_1519508_G_C_b38	2	1.71460e-03	8.498e-02	1.916e-02
chr7_1518010_T_C_b38	2	1.71460e-03	8.498e-02	1.916e-02
chr7_1517984_C_T_b38	2	1.63890e-03	8.163e-02	1.840e-02
chr7_1534926_T_C_b38	2	1.48888e-03	7.953e-02	1.927e-02
chr7_1519888_T_C_b38	2	1.41851e-03	8.123e-02	1.846e-02
chr7_1524459_C_T_b38	2	1.31388e-03	7.818e-02	1.844e-02
chr7_1524096_C_T_b38	2	1.19851e-03	7.769e-02	1.842e-02
chr7_1535778_A_G_b38	2	1.08004e-03	7.992e-02	1.921e-02
chr7_1535741_A_G_b38	2	1.08004e-03	7.992e-02	1.921e-02
chr7_1537068_C_A_b38	2	1.07526e-03	7.777e-02	1.864e-02
chr7_1550740_T_C_b38	2	8.86861e-04	8.165e-02	1.905e-02
chr7_1527813_A_G_b38	2	8.22166e-04	7.347e-02	1.838e-02
chr7_1536581_A_G_b38	2	6.21177e-04	7.513e-02	1.860e-02
chr7_1531602_G_A_b38	2	5.43386e-04	6.582e-02	1.844e-02
chr7_1539638_G_A_b38	2	5.29026e-04	7.389e-02	1.848e-02
chr7_1541881_T_C_b38	2	5.24425e-04	8.256e-02	1.981e-02
chr7_1548755_A_G_b38	2	4.73270e-04	7.887e-02	1.907e-02
chr7_1539735_C_T_b38	2	3.58652e-04	7.237e-02	1.856e-02
chr7_1493974_G_A_b38	3	4.80161e-03	-1.457e-01	5.174e-02
chr7_1465476_C_T_b38	3	2.00540e-03	-1.563e-01	5.261e-02
