chr10_58513429_ACGGC_A_b38	1	5.75693e-02	7.990e-02	3.004e-02
chr10_58513670_G_A_b38	1	4.31651e-02	8.640e-02	2.951e-02
chr10_58513395_C_A_b38	1	4.11727e-02	7.530e-02	2.981e-02
chr10_58513361_T_C_b38	1	4.11727e-02	7.530e-02	2.981e-02
chr10_58514138_G_A_b38	1	1.54320e-02	7.529e-02	2.982e-02
chr10_58512609_T_C_b38	1	1.34039e-02	7.350e-02	2.984e-02
chr10_58512227_G_A_b38	1	1.23463e-02	7.154e-02	2.942e-02
chr10_58512180_T_C_b38	1	1.23463e-02	7.154e-02	2.942e-02
chr10_58606215_T_C_b38	1	9.84869e-03	1.192e-01	3.003e-02
chr10_58574087_T_C_b38	1	9.02134e-03	-1.181e-01	2.748e-02
chr10_58511612_T_A_b38	1	7.58554e-03	7.552e-02	2.982e-02
chr10_58511771_A_G_b38	1	7.58554e-03	7.552e-02	2.982e-02
chr10_58515390_A_G_b38	1	7.54241e-03	7.536e-02	2.982e-02
chr10_58514422_C_T_b38	1	7.54241e-03	7.536e-02	2.982e-02
chr10_58515168_C_T_b38	1	7.54241e-03	7.536e-02	2.982e-02
chr10_58514289_C_A_b38	1	7.54241e-03	7.536e-02	2.982e-02
chr10_58514846_T_C_b38	1	7.54241e-03	7.536e-02	2.982e-02
chr10_58514217_C_T_b38	1	7.54241e-03	7.536e-02	2.982e-02
chr10_58514453_T_C_b38	1	7.54241e-03	7.536e-02	2.982e-02
chr10_58515210_T_G_b38	1	7.54241e-03	7.536e-02	2.982e-02
chr10_58515181_C_T_b38	1	7.54241e-03	7.536e-02	2.982e-02
chr10_58512488_C_T_b38	1	7.44112e-03	6.468e-02	2.908e-02
chr10_58575330_C_T_b38	1	7.02717e-03	1.156e-01	2.733e-02
chr10_58514676_CCT_C_b38	1	6.54716e-03	7.352e-02	2.978e-02
chr10_58518727_C_T_b38	1	5.90991e-03	8.418e-02	2.964e-02
chr10_58512085_C_CA_b38	1	5.35409e-03	7.278e-02	3.052e-02
chr10_58516422_A_G_b38	1	5.31738e-03	7.565e-02	2.953e-02
chr10_58517295_G_A_b38	1	5.31738e-03	7.565e-02	2.953e-02
chr10_58517329_C_T_b38	1	5.31738e-03	7.565e-02	2.953e-02
chr10_58508638_C_T_b38	1	4.48041e-03	7.567e-02	2.982e-02
chr10_58510475_G_T_b38	1	4.48041e-03	7.567e-02	2.982e-02
chr10_58510500_T_G_b38	1	4.48041e-03	7.567e-02	2.982e-02
chr10_58508157_T_A_b38	1	4.48041e-03	7.567e-02	2.982e-02
chr10_58509995_G_T_b38	1	4.48041e-03	7.567e-02	2.982e-02
chr10_58509217_T_C_b38	1	4.48041e-03	7.567e-02	2.982e-02
chr10_58508510_G_A_b38	1	4.48041e-03	7.567e-02	2.982e-02
chr10_58508839_C_T_b38	1	4.48041e-03	7.567e-02	2.982e-02
chr10_58509023_T_C_b38	1	4.48041e-03	7.567e-02	2.982e-02
chr10_58509978_G_A_b38	1	4.48041e-03	7.567e-02	2.982e-02
chr10_58509931_A_G_b38	1	4.48041e-03	7.567e-02	2.982e-02
chr10_58509120_A_C_b38	1	4.48041e-03	7.567e-02	2.982e-02
chr10_58509340_C_A_b38	1	4.48041e-03	7.567e-02	2.982e-02
chr10_58509566_T_A_b38	1	4.48041e-03	7.567e-02	2.982e-02
chr10_58517155_C_T_b38	1	4.19596e-03	7.241e-02	2.928e-02
chr10_58517146_C_T_b38	1	4.19596e-03	7.241e-02	2.928e-02
chr10_58516323_T_G_b38	1	4.19596e-03	7.241e-02	2.928e-02
chr10_58517069_C_T_b38	1	4.19596e-03	7.241e-02	2.928e-02
chr10_58505404_A_AC_b38	1	3.97428e-03	7.990e-02	2.975e-02
chr10_58504981_A_T_b38	1	3.84595e-03	7.790e-02	2.913e-02
chr10_58507880_A_C_b38	1	3.38126e-03	7.818e-02	2.948e-02
chr10_58507550_G_A_b38	1	3.38126e-03	7.818e-02	2.948e-02
chr10_58535396_A_AAACCTT_b38	1	3.30038e-03	-8.585e-02	2.943e-02
chr10_58537902_T_C_b38	1	2.92457e-03	8.482e-02	2.947e-02
chr10_58526311_C_G_b38	1	2.92457e-03	8.482e-02	2.947e-02
chr10_58537814_A_G_b38	1	2.92457e-03	8.482e-02	2.947e-02
chr10_58523549_T_G_b38	1	2.92457e-03	8.482e-02	2.947e-02
chr10_58524773_C_T_b38	1	2.92457e-03	8.482e-02	2.947e-02
chr10_58520393_C_A_b38	1	2.79740e-03	7.630e-02	2.950e-02
chr10_58519564_G_A_b38	1	2.79740e-03	7.630e-02	2.950e-02
chr10_58505644_A_G_b38	1	2.71299e-03	7.621e-02	2.969e-02
chr10_58507916_G_GAT_b38	1	2.67825e-03	7.630e-02	2.979e-02
chr10_58506197_C_A_b38	1	2.67825e-03	7.630e-02	2.979e-02
chr10_58505862_T_C_b38	1	2.67825e-03	7.630e-02	2.979e-02
chr10_58506392_T_C_b38	1	2.67825e-03	7.630e-02	2.979e-02
chr10_58506880_T_C_b38	1	2.67825e-03	7.630e-02	2.979e-02
chr10_58507377_G_A_b38	1	2.67825e-03	7.630e-02	2.979e-02
chr10_58507079_A_G_b38	1	2.67825e-03	7.630e-02	2.979e-02
chr10_58506795_A_C_b38	1	2.67825e-03	7.630e-02	2.979e-02
chr10_58517489_G_A_b38	1	2.67608e-03	6.817e-02	2.935e-02
chr10_58516609_T_C_b38	1	2.67608e-03	6.817e-02	2.935e-02
chr10_58517789_A_C_b38	1	2.67608e-03	6.817e-02	2.935e-02
chr10_58516531_C_T_b38	1	2.67608e-03	6.817e-02	2.935e-02
chr10_58517729_C_T_b38	1	2.67608e-03	6.817e-02	2.935e-02
chr10_58517990_ATAT_A_b38	1	2.67608e-03	6.817e-02	2.935e-02
chr10_58516495_G_GT_b38	1	2.67608e-03	6.817e-02	2.935e-02
chr10_58534619_T_C_b38	1	2.12490e-03	-8.164e-02	2.929e-02
chr10_58535582_T_G_b38	1	2.12490e-03	-8.164e-02	2.929e-02
chr10_58593136_C_T_b38	1	1.92607e-03	-1.139e-01	2.731e-02
chr10_58521856_G_A_b38	1	1.65742e-03	7.120e-02	2.947e-02
chr10_58512064_G_A_b38	1	1.45216e-03	5.636e-02	2.988e-02
chr10_58573623_G_A_b38	1	1.41555e-03	-1.122e-01	2.679e-02
chr10_58575179_T_C_b38	1	1.41555e-03	-1.122e-01	2.679e-02
chr10_58575313_C_CA_b38	1	1.41555e-03	-1.122e-01	2.679e-02
chr10_58574512_T_TA_b38	1	1.41555e-03	-1.122e-01	2.679e-02
chr10_58574815_T_C_b38	1	1.41555e-03	-1.122e-01	2.679e-02
chr10_58573711_G_C_b38	1	1.41555e-03	-1.122e-01	2.679e-02
chr10_58575629_G_C_b38	1	1.41555e-03	-1.122e-01	2.679e-02
chr10_58574242_G_T_b38	1	1.41555e-03	-1.122e-01	2.679e-02
chr10_58573833_AG_A_b38	1	1.41555e-03	-1.122e-01	2.679e-02
chr10_58575419_C_T_b38	1	1.41555e-03	-1.122e-01	2.679e-02
chr10_58520112_C_T_b38	1	1.40050e-03	6.884e-02	2.936e-02
chr10_58522721_A_C_b38	1	1.40005e-03	6.882e-02	2.935e-02
chr10_58522587_C_A_b38	1	1.40005e-03	6.882e-02	2.935e-02
chr10_58518380_C_T_b38	1	1.40005e-03	6.882e-02	2.935e-02
chr10_58521660_CT_C_b38	1	1.40005e-03	6.882e-02	2.935e-02
chr10_58518813_C_T_b38	1	1.40005e-03	6.882e-02	2.935e-02
chr10_58519207_T_C_b38	1	1.40005e-03	6.882e-02	2.935e-02
chr10_58521507_C_T_b38	1	1.40005e-03	6.882e-02	2.935e-02
chr10_58522578_G_C_b38	1	1.40005e-03	6.882e-02	2.935e-02
chr10_58521640_A_G_b38	1	1.40005e-03	6.882e-02	2.935e-02
chr10_58519982_G_A_b38	1	1.40005e-03	6.882e-02	2.935e-02
chr10_58519941_T_C_b38	1	1.40005e-03	6.882e-02	2.935e-02
chr10_58520149_G_A_b38	1	1.40005e-03	6.882e-02	2.935e-02
chr10_58520563_C_T_b38	1	1.40005e-03	6.882e-02	2.935e-02
chr10_58521594_C_T_b38	1	1.40005e-03	6.882e-02	2.935e-02
chr10_58521151_T_G_b38	1	1.40005e-03	6.882e-02	2.935e-02
chr10_58522318_T_C_b38	1	1.40005e-03	6.882e-02	2.935e-02
chr10_58522783_C_T_b38	1	1.40005e-03	6.882e-02	2.935e-02
chr10_58519874_T_C_b38	1	1.40005e-03	6.882e-02	2.935e-02
chr10_58520070_G_A_b38	1	1.40005e-03	6.882e-02	2.935e-02
chr10_58518495_G_A_b38	1	1.40005e-03	6.882e-02	2.935e-02
chr10_58521330_C_T_b38	1	1.40005e-03	6.882e-02	2.935e-02
chr10_58522810_G_C_b38	1	1.40005e-03	6.882e-02	2.935e-02
chr10_58520876_CAT_C_b38	1	1.40005e-03	6.882e-02	2.935e-02
chr10_58520668_A_G_b38	1	1.40005e-03	6.882e-02	2.935e-02
chr10_58529629_A_T_b38	1	1.35256e-03	-7.695e-02	2.948e-02
chr10_58527372_G_A_b38	1	1.35256e-03	-7.695e-02	2.948e-02
chr10_58550720_C_G_b38	1	1.31794e-03	-8.813e-02	2.930e-02
chr10_58552484_C_T_b38	1	1.26903e-03	-8.958e-02	3.005e-02
chr10_58525718_T_A_b38	1	1.25717e-03	-7.502e-02	2.903e-02
chr10_58525702_T_TAAAATA_b38	1	1.25386e-03	-7.809e-02	3.004e-02
chr10_58537415_C_T_b38	1	1.16151e-03	-7.500e-02	2.914e-02
chr10_58525712_A_T_b38	1	1.10112e-03	-7.440e-02	2.916e-02
chr10_58518580_A_G_b38	1	1.09668e-03	6.497e-02	2.899e-02
chr10_58536209_A_T_b38	1	1.04656e-03	-7.396e-02	2.923e-02
chr10_58534925_A_T_b38	1	1.04656e-03	-7.396e-02	2.923e-02
chr10_58534410_C_T_b38	1	1.04656e-03	-7.396e-02	2.923e-02
chr10_58535556_A_G_b38	1	1.04656e-03	-7.396e-02	2.923e-02
chr10_58525749_A_G_b38	1	1.03297e-03	-7.389e-02	2.927e-02
chr10_58525734_A_G_b38	1	1.03297e-03	-7.389e-02	2.927e-02
chr10_58541534_A_T_b38	1	1.00640e-03	8.631e-02	2.928e-02
chr10_58548798_T_C_b38	1	1.00640e-03	8.631e-02	2.928e-02
chr10_58552951_T_G_b38	1	1.00640e-03	8.631e-02	2.928e-02
chr10_58545086_TTG_T_b38	1	1.00640e-03	8.631e-02	2.928e-02
chr10_58525684_T_C_b38	1	9.57453e-04	-7.257e-02	2.909e-02
chr10_58532642_A_G_b38	1	9.37014e-04	-7.314e-02	2.946e-02
chr10_58529614_C_G_b38	1	9.01046e-04	-7.202e-02	2.917e-02
chr10_58525991_C_CT_b38	1	8.45115e-04	-7.168e-02	2.937e-02
chr10_58532684_G_A_b38	1	8.03109e-04	-7.070e-02	2.921e-02
chr10_58527206_T_G_b38	1	7.35001e-04	-7.070e-02	2.927e-02
chr10_58527204_T_C_b38	1	7.35001e-04	-7.070e-02	2.927e-02
chr10_58527208_T_C_b38	1	7.35001e-04	-7.070e-02	2.927e-02
chr10_58524644_T_G_b38	1	6.94175e-04	-7.092e-02	2.971e-02
chr10_58527056_T_C_b38	1	6.73430e-04	-6.982e-02	2.937e-02
chr10_58532151_A_T_b38	1	6.65984e-04	-6.963e-02	2.935e-02
chr10_58529680_T_A_b38	1	6.65984e-04	-6.963e-02	2.935e-02
chr10_58528783_G_A_b38	1	6.65984e-04	-6.963e-02	2.935e-02
chr10_58531882_A_T_b38	1	6.65984e-04	-6.963e-02	2.935e-02
chr10_58528321_A_T_b38	1	6.65984e-04	-6.963e-02	2.935e-02
chr10_58531210_A_G_b38	1	6.65984e-04	-6.963e-02	2.935e-02
chr10_58528571_A_G_b38	1	6.65984e-04	-6.963e-02	2.935e-02
chr10_58532357_T_A_b38	1	6.65984e-04	-6.963e-02	2.935e-02
chr10_58528771_T_C_b38	1	6.65984e-04	-6.963e-02	2.935e-02
chr10_58532674_A_C_b38	1	6.65984e-04	-6.963e-02	2.935e-02
chr10_58523330_C_T_b38	1	6.65984e-04	-6.963e-02	2.935e-02
chr10_58528780_T_A_b38	1	6.65984e-04	-6.963e-02	2.935e-02
chr10_58526164_A_G_b38	1	6.65984e-04	-6.963e-02	2.935e-02
chr10_58531206_T_C_b38	1	6.65984e-04	-6.963e-02	2.935e-02
chr10_58523427_G_A_b38	1	6.65984e-04	-6.963e-02	2.935e-02
chr10_58533095_AT_A_b38	1	6.65984e-04	-6.963e-02	2.935e-02
chr10_58524191_A_C_b38	1	6.65984e-04	-6.963e-02	2.935e-02
chr10_58530860_G_A_b38	1	6.65984e-04	-6.963e-02	2.935e-02
chr10_58527875_G_C_b38	1	6.65984e-04	-6.963e-02	2.935e-02
chr10_58531934_G_A_b38	1	6.65984e-04	-6.963e-02	2.935e-02
chr10_58528351_T_C_b38	1	6.65984e-04	-6.963e-02	2.935e-02
chr10_58523248_A_C_b38	1	6.65984e-04	-6.963e-02	2.935e-02
chr10_58529847_A_G_b38	1	6.65984e-04	-6.963e-02	2.935e-02
chr10_58532148_A_C_b38	1	6.65984e-04	-6.963e-02	2.935e-02
chr10_58529579_A_G_b38	1	6.65984e-04	-6.963e-02	2.935e-02
chr10_58532282_T_C_b38	1	6.65984e-04	-6.963e-02	2.935e-02
chr10_58532904_A_G_b38	1	6.65984e-04	-6.963e-02	2.935e-02
chr10_58534146_A_G_b38	1	6.65984e-04	-6.963e-02	2.935e-02
chr10_58537342_T_C_b38	1	6.65984e-04	-6.963e-02	2.935e-02
chr10_58523402_C_T_b38	1	6.65984e-04	-6.963e-02	2.935e-02
chr10_58529173_C_T_b38	1	6.65984e-04	-6.963e-02	2.935e-02
chr10_58534301_A_T_b38	1	6.65984e-04	-6.963e-02	2.935e-02
chr10_58529638_C_A_b38	1	6.65984e-04	-6.963e-02	2.935e-02
chr10_58526268_C_T_b38	1	6.65984e-04	-6.963e-02	2.935e-02
chr10_58526107_A_G_b38	1	6.65984e-04	-6.963e-02	2.935e-02
chr10_58529935_T_C_b38	1	6.65984e-04	-6.963e-02	2.935e-02
chr10_58532623_A_G_b38	1	6.65984e-04	-6.963e-02	2.935e-02
chr10_58524146_A_G_b38	1	6.65984e-04	-6.963e-02	2.935e-02
chr10_58533534_C_T_b38	1	6.65984e-04	-6.963e-02	2.935e-02
chr10_58523810_G_A_b38	1	6.65984e-04	-6.963e-02	2.935e-02
chr10_58529791_C_T_b38	1	6.65984e-04	-6.963e-02	2.935e-02
chr10_58524912_A_G_b38	1	6.65984e-04	-6.963e-02	2.935e-02
chr10_58526399_C_T_b38	1	6.65984e-04	-6.963e-02	2.935e-02
chr10_58526060_G_A_b38	1	6.65984e-04	-6.963e-02	2.935e-02
chr10_58528390_T_G_b38	1	6.65984e-04	-6.963e-02	2.935e-02
chr10_58526969_T_C_b38	1	6.65984e-04	-6.963e-02	2.935e-02
chr10_58529271_A_G_b38	1	6.65984e-04	-6.963e-02	2.935e-02
chr10_58561727_T_C_b38	1	6.58387e-04	-9.967e-02	2.728e-02
chr10_58538717_C_A_b38	1	6.55190e-04	-8.322e-02	3.017e-02
chr10_58524045_A_C_b38	1	6.22601e-04	-6.940e-02	2.965e-02
chr10_58555883_T_C_b38	1	4.84060e-04	-9.090e-02	2.767e-02
chr10_58554969_T_C_b38	1	4.78986e-04	-9.033e-02	2.755e-02
chr10_58556451_A_G_b38	1	4.19816e-04	8.918e-02	2.753e-02
chr10_58618138_G_C_b38	2	6.58137e-02	1.471e-01	3.097e-02
chr10_58623465_A_T_b38	2	4.25830e-02	1.453e-01	3.128e-02
chr10_58622734_G_C_b38	2	4.25830e-02	1.453e-01	3.128e-02
chr10_58622845_A_G_b38	2	4.25830e-02	1.453e-01	3.128e-02
chr10_58625110_C_T_b38	2	4.05226e-02	1.443e-01	3.118e-02
chr10_58624787_T_A_b38	2	4.05226e-02	1.443e-01	3.118e-02
chr10_58624129_C_T_b38	2	4.05226e-02	1.443e-01	3.118e-02
chr10_58624699_T_G_b38	2	4.05226e-02	1.443e-01	3.118e-02
chr10_58626212_G_A_b38	2	4.05226e-02	1.443e-01	3.118e-02
chr10_58619020_G_GT_b38	2	2.93211e-02	1.431e-01	3.132e-02
chr10_58629241_A_G_b38	2	2.03336e-02	1.405e-01	3.128e-02
chr10_58632677_A_C_b38	2	1.12586e-02	-1.421e-01	3.256e-02
chr10_58630513_A_G_b38	2	1.07319e-02	-1.412e-01	3.247e-02
chr10_58623766_A_C_b38	2	1.07319e-02	-1.412e-01	3.247e-02
chr10_58626343_T_C_b38	2	1.07319e-02	-1.412e-01	3.247e-02
chr10_58621515_CAA_C_b38	2	7.68785e-03	-1.404e-01	3.257e-02
chr10_58631822_C_T_b38	2	7.68785e-03	-1.404e-01	3.257e-02
chr10_58626835_C_T_b38	2	7.68785e-03	-1.404e-01	3.257e-02
chr10_58631994_CCTAAG_C_b38	2	7.68785e-03	-1.404e-01	3.257e-02
chr10_58619539_A_C_b38	2	6.83845e-03	-1.395e-01	3.254e-02
chr10_58628212_T_C_b38	2	4.69628e-03	-1.399e-01	3.298e-02
chr10_58622645_C_T_b38	2	3.66943e-03	-1.364e-01	3.257e-02
chr10_58633173_T_G_b38	2	1.86926e-03	1.318e-01	3.200e-02
chr10_58617230_A_G_b38	2	1.27408e-03	-1.211e-01	3.038e-02
chr10_58519901_TA_T_b38	3	9.27493e-04	1.722e-01	7.231e-02
chr10_58612362_T_G_b38	3	5.40087e-06	0.000e+00	0.000e+00
