chr22_30075690_G_C_b38	1	1.60924e-01	3.508e-01	8.689e-02
chr22_30090837_A_G_b38	1	9.49644e-02	3.501e-01	8.379e-02
chr22_30097893_G_A_b38	1	9.49644e-02	3.501e-01	8.379e-02
chr22_30098382_G_A_b38	1	9.49644e-02	3.501e-01	8.379e-02
chr22_30055497_C_T_b38	1	4.37616e-02	3.509e-01	8.685e-02
chr22_30123163_T_C_b38	1	3.03401e-02	3.502e-01	8.373e-02
chr22_30116489_G_A_b38	1	3.03401e-02	3.502e-01	8.373e-02
chr22_30116269_G_A_b38	1	3.03401e-02	3.502e-01	8.373e-02
chr22_30107182_G_A_b38	1	3.03401e-02	3.502e-01	8.373e-02
chr22_30037182_GT_G_b38	1	2.00675e-02	3.511e-01	8.680e-02
chr22_30081600_T_C_b38	1	1.69412e-02	2.615e-01	8.434e-02
chr22_30174033_A_G_b38	1	1.03469e-02	-3.503e-01	8.371e-02
chr22_30149160_A_G_b38	1	1.03469e-02	3.503e-01	8.371e-02
chr22_30144601_T_C_b38	1	1.03469e-02	3.503e-01	8.371e-02
chr22_30141537_T_C_b38	1	1.03469e-02	3.503e-01	8.371e-02
chr22_30076265_G_A_b38	1	7.29731e-03	2.603e-01	8.756e-02
chr22_30196498_C_G_b38	1	3.08570e-03	-3.615e-01	8.329e-02
chr22_30066638_T_C_b38	1	2.20863e-03	2.634e-01	8.740e-02
chr22_30064445_G_T_b38	1	1.99343e-03	2.603e-01	8.756e-02
chr22_30181782_A_G_b38	1	1.78733e-03	-3.503e-01	8.371e-02
chr22_30080282_G_T_b38	2	1.67744e-02	1.728e-01	1.658e-01
chr22_30079165_G_A_b38	2	2.50088e-03	1.764e-01	1.658e-01
chr22_30071685_C_T_b38	2	1.18279e-03	1.777e-01	1.659e-01
chr22_30102989_G_A_b38	2	8.41666e-04	2.638e-01	1.775e-01
chr22_30055524_G_A_b38	2	6.29254e-04	2.638e-01	1.775e-01
chr22_30105116_C_T_b38	2	5.73970e-04	1.888e-01	1.649e-01
chr22_30090223_T_C_b38	2	5.73970e-04	1.888e-01	1.649e-01
chr22_30091021_A_G_b38	2	5.73970e-04	1.888e-01	1.649e-01
chr22_30094765_G_A_b38	2	5.73970e-04	1.888e-01	1.649e-01
chr22_30101739_G_T_b38	2	5.73970e-04	1.888e-01	1.649e-01
chr22_30091630_G_A_b38	2	5.73970e-04	1.888e-01	1.649e-01
chr22_30091076_G_A_b38	2	5.73970e-04	1.888e-01	1.649e-01
chr22_30098330_A_G_b38	2	5.73970e-04	1.888e-01	1.649e-01
chr22_30067771_C_G_b38	2	4.12724e-04	1.926e-01	1.646e-01
chr22_30062404_T_A_b38	2	4.12724e-04	1.926e-01	1.646e-01
chr22_30055699_G_A_b38	2	3.99468e-04	1.931e-01	1.787e-01
chr22_30058819_C_G_b38	2	2.94680e-04	1.178e-01	1.568e-01
chr22_30040741_GC_G_b38	2	2.84188e-04	2.530e-01	1.623e-01
chr22_30054052_C_G_b38	2	2.74641e-04	2.556e-01	1.658e-01
chr22_30122513_A_T_b38	2	2.14599e-04	2.595e-01	1.381e-01
chr22_30108122_C_T_b38	2	2.14599e-04	2.595e-01	1.381e-01
chr22_30107700_A_G_b38	2	2.04438e-04	3.037e-01	1.657e-01
chr22_30028388_C_T_b38	2	1.61275e-04	3.949e-01	1.642e-01
chr22_30031575_G_A_b38	2	1.43843e-04	2.299e-01	1.540e-01
chr22_30037384_T_G_b38	2	1.43843e-04	2.299e-01	1.540e-01
chr22_30034546_G_A_b38	2	1.43843e-04	2.299e-01	1.540e-01
chr22_30128721_T_C_b38	2	1.34124e-04	2.299e-01	1.540e-01
chr22_30111030_C_G_b38	2	1.34124e-04	2.299e-01	1.540e-01
chr22_30122244_G_A_b38	2	1.34124e-04	2.299e-01	1.540e-01
chr22_30107891_C_T_b38	2	1.34124e-04	2.299e-01	1.540e-01
chr22_30120151_T_C_b38	2	1.34124e-04	2.299e-01	1.540e-01
chr22_30109129_AT_A_b38	2	1.34124e-04	2.299e-01	1.540e-01
chr22_30129560_C_T_b38	2	1.34124e-04	2.299e-01	1.540e-01
chr22_30109657_A_C_b38	2	1.28730e-04	2.358e-01	1.663e-01
chr22_30041669_C_G_b38	2	9.90096e-05	1.594e-01	1.457e-01
