chr11_205198_C_A_b38	1	6.77138e-01	2.824e-01	5.832e-02
chr11_207462_A_G_b38	1	7.62906e-02	2.199e-01	6.648e-02
chr11_207400_A_G_b38	1	7.61000e-02	2.015e-01	6.434e-02
chr11_207359_C_CGGCCACAGCCGCCTCAGACGT_b38	2	7.12380e-01	-2.423e-01	5.861e-02
chr11_224393_A_G_b38	2	3.34894e-02	2.676e-01	5.767e-02
chr11_225256_C_T_b38	2	2.52833e-02	2.633e-01	5.700e-02
chr11_223733_T_A_b38	2	8.99052e-03	2.929e-01	6.902e-02
chr11_206986_CGA_C_b38	3	6.71400e-02	2.574e-01	1.119e-01
chr11_199891_C_A_b38	3	1.98597e-03	1.889e-01	1.028e-01
chr11_191627_T_C_b38	3	1.64057e-03	2.068e-01	9.184e-02
chr11_211841_T_C_b38	3	1.55470e-03	9.487e-02	1.295e-01
chr11_211482_C_T_b38	3	1.39418e-03	4.653e-02	1.451e-01
chr11_216290_G_A_b38	3	1.33201e-03	1.389e-01	1.121e-01
chr11_216957_A_G_b38	3	1.21653e-03	1.260e-01	1.190e-01
chr11_218613_G_A_b38	3	9.61852e-04	1.728e-01	9.266e-02
chr11_185879_C_T_b38	3	7.49313e-04	1.416e-01	8.146e-02
chr11_250886_C_T_b38	3	6.34949e-04	2.439e-01	1.104e-01
chr11_186899_G_A_b38	3	5.90076e-04	1.415e-01	1.143e-01
chr11_225611_TG_T_b38	3	5.42080e-04	1.276e-01	1.011e-01
chr11_228514_C_A_b38	3	5.42080e-04	1.276e-01	1.011e-01
chr11_223823_G_A_b38	3	4.47764e-04	-1.109e-01	1.690e-01
chr11_204986_C_A_b38	4	7.59782e-04	5.480e-02	1.409e-01
chr11_205757_AACTCTG_A_b38	4	5.85837e-04	-1.219e-02	1.554e-01
chr11_204062_T_C_b38	4	4.82683e-04	5.480e-02	1.409e-01
chr11_206421_T_G_b38	4	2.42756e-04	6.362e-02	9.063e-02
chr11_215364_A_G_b38	4	8.71609e-05	-2.654e-02	9.019e-02
chr11_231975_AC_A_b38	4	5.20201e-05	9.449e-02	9.929e-02
chr11_231959_ACGGC_A_b38	4	5.20201e-05	9.449e-02	9.929e-02
chr11_231966_GAA_G_b38	4	5.20201e-05	9.449e-02	9.929e-02
chr11_231971_T_TA_b38	4	5.20201e-05	9.449e-02	9.929e-02
chr11_231973_G_GTGCC_b38	4	5.12362e-05	9.078e-02	9.744e-02
chr11_221584_C_T_b38	4	4.16220e-05	6.633e-02	9.483e-02
chr11_226990_C_T_b38	4	4.16220e-05	6.633e-02	9.483e-02
chr11_226478_G_A_b38	4	3.86601e-05	5.454e-02	9.223e-02
chr11_245199_T_A_b38	4	1.60772e-05	0.000e+00	0.000e+00
chr11_242852_A_G_b38	4	1.60772e-05	0.000e+00	0.000e+00
chr11_247102_G_A_b38	4	1.60772e-05	0.000e+00	0.000e+00
chr11_247160_A_G_b38	4	1.60772e-05	0.000e+00	0.000e+00
chr11_241489_T_C_b38	4	1.55518e-05	0.000e+00	0.000e+00
chr11_234171_T_C_b38	4	1.51815e-05	0.000e+00	0.000e+00
