chr1_37862263_CAG_C_b38	1	2.26365e-01	3.777e-01	3.629e-02
chr1_37878930_G_A_b38	1	2.26365e-01	3.777e-01	3.629e-02
chr1_37887731_C_T_b38	1	2.26365e-01	3.777e-01	3.629e-02
chr1_37876744_C_T_b38	1	1.54354e-01	3.758e-01	3.632e-02
chr1_37818475_C_A_b38	1	2.83656e-02	3.781e-01	3.623e-02
chr1_37819884_G_A_b38	1	2.83656e-02	3.781e-01	3.623e-02
chr1_37835548_G_A_b38	1	2.83656e-02	3.781e-01	3.623e-02
chr1_37825665_C_T_b38	1	2.83656e-02	3.781e-01	3.623e-02
chr1_37824431_C_T_b38	1	2.83656e-02	3.781e-01	3.623e-02
chr1_37828954_C_T_b38	1	1.49562e-02	3.789e-01	3.649e-02
chr1_37803164_T_C_b38	1	4.23883e-03	3.748e-01	3.645e-02
chr1_37820221_G_T_b38	1	2.45485e-03	3.636e-01	3.574e-02
chr1_37853212_CT_C_b38	1	1.82777e-03	3.570e-01	3.660e-02
chr1_37943401_A_G_b38	2	5.96341e-01	-1.625e-01	2.971e-02
chr1_37945678_C_T_b38	2	1.49899e-01	-1.540e-01	3.050e-02
chr1_37943302_T_C_b38	2	5.93009e-02	-1.526e-01	3.088e-02
chr1_37950638_C_T_b38	2	5.73738e-02	-1.512e-01	3.056e-02
chr1_37943431_G_C_b38	2	5.59320e-02	-1.519e-01	3.084e-02
chr1_37952824_C_T_b38	2	2.71094e-02	-1.493e-01	3.057e-02
chr1_37953546_C_T_b38	2	1.86566e-02	-1.470e-01	3.069e-02
chr1_37921055_G_A_b38	2	1.79081e-02	-1.583e-01	3.023e-02
chr1_37934144_G_A_b38	2	1.37088e-02	-1.518e-01	3.085e-02
chr1_37946598_T_C_b38	3	1.38068e-02	5.471e-02	5.932e-02
chr1_37943231_C_T_b38	3	7.25955e-04	3.161e-02	5.814e-02
chr1_37939632_ACGGGGTTTCACCGTGTTAGCTAGGATGATCT_A_b38	3	3.55112e-04	3.144e-02	5.812e-02
chr1_37937306_G_A_b38	3	3.08285e-04	2.619e-02	5.219e-02
chr1_37941795_G_A_b38	3	2.90421e-04	1.227e-02	5.741e-02
chr1_37968414_A_G_b38	3	2.06467e-04	5.136e-02	5.856e-02
chr1_37925045_A_C_b38	3	1.60366e-04	3.687e-02	5.932e-02
chr1_37930154_T_A_b38	3	1.47464e-04	3.098e-02	5.787e-02
chr1_37930533_A_G_b38	3	1.47464e-04	3.098e-02	5.787e-02
chr1_37936261_A_C_b38	3	1.31239e-04	2.818e-02	5.164e-02
chr1_37970605_A_C_b38	3	1.22514e-04	1.928e-02	5.160e-02
chr1_37962894_C_T_b38	3	1.22514e-04	1.928e-02	5.160e-02
chr1_37957563_C_A_b38	3	1.22514e-04	1.928e-02	5.160e-02
chr1_37932153_GCAC_G_b38	3	1.19704e-04	2.251e-02	5.023e-02
chr1_37932165_T_TACA_b38	3	1.19704e-04	2.251e-02	5.023e-02
chr1_37932151_GC_G_b38	3	1.19704e-04	2.251e-02	5.023e-02
chr1_37932160_AGGGTT_A_b38	3	1.19704e-04	2.251e-02	5.023e-02
chr1_37992069_A_T_b38	3	7.51040e-05	6.364e-02	5.894e-02
chr1_37990356_TGAG_T_b38	3	5.39078e-05	5.870e-02	6.103e-02
chr1_37977547_C_T_b38	3	4.98347e-05	5.075e-02	5.857e-02
