chr4_99144442_T_C_b38	1	7.50499e-01	-7.486e-01	1.119e-01
chr4_99150530_T_C_b38	1	2.45176e-01	-7.087e-01	1.165e-01
chr4_99153387_C_G_b38	2	1.44439e-01	3.180e-01	7.259e-02
chr4_99152638_C_T_b38	2	8.72745e-02	3.180e-01	7.259e-02
chr4_99165174_C_G_b38	2	8.65687e-02	3.178e-01	7.314e-02
chr4_99163742_TGGC_T_b38	2	8.65687e-02	3.178e-01	7.314e-02
chr4_99169901_TTA_T_b38	2	4.25039e-02	3.178e-01	7.314e-02
chr4_99171225_G_A_b38	2	4.25039e-02	3.178e-01	7.314e-02
chr4_99171028_A_G_b38	2	4.25039e-02	3.178e-01	7.314e-02
chr4_99175739_G_A_b38	2	4.25039e-02	3.178e-01	7.314e-02
chr4_99178531_C_A_b38	2	4.25039e-02	3.178e-01	7.314e-02
chr4_99178785_G_C_b38	2	4.25039e-02	3.178e-01	7.314e-02
chr4_99139685_G_A_b38	2	4.00647e-02	3.162e-01	7.253e-02
chr4_99144475_A_T_b38	2	4.00647e-02	3.162e-01	7.253e-02
chr4_99203559_C_G_b38	2	2.07710e-02	-2.996e-01	6.852e-02
chr4_99184248_G_T_b38	2	1.44449e-02	3.179e-01	7.313e-02
chr4_99189735_C_T_b38	2	1.44449e-02	3.179e-01	7.313e-02
chr4_99188804_A_C_b38	2	1.44449e-02	3.179e-01	7.313e-02
chr4_99133637_AT_A_b38	2	1.43388e-02	2.860e-01	7.082e-02
chr4_99144358_T_G_b38	2	9.31851e-03	2.540e-01	6.920e-02
chr4_99198100_C_A_b38	2	8.54060e-03	3.076e-01	7.343e-02
chr4_99126778_G_A_b38	2	8.25915e-03	3.062e-01	7.256e-02
chr4_99121111_A_G_b38	2	7.89751e-03	2.958e-01	7.083e-02
chr4_99210006_G_C_b38	2	5.84486e-03	-2.996e-01	6.852e-02
chr4_99118245_A_T_b38	2	5.44060e-03	2.613e-01	6.797e-02
chr4_99167580_T_A_b38	2	3.99376e-03	2.697e-01	7.939e-02
chr4_99206154_G_T_b38	2	2.53089e-03	2.836e-01	7.199e-02
chr4_99212946_G_T_b38	2	1.79178e-03	-2.799e-01	6.730e-02
chr4_99114944_G_A_b38	2	1.72177e-03	2.448e-01	6.714e-02
chr4_99202619_C_A_b38	2	1.54398e-03	-2.459e-01	6.630e-02
chr4_99199076_T_C_b38	2	1.54398e-03	-2.459e-01	6.630e-02
chr4_99195945_C_T_b38	2	1.54398e-03	-2.459e-01	6.630e-02
chr4_99178356_T_C_b38	2	1.26930e-03	2.675e-01	7.878e-02
chr4_99117657_C_T_b38	2	1.24141e-03	2.777e-01	7.364e-02
chr4_99093654_A_G_b38	2	1.12778e-03	2.601e-01	6.719e-02
chr4_99157594_C_A_b38	3	9.18047e-03	6.466e-03	1.888e-01
chr4_99157733_A_C_b38	3	9.18047e-03	6.466e-03	1.888e-01
chr4_99155803_A_C_b38	3	4.89497e-04	3.691e-02	1.669e-01
chr4_99156630_A_G_b38	3	4.89497e-04	3.691e-02	1.669e-01
chr4_99155576_C_T_b38	3	4.89497e-04	3.691e-02	1.669e-01
chr4_99160026_AG_A_b38	3	4.80596e-04	3.691e-02	1.669e-01
chr4_99159220_G_A_b38	3	4.80596e-04	3.691e-02	1.669e-01
chr4_99159182_T_C_b38	3	4.80596e-04	3.691e-02	1.669e-01
chr4_99154885_C_T_b38	3	1.01883e-04	3.441e-02	1.668e-01
chr4_99161475_T_C_b38	3	9.56544e-05	5.977e-02	1.676e-01
chr4_99177922_A_G_b38	3	1.86845e-07	0.000e+00	0.000e+00
chr4_99173153_A_G_b38	3	1.86845e-07	0.000e+00	0.000e+00
chr4_99176016_A_G_b38	3	1.86845e-07	0.000e+00	0.000e+00
chr4_99169438_C_G_b38	3	1.86845e-07	0.000e+00	0.000e+00
chr4_99173120_A_G_b38	3	1.86845e-07	0.000e+00	0.000e+00
chr4_99174355_A_T_b38	3	1.86845e-07	0.000e+00	0.000e+00
chr4_99172565_G_A_b38	3	1.86845e-07	0.000e+00	0.000e+00
chr4_99181630_C_A_b38	3	1.86845e-07	0.000e+00	0.000e+00
chr4_99174700_T_C_b38	3	1.21521e-07	0.000e+00	0.000e+00
chr4_99184042_C_T_b38	3	6.38691e-08	0.000e+00	0.000e+00
chr4_99188674_T_C_b38	3	6.38691e-08	0.000e+00	0.000e+00
chr4_99195013_C_T_b38	3	6.38691e-08	0.000e+00	0.000e+00
chr4_99191292_G_A_b38	3	6.38691e-08	0.000e+00	0.000e+00
