chr19_19675290_A_G_b38	1	1.82959e-01	4.235e-01	9.502e-02
chr19_19682736_T_C_b38	1	1.82959e-01	4.235e-01	9.502e-02
chr19_19645264_AGCC_A_b38	1	1.53372e-01	4.679e-01	1.058e-01
chr19_19678719_A_G_b38	1	1.23374e-01	4.066e-01	9.361e-02
chr19_19591575_G_A_b38	1	2.82198e-02	4.789e-01	1.047e-01
chr19_19606247_A_G_b38	1	2.82198e-02	4.789e-01	1.047e-01
chr19_19588589_GA_G_b38	1	2.82198e-02	4.789e-01	1.047e-01
chr19_19308262_G_A_b38	1	7.71267e-03	5.240e-01	1.023e-01
chr19_19296909_T_C_b38	1	7.71267e-03	5.240e-01	1.023e-01
chr19_19616343_A_G_b38	1	7.04214e-03	3.422e-01	9.036e-02
chr19_19615213_G_A_b38	1	7.04214e-03	3.422e-01	9.036e-02
chr19_19605749_C_T_b38	1	3.32973e-03	3.538e-01	9.020e-02
chr19_19602260_A_T_b38	1	3.32973e-03	3.538e-01	9.020e-02
chr19_19635342_G_T_b38	1	2.90921e-03	2.876e-01	8.264e-02
chr19_19612406_C_T_b38	1	2.16086e-03	3.423e-01	9.035e-02
chr19_19609979_T_G_b38	1	2.16086e-03	3.423e-01	9.035e-02
chr19_19609590_C_T_b38	1	2.16086e-03	3.423e-01	9.035e-02
chr19_19663114_G_A_b38	2	3.44786e-03	-5.795e-02	6.041e-02
chr19_19665020_C_T_b38	2	2.41467e-03	-7.425e-02	5.812e-02
chr19_19666005_C_T_b38	2	1.91089e-03	-6.111e-02	5.511e-02
chr19_19661913_G_A_b38	2	1.61745e-03	-5.872e-02	5.659e-02
chr19_19664931_T_G_b38	2	1.45341e-03	-4.493e-02	5.557e-02
chr19_19666696_G_A_b38	2	1.39868e-03	-7.430e-02	5.815e-02
chr19_19659520_T_C_b38	2	1.33575e-03	-6.658e-02	6.174e-02
chr19_19666835_C_T_b38	2	1.10229e-03	-6.118e-02	5.574e-02
chr19_19667237_G_A_b38	2	1.01761e-03	-5.782e-02	6.048e-02
chr19_19685811_G_A_b38	2	8.75154e-04	-1.038e-01	6.017e-02
chr19_19658881_C_T_b38	2	8.32351e-04	-3.504e-02	5.546e-02
chr19_19667643_A_ATCT_b38	2	8.02481e-04	-4.275e-02	5.429e-02
chr19_19684647_TAACTC_T_b38	2	7.87242e-04	-9.072e-02	5.290e-02
chr19_19671108_A_G_b38	2	7.04685e-04	-5.782e-02	6.048e-02
chr19_19669336_C_T_b38	2	7.04685e-04	-5.782e-02	6.048e-02
chr19_19658348_C_A_b38	2	6.61955e-04	-6.425e-02	6.051e-02
chr19_19672611_T_C_b38	2	6.16754e-04	-4.927e-02	5.518e-02
chr19_19681241_A_G_b38	2	4.24445e-04	-7.426e-02	5.818e-02
chr19_19674082_G_A_b38	2	4.24445e-04	-7.426e-02	5.818e-02
chr19_19654759_C_T_b38	2	4.24318e-04	-3.469e-02	5.501e-02
chr19_19657665_T_G_b38	2	4.23664e-04	-3.392e-02	5.560e-02
chr19_19649116_C_A_b38	2	4.06309e-04	-7.079e-02	6.138e-02
chr19_19650107_G_A_b38	2	3.75978e-04	-6.650e-02	6.177e-02
chr19_19645137_G_A_b38	2	3.63347e-04	-6.425e-02	6.051e-02
chr19_19646873_C_T_b38	2	3.63347e-04	-6.425e-02	6.051e-02
chr19_19684521_C_T_b38	2	3.60739e-04	-6.480e-02	5.576e-02
chr19_19681441_C_A_b38	2	2.59050e-04	-4.567e-02	5.589e-02
chr19_19676958_G_A_b38	2	2.59050e-04	-4.567e-02	5.589e-02
chr19_19643340_G_C_b38	2	2.48451e-04	-3.731e-02	5.724e-02
chr19_19646453_C_G_b38	2	2.39893e-04	-3.616e-02	5.527e-02
chr19_19652826_C_T_b38	2	2.37244e-04	-3.393e-02	5.694e-02
chr19_19645853_T_C_b38	2	2.36651e-04	-3.482e-02	5.542e-02
chr19_19651118_A_AG_b38	2	2.36651e-04	-3.482e-02	5.542e-02
chr19_19648490_A_T_b38	2	2.36651e-04	-3.482e-02	5.542e-02
chr19_19689528_A_G_b38	2	2.23355e-04	-8.653e-02	5.655e-02
chr19_19690178_G_GT_b38	2	7.65943e-05	-3.826e-02	5.286e-02
chr19_19633270_T_C_b38	2	7.26063e-05	3.248e-02	5.840e-02
chr19_19623068_T_C_b38	2	7.16822e-05	3.129e-02	5.823e-02
chr19_19632921_T_G_b38	2	7.09713e-05	3.303e-02	5.916e-02
chr19_19614647_A_G_b38	2	6.63680e-05	6.465e-03	6.214e-02
chr19_19631942_G_C_b38	2	6.43014e-05	1.557e-02	6.004e-02
chr19_19629920_C_G_b38	2	6.19783e-05	-8.205e-04	5.929e-02
chr19_19614279_T_C_b38	2	6.19658e-05	-3.831e-03	5.898e-02
