chr11_126355981_C_G_b38	1	4.01418e-01	3.554e-01	9.721e-02
chr11_126351403_G_T_b38	1	5.81317e-02	3.666e-01	9.902e-02
chr11_126358764_T_G_b38	1	5.67016e-02	3.351e-01	9.025e-02
chr11_126359722_C_T_b38	1	4.89920e-02	3.156e-01	8.639e-02
chr11_126358105_C_T_b38	1	2.46037e-02	2.797e-01	8.728e-02
chr11_126356659_GGAGTGTAGGCA_G_b38	1	1.71817e-02	2.813e-01	9.171e-02
chr11_126357828_G_T_b38	1	1.70116e-02	2.696e-01	8.824e-02
chr11_126356880_G_C_b38	1	1.70116e-02	2.696e-01	8.824e-02
chr11_126348258_G_A_b38	1	9.28325e-03	3.015e-01	9.279e-02
chr11_126348878_C_G_b38	1	9.25891e-03	2.900e-01	8.949e-02
chr11_126348646_A_G_b38	1	9.25891e-03	2.900e-01	8.949e-02
chr11_126356069_T_C_b38	2	3.96286e-02	1.300e-01	6.814e-02
chr11_126372802_C_T_b38	2	1.22728e-03	1.336e-01	6.502e-02
chr11_126368111_A_C_b38	2	1.01410e-03	1.259e-01	6.452e-02
chr11_126365187_C_T_b38	2	8.59722e-04	8.049e-02	6.249e-02
chr11_126375550_G_C_b38	2	4.47895e-04	8.640e-02	6.054e-02
chr11_126391707_G_A_b38	2	3.07387e-04	-1.198e-01	6.565e-02
chr11_126331749_C_T_b38	3	4.03923e-03	2.446e-01	7.901e-02
chr11_126385774_G_A_b38	3	1.23671e-03	3.223e-01	1.045e-01
chr11_126172076_G_A_b38	3	2.74915e-05	2.486e-01	9.461e-02
