chr19_10656122_A_C_b38	1	7.10751e-02	-1.217e-01	3.518e-02
chr19_10654238_G_A_b38	1	6.01828e-02	-9.667e-02	3.469e-02
chr19_10654191_C_G_b38	1	6.01828e-02	-9.667e-02	3.469e-02
chr19_10659616_A_G_b38	1	2.92373e-02	-1.217e-01	3.518e-02
chr19_10659298_T_C_b38	1	2.92373e-02	-1.217e-01	3.518e-02
chr19_10644740_C_CCT_b38	1	2.69976e-02	-1.224e-01	3.510e-02
chr19_10653527_G_T_b38	1	2.28052e-02	-9.667e-02	3.469e-02
chr19_10663947_G_A_b38	1	2.12016e-02	-1.178e-01	3.516e-02
chr19_10655143_C_T_b38	1	2.04491e-02	-9.667e-02	3.469e-02
chr19_10645723_T_C_b38	1	1.79895e-02	-1.178e-01	3.516e-02
chr19_10644229_G_T_b38	1	1.68839e-02	-1.230e-01	3.489e-02
chr19_10670126_G_A_b38	1	1.59721e-02	-1.246e-01	3.533e-02
chr19_10677068_C_G_b38	1	1.59721e-02	-1.246e-01	3.533e-02
chr19_10657114_G_A_b38	1	1.49589e-02	-1.077e-01	3.478e-02
chr19_10637397_C_G_b38	1	1.25777e-02	-1.208e-01	3.523e-02
chr19_10678137_T_C_b38	1	1.15516e-02	-1.195e-01	3.497e-02
chr19_10676864_T_C_b38	1	1.14570e-02	-1.205e-01	3.530e-02
chr19_10667971_A_G_b38	1	1.14570e-02	-1.205e-01	3.530e-02
chr19_10639439_TG_T_b38	1	1.11570e-02	-1.189e-01	3.511e-02
chr19_10637445_C_T_b38	1	1.11570e-02	-1.189e-01	3.511e-02
chr19_10660701_G_C_b38	1	1.05079e-02	-1.077e-01	3.478e-02
chr19_10642292_A_G_b38	1	1.03192e-02	-1.181e-01	3.517e-02
chr19_10664334_G_A_b38	1	9.52351e-03	-1.178e-01	3.516e-02
chr19_10645392_C_CTG_b38	1	8.04571e-03	-1.074e-01	3.515e-02
chr19_10649331_G_A_b38	1	7.96840e-03	-9.506e-02	3.400e-02
chr19_10635088_T_C_b38	1	7.75745e-03	-1.139e-01	3.497e-02
chr19_10661436_T_C_b38	1	7.31285e-03	-1.044e-01	3.532e-02
chr19_10647643_C_T_b38	1	6.81143e-03	-1.026e-01	3.428e-02
chr19_10683073_A_G_b38	1	6.03423e-03	-1.246e-01	3.533e-02
chr19_10693713_T_C_b38	1	6.03423e-03	-1.246e-01	3.533e-02
chr19_10679486_T_C_b38	1	6.03423e-03	-1.246e-01	3.533e-02
chr19_10698094_C_T_b38	1	6.03423e-03	-1.246e-01	3.533e-02
chr19_10736622_G_T_b38	1	5.63299e-03	-1.389e-01	3.587e-02
chr19_10745597_T_C_b38	1	5.63299e-03	-1.389e-01	3.587e-02
chr19_10717143_T_C_b38	1	5.63299e-03	-1.389e-01	3.587e-02
chr19_10729752_T_C_b38	1	5.63299e-03	-1.389e-01	3.587e-02
chr19_10670113_A_G_b38	1	5.56949e-03	-1.103e-01	3.493e-02
chr19_10659629_C_T_b38	1	5.51968e-03	-9.830e-02	3.457e-02
chr19_10662009_G_C_b38	1	4.81981e-03	-9.667e-02	3.469e-02
chr19_10660107_A_G_b38	1	4.81981e-03	-9.667e-02	3.469e-02
chr19_10679467_G_C_b38	1	4.32840e-03	-1.205e-01	3.530e-02
chr19_10692719_A_G_b38	1	4.32840e-03	-1.205e-01	3.530e-02
chr19_10648766_G_A_b38	1	4.08959e-03	-9.667e-02	3.469e-02
chr19_10645756_G_A_b38	1	4.08959e-03	-9.667e-02	3.469e-02
chr19_10649305_G_C_b38	1	3.91551e-03	-8.443e-02	3.399e-02
chr19_10690509_G_A_b38	1	3.40007e-03	-1.173e-01	3.524e-02
chr19_10724729_C_T_b38	1	3.21434e-03	-1.254e-01	3.393e-02
chr19_10638144_T_C_b38	1	2.67652e-03	-9.917e-02	3.477e-02
chr19_10638560_T_C_b38	1	2.67652e-03	-9.917e-02	3.477e-02
chr19_10640062_T_G_b38	1	2.28682e-03	-9.668e-02	3.468e-02
chr19_10645555_TG_T_b38	1	2.05009e-03	-8.445e-02	3.399e-02
chr19_10647777_G_A_b38	1	2.05009e-03	-8.445e-02	3.399e-02
chr19_10716925_A_G_b38	1	2.01053e-03	-1.263e-01	3.559e-02
chr19_10750705_T_C_b38	1	2.01053e-03	-1.263e-01	3.559e-02
chr19_10730796_T_C_b38	1	2.01053e-03	-1.263e-01	3.559e-02
chr19_10643724_A_G_b38	1	1.76829e-03	-9.261e-02	3.458e-02
chr19_10694484_T_C_b38	1	1.70753e-03	-1.094e-01	3.553e-02
chr19_10634131_C_T_b38	1	1.38687e-03	-8.801e-02	3.423e-02
chr19_10668087_A_T_b38	1	1.08531e-03	-8.445e-02	3.399e-02
chr19_10667497_G_A_b38	1	1.08531e-03	-8.445e-02	3.399e-02
chr19_10630946_A_G_b38	1	8.64782e-04	-9.739e-02	4.192e-02
chr19_10655483_G_C_b38	2	3.38121e-03	5.668e-02	9.365e-02
chr19_10613999_C_A_b38	2	2.36377e-04	1.184e-01	1.014e-01
chr19_10577477_A_G_b38	2	3.11677e-05	3.847e-02	9.609e-02
