chr14_75066976_A_G_b38	1	4.43100e-02	-2.582e-01	7.046e-02
chr14_75061877_G_A_b38	1	4.16954e-02	2.532e-01	7.143e-02
chr14_75066238_T_C_b38	1	3.37507e-02	2.462e-01	7.262e-02
chr14_75058746_G_A_b38	1	3.08321e-02	2.591e-01	7.073e-02
chr14_75069666_G_A_b38	1	3.07317e-02	-2.582e-01	7.046e-02
chr14_75061002_G_C_b38	1	2.82428e-02	2.532e-01	7.143e-02
chr14_75056679_T_C_b38	1	2.57534e-02	-2.514e-01	6.979e-02
chr14_75060917_G_A_b38	1	2.39738e-02	-2.459e-01	7.050e-02
chr14_75071514_G_T_b38	1	2.13793e-02	2.532e-01	7.143e-02
chr14_75060806_G_A_b38	1	1.80659e-02	2.462e-01	7.262e-02
chr14_75062916_C_T_b38	1	1.78983e-02	-2.296e-01	7.074e-02
chr14_75038783_A_G_b38	1	1.45951e-02	-2.815e-01	7.065e-02
chr14_75078517_C_A_b38	1	1.38795e-02	-2.583e-01	7.045e-02
chr14_75076378_C_G_b38	1	1.38795e-02	-2.583e-01	7.045e-02
chr14_75074830_C_T_b38	1	1.38795e-02	-2.583e-01	7.045e-02
chr14_75059147_G_A_b38	1	1.37969e-02	2.463e-01	7.261e-02
chr14_75075251_C_A_b38	1	9.64372e-03	2.532e-01	7.142e-02
chr14_75076761_CTAAG_C_b38	1	9.64372e-03	2.532e-01	7.142e-02
chr14_75088933_A_T_b38	1	9.64372e-03	2.532e-01	7.142e-02
chr14_75082053_T_C_b38	1	9.64372e-03	2.532e-01	7.142e-02
chr14_75083881_G_T_b38	1	9.64372e-03	2.532e-01	7.142e-02
chr14_75088921_G_A_b38	1	9.64372e-03	2.532e-01	7.142e-02
chr14_75082667_T_C_b38	1	9.64372e-03	2.532e-01	7.142e-02
chr14_75044372_C_T_b38	1	9.13647e-03	2.532e-01	7.142e-02
chr14_75043883_A_G_b38	1	8.31250e-03	-2.485e-01	7.074e-02
chr14_75044077_G_A_b38	1	8.31250e-03	-2.485e-01	7.074e-02
chr14_75077767_T_A_b38	1	6.17094e-03	2.463e-01	7.261e-02
chr14_75080249_G_A_b38	1	6.17094e-03	2.463e-01	7.261e-02
chr14_75077486_G_A_b38	1	6.17094e-03	2.463e-01	7.261e-02
chr14_75079880_C_T_b38	1	6.17094e-03	2.463e-01	7.261e-02
chr14_75081040_T_C_b38	1	6.17094e-03	2.463e-01	7.261e-02
chr14_75079853_C_T_b38	1	6.17094e-03	2.463e-01	7.261e-02
chr14_75077276_T_C_b38	1	6.17094e-03	2.463e-01	7.261e-02
chr14_75087658_G_C_b38	1	6.17094e-03	2.463e-01	7.261e-02
chr14_75077398_C_T_b38	1	6.17094e-03	2.463e-01	7.261e-02
chr14_75040382_G_A_b38	1	5.84635e-03	2.463e-01	7.261e-02
chr14_75053362_T_C_b38	1	5.84635e-03	2.463e-01	7.261e-02
chr14_75040822_C_T_b38	1	5.84635e-03	2.463e-01	7.261e-02
chr14_75045806_C_T_b38	1	5.84635e-03	2.463e-01	7.261e-02
chr14_75045909_G_A_b38	1	5.84635e-03	2.463e-01	7.261e-02
chr14_75044033_G_A_b38	1	5.57044e-03	2.452e-01	7.266e-02
chr14_75040172_G_A_b38	1	5.44410e-03	-2.486e-01	7.394e-02
chr14_75089723_G_A_b38	1	4.78804e-03	-2.583e-01	7.045e-02
chr14_75095168_A_C_b38	1	4.78804e-03	-2.583e-01	7.045e-02
chr14_75102387_G_A_b38	1	4.78804e-03	-2.583e-01	7.045e-02
chr14_75105716_G_T_b38	1	4.78804e-03	-2.583e-01	7.045e-02
chr14_75104323_G_A_b38	1	4.78804e-03	-2.583e-01	7.045e-02
chr14_75058136_G_A_b38	1	4.37926e-03	-2.126e-01	7.178e-02
chr14_75070678_C_T_b38	1	3.99852e-03	2.187e-01	7.471e-02
chr14_75069224_G_A_b38	1	3.70978e-03	-2.131e-01	7.356e-02
chr14_75101435_A_G_b38	1	3.33170e-03	2.533e-01	7.142e-02
chr14_75102880_C_A_b38	1	3.33170e-03	2.533e-01	7.142e-02
chr14_75107384_C_T_b38	1	3.33170e-03	2.533e-01	7.142e-02
chr14_75096197_C_T_b38	1	3.33170e-03	2.533e-01	7.142e-02
chr14_75100475_C_T_b38	1	3.33170e-03	2.533e-01	7.142e-02
chr14_75093260_T_C_b38	1	3.13915e-03	2.519e-01	7.144e-02
chr14_75038305_G_C_b38	1	2.36194e-03	2.465e-01	7.259e-02
chr14_75016125_G_T_b38	1	2.18199e-03	-2.484e-01	7.391e-02
chr14_75016124_C_A_b38	1	2.18199e-03	-2.484e-01	7.391e-02
chr14_75014665_C_T_b38	1	2.18199e-03	-2.484e-01	7.391e-02
chr14_75015205_A_G_b38	1	2.18199e-03	-2.484e-01	7.391e-02
chr14_75097956_G_T_b38	1	2.11601e-03	2.465e-01	7.259e-02
chr14_75112713_C_T_b38	1	2.11601e-03	2.465e-01	7.259e-02
chr14_75094449_C_T_b38	1	2.11601e-03	2.465e-01	7.259e-02
chr14_75112940_A_G_b38	1	2.11601e-03	2.465e-01	7.259e-02
chr14_75089722_C_T_b38	1	2.11601e-03	2.465e-01	7.259e-02
chr14_75103590_C_T_b38	1	2.11601e-03	2.465e-01	7.259e-02
chr14_75099506_G_A_b38	1	2.11601e-03	2.465e-01	7.259e-02
chr14_75148543_C_G_b38	1	1.72402e-03	-2.636e-01	7.166e-02
chr14_75157647_C_T_b38	1	1.68462e-03	-2.584e-01	7.042e-02
chr14_75149845_CTGT_C_b38	1	1.68462e-03	-2.584e-01	7.042e-02
chr14_75160616_T_A_b38	1	1.68462e-03	-2.584e-01	7.042e-02
chr14_75132452_G_A_b38	1	1.68462e-03	-2.584e-01	7.042e-02
chr14_75122581_T_C_b38	1	1.68462e-03	-2.584e-01	7.042e-02
chr14_75115363_C_T_b38	1	1.68462e-03	-2.584e-01	7.042e-02
chr14_75124143_A_T_b38	1	1.68462e-03	-2.584e-01	7.042e-02
chr14_75136861_T_C_b38	1	1.68462e-03	-2.584e-01	7.042e-02
chr14_75149840_C_G_b38	1	1.68462e-03	-2.584e-01	7.042e-02
chr14_75123026_C_T_b38	1	1.68462e-03	-2.584e-01	7.042e-02
chr14_75141980_C_G_b38	1	1.68462e-03	-2.584e-01	7.042e-02
chr14_75157431_C_T_b38	1	1.68462e-03	-2.584e-01	7.042e-02
chr14_75135260_C_T_b38	1	1.68462e-03	-2.584e-01	7.042e-02
chr14_75149842_T_G_b38	1	1.68462e-03	-2.584e-01	7.042e-02
chr14_75159428_T_C_b38	1	1.68462e-03	-2.584e-01	7.042e-02
chr14_75124368_G_A_b38	1	1.68462e-03	-2.584e-01	7.042e-02
chr14_75149837_GCT_G_b38	1	1.68462e-03	-2.584e-01	7.042e-02
chr14_75149849_A_C_b38	1	1.68462e-03	-2.584e-01	7.042e-02
chr14_75078982_G_A_b38	1	1.67355e-03	-2.131e-01	7.356e-02
chr14_75052472_C_T_b38	1	1.58553e-03	-2.131e-01	7.356e-02
chr14_75204956_G_A_b38	1	1.30307e-03	-3.027e-01	7.238e-02
chr14_75026029_T_C_b38	1	1.25179e-03	2.367e-01	7.505e-02
chr14_75025993_G_A_b38	1	1.25179e-03	2.367e-01	7.505e-02
chr14_75028779_T_C_b38	1	1.25179e-03	2.367e-01	7.505e-02
chr14_75136131_A_T_b38	1	1.20457e-03	2.541e-01	7.139e-02
chr14_75039527_A_T_b38	1	1.19820e-03	2.094e-01	7.523e-02
chr14_75122492_G_C_b38	1	1.17192e-03	2.534e-01	7.140e-02
chr14_75127199_C_T_b38	1	1.17192e-03	2.534e-01	7.140e-02
chr14_75159339_A_C_b38	1	1.17192e-03	2.534e-01	7.140e-02
chr14_75160998_T_C_b38	1	1.17192e-03	-2.534e-01	7.140e-02
chr14_75135159_A_G_b38	1	1.17192e-03	2.534e-01	7.140e-02
chr14_75118164_C_T_b38	1	1.17192e-03	2.534e-01	7.140e-02
chr14_75162252_A_G_b38	1	1.17192e-03	-2.534e-01	7.140e-02
chr14_75133994_C_T_b38	1	1.17192e-03	2.534e-01	7.140e-02
chr14_75152415_T_G_b38	1	1.17192e-03	2.534e-01	7.140e-02
chr14_75157760_C_T_b38	1	1.17192e-03	2.534e-01	7.140e-02
chr14_75119585_C_A_b38	1	1.17192e-03	2.534e-01	7.140e-02
chr14_75143467_G_C_b38	1	1.17192e-03	2.534e-01	7.140e-02
chr14_75148524_T_C_b38	1	1.17192e-03	2.534e-01	7.140e-02
chr14_75127136_T_C_b38	1	1.17192e-03	2.534e-01	7.140e-02
chr14_75128243_G_C_b38	1	1.17192e-03	2.534e-01	7.140e-02
chr14_75122121_A_G_b38	1	1.17192e-03	2.534e-01	7.140e-02
chr14_75142565_A_T_b38	1	1.17192e-03	2.534e-01	7.140e-02
chr14_75163675_G_A_b38	1	1.17192e-03	-2.534e-01	7.140e-02
chr14_75145380_C_A_b38	1	1.17192e-03	2.534e-01	7.140e-02
chr14_75156784_T_C_b38	1	1.17192e-03	2.534e-01	7.140e-02
chr14_75031474_A_G_b38	1	1.15442e-03	-2.283e-01	7.310e-02
chr14_75036124_T_C_b38	1	1.15442e-03	-2.283e-01	7.310e-02
chr14_75037751_G_A_b38	1	1.15442e-03	-2.283e-01	7.310e-02
chr14_75027345_C_T_b38	1	1.11387e-03	-2.310e-01	7.423e-02
chr14_75015740_AG_A_b38	1	1.11387e-03	-2.310e-01	7.423e-02
chr14_75028280_T_C_b38	1	1.11387e-03	-2.310e-01	7.423e-02
chr14_75023964_T_C_b38	1	1.11387e-03	-2.310e-01	7.423e-02
chr14_75022243_T_G_b38	1	1.11387e-03	-2.310e-01	7.423e-02
chr14_75189542_C_T_b38	1	1.02272e-03	-2.925e-01	7.107e-02
chr14_75047125_G_A_b38	1	9.02198e-04	-1.954e-01	7.366e-02
chr14_75204004_G_C_b38	1	7.75817e-04	-2.898e-01	7.184e-02
chr14_75124119_G_A_b38	1	7.43253e-04	2.467e-01	7.255e-02
chr14_75128451_G_A_b38	1	7.43253e-04	2.467e-01	7.255e-02
chr14_75135034_A_G_b38	1	7.43253e-04	2.467e-01	7.255e-02
chr14_75157285_T_C_b38	1	7.43253e-04	2.467e-01	7.255e-02
chr14_75139089_A_G_b38	1	7.43253e-04	2.467e-01	7.255e-02
chr14_75116565_T_C_b38	1	7.43253e-04	2.467e-01	7.255e-02
chr14_75132944_A_G_b38	1	7.43253e-04	2.467e-01	7.255e-02
chr14_75125780_G_C_b38	1	7.43253e-04	2.467e-01	7.255e-02
chr14_75142025_G_A_b38	1	7.43253e-04	2.467e-01	7.255e-02
chr14_75137246_G_A_b38	1	7.43253e-04	2.467e-01	7.255e-02
chr14_75005406_G_A_b38	1	7.29751e-04	-2.482e-01	7.388e-02
chr14_74997145_C_T_b38	1	7.29751e-04	-2.482e-01	7.388e-02
chr14_75005100_G_A_b38	1	7.29751e-04	-2.482e-01	7.388e-02
chr14_75190648_A_G_b38	1	6.90281e-04	-2.842e-01	7.110e-02
chr14_74979468_A_C_b38	1	6.83622e-04	-2.440e-01	7.320e-02
chr14_74989107_A_C_b38	1	5.88014e-04	-2.438e-01	7.429e-02
chr14_75096766_C_T_b38	1	5.59480e-04	-2.120e-01	7.340e-02
chr14_75089668_T_C_b38	1	5.59480e-04	-2.120e-01	7.340e-02
chr14_75099707_G_A_b38	1	5.59480e-04	-2.120e-01	7.340e-02
chr14_75100212_C_T_b38	1	5.59480e-04	-2.120e-01	7.340e-02
chr14_75203238_G_A_b38	1	4.46018e-04	-2.804e-01	7.225e-02
chr14_75063363_C_T_b38	2	2.41240e-02	-4.984e-01	2.330e-01
chr14_75065719_TC_T_b38	2	1.05641e-02	-4.990e-01	2.330e-01
chr14_75068450_G_A_b38	2	4.05827e-03	-4.293e-01	2.268e-01
chr14_75073731_C_G_b38	2	3.97569e-03	-5.024e-01	2.332e-01
chr14_75080106_C_T_b38	2	1.64517e-03	-4.981e-01	2.306e-01
chr14_75075479_G_T_b38	2	4.66161e-04	2.539e-01	1.921e-01
chr14_75037451_T_TC_b38	2	4.23256e-04	-4.974e-01	2.272e-01
chr14_75040954_C_A_b38	2	4.07202e-04	-2.375e-01	1.930e-01
chr14_75098023_G_A_b38	2	3.72544e-04	-4.967e-01	2.263e-01
chr14_75099760_C_T_b38	2	2.43302e-04	-4.209e-01	2.184e-01
chr14_75115084_T_C_b38	2	1.21221e-04	-5.592e-01	2.224e-01
chr14_75051341_C_A_b38	3	8.47812e-04	6.472e-01	2.353e-01
chr14_74991874_C_T_b38	3	4.39863e-05	4.797e-01	2.191e-01
