chr14_100376441_T_C_b38	1	8.22375e-01	4.612e-01	3.230e-02
chr14_100378031_C_T_b38	1	6.42225e-02	4.524e-01	3.204e-02
chr14_100377551_C_A_b38	1	5.48917e-02	4.522e-01	3.204e-02
chr14_100377141_G_A_b38	1	2.91423e-02	4.494e-01	3.195e-02
chr14_100377178_C_G_b38	1	2.91423e-02	4.494e-01	3.195e-02
chr14_100381370_A_G_b38	2	6.64229e-01	1.887e-01	3.594e-02
chr14_100381593_A_G_b38	2	2.05246e-01	1.879e-01	3.608e-02
chr14_100380654_T_C_b38	2	6.75380e-02	1.873e-01	3.870e-02
chr14_100376562_G_A_b38	2	3.00358e-02	-1.832e-01	3.609e-02
chr14_100328067_C_T_b38	2	1.90504e-02	-2.012e-01	3.561e-02
chr14_100363511_C_T_b38	2	7.10924e-03	-1.800e-01	3.582e-02
chr14_100329293_C_T_b38	2	6.23233e-03	-1.944e-01	3.569e-02
chr14_100381280_C_T_b38	3	2.80106e-02	1.705e-01	1.032e-01
chr14_100381100_A_G_b38	3	2.80106e-02	1.705e-01	1.032e-01
chr14_100344913_C_T_b38	3	7.23941e-03	2.845e-01	7.166e-02
chr14_100356165_T_C_b38	3	3.80004e-03	2.414e-01	7.806e-02
chr14_100368205_T_C_b38	3	3.53505e-03	2.395e-01	7.865e-02
chr14_100357607_G_A_b38	3	3.53505e-03	2.395e-01	7.865e-02
chr14_100370439_C_T_b38	3	3.27549e-03	2.370e-01	8.019e-02
chr14_100344851_C_T_b38	3	1.30735e-03	2.597e-01	6.195e-02
chr14_100357571_C_T_b38	3	1.30555e-03	2.079e-01	9.080e-02
chr14_100340282_G_A_b38	3	1.21593e-03	2.557e-01	6.125e-02
chr14_100350627_G_C_b38	3	1.21593e-03	2.557e-01	6.125e-02
chr14_100348810_C_T_b38	3	1.21593e-03	2.557e-01	6.125e-02
chr14_100351120_A_T_b38	3	1.21593e-03	2.557e-01	6.125e-02
chr14_100350688_T_C_b38	3	1.21593e-03	2.557e-01	6.125e-02
chr14_100340755_C_T_b38	3	1.21593e-03	2.557e-01	6.125e-02
chr14_100379128_C_T_b38	3	1.04335e-03	4.605e-03	6.933e-02
chr14_100376428_T_C_b38	3	8.71463e-04	-5.862e-02	7.314e-02
chr14_100345834_C_T_b38	3	8.42728e-04	2.505e-01	6.149e-02
chr14_100377933_G_A_b38	3	7.14535e-04	4.037e-02	7.157e-02
chr14_100377931_G_A_b38	3	7.14535e-04	4.037e-02	7.157e-02
chr14_100369598_T_C_b38	3	4.78693e-04	1.209e-01	7.641e-02
chr14_100375558_G_T_b38	3	3.45411e-04	-1.284e-02	7.761e-02
chr14_100374757_A_C_b38	3	3.45411e-04	-1.284e-02	7.761e-02
chr14_100375398_G_A_b38	3	3.45411e-04	-1.284e-02	7.761e-02
chr14_100374066_T_A_b38	3	3.30311e-04	-5.165e-03	7.489e-02
chr14_100365452_C_T_b38	3	1.69596e-04	-5.429e-03	7.490e-02
chr14_100362346_T_C_b38	3	1.69520e-04	-5.165e-03	7.489e-02
chr14_100355964_G_A_b38	3	1.69520e-04	-5.165e-03	7.489e-02
chr14_100367416_C_T_b38	3	1.69488e-04	-5.139e-03	7.488e-02
chr14_100335164_G_C_b38	3	2.41534e-70	0.000e+00	0.000e+00
chr14_100343564_C_T_b38	3	1.18508e-70	0.000e+00	0.000e+00
chr14_100345757_T_C_b38	3	1.18162e-70	0.000e+00	0.000e+00
chr14_100349575_C_T_b38	3	1.18162e-70	0.000e+00	0.000e+00
chr14_100353398_G_A_b38	3	1.18162e-70	0.000e+00	0.000e+00
chr14_100341831_C_T_b38	3	1.18162e-70	0.000e+00	0.000e+00
chr14_100351422_C_T_b38	3	1.16833e-70	0.000e+00	0.000e+00
chr14_100348421_C_T_b38	3	1.13499e-70	0.000e+00	0.000e+00
chr14_100345081_C_T_b38	3	5.14596e-71	0.000e+00	0.000e+00
chr14_100385028_T_G_b38	4	6.08339e-04	1.730e-01	7.858e-02
chr14_100387962_C_T_b38	4	3.59535e-04	1.730e-01	7.858e-02
chr14_100429878_G_T_b38	4	2.26149e-04	1.894e-01	6.365e-02
chr14_100399439_C_T_b38	4	1.53895e-04	1.653e-01	7.651e-02
chr14_100401753_A_G_b38	4	1.36380e-04	1.647e-01	7.650e-02
chr14_100396981_C_T_b38	4	1.36380e-04	1.647e-01	7.650e-02
chr14_100428188_C_A_b38	4	1.28470e-04	1.950e-01	6.933e-02
chr14_100428921_C_T_b38	4	7.94087e-05	1.840e-01	6.969e-02
chr14_100428052_C_T_b38	4	7.23489e-05	1.811e-01	6.969e-02
chr14_100390718_A_G_b38	4	6.74710e-05	9.587e-02	5.321e-02
chr14_100461248_C_G_b38	4	6.16798e-05	1.852e-01	6.120e-02
chr14_100452019_T_C_b38	4	6.16798e-05	1.852e-01	6.120e-02
chr14_100427298_A_G_b38	4	4.79994e-05	1.569e-01	6.435e-02
chr14_100389641_G_A_b38	4	4.21202e-05	8.151e-02	6.574e-02
chr14_100455690_G_A_b38	4	3.74092e-05	1.856e-01	6.621e-02
chr14_100396560_T_G_b38	4	3.11029e-05	9.618e-02	5.332e-02
chr14_100417101_A_G_b38	4	3.09743e-05	1.646e-01	7.650e-02
chr14_100392317_T_C_b38	4	2.81693e-05	9.331e-02	5.378e-02
chr14_100391186_A_G_b38	4	2.80120e-05	9.358e-02	5.397e-02
chr14_100462639_G_A_b38	4	2.55360e-05	1.847e-01	7.043e-02
chr14_100447745_C_T_b38	4	2.38085e-05	1.811e-01	6.969e-02
chr14_100396077_T_C_b38	4	2.21752e-05	9.206e-02	6.360e-02
chr14_100395830_A_C_b38	4	2.21752e-05	9.206e-02	6.360e-02
chr14_100462599_G_A_b38	4	1.92073e-05	0.000e+00	0.000e+00
chr14_100448474_G_T_b38	4	1.87938e-05	0.000e+00	0.000e+00
chr14_100435627_C_T_b38	4	1.87938e-05	0.000e+00	0.000e+00
chr14_100422550_T_C_b38	4	1.83790e-05	0.000e+00	0.000e+00
chr14_100421356_C_T_b38	4	1.81015e-05	0.000e+00	0.000e+00
chr14_100427051_A_G_b38	4	5.24097e-70	0.000e+00	0.000e+00
chr14_100393447_G_A_b38	4	3.88995e-70	0.000e+00	0.000e+00
chr14_100433280_A_G_b38	4	1.16534e-70	0.000e+00	0.000e+00
chr14_100459841_C_T_b38	4	7.36505e-71	0.000e+00	0.000e+00
