chr17_8222223_A_G_b38	1	4.37997e-01	1.912e-01	3.872e-02
chr17_8270449_C_T_b38	1	9.79164e-02	1.916e-01	3.738e-02
chr17_8257831_C_T_b38	1	9.65660e-02	1.977e-01	3.843e-02
chr17_8246469_C_T_b38	1	8.64061e-02	1.929e-01	3.906e-02
chr17_8225842_A_G_b38	1	8.60431e-02	1.819e-01	4.039e-02
chr17_8291000_G_A_b38	1	5.33906e-02	1.991e-01	3.819e-02
chr17_8257284_T_C_b38	1	4.88501e-02	1.930e-01	3.859e-02
chr17_8282584_C_T_b38	1	1.82737e-02	1.886e-01	3.757e-02
chr17_8275010_C_G_b38	1	1.41586e-02	1.862e-01	3.752e-02
chr17_8241236_C_T_b38	1	1.21393e-02	1.812e-01	4.044e-02
chr17_8276405_AAAC_A_b38	1	6.74055e-03	1.822e-01	3.761e-02
chr17_8286314_A_G_b38	1	5.80929e-03	-1.812e-01	3.770e-02
chr17_8204661_G_T_b38	1	8.36737e-05	1.232e-01	3.827e-02
chr17_8215427_T_C_b38	1	6.56187e-05	1.120e-01	3.837e-02
chr17_8226730_C_T_b38	2	6.24405e-01	5.399e-01	1.085e-01
chr17_8213638_T_G_b38	2	1.93767e-01	5.401e-01	1.085e-01
chr17_8245832_T_C_b38	2	1.38263e-01	5.453e-01	1.103e-01
chr17_8226706_C_T_b38	3	6.86286e-03	1.542e-01	6.801e-02
chr17_8181459_G_A_b38	3	2.91749e-04	1.323e-01	6.774e-02
