chr4_99088893_C_G_b38	1	4.41278e-01	1.038e+00	1.091e-01
chr4_99090957_G_A_b38	1	8.10529e-02	1.038e+00	1.091e-01
chr4_99090099_A_G_b38	1	8.10529e-02	1.038e+00	1.091e-01
chr4_99080890_C_T_b38	1	2.96198e-02	1.039e+00	1.091e-01
chr4_99083469_G_A_b38	1	2.96198e-02	1.039e+00	1.091e-01
chr4_99079107_T_C_b38	1	2.96198e-02	1.039e+00	1.091e-01
chr4_99096865_G_A_b38	1	2.92529e-02	1.039e+00	1.091e-01
chr4_99094291_A_T_b38	1	2.92529e-02	1.039e+00	1.091e-01
chr4_99096064_T_C_b38	1	2.92529e-02	1.039e+00	1.091e-01
chr4_99096383_G_T_b38	1	2.92529e-02	1.039e+00	1.091e-01
chr4_99095412_A_G_b38	1	2.92529e-02	1.039e+00	1.091e-01
chr4_99097996_G_A_b38	1	2.92529e-02	1.039e+00	1.091e-01
chr4_99111033_A_G_b38	1	1.46272e-02	1.039e+00	1.091e-01
chr4_99110760_C_T_b38	1	1.46272e-02	1.039e+00	1.091e-01
chr4_99099196_G_A_b38	1	1.46272e-02	1.039e+00	1.091e-01
chr4_99109403_C_T_b38	1	1.46272e-02	1.039e+00	1.091e-01
chr4_99105093_C_T_b38	1	1.46272e-02	1.039e+00	1.091e-01
chr4_99072327_C_A_b38	1	9.56429e-03	1.042e+00	1.093e-01
chr4_99065472_G_A_b38	1	9.56429e-03	1.042e+00	1.093e-01
chr4_99066341_A_G_b38	1	9.56429e-03	1.042e+00	1.093e-01
chr4_99075135_A_C_b38	1	9.56429e-03	1.042e+00	1.093e-01
chr4_99065847_CAT_C_b38	1	9.56429e-03	1.042e+00	1.093e-01
chr4_99119607_C_T_b38	1	1.87403e-03	1.030e+00	1.083e-01
chr4_99117622_C_T_b38	1	1.87403e-03	1.030e+00	1.083e-01
chr4_99118309_G_T_b38	1	1.87403e-03	1.030e+00	1.083e-01
chr4_99120637_C_G_b38	1	1.87403e-03	1.030e+00	1.083e-01
chr4_99063947_C_G_b38	1	1.38704e-03	1.019e+00	1.092e-01
chr4_99093654_A_G_b38	2	3.66039e-01	2.952e-01	5.025e-02
chr4_99067057_A_G_b38	2	2.45570e-01	3.095e-01	4.881e-02
chr4_99089437_CTCTT_C_b38	2	1.43833e-01	2.925e-01	5.036e-02
chr4_99099836_C_T_b38	2	9.94241e-02	2.944e-01	4.924e-02
chr4_99102772_G_C_b38	2	9.93801e-02	2.943e-01	4.919e-02
chr4_99114944_G_A_b38	2	2.16659e-02	2.944e-01	4.933e-02
chr4_99118245_A_T_b38	2	2.16659e-02	2.944e-01	4.933e-02
chr4_99089122_C_G_b38	3	1.25985e-01	2.979e-01	1.218e-01
chr4_99088976_C_T_b38	4	4.71464e-03	-1.732e-01	7.014e-02
chr4_99088445_C_G_b38	4	4.71464e-03	-1.732e-01	7.014e-02
chr4_99088977_C_T_b38	4	4.71464e-03	-1.732e-01	7.014e-02
chr4_99087853_A_T_b38	4	4.25733e-04	-1.732e-01	6.919e-02
chr4_99093398_A_G_b38	4	2.96011e-04	-1.732e-01	6.919e-02
chr4_99093397_G_A_b38	4	2.96011e-04	-1.732e-01	6.919e-02
chr4_99092867_T_C_b38	4	2.52019e-04	-1.722e-01	6.916e-02
chr4_99098633_G_C_b38	4	8.79794e-05	-1.788e-01	6.913e-02
chr4_99094225_AT_A_b38	4	8.79794e-05	-1.788e-01	6.913e-02
chr4_99098284_C_T_b38	4	8.79794e-05	-1.788e-01	6.913e-02
chr4_99095747_G_T_b38	4	8.79794e-05	-1.788e-01	6.913e-02
chr4_99065165_G_C_b38	4	5.37240e-05	-1.903e-01	6.936e-02
chr4_99106386_A_C_b38	4	4.39920e-05	-1.788e-01	6.913e-02
chr4_99103732_A_G_b38	4	4.39920e-05	-1.788e-01	6.913e-02
chr4_99109745_C_T_b38	4	4.39920e-05	-1.788e-01	6.913e-02
chr4_99103577_C_G_b38	4	4.39920e-05	-1.788e-01	6.913e-02
chr4_99073304_G_A_b38	4	4.20985e-17	0.000e+00	0.000e+00
chr4_99077882_T_C_b38	4	4.20985e-17	0.000e+00	0.000e+00
chr4_99117657_C_T_b38	4	1.74192e-17	0.000e+00	0.000e+00
chr4_99121111_A_G_b38	4	1.49906e-17	0.000e+00	0.000e+00
chr4_99133637_AT_A_b38	4	1.49906e-17	0.000e+00	0.000e+00
chr4_99126778_G_A_b38	4	1.24351e-17	0.000e+00	0.000e+00
chr4_99145181_T_C_b38	4	1.65501e-18	0.000e+00	0.000e+00
chr4_99178356_T_C_b38	4	1.61688e-18	0.000e+00	0.000e+00
chr4_99167580_T_A_b38	4	1.61688e-18	0.000e+00	0.000e+00
chr4_99144583_G_C_b38	4	1.58335e-18	0.000e+00	0.000e+00
