chr17_44708845_G_C_b38	1	8.24594e-01	-9.608e-01	5.053e-02
chr17_44700031_T_C_b38	1	5.91101e-02	-9.613e-01	5.042e-02
chr17_44715581_G_A_b38	1	5.60870e-02	-9.613e-01	5.042e-02
chr17_44722397_C_T_b38	1	2.90330e-02	-9.619e-01	5.033e-02
chr17_44735409_A_G_b38	1	8.34601e-03	-9.628e-01	5.016e-02
chr17_44752259_C_G_b38	1	7.56963e-03	-9.378e-01	4.901e-02
chr17_44756757_G_A_b38	1	7.56963e-03	-9.378e-01	4.901e-02
chr17_44757761_T_C_b38	1	7.56963e-03	-9.378e-01	4.901e-02
chr17_44708802_G_A_b38	2	9.48230e-01	-7.795e-01	8.543e-02
chr17_44732638_C_T_b38	2	2.90330e-02	-7.814e-01	8.427e-02
chr17_44711222_G_A_b38	2	1.42699e-02	-5.802e-01	6.617e-02
chr17_44734294_C_G_b38	2	8.34601e-03	-7.829e-01	8.374e-02
chr17_44709262_G_C_b38	3	3.03649e-02	2.044e-01	7.221e-02
chr17_44712153_A_G_b38	3	1.38968e-02	2.141e-01	7.397e-02
chr17_44713088_G_A_b38	3	1.19669e-02	2.045e-01	7.221e-02
chr17_44716599_T_G_b38	3	7.99993e-03	2.042e-01	7.216e-02
chr17_44713627_C_T_b38	3	7.99993e-03	2.042e-01	7.216e-02
chr17_44723345_T_C_b38	3	3.99858e-03	2.042e-01	7.217e-02
chr17_44721905_C_T_b38	3	3.99858e-03	2.042e-01	7.217e-02
chr17_44720380_G_A_b38	3	3.99858e-03	2.042e-01	7.217e-02
chr17_44733089_T_C_b38	3	3.99858e-03	-2.042e-01	7.217e-02
chr17_44723784_A_G_b38	3	3.99858e-03	2.042e-01	7.217e-02
chr17_44697290_C_G_b38	3	3.71103e-03	2.042e-01	7.217e-02
chr17_44696644_C_T_b38	3	3.71103e-03	2.042e-01	7.217e-02
chr17_44790589_C_T_b38	3	2.24545e-03	-1.987e-01	5.253e-02
chr17_44692560_G_A_b38	3	1.85012e-03	1.842e-01	7.324e-02
chr17_44743640_C_T_b38	3	1.07701e-03	-1.824e-01	6.401e-02
chr17_44758548_T_C_b38	3	1.07701e-03	-1.824e-01	6.401e-02
chr17_44754386_G_A_b38	3	1.07701e-03	-1.824e-01	6.401e-02
chr17_44747280_T_C_b38	3	1.07701e-03	-1.824e-01	6.401e-02
chr17_44758127_A_G_b38	3	1.07701e-03	-1.824e-01	6.401e-02
chr17_44741051_T_C_b38	3	1.04144e-03	-2.042e-01	7.216e-02
chr17_44753059_A_G_b38	3	1.04144e-03	-2.042e-01	7.216e-02
chr17_44679170_T_A_b38	3	7.39581e-04	1.842e-01	7.324e-02
chr17_44676505_A_G_b38	3	7.39581e-04	1.842e-01	7.324e-02
chr17_44673150_C_A_b38	3	7.39581e-04	1.842e-01	7.324e-02
chr17_44668776_C_T_b38	3	7.39581e-04	1.842e-01	7.324e-02
chr17_44673697_A_G_b38	3	7.39581e-04	1.842e-01	7.324e-02
chr17_44769261_G_A_b38	3	7.28705e-04	-1.984e-01	6.220e-02
chr17_44769626_T_C_b38	3	7.28705e-04	-1.984e-01	6.220e-02
chr17_44784849_C_CT_b38	3	4.03359e-04	-1.817e-01	6.265e-02
chr17_44775242_T_C_b38	3	4.03359e-04	-1.817e-01	6.265e-02
chr17_44762183_C_A_b38	3	3.98917e-04	-1.826e-01	6.400e-02
chr17_44760112_C_T_b38	3	3.98917e-04	-1.826e-01	6.400e-02
chr17_44790075_A_C_b38	3	3.58473e-04	-1.747e-01	6.162e-02
chr17_44796850_G_T_b38	3	2.71593e-04	-1.643e-01	6.153e-02
chr17_44793559_T_C_b38	3	2.68615e-04	-1.638e-01	6.155e-02
chr17_44795211_C_A_b38	3	2.68615e-04	-1.638e-01	6.155e-02
chr17_44796424_T_C_b38	3	2.68615e-04	-1.638e-01	6.155e-02
chr17_44798972_G_C_b38	3	2.68615e-04	-1.638e-01	6.155e-02
chr17_44799497_T_C_b38	3	2.68615e-04	-1.638e-01	6.155e-02
chr17_44648684_G_A_b38	3	2.63500e-04	1.836e-01	6.982e-02
chr17_44692273_T_C_b38	4	2.60775e-03	-2.814e-01	8.538e-02
chr17_44758756_C_A_b38	4	3.15323e-04	-2.688e-01	7.510e-02
chr17_44774042_G_C_b38	4	3.55158e-05	-2.159e-01	8.543e-02
chr17_44740038_A_G_b38	4	8.07065e-06	0.000e+00	0.000e+00
