chr1_39554348_C_A_b38	1	9.99967e-01	-9.047e-01	1.078e-01
chr1_39546558_C_T_b38	2	1.69862e-01	1.865e-01	4.977e-02
chr1_39570256_G_T_b38	2	8.15553e-02	2.464e-01	5.560e-02
chr1_39502011_G_A_b38	2	5.03140e-02	-2.124e-01	4.654e-02
chr1_39499302_C_G_b38	2	4.08202e-02	-2.079e-01	4.607e-02
chr1_39554832_T_C_b38	2	3.92206e-02	-1.724e-01	4.260e-02
chr1_39546761_C_T_b38	2	3.46437e-02	1.857e-01	5.103e-02
chr1_39544563_T_C_b38	2	3.18941e-02	1.865e-01	4.977e-02
chr1_39566567_T_C_b38	2	3.15126e-02	-1.761e-01	4.212e-02
chr1_39587137_T_G_b38	2	1.57597e-02	-1.819e-01	4.221e-02
chr1_39587326_A_G_b38	2	1.57597e-02	-1.819e-01	4.221e-02
chr1_39584896_A_G_b38	2	1.57597e-02	-1.819e-01	4.221e-02
chr1_39581225_C_T_b38	2	1.57583e-02	-1.819e-01	4.221e-02
chr1_39584831_A_T_b38	2	1.57583e-02	-1.819e-01	4.221e-02
chr1_39587969_G_A_b38	2	1.57583e-02	1.819e-01	4.221e-02
chr1_39583839_C_T_b38	2	1.57583e-02	-1.819e-01	4.221e-02
chr1_39479625_C_T_b38	2	1.53476e-02	-2.100e-01	4.595e-02
chr1_39493413_C_T_b38	2	1.53476e-02	-2.100e-01	4.595e-02
chr1_39491629_G_A_b38	2	1.53476e-02	-2.100e-01	4.595e-02
chr1_39491497_C_T_b38	2	1.53476e-02	-2.100e-01	4.595e-02
chr1_39479096_C_T_b38	2	1.53476e-02	-2.100e-01	4.595e-02
chr1_39482552_A_G_b38	2	1.53476e-02	-2.100e-01	4.595e-02
chr1_39478508_A_G_b38	2	1.53476e-02	-2.100e-01	4.595e-02
chr1_39525916_G_T_b38	2	1.39359e-02	1.778e-01	4.464e-02
chr1_39535388_A_G_b38	2	1.38128e-02	1.904e-01	4.755e-02
chr1_39553919_A_G_b38	2	1.37375e-02	1.864e-01	4.976e-02
chr1_39552837_C_T_b38	2	1.37375e-02	1.864e-01	4.976e-02
chr1_39546018_G_T_b38	2	1.34921e-02	1.660e-01	5.641e-02
chr1_39588827_A_G_b38	2	1.26621e-02	1.810e-01	4.254e-02
chr1_39537738_C_T_b38	2	1.17844e-02	1.864e-01	4.976e-02
chr1_39492408_C_G_b38	2	1.16522e-02	-2.072e-01	4.607e-02
chr1_39579041_A_C_b38	2	1.15348e-02	-1.778e-01	4.209e-02
chr1_39579796_A_G_b38	2	1.15348e-02	-1.778e-01	4.209e-02
chr1_39591028_G_C_b38	2	1.05363e-02	1.801e-01	4.280e-02
chr1_39529402_C_T_b38	2	8.20922e-03	1.921e-01	4.983e-02
chr1_39615791_C_T_b38	2	7.42242e-03	1.976e-01	4.523e-02
chr1_39527206_T_G_b38	2	6.96594e-03	-1.694e-01	4.472e-02
chr1_39556810_C_T_b38	2	6.62419e-03	1.864e-01	4.975e-02
chr1_39559525_TG_T_b38	2	6.62419e-03	1.864e-01	4.975e-02
chr1_39570014_C_T_b38	2	6.62419e-03	1.864e-01	4.975e-02
chr1_39571175_G_C_b38	2	6.62419e-03	1.864e-01	4.975e-02
chr1_39557105_C_G_b38	2	6.62419e-03	1.864e-01	4.975e-02
chr1_39562508_A_G_b38	2	4.75855e-03	1.813e-01	4.976e-02
chr1_39532851_A_G_b38	2	4.66523e-03	1.640e-01	4.454e-02
chr1_39568233_G_A_b38	2	4.20587e-03	2.371e-01	6.527e-02
chr1_39583512_G_A_b38	2	3.76647e-03	-1.641e-01	4.150e-02
chr1_39579628_A_C_b38	2	3.47819e-03	1.925e-01	4.933e-02
chr1_39582337_G_A_b38	2	3.47819e-03	1.925e-01	4.933e-02
chr1_39578100_G_A_b38	2	3.32451e-03	1.942e-01	4.993e-02
chr1_39591871_A_G_b38	2	3.12755e-03	1.910e-01	4.936e-02
chr1_39510387_C_CA_b38	2	2.49530e-03	1.924e-01	5.115e-02
chr1_39586436_C_G_b38	2	2.37770e-03	1.882e-01	4.968e-02
chr1_39594801_G_A_b38	2	2.37770e-03	1.882e-01	4.968e-02
chr1_39594353_G_A_b38	2	2.37770e-03	1.882e-01	4.968e-02
chr1_39501608_T_C_b38	2	2.19748e-03	1.882e-01	5.066e-02
chr1_39503387_C_T_b38	2	2.19748e-03	1.882e-01	5.066e-02
chr1_39501551_G_A_b38	2	2.19748e-03	1.882e-01	5.066e-02
chr1_39505256_C_A_b38	2	2.19748e-03	1.882e-01	5.066e-02
chr1_39572899_C_T_b38	2	2.08962e-03	1.864e-01	4.975e-02
chr1_39594106_A_G_b38	2	1.99168e-03	1.606e-01	4.269e-02
chr1_39524254_T_C_b38	2	1.89062e-03	-1.481e-01	4.329e-02
chr1_39580421_G_A_b38	2	1.85460e-03	1.835e-01	4.943e-02
chr1_39557375_T_A_b38	2	1.81134e-03	1.615e-01	4.801e-02
chr1_39499240_G_C_b38	2	1.71781e-03	1.820e-01	4.984e-02
chr1_39545973_A_G_b38	3	2.33759e-02	-1.131e-01	8.571e-02
chr1_39546304_A_C_b38	3	1.02261e-02	-4.910e-02	1.338e-01
chr1_39545488_A_T_b38	3	4.07885e-03	-7.997e-02	1.328e-01
chr1_39551323_A_G_b38	3	1.08250e-03	-1.359e-01	6.388e-02
chr1_39556451_T_C_b38	3	4.34154e-04	-1.372e-01	6.379e-02
chr1_39553686_C_T_b38	3	1.83549e-04	-2.396e-02	1.342e-01
chr1_39574963_G_C_b38	3	7.87474e-05	-1.319e-01	6.386e-02
chr1_39581551_A_G_b38	3	6.52100e-05	-1.261e-01	6.416e-02
chr1_39582105_T_C_b38	3	6.52100e-05	-1.261e-01	6.416e-02
chr1_39582235_T_C_b38	3	6.52100e-05	-1.261e-01	6.416e-02
chr1_39545910_C_T_b38	4	3.69289e-04	8.240e-02	7.689e-02
chr1_39552004_A_AAAAT_b38	4	1.79958e-05	0.000e+00	0.000e+00
chr1_39540428_C_T_b38	4	1.01659e-05	0.000e+00	0.000e+00
chr1_39539462_C_G_b38	4	8.61710e-06	0.000e+00	0.000e+00
chr1_39538470_T_C_b38	4	7.62914e-06	0.000e+00	0.000e+00
chr1_39567160_C_T_b38	4	7.20490e-06	0.000e+00	0.000e+00
chr1_39557624_T_C_b38	4	7.20490e-06	0.000e+00	0.000e+00
chr1_39523295_C_A_b38	4	6.63085e-06	0.000e+00	0.000e+00
chr1_39535612_C_T_b38	4	6.38747e-06	0.000e+00	0.000e+00
chr1_39524856_G_A_b38	4	6.15232e-06	0.000e+00	0.000e+00
chr1_39522559_A_G_b38	4	5.57461e-06	0.000e+00	0.000e+00
chr1_39557784_G_A_b38	4	5.22775e-06	0.000e+00	0.000e+00
chr1_39524784_G_A_b38	4	4.92211e-06	0.000e+00	0.000e+00
chr1_39527728_G_A_b38	4	4.92211e-06	0.000e+00	0.000e+00
chr1_39558255_C_T_b38	4	4.88602e-06	0.000e+00	0.000e+00
chr1_39588989_C_T_b38	4	1.66084e-06	0.000e+00	0.000e+00
chr1_39590316_CTGA_C_b38	4	1.66084e-06	0.000e+00	0.000e+00
chr1_39576042_G_A_b38	4	1.92960e-14	0.000e+00	0.000e+00
chr1_39573191_C_T_b38	4	1.92960e-14	0.000e+00	0.000e+00
chr1_39642015_G_A_b38	4	1.36191e-14	0.000e+00	0.000e+00
chr1_39639339_C_T_b38	4	1.36191e-14	0.000e+00	0.000e+00
chr1_39579220_T_C_b38	4	1.30414e-14	0.000e+00	0.000e+00
chr1_39577125_G_A_b38	4	1.30414e-14	0.000e+00	0.000e+00
chr1_39612495_A_G_b38	4	7.76751e-15	0.000e+00	0.000e+00
chr1_39618299_C_A_b38	4	7.51832e-15	0.000e+00	0.000e+00
chr1_39613524_G_T_b38	4	7.51832e-15	0.000e+00	0.000e+00
chr1_39614046_T_C_b38	4	6.91084e-15	0.000e+00	0.000e+00
chr1_39612724_A_C_b38	4	6.91084e-15	0.000e+00	0.000e+00
chr1_39611097_C_T_b38	4	6.91084e-15	0.000e+00	0.000e+00
chr1_39612594_G_A_b38	4	6.91084e-15	0.000e+00	0.000e+00
chr1_39613587_C_T_b38	4	6.91084e-15	0.000e+00	0.000e+00
chr1_39625133_C_G_b38	4	6.91084e-15	0.000e+00	0.000e+00
chr1_39619412_G_A_b38	4	6.91084e-15	0.000e+00	0.000e+00
chr1_39617435_G_A_b38	4	6.91084e-15	0.000e+00	0.000e+00
