chr12_132144264_G_A_b38	1	5.44592e-01	-3.341e-01	8.105e-02
chr12_132139526_T_C_b38	1	7.21804e-02	-3.310e-01	7.580e-02
chr12_132139578_G_A_b38	1	7.14279e-02	-3.466e-01	8.427e-02
chr12_132141415_G_A_b38	1	7.14279e-02	-3.466e-01	8.427e-02
chr12_132139544_C_T_b38	1	7.14279e-02	-3.466e-01	8.427e-02
chr12_132134404_C_A_b38	1	3.62350e-02	-3.478e-01	8.580e-02
chr12_132137657_G_A_b38	1	3.62350e-02	-3.478e-01	8.580e-02
chr12_132146127_A_G_b38	1	3.61094e-02	-3.010e-01	7.412e-02
chr12_132130772_C_T_b38	1	1.42569e-02	-3.378e-01	8.211e-02
chr12_132132752_G_A_b38	1	1.05506e-02	-3.039e-01	6.216e-02
chr12_132131680_TTG_T_b38	1	7.38230e-03	-2.921e-01	6.237e-02
chr12_132131319_G_GT_b38	1	7.38230e-03	-2.921e-01	6.237e-02
chr12_132131894_C_T_b38	1	7.38230e-03	-2.921e-01	6.237e-02
chr12_132131684_T_A_b38	1	6.39328e-03	-2.900e-01	6.337e-02
chr12_132123979_C_T_b38	1	3.17614e-03	-2.836e-01	6.573e-02
chr12_132122951_C_G_b38	1	3.17614e-03	-2.836e-01	6.573e-02
chr12_132141646_C_T_b38	2	4.73626e-01	1.361e-01	3.598e-02
chr12_132148365_T_G_b38	2	1.52747e-01	1.418e-01	2.700e-02
chr12_132138844_G_C_b38	2	7.95769e-02	1.388e-01	2.756e-02
chr12_132138928_T_C_b38	2	7.95769e-02	1.388e-01	2.756e-02
chr12_132137079_G_A_b38	2	4.02801e-02	1.326e-01	2.701e-02
chr12_132141098_C_T_b38	2	3.94801e-02	1.346e-01	2.697e-02
chr12_132140560_G_A_b38	2	3.71174e-02	1.385e-01	2.786e-02
chr12_132136830_A_G_b38	2	3.15678e-02	1.349e-01	2.777e-02
chr12_132125415_G_A_b38	2	1.33199e-02	1.352e-01	2.753e-02
chr12_132125134_G_A_b38	2	1.33199e-02	1.352e-01	2.753e-02
chr12_132124595_C_T_b38	2	1.33199e-02	1.352e-01	2.753e-02
chr12_132153876_C_T_b38	2	1.08906e-02	1.259e-01	2.699e-02
chr12_132137209_G_A_b38	2	2.98126e-03	1.206e-01	2.716e-02
chr12_132128729_C_T_b38	2	2.14055e-03	1.324e-01	2.797e-02
chr12_132159053_C_T_b38	2	1.90814e-03	1.217e-01	2.699e-02
chr12_132125768_T_G_b38	2	1.78665e-03	1.297e-01	2.767e-02
chr12_132155439_G_A_b38	2	1.52927e-03	1.196e-01	2.683e-02
chr12_132125013_G_A_b38	2	1.47879e-03	1.214e-01	2.737e-02
chr12_132138474_G_A_b38	2	1.39199e-03	1.150e-01	2.721e-02
chr12_132152757_T_TG_b38	3	3.74816e-02	-7.827e-02	2.475e-02
chr12_132155360_G_C_b38	3	3.30237e-02	-8.319e-02	2.487e-02
chr12_132152869_CTG_C_b38	3	2.16409e-02	-7.408e-02	2.444e-02
chr12_132159572_GTGTGGGCAGGGCATGGAGA_G_b38	3	1.10665e-02	-7.628e-02	2.495e-02
chr12_132155290_C_T_b38	3	5.12510e-03	-7.351e-02	2.545e-02
chr12_132159367_C_T_b38	3	4.50989e-03	-6.536e-02	2.266e-02
chr12_132174775_G_A_b38	3	3.32106e-03	-7.671e-02	2.496e-02
chr12_132161969_T_C_b38	3	2.65786e-03	-6.998e-02	2.529e-02
chr12_132159129_A_C_b38	3	1.61805e-03	-5.931e-02	2.426e-02
chr12_132141880_G_A_b38	4	1.04396e-02	-1.889e-01	6.068e-02
chr12_132138680_C_T_b38	4	2.00850e-04	-1.856e-01	7.105e-02
chr12_132133521_G_C_b38	4	1.97917e-04	-1.348e-01	4.917e-02
chr12_132119650_C_T_b38	4	1.20767e-04	-1.496e-01	5.592e-02
chr12_132119657_A_T_b38	4	1.20767e-04	-1.496e-01	5.592e-02
chr12_132099641_G_A_b38	4	9.63001e-05	-1.282e-01	4.662e-02
chr12_132122341_C_T_b38	4	6.67302e-05	-1.766e-01	6.768e-02
chr12_132125769_G_A_b38	4	6.67302e-05	-1.766e-01	6.768e-02
