chr5_135035643_C_A_b38	1	8.17035e-02	2.380e-01	7.091e-02
chr5_135036995_T_C_b38	1	5.90520e-02	2.294e-01	7.070e-02
chr5_135027455_G_A_b38	1	5.34515e-02	2.499e-01	6.976e-02
chr5_135038418_G_C_b38	1	4.67117e-02	2.380e-01	7.091e-02
chr5_135036180_G_T_b38	1	3.29402e-02	2.006e-01	6.596e-02
chr5_135030018_CTATT_C_b38	1	3.26128e-02	2.294e-01	7.070e-02
chr5_135033031_CA_C_b38	1	3.23966e-02	2.006e-01	6.596e-02
chr5_135025330_G_A_b38	1	2.17606e-02	2.347e-01	7.137e-02
chr5_135028828_C_G_b38	1	1.91712e-02	2.294e-01	7.070e-02
chr5_135028412_C_T_b38	1	1.91712e-02	2.294e-01	7.070e-02
chr5_135030100_A_T_b38	1	1.81807e-02	2.006e-01	6.595e-02
chr5_135030510_A_G_b38	1	1.81807e-02	2.006e-01	6.595e-02
chr5_135028716_TCCGCGC_T_b38	1	1.06874e-02	2.006e-01	6.595e-02
chr5_135029401_T_C_b38	1	1.06874e-02	2.006e-01	6.595e-02
chr5_135024741_A_T_b38	1	9.06731e-03	1.979e-01	6.639e-02
chr5_135013013_G_T_b38	1	6.36331e-03	2.251e-01	7.350e-02
chr5_135013702_T_C_b38	1	4.72066e-03	1.910e-01	6.451e-02
chr5_135013652_T_G_b38	1	4.72066e-03	1.910e-01	6.451e-02
chr5_135013695_T_G_b38	1	4.72066e-03	1.910e-01	6.451e-02
chr5_135012266_T_C_b38	1	2.97354e-03	1.815e-01	6.526e-02
chr5_135012874_G_T_b38	1	2.36826e-03	1.829e-01	6.818e-02
chr5_135003375_T_C_b38	1	2.20532e-03	1.996e-01	6.493e-02
chr5_135015780_T_C_b38	1	1.98122e-03	1.732e-01	6.634e-02
chr5_135017811_C_T_b38	1	1.98122e-03	1.732e-01	6.634e-02
chr5_135018044_A_G_b38	1	1.72659e-03	1.688e-01	6.614e-02
chr5_135009212_T_C_b38	1	1.61678e-03	1.910e-01	6.451e-02
chr5_135008109_A_G_b38	1	1.61678e-03	1.910e-01	6.451e-02
chr5_135004025_T_C_b38	1	1.61678e-03	1.910e-01	6.451e-02
chr5_135020371_C_T_b38	1	1.59058e-03	1.668e-01	6.630e-02
chr5_135018053_A_C_b38	1	1.54133e-03	1.666e-01	6.662e-02
chr5_135019206_C_G_b38	1	1.54133e-03	1.666e-01	6.662e-02
chr5_135013135_G_A_b38	1	1.48334e-03	1.672e-01	6.738e-02
chr5_135012456_G_C_b38	1	1.48334e-03	1.672e-01	6.738e-02
chr5_135010795_T_G_b38	1	1.46670e-03	1.654e-01	6.672e-02
chr5_135043841_T_C_b38	1	1.29205e-03	1.348e-01	6.496e-02
chr5_135004340_G_A_b38	1	1.24249e-03	1.952e-01	6.838e-02
chr5_134999693_T_G_b38	1	9.98917e-04	1.807e-01	6.516e-02
chr5_135002533_C_T_b38	1	9.58605e-04	1.879e-01	6.833e-02
chr5_135034102_C_A_b38	2	1.95837e-02	-1.419e-01	1.197e-01
chr5_134999047_G_A_b38	2	1.06313e-03	-2.562e-01	1.081e-01
