chr6_13787346_G_A_b38	1	1.36250e-01	-3.925e-02	5.262e-02
chr6_13782841_A_AC_b38	1	1.29870e-01	-3.890e-02	5.320e-02
chr6_13784393_C_T_b38	1	1.22235e-01	-3.619e-02	5.284e-02
chr6_13787072_T_C_b38	1	1.12883e-01	-3.263e-02	4.986e-02
chr6_13770892_A_G_b38	1	9.56144e-02	-2.327e-02	3.963e-02
chr6_13773990_T_A_b38	1	9.56144e-02	-2.327e-02	3.963e-02
chr6_13779779_ATTAT_A_b38	1	7.93801e-02	-1.489e-02	4.054e-02
chr6_13778700_G_A_b38	1	7.93801e-02	-1.489e-02	4.054e-02
chr6_13773408_T_G_b38	1	7.32398e-02	-1.027e-02	3.911e-02
chr6_13773449_A_T_b38	1	7.32398e-02	-1.027e-02	3.911e-02
chr6_13814108_T_C_b38	2	9.77340e-01	-1.858e-01	3.686e-02
chr6_13817127_T_C_b38	2	1.28105e-03	-8.058e-02	2.819e-02
chr6_13769793_G_C_b38	3	1.56829e-01	1.728e-01	3.464e-02
chr6_13772526_C_T_b38	3	1.05439e-01	1.720e-01	3.516e-02
chr6_13772626_G_GCT_b38	3	1.05439e-01	1.720e-01	3.516e-02
chr6_13772629_C_T_b38	3	1.05439e-01	1.720e-01	3.516e-02
chr6_13776124_T_A_b38	3	1.05439e-01	1.720e-01	3.516e-02
chr6_13772630_C_T_b38	3	1.05439e-01	1.720e-01	3.516e-02
chr6_13773532_C_T_b38	3	9.34160e-02	1.714e-01	3.521e-02
chr6_13788020_T_C_b38	3	7.87852e-02	1.759e-01	3.629e-02
chr6_13781267_G_A_b38	3	4.73811e-02	1.645e-01	3.505e-02
chr6_13781613_T_C_b38	3	2.98986e-02	1.616e-01	3.510e-02
chr6_13784768_A_C_b38	3	1.21728e-02	1.647e-01	3.714e-02
chr6_13777704_G_A_b38	3	3.89609e-03	1.552e-01	3.531e-02
chr6_13772718_G_A_b38	3	9.45806e-08	0.000e+00	0.000e+00
chr6_13772668_A_G_b38	3	9.45806e-08	0.000e+00	0.000e+00
chr6_13771218_G_A_b38	3	8.14485e-08	0.000e+00	0.000e+00
chr6_13773733_C_T_b38	3	8.14485e-08	0.000e+00	0.000e+00
chr6_13770652_G_C_b38	3	8.14485e-08	0.000e+00	0.000e+00
chr6_13771321_G_C_b38	3	8.14485e-08	0.000e+00	0.000e+00
chr6_13773348_G_GT_b38	3	8.00070e-08	0.000e+00	0.000e+00
chr6_13771940_A_G_b38	3	8.00070e-08	0.000e+00	0.000e+00
chr6_13773540_C_G_b38	3	8.00070e-08	0.000e+00	0.000e+00
chr6_13774312_C_CTATT_b38	3	7.42067e-08	0.000e+00	0.000e+00
chr6_13766978_T_C_b38	3	7.03766e-08	0.000e+00	0.000e+00
chr6_13767551_C_T_b38	3	7.03766e-08	0.000e+00	0.000e+00
chr6_13766980_G_C_b38	3	7.03766e-08	0.000e+00	0.000e+00
chr6_13768191_A_G_b38	3	7.03766e-08	0.000e+00	0.000e+00
chr6_13776387_C_A_b38	3	6.96240e-08	0.000e+00	0.000e+00
chr6_13772753_T_C_b38	3	6.75881e-08	0.000e+00	0.000e+00
chr6_13772917_C_A_b38	3	4.98982e-08	0.000e+00	0.000e+00
chr6_13776977_G_A_b38	3	4.74791e-08	0.000e+00	0.000e+00
chr6_13760721_T_A_b38	3	3.73688e-08	0.000e+00	0.000e+00
chr6_13782388_G_A_b38	3	2.96557e-08	0.000e+00	0.000e+00
chr6_13773756_T_C_b38	3	7.16916e-09	0.000e+00	0.000e+00
chr6_13814229_T_C_b38	4	4.80291e-02	1.197e-01	6.552e-02
chr6_13814106_G_A_b38	5	4.86921e-04	-3.470e-02	4.809e-02
chr6_13814616_A_G_b38	5	3.14378e-04	-1.412e-02	4.712e-02
chr6_13809594_T_A_b38	5	4.59331e-09	0.000e+00	0.000e+00
chr6_13811859_GT_G_b38	5	4.53196e-09	0.000e+00	0.000e+00
chr6_13811868_T_G_b38	5	4.53196e-09	0.000e+00	0.000e+00
chr6_13811861_T_G_b38	5	4.53196e-09	0.000e+00	0.000e+00
chr6_13809952_C_A_b38	5	4.14814e-09	0.000e+00	0.000e+00
chr6_13795681_C_T_b38	5	2.03062e-09	0.000e+00	0.000e+00
chr6_13797702_C_T_b38	5	2.03062e-09	0.000e+00	0.000e+00
chr6_13790278_A_G_b38	5	1.39180e-09	0.000e+00	0.000e+00
