chr1_101948247_T_G_b38	1	5.64039e-02	-2.062e-01	3.687e-02
chr1_101948251_C_G_b38	1	5.64039e-02	-2.062e-01	3.687e-02
chr1_101947689_C_T_b38	1	5.64039e-02	-2.062e-01	3.687e-02
chr1_101947692_A_G_b38	1	5.64039e-02	-2.062e-01	3.687e-02
chr1_101947968_C_A_b38	1	5.64039e-02	-2.062e-01	3.687e-02
chr1_101948412_C_G_b38	1	5.64039e-02	-2.062e-01	3.687e-02
chr1_101948415_T_C_b38	1	5.64039e-02	-2.062e-01	3.687e-02
chr1_101941894_A_C_b38	1	2.08142e-02	-2.104e-01	3.720e-02
chr1_101943349_A_C_b38	1	1.79434e-02	-2.068e-01	3.668e-02
chr1_101943206_C_T_b38	1	1.79434e-02	-2.068e-01	3.668e-02
chr1_101942402_T_C_b38	1	1.79434e-02	-2.068e-01	3.668e-02
chr1_101942458_A_G_b38	1	1.79434e-02	-2.068e-01	3.668e-02
chr1_101944834_T_A_b38	1	1.79434e-02	-2.068e-01	3.668e-02
chr1_101945681_C_T_b38	1	1.79434e-02	-2.068e-01	3.668e-02
chr1_101942205_A_G_b38	1	1.79434e-02	-2.068e-01	3.668e-02
chr1_101943455_G_A_b38	1	1.79434e-02	-2.068e-01	3.668e-02
chr1_101943993_G_A_b38	1	1.79434e-02	-2.068e-01	3.668e-02
chr1_101945638_A_T_b38	1	1.79434e-02	-2.068e-01	3.668e-02
chr1_101946167_G_A_b38	1	1.79434e-02	-2.068e-01	3.668e-02
chr1_101943622_T_C_b38	1	1.79434e-02	-2.068e-01	3.668e-02
chr1_101946322_A_C_b38	1	1.79434e-02	-2.068e-01	3.668e-02
chr1_101945372_G_A_b38	1	1.79434e-02	-2.068e-01	3.668e-02
chr1_101945702_C_A_b38	1	1.79434e-02	-2.068e-01	3.668e-02
chr1_101945375_A_G_b38	1	1.79434e-02	-2.068e-01	3.668e-02
chr1_101945876_A_G_b38	1	1.79434e-02	-2.068e-01	3.668e-02
chr1_101944976_T_C_b38	1	1.79434e-02	-2.068e-01	3.668e-02
chr1_101942330_C_T_b38	1	1.79434e-02	-2.068e-01	3.668e-02
chr1_101945475_C_T_b38	1	1.79434e-02	-2.068e-01	3.668e-02
chr1_101943882_A_AGAAAT_b38	1	1.79434e-02	-2.068e-01	3.668e-02
chr1_101946198_C_CTAAG_b38	1	1.79434e-02	-2.068e-01	3.668e-02
chr1_101945852_A_G_b38	1	1.79434e-02	-2.068e-01	3.668e-02
chr1_101944223_C_G_b38	1	1.79434e-02	-2.068e-01	3.668e-02
chr1_101944348_T_A_b38	1	1.79434e-02	-2.068e-01	3.668e-02
chr1_101944497_G_A_b38	1	1.79434e-02	-2.068e-01	3.668e-02
chr1_101943480_T_C_b38	1	1.79434e-02	-2.068e-01	3.668e-02
chr1_101942572_T_C_b38	1	1.79434e-02	-2.068e-01	3.668e-02
chr1_101942577_T_C_b38	1	1.79434e-02	-2.068e-01	3.668e-02
chr1_101947495_G_A_b38	1	1.71902e-02	-1.952e-01	3.790e-02
chr1_101941652_A_C_b38	1	6.69439e-03	-2.033e-01	3.431e-02
chr1_101938869_T_C_b38	1	6.69439e-03	-2.033e-01	3.431e-02
chr1_101938691_T_C_b38	1	6.69439e-03	-2.033e-01	3.431e-02
chr1_101938791_G_A_b38	1	6.69439e-03	-2.033e-01	3.431e-02
chr1_101938727_G_A_b38	1	6.69439e-03	-2.033e-01	3.431e-02
chr1_101936844_G_A_b38	1	4.61483e-03	-1.979e-01	3.389e-02
chr1_101944858_C_T_b38	1	3.39196e-03	-2.003e-01	3.467e-02
chr1_101938121_A_C_b38	1	1.97523e-03	-1.961e-01	3.469e-02
chr1_101934549_G_A_b38	1	1.32860e-03	-1.903e-01	3.419e-02
chr1_101941473_G_A_b38	1	8.85215e-04	-1.880e-01	3.392e-02
chr1_101929542_A_G_b38	1	6.94909e-04	-1.898e-01	3.459e-02
chr1_101947079_T_A_b38	1	4.41414e-04	-1.825e-01	3.525e-02
chr1_101937455_G_A_b38	1	1.20190e-06	0.000e+00	0.000e+00
chr1_101996600_G_C_b38	2	7.04271e-01	1.818e-01	4.078e-02
chr1_102007014_G_T_b38	2	1.65725e-01	1.892e-01	4.036e-02
chr1_101996249_G_A_b38	2	2.87130e-02	1.633e-01	4.320e-02
chr1_102023021_T_C_b38	2	2.29957e-02	1.889e-01	4.029e-02
chr1_101978136_C_A_b38	2	2.23367e-02	-1.807e-01	4.101e-02
chr1_101989081_G_A_b38	2	2.08515e-02	-1.765e-01	4.158e-02
chr1_101997958_C_T_b38	2	8.15029e-03	1.631e-01	4.317e-02
chr1_101999160_T_C_b38	2	4.25027e-03	1.632e-01	4.318e-02
chr1_101966807_G_A_b38	2	3.20223e-03	-1.806e-01	4.100e-02
chr1_101966929_T_C_b38	2	3.20223e-03	-1.806e-01	4.100e-02
chr1_101966437_G_A_b38	2	3.20223e-03	-1.806e-01	4.100e-02
chr1_101965965_G_T_b38	2	3.20223e-03	-1.806e-01	4.100e-02
chr1_101966746_T_A_b38	2	3.20223e-03	-1.806e-01	4.100e-02
chr1_101965727_G_A_b38	2	3.20223e-03	-1.806e-01	4.100e-02
chr1_101967061_T_C_b38	2	3.20223e-03	-1.806e-01	4.100e-02
chr1_102000900_C_A_b38	2	2.48680e-04	1.633e-01	4.327e-02
chr1_102019826_C_G_b38	2	4.45586e-06	0.000e+00	0.000e+00
chr1_102003995_T_C_b38	2	4.27237e-06	0.000e+00	0.000e+00
chr1_102004177_T_A_b38	2	4.27237e-06	0.000e+00	0.000e+00
chr1_102003062_CT_C_b38	2	4.27237e-06	0.000e+00	0.000e+00
chr1_102041643_T_C_b38	2	4.14941e-06	0.000e+00	0.000e+00
chr1_101918743_A_G_b38	3	3.43666e-02	-1.910e-01	3.465e-02
chr1_101922632_C_T_b38	3	3.29833e-02	-1.875e-01	3.367e-02
chr1_101917503_GC_G_b38	3	2.67446e-02	-1.889e-01	3.460e-02
chr1_101917346_C_T_b38	3	2.67446e-02	-1.889e-01	3.460e-02
chr1_101912461_C_T_b38	3	2.60493e-02	-1.869e-01	3.428e-02
chr1_101912652_G_A_b38	3	2.60493e-02	-1.869e-01	3.428e-02
chr1_101910656_C_A_b38	3	2.60493e-02	-1.869e-01	3.428e-02
chr1_101913364_T_C_b38	3	2.60493e-02	-1.869e-01	3.428e-02
chr1_101914698_G_T_b38	3	2.60493e-02	-1.869e-01	3.428e-02
chr1_101914941_A_G_b38	3	2.60493e-02	-1.869e-01	3.428e-02
chr1_101918146_G_A_b38	3	2.60493e-02	-1.869e-01	3.428e-02
chr1_101916858_T_C_b38	3	2.60493e-02	-1.869e-01	3.428e-02
chr1_101912227_G_A_b38	3	2.60493e-02	-1.869e-01	3.428e-02
chr1_101913418_A_T_b38	3	2.60493e-02	-1.869e-01	3.428e-02
chr1_101915626_G_A_b38	3	2.60493e-02	-1.869e-01	3.428e-02
chr1_101916429_AG_A_b38	3	2.60493e-02	-1.869e-01	3.428e-02
chr1_101915441_C_T_b38	3	2.60493e-02	-1.869e-01	3.428e-02
chr1_101914624_T_C_b38	3	2.60493e-02	-1.869e-01	3.428e-02
chr1_101913907_C_T_b38	3	2.60493e-02	-1.869e-01	3.428e-02
chr1_101916679_C_T_b38	3	2.60493e-02	-1.869e-01	3.428e-02
chr1_101916399_T_C_b38	3	2.60493e-02	-1.869e-01	3.428e-02
chr1_101914164_C_T_b38	3	2.60493e-02	-1.869e-01	3.428e-02
chr1_101917894_A_T_b38	3	2.60493e-02	-1.869e-01	3.428e-02
chr1_101911007_A_G_b38	3	2.60493e-02	-1.869e-01	3.428e-02
chr1_101910702_C_A_b38	3	2.60493e-02	-1.869e-01	3.428e-02
chr1_101917998_C_A_b38	3	2.60493e-02	-1.869e-01	3.428e-02
chr1_101914727_C_G_b38	3	2.60493e-02	-1.869e-01	3.428e-02
chr1_101911857_T_G_b38	3	2.60493e-02	-1.869e-01	3.428e-02
chr1_101915965_G_T_b38	3	2.60493e-02	-1.869e-01	3.428e-02
chr1_101912725_T_C_b38	3	2.60493e-02	-1.869e-01	3.428e-02
chr1_101918273_C_T_b38	3	2.60493e-02	-1.869e-01	3.428e-02
chr1_101918337_G_T_b38	3	2.60493e-02	-1.869e-01	3.428e-02
chr1_101908047_A_G_b38	3	2.16866e-02	-1.878e-01	3.467e-02
chr1_101906783_G_T_b38	3	1.66725e-02	-1.839e-01	3.424e-02
chr1_101912316_T_C_b38	3	8.07744e-03	-1.801e-01	3.439e-02
chr1_101915816_T_C_b38	3	8.07744e-03	-1.801e-01	3.439e-02
chr1_101911472_A_G_b38	3	8.07744e-03	-1.801e-01	3.439e-02
chr1_101915877_C_A_b38	3	8.07744e-03	-1.801e-01	3.439e-02
chr1_101917466_A_G_b38	3	8.00276e-03	-1.817e-01	3.474e-02
chr1_101910382_C_T_b38	3	7.49414e-03	-1.773e-01	3.412e-02
chr1_101904450_G_A_b38	3	7.24569e-03	-1.809e-01	3.480e-02
chr1_101903817_A_T_b38	3	7.24569e-03	-1.809e-01	3.480e-02
chr1_101900154_C_T_b38	3	7.24569e-03	-1.809e-01	3.480e-02
chr1_101902371_C_T_b38	3	7.24569e-03	-1.809e-01	3.480e-02
chr1_101906179_G_A_b38	3	7.24569e-03	-1.809e-01	3.480e-02
chr1_101910445_G_T_b38	3	6.85946e-03	-1.792e-01	3.459e-02
chr1_101909447_G_A_b38	3	6.85946e-03	-1.792e-01	3.459e-02
chr1_101910516_C_CTG_b38	3	6.85946e-03	-1.792e-01	3.459e-02
chr1_101901606_C_T_b38	3	4.07328e-03	-1.795e-01	3.539e-02
chr1_101910332_A_G_b38	3	1.18771e-03	-1.665e-01	3.430e-02
chr1_101747831_C_T_b38	4	4.18610e-02	-1.910e-01	4.206e-02
chr1_101752001_G_A_b38	4	3.61871e-02	-1.884e-01	4.176e-02
chr1_101752359_C_A_b38	4	3.61871e-02	-1.884e-01	4.176e-02
chr1_101752358_C_A_b38	4	3.61871e-02	-1.884e-01	4.176e-02
chr1_101757730_A_G_b38	4	1.85764e-02	-1.735e-01	3.955e-02
chr1_101777545_G_A_b38	4	1.22074e-02	-1.752e-01	4.143e-02
chr1_101775284_A_G_b38	4	1.03607e-02	-1.452e-01	3.455e-02
chr1_101776092_G_A_b38	4	7.77904e-03	0.000e+00	0.000e+00
chr1_101776054_C_A_b38	4	7.77904e-03	0.000e+00	0.000e+00
chr1_101763175_G_A_b38	4	7.45662e-03	0.000e+00	0.000e+00
chr1_101767020_G_GTCAA_b38	4	7.45662e-03	0.000e+00	0.000e+00
chr1_101745066_G_T_b38	4	3.39980e-03	0.000e+00	0.000e+00
chr1_101745697_C_T_b38	4	3.39980e-03	0.000e+00	0.000e+00
chr1_101774940_G_A_b38	4	2.53360e-03	0.000e+00	0.000e+00
chr1_101771430_T_C_b38	4	2.53360e-03	0.000e+00	0.000e+00
chr1_101774504_T_G_b38	4	2.53360e-03	0.000e+00	0.000e+00
chr1_101773600_G_A_b38	4	2.53360e-03	0.000e+00	0.000e+00
chr1_101772603_T_A_b38	4	2.53360e-03	0.000e+00	0.000e+00
chr1_101775419_A_T_b38	4	2.53360e-03	0.000e+00	0.000e+00
chr1_101764223_C_A_b38	4	2.25315e-03	0.000e+00	0.000e+00
chr1_101737248_T_G_b38	4	1.87603e-03	0.000e+00	0.000e+00
chr1_101736300_T_C_b38	4	1.87603e-03	0.000e+00	0.000e+00
chr1_101740881_TTTA_T_b38	4	1.87603e-03	0.000e+00	0.000e+00
chr1_101752319_C_T_b38	4	1.85031e-03	0.000e+00	0.000e+00
chr1_101769937_T_C_b38	4	1.66557e-03	0.000e+00	0.000e+00
chr1_101768636_G_C_b38	4	1.66557e-03	0.000e+00	0.000e+00
chr1_101764364_G_A_b38	4	1.66281e-03	0.000e+00	0.000e+00
chr1_101773843_AGAGT_A_b38	4	8.51984e-04	0.000e+00	0.000e+00
chr1_101774370_A_G_b38	4	8.51984e-04	0.000e+00	0.000e+00
chr1_101771966_G_A_b38	4	8.51984e-04	0.000e+00	0.000e+00
chr1_101771878_TTTTG_T_b38	4	8.51984e-04	0.000e+00	0.000e+00
chr1_101771468_T_C_b38	4	8.51984e-04	0.000e+00	0.000e+00
chr1_101774510_T_TAAG_b38	4	8.51984e-04	0.000e+00	0.000e+00
chr1_101772262_C_T_b38	4	8.51984e-04	0.000e+00	0.000e+00
chr1_101771762_G_T_b38	4	8.51984e-04	0.000e+00	0.000e+00
chr1_101771701_A_G_b38	4	8.51984e-04	0.000e+00	0.000e+00
chr1_101798353_C_T_b38	4	3.28551e-04	0.000e+00	0.000e+00
chr1_101770691_A_G_b38	4	2.37543e-04	0.000e+00	0.000e+00
chr1_101772580_A_G_b38	4	2.25776e-04	0.000e+00	0.000e+00
chr1_101716818_TTGTATTTTTAAAAA_T_b38	4	1.82066e-05	0.000e+00	0.000e+00
chr1_101791631_C_A_b38	4	6.22384e-06	0.000e+00	0.000e+00
chr1_101759714_A_G_b38	4	2.96906e-12	0.000e+00	0.000e+00
chr1_101898784_G_A_b38	5	4.90471e-05	0.000e+00	0.000e+00
chr1_101899147_T_C_b38	5	1.02551e-11	0.000e+00	0.000e+00
chr1_101899003_T_C_b38	5	6.88532e-12	0.000e+00	0.000e+00
chr1_101892248_GA_G_b38	5	3.59768e-12	0.000e+00	0.000e+00
chr1_101894213_G_A_b38	5	3.48598e-12	0.000e+00	0.000e+00
chr1_101892404_CA_C_b38	5	3.48598e-12	0.000e+00	0.000e+00
chr1_101896076_A_C_b38	5	3.48598e-12	0.000e+00	0.000e+00
chr1_101889159_C_A_b38	5	3.48598e-12	0.000e+00	0.000e+00
chr1_101895724_G_C_b38	5	3.48598e-12	0.000e+00	0.000e+00
chr1_101891891_A_C_b38	5	3.48598e-12	0.000e+00	0.000e+00
chr1_101888448_T_C_b38	5	3.48598e-12	0.000e+00	0.000e+00
chr1_101892431_C_T_b38	5	3.48598e-12	0.000e+00	0.000e+00
chr1_101876263_A_G_b38	5	2.61583e-12	0.000e+00	0.000e+00
chr1_101880642_G_A_b38	5	2.16718e-12	0.000e+00	0.000e+00
chr1_101884530_A_G_b38	5	2.16718e-12	0.000e+00	0.000e+00
chr1_101885191_C_T_b38	5	2.16718e-12	0.000e+00	0.000e+00
chr1_101847292_T_C_b38	5	1.26293e-12	0.000e+00	0.000e+00
