chr4_156723089_A_C_b38	1	2.88856e-02	3.496e-01	6.987e-02
chr4_156740476_G_T_b38	1	2.88856e-02	3.496e-01	6.987e-02
chr4_156739950_T_G_b38	1	2.88856e-02	3.496e-01	6.987e-02
chr4_156757128_C_A_b38	1	2.88856e-02	3.496e-01	6.987e-02
chr4_156732982_A_T_b38	1	2.88856e-02	3.496e-01	6.987e-02
chr4_156729962_A_ATC_b38	1	2.88856e-02	3.496e-01	6.987e-02
chr4_156729959_G_A_b38	1	2.88856e-02	3.496e-01	6.987e-02
chr4_156754871_T_C_b38	1	2.88856e-02	3.496e-01	6.987e-02
chr4_156747939_A_T_b38	1	2.88856e-02	3.496e-01	6.987e-02
chr4_156725213_G_T_b38	1	2.88856e-02	3.496e-01	6.987e-02
chr4_156782384_G_A_b38	1	2.88856e-02	3.496e-01	6.987e-02
chr4_156761036_T_C_b38	1	2.88856e-02	3.496e-01	6.987e-02
chr4_156761010_A_C_b38	1	2.88856e-02	3.496e-01	6.987e-02
chr4_156757622_C_T_b38	1	2.88856e-02	3.496e-01	6.987e-02
chr4_156788329_C_T_b38	1	2.88856e-02	3.496e-01	6.987e-02
chr4_156771582_T_C_b38	1	2.88856e-02	3.496e-01	6.987e-02
chr4_156770941_T_C_b38	1	2.88856e-02	3.496e-01	6.987e-02
chr4_156728588_T_A_b38	1	2.88856e-02	3.496e-01	6.987e-02
chr4_156749139_GA_G_b38	1	2.88856e-02	3.496e-01	6.987e-02
chr4_156755212_C_A_b38	1	2.88856e-02	3.496e-01	6.987e-02
chr4_156756897_C_T_b38	1	2.88856e-02	3.496e-01	6.987e-02
chr4_156788747_T_G_b38	1	2.88856e-02	3.496e-01	6.987e-02
chr4_156729960_TC_T_b38	1	2.88856e-02	3.496e-01	6.987e-02
chr4_156792879_G_A_b38	1	1.46181e-02	3.554e-01	7.368e-02
chr4_156794977_C_A_b38	1	1.46181e-02	3.554e-01	7.368e-02
chr4_156791098_C_T_b38	1	1.46181e-02	3.554e-01	7.368e-02
chr4_156738983_C_T_b38	1	6.46277e-03	3.047e-01	6.606e-02
chr4_156880600_C_A_b38	1	3.94924e-03	2.999e-01	7.553e-02
chr4_156881002_T_C_b38	1	3.94924e-03	2.999e-01	7.553e-02
chr4_156876483_G_A_b38	1	3.94924e-03	2.999e-01	7.553e-02
chr4_156880203_A_G_b38	1	3.94924e-03	2.999e-01	7.553e-02
chr4_156875342_T_C_b38	1	3.94924e-03	2.999e-01	7.553e-02
chr4_156806767_C_T_b38	1	3.87117e-03	3.283e-01	7.332e-02
chr4_156710496_G_T_b38	1	3.78598e-03	3.496e-01	6.987e-02
chr4_156715912_T_A_b38	1	3.78598e-03	3.496e-01	6.987e-02
chr4_156715567_C_T_b38	1	3.78598e-03	3.496e-01	6.987e-02
chr4_156695346_A_C_b38	1	3.78598e-03	3.496e-01	6.987e-02
chr4_156719495_C_A_b38	1	3.78598e-03	3.496e-01	6.987e-02
chr4_156708190_G_A_b38	1	3.78598e-03	3.496e-01	6.987e-02
chr4_156692478_T_A_b38	1	3.78598e-03	3.496e-01	6.987e-02
chr4_156690518_G_A_b38	1	2.52120e-03	3.514e-01	7.132e-02
chr4_156767118_T_C_b38	1	1.74770e-03	3.308e-01	7.744e-02
chr4_156821034_T_C_b38	1	1.70332e-03	3.137e-01	7.354e-02
chr4_156818645_C_A_b38	1	1.70332e-03	3.137e-01	7.354e-02
chr4_156819247_T_TA_b38	1	1.70332e-03	3.137e-01	7.354e-02
chr4_156815262_G_A_b38	1	1.70332e-03	3.137e-01	7.354e-02
chr4_156817793_T_C_b38	1	1.70332e-03	3.137e-01	7.354e-02
chr4_156831296_ATATAAG_A_b38	1	1.70332e-03	3.137e-01	7.354e-02
chr4_156810151_TA_T_b38	1	1.70332e-03	3.137e-01	7.354e-02
chr4_156854098_C_T_b38	1	1.70332e-03	3.137e-01	7.354e-02
chr4_156816677_C_T_b38	1	1.70332e-03	3.137e-01	7.354e-02
chr4_156820063_C_T_b38	1	1.70332e-03	3.137e-01	7.354e-02
chr4_156848131_TA_T_b38	1	1.70332e-03	3.137e-01	7.354e-02
chr4_156832328_C_T_b38	1	1.70332e-03	3.137e-01	7.354e-02
chr4_156834952_T_C_b38	1	1.70332e-03	3.137e-01	7.354e-02
chr4_156830526_CT_C_b38	1	1.70332e-03	3.137e-01	7.354e-02
chr4_156825777_C_T_b38	1	1.70332e-03	3.137e-01	7.354e-02
chr4_156849119_G_A_b38	1	1.70332e-03	3.137e-01	7.354e-02
chr4_156843603_A_G_b38	1	1.70332e-03	3.137e-01	7.354e-02
chr4_156817695_TATC_T_b38	1	1.70332e-03	3.137e-01	7.354e-02
chr4_156703550_T_A_b38	1	1.62195e-03	3.367e-01	6.999e-02
chr4_156703227_C_T_b38	1	1.62195e-03	3.367e-01	6.999e-02
chr4_156859978_C_T_b38	1	8.37770e-04	2.756e-01	6.816e-02
chr4_156884995_A_T_b38	1	7.84251e-04	2.663e-01	7.735e-02
chr4_156888144_G_C_b38	1	7.84251e-04	2.663e-01	7.735e-02
chr4_156881874_T_A_b38	1	7.84251e-04	2.663e-01	7.735e-02
chr4_156882007_T_A_b38	1	7.84251e-04	2.663e-01	7.735e-02
chr4_156883041_G_A_b38	1	7.84251e-04	2.663e-01	7.735e-02
chr4_156888882_A_C_b38	1	7.84251e-04	2.663e-01	7.735e-02
chr4_156886911_T_C_b38	1	7.84251e-04	2.663e-01	7.735e-02
chr4_156884399_G_A_b38	1	7.84251e-04	2.663e-01	7.735e-02
chr4_156884128_T_C_b38	1	7.84251e-04	2.663e-01	7.735e-02
chr4_156890211_G_A_b38	1	7.84251e-04	2.663e-01	7.735e-02
chr4_156893184_G_T_b38	1	7.82101e-04	2.663e-01	7.735e-02
chr4_156892122_G_A_b38	1	7.82101e-04	2.663e-01	7.735e-02
chr4_156885152_TACATACAC_T_b38	1	6.03215e-04	2.610e-01	7.797e-02
chr4_156891545_CTTTTCAG_C_b38	1	5.37159e-04	2.676e-01	8.088e-02
chr4_156864733_A_G_b38	1	5.32060e-04	2.929e-01	7.478e-02
chr4_156891600_G_T_b38	2	2.10793e-01	3.278e-01	7.205e-02
chr4_156832669_C_T_b38	2	3.23147e-02	3.277e-01	7.200e-02
chr4_156971889_G_A_b38	3	7.76574e-03	-1.045e-01	7.266e-02
