chr4_99089122_C_G_b38	1	9.99910e-01	8.448e-01	8.354e-02
chr4_99088893_C_G_b38	2	4.78954e-01	7.925e-01	1.006e-01
chr4_99090957_G_A_b38	2	9.04355e-02	7.861e-01	9.679e-02
chr4_99090099_A_G_b38	2	9.04355e-02	7.861e-01	9.679e-02
chr4_99094291_A_T_b38	2	3.01487e-02	7.836e-01	9.654e-02
chr4_99095412_A_G_b38	2	3.01487e-02	7.836e-01	9.654e-02
chr4_99096865_G_A_b38	2	3.01487e-02	7.836e-01	9.654e-02
chr4_99096383_G_T_b38	2	3.01487e-02	7.836e-01	9.654e-02
chr4_99096064_T_C_b38	2	3.01487e-02	7.836e-01	9.654e-02
chr4_99083469_G_A_b38	2	2.72778e-02	7.836e-01	9.654e-02
chr4_99079107_T_C_b38	2	2.72778e-02	7.836e-01	9.654e-02
chr4_99080890_C_T_b38	2	2.72778e-02	7.836e-01	9.654e-02
chr4_99065847_CAT_C_b38	2	9.61554e-03	7.765e-01	9.732e-02
chr4_99072327_C_A_b38	2	9.61554e-03	7.765e-01	9.732e-02
chr4_99065472_G_A_b38	2	9.61554e-03	7.765e-01	9.732e-02
chr4_99066341_A_G_b38	2	9.61554e-03	7.765e-01	9.732e-02
chr4_99075135_A_C_b38	2	9.61554e-03	7.765e-01	9.732e-02
chr4_99105093_C_T_b38	2	9.22638e-03	7.765e-01	9.732e-02
chr4_99110760_C_T_b38	2	9.22638e-03	7.765e-01	9.732e-02
chr4_99109403_C_T_b38	2	9.22638e-03	7.765e-01	9.732e-02
chr4_99099196_G_A_b38	2	9.22638e-03	7.765e-01	9.732e-02
chr4_99111033_A_G_b38	2	9.22638e-03	7.765e-01	9.732e-02
chr4_99117622_C_T_b38	2	3.32483e-03	7.765e-01	9.732e-02
chr4_99118309_G_T_b38	2	3.32483e-03	7.765e-01	9.732e-02
chr4_99120637_C_G_b38	2	3.32483e-03	7.765e-01	9.732e-02
chr4_99119607_C_T_b38	2	3.32483e-03	7.765e-01	9.732e-02
chr4_99093654_A_G_b38	3	4.39325e-01	1.429e-01	3.940e-02
chr4_99099836_C_T_b38	3	7.92515e-02	1.354e-01	3.343e-02
chr4_99102772_G_C_b38	3	7.92515e-02	1.354e-01	3.343e-02
chr4_99089437_CTCTT_C_b38	3	6.19128e-02	1.256e-01	4.463e-02
chr4_99088587_G_C_b38	3	5.88339e-02	1.146e-01	4.689e-02
chr4_99067057_A_G_b38	3	2.93831e-02	1.299e-01	3.237e-02
chr4_99118245_A_T_b38	3	2.58123e-02	1.371e-01	3.224e-02
chr4_99114944_G_A_b38	3	1.97151e-02	1.344e-01	3.212e-02
chr4_99088439_C_T_b38	3	2.58674e-03	8.002e-02	3.633e-02
chr4_99097109_G_A_b38	3	2.17867e-03	1.090e-01	3.447e-02
chr4_99088859_C_T_b38	3	1.74489e-03	7.267e-02	3.592e-02
chr4_99087181_G_C_b38	4	2.87781e-03	-1.376e-01	6.609e-02
chr4_99087599_G_A_b38	4	2.87781e-03	-1.376e-01	6.609e-02
chr4_99091274_T_G_b38	4	2.84838e-03	-1.359e-01	6.387e-02
chr4_99091152_T_G_b38	4	2.84838e-03	-1.359e-01	6.387e-02
chr4_99098660_C_T_b38	4	1.60677e-03	-1.675e-01	7.019e-02
chr4_99091940_C_T_b38	4	1.03494e-03	-1.623e-01	9.833e-02
chr4_99107735_A_G_b38	4	1.01805e-03	-1.560e-01	5.247e-02
chr4_99091110_G_A_b38	4	7.66298e-04	-1.095e-01	5.433e-02
chr4_99087343_T_C_b38	4	7.54005e-04	-1.083e-01	5.401e-02
chr4_99091461_A_G_b38	4	7.23381e-04	-1.239e-01	5.443e-02
chr4_99091848_T_C_b38	4	7.23381e-04	-1.239e-01	5.443e-02
chr4_99093359_T_C_b38	4	7.23381e-04	-1.239e-01	5.443e-02
chr4_99084387_C_T_b38	4	6.74360e-04	-1.214e-01	5.381e-02
chr4_99085494_A_G_b38	4	6.43580e-04	-1.197e-01	5.356e-02
chr4_99098809_T_TC_b38	4	5.29465e-04	-1.259e-01	5.375e-02
chr4_99095942_G_A_b38	4	4.67589e-04	-1.239e-01	5.443e-02
chr4_99095991_G_A_b38	4	4.67589e-04	-1.239e-01	5.443e-02
chr4_99094331_T_TATC_b38	4	4.67589e-04	-1.239e-01	5.443e-02
chr4_99095609_A_G_b38	4	4.67589e-04	-1.239e-01	5.443e-02
chr4_99096234_T_C_b38	4	4.67589e-04	-1.239e-01	5.443e-02
chr4_99095748_A_G_b38	4	4.67589e-04	-1.239e-01	5.443e-02
chr4_99094548_T_C_b38	4	4.67589e-04	-1.239e-01	5.443e-02
chr4_99095050_T_G_b38	4	4.67589e-04	-1.239e-01	5.443e-02
chr4_99097018_T_A_b38	4	4.67589e-04	-1.239e-01	5.443e-02
chr4_99096235_G_A_b38	4	4.67589e-04	-1.239e-01	5.443e-02
chr4_99096888_C_T_b38	4	4.67589e-04	-1.239e-01	5.443e-02
chr4_99094767_G_T_b38	4	4.67589e-04	-1.239e-01	5.443e-02
chr4_99097060_G_C_b38	4	4.67589e-04	-1.239e-01	5.443e-02
chr4_99097341_G_C_b38	4	4.55075e-04	-1.225e-01	5.382e-02
chr4_99093825_G_A_b38	4	4.47663e-04	-1.095e-01	5.433e-02
chr4_99086283_T_TATATC_b38	4	4.27747e-04	-1.083e-01	5.401e-02
chr4_99094882_A_G_b38	4	2.89367e-04	-1.095e-01	5.433e-02
chr4_99096013_G_A_b38	4	2.89367e-04	-1.095e-01	5.433e-02
chr4_99096782_A_T_b38	4	2.89367e-04	-1.095e-01	5.433e-02
chr4_99105181_T_C_b38	4	2.80644e-04	-1.289e-01	5.355e-02
chr4_99097987_A_T_b38	4	2.63064e-04	-9.174e-02	5.442e-02
chr4_99094524_G_A_b38	4	2.63064e-04	-9.174e-02	5.442e-02
chr4_99096789_T_G_b38	4	2.63064e-04	-9.174e-02	5.442e-02
chr4_99096837_T_G_b38	4	2.63064e-04	-9.174e-02	5.442e-02
chr4_99106433_A_G_b38	4	2.46752e-04	-1.259e-01	5.375e-02
chr4_99113326_T_C_b38	4	2.46752e-04	-1.259e-01	5.375e-02
chr4_99112423_C_T_b38	4	2.46752e-04	-1.259e-01	5.375e-02
chr4_99111017_C_G_b38	4	2.46752e-04	-1.259e-01	5.375e-02
chr4_99109310_T_C_b38	4	2.46752e-04	-1.259e-01	5.375e-02
chr4_99107368_A_G_b38	4	2.46752e-04	-1.259e-01	5.375e-02
chr4_99109432_G_A_b38	4	2.46752e-04	-1.259e-01	5.375e-02
chr4_99102793_T_C_b38	4	2.46752e-04	-1.259e-01	5.375e-02
chr4_99105520_A_G_b38	4	2.46752e-04	-1.259e-01	5.375e-02
chr4_99113690_T_C_b38	4	2.46752e-04	-1.259e-01	5.375e-02
chr4_99099793_T_C_b38	4	2.46752e-04	-1.259e-01	5.375e-02
chr4_99104947_C_T_b38	4	2.46752e-04	-1.259e-01	5.375e-02
chr4_99099795_T_C_b38	4	2.46752e-04	-1.259e-01	5.375e-02
chr4_99103171_C_G_b38	4	2.46752e-04	-1.259e-01	5.375e-02
chr4_99103545_A_AT_b38	4	2.46752e-04	-1.259e-01	5.375e-02
chr4_99101573_G_A_b38	4	2.46752e-04	-1.259e-01	5.375e-02
chr4_99098877_G_A_b38	4	2.46752e-04	-1.259e-01	5.375e-02
chr4_99101759_G_T_b38	4	2.46752e-04	-1.259e-01	5.375e-02
chr4_99100636_A_G_b38	4	2.46752e-04	-1.259e-01	5.375e-02
chr4_99101420_T_C_b38	4	2.46752e-04	-1.259e-01	5.375e-02
chr4_99112989_TG_T_b38	4	2.46752e-04	-1.259e-01	5.375e-02
chr4_99099330_A_G_b38	4	2.46752e-04	-1.259e-01	5.375e-02
chr4_99112986_TA_T_b38	4	2.46752e-04	-1.259e-01	5.375e-02
chr4_99113846_A_G_b38	4	2.46752e-04	-1.259e-01	5.375e-02
chr4_99104812_T_C_b38	4	2.46752e-04	-1.259e-01	5.375e-02
chr4_99104000_T_A_b38	4	2.46752e-04	-1.259e-01	5.375e-02
chr4_99099325_C_T_b38	4	2.46752e-04	-1.259e-01	5.375e-02
chr4_99109203_A_G_b38	4	2.46752e-04	-1.259e-01	5.375e-02
chr4_99102660_T_A_b38	4	2.46752e-04	-1.259e-01	5.375e-02
chr4_99110738_C_T_b38	4	2.46752e-04	-1.259e-01	5.375e-02
chr4_99106727_A_G_b38	4	2.46752e-04	-1.259e-01	5.375e-02
chr4_99106028_A_G_b38	4	2.46752e-04	-1.259e-01	5.375e-02
chr4_99119852_C_T_b38	4	2.42399e-04	-1.374e-01	5.092e-02
chr4_99068475_C_T_b38	4	4.92517e-27	0.000e+00	0.000e+00
chr4_99069426_CGA_C_b38	4	4.92517e-27	0.000e+00	0.000e+00
chr4_99067508_C_T_b38	4	3.91924e-27	0.000e+00	0.000e+00
chr4_99064872_G_C_b38	4	1.18471e-27	0.000e+00	0.000e+00
chr4_99121091_A_G_b38	4	8.80031e-28	0.000e+00	0.000e+00
chr4_99121070_T_C_b38	4	8.80031e-28	0.000e+00	0.000e+00
chr4_99113152_C_T_b38	4	5.06266e-28	0.000e+00	0.000e+00
chr4_99131582_C_A_b38	4	3.23416e-28	0.000e+00	0.000e+00
chr4_99127263_T_C_b38	4	3.23416e-28	0.000e+00	0.000e+00
chr4_99132743_A_T_b38	4	3.23416e-28	0.000e+00	0.000e+00
chr4_99130668_C_T_b38	4	3.23416e-28	0.000e+00	0.000e+00
chr4_99132582_T_C_b38	4	3.23416e-28	0.000e+00	0.000e+00
chr4_99133676_C_T_b38	4	3.23416e-28	0.000e+00	0.000e+00
chr4_99124905_CA_C_b38	4	3.23416e-28	0.000e+00	0.000e+00
chr4_99124465_C_T_b38	4	3.23416e-28	0.000e+00	0.000e+00
chr4_99105617_ACGATGT_A_b38	4	2.88443e-28	0.000e+00	0.000e+00
chr4_99118384_A_T_b38	4	2.86705e-28	0.000e+00	0.000e+00
chr4_99113186_A_G_b38	4	1.75831e-28	0.000e+00	0.000e+00
chr4_99099284_C_CAGTT_b38	4	1.75831e-28	0.000e+00	0.000e+00
chr4_99100102_G_C_b38	4	1.75831e-28	0.000e+00	0.000e+00
chr4_99126006_C_CA_b38	4	8.78119e-29	0.000e+00	0.000e+00
chr4_99107548_G_A_b38	4	8.73206e-29	0.000e+00	0.000e+00
chr4_99117845_A_G_b38	4	8.45694e-29	0.000e+00	0.000e+00
chr4_99118802_T_G_b38	4	8.31465e-29	0.000e+00	0.000e+00
chr4_99117053_A_G_b38	4	8.31465e-29	0.000e+00	0.000e+00
chr4_99118696_T_A_b38	4	8.31465e-29	0.000e+00	0.000e+00
chr4_99120322_A_G_b38	4	7.13736e-29	0.000e+00	0.000e+00
chr4_99114530_G_T_b38	4	6.33628e-29	0.000e+00	0.000e+00
chr4_99114133_T_G_b38	4	6.33628e-29	0.000e+00	0.000e+00
chr4_99117458_A_G_b38	4	5.96683e-29	0.000e+00	0.000e+00
chr4_99119502_C_T_b38	4	5.96683e-29	0.000e+00	0.000e+00
chr4_99118469_G_A_b38	4	5.96683e-29	0.000e+00	0.000e+00
chr4_99119614_C_T_b38	4	5.96683e-29	0.000e+00	0.000e+00
chr4_99118162_T_TA_b38	4	5.96683e-29	0.000e+00	0.000e+00
chr4_99115671_A_G_b38	4	5.96683e-29	0.000e+00	0.000e+00
chr4_99117881_G_C_b38	4	5.96683e-29	0.000e+00	0.000e+00
chr4_99115624_G_T_b38	4	5.96683e-29	0.000e+00	0.000e+00
chr4_99118398_G_A_b38	4	5.96683e-29	0.000e+00	0.000e+00
chr4_99118348_G_C_b38	4	5.96683e-29	0.000e+00	0.000e+00
chr4_99119501_G_A_b38	4	5.96683e-29	0.000e+00	0.000e+00
chr4_99117420_T_C_b38	4	5.96683e-29	0.000e+00	0.000e+00
chr4_99119544_A_G_b38	4	5.96683e-29	0.000e+00	0.000e+00
chr4_99119763_A_T_b38	4	5.96683e-29	0.000e+00	0.000e+00
chr4_99117531_T_G_b38	4	5.96683e-29	0.000e+00	0.000e+00
chr4_99116361_A_C_b38	4	5.96683e-29	0.000e+00	0.000e+00
chr4_99120952_C_G_b38	4	5.24411e-29	0.000e+00	0.000e+00
chr4_99128428_C_T_b38	4	3.28080e-29	0.000e+00	0.000e+00
chr4_99120555_C_T_b38	4	3.03781e-29	0.000e+00	0.000e+00
chr4_99134380_G_GTATA_b38	4	2.54926e-29	0.000e+00	0.000e+00
chr4_99132125_G_A_b38	4	2.49530e-29	0.000e+00	0.000e+00
chr4_99132631_T_A_b38	4	2.29253e-29	0.000e+00	0.000e+00
chr4_99136970_C_T_b38	4	2.29253e-29	0.000e+00	0.000e+00
chr4_99138417_G_T_b38	4	2.29253e-29	0.000e+00	0.000e+00
chr4_99138656_G_C_b38	4	1.74345e-29	0.000e+00	0.000e+00
chr4_99129249_T_C_b38	4	1.74345e-29	0.000e+00	0.000e+00
chr4_99137377_C_T_b38	4	1.74345e-29	0.000e+00	0.000e+00
chr4_99137929_CT_C_b38	4	1.74345e-29	0.000e+00	0.000e+00
chr4_99135388_C_T_b38	4	1.74345e-29	0.000e+00	0.000e+00
chr4_99131189_C_A_b38	4	1.74345e-29	0.000e+00	0.000e+00
chr4_99128377_G_A_b38	4	1.74345e-29	0.000e+00	0.000e+00
chr4_99137288_C_T_b38	4	1.74345e-29	0.000e+00	0.000e+00
chr4_99127800_G_C_b38	4	1.74345e-29	0.000e+00	0.000e+00
chr4_99134674_G_A_b38	4	1.74345e-29	0.000e+00	0.000e+00
chr4_99127658_G_A_b38	4	1.74345e-29	0.000e+00	0.000e+00
chr4_99131388_A_C_b38	4	1.74345e-29	0.000e+00	0.000e+00
chr4_99124349_T_G_b38	4	1.74345e-29	0.000e+00	0.000e+00
chr4_99136879_A_T_b38	4	1.74345e-29	0.000e+00	0.000e+00
chr4_99137511_T_C_b38	4	1.74345e-29	0.000e+00	0.000e+00
chr4_99124423_T_C_b38	4	1.74345e-29	0.000e+00	0.000e+00
chr4_99124953_T_C_b38	4	1.74345e-29	0.000e+00	0.000e+00
chr4_99125142_A_T_b38	4	1.74345e-29	0.000e+00	0.000e+00
chr4_99133046_G_T_b38	4	1.74345e-29	0.000e+00	0.000e+00
chr4_99126661_G_A_b38	4	1.74345e-29	0.000e+00	0.000e+00
chr4_99130790_C_T_b38	4	1.74345e-29	0.000e+00	0.000e+00
chr4_99132965_C_T_b38	4	1.74345e-29	0.000e+00	0.000e+00
chr4_99124496_A_G_b38	4	1.74345e-29	0.000e+00	0.000e+00
chr4_99137576_C_T_b38	4	1.74345e-29	0.000e+00	0.000e+00
chr4_99134604_T_C_b38	4	1.74345e-29	0.000e+00	0.000e+00
chr4_99130152_T_C_b38	4	1.74345e-29	0.000e+00	0.000e+00
chr4_99138581_T_A_b38	4	1.74345e-29	0.000e+00	0.000e+00
chr4_99129936_A_G_b38	4	1.74345e-29	0.000e+00	0.000e+00
chr4_99137043_G_A_b38	4	1.74345e-29	0.000e+00	0.000e+00
chr4_99133572_G_C_b38	4	1.74345e-29	0.000e+00	0.000e+00
chr4_99138161_G_A_b38	4	1.74345e-29	0.000e+00	0.000e+00
chr4_99129377_A_G_b38	4	1.74345e-29	0.000e+00	0.000e+00
chr4_99127358_T_C_b38	4	1.74345e-29	0.000e+00	0.000e+00
chr4_99132710_T_C_b38	4	1.74345e-29	0.000e+00	0.000e+00
chr4_99125056_A_G_b38	4	1.74345e-29	0.000e+00	0.000e+00
chr4_99134022_A_G_b38	4	1.74345e-29	0.000e+00	0.000e+00
chr4_99134757_T_C_b38	4	1.74345e-29	0.000e+00	0.000e+00
chr4_99130582_A_G_b38	4	1.74345e-29	0.000e+00	0.000e+00
chr4_99128102_T_G_b38	4	1.74345e-29	0.000e+00	0.000e+00
chr4_99124823_T_C_b38	4	1.74345e-29	0.000e+00	0.000e+00
chr4_99133819_A_G_b38	4	1.74345e-29	0.000e+00	0.000e+00
chr4_99129823_C_G_b38	4	1.74345e-29	0.000e+00	0.000e+00
chr4_99128201_A_G_b38	4	1.74345e-29	0.000e+00	0.000e+00
chr4_99130901_TAAAG_T_b38	4	1.74345e-29	0.000e+00	0.000e+00
chr4_99129168_A_T_b38	4	1.74345e-29	0.000e+00	0.000e+00
chr4_99131233_G_A_b38	4	1.74345e-29	0.000e+00	0.000e+00
chr4_99130405_A_T_b38	4	1.74345e-29	0.000e+00	0.000e+00
chr4_99132740_A_G_b38	4	1.74345e-29	0.000e+00	0.000e+00
chr4_99125503_G_C_b38	4	1.74345e-29	0.000e+00	0.000e+00
chr4_99134424_A_G_b38	4	1.74345e-29	0.000e+00	0.000e+00
chr4_99124940_G_C_b38	4	1.74345e-29	0.000e+00	0.000e+00
chr4_99131874_G_T_b38	4	1.74345e-29	0.000e+00	0.000e+00
chr4_99130571_T_C_b38	4	1.74345e-29	0.000e+00	0.000e+00
chr4_99133161_A_G_b38	4	1.74345e-29	0.000e+00	0.000e+00
chr4_99131940_T_C_b38	4	1.74345e-29	0.000e+00	0.000e+00
chr4_99135869_G_A_b38	4	1.74345e-29	0.000e+00	0.000e+00
chr4_99134588_G_A_b38	4	1.74345e-29	0.000e+00	0.000e+00
chr4_99126222_G_A_b38	4	1.74345e-29	0.000e+00	0.000e+00
chr4_99129635_C_A_b38	4	1.74345e-29	0.000e+00	0.000e+00
chr4_99137546_C_G_b38	4	1.74345e-29	0.000e+00	0.000e+00
chr4_99137104_T_C_b38	4	1.74345e-29	0.000e+00	0.000e+00
chr4_99136707_T_TA_b38	4	1.74345e-29	0.000e+00	0.000e+00
chr4_99137376_T_G_b38	4	1.74345e-29	0.000e+00	0.000e+00
chr4_99134909_G_A_b38	4	1.74345e-29	0.000e+00	0.000e+00
chr4_99133693_A_G_b38	4	1.74345e-29	0.000e+00	0.000e+00
chr4_99137988_T_C_b38	4	1.74345e-29	0.000e+00	0.000e+00
chr4_99133093_G_T_b38	4	1.74345e-29	0.000e+00	0.000e+00
chr4_99125529_T_C_b38	4	1.74345e-29	0.000e+00	0.000e+00
chr4_99125672_A_G_b38	4	1.74345e-29	0.000e+00	0.000e+00
chr4_99130726_T_C_b38	4	1.74345e-29	0.000e+00	0.000e+00
chr4_99124689_C_T_b38	4	1.74345e-29	0.000e+00	0.000e+00
chr4_99138468_G_T_b38	4	1.60204e-29	0.000e+00	0.000e+00
chr4_99131812_C_CT_b38	4	1.51033e-29	0.000e+00	0.000e+00
chr4_99137186_G_A_b38	4	1.24884e-29	0.000e+00	0.000e+00
chr4_99137188_C_T_b38	4	1.24884e-29	0.000e+00	0.000e+00
chr4_99123671_T_C_b38	4	9.71910e-30	0.000e+00	0.000e+00
chr4_99122133_C_T_b38	4	9.71910e-30	0.000e+00	0.000e+00
chr4_99123248_A_AAT_b38	4	9.71910e-30	0.000e+00	0.000e+00
chr4_99122028_C_T_b38	4	9.71910e-30	0.000e+00	0.000e+00
chr4_99122354_T_G_b38	4	9.71910e-30	0.000e+00	0.000e+00
chr4_99122038_G_A_b38	4	9.71910e-30	0.000e+00	0.000e+00
chr4_99122501_A_G_b38	4	9.71910e-30	0.000e+00	0.000e+00
chr4_99107994_C_A_b38	4	9.65176e-30	0.000e+00	0.000e+00
chr4_99104715_G_C_b38	4	9.65176e-30	0.000e+00	0.000e+00
chr4_99106200_G_A_b38	4	9.65176e-30	0.000e+00	0.000e+00
chr4_99122944_G_T_b38	4	9.50773e-30	0.000e+00	0.000e+00
chr4_99122962_G_C_b38	4	9.50773e-30	0.000e+00	0.000e+00
chr4_99122960_A_G_b38	4	9.50773e-30	0.000e+00	0.000e+00
chr4_99080504_CTTTT_C_b38	4	8.30915e-30	0.000e+00	0.000e+00
chr4_99081221_C_T_b38	4	8.30915e-30	0.000e+00	0.000e+00
chr4_99141065_G_A_b38	4	7.94972e-30	0.000e+00	0.000e+00
chr4_99068108_G_A_b38	4	7.69956e-30	0.000e+00	0.000e+00
chr4_99083500_C_T_b38	4	6.70201e-30	0.000e+00	0.000e+00
chr4_99069035_T_C_b38	4	6.07404e-30	0.000e+00	0.000e+00
chr4_99139748_C_T_b38	4	6.04570e-30	0.000e+00	0.000e+00
chr4_99141279_A_G_b38	4	6.04570e-30	0.000e+00	0.000e+00
chr4_99139362_C_T_b38	4	6.04570e-30	0.000e+00	0.000e+00
chr4_99140094_G_T_b38	4	6.04570e-30	0.000e+00	0.000e+00
chr4_99139643_A_G_b38	4	6.04570e-30	0.000e+00	0.000e+00
chr4_99139472_C_T_b38	4	6.04570e-30	0.000e+00	0.000e+00
chr4_99139387_A_G_b38	4	6.04570e-30	0.000e+00	0.000e+00
chr4_99140411_T_C_b38	4	6.04570e-30	0.000e+00	0.000e+00
chr4_99143082_G_A_b38	4	6.04570e-30	0.000e+00	0.000e+00
chr4_99140541_T_A_b38	4	6.04570e-30	0.000e+00	0.000e+00
chr4_99140633_C_T_b38	4	6.04570e-30	0.000e+00	0.000e+00
chr4_99143175_A_T_b38	4	6.04570e-30	0.000e+00	0.000e+00
chr4_99141315_G_A_b38	4	6.04570e-30	0.000e+00	0.000e+00
chr4_99139731_A_G_b38	4	6.04570e-30	0.000e+00	0.000e+00
chr4_99140237_T_C_b38	4	6.04570e-30	0.000e+00	0.000e+00
chr4_99140376_G_C_b38	4	6.04570e-30	0.000e+00	0.000e+00
chr4_99143705_TA_T_b38	4	6.04570e-30	0.000e+00	0.000e+00
chr4_99139922_A_G_b38	4	6.04570e-30	0.000e+00	0.000e+00
chr4_99141524_T_G_b38	4	6.04570e-30	0.000e+00	0.000e+00
chr4_99066177_A_T_b38	4	5.51693e-30	0.000e+00	0.000e+00
chr4_99139339_A_T_b38	4	5.37700e-30	0.000e+00	0.000e+00
chr4_99145535_C_T_b38	4	5.13076e-30	0.000e+00	0.000e+00
chr4_99071924_C_A_b38	4	4.53212e-30	0.000e+00	0.000e+00
chr4_99097887_G_T_b38	4	4.41440e-30	0.000e+00	0.000e+00
chr4_99114767_T_C_b38	4	3.47812e-30	0.000e+00	0.000e+00
chr4_99140686_G_A_b38	4	1.86391e-30	0.000e+00	0.000e+00
chr4_99109237_C_T_b38	4	1.59222e-30	0.000e+00	0.000e+00
chr4_99105332_C_T_b38	4	1.59222e-30	0.000e+00	0.000e+00
chr4_99109589_T_C_b38	4	1.59222e-30	0.000e+00	0.000e+00
chr4_99104958_T_C_b38	4	1.59222e-30	0.000e+00	0.000e+00
chr4_99106351_C_T_b38	4	1.59222e-30	0.000e+00	0.000e+00
chr4_99112070_A_G_b38	4	1.59222e-30	0.000e+00	0.000e+00
chr4_99110570_C_G_b38	4	1.59222e-30	0.000e+00	0.000e+00
chr4_99099271_G_T_b38	4	1.59222e-30	0.000e+00	0.000e+00
chr4_99110564_T_A_b38	4	1.59222e-30	0.000e+00	0.000e+00
chr4_99099190_A_G_b38	4	1.59222e-30	0.000e+00	0.000e+00
chr4_99105836_CA_C_b38	4	1.59222e-30	0.000e+00	0.000e+00
chr4_99112835_C_T_b38	4	1.59222e-30	0.000e+00	0.000e+00
chr4_99099973_T_C_b38	4	1.59222e-30	0.000e+00	0.000e+00
chr4_99101331_G_A_b38	4	1.59222e-30	0.000e+00	0.000e+00
chr4_99107483_C_A_b38	4	1.59222e-30	0.000e+00	0.000e+00
chr4_99107500_C_T_b38	4	1.59222e-30	0.000e+00	0.000e+00
chr4_99109167_G_A_b38	4	1.59222e-30	0.000e+00	0.000e+00
chr4_99117049_G_A_b38	4	6.58496e-31	0.000e+00	0.000e+00
chr4_99117452_G_A_b38	4	6.30879e-31	0.000e+00	0.000e+00
chr4_99118427_C_T_b38	4	6.30879e-31	0.000e+00	0.000e+00
chr4_99116202_A_T_b38	4	6.30879e-31	0.000e+00	0.000e+00
chr4_99118344_C_G_b38	4	6.30879e-31	0.000e+00	0.000e+00
chr4_99117365_T_G_b38	4	6.30879e-31	0.000e+00	0.000e+00
chr4_99115842_C_A_b38	4	4.05270e-31	0.000e+00	0.000e+00
chr4_99129049_C_A_b38	4	3.92685e-31	0.000e+00	0.000e+00
chr4_99119979_C_G_b38	4	2.99040e-31	0.000e+00	0.000e+00
chr4_99155659_C_T_b38	4	1.79551e-31	0.000e+00	0.000e+00
chr4_99088445_C_G_b38	5	1.82327e-04	0.000e+00	0.000e+00
chr4_99088977_C_T_b38	5	1.82327e-04	0.000e+00	0.000e+00
chr4_99088976_C_T_b38	5	1.82327e-04	0.000e+00	0.000e+00
chr4_99087853_A_T_b38	5	4.69133e-26	0.000e+00	0.000e+00
chr4_99093397_G_A_b38	5	2.77135e-26	0.000e+00	0.000e+00
chr4_99093398_A_G_b38	5	2.77135e-26	0.000e+00	0.000e+00
chr4_99092867_T_C_b38	5	2.77135e-26	0.000e+00	0.000e+00
chr4_99095747_G_T_b38	5	1.79138e-26	0.000e+00	0.000e+00
chr4_99094225_AT_A_b38	5	1.79138e-26	0.000e+00	0.000e+00
chr4_99065165_G_C_b38	5	1.65320e-26	0.000e+00	0.000e+00
chr4_99077882_T_C_b38	5	1.57218e-26	0.000e+00	0.000e+00
chr4_99073304_G_A_b38	5	1.57218e-26	0.000e+00	0.000e+00
chr4_99098633_G_C_b38	5	1.37324e-26	0.000e+00	0.000e+00
chr4_99098284_C_T_b38	5	1.37324e-26	0.000e+00	0.000e+00
chr4_99103732_A_G_b38	5	6.50263e-27	0.000e+00	0.000e+00
chr4_99109745_C_T_b38	5	6.50263e-27	0.000e+00	0.000e+00
chr4_99103577_C_G_b38	5	6.50263e-27	0.000e+00	0.000e+00
chr4_99106386_A_C_b38	5	6.50263e-27	0.000e+00	0.000e+00
chr4_99133637_AT_A_b38	5	5.09517e-27	0.000e+00	0.000e+00
chr4_99117657_C_T_b38	5	3.05681e-27	0.000e+00	0.000e+00
chr4_99121111_A_G_b38	5	2.42473e-27	0.000e+00	0.000e+00
chr4_99126778_G_A_b38	5	1.71143e-27	0.000e+00	0.000e+00
