chr9_33691385_A_C_b38	1	2.94025e-02	9.608e-01	2.416e-01
chr9_33684438_C_T_b38	1	2.69310e-02	9.812e-01	2.292e-01
chr9_33685837_C_T_b38	1	2.41302e-02	9.608e-01	2.416e-01
chr9_33687890_C_T_b38	1	2.41302e-02	9.608e-01	2.416e-01
chr9_33688471_T_A_b38	1	2.41302e-02	9.608e-01	2.416e-01
chr9_33687193_A_G_b38	1	2.41302e-02	9.608e-01	2.416e-01
chr9_33687513_C_G_b38	1	2.41302e-02	9.608e-01	2.416e-01
chr9_33687631_C_T_b38	1	2.41302e-02	9.608e-01	2.416e-01
chr9_33686112_A_G_b38	1	2.41302e-02	9.608e-01	2.416e-01
chr9_33717760_A_T_b38	1	1.26916e-02	9.608e-01	2.416e-01
chr9_33710242_C_T_b38	1	1.26916e-02	9.608e-01	2.416e-01
chr9_33716806_A_C_b38	1	1.26916e-02	9.608e-01	2.416e-01
chr9_33719797_T_C_b38	1	1.26916e-02	9.608e-01	2.416e-01
chr9_33679778_G_A_b38	1	1.05095e-02	9.608e-01	2.416e-01
chr9_33679356_G_A_b38	1	1.05095e-02	9.608e-01	2.416e-01
chr9_33673798_C_A_b38	1	1.05095e-02	9.608e-01	2.416e-01
chr9_33677476_C_T_b38	1	1.05095e-02	9.608e-01	2.416e-01
chr9_33674503_C_T_b38	1	1.05095e-02	9.608e-01	2.416e-01
chr9_33683800_C_G_b38	1	1.05095e-02	9.608e-01	2.416e-01
chr9_33679508_G_A_b38	1	1.05095e-02	9.608e-01	2.416e-01
chr9_33677351_GT_G_b38	1	1.05095e-02	9.608e-01	2.416e-01
chr9_33672538_C_A_b38	1	1.05095e-02	9.608e-01	2.416e-01
chr9_33678307_G_A_b38	1	1.05095e-02	9.608e-01	2.416e-01
chr9_33677004_C_G_b38	1	1.05095e-02	9.608e-01	2.416e-01
chr9_33673937_C_T_b38	1	1.05095e-02	9.608e-01	2.416e-01
chr9_33672393_T_C_b38	1	1.05095e-02	9.608e-01	2.416e-01
chr9_33683569_G_C_b38	1	1.05095e-02	9.608e-01	2.416e-01
chr9_33682137_C_CGT_b38	1	1.05095e-02	9.608e-01	2.416e-01
chr9_33676829_G_T_b38	1	1.05095e-02	9.608e-01	2.416e-01
chr9_33683742_T_C_b38	1	1.05095e-02	9.608e-01	2.416e-01
chr9_33685273_C_T_b38	1	1.05095e-02	9.608e-01	2.416e-01
chr9_33677151_G_C_b38	1	1.05095e-02	9.608e-01	2.416e-01
chr9_33681450_A_C_b38	1	1.05095e-02	9.608e-01	2.416e-01
chr9_33676175_C_T_b38	1	1.05095e-02	9.608e-01	2.416e-01
chr9_33672344_T_A_b38	1	1.05095e-02	9.608e-01	2.416e-01
chr9_33685399_G_A_b38	1	1.05095e-02	9.608e-01	2.416e-01
chr9_33676775_G_C_b38	1	1.05095e-02	9.608e-01	2.416e-01
chr9_33679602_ATG_A_b38	1	1.05095e-02	9.608e-01	2.416e-01
chr9_33677170_T_TC_b38	1	1.05095e-02	9.608e-01	2.416e-01
chr9_33684949_T_C_b38	1	1.05095e-02	9.608e-01	2.416e-01
chr9_33677341_A_C_b38	1	1.05095e-02	9.608e-01	2.416e-01
chr9_33681811_G_A_b38	1	1.05095e-02	9.608e-01	2.416e-01
chr9_33677182_A_G_b38	1	1.05095e-02	9.608e-01	2.416e-01
chr9_33682141_A_C_b38	1	1.05095e-02	9.608e-01	2.416e-01
chr9_33680994_T_C_b38	1	1.05095e-02	9.608e-01	2.416e-01
chr9_33680603_G_T_b38	1	1.05095e-02	9.608e-01	2.416e-01
chr9_33673794_A_G_b38	1	1.05095e-02	9.608e-01	2.416e-01
chr9_33677187_G_C_b38	1	9.77037e-03	9.538e-01	2.415e-01
chr9_33696246_G_T_b38	1	7.08788e-03	6.409e-01	2.994e-01
chr9_33669376_A_G_b38	1	4.73985e-03	1.009e+00	2.509e-01
chr9_33666450_G_A_b38	1	4.47331e-03	9.609e-01	2.416e-01
chr9_33662952_T_C_b38	1	4.47331e-03	9.609e-01	2.416e-01
chr9_33664734_C_G_b38	1	4.47331e-03	9.609e-01	2.416e-01
chr9_33662595_G_A_b38	1	4.47331e-03	9.609e-01	2.416e-01
chr9_33666718_T_C_b38	1	4.47331e-03	9.609e-01	2.416e-01
chr9_33667566_C_T_b38	1	4.47331e-03	9.609e-01	2.416e-01
chr9_33662559_G_C_b38	1	4.47331e-03	9.609e-01	2.416e-01
chr9_33669651_A_G_b38	1	4.47331e-03	9.609e-01	2.416e-01
chr9_33663770_T_G_b38	1	4.47331e-03	9.609e-01	2.416e-01
chr9_33669134_G_A_b38	1	4.47331e-03	9.609e-01	2.416e-01
chr9_33662426_G_A_b38	1	4.47331e-03	9.609e-01	2.416e-01
chr9_33662085_G_T_b38	1	4.47331e-03	9.609e-01	2.416e-01
chr9_33669386_A_G_b38	1	4.47331e-03	9.609e-01	2.416e-01
chr9_33662916_C_G_b38	1	4.47331e-03	9.609e-01	2.416e-01
chr9_33667157_T_C_b38	1	4.47331e-03	9.609e-01	2.416e-01
chr9_33667282_G_A_b38	1	4.47331e-03	9.609e-01	2.416e-01
chr9_33663503_C_T_b38	1	4.47331e-03	9.609e-01	2.416e-01
chr9_33667496_T_A_b38	1	4.47331e-03	9.609e-01	2.416e-01
chr9_33667639_G_A_b38	1	4.47331e-03	9.609e-01	2.416e-01
chr9_33662787_A_C_b38	1	4.47331e-03	9.609e-01	2.416e-01
chr9_33732649_C_G_b38	1	4.10732e-03	9.609e-01	2.416e-01
chr9_33721195_C_T_b38	1	4.10732e-03	9.609e-01	2.416e-01
chr9_33681448_A_C_b38	1	1.88974e-03	7.667e-01	2.347e-01
chr9_33700437_T_G_b38	1	7.38995e-04	6.405e-01	2.995e-01
chr9_33691075_G_A_b38	1	6.86289e-04	6.405e-01	2.995e-01
chr9_33692397_C_G_b38	1	6.86289e-04	6.405e-01	2.995e-01
chr9_33688184_C_T_b38	1	5.63331e-04	6.404e-01	2.995e-01
chr9_33686226_A_C_b38	1	5.63331e-04	6.404e-01	2.995e-01
chr9_33690228_G_A_b38	1	5.63331e-04	6.404e-01	2.995e-01
chr9_33689673_A_G_b38	1	5.63331e-04	6.404e-01	2.995e-01
chr9_33701988_A_G_b38	1	5.19905e-04	6.404e-01	2.995e-01
chr9_33701370_A_G_b38	1	5.19905e-04	6.404e-01	2.995e-01
chr9_33718727_TTG_T_b38	1	2.96536e-04	6.404e-01	2.995e-01
chr9_33716970_G_C_b38	1	2.96536e-04	6.404e-01	2.995e-01
chr9_33720182_C_T_b38	1	2.96536e-04	6.404e-01	2.995e-01
chr9_33715040_CCAACAACAGCAAAACACACCT_C_b38	1	2.84528e-04	6.321e-01	2.994e-01
chr9_33695732_T_C_b38	2	1.16263e-02	1.656e-01	1.169e-01
chr9_33696707_TTAAAAA_T_b38	2	1.01460e-02	-2.420e-01	1.163e-01
chr9_33698806_G_T_b38	2	3.38223e-03	-2.420e-01	1.163e-01
chr9_33704676_T_G_b38	2	2.46227e-03	2.366e-01	1.153e-01
chr9_33700903_C_T_b38	2	2.46227e-03	2.366e-01	1.153e-01
chr9_33699331_A_G_b38	2	2.37390e-03	-2.323e-01	1.239e-01
chr9_33692211_T_G_b38	2	2.14916e-03	-2.418e-01	1.321e-01
chr9_33674679_C_T_b38	2	1.12090e-03	-2.419e-01	1.165e-01
chr9_33680618_A_C_b38	2	1.12090e-03	-2.419e-01	1.165e-01
chr9_33704586_G_GGC_b38	2	1.11345e-03	1.870e-01	1.183e-01
chr9_33704587_T_TTTGCACTACGGG_b38	2	1.11345e-03	1.870e-01	1.183e-01
chr9_33688472_T_A_b38	2	9.39516e-04	1.671e-01	1.185e-01
chr9_33680504_G_T_b38	2	8.37767e-04	2.204e-01	1.158e-01
chr9_33670887_C_T_b38	2	7.86956e-04	-2.295e-01	1.255e-01
chr9_33717586_A_G_b38	2	5.30250e-04	-1.990e-01	1.379e-01
chr9_33711248_T_C_b38	2	4.43068e-04	1.675e-01	1.189e-01
chr9_33716777_T_G_b38	2	4.43068e-04	1.675e-01	1.189e-01
chr9_33713525_G_A_b38	2	4.43068e-04	1.675e-01	1.189e-01
chr9_33711247_A_T_b38	2	4.43068e-04	1.675e-01	1.189e-01
chr9_33721937_A_G_b38	2	3.92195e-04	-2.427e-01	1.181e-01
chr9_33671781_T_C_b38	2	3.66889e-04	1.698e-01	1.210e-01
chr9_33673027_T_C_b38	2	3.66889e-04	1.698e-01	1.210e-01
chr9_33682234_C_T_b38	2	3.66889e-04	1.698e-01	1.210e-01
chr9_33683010_C_G_b38	2	3.66889e-04	1.698e-01	1.210e-01
chr9_33685364_A_G_b38	2	3.66889e-04	1.698e-01	1.210e-01
chr9_33743490_G_A_b38	2	3.65774e-04	-2.405e-01	1.197e-01
chr9_33741594_G_C_b38	2	3.65774e-04	-2.405e-01	1.197e-01
chr9_33664302_T_A_b38	2	3.17953e-04	2.284e-01	1.187e-01
chr9_33667254_C_T_b38	2	2.96770e-04	-2.246e-01	1.284e-01
chr9_33669942_G_A_b38	2	2.89410e-04	-2.358e-01	1.368e-01
chr9_33733862_T_G_b38	2	2.88579e-04	2.305e-01	1.193e-01
chr9_33721010_T_G_b38	2	8.39892e-05	-1.834e-01	1.422e-01
chr9_33745605_G_T_b38	2	7.01797e-05	1.586e-01	1.243e-01
chr9_33739702_T_G_b38	2	7.01797e-05	1.586e-01	1.243e-01
chr9_33739742_T_C_b38	2	7.01797e-05	1.586e-01	1.243e-01
chr9_33731381_T_C_b38	2	6.58502e-05	1.503e-01	1.233e-01
chr9_33748876_C_T_b38	2	2.72689e-05	-2.326e-01	1.242e-01
chr9_33695645_G_T_b38	3	1.45077e-03	-5.377e-02	1.095e-01
chr9_33696332_G_A_b38	3	4.29613e-04	-5.377e-02	1.095e-01
chr9_33698116_C_T_b38	3	1.93222e-04	-5.377e-02	1.095e-01
chr9_33698349_G_A_b38	3	1.44754e-04	-5.377e-02	1.095e-01
chr9_33685785_A_AT_b38	3	1.10345e-04	-5.377e-02	1.095e-01
chr9_33703254_C_T_b38	3	1.03457e-04	-5.826e-02	1.093e-01
chr9_33705687_C_T_b38	3	1.01838e-04	-5.377e-02	1.095e-01
chr9_33719130_T_G_b38	3	5.80851e-05	-5.377e-02	1.095e-01
chr9_33715977_A_G_b38	3	5.80851e-05	-5.377e-02	1.095e-01
chr9_33719341_A_G_b38	3	5.80851e-05	-5.377e-02	1.095e-01
chr9_33711236_C_G_b38	3	5.80851e-05	-5.377e-02	1.095e-01
chr9_33684803_G_T_b38	3	4.80983e-05	-5.377e-02	1.095e-01
chr9_33683477_C_G_b38	3	4.80983e-05	-5.377e-02	1.095e-01
chr9_33671179_C_T_b38	3	4.53081e-05	-3.584e-02	1.083e-01
chr9_33670416_A_C_b38	3	2.02260e-05	-4.999e-02	1.081e-01
chr9_33727756_G_C_b38	3	1.95231e-05	-5.824e-02	1.125e-01
chr9_33667346_G_T_b38	3	1.94338e-05	-3.584e-02	1.083e-01
chr9_33665231_G_T_b38	3	1.94338e-05	-3.584e-02	1.083e-01
chr9_33666418_G_A_b38	3	1.94338e-05	-3.584e-02	1.083e-01
chr9_33739743_G_A_b38	3	1.89426e-05	-5.377e-02	1.095e-01
chr9_33740354_T_G_b38	3	1.89426e-05	-5.377e-02	1.095e-01
chr9_33741081_T_TA_b38	3	1.89426e-05	-5.377e-02	1.095e-01
chr9_33734536_A_T_b38	3	1.89426e-05	-5.377e-02	1.095e-01
chr9_33725651_C_T_b38	3	1.89426e-05	-5.377e-02	1.095e-01
