chr19_10654238_G_A_b38	1	1.39032e-01	-7.927e-02	2.594e-02
chr19_10654191_C_G_b38	1	1.39032e-01	-7.927e-02	2.594e-02
chr19_10653527_G_T_b38	1	5.51445e-02	-7.927e-02	2.594e-02
chr19_10655143_C_T_b38	1	5.39066e-02	-7.927e-02	2.594e-02
chr19_10649305_G_C_b38	1	2.14352e-02	-8.166e-02	2.557e-02
chr19_10656122_A_C_b38	1	1.69658e-02	-7.816e-02	2.709e-02
chr19_10647643_C_T_b38	1	1.50791e-02	-8.533e-02	2.622e-02
chr19_10649331_G_A_b38	1	1.33033e-02	-8.130e-02	2.693e-02
chr19_10645555_TG_T_b38	1	1.26006e-02	-8.166e-02	2.557e-02
chr19_10647777_G_A_b38	1	1.26006e-02	-8.166e-02	2.557e-02
chr19_10667497_G_A_b38	1	9.98272e-03	-8.424e-02	2.550e-02
chr19_10662009_G_C_b38	1	9.70358e-03	-7.927e-02	2.594e-02
chr19_10660107_A_G_b38	1	9.70358e-03	-7.927e-02	2.594e-02
chr19_10663947_G_A_b38	1	9.63925e-03	-8.300e-02	2.721e-02
chr19_10634131_C_T_b38	1	9.41747e-03	-8.538e-02	2.590e-02
chr19_10648766_G_A_b38	1	8.58595e-03	-7.927e-02	2.594e-02
chr19_10645756_G_A_b38	1	8.58595e-03	-7.927e-02	2.594e-02
chr19_10645723_T_C_b38	1	8.52903e-03	-8.300e-02	2.721e-02
chr19_10635088_T_C_b38	1	7.54049e-03	-8.837e-02	2.747e-02
chr19_10667971_A_G_b38	1	7.27705e-03	-8.660e-02	2.713e-02
chr19_10668087_A_T_b38	1	7.22807e-03	-8.166e-02	2.557e-02
chr19_10637445_C_T_b38	1	7.00863e-03	-8.649e-02	2.710e-02
chr19_10644740_C_CCT_b38	1	6.96661e-03	-8.146e-02	2.739e-02
chr19_10659629_C_T_b38	1	6.33184e-03	-7.337e-02	2.531e-02
chr19_10645392_C_CTG_b38	1	6.11714e-03	-7.927e-02	2.710e-02
chr19_10639439_TG_T_b38	1	6.00383e-03	-8.475e-02	2.701e-02
chr19_10659616_A_G_b38	1	5.81987e-03	-7.748e-02	2.710e-02
chr19_10676864_T_C_b38	1	5.28194e-03	-8.382e-02	2.723e-02
chr19_10664334_G_A_b38	1	4.89252e-03	-8.300e-02	2.721e-02
chr19_10643724_A_G_b38	1	4.75271e-03	-7.927e-02	2.594e-02
chr19_10637397_C_G_b38	1	4.57423e-03	-8.349e-02	2.749e-02
chr19_10657114_G_A_b38	1	4.56677e-03	-6.773e-02	2.623e-02
chr19_10659298_T_C_b38	1	4.41824e-03	-7.455e-02	2.712e-02
chr19_10642292_A_G_b38	1	4.09714e-03	-8.188e-02	2.732e-02
chr19_10661436_T_C_b38	1	3.95524e-03	-7.168e-02	2.648e-02
chr19_10678137_T_C_b38	1	3.73879e-03	-8.055e-02	2.731e-02
chr19_10677068_C_G_b38	1	3.17450e-03	-7.831e-02	2.713e-02
chr19_10670126_G_A_b38	1	3.17450e-03	-7.831e-02	2.713e-02
chr19_10660701_G_C_b38	1	2.93077e-03	-6.773e-02	2.623e-02
chr19_10638560_T_C_b38	1	2.89639e-03	-7.524e-02	2.623e-02
chr19_10638144_T_C_b38	1	2.89639e-03	-7.524e-02	2.623e-02
chr19_10684117_C_T_b38	1	2.66023e-03	-8.173e-02	2.540e-02
chr19_10640062_T_G_b38	1	2.61953e-03	-7.377e-02	2.606e-02
chr19_10683954_G_T_b38	1	1.96468e-03	-8.027e-02	2.579e-02
chr19_10679467_G_C_b38	1	1.87458e-03	-8.384e-02	2.712e-02
chr19_10644229_G_T_b38	1	1.68973e-03	-7.163e-02	2.705e-02
chr19_10670113_A_G_b38	1	1.59062e-03	-6.862e-02	2.627e-02
chr19_10689074_T_C_b38	1	1.39879e-03	-7.814e-02	2.616e-02
chr19_10655483_G_C_b38	2	4.87278e-03	8.236e-02	7.451e-02
chr19_10613999_C_A_b38	2	1.86689e-04	7.086e-02	7.209e-02
chr19_10577477_A_G_b38	2	4.98100e-05	6.005e-02	7.346e-02
