chr9_129505229_AC_A_b38	1	9.68504e-01	-4.946e-01	7.692e-02
chr9_129491640_G_A_b38	2	2.02638e-01	2.268e-01	5.717e-02
chr9_129495504_C_T_b38	2	1.31119e-01	2.290e-01	5.616e-02
chr9_129482900_A_ACACGGCCTCGGGGC_b38	2	1.23526e-01	-1.863e-01	5.651e-02
chr9_129475665_T_C_b38	2	5.52607e-02	-2.065e-01	5.758e-02
chr9_129474898_G_A_b38	2	3.12787e-02	-1.917e-01	5.625e-02
chr9_129471599_A_AAAGGGC_b38	2	2.59741e-02	-2.064e-01	5.710e-02
chr9_129472636_T_C_b38	2	9.80623e-03	-1.895e-01	5.765e-02
chr9_129474429_C_T_b38	2	8.63236e-03	-1.643e-01	5.598e-02
chr9_129471067_A_T_b38	2	7.67900e-03	-1.824e-01	5.710e-02
chr9_129459746_T_C_b38	2	7.49490e-03	-1.821e-01	5.779e-02
chr9_129471320_G_C_b38	2	6.30285e-03	-1.758e-01	5.632e-02
chr9_129471434_A_G_b38	2	6.30285e-03	-1.758e-01	5.632e-02
chr9_129471724_CT_C_b38	2	6.30285e-03	-1.758e-01	5.632e-02
chr9_129465585_G_A_b38	2	5.94240e-03	-1.784e-01	5.840e-02
chr9_129465038_T_C_b38	2	5.84180e-03	-1.787e-01	5.857e-02
chr9_129465238_T_C_b38	2	5.84180e-03	-1.787e-01	5.857e-02
chr9_129459221_A_G_b38	2	4.47040e-03	-1.743e-01	5.891e-02
chr9_129463017_T_C_b38	2	3.31384e-03	-1.669e-01	5.867e-02
chr9_129464012_C_A_b38	2	3.31384e-03	-1.669e-01	5.867e-02
chr9_129473243_C_G_b38	2	2.80605e-03	-1.614e-01	5.744e-02
chr9_129463772_C_CTGCCG_b38	2	2.21332e-03	-1.584e-01	5.912e-02
chr9_129503049_A_T_b38	3	4.09768e-02	-2.362e-01	6.775e-02
chr9_129508234_T_C_b38	3	2.92090e-03	-1.649e-01	6.474e-02
chr9_129497800_C_T_b38	3	9.54512e-04	-1.449e-01	7.490e-02
chr9_129474309_C_T_b38	4	2.56631e-03	-7.075e-01	2.186e-01
chr9_129473815_T_C_b38	4	2.56631e-03	-7.075e-01	2.186e-01
chr9_129475235_G_A_b38	4	2.27268e-04	-5.370e-01	2.382e-01
chr9_129473955_C_T_b38	4	2.27268e-04	-5.370e-01	2.382e-01
chr9_129476735_A_G_b38	4	1.78396e-04	-5.054e-01	2.373e-01
chr9_129478001_TCCTGA_T_b38	4	1.78396e-04	-5.054e-01	2.373e-01
