chr20_44900321_G_T_b38	1	4.95885e-02	1.690e-01	4.791e-02
chr20_44907814_C_T_b38	1	4.95607e-02	1.551e-01	4.852e-02
chr20_44914026_T_C_b38	1	4.49127e-02	1.529e-01	4.612e-02
chr20_44915887_A_G_b38	1	3.75582e-02	1.482e-01	4.413e-02
chr20_44909956_G_T_b38	1	3.14069e-02	1.110e-01	4.838e-02
chr20_44899880_G_A_b38	1	2.86727e-02	1.690e-01	4.791e-02
chr20_44886629_C_T_b38	1	2.86727e-02	1.690e-01	4.791e-02
chr20_44894193_C_T_b38	1	2.86727e-02	1.690e-01	4.791e-02
chr20_44888400_C_T_b38	1	2.86727e-02	1.690e-01	4.791e-02
chr20_44896322_C_T_b38	1	2.86727e-02	1.690e-01	4.791e-02
chr20_44903797_T_C_b38	1	2.57243e-02	1.596e-01	4.831e-02
chr20_44912542_G_C_b38	1	9.85330e-03	1.172e-01	4.680e-02
chr20_44874635_C_A_b38	1	8.73292e-03	1.819e-01	5.216e-02
chr20_44918313_G_C_b38	1	6.98320e-03	1.224e-01	4.495e-02
chr20_44918221_A_T_b38	1	6.98320e-03	1.224e-01	4.495e-02
chr20_44919777_C_T_b38	1	6.78599e-03	1.211e-01	4.467e-02
chr20_44920039_T_G_b38	1	6.78599e-03	1.211e-01	4.467e-02
chr20_44920001_C_T_b38	1	6.78599e-03	1.211e-01	4.467e-02
chr20_44919790_A_G_b38	1	6.78599e-03	1.211e-01	4.467e-02
chr20_44908559_T_C_b38	1	6.19532e-03	1.125e-01	4.848e-02
chr20_44904645_T_G_b38	1	5.80972e-03	1.326e-01	4.856e-02
chr20_44911680_G_A_b38	1	5.51703e-03	1.039e-01	4.676e-02
chr20_44918896_A_G_b38	1	5.28288e-03	1.163e-01	4.464e-02
chr20_44917786_A_G_b38	1	5.28288e-03	1.163e-01	4.464e-02
chr20_44906262_G_A_b38	1	4.68705e-03	1.142e-01	4.838e-02
chr20_44914941_A_G_b38	1	4.47137e-03	1.106e-01	4.639e-02
chr20_44901038_T_C_b38	1	3.73094e-03	1.220e-01	4.808e-02
chr20_44922637_A_C_b38	1	3.68212e-03	1.246e-01	4.460e-02
chr20_44921404_A_T_b38	1	3.68212e-03	1.246e-01	4.460e-02
chr20_44901593_A_C_b38	1	3.63638e-03	1.212e-01	4.795e-02
chr20_44921212_T_C_b38	1	3.01830e-03	1.211e-01	4.467e-02
chr20_44894084_A_G_b38	1	2.51494e-03	1.256e-01	4.818e-02
chr20_44903747_A_G_b38	1	2.37962e-03	1.125e-01	4.848e-02
chr20_44887515_G_A_b38	1	2.34294e-03	1.336e-01	5.198e-02
chr20_44920098_A_G_b38	1	2.30548e-03	1.151e-01	4.437e-02
chr20_44885569_T_C_b38	1	2.15728e-03	1.220e-01	4.808e-02
chr20_44890896_A_G_b38	1	2.15728e-03	1.220e-01	4.808e-02
chr20_44885562_C_T_b38	1	2.15728e-03	1.220e-01	4.808e-02
chr20_44885696_G_T_b38	1	2.15728e-03	1.220e-01	4.808e-02
chr20_44899568_T_C_b38	1	2.15728e-03	1.220e-01	4.808e-02
chr20_44888560_A_G_b38	1	2.15728e-03	1.220e-01	4.808e-02
chr20_44898696_C_T_b38	1	2.15728e-03	1.220e-01	4.808e-02
chr20_44895564_C_A_b38	1	2.15728e-03	1.220e-01	4.808e-02
chr20_44891649_CAT_C_b38	1	1.55758e-03	1.147e-01	4.813e-02
chr20_44893533_C_G_b38	1	1.44380e-03	1.134e-01	4.833e-02
chr20_44932595_C_T_b38	2	1.87921e-02	-2.251e-01	7.269e-02
chr20_44933013_C_T_b38	2	1.23223e-03	-1.338e-01	7.791e-02
chr20_44933019_A_G_b38	2	1.23223e-03	-1.338e-01	7.791e-02
chr20_44932892_G_A_b38	2	1.23223e-03	-1.338e-01	7.791e-02
chr20_44932273_T_C_b38	2	1.23223e-03	-1.338e-01	7.791e-02
chr20_44930851_G_C_b38	2	1.03789e-03	-1.252e-01	7.921e-02
chr20_44931622_G_A_b38	2	8.48363e-04	-1.128e-01	7.661e-02
chr20_44936394_C_T_b38	2	4.51333e-04	-1.341e-01	7.792e-02
chr20_44935119_C_A_b38	2	4.51333e-04	-1.341e-01	7.792e-02
chr20_44936918_G_C_b38	2	3.53088e-04	-1.227e-01	7.680e-02
chr20_44937877_C_T_b38	2	3.34558e-04	-1.211e-01	7.869e-02
chr20_44938222_G_A_b38	2	2.74803e-04	-1.082e-01	7.832e-02
