chr12_8907456_T_C_b38	1	1.11169e-01	1.849e-01	3.398e-02
chr12_8908860_G_T_b38	1	6.29118e-02	1.807e-01	3.336e-02
chr12_8908347_T_C_b38	1	6.29118e-02	1.807e-01	3.336e-02
chr12_8910010_C_T_b38	1	4.30410e-02	1.831e-01	3.390e-02
chr12_8907800_T_C_b38	1	2.63815e-02	1.799e-01	3.369e-02
chr12_8905651_ACTCACCGCAACCTCTGC_A_b38	1	2.63815e-02	1.799e-01	3.369e-02
chr12_8907457_G_A_b38	1	2.63815e-02	1.799e-01	3.369e-02
chr12_8907964_A_G_b38	1	2.63815e-02	1.799e-01	3.369e-02
chr12_8909133_C_G_b38	1	2.63815e-02	1.799e-01	3.369e-02
chr12_8912327_A_C_b38	1	2.63815e-02	1.799e-01	3.369e-02
chr12_8907608_C_A_b38	1	2.63815e-02	1.799e-01	3.369e-02
chr12_8907429_C_T_b38	1	2.63815e-02	1.799e-01	3.369e-02
chr12_8908668_C_G_b38	1	2.63815e-02	1.799e-01	3.369e-02
chr12_8912576_G_T_b38	1	2.63815e-02	1.799e-01	3.369e-02
chr12_8906397_A_T_b38	1	2.43008e-02	1.698e-01	3.208e-02
chr12_8941952_A_G_b38	1	2.35120e-02	1.711e-01	3.444e-02
chr12_8901640_G_T_b38	1	2.25593e-02	1.770e-01	3.326e-02
chr12_8946937_T_C_b38	1	1.94887e-02	1.555e-01	3.214e-02
chr12_8913562_T_C_b38	1	1.58290e-02	1.769e-01	3.370e-02
chr12_8959409_C_T_b38	1	1.55148e-02	1.618e-01	3.328e-02
chr12_8959422_A_T_b38	1	1.55148e-02	1.618e-01	3.328e-02
chr12_8951069_T_G_b38	1	1.34908e-02	1.593e-01	3.454e-02
chr12_8938296_C_T_b38	1	1.22492e-02	1.709e-01	3.435e-02
chr12_8937490_G_A_b38	1	1.22492e-02	1.709e-01	3.435e-02
chr12_8938263_G_A_b38	1	1.22492e-02	1.709e-01	3.435e-02
chr12_8952013_T_C_b38	1	1.19976e-02	1.585e-01	3.458e-02
chr12_8952343_C_T_b38	1	8.30112e-03	1.563e-01	3.474e-02
chr12_8943153_T_C_b38	1	7.96177e-03	1.579e-01	3.313e-02
chr12_8928422_AC_A_b38	1	7.85974e-03	1.667e-01	3.411e-02
chr12_8953327_A_G_b38	1	7.35861e-03	1.585e-01	3.458e-02
chr12_8905722_C_CT_b38	1	7.22051e-03	1.627e-01	3.185e-02
chr12_8907338_A_G_b38	1	7.22051e-03	1.627e-01	3.185e-02
chr12_8905737_C_CAG_b38	1	7.22051e-03	1.627e-01	3.185e-02
chr12_8906479_T_A_b38	1	7.22051e-03	1.627e-01	3.185e-02
chr12_8906485_T_C_b38	1	7.22051e-03	1.627e-01	3.185e-02
chr12_8960165_A_G_b38	1	6.73380e-03	1.618e-01	3.328e-02
chr12_8968734_C_A_b38	1	6.73380e-03	1.618e-01	3.328e-02
chr12_8960985_A_G_b38	1	6.73380e-03	1.618e-01	3.328e-02
chr12_8963872_A_G_b38	1	6.73380e-03	1.618e-01	3.328e-02
chr12_8961647_T_C_b38	1	6.73380e-03	1.618e-01	3.328e-02
chr12_8971336_T_C_b38	1	6.73128e-03	1.620e-01	3.334e-02
chr12_8932335_G_A_b38	1	5.63610e-03	1.550e-01	3.184e-02
chr12_8938520_G_T_b38	1	5.53120e-03	1.556e-01	3.200e-02
chr12_8974903_C_CT_b38	1	5.42660e-03	1.753e-01	3.644e-02
chr12_8955848_C_T_b38	1	5.42145e-03	1.593e-01	3.454e-02
chr12_8958323_T_C_b38	1	5.42145e-03	1.593e-01	3.454e-02
chr12_8958321_CG_C_b38	1	5.42145e-03	1.593e-01	3.454e-02
chr12_8955522_T_TGG_b38	1	5.42145e-03	1.593e-01	3.454e-02
chr12_8955062_G_T_b38	1	4.82139e-03	1.585e-01	3.458e-02
chr12_8956388_G_A_b38	1	4.82139e-03	1.585e-01	3.458e-02
chr12_8958240_C_G_b38	1	4.82139e-03	1.585e-01	3.458e-02
chr12_8955077_T_C_b38	1	4.82139e-03	1.585e-01	3.458e-02
chr12_8959955_A_G_b38	1	4.82139e-03	1.585e-01	3.458e-02
chr12_8958397_T_C_b38	1	2.98358e-03	1.580e-01	3.453e-02
chr12_8959259_C_G_b38	1	2.98358e-03	1.580e-01	3.453e-02
chr12_8956312_C_A_b38	1	2.98358e-03	1.580e-01	3.453e-02
chr12_8975008_A_G_b38	1	2.92425e-03	1.609e-01	3.370e-02
chr12_8972244_A_G_b38	1	2.92425e-03	1.609e-01	3.370e-02
chr12_8974511_C_CT_b38	1	2.92425e-03	1.609e-01	3.370e-02
chr12_8932074_A_T_b38	1	2.24638e-03	1.601e-01	3.402e-02
chr12_8964170_T_C_b38	1	1.83600e-03	1.618e-01	3.448e-02
chr12_8961029_TCATTATTATTTC_T_b38	1	1.83600e-03	1.618e-01	3.448e-02
chr12_8969260_A_C_b38	1	1.83600e-03	1.618e-01	3.448e-02
chr12_8970013_G_C_b38	1	1.83600e-03	1.618e-01	3.448e-02
chr12_8970460_T_G_b38	1	1.83600e-03	1.618e-01	3.448e-02
chr12_8967558_C_T_b38	1	1.72651e-03	1.611e-01	3.442e-02
chr12_8966437_C_T_b38	1	1.62620e-03	1.611e-01	3.453e-02
chr12_8967584_TG_T_b38	1	1.52126e-03	1.603e-01	3.446e-02
chr12_8966682_A_G_b38	1	1.40417e-03	1.605e-01	3.465e-02
chr12_8983755_T_A_b38	1	1.40343e-03	1.644e-01	3.388e-02
chr12_8979635_C_T_b38	1	1.40343e-03	1.644e-01	3.388e-02
chr12_8976495_C_A_b38	1	1.40343e-03	1.644e-01	3.388e-02
chr12_8979270_A_G_b38	1	1.40343e-03	1.644e-01	3.388e-02
chr12_8935310_ATAG_A_b38	1	1.33611e-03	1.537e-01	3.318e-02
chr12_8934302_A_G_b38	1	1.33611e-03	1.537e-01	3.318e-02
chr12_8936749_T_TG_b38	1	1.29902e-03	1.542e-01	3.334e-02
chr12_8936676_A_C_b38	1	1.29902e-03	1.542e-01	3.334e-02
chr12_8938597_CAA_C_b38	1	1.29902e-03	1.542e-01	3.334e-02
chr12_8967049_G_A_b38	1	1.29020e-03	1.611e-01	3.494e-02
chr12_8959818_A_G_b38	1	1.21653e-03	1.521e-01	3.451e-02
chr12_8974293_G_A_b38	1	1.17520e-03	1.606e-01	3.500e-02
chr12_8970881_T_G_b38	1	7.74210e-04	1.646e-01	3.393e-02
chr12_8960406_G_T_b38	1	7.74210e-04	1.646e-01	3.393e-02
chr12_8974551_T_C_b38	1	5.01285e-04	1.640e-01	3.454e-02
chr12_8972315_T_G_b38	1	4.68559e-04	1.635e-01	3.454e-02
chr12_8741641_G_A_b38	2	3.17035e-01	-4.567e-01	8.575e-02
chr12_8787241_C_T_b38	2	1.55049e-01	-4.370e-01	8.450e-02
chr12_8711861_G_T_b38	2	9.62809e-02	-4.646e-01	9.135e-02
chr12_8951611_T_C_b38	3	6.58024e-03	-1.172e-01	4.426e-02
chr12_8953239_T_C_b38	3	2.63697e-03	-1.194e-01	4.415e-02
chr12_8945337_C_A_b38	3	2.06117e-03	-1.173e-01	4.456e-02
chr12_8944927_A_G_b38	3	1.73230e-03	-1.185e-01	4.213e-02
chr12_8958196_T_C_b38	3	1.58438e-03	-1.196e-01	4.409e-02
chr12_8959201_A_G_b38	3	1.58438e-03	-1.196e-01	4.409e-02
chr12_8949979_A_C_b38	3	1.08398e-03	-4.817e-02	3.910e-02
chr12_8932082_A_G_b38	3	6.22230e-04	-1.132e-01	4.011e-02
chr12_8936257_T_C_b38	3	5.61717e-04	-1.142e-01	4.138e-02
chr12_8934087_A_T_b38	3	5.18037e-04	-1.169e-01	4.265e-02
chr12_8944802_G_T_b38	3	5.09893e-04	-1.081e-01	4.423e-02
chr12_8966137_A_G_b38	3	3.01220e-04	-1.216e-01	4.403e-02
chr12_8962035_G_A_b38	3	3.01220e-04	-1.216e-01	4.403e-02
chr12_8967133_T_A_b38	3	3.01220e-04	-1.216e-01	4.403e-02
chr12_8974906_C_T_b38	3	1.65821e-04	-1.152e-01	4.273e-02
chr12_8950652_G_T_b38	3	1.58127e-04	-5.690e-02	3.862e-02
chr12_8948541_A_G_b38	3	1.08657e-04	-6.498e-02	3.843e-02
chr12_8951246_A_G_b38	3	6.65060e-07	0.000e+00	0.000e+00
chr12_8946399_G_GAAC_b38	3	1.24522e-07	0.000e+00	0.000e+00
chr12_8929985_A_G_b38	3	3.62148e-08	0.000e+00	0.000e+00
chr12_8998238_T_C_b38	3	1.22616e-08	0.000e+00	0.000e+00
chr12_8984692_G_A_b38	3	1.14886e-08	0.000e+00	0.000e+00
chr12_8978211_A_G_b38	3	1.01999e-08	0.000e+00	0.000e+00
chr12_8984026_A_T_b38	3	1.01999e-08	0.000e+00	0.000e+00
chr12_8979368_A_G_b38	3	1.01999e-08	0.000e+00	0.000e+00
