chr10_49299930_C_A_b38	1	1.49312e-01	3.856e-01	1.047e-01
chr10_49300327_A_G_b38	1	5.97084e-02	-3.926e-01	1.045e-01
chr10_49303140_G_A_b38	1	4.25559e-02	-3.927e-01	1.045e-01
chr10_49302025_A_G_b38	1	4.25559e-02	-3.927e-01	1.045e-01
chr10_49302477_T_G_b38	1	4.25559e-02	-3.927e-01	1.045e-01
chr10_49302361_C_T_b38	1	3.54937e-02	3.864e-01	1.045e-01
chr10_49303104_G_A_b38	1	3.54937e-02	3.864e-01	1.045e-01
chr10_49308139_C_T_b38	1	2.83044e-02	3.865e-01	1.045e-01
chr10_49309149_G_A_b38	1	2.83044e-02	3.865e-01	1.045e-01
chr10_49299409_C_T_b38	1	2.36644e-02	2.866e-01	1.165e-01
chr10_49320956_C_T_b38	1	1.64683e-02	-3.936e-01	1.044e-01
chr10_49311211_A_G_b38	1	1.64683e-02	-3.936e-01	1.044e-01
chr10_49321645_T_C_b38	1	1.37957e-02	3.872e-01	1.044e-01
chr10_49321598_C_T_b38	1	1.37957e-02	3.872e-01	1.044e-01
chr10_49310306_C_T_b38	1	1.37957e-02	3.872e-01	1.044e-01
chr10_49311152_T_C_b38	1	6.84413e-03	3.823e-01	1.106e-01
chr10_49325731_C_G_b38	1	5.04170e-03	3.877e-01	1.043e-01
chr10_49326554_G_A_b38	1	5.04170e-03	3.877e-01	1.043e-01
chr10_49328968_T_C_b38	1	2.66579e-03	3.686e-01	1.062e-01
chr10_49338954_A_G_b38	1	2.06134e-03	3.448e-01	1.027e-01
chr10_49335696_G_A_b38	1	2.06134e-03	3.448e-01	1.027e-01
chr10_49299399_G_A_b38	2	5.17898e-02	-7.027e-01	3.059e-01
chr10_49295479_A_G_b38	2	4.25241e-03	4.469e-01	2.152e-01
chr10_49295079_G_A_b38	2	3.85880e-03	-4.707e-01	2.319e-01
chr10_49294350_C_A_b38	2	3.85880e-03	-4.707e-01	2.319e-01
chr10_49291879_T_C_b38	2	2.37331e-03	4.502e-01	2.151e-01
chr10_49290868_T_G_b38	2	2.37331e-03	4.502e-01	2.151e-01
chr10_49290404_T_G_b38	2	2.07081e-03	-4.767e-01	2.322e-01
chr10_49292112_AATCATTTCAG_A_b38	2	2.07081e-03	-4.767e-01	2.322e-01
chr10_49292314_C_T_b38	2	2.07081e-03	-4.767e-01	2.322e-01
chr10_49289773_G_A_b38	2	1.57287e-03	3.658e-01	1.986e-01
chr10_49289859_T_A_b38	2	1.57287e-03	3.658e-01	1.986e-01
chr10_49290335_G_GT_b38	2	1.57287e-03	3.658e-01	1.986e-01
chr10_49290333_G_GTCATC_b38	2	1.57287e-03	3.658e-01	1.986e-01
chr10_49289725_T_C_b38	2	1.57287e-03	3.658e-01	1.986e-01
chr10_49313743_C_G_b38	2	9.50047e-04	-6.865e-01	3.146e-01
chr10_49274207_A_C_b38	2	8.30540e-04	-4.638e-01	2.184e-01
chr10_49285297_G_A_b38	2	7.80470e-04	-4.895e-01	2.329e-01
chr10_49287474_G_A_b38	2	7.80470e-04	-4.895e-01	2.329e-01
chr10_49284791_G_A_b38	2	7.80470e-04	-4.895e-01	2.329e-01
chr10_49283319_C_G_b38	2	7.80470e-04	-4.895e-01	2.329e-01
chr10_49281165_T_C_b38	2	7.80470e-04	-4.895e-01	2.329e-01
chr10_49277389_G_A_b38	2	7.80470e-04	-4.895e-01	2.329e-01
chr10_49288617_A_G_b38	2	4.96281e-04	3.908e-01	1.991e-01
chr10_49288224_A_T_b38	2	4.96281e-04	3.908e-01	1.991e-01
chr10_49286740_C_G_b38	2	4.96281e-04	3.908e-01	1.991e-01
chr10_49286838_A_G_b38	2	4.96281e-04	3.908e-01	1.991e-01
chr10_49286754_T_G_b38	2	4.96281e-04	3.908e-01	1.991e-01
chr10_49288730_T_C_b38	2	4.96281e-04	3.908e-01	1.991e-01
chr10_49288572_C_T_b38	2	4.96281e-04	3.908e-01	1.991e-01
chr10_49340316_C_T_b38	2	3.51912e-04	-6.738e-01	2.740e-01
chr10_49343076_C_A_b38	2	3.51912e-04	-6.738e-01	2.740e-01
chr10_49344700_G_A_b38	2	3.51912e-04	-6.738e-01	2.740e-01
chr10_49331260_C_A_b38	2	3.51912e-04	-6.738e-01	2.740e-01
chr10_49345040_A_G_b38	2	3.51912e-04	-6.738e-01	2.740e-01
chr10_49344394_A_T_b38	2	3.51912e-04	-6.738e-01	2.740e-01
chr10_49340960_G_A_b38	2	3.51912e-04	-6.738e-01	2.740e-01
chr10_49329384_C_G_b38	2	2.79504e-04	-7.309e-01	3.065e-01
chr10_49259537_G_A_b38	2	2.29039e-04	-4.911e-01	2.151e-01
chr10_49257156_C_T_b38	2	2.29039e-04	-4.911e-01	2.151e-01
chr10_49261889_C_T_b38	2	2.29039e-04	-4.911e-01	2.151e-01
chr10_49265787_A_G_b38	2	2.29039e-04	-4.911e-01	2.151e-01
chr10_49272758_G_A_b38	2	2.29039e-04	-4.911e-01	2.151e-01
chr10_49260730_C_T_b38	2	2.29039e-04	-4.911e-01	2.151e-01
chr10_49261588_A_AT_b38	2	2.29039e-04	-4.911e-01	2.151e-01
chr10_49257811_G_T_b38	2	2.23406e-04	-5.287e-01	2.312e-01
chr10_49260845_A_G_b38	2	2.10291e-04	-5.182e-01	2.306e-01
chr10_49257742_G_A_b38	2	2.10291e-04	-5.182e-01	2.306e-01
chr10_49255978_T_C_b38	2	2.10291e-04	-5.182e-01	2.306e-01
chr10_49268219_T_A_b38	2	2.10291e-04	-5.182e-01	2.306e-01
chr10_49299664_G_A_b38	3	1.46927e-02	-4.262e-01	1.806e-01
chr10_49300183_G_A_b38	3	5.52185e-03	-4.283e-01	1.786e-01
chr10_49300284_G_T_b38	3	3.46557e-03	-4.976e-01	1.778e-01
chr10_49300568_C_T_b38	3	1.85598e-03	-4.294e-01	1.776e-01
chr10_49322037_G_T_b38	3	9.09559e-04	-3.644e-01	1.355e-01
chr10_49311325_G_A_b38	3	5.24209e-04	-4.294e-01	1.776e-01
chr10_49313853_G_T_b38	3	5.24209e-04	-4.294e-01	1.776e-01
chr10_49307799_G_A_b38	3	2.82423e-04	-2.277e-01	2.121e-01
