chr16_72073966_C_T_b38	1	9.78106e-01	4.272e-01	5.166e-02
chr16_72071661_C_T_b38	1	2.18482e-02	3.921e-01	4.905e-02
chr16_72063928_C_T_b38	2	8.82983e-01	2.277e-01	3.721e-02
chr16_72045090_TG_T_b38	2	5.29558e-02	2.229e-01	3.597e-02
chr16_72074194_G_A_b38	2	3.55840e-02	2.234e-01	3.653e-02
chr16_72067626_C_G_b38	2	1.88852e-02	2.126e-01	3.796e-02
chr16_72106654_G_A_b38	2	9.54627e-03	2.124e-01	3.690e-02
chr16_72076642_G_A_b38	3	4.99977e-01	1.006e+00	1.073e-01
chr16_72076882_T_C_b38	3	4.99977e-01	1.006e+00	1.073e-01
chr16_72083623_G_A_b38	4	1.03745e-01	-1.035e+00	1.200e-01
chr16_72080816_C_T_b38	4	1.03745e-01	-1.035e+00	1.200e-01
chr16_72081646_A_G_b38	4	1.03745e-01	-1.035e+00	1.200e-01
chr16_72087588_T_G_b38	4	1.03745e-01	-1.035e+00	1.200e-01
chr16_72083372_CTT_C_b38	4	1.03745e-01	-1.035e+00	1.200e-01
chr16_72085729_C_G_b38	4	1.03745e-01	-1.035e+00	1.200e-01
chr16_72083924_C_A_b38	4	1.03745e-01	-1.035e+00	1.200e-01
chr16_72083502_T_C_b38	4	1.03745e-01	-1.035e+00	1.200e-01
chr16_72079446_C_T_b38	4	1.03745e-01	-1.035e+00	1.200e-01
chr16_72088416_T_A_b38	4	3.31247e-02	-1.035e+00	1.198e-01
chr16_72090513_G_A_b38	4	3.31247e-02	-1.035e+00	1.198e-01
chr16_72156110_C_T_b38	5	2.69148e-01	-1.626e-01	7.984e-02
chr16_72044144_C_T_b38	5	1.94099e-01	-1.404e-01	3.165e-02
chr16_72121341_C_T_b38	5	1.00638e-01	-1.483e-01	7.098e-02
chr16_72122164_C_T_b38	5	6.27897e-02	-1.301e-01	2.782e-02
chr16_72122039_C_T_b38	5	6.27897e-02	-1.301e-01	2.782e-02
chr16_72110275_T_C_b38	5	3.89521e-02	-1.477e-01	3.121e-02
chr16_72156751_G_A_b38	5	3.32929e-02	-1.387e-01	2.804e-02
chr16_72098230_C_T_b38	5	2.05866e-02	-1.368e-01	3.192e-02
chr16_72128956_G_A_b38	5	1.07101e-02	-1.128e-01	2.540e-02
chr16_72151775_C_T_b38	5	1.05838e-02	-1.125e-01	2.535e-02
chr16_72155828_A_C_b38	5	1.04132e-02	-3.913e-01	3.610e-01
chr16_72124178_C_T_b38	5	8.18612e-03	-1.114e-01	2.550e-02
chr16_72123819_C_T_b38	5	8.17270e-03	-1.120e-01	2.573e-02
chr16_72115162_C_T_b38	5	7.46162e-03	-1.233e-01	2.907e-02
chr16_72116024_C_T_b38	5	3.61358e-03	-1.300e-01	3.199e-02
chr16_72131957_C_T_b38	5	2.37602e-03	-1.127e-01	2.815e-02
chr16_72141921_C_T_b38	5	2.37602e-03	-1.127e-01	2.815e-02
chr16_72120288_G_A_b38	6	3.32748e-02	3.254e-01	1.764e-01
chr16_72154784_C_T_b38	6	2.71772e-30	0.000e+00	0.000e+00
chr16_72149321_G_A_b38	6	1.49515e-30	0.000e+00	0.000e+00
chr16_72118856_T_C_b38	6	1.45861e-30	0.000e+00	0.000e+00
chr16_72143200_G_T_b38	6	1.06986e-30	0.000e+00	0.000e+00
chr16_72119034_C_T_b38	6	1.06986e-30	0.000e+00	0.000e+00
chr16_72143161_C_T_b38	6	1.06986e-30	0.000e+00	0.000e+00
chr16_72125021_C_A_b38	6	8.28346e-31	0.000e+00	0.000e+00
chr16_72054519_T_A_b38	7	1.19399e-03	-2.369e-01	7.563e-02
