chr12_8675787_T_C_b38	1	7.83095e-02	-3.768e-01	7.156e-02
chr12_8679358_T_A_b38	1	6.76589e-02	-3.840e-01	7.338e-02
chr12_8679607_A_G_b38	1	5.64592e-02	-3.563e-01	6.880e-02
chr12_8684335_A_G_b38	1	2.77207e-02	-3.692e-01	7.366e-02
chr12_8692897_A_G_b38	1	2.75015e-02	-3.680e-01	7.346e-02
chr12_8684734_C_T_b38	1	2.30938e-02	-3.808e-01	7.659e-02
chr12_8684811_C_T_b38	1	2.30938e-02	-3.808e-01	7.659e-02
chr12_8683876_T_C_b38	1	2.30938e-02	-3.808e-01	7.659e-02
chr12_8693674_A_G_b38	1	1.85713e-02	-3.661e-01	7.454e-02
chr12_8694457_C_G_b38	1	1.85713e-02	-3.661e-01	7.454e-02
chr12_8693558_A_C_b38	1	1.85713e-02	-3.661e-01	7.454e-02
chr12_8696089_A_G_b38	1	1.85713e-02	-3.661e-01	7.454e-02
chr12_8692178_C_T_b38	1	1.79162e-02	-3.600e-01	7.348e-02
chr12_8696333_A_T_b38	1	1.79162e-02	-3.600e-01	7.348e-02
chr12_8694581_G_A_b38	1	1.79162e-02	-3.600e-01	7.348e-02
chr12_8696565_G_A_b38	1	1.79162e-02	-3.600e-01	7.348e-02
chr12_8690537_C_T_b38	1	1.79162e-02	-3.600e-01	7.348e-02
chr12_8691817_G_C_b38	1	1.79162e-02	-3.600e-01	7.348e-02
chr12_8695374_T_G_b38	1	1.79162e-02	-3.600e-01	7.348e-02
chr12_8693480_C_T_b38	1	1.79162e-02	-3.600e-01	7.348e-02
chr12_8695567_C_CTTTG_b38	1	1.79162e-02	-3.600e-01	7.348e-02
chr12_8690156_C_T_b38	1	1.79162e-02	-3.600e-01	7.348e-02
chr12_8691726_A_G_b38	1	1.79162e-02	-3.600e-01	7.348e-02
chr12_8694950_C_T_b38	1	1.79162e-02	-3.600e-01	7.348e-02
chr12_8694496_A_AC_b38	1	1.79162e-02	-3.600e-01	7.348e-02
chr12_8688481_G_A_b38	1	1.68717e-02	-3.617e-01	7.404e-02
chr12_8688700_T_TA_b38	1	1.68717e-02	-3.617e-01	7.404e-02
chr12_8689238_T_C_b38	1	1.68717e-02	-3.617e-01	7.404e-02
chr12_8695002_A_G_b38	1	1.50449e-02	-3.715e-01	7.644e-02
chr12_8689145_A_G_b38	1	1.36922e-02	-3.723e-01	7.696e-02
chr12_8686781_C_G_b38	1	1.36922e-02	-3.723e-01	7.696e-02
chr12_8730726_A_G_b38	1	1.80768e-03	-3.556e-01	8.275e-02
chr12_8698110_G_T_b38	1	1.05156e-03	-3.297e-01	7.980e-02
chr12_8915693_A_AT_b38	2	1.11021e-02	6.169e-02	1.270e-01
chr12_8915876_G_T_b38	2	3.72298e-03	6.171e-02	1.270e-01
chr12_8916217_C_T_b38	2	3.72298e-03	6.171e-02	1.270e-01
chr12_8916608_G_A_b38	2	1.72534e-03	1.948e-02	1.440e-01
chr12_8916740_T_C_b38	2	1.72137e-03	6.171e-02	1.270e-01
chr12_8916787_C_T_b38	2	1.72137e-03	6.171e-02	1.270e-01
chr12_8910705_T_C_b38	2	1.36162e-03	1.254e-01	1.257e-01
chr12_8919351_A_G_b38	2	9.41773e-04	6.171e-02	1.270e-01
chr12_8917982_T_C_b38	2	9.41773e-04	6.171e-02	1.270e-01
chr12_8918484_T_C_b38	2	8.97113e-04	4.915e-02	1.237e-01
chr12_8923722_T_C_b38	2	6.53182e-04	1.920e-02	1.444e-01
chr12_8923507_T_C_b38	2	6.52471e-04	-5.592e-03	1.454e-01
chr12_8930259_A_G_b38	2	1.66037e-04	7.988e-02	1.281e-01
chr12_8930740_A_G_b38	2	1.66037e-04	7.988e-02	1.281e-01
chr12_8926332_A_G_b38	2	1.61801e-04	5.256e-02	1.428e-01
