chr2_28391927_C_T_b38	1	1.96649e-01	-7.928e-02	2.266e-02
chr2_28391534_T_C_b38	1	1.27673e-01	-7.050e-02	2.093e-02
chr2_28401966_A_G_b38	1	5.30568e-02	-7.535e-02	2.086e-02
chr2_28380044_C_A_b38	1	4.11264e-02	7.680e-02	2.054e-02
chr2_28396473_G_GT_b38	1	3.19512e-02	-6.844e-02	2.058e-02
chr2_28413777_A_G_b38	1	2.39414e-02	-7.460e-02	2.075e-02
chr2_28389346_G_C_b38	1	2.18651e-02	6.564e-02	2.070e-02
chr2_28409510_G_A_b38	1	1.67408e-02	-7.240e-02	2.077e-02
chr2_28411923_G_A_b38	1	1.67408e-02	-7.240e-02	2.077e-02
chr2_28412873_T_C_b38	1	1.35359e-02	-6.984e-02	2.042e-02
chr2_28401115_A_G_b38	1	1.12838e-02	-6.372e-02	2.047e-02
chr2_28421995_A_T_b38	1	9.90335e-03	7.398e-02	2.040e-02
chr2_28400292_G_A_b38	1	9.50773e-03	-6.136e-02	2.008e-02
chr2_28417460_C_T_b38	1	9.07912e-03	7.431e-02	2.065e-02
chr2_28405728_TG_T_b38	1	7.98171e-03	-6.789e-02	2.091e-02
chr2_28421803_G_C_b38	1	7.52595e-03	7.326e-02	2.068e-02
chr2_28400419_GTCTGAATAACACGTT_G_b38	1	7.02104e-03	-5.970e-02	2.028e-02
chr2_28382012_A_G_b38	1	6.73264e-03	6.521e-02	2.056e-02
chr2_28422935_C_T_b38	1	6.71484e-03	7.178e-02	2.046e-02
chr2_28400180_T_C_b38	1	6.70479e-03	-5.948e-02	2.031e-02
chr2_28422253_C_A_b38	1	6.39201e-03	7.014e-02	2.007e-02
chr2_28380770_A_C_b38	1	5.92711e-03	6.304e-02	2.015e-02
chr2_28407025_T_C_b38	1	5.90271e-03	-6.434e-02	2.045e-02
chr2_28413873_A_G_b38	1	5.69578e-03	-6.387e-02	2.038e-02
chr2_28383911_C_T_b38	1	5.17750e-03	5.900e-02	2.064e-02
chr2_28404762_C_T_b38	1	5.16635e-03	-6.355e-02	2.050e-02
chr2_28416774_C_G_b38	1	5.00365e-03	6.300e-02	2.040e-02
chr2_28421421_G_GTGGTACTGTTTCCCCTTTA_b38	1	4.95243e-03	6.963e-02	2.040e-02
chr2_28423081_C_T_b38	1	4.55811e-03	6.826e-02	2.015e-02
chr2_28419880_C_A_b38	1	3.62105e-03	6.816e-02	2.059e-02
chr2_28395294_G_A_b38	1	3.46648e-03	-5.190e-02	2.078e-02
chr2_28406476_G_T_b38	1	3.34224e-03	-5.988e-02	2.034e-02
chr2_28385637_C_T_b38	1	2.87673e-03	5.421e-02	2.064e-02
chr2_28406500_G_C_b38	1	2.69368e-03	-5.834e-02	2.037e-02
chr2_28420656_G_C_b38	1	2.51172e-03	6.588e-02	2.066e-02
chr2_28378847_A_C_b38	2	2.09088e-02	7.646e-02	2.482e-02
