chr4_99091274_T_G_b38	1	1.64418e-01	-2.362e-01	1.249e-01
chr4_99091110_G_A_b38	1	1.60525e-01	-2.358e-01	1.252e-01
chr4_99091152_T_G_b38	1	1.60525e-01	-2.358e-01	1.252e-01
chr4_99093359_T_C_b38	1	9.04071e-02	-2.395e-01	1.263e-01
chr4_99091848_T_C_b38	1	9.04071e-02	-2.395e-01	1.263e-01
chr4_99091461_A_G_b38	1	9.04071e-02	-2.395e-01	1.263e-01
chr4_99144766_T_C_b38	1	4.82339e-02	-3.520e-01	7.880e-02
chr4_99087599_G_A_b38	1	4.15942e-02	-1.122e-01	1.874e-01
chr4_99087343_T_C_b38	1	4.15942e-02	-1.122e-01	1.874e-01
chr4_99087181_G_C_b38	1	4.15942e-02	-1.122e-01	1.874e-01
chr4_99093825_G_A_b38	1	3.98287e-02	-2.261e-01	1.393e-01
chr4_99086283_T_TATATC_b38	1	1.06775e-02	-6.504e-02	2.160e-01
chr4_99084387_C_T_b38	1	1.00896e-02	-1.072e-01	1.862e-01
chr4_99097341_G_C_b38	1	6.63312e-03	-1.235e-01	1.893e-01
chr4_99144358_T_G_b38	1	3.03089e-03	3.352e-01	9.809e-02
chr4_99105617_ACGATGT_A_b38	1	5.36789e-12	0.000e+00	0.000e+00
chr4_99096234_T_C_b38	1	4.57885e-12	0.000e+00	0.000e+00
chr4_99094767_G_T_b38	1	4.57885e-12	0.000e+00	0.000e+00
chr4_99095609_A_G_b38	1	4.57885e-12	0.000e+00	0.000e+00
chr4_99094882_A_G_b38	1	4.57885e-12	0.000e+00	0.000e+00
chr4_99095991_G_A_b38	1	4.57885e-12	0.000e+00	0.000e+00
chr4_99097060_G_C_b38	1	4.57885e-12	0.000e+00	0.000e+00
chr4_99094548_T_C_b38	1	4.57885e-12	0.000e+00	0.000e+00
chr4_99096235_G_A_b38	1	4.57885e-12	0.000e+00	0.000e+00
chr4_99094331_T_TATC_b38	1	4.57885e-12	0.000e+00	0.000e+00
chr4_99095748_A_G_b38	1	4.57885e-12	0.000e+00	0.000e+00
chr4_99098809_T_TC_b38	1	4.57885e-12	0.000e+00	0.000e+00
chr4_99096782_A_T_b38	1	4.57885e-12	0.000e+00	0.000e+00
chr4_99096888_C_T_b38	1	4.57885e-12	0.000e+00	0.000e+00
chr4_99096013_G_A_b38	1	4.57885e-12	0.000e+00	0.000e+00
chr4_99095942_G_A_b38	1	4.57885e-12	0.000e+00	0.000e+00
chr4_99095050_T_G_b38	1	4.57885e-12	0.000e+00	0.000e+00
chr4_99097018_T_A_b38	1	4.57885e-12	0.000e+00	0.000e+00
chr4_99120322_A_G_b38	1	4.10999e-12	0.000e+00	0.000e+00
chr4_99085494_A_G_b38	1	3.05729e-12	0.000e+00	0.000e+00
chr4_99106727_A_G_b38	1	2.34703e-12	0.000e+00	0.000e+00
chr4_99102660_T_A_b38	1	2.34703e-12	0.000e+00	0.000e+00
chr4_99112986_TA_T_b38	1	2.34703e-12	0.000e+00	0.000e+00
chr4_99099325_C_T_b38	1	2.34703e-12	0.000e+00	0.000e+00
chr4_99098877_G_A_b38	1	2.34703e-12	0.000e+00	0.000e+00
chr4_99104947_C_T_b38	1	2.34703e-12	0.000e+00	0.000e+00
chr4_99099795_T_C_b38	1	2.34703e-12	0.000e+00	0.000e+00
chr4_99106028_A_G_b38	1	2.34703e-12	0.000e+00	0.000e+00
chr4_99109203_A_G_b38	1	2.34703e-12	0.000e+00	0.000e+00
chr4_99102793_T_C_b38	1	2.34703e-12	0.000e+00	0.000e+00
chr4_99101573_G_A_b38	1	2.34703e-12	0.000e+00	0.000e+00
chr4_99113846_A_G_b38	1	2.34703e-12	0.000e+00	0.000e+00
chr4_99101420_T_C_b38	1	2.34703e-12	0.000e+00	0.000e+00
chr4_99110738_C_T_b38	1	2.34703e-12	0.000e+00	0.000e+00
chr4_99103171_C_G_b38	1	2.34703e-12	0.000e+00	0.000e+00
chr4_99106433_A_G_b38	1	2.34703e-12	0.000e+00	0.000e+00
chr4_99111017_C_G_b38	1	2.34703e-12	0.000e+00	0.000e+00
chr4_99099330_A_G_b38	1	2.34703e-12	0.000e+00	0.000e+00
chr4_99104000_T_A_b38	1	2.34703e-12	0.000e+00	0.000e+00
chr4_99109432_G_A_b38	1	2.34703e-12	0.000e+00	0.000e+00
chr4_99112989_TG_T_b38	1	2.34703e-12	0.000e+00	0.000e+00
chr4_99107368_A_G_b38	1	2.34703e-12	0.000e+00	0.000e+00
chr4_99109310_T_C_b38	1	2.34703e-12	0.000e+00	0.000e+00
chr4_99099284_C_CAGTT_b38	1	2.34703e-12	0.000e+00	0.000e+00
chr4_99113326_T_C_b38	1	2.34703e-12	0.000e+00	0.000e+00
chr4_99099793_T_C_b38	1	2.34703e-12	0.000e+00	0.000e+00
chr4_99100636_A_G_b38	1	2.34703e-12	0.000e+00	0.000e+00
chr4_99105520_A_G_b38	1	2.34703e-12	0.000e+00	0.000e+00
chr4_99113186_A_G_b38	1	2.34703e-12	0.000e+00	0.000e+00
chr4_99112423_C_T_b38	1	2.34703e-12	0.000e+00	0.000e+00
chr4_99103545_A_AT_b38	1	2.34703e-12	0.000e+00	0.000e+00
chr4_99101759_G_T_b38	1	2.34703e-12	0.000e+00	0.000e+00
chr4_99104812_T_C_b38	1	2.34703e-12	0.000e+00	0.000e+00
chr4_99113690_T_C_b38	1	2.34703e-12	0.000e+00	0.000e+00
chr4_99100102_G_C_b38	1	2.34703e-12	0.000e+00	0.000e+00
chr4_99105181_T_C_b38	1	2.01800e-12	0.000e+00	0.000e+00
chr4_99088893_C_G_b38	2	9.63988e-01	9.233e-01	2.062e-01
chr4_99090957_G_A_b38	2	6.84671e-03	1.118e+00	2.018e-01
chr4_99090099_A_G_b38	2	6.84671e-03	1.118e+00	2.018e-01
chr4_99096064_T_C_b38	2	1.25667e-03	1.051e+00	1.678e-01
chr4_99095412_A_G_b38	2	1.25667e-03	1.051e+00	1.678e-01
chr4_99096865_G_A_b38	2	1.25667e-03	1.051e+00	1.678e-01
chr4_99094291_A_T_b38	2	1.25667e-03	1.051e+00	1.678e-01
chr4_99096383_G_T_b38	2	1.25667e-03	1.051e+00	1.678e-01
chr4_99079107_T_C_b38	2	1.24754e-03	1.051e+00	1.678e-01
chr4_99083469_G_A_b38	2	1.24754e-03	1.051e+00	1.678e-01
chr4_99080890_C_T_b38	2	1.24754e-03	1.051e+00	1.678e-01
chr4_99097996_G_A_b38	2	1.08866e-03	1.009e+00	1.674e-01
chr4_99099196_G_A_b38	2	6.44145e-04	1.051e+00	1.678e-01
chr4_99105093_C_T_b38	2	6.44145e-04	1.051e+00	1.678e-01
chr4_99111033_A_G_b38	2	6.44145e-04	1.051e+00	1.678e-01
chr4_99110760_C_T_b38	2	6.44145e-04	1.051e+00	1.678e-01
chr4_99109403_C_T_b38	2	6.44145e-04	1.051e+00	1.678e-01
chr4_99065472_G_A_b38	2	6.37696e-04	1.051e+00	1.678e-01
chr4_99075135_A_C_b38	2	6.37696e-04	1.051e+00	1.678e-01
chr4_99066341_A_G_b38	2	6.37696e-04	1.051e+00	1.678e-01
chr4_99072327_C_A_b38	2	6.37696e-04	1.051e+00	1.678e-01
chr4_99065847_CAT_C_b38	2	6.37696e-04	1.051e+00	1.678e-01
chr4_99063947_C_G_b38	2	4.91055e-04	1.084e+00	1.691e-01
chr4_99119607_C_T_b38	2	2.39911e-04	1.051e+00	1.678e-01
chr4_99120637_C_G_b38	2	2.39911e-04	1.051e+00	1.678e-01
chr4_99117622_C_T_b38	2	2.39911e-04	1.051e+00	1.678e-01
chr4_99118309_G_T_b38	2	2.39911e-04	1.051e+00	1.678e-01
chr4_99062322_A_T_b38	2	1.65539e-04	1.063e+00	1.578e-01
chr4_99061728_A_G_b38	2	1.65539e-04	1.063e+00	1.578e-01
chr4_99053464_G_T_b38	2	1.65539e-04	1.063e+00	1.578e-01
chr4_99060867_TGTG_T_b38	2	1.65539e-04	1.063e+00	1.578e-01
chr4_99059185_G_T_b38	2	1.65539e-04	1.063e+00	1.578e-01
chr4_99060672_C_T_b38	2	1.65539e-04	1.063e+00	1.578e-01
chr4_99058190_C_T_b38	2	1.65539e-04	1.063e+00	1.578e-01
chr4_99049234_A_T_b38	2	1.65539e-04	1.063e+00	1.578e-01
chr4_99058692_A_G_b38	2	1.65539e-04	1.063e+00	1.578e-01
chr4_99059879_T_C_b38	2	1.65539e-04	1.063e+00	1.578e-01
chr4_99050750_A_T_b38	2	1.65539e-04	1.063e+00	1.578e-01
chr4_99040224_CAG_C_b38	2	1.65539e-04	1.063e+00	1.578e-01
chr4_99054770_T_C_b38	2	1.65539e-04	1.063e+00	1.578e-01
chr4_99049402_C_T_b38	2	1.65539e-04	1.063e+00	1.578e-01
chr4_99050930_A_C_b38	2	1.65539e-04	1.063e+00	1.578e-01
chr4_99062382_C_G_b38	2	1.65539e-04	1.063e+00	1.578e-01
chr4_99060035_G_T_b38	2	1.65539e-04	1.063e+00	1.578e-01
chr4_99041401_A_G_b38	2	1.65539e-04	1.063e+00	1.578e-01
chr4_99053832_C_T_b38	2	1.65539e-04	1.063e+00	1.578e-01
chr4_99042520_G_A_b38	2	1.65539e-04	1.063e+00	1.578e-01
chr4_99089122_C_G_b38	3	9.99963e-01	6.257e-01	1.112e-01
chr4_99089437_CTCTT_C_b38	4	9.28311e-01	6.543e-01	1.254e-01
chr4_99093654_A_G_b38	4	1.08166e-02	2.989e-01	7.140e-02
chr4_99102772_G_C_b38	4	3.37098e-03	2.989e-01	7.140e-02
chr4_99099836_C_T_b38	4	3.37098e-03	2.989e-01	7.140e-02
chr4_99088439_C_T_b38	4	4.99069e-04	1.309e-01	6.518e-02
chr4_99088587_G_C_b38	4	2.68506e-04	9.969e-02	6.151e-02
chr4_99088859_C_T_b38	4	2.65845e-04	1.037e-01	6.607e-02
chr4_99090149_C_G_b38	5	1.80614e-01	6.795e-01	1.620e-01
chr4_99093191_G_A_b38	5	1.00230e-01	6.843e-01	1.618e-01
chr4_99092808_A_C_b38	5	1.00230e-01	6.843e-01	1.618e-01
chr4_99087797_C_T_b38	5	7.32095e-02	6.383e-01	1.621e-01
chr4_99094395_C_G_b38	5	3.94814e-02	6.970e-01	1.606e-01
chr4_99094114_T_G_b38	5	3.94814e-02	6.970e-01	1.606e-01
chr4_99094712_G_C_b38	5	3.94814e-02	6.970e-01	1.606e-01
chr4_99096750_T_C_b38	5	3.94814e-02	6.970e-01	1.606e-01
chr4_99096196_G_A_b38	5	3.94814e-02	6.970e-01	1.606e-01
chr4_99097023_A_T_b38	5	3.94814e-02	6.970e-01	1.606e-01
chr4_99094026_A_G_b38	5	3.94814e-02	6.970e-01	1.606e-01
chr4_99096678_C_T_b38	5	3.94814e-02	6.970e-01	1.606e-01
chr4_99094287_T_C_b38	5	3.94814e-02	6.970e-01	1.606e-01
chr4_99094539_C_T_b38	5	3.94814e-02	6.970e-01	1.606e-01
chr4_99084840_C_A_b38	5	1.73394e-02	6.505e-01	1.611e-01
chr4_99084053_A_G_b38	5	1.73394e-02	6.505e-01	1.611e-01
chr4_99084392_T_C_b38	5	1.73394e-02	6.505e-01	1.611e-01
chr4_99086896_C_T_b38	5	1.81785e-19	0.000e+00	0.000e+00
chr4_99086887_C_A_b38	5	1.81785e-19	0.000e+00	0.000e+00
chr4_99082150_A_T_b38	5	1.24485e-19	0.000e+00	0.000e+00
chr4_99071843_T_C_b38	5	6.54498e-20	0.000e+00	0.000e+00
chr4_99071500_C_A_b38	5	6.54498e-20	0.000e+00	0.000e+00
chr4_99066691_T_C_b38	5	6.54498e-20	0.000e+00	0.000e+00
chr4_99070773_A_AT_b38	5	6.54498e-20	0.000e+00	0.000e+00
chr4_99072535_C_T_b38	5	6.54498e-20	0.000e+00	0.000e+00
chr4_99072894_T_C_b38	5	6.54498e-20	0.000e+00	0.000e+00
chr4_99072682_A_G_b38	5	6.54498e-20	0.000e+00	0.000e+00
chr4_99065925_C_A_b38	5	6.54498e-20	0.000e+00	0.000e+00
chr4_99072347_C_T_b38	5	6.54498e-20	0.000e+00	0.000e+00
chr4_99067359_A_AT_b38	5	6.54498e-20	0.000e+00	0.000e+00
chr4_99071501_G_A_b38	5	6.54498e-20	0.000e+00	0.000e+00
chr4_99068878_GGT_G_b38	5	6.54498e-20	0.000e+00	0.000e+00
chr4_99068133_A_C_b38	5	6.54498e-20	0.000e+00	0.000e+00
chr4_99069742_G_T_b38	5	6.54498e-20	0.000e+00	0.000e+00
chr4_99075701_T_C_b38	5	6.36321e-20	0.000e+00	0.000e+00
chr4_99078444_G_A_b38	5	6.36321e-20	0.000e+00	0.000e+00
chr4_99097829_C_T_b38	5	4.44223e-20	0.000e+00	0.000e+00
chr4_99102848_G_A_b38	5	3.84548e-20	0.000e+00	0.000e+00
chr4_99112385_T_C_b38	5	3.84548e-20	0.000e+00	0.000e+00
chr4_99104632_G_A_b38	5	3.84548e-20	0.000e+00	0.000e+00
chr4_99098975_C_T_b38	5	3.84548e-20	0.000e+00	0.000e+00
chr4_99102808_A_G_b38	5	3.84548e-20	0.000e+00	0.000e+00
chr4_99105078_GTC_G_b38	5	3.84548e-20	0.000e+00	0.000e+00
chr4_99107041_T_A_b38	5	3.84548e-20	0.000e+00	0.000e+00
chr4_99109710_C_T_b38	5	3.84548e-20	0.000e+00	0.000e+00
chr4_99100091_G_A_b38	5	3.84548e-20	0.000e+00	0.000e+00
chr4_99110887_G_A_b38	5	3.84548e-20	0.000e+00	0.000e+00
chr4_99107199_C_G_b38	5	3.84548e-20	0.000e+00	0.000e+00
chr4_99112322_T_C_b38	5	3.84548e-20	0.000e+00	0.000e+00
chr4_99107781_GT_G_b38	5	3.84548e-20	0.000e+00	0.000e+00
chr4_99068792_G_A_b38	5	3.23851e-20	0.000e+00	0.000e+00
chr4_99117401_C_T_b38	5	1.43225e-20	0.000e+00	0.000e+00
chr4_99117149_T_G_b38	5	1.43225e-20	0.000e+00	0.000e+00
chr4_99116937_AC_A_b38	5	1.43225e-20	0.000e+00	0.000e+00
chr4_99115953_G_C_b38	5	1.43225e-20	0.000e+00	0.000e+00
chr4_99115162_C_G_b38	5	1.43225e-20	0.000e+00	0.000e+00
chr4_99107300_A_G_b38	5	8.49371e-21	0.000e+00	0.000e+00
chr4_99109419_C_T_b38	5	6.75583e-21	0.000e+00	0.000e+00
chr4_99088977_C_T_b38	6	9.85834e-03	9.953e-02	5.602e-02
chr4_99088976_C_T_b38	6	9.85834e-03	9.953e-02	5.602e-02
chr4_99088445_C_G_b38	6	7.98986e-03	9.951e-02	5.603e-02
chr4_99087853_A_T_b38	6	5.43520e-16	0.000e+00	0.000e+00
chr4_99093397_G_A_b38	6	3.27918e-16	0.000e+00	0.000e+00
chr4_99092867_T_C_b38	6	3.27918e-16	0.000e+00	0.000e+00
chr4_99093398_A_G_b38	6	3.27918e-16	0.000e+00	0.000e+00
chr4_99098633_G_C_b38	6	1.99375e-16	0.000e+00	0.000e+00
chr4_99098284_C_T_b38	6	1.99375e-16	0.000e+00	0.000e+00
chr4_99094225_AT_A_b38	6	1.99375e-16	0.000e+00	0.000e+00
chr4_99095747_G_T_b38	6	1.99375e-16	0.000e+00	0.000e+00
chr4_99065165_G_C_b38	6	1.05027e-16	0.000e+00	0.000e+00
chr4_99109745_C_T_b38	6	1.02196e-16	0.000e+00	0.000e+00
chr4_99106386_A_C_b38	6	1.02196e-16	0.000e+00	0.000e+00
chr4_99103732_A_G_b38	6	1.02196e-16	0.000e+00	0.000e+00
chr4_99103577_C_G_b38	6	1.02196e-16	0.000e+00	0.000e+00
chr4_99073304_G_A_b38	6	8.72408e-17	0.000e+00	0.000e+00
chr4_99077882_T_C_b38	6	8.72408e-17	0.000e+00	0.000e+00
chr4_99126778_G_A_b38	6	4.81848e-17	0.000e+00	0.000e+00
chr4_99117657_C_T_b38	6	3.80626e-17	0.000e+00	0.000e+00
chr4_99133637_AT_A_b38	6	3.28614e-17	0.000e+00	0.000e+00
chr4_99121111_A_G_b38	6	1.66745e-17	0.000e+00	0.000e+00
chr4_99091940_C_T_b38	7	7.53838e-05	0.000e+00	0.000e+00
chr4_99098660_C_T_b38	7	2.70515e-05	0.000e+00	0.000e+00
chr4_99096789_T_G_b38	7	2.68092e-05	0.000e+00	0.000e+00
chr4_99097987_A_T_b38	7	2.68092e-05	0.000e+00	0.000e+00
chr4_99096837_T_G_b38	7	2.68092e-05	0.000e+00	0.000e+00
chr4_99094524_G_A_b38	7	2.68092e-05	0.000e+00	0.000e+00
chr4_99107548_G_A_b38	7	1.74952e-05	0.000e+00	0.000e+00
chr4_99105836_CA_C_b38	7	4.58061e-06	0.000e+00	0.000e+00
chr4_99109589_T_C_b38	7	4.58061e-06	0.000e+00	0.000e+00
chr4_99105332_C_T_b38	7	4.58061e-06	0.000e+00	0.000e+00
chr4_99112835_C_T_b38	7	4.58061e-06	0.000e+00	0.000e+00
chr4_99104958_T_C_b38	7	4.58061e-06	0.000e+00	0.000e+00
chr4_99107483_C_A_b38	7	4.58061e-06	0.000e+00	0.000e+00
chr4_99110564_T_A_b38	7	4.58061e-06	0.000e+00	0.000e+00
chr4_99099973_T_C_b38	7	4.58061e-06	0.000e+00	0.000e+00
chr4_99099271_G_T_b38	7	4.58061e-06	0.000e+00	0.000e+00
chr4_99106351_C_T_b38	7	4.58061e-06	0.000e+00	0.000e+00
chr4_99112070_A_G_b38	7	4.58061e-06	0.000e+00	0.000e+00
chr4_99107500_C_T_b38	7	4.58061e-06	0.000e+00	0.000e+00
chr4_99109167_G_A_b38	7	4.58061e-06	0.000e+00	0.000e+00
chr4_99110570_C_G_b38	7	4.58061e-06	0.000e+00	0.000e+00
chr4_99109237_C_T_b38	7	4.58061e-06	0.000e+00	0.000e+00
chr4_99099190_A_G_b38	7	4.58061e-06	0.000e+00	0.000e+00
chr4_99101331_G_A_b38	7	4.58061e-06	0.000e+00	0.000e+00
chr4_99119763_A_T_b38	7	8.74147e-13	0.000e+00	0.000e+00
chr4_99117420_T_C_b38	7	8.74147e-13	0.000e+00	0.000e+00
chr4_99115624_G_T_b38	7	8.74147e-13	0.000e+00	0.000e+00
chr4_99115671_A_G_b38	7	8.74147e-13	0.000e+00	0.000e+00
chr4_99119502_C_T_b38	7	8.74147e-13	0.000e+00	0.000e+00
chr4_99118469_G_A_b38	7	8.74147e-13	0.000e+00	0.000e+00
chr4_99117881_G_C_b38	7	8.74147e-13	0.000e+00	0.000e+00
chr4_99117458_A_G_b38	7	8.74147e-13	0.000e+00	0.000e+00
chr4_99118398_G_A_b38	7	8.74147e-13	0.000e+00	0.000e+00
chr4_99118162_T_TA_b38	7	8.74147e-13	0.000e+00	0.000e+00
chr4_99117531_T_G_b38	7	8.74147e-13	0.000e+00	0.000e+00
chr4_99114133_T_G_b38	7	8.74147e-13	0.000e+00	0.000e+00
chr4_99116361_A_C_b38	7	8.74147e-13	0.000e+00	0.000e+00
chr4_99118696_T_A_b38	7	8.74147e-13	0.000e+00	0.000e+00
chr4_99119614_C_T_b38	7	8.74147e-13	0.000e+00	0.000e+00
chr4_99119544_A_G_b38	7	8.74147e-13	0.000e+00	0.000e+00
chr4_99119501_G_A_b38	7	8.74147e-13	0.000e+00	0.000e+00
chr4_99117053_A_G_b38	7	8.74147e-13	0.000e+00	0.000e+00
chr4_99118348_G_C_b38	7	8.74147e-13	0.000e+00	0.000e+00
chr4_99118802_T_G_b38	7	8.74147e-13	0.000e+00	0.000e+00
chr4_99114530_G_T_b38	7	8.74147e-13	0.000e+00	0.000e+00
chr4_99107735_A_G_b38	7	6.38658e-13	0.000e+00	0.000e+00
chr4_99120952_C_G_b38	7	5.32827e-13	0.000e+00	0.000e+00
chr4_99120555_C_T_b38	7	5.32827e-13	0.000e+00	0.000e+00
chr4_99117845_A_G_b38	7	5.55483e-14	0.000e+00	0.000e+00
chr4_99129249_T_C_b38	7	2.59159e-14	0.000e+00	0.000e+00
chr4_99128428_C_T_b38	7	2.56950e-14	0.000e+00	0.000e+00
chr4_99144986_C_T_b38	7	2.38458e-14	0.000e+00	0.000e+00
chr4_99144974_G_A_b38	7	2.38458e-14	0.000e+00	0.000e+00
chr4_99132125_G_A_b38	7	1.85918e-14	0.000e+00	0.000e+00
chr4_99148129_A_T_b38	7	1.53732e-14	0.000e+00	0.000e+00
chr4_99148695_G_C_b38	7	1.53732e-14	0.000e+00	0.000e+00
chr4_99145519_ATCT_A_b38	7	1.53732e-14	0.000e+00	0.000e+00
chr4_99146639_G_A_b38	7	1.53732e-14	0.000e+00	0.000e+00
chr4_99149626_A_C_b38	7	1.53732e-14	0.000e+00	0.000e+00
chr4_99148475_T_G_b38	7	1.53732e-14	0.000e+00	0.000e+00
chr4_99148377_C_T_b38	7	1.53732e-14	0.000e+00	0.000e+00
chr4_99149816_G_A_b38	7	1.53732e-14	0.000e+00	0.000e+00
chr4_99146211_C_A_b38	7	1.53732e-14	0.000e+00	0.000e+00
chr4_99113152_C_T_b38	7	1.51101e-14	0.000e+00	0.000e+00
chr4_99138581_T_A_b38	7	1.26743e-14	0.000e+00	0.000e+00
chr4_99128201_A_G_b38	7	1.26743e-14	0.000e+00	0.000e+00
chr4_99134604_T_C_b38	7	1.26743e-14	0.000e+00	0.000e+00
chr4_99136970_C_T_b38	7	1.26743e-14	0.000e+00	0.000e+00
chr4_99134757_T_C_b38	7	1.26743e-14	0.000e+00	0.000e+00
chr4_99130726_T_C_b38	7	1.26743e-14	0.000e+00	0.000e+00
chr4_99124823_T_C_b38	7	1.26743e-14	0.000e+00	0.000e+00
chr4_99132740_A_G_b38	7	1.26743e-14	0.000e+00	0.000e+00
chr4_99127658_G_A_b38	7	1.26743e-14	0.000e+00	0.000e+00
chr4_99128377_G_A_b38	7	1.26743e-14	0.000e+00	0.000e+00
chr4_99129377_A_G_b38	7	1.26743e-14	0.000e+00	0.000e+00
chr4_99137188_C_T_b38	7	1.26743e-14	0.000e+00	0.000e+00
chr4_99137043_G_A_b38	7	1.26743e-14	0.000e+00	0.000e+00
chr4_99134022_A_G_b38	7	1.26743e-14	0.000e+00	0.000e+00
chr4_99124496_A_G_b38	7	1.26743e-14	0.000e+00	0.000e+00
chr4_99138656_G_C_b38	7	1.26743e-14	0.000e+00	0.000e+00
chr4_99129936_A_G_b38	7	1.26743e-14	0.000e+00	0.000e+00
chr4_99137576_C_T_b38	7	1.26743e-14	0.000e+00	0.000e+00
chr4_99131189_C_A_b38	7	1.26743e-14	0.000e+00	0.000e+00
chr4_99134909_G_A_b38	7	1.26743e-14	0.000e+00	0.000e+00
chr4_99130790_C_T_b38	7	1.26743e-14	0.000e+00	0.000e+00
chr4_99133693_A_G_b38	7	1.26743e-14	0.000e+00	0.000e+00
chr4_99128102_T_G_b38	7	1.26743e-14	0.000e+00	0.000e+00
chr4_99133572_G_C_b38	7	1.26743e-14	0.000e+00	0.000e+00
chr4_99125142_A_T_b38	7	1.26743e-14	0.000e+00	0.000e+00
chr4_99131233_G_A_b38	7	1.26743e-14	0.000e+00	0.000e+00
chr4_99137988_T_C_b38	7	1.26743e-14	0.000e+00	0.000e+00
chr4_99129823_C_G_b38	7	1.26743e-14	0.000e+00	0.000e+00
chr4_99133046_G_T_b38	7	1.26743e-14	0.000e+00	0.000e+00
chr4_99136707_T_TA_b38	7	1.26743e-14	0.000e+00	0.000e+00
chr4_99132631_T_A_b38	7	1.26743e-14	0.000e+00	0.000e+00
chr4_99137376_T_G_b38	7	1.26743e-14	0.000e+00	0.000e+00
chr4_99130901_TAAAG_T_b38	7	1.26743e-14	0.000e+00	0.000e+00
chr4_99126661_G_A_b38	7	1.26743e-14	0.000e+00	0.000e+00
chr4_99126222_G_A_b38	7	1.26743e-14	0.000e+00	0.000e+00
chr4_99127800_G_C_b38	7	1.26743e-14	0.000e+00	0.000e+00
chr4_99125529_T_C_b38	7	1.26743e-14	0.000e+00	0.000e+00
chr4_99135869_G_A_b38	7	1.26743e-14	0.000e+00	0.000e+00
chr4_99131874_G_T_b38	7	1.26743e-14	0.000e+00	0.000e+00
chr4_99130571_T_C_b38	7	1.26743e-14	0.000e+00	0.000e+00
chr4_99138468_G_T_b38	7	1.26743e-14	0.000e+00	0.000e+00
chr4_99131940_T_C_b38	7	1.26743e-14	0.000e+00	0.000e+00
chr4_99138417_G_T_b38	7	1.26743e-14	0.000e+00	0.000e+00
chr4_99133161_A_G_b38	7	1.26743e-14	0.000e+00	0.000e+00
chr4_99136879_A_T_b38	7	1.26743e-14	0.000e+00	0.000e+00
chr4_99137104_T_C_b38	7	1.26743e-14	0.000e+00	0.000e+00
chr4_99131388_A_C_b38	7	1.26743e-14	0.000e+00	0.000e+00
chr4_99125503_G_C_b38	7	1.26743e-14	0.000e+00	0.000e+00
chr4_99129168_A_T_b38	7	1.26743e-14	0.000e+00	0.000e+00
chr4_99132710_T_C_b38	7	1.26743e-14	0.000e+00	0.000e+00
chr4_99137511_T_C_b38	7	1.26743e-14	0.000e+00	0.000e+00
chr4_99134424_A_G_b38	7	1.26743e-14	0.000e+00	0.000e+00
chr4_99137929_CT_C_b38	7	1.26743e-14	0.000e+00	0.000e+00
chr4_99124423_T_C_b38	7	1.26743e-14	0.000e+00	0.000e+00
chr4_99133819_A_G_b38	7	1.26743e-14	0.000e+00	0.000e+00
chr4_99124349_T_G_b38	7	1.26743e-14	0.000e+00	0.000e+00
chr4_99127358_T_C_b38	7	1.26743e-14	0.000e+00	0.000e+00
chr4_99135388_C_T_b38	7	1.26743e-14	0.000e+00	0.000e+00
chr4_99130582_A_G_b38	7	1.26743e-14	0.000e+00	0.000e+00
chr4_99129635_C_A_b38	7	1.26743e-14	0.000e+00	0.000e+00
chr4_99137288_C_T_b38	7	1.26743e-14	0.000e+00	0.000e+00
chr4_99124940_G_C_b38	7	1.26743e-14	0.000e+00	0.000e+00
chr4_99137546_C_G_b38	7	1.26743e-14	0.000e+00	0.000e+00
chr4_99137377_C_T_b38	7	1.26743e-14	0.000e+00	0.000e+00
chr4_99124953_T_C_b38	7	1.26743e-14	0.000e+00	0.000e+00
chr4_99137186_G_A_b38	7	1.26743e-14	0.000e+00	0.000e+00
chr4_99125056_A_G_b38	7	1.26743e-14	0.000e+00	0.000e+00
chr4_99132965_C_T_b38	7	1.26743e-14	0.000e+00	0.000e+00
chr4_99138161_G_A_b38	7	1.26743e-14	0.000e+00	0.000e+00
chr4_99130152_T_C_b38	7	1.26743e-14	0.000e+00	0.000e+00
chr4_99133093_G_T_b38	7	1.26743e-14	0.000e+00	0.000e+00
chr4_99130405_A_T_b38	7	1.26743e-14	0.000e+00	0.000e+00
chr4_99125672_A_G_b38	7	1.26743e-14	0.000e+00	0.000e+00
chr4_99134588_G_A_b38	7	1.26743e-14	0.000e+00	0.000e+00
chr4_99131812_C_CT_b38	7	1.26743e-14	0.000e+00	0.000e+00
chr4_99124689_C_T_b38	7	1.26743e-14	0.000e+00	0.000e+00
chr4_99134674_G_A_b38	7	1.26743e-14	0.000e+00	0.000e+00
chr4_99118384_A_T_b38	7	1.26284e-14	0.000e+00	0.000e+00
chr4_99083500_C_T_b38	7	9.69060e-15	0.000e+00	0.000e+00
chr4_99121091_A_G_b38	7	6.87892e-15	0.000e+00	0.000e+00
chr4_99121070_T_C_b38	7	6.87892e-15	0.000e+00	0.000e+00
chr4_99123248_A_AAT_b38	7	5.14471e-15	0.000e+00	0.000e+00
chr4_99122028_C_T_b38	7	5.14471e-15	0.000e+00	0.000e+00
chr4_99122354_T_G_b38	7	5.14471e-15	0.000e+00	0.000e+00
chr4_99122038_G_A_b38	7	5.14471e-15	0.000e+00	0.000e+00
chr4_99122944_G_T_b38	7	5.14471e-15	0.000e+00	0.000e+00
chr4_99122501_A_G_b38	7	5.14471e-15	0.000e+00	0.000e+00
chr4_99122960_A_G_b38	7	5.14471e-15	0.000e+00	0.000e+00
chr4_99123671_T_C_b38	7	5.14471e-15	0.000e+00	0.000e+00
chr4_99122962_G_C_b38	7	5.14471e-15	0.000e+00	0.000e+00
chr4_99122133_C_T_b38	7	5.14471e-15	0.000e+00	0.000e+00
chr4_99141524_T_G_b38	7	3.77740e-15	0.000e+00	0.000e+00
chr4_99139731_A_G_b38	7	3.77740e-15	0.000e+00	0.000e+00
chr4_99140376_G_C_b38	7	3.77740e-15	0.000e+00	0.000e+00
chr4_99141279_A_G_b38	7	3.77740e-15	0.000e+00	0.000e+00
chr4_99141315_G_A_b38	7	3.77740e-15	0.000e+00	0.000e+00
chr4_99143705_TA_T_b38	7	3.77740e-15	0.000e+00	0.000e+00
chr4_99140633_C_T_b38	7	3.77740e-15	0.000e+00	0.000e+00
chr4_99143175_A_T_b38	7	3.77740e-15	0.000e+00	0.000e+00
chr4_99140411_T_C_b38	7	3.77740e-15	0.000e+00	0.000e+00
chr4_99139472_C_T_b38	7	3.77740e-15	0.000e+00	0.000e+00
chr4_99139748_C_T_b38	7	3.77740e-15	0.000e+00	0.000e+00
chr4_99143082_G_A_b38	7	3.77740e-15	0.000e+00	0.000e+00
chr4_99140237_T_C_b38	7	3.77740e-15	0.000e+00	0.000e+00
chr4_99139362_C_T_b38	7	3.77740e-15	0.000e+00	0.000e+00
chr4_99140541_T_A_b38	7	3.77740e-15	0.000e+00	0.000e+00
chr4_99139922_A_G_b38	7	3.77740e-15	0.000e+00	0.000e+00
chr4_99139387_A_G_b38	7	3.77740e-15	0.000e+00	0.000e+00
chr4_99139643_A_G_b38	7	3.77740e-15	0.000e+00	0.000e+00
chr4_99140094_G_T_b38	7	3.77740e-15	0.000e+00	0.000e+00
chr4_99141065_G_A_b38	7	3.77740e-15	0.000e+00	0.000e+00
chr4_99114944_G_A_b38	7	2.34741e-15	0.000e+00	0.000e+00
chr4_99118245_A_T_b38	7	2.30154e-15	0.000e+00	0.000e+00
chr4_99067508_C_T_b38	7	2.17263e-15	0.000e+00	0.000e+00
chr4_99068475_C_T_b38	7	2.17263e-15	0.000e+00	0.000e+00
chr4_99069426_CGA_C_b38	7	2.17263e-15	0.000e+00	0.000e+00
chr4_99139339_A_T_b38	7	1.96691e-15	0.000e+00	0.000e+00
chr4_99064872_G_C_b38	7	1.66361e-15	0.000e+00	0.000e+00
chr4_99145535_C_T_b38	7	1.57294e-15	0.000e+00	0.000e+00
chr4_99067057_A_G_b38	7	1.15179e-15	0.000e+00	0.000e+00
chr4_99134380_G_GTATA_b38	7	8.88572e-16	0.000e+00	0.000e+00
chr4_99140686_G_A_b38	7	4.16208e-16	0.000e+00	0.000e+00
chr4_99124905_CA_C_b38	7	2.82652e-16	0.000e+00	0.000e+00
chr4_99130668_C_T_b38	7	2.82652e-16	0.000e+00	0.000e+00
chr4_99127263_T_C_b38	7	2.82652e-16	0.000e+00	0.000e+00
chr4_99124465_C_T_b38	7	2.82652e-16	0.000e+00	0.000e+00
chr4_99132582_T_C_b38	7	2.82652e-16	0.000e+00	0.000e+00
chr4_99132743_A_T_b38	7	2.82652e-16	0.000e+00	0.000e+00
chr4_99133676_C_T_b38	7	2.82652e-16	0.000e+00	0.000e+00
chr4_99131582_C_A_b38	7	1.71586e-16	0.000e+00	0.000e+00
chr4_99126006_C_CA_b38	7	4.00052e-17	0.000e+00	0.000e+00
chr4_99134649_C_T_b38	7	3.76817e-17	0.000e+00	0.000e+00
chr4_99123990_C_T_b38	7	1.55555e-17	0.000e+00	0.000e+00
chr4_99097887_G_T_b38	7	5.65247e-18	0.000e+00	0.000e+00
chr4_99129049_C_A_b38	7	3.00852e-18	0.000e+00	0.000e+00
chr4_99097109_G_A_b38	7	1.85795e-19	0.000e+00	0.000e+00
chr4_99117365_T_G_b38	7	1.29286e-19	0.000e+00	0.000e+00
chr4_99118344_C_G_b38	7	1.29286e-19	0.000e+00	0.000e+00
chr4_99117452_G_A_b38	7	1.29286e-19	0.000e+00	0.000e+00
chr4_99116202_A_T_b38	7	1.29286e-19	0.000e+00	0.000e+00
chr4_99118427_C_T_b38	7	1.29286e-19	0.000e+00	0.000e+00
chr4_99117049_G_A_b38	7	1.09513e-19	0.000e+00	0.000e+00
chr4_99106200_G_A_b38	7	9.52348e-20	0.000e+00	0.000e+00
chr4_99107994_C_A_b38	7	9.52348e-20	0.000e+00	0.000e+00
chr4_99104715_G_C_b38	7	9.52348e-20	0.000e+00	0.000e+00
chr4_99115842_C_A_b38	7	8.51257e-20	0.000e+00	0.000e+00
chr4_99081221_C_T_b38	7	3.71599e-20	0.000e+00	0.000e+00
chr4_99080504_CTTTT_C_b38	7	3.71599e-20	0.000e+00	0.000e+00
chr4_99114767_T_C_b38	7	3.54701e-20	0.000e+00	0.000e+00
chr4_99069035_T_C_b38	7	3.10650e-20	0.000e+00	0.000e+00
chr4_99066177_A_T_b38	7	3.10650e-20	0.000e+00	0.000e+00
chr4_99068108_G_A_b38	7	2.22762e-20	0.000e+00	0.000e+00
chr4_99071924_C_A_b38	7	1.89947e-20	0.000e+00	0.000e+00
chr4_99155659_C_T_b38	7	3.24432e-21	0.000e+00	0.000e+00
