chr6_31378985_T_C_b38	1	9.99180e-01	1.487e-01	1.745e-02
chr6_31268398_C_T_b38	2	9.99180e-01	9.274e-02	1.984e-02
chr6_31359440_C_A_b38	3	4.99590e-01	1.895e-01	3.757e-02
chr6_31359464_C_A_b38	3	4.99590e-01	1.895e-01	3.757e-02
chr6_31364014_T_C_b38	4	5.84494e-01	-2.554e-01	4.868e-02
chr6_31368972_A_T_b38	4	2.01697e-01	-2.572e-01	4.921e-02
chr6_31365663_C_T_b38	4	5.39671e-02	-2.196e-01	4.559e-02
chr6_31396846_G_T_b38	4	2.14557e-02	-2.246e-01	4.461e-02
chr6_31404202_C_G_b38	4	2.14557e-02	-2.246e-01	4.461e-02
chr6_31398192_G_A_b38	4	2.14557e-02	-2.246e-01	4.461e-02
chr6_31395211_C_T_b38	4	2.14557e-02	-2.246e-01	4.461e-02
chr6_31360565_C_T_b38	4	2.03463e-02	-1.746e-01	3.921e-02
chr6_31360835_A_G_b38	4	2.03463e-02	-1.746e-01	3.921e-02
chr6_31358042_G_C_b38	4	1.99961e-02	-1.659e-01	3.800e-02
chr6_31358319_C_T_b38	4	9.26100e-03	-2.057e-01	4.860e-02
chr6_31388550_G_T_b38	4	3.24828e-03	-1.821e-01	3.889e-02
chr6_31273282_CT_C_b38	5	9.68047e-01	1.328e-01	2.280e-02
chr6_31267408_AGTCAAGGTAACC_A_b38	5	7.86672e-03	1.012e-01	2.015e-02
chr6_31267821_G_C_b38	5	7.86672e-03	1.012e-01	2.015e-02
chr6_31266825_T_C_b38	5	7.54576e-03	1.012e-01	2.016e-02
chr6_31306492_T_A_b38	5	1.03968e-03	1.050e-01	2.534e-02
chr6_31306521_G_A_b38	5	1.03968e-03	1.050e-01	2.534e-02
chr6_31306512_G_A_b38	5	1.03968e-03	1.050e-01	2.534e-02
chr6_31306490_C_G_b38	5	1.03968e-03	1.050e-01	2.534e-02
chr6_31358547_C_T_b38	6	8.53534e-01	-1.370e-01	5.590e-02
chr6_31358015_A_G_b38	6	4.32200e-02	-1.300e-01	6.381e-02
chr6_31358841_G_A_b38	6	8.12718e-03	-7.024e-02	4.635e-02
chr6_31358835_G_A_b38	6	8.12718e-03	-7.024e-02	4.635e-02
chr6_31358852_C_T_b38	6	8.12718e-03	-7.024e-02	4.635e-02
chr6_31358745_GC_G_b38	6	5.53022e-03	-5.732e-02	1.711e-02
chr6_31358836_A_G_b38	6	5.21082e-03	-5.695e-02	1.708e-02
chr6_31359143_G_A_b38	6	2.14331e-03	-5.401e-02	1.702e-02
chr6_31357788_G_A_b38	7	6.03968e-02	1.278e-01	3.795e-02
chr6_31357458_CA_C_b38	7	5.24939e-02	1.055e-01	3.745e-02
chr6_31357755_G_A_b38	7	3.18612e-02	1.197e-01	3.676e-02
chr6_31357843_T_C_b38	7	3.18612e-02	1.197e-01	3.676e-02
chr6_31357626_AC_A_b38	7	3.18612e-02	1.197e-01	3.676e-02
chr6_31357846_T_C_b38	7	3.18612e-02	1.197e-01	3.676e-02
chr6_31357647_G_T_b38	7	3.18612e-02	1.197e-01	3.676e-02
chr6_31357603_C_T_b38	7	3.18612e-02	1.197e-01	3.676e-02
chr6_31357717_T_C_b38	7	3.18612e-02	1.197e-01	3.676e-02
chr6_31357564_G_C_b38	7	3.18612e-02	1.197e-01	3.676e-02
chr6_31357727_T_C_b38	7	3.18612e-02	1.197e-01	3.676e-02
chr6_31357752_T_C_b38	7	3.18612e-02	1.197e-01	3.676e-02
chr6_31357744_G_C_b38	7	3.18612e-02	1.197e-01	3.676e-02
chr6_31357736_C_G_b38	7	3.18612e-02	1.197e-01	3.676e-02
chr6_31357749_G_A_b38	7	3.18612e-02	1.197e-01	3.676e-02
chr6_31359727_T_C_b38	7	1.97534e-02	1.167e-01	3.626e-02
chr6_31359623_T_C_b38	7	8.28427e-03	1.066e-01	3.587e-02
chr6_31359605_G_T_b38	7	8.28427e-03	1.066e-01	3.587e-02
chr6_31359017_A_T_b38	7	7.19184e-03	1.172e-01	3.645e-02
chr6_31357968_T_C_b38	7	1.51993e-03	5.427e-02	2.629e-02
chr6_31357981_G_A_b38	7	1.51993e-03	5.427e-02	2.629e-02
chr6_31357979_G_A_b38	7	1.51993e-03	5.427e-02	2.629e-02
chr6_31358109_G_C_b38	7	1.31279e-03	5.863e-02	2.991e-02
chr6_31357493_G_C_b38	7	3.86480e-04	3.718e-02	2.280e-02
chr6_31357653_G_A_b38	7	3.39831e-04	3.502e-02	2.288e-02
chr6_31357925_A_G_b38	7	3.23981e-04	3.529e-02	2.997e-02
chr6_31357915_G_A_b38	7	3.23981e-04	3.529e-02	2.997e-02
chr6_31337984_A_G_b38	8	1.90552e-02	-1.126e-01	3.441e-02
chr6_31263529_T_C_b38	8	4.13155e-03	-1.282e-01	3.714e-02
chr6_31333740_A_T_b38	8	3.23492e-04	-8.712e-02	3.221e-02
chr6_31333881_T_C_b38	8	3.07091e-04	-9.583e-02	3.603e-02
chr6_31333079_G_A_b38	8	3.07091e-04	-9.583e-02	3.603e-02
chr6_31334413_A_C_b38	8	3.07091e-04	-9.583e-02	3.603e-02
chr6_31326808_G_A_b38	8	5.94694e-38	0.000e+00	0.000e+00
chr6_31326689_T_G_b38	8	5.94694e-38	0.000e+00	0.000e+00
chr6_31326751_T_C_b38	8	5.94694e-38	0.000e+00	0.000e+00
chr6_31306889_C_T_b38	8	5.13793e-38	0.000e+00	0.000e+00
chr6_31331230_C_T_b38	8	5.13793e-38	0.000e+00	0.000e+00
chr6_31307783_T_C_b38	8	5.13793e-38	0.000e+00	0.000e+00
chr6_31323604_T_C_b38	8	5.13793e-38	0.000e+00	0.000e+00
chr6_31307914_A_C_b38	8	5.13793e-38	0.000e+00	0.000e+00
chr6_31323117_A_G_b38	8	5.13793e-38	0.000e+00	0.000e+00
chr6_31322458_A_G_b38	8	5.13793e-38	0.000e+00	0.000e+00
chr6_31330998_T_C_b38	8	5.13793e-38	0.000e+00	0.000e+00
chr6_31322415_G_A_b38	8	5.13793e-38	0.000e+00	0.000e+00
chr6_31307965_G_A_b38	8	5.02608e-38	0.000e+00	0.000e+00
chr6_31329323_A_G_b38	8	5.02608e-38	0.000e+00	0.000e+00
chr6_31330484_A_G_b38	8	5.00490e-38	0.000e+00	0.000e+00
chr6_31311840_TAAC_T_b38	8	4.82054e-38	0.000e+00	0.000e+00
chr6_31306974_C_A_b38	8	3.69225e-38	0.000e+00	0.000e+00
chr6_31313903_T_C_b38	8	3.66233e-38	0.000e+00	0.000e+00
chr6_31313332_T_C_b38	8	3.66233e-38	0.000e+00	0.000e+00
chr6_31314441_C_A_b38	8	3.66233e-38	0.000e+00	0.000e+00
chr6_31314036_C_T_b38	8	3.66233e-38	0.000e+00	0.000e+00
chr6_31313336_T_C_b38	8	3.66233e-38	0.000e+00	0.000e+00
chr6_31314371_A_G_b38	8	3.66233e-38	0.000e+00	0.000e+00
chr6_31316332_C_T_b38	8	3.66233e-38	0.000e+00	0.000e+00
chr6_31315524_A_T_b38	8	3.66233e-38	0.000e+00	0.000e+00
chr6_31313585_G_T_b38	8	3.66233e-38	0.000e+00	0.000e+00
chr6_31313331_A_G_b38	8	3.66233e-38	0.000e+00	0.000e+00
chr6_31314218_A_G_b38	8	3.66233e-38	0.000e+00	0.000e+00
chr6_31316191_T_C_b38	8	3.66233e-38	0.000e+00	0.000e+00
chr6_31315473_C_T_b38	8	3.66233e-38	0.000e+00	0.000e+00
chr6_31314187_G_T_b38	8	3.66233e-38	0.000e+00	0.000e+00
chr6_31315260_G_A_b38	8	2.56865e-38	0.000e+00	0.000e+00
chr6_31305777_C_A_b38	8	1.64233e-38	0.000e+00	0.000e+00
chr6_31304544_G_A_b38	8	1.64233e-38	0.000e+00	0.000e+00
chr6_31306259_A_G_b38	8	1.59098e-38	0.000e+00	0.000e+00
chr6_31305253_C_T_b38	8	1.59098e-38	0.000e+00	0.000e+00
chr6_31304777_A_G_b38	8	1.59098e-38	0.000e+00	0.000e+00
chr6_31305556_A_G_b38	8	1.59098e-38	0.000e+00	0.000e+00
chr6_31306215_G_A_b38	8	1.59098e-38	0.000e+00	0.000e+00
chr6_31303981_G_A_b38	8	1.59098e-38	0.000e+00	0.000e+00
chr6_31305589_C_A_b38	8	1.59098e-38	0.000e+00	0.000e+00
chr6_31303364_G_A_b38	8	1.59098e-38	0.000e+00	0.000e+00
chr6_31304952_C_T_b38	8	1.59098e-38	0.000e+00	0.000e+00
chr6_31306033_CT_C_b38	8	1.59098e-38	0.000e+00	0.000e+00
chr6_31305915_A_G_b38	8	1.59098e-38	0.000e+00	0.000e+00
chr6_31304287_TG_T_b38	8	1.59098e-38	0.000e+00	0.000e+00
chr6_31304380_G_A_b38	8	1.59098e-38	0.000e+00	0.000e+00
chr6_31305914_C_T_b38	8	1.59098e-38	0.000e+00	0.000e+00
chr6_31305801_C_T_b38	8	1.59098e-38	0.000e+00	0.000e+00
chr6_31304686_T_C_b38	8	1.59098e-38	0.000e+00	0.000e+00
chr6_31303360_G_C_b38	8	1.59098e-38	0.000e+00	0.000e+00
chr6_31305067_G_C_b38	8	1.59098e-38	0.000e+00	0.000e+00
chr6_31303358_T_A_b38	8	1.59098e-38	0.000e+00	0.000e+00
chr6_31305832_A_AG_b38	8	1.59098e-38	0.000e+00	0.000e+00
chr6_31303380_A_G_b38	8	1.59098e-38	0.000e+00	0.000e+00
chr6_31303980_T_C_b38	8	1.59098e-38	0.000e+00	0.000e+00
chr6_31304432_G_A_b38	8	1.55695e-38	0.000e+00	0.000e+00
chr6_31346595_T_C_b38	8	8.85596e-39	0.000e+00	0.000e+00
chr6_31347485_A_G_b38	8	8.85596e-39	0.000e+00	0.000e+00
chr6_31347238_T_C_b38	8	8.85596e-39	0.000e+00	0.000e+00
chr6_31313959_G_T_b38	8	5.72951e-39	0.000e+00	0.000e+00
chr6_31343398_G_A_b38	8	5.65349e-39	0.000e+00	0.000e+00
chr6_31343488_T_G_b38	8	5.65349e-39	0.000e+00	0.000e+00
chr6_31343400_G_T_b38	8	5.65349e-39	0.000e+00	0.000e+00
chr6_31342619_C_A_b38	8	5.45497e-39	0.000e+00	0.000e+00
chr6_31342756_T_G_b38	8	5.45497e-39	0.000e+00	0.000e+00
chr6_31338945_A_G_b38	8	4.66508e-39	0.000e+00	0.000e+00
chr6_31340635_T_C_b38	8	4.46800e-39	0.000e+00	0.000e+00
chr6_31336548_C_T_b38	8	4.46800e-39	0.000e+00	0.000e+00
chr6_31345860_T_C_b38	8	4.46800e-39	0.000e+00	0.000e+00
chr6_31337553_C_A_b38	8	4.46800e-39	0.000e+00	0.000e+00
chr6_31343916_A_G_b38	8	4.46800e-39	0.000e+00	0.000e+00
chr6_31336288_T_C_b38	8	4.46800e-39	0.000e+00	0.000e+00
chr6_31345045_G_A_b38	8	4.46800e-39	0.000e+00	0.000e+00
chr6_31342147_G_C_b38	8	4.46800e-39	0.000e+00	0.000e+00
chr6_31344159_A_G_b38	8	4.46800e-39	0.000e+00	0.000e+00
chr6_31346149_G_T_b38	8	4.46800e-39	0.000e+00	0.000e+00
chr6_31335064_C_T_b38	8	4.46800e-39	0.000e+00	0.000e+00
chr6_31345057_T_C_b38	8	4.46800e-39	0.000e+00	0.000e+00
chr6_31346213_T_G_b38	8	4.46800e-39	0.000e+00	0.000e+00
chr6_31335385_T_A_b38	8	4.46800e-39	0.000e+00	0.000e+00
chr6_31335195_T_G_b38	8	4.46800e-39	0.000e+00	0.000e+00
chr6_31336289_TTAG_T_b38	8	4.46800e-39	0.000e+00	0.000e+00
chr6_31335539_T_C_b38	8	4.46800e-39	0.000e+00	0.000e+00
chr6_31340336_A_T_b38	8	4.46800e-39	0.000e+00	0.000e+00
chr6_31345183_A_G_b38	8	4.46800e-39	0.000e+00	0.000e+00
chr6_31344794_G_A_b38	8	3.78211e-39	0.000e+00	0.000e+00
chr6_31344962_A_G_b38	8	3.74805e-39	0.000e+00	0.000e+00
chr6_31343825_A_G_b38	8	3.62904e-39	0.000e+00	0.000e+00
chr6_31343806_A_G_b38	8	3.62904e-39	0.000e+00	0.000e+00
chr6_31338871_G_A_b38	8	3.38610e-39	0.000e+00	0.000e+00
chr6_31359257_C_A_b38	9	9.84948e-04	-1.146e-01	3.791e-02
chr6_31381210_T_A_b38	9	1.03948e-05	0.000e+00	0.000e+00
chr6_31368220_C_T_b38	9	1.03948e-05	0.000e+00	0.000e+00
chr6_31377139_C_T_b38	9	1.03948e-05	0.000e+00	0.000e+00
chr6_31354148_T_TG_b38	9	2.70826e-37	0.000e+00	0.000e+00
chr6_31354352_C_G_b38	9	1.39571e-37	0.000e+00	0.000e+00
chr6_31363918_C_A_b38	9	5.38346e-38	0.000e+00	0.000e+00
chr6_31354590_T_G_b38	9	4.97076e-38	0.000e+00	0.000e+00
chr6_31358156_T_C_b38	9	3.68535e-38	0.000e+00	0.000e+00
chr6_31359002_T_A_b38	9	2.61183e-38	0.000e+00	0.000e+00
chr6_31355078_C_T_b38	9	2.17198e-38	0.000e+00	0.000e+00
chr6_31353587_G_A_b38	9	1.16236e-38	0.000e+00	0.000e+00
chr6_31361420_G_A_b38	9	1.15046e-38	0.000e+00	0.000e+00
chr6_31399275_T_G_b38	9	4.82154e-39	0.000e+00	0.000e+00
chr6_31399192_T_C_b38	9	4.82154e-39	0.000e+00	0.000e+00
chr6_31392512_A_G_b38	9	4.80055e-39	0.000e+00	0.000e+00
chr6_31393061_A_G_b38	9	4.80055e-39	0.000e+00	0.000e+00
chr6_31395535_G_C_b38	9	4.80055e-39	0.000e+00	0.000e+00
chr6_31384917_G_T_b38	9	3.65312e-39	0.000e+00	0.000e+00
chr6_31387162_A_T_b38	9	3.65312e-39	0.000e+00	0.000e+00
chr6_31374153_C_T_b38	9	2.04364e-39	0.000e+00	0.000e+00
chr6_31373979_G_A_b38	9	1.96894e-39	0.000e+00	0.000e+00
chr6_31403207_C_T_b38	9	6.76729e-40	0.000e+00	0.000e+00
chr6_31397035_C_T_b38	9	6.76729e-40	0.000e+00	0.000e+00
chr6_31398010_G_A_b38	9	6.76729e-40	0.000e+00	0.000e+00
chr6_31397312_G_C_b38	9	6.76729e-40	0.000e+00	0.000e+00
chr6_31400614_A_T_b38	9	6.76729e-40	0.000e+00	0.000e+00
chr6_31404865_C_T_b38	9	6.76729e-40	0.000e+00	0.000e+00
chr6_31392282_G_A_b38	9	6.76566e-40	0.000e+00	0.000e+00
chr6_31395164_G_A_b38	9	6.76566e-40	0.000e+00	0.000e+00
chr6_31383313_G_A_b38	9	6.76566e-40	0.000e+00	0.000e+00
chr6_31386574_TA_T_b38	9	6.76566e-40	0.000e+00	0.000e+00
chr6_31384787_C_T_b38	9	6.76566e-40	0.000e+00	0.000e+00
chr6_31408787_T_A_b38	9	2.20971e-40	0.000e+00	0.000e+00
chr6_31409863_C_G_b38	9	1.75449e-40	0.000e+00	0.000e+00
chr6_31443779_A_G_b38	9	1.37366e-40	0.000e+00	0.000e+00
chr6_31421290_A_C_b38	9	1.37366e-40	0.000e+00	0.000e+00
chr6_31440360_C_T_b38	9	1.37366e-40	0.000e+00	0.000e+00
chr6_31437695_T_C_b38	9	1.37366e-40	0.000e+00	0.000e+00
chr6_31421431_A_G_b38	9	1.37366e-40	0.000e+00	0.000e+00
chr6_31423890_C_T_b38	9	1.37366e-40	0.000e+00	0.000e+00
chr6_31443977_A_T_b38	9	1.37366e-40	0.000e+00	0.000e+00
chr6_31418741_A_G_b38	9	1.37366e-40	0.000e+00	0.000e+00
chr6_31434277_C_T_b38	9	1.37366e-40	0.000e+00	0.000e+00
chr6_31434535_C_T_b38	9	1.37366e-40	0.000e+00	0.000e+00
chr6_31444670_A_G_b38	9	1.37366e-40	0.000e+00	0.000e+00
chr6_31435731_A_G_b38	9	1.37366e-40	0.000e+00	0.000e+00
chr6_31410863_A_G_b38	9	1.37366e-40	0.000e+00	0.000e+00
chr6_31413285_T_C_b38	9	1.37366e-40	0.000e+00	0.000e+00
chr6_31411975_C_T_b38	9	1.37366e-40	0.000e+00	0.000e+00
chr6_31430403_C_A_b38	9	1.37366e-40	0.000e+00	0.000e+00
chr6_31422146_G_A_b38	9	1.37366e-40	0.000e+00	0.000e+00
chr6_31423612_C_T_b38	9	1.37366e-40	0.000e+00	0.000e+00
chr6_31433096_G_T_b38	9	1.37366e-40	0.000e+00	0.000e+00
chr6_31436695_T_C_b38	9	1.37366e-40	0.000e+00	0.000e+00
chr6_31420609_A_G_b38	9	1.37366e-40	0.000e+00	0.000e+00
chr6_31412852_A_G_b38	9	1.37366e-40	0.000e+00	0.000e+00
chr6_31412851_C_T_b38	9	1.37366e-40	0.000e+00	0.000e+00
chr6_31435412_TG_T_b38	9	1.37366e-40	0.000e+00	0.000e+00
chr6_31427162_G_A_b38	9	1.37366e-40	0.000e+00	0.000e+00
chr6_31442025_A_T_b38	9	1.31882e-40	0.000e+00	0.000e+00
chr6_31430207_A_T_b38	9	1.24176e-40	0.000e+00	0.000e+00
chr6_31430204_G_A_b38	9	1.24176e-40	0.000e+00	0.000e+00
chr6_31439356_G_A_b38	9	1.24176e-40	0.000e+00	0.000e+00
chr6_31430067_C_T_b38	9	1.24176e-40	0.000e+00	0.000e+00
chr6_31440601_G_A_b38	9	1.24176e-40	0.000e+00	0.000e+00
chr6_31436757_T_G_b38	9	1.24176e-40	0.000e+00	0.000e+00
chr6_31430270_A_T_b38	9	1.24176e-40	0.000e+00	0.000e+00
chr6_31430428_G_T_b38	9	1.24176e-40	0.000e+00	0.000e+00
chr6_31442497_A_G_b38	9	1.24176e-40	0.000e+00	0.000e+00
chr6_31439672_T_A_b38	9	1.24176e-40	0.000e+00	0.000e+00
chr6_31433538_C_A_b38	9	1.24176e-40	0.000e+00	0.000e+00
chr6_31436679_A_G_b38	9	1.24176e-40	0.000e+00	0.000e+00
chr6_31442760_C_T_b38	9	1.24176e-40	0.000e+00	0.000e+00
