chr3_48694528_A_G_b38	1	9.99986e-01	5.196e-01	3.324e-02
chr3_48695047_T_C_b38	2	1.76136e-01	-2.678e-01	2.930e-02
chr3_48696074_C_T_b38	2	1.76136e-01	-2.678e-01	2.930e-02
chr3_48719079_C_T_b38	2	1.37689e-01	-2.633e-01	2.940e-02
chr3_48720340_A_G_b38	2	1.02648e-01	-2.609e-01	2.916e-02
chr3_48701716_A_G_b38	2	6.51978e-02	-2.631e-01	2.919e-02
chr3_48694790_G_A_b38	2	6.47429e-02	-2.639e-01	2.924e-02
chr3_48715221_C_T_b38	2	5.20033e-02	-2.635e-01	2.936e-02
chr3_48711112_C_T_b38	2	4.67432e-02	-2.622e-01	2.926e-02
chr3_48698783_A_T_b38	2	3.92769e-02	-2.609e-01	2.915e-02
chr3_48711925_C_T_b38	2	3.92769e-02	-2.609e-01	2.915e-02
chr3_48698273_A_G_b38	2	2.44874e-02	-2.590e-01	2.915e-02
chr3_48676236_CAT_C_b38	2	1.06228e-02	-2.666e-01	2.983e-02
chr3_48671813_G_T_b38	2	5.00524e-03	-2.640e-01	2.977e-02
chr3_48668501_T_C_b38	2	5.00524e-03	-2.640e-01	2.977e-02
chr3_48725250_C_G_b38	2	4.75359e-03	-2.544e-01	2.970e-02
chr3_48724976_T_A_b38	2	4.75359e-03	-2.544e-01	2.970e-02
chr3_48705145_G_A_b38	2	4.51183e-03	-2.591e-01	2.978e-02
chr3_48690615_CCT_C_b38	2	4.51183e-03	-2.591e-01	2.978e-02
chr3_48707127_G_A_b38	2	4.51183e-03	-2.591e-01	2.978e-02
chr3_48707734_A_C_b38	2	4.51183e-03	-2.591e-01	2.978e-02
chr3_48726461_G_A_b38	2	3.81385e-03	-2.548e-01	2.988e-02
chr3_48717444_G_T_b38	2	3.81385e-03	-2.548e-01	2.988e-02
chr3_48672868_A_AAAC_b38	2	3.10224e-03	-2.616e-01	2.974e-02
chr3_48676902_G_C_b38	2	2.94001e-03	-2.615e-01	2.975e-02
chr3_48652677_T_C_b38	2	2.94001e-03	-2.615e-01	2.975e-02
chr3_48713930_A_AAC_b38	2	1.82109e-03	-2.544e-01	2.970e-02
chr3_48708806_T_A_b38	2	1.82109e-03	-2.544e-01	2.970e-02
chr3_48701245_A_G_b38	2	1.82109e-03	-2.544e-01	2.970e-02
chr3_48701058_T_C_b38	2	1.82109e-03	-2.544e-01	2.970e-02
chr3_48702847_C_A_b38	2	1.82109e-03	-2.544e-01	2.970e-02
chr3_48692027_T_C_b38	2	1.74635e-03	-2.564e-01	2.998e-02
chr3_48727735_A_G_b38	2	6.90017e-08	0.000e+00	0.000e+00
chr3_48712907_G_A_b38	2	4.24365e-08	0.000e+00	0.000e+00
chr3_48711155_C_T_b38	2	4.24365e-08	0.000e+00	0.000e+00
chr3_48682020_A_C_b38	2	2.39647e-08	0.000e+00	0.000e+00
chr3_48687581_G_C_b38	2	1.80430e-08	0.000e+00	0.000e+00
chr3_48694054_G_T_b38	3	9.92191e-01	-1.933e-01	2.787e-02
chr3_48658401_T_C_b38	3	7.78496e-03	-1.762e-01	2.763e-02
chr3_48694017_C_T_b38	4	2.75635e-02	1.617e-01	4.433e-02
chr3_48983678_T_C_b38	4	7.37482e-03	1.781e-01	4.385e-02
chr3_48927645_A_C_b38	4	7.37482e-03	1.781e-01	4.385e-02
chr3_48900734_G_A_b38	4	7.37482e-03	1.781e-01	4.385e-02
chr3_48902901_G_C_b38	4	7.37482e-03	1.781e-01	4.385e-02
chr3_48841720_C_T_b38	4	7.37482e-03	1.781e-01	4.385e-02
chr3_48888728_C_T_b38	4	2.58770e-03	1.674e-01	4.484e-02
chr3_48992035_C_T_b38	4	1.13063e-03	1.781e-01	4.384e-02
chr3_49183071_A_C_b38	4	1.13063e-03	1.781e-01	4.384e-02
chr3_48828880_C_G_b38	4	8.76346e-04	1.012e-01	3.476e-02
chr3_49701383_G_A_b38	4	1.85328e-04	1.781e-01	4.379e-02
chr3_49321116_G_GTCAGAAATTCTTT_b38	4	1.85328e-04	1.781e-01	4.379e-02
chr3_48740594_A_G_b38	5	3.85989e-04	1.985e-02	2.218e-02
chr3_48742282_C_T_b38	5	2.84049e-05	0.000e+00	0.000e+00
chr3_48742648_A_G_b38	5	2.28028e-05	0.000e+00	0.000e+00
chr3_48742884_G_A_b38	5	1.50056e-05	0.000e+00	0.000e+00
chr3_48745140_C_A_b38	5	1.50056e-05	0.000e+00	0.000e+00
chr3_48736987_C_G_b38	5	1.37137e-05	0.000e+00	0.000e+00
chr3_48735675_G_C_b38	5	1.10502e-05	0.000e+00	0.000e+00
chr3_48746837_G_A_b38	5	6.25970e-06	0.000e+00	0.000e+00
chr3_48749786_A_G_b38	5	4.35804e-06	0.000e+00	0.000e+00
chr3_48692683_T_C_b38	5	4.41147e-51	0.000e+00	0.000e+00
chr3_48682205_T_C_b38	5	2.05504e-51	0.000e+00	0.000e+00
chr3_48782235_A_C_b38	5	7.62871e-52	0.000e+00	0.000e+00
chr3_48685869_G_C_b38	5	7.35800e-52	0.000e+00	0.000e+00
chr3_48719858_A_G_b38	5	7.12400e-52	0.000e+00	0.000e+00
chr3_48773959_C_CCT_b38	5	6.08329e-52	0.000e+00	0.000e+00
chr3_48706058_T_TA_b38	5	3.69850e-52	0.000e+00	0.000e+00
chr3_48706063_CGTGCATG_C_b38	5	3.36169e-52	0.000e+00	0.000e+00
chr3_48707051_A_G_b38	5	2.25665e-52	0.000e+00	0.000e+00
chr3_48711556_G_T_b38	5	1.87760e-52	0.000e+00	0.000e+00
chr3_48764407_C_T_b38	5	1.61573e-52	0.000e+00	0.000e+00
chr3_48712110_T_C_b38	5	1.57047e-52	0.000e+00	0.000e+00
chr3_48698125_C_T_b38	5	1.33398e-52	0.000e+00	0.000e+00
chr3_48689679_G_A_b38	5	1.23132e-52	0.000e+00	0.000e+00
chr3_48734197_T_C_b38	5	9.50104e-59	0.000e+00	0.000e+00
chr3_48731247_C_T_b38	5	9.08864e-59	0.000e+00	0.000e+00
chr3_48764496_G_A_b38	5	5.18774e-59	0.000e+00	0.000e+00
chr3_48771098_T_C_b38	5	2.13672e-59	0.000e+00	0.000e+00
