chr20_35090565_G_A_b38	1	8.10917e-02	-4.442e-01	1.081e-01
chr20_35095255_G_A_b38	1	8.03820e-02	-4.442e-01	1.081e-01
chr20_35090929_G_A_b38	1	6.08630e-02	-3.662e-01	9.304e-02
chr20_35095627_G_A_b38	1	5.14985e-02	-4.442e-01	1.081e-01
chr20_35089361_G_A_b38	1	4.11699e-02	-3.662e-01	9.304e-02
chr20_35088306_T_C_b38	1	4.11699e-02	-3.662e-01	9.304e-02
chr20_35102138_T_A_b38	1	3.66393e-02	-4.442e-01	1.081e-01
chr20_35086201_C_T_b38	1	3.28578e-02	-4.441e-01	1.081e-01
chr20_35083922_A_C_b38	1	3.28578e-02	-4.441e-01	1.081e-01
chr20_35084144_A_G_b38	1	3.28578e-02	-4.441e-01	1.081e-01
chr20_35072639_A_G_b38	1	3.01495e-02	-4.227e-01	1.000e-01
chr20_35086040_C_T_b38	1	2.42178e-02	-3.660e-01	9.305e-02
chr20_35078028_A_C_b38	1	1.72744e-02	-4.437e-01	1.082e-01
chr20_35075712_T_C_b38	1	1.72744e-02	-4.437e-01	1.082e-01
chr20_35079980_C_A_b38	1	1.72744e-02	-4.437e-01	1.082e-01
chr20_35070855_T_C_b38	1	1.72744e-02	-4.437e-01	1.082e-01
chr20_35071947_T_C_b38	1	1.72744e-02	-4.437e-01	1.082e-01
chr20_35071509_C_G_b38	1	1.72744e-02	-4.437e-01	1.082e-01
chr20_35069707_A_G_b38	1	1.72744e-02	-4.437e-01	1.082e-01
chr20_35114477_T_G_b38	1	1.68378e-02	-4.437e-01	1.082e-01
chr20_35076780_C_G_b38	1	1.28087e-02	-3.658e-01	9.313e-02
chr20_35079621_T_C_b38	1	1.28087e-02	-3.658e-01	9.313e-02
chr20_35080457_C_T_b38	1	1.28087e-02	-3.658e-01	9.313e-02
chr20_35068800_G_A_b38	1	1.28087e-02	-3.658e-01	9.313e-02
chr20_35080494_T_C_b38	1	1.28087e-02	-3.658e-01	9.313e-02
chr20_35071931_T_A_b38	1	1.28087e-02	-3.658e-01	9.313e-02
chr20_35095103_C_T_b38	1	4.66740e-03	-3.073e-01	9.845e-02
chr20_35063818_A_G_b38	1	4.19638e-03	-4.409e-01	1.096e-01
chr20_35062266_A_G_b38	1	4.19638e-03	-4.409e-01	1.096e-01
chr20_35061573_T_C_b38	1	4.19638e-03	-4.409e-01	1.096e-01
chr20_35059038_G_A_b38	1	4.19638e-03	-4.409e-01	1.096e-01
chr20_35067732_T_C_b38	1	4.19638e-03	-4.409e-01	1.096e-01
chr20_35063650_G_A_b38	1	4.19638e-03	-4.409e-01	1.096e-01
chr20_35064559_CCA_C_b38	1	4.19638e-03	-4.409e-01	1.096e-01
chr20_35065161_G_C_b38	1	4.19638e-03	-4.409e-01	1.096e-01
chr20_35061790_G_C_b38	1	4.19638e-03	-4.409e-01	1.096e-01
chr20_35066886_C_A_b38	1	4.19638e-03	-4.409e-01	1.096e-01
chr20_35022315_C_T_b38	1	4.16010e-03	-4.581e-01	1.058e-01
chr20_35138733_C_T_b38	1	4.05817e-03	-4.409e-01	1.096e-01
chr20_35140432_C_T_b38	1	4.05817e-03	-4.409e-01	1.096e-01
chr20_35053417_T_A_b38	1	3.34083e-03	-3.666e-01	9.428e-02
chr20_35047173_ACTT_A_b38	1	3.34083e-03	-3.666e-01	9.428e-02
chr20_35054677_C_T_b38	1	3.34083e-03	-3.666e-01	9.428e-02
chr20_35051453_G_A_b38	1	3.34083e-03	-3.666e-01	9.428e-02
chr20_35057906_A_G_b38	1	3.34083e-03	-3.666e-01	9.428e-02
chr20_35053117_C_T_b38	1	3.34083e-03	-3.666e-01	9.428e-02
chr20_35048416_G_C_b38	1	3.34083e-03	-3.666e-01	9.428e-02
chr20_35066781_C_T_b38	1	3.34083e-03	-3.666e-01	9.428e-02
chr20_34994476_C_A_b38	1	2.74768e-03	-3.524e-01	8.552e-02
chr20_35004345_G_A_b38	1	2.16789e-03	-4.144e-01	1.009e-01
chr20_35025848_T_C_b38	1	2.16789e-03	-4.144e-01	1.009e-01
chr20_34999498_CAG_C_b38	1	1.35453e-03	-3.960e-01	9.940e-02
chr20_35030803_G_A_b38	1	1.17855e-03	-4.363e-01	1.101e-01
chr20_34997634_C_T_b38	1	1.17855e-03	-4.363e-01	1.101e-01
chr20_35032654_A_G_b38	1	1.17855e-03	-4.363e-01	1.101e-01
chr20_35017295_C_T_b38	1	1.17855e-03	-4.363e-01	1.101e-01
chr20_35026334_C_A_b38	1	1.17855e-03	-4.363e-01	1.101e-01
chr20_35004785_C_T_b38	1	1.17855e-03	-4.363e-01	1.101e-01
chr20_35007156_G_T_b38	1	1.17855e-03	-4.363e-01	1.101e-01
chr20_34999793_G_A_b38	1	1.17855e-03	-4.363e-01	1.101e-01
chr20_35035719_A_T_b38	1	1.17855e-03	-4.363e-01	1.101e-01
chr20_35023189_C_T_b38	1	1.17855e-03	-4.363e-01	1.101e-01
chr20_35003824_G_A_b38	1	1.17855e-03	-4.363e-01	1.101e-01
chr20_35030864_CTCTT_C_b38	1	1.17855e-03	-4.363e-01	1.101e-01
chr20_35013695_T_C_b38	1	1.17855e-03	-4.363e-01	1.101e-01
chr20_34996016_A_AGCTTAGGTTCTCACAG_b38	1	1.17855e-03	-4.363e-01	1.101e-01
chr20_35010986_C_T_b38	1	1.17855e-03	-4.363e-01	1.101e-01
chr20_35030669_T_C_b38	1	1.17855e-03	-4.363e-01	1.101e-01
chr20_35018054_G_A_b38	1	1.17855e-03	-4.363e-01	1.101e-01
chr20_35158865_G_T_b38	1	1.14132e-03	-4.363e-01	1.101e-01
chr20_35152112_A_ATTC_b38	1	1.14132e-03	-4.363e-01	1.101e-01
chr20_35151653_C_T_b38	1	1.14132e-03	-4.363e-01	1.101e-01
chr20_35020813_A_G_b38	1	1.08281e-03	-3.654e-01	9.464e-02
chr20_35011600_G_C_b38	1	1.08281e-03	-3.654e-01	9.464e-02
chr20_35038202_G_C_b38	1	1.08281e-03	-3.654e-01	9.464e-02
chr20_35010809_C_T_b38	1	1.08281e-03	-3.654e-01	9.464e-02
chr20_35017999_C_T_b38	1	1.08281e-03	-3.654e-01	9.464e-02
chr20_35008110_C_T_b38	1	1.08281e-03	-3.654e-01	9.464e-02
chr20_35041807_T_C_b38	1	1.08281e-03	-3.654e-01	9.464e-02
chr20_35166602_G_A_b38	1	6.38782e-04	-3.913e-01	1.044e-01
chr20_35164307_G_T_b38	1	6.38782e-04	-3.913e-01	1.044e-01
chr20_35133117_T_C_b38	1	6.30941e-04	-3.436e-01	1.029e-01
chr20_35136418_C_T_b38	1	6.30941e-04	-3.436e-01	1.029e-01
chr20_35094767_A_C_b38	1	5.99245e-04	-1.914e-01	9.314e-02
chr20_35132789_T_C_b38	1	5.24348e-04	-2.818e-01	8.756e-02
chr20_35097106_A_T_b38	1	3.43482e-04	-1.883e-01	9.325e-02
chr20_35338300_C_G_b38	2	6.34655e-02	2.127e-01	4.450e-02
chr20_35338465_A_T_b38	2	3.61906e-02	2.096e-01	4.510e-02
chr20_35376181_GC_G_b38	2	3.38728e-02	-2.353e-01	4.632e-02
chr20_35339203_A_C_b38	2	1.47095e-02	2.008e-01	4.523e-02
chr20_35338040_C_A_b38	2	1.34757e-02	2.015e-01	4.550e-02
chr20_35381727_C_T_b38	2	1.04926e-02	-2.165e-01	4.473e-02
chr20_35372683_T_C_b38	2	1.02858e-02	-2.255e-01	4.683e-02
chr20_35380264_T_C_b38	2	1.02858e-02	-2.255e-01	4.683e-02
chr20_35436182_A_G_b38	2	1.01762e-02	-2.282e-01	4.740e-02
chr20_35416964_C_T_b38	2	9.12242e-03	-2.098e-01	4.384e-02
chr20_35337291_T_C_b38	2	7.79961e-03	1.962e-01	4.559e-02
chr20_35336309_C_T_b38	2	7.79961e-03	1.962e-01	4.559e-02
chr20_35335763_A_G_b38	2	7.79961e-03	1.962e-01	4.559e-02
chr20_35336470_C_A_b38	2	7.79961e-03	1.962e-01	4.559e-02
chr20_35336327_C_A_b38	2	7.79961e-03	1.962e-01	4.559e-02
chr20_35414112_C_T_b38	2	4.80502e-03	-2.102e-01	4.521e-02
chr20_35409488_T_A_b38	2	4.80502e-03	-2.102e-01	4.521e-02
chr20_35420334_C_T_b38	2	4.80502e-03	-2.102e-01	4.521e-02
chr20_35411464_A_G_b38	2	4.80502e-03	-2.102e-01	4.521e-02
chr20_35413255_C_T_b38	2	4.80502e-03	-2.102e-01	4.521e-02
chr20_35406462_G_T_b38	2	4.80502e-03	-2.102e-01	4.521e-02
chr20_35409980_AT_A_b38	2	4.80502e-03	-2.102e-01	4.521e-02
chr20_35399773_G_A_b38	2	4.80502e-03	-2.102e-01	4.521e-02
chr20_35397765_C_T_b38	2	4.80502e-03	-2.102e-01	4.521e-02
chr20_35408630_T_C_b38	2	4.80502e-03	-2.102e-01	4.521e-02
chr20_35412662_C_T_b38	2	4.80502e-03	-2.102e-01	4.521e-02
chr20_35349901_G_A_b38	2	4.80502e-03	-2.102e-01	4.521e-02
chr20_35413738_G_C_b38	2	4.80502e-03	-2.102e-01	4.521e-02
chr20_35359927_T_C_b38	2	4.80502e-03	-2.102e-01	4.521e-02
chr20_35371512_T_C_b38	2	4.80502e-03	-2.102e-01	4.521e-02
chr20_35409931_G_A_b38	2	4.80502e-03	-2.102e-01	4.521e-02
chr20_35384250_C_T_b38	2	4.80502e-03	-2.102e-01	4.521e-02
chr20_35354882_G_A_b38	2	4.80502e-03	-2.102e-01	4.521e-02
chr20_35382724_A_G_b38	2	4.80502e-03	-2.102e-01	4.521e-02
chr20_35414469_CAT_C_b38	2	4.80502e-03	-2.102e-01	4.521e-02
chr20_35348535_G_A_b38	2	4.80502e-03	-2.102e-01	4.521e-02
chr20_35419167_T_C_b38	2	4.80502e-03	-2.102e-01	4.521e-02
chr20_35378522_C_T_b38	2	4.80502e-03	-2.102e-01	4.521e-02
chr20_35389020_C_T_b38	2	4.80502e-03	-2.102e-01	4.521e-02
chr20_35397173_T_C_b38	2	4.80502e-03	-2.102e-01	4.521e-02
chr20_35400015_T_A_b38	2	4.80502e-03	-2.102e-01	4.521e-02
chr20_35389546_G_A_b38	2	4.80502e-03	-2.102e-01	4.521e-02
chr20_35363996_G_A_b38	2	4.69114e-03	-2.093e-01	4.509e-02
chr20_35372647_T_C_b38	2	4.69114e-03	-2.093e-01	4.509e-02
chr20_35387378_C_A_b38	2	4.69114e-03	-2.093e-01	4.509e-02
chr20_35385096_A_C_b38	2	4.69114e-03	-2.093e-01	4.509e-02
chr20_35372996_A_G_b38	2	4.69114e-03	-2.093e-01	4.509e-02
chr20_35361116_A_G_b38	2	4.69114e-03	-2.093e-01	4.509e-02
chr20_35372505_C_T_b38	2	4.69114e-03	-2.093e-01	4.509e-02
chr20_35386248_T_C_b38	2	4.69114e-03	-2.093e-01	4.509e-02
chr20_35361479_T_C_b38	2	4.69114e-03	-2.093e-01	4.509e-02
chr20_35354458_G_A_b38	2	4.69114e-03	-2.093e-01	4.509e-02
chr20_35354460_A_G_b38	2	4.69114e-03	-2.093e-01	4.509e-02
chr20_35385145_G_A_b38	2	4.69114e-03	-2.093e-01	4.509e-02
chr20_35394632_G_A_b38	2	4.69114e-03	-2.093e-01	4.509e-02
chr20_35359482_C_G_b38	2	4.69114e-03	-2.093e-01	4.509e-02
chr20_35346498_T_C_b38	2	4.69114e-03	-2.093e-01	4.509e-02
chr20_35386360_T_A_b38	2	4.69114e-03	-2.093e-01	4.509e-02
chr20_35398468_T_C_b38	2	4.69114e-03	-2.093e-01	4.509e-02
chr20_35352692_T_TTC_b38	2	4.69114e-03	-2.093e-01	4.509e-02
chr20_35378457_T_C_b38	2	4.69114e-03	-2.093e-01	4.509e-02
chr20_35408169_C_T_b38	2	4.69114e-03	-2.093e-01	4.509e-02
chr20_35379720_T_C_b38	2	4.69114e-03	-2.093e-01	4.509e-02
chr20_35385575_G_A_b38	2	4.69114e-03	-2.093e-01	4.509e-02
chr20_35404958_T_A_b38	2	4.69114e-03	-2.093e-01	4.509e-02
chr20_35383282_A_G_b38	2	4.69114e-03	-2.093e-01	4.509e-02
chr20_35374042_C_A_b38	2	4.69114e-03	-2.093e-01	4.509e-02
chr20_35346043_T_C_b38	2	4.69114e-03	-2.093e-01	4.509e-02
chr20_35364817_G_A_b38	2	4.69114e-03	-2.093e-01	4.509e-02
chr20_35327768_A_G_b38	2	4.13438e-03	1.876e-01	4.521e-02
chr20_35384111_C_T_b38	2	3.00864e-03	-2.074e-01	4.546e-02
chr20_35420820_G_A_b38	2	2.87102e-03	-2.063e-01	4.529e-02
chr20_35417411_C_T_b38	2	2.82877e-03	-2.051e-01	4.513e-02
chr20_35413447_G_A_b38	2	1.50163e-03	-2.007e-01	4.530e-02
chr20_35368201_A_T_b38	2	1.50163e-03	-2.007e-01	4.530e-02
chr20_35399495_T_C_b38	2	1.50163e-03	-2.007e-01	4.530e-02
chr20_35407977_A_G_b38	2	1.50163e-03	-2.007e-01	4.530e-02
chr20_35408142_T_A_b38	2	1.50163e-03	-2.007e-01	4.530e-02
chr20_35395682_A_G_b38	2	1.50163e-03	-2.007e-01	4.530e-02
chr20_35388671_G_C_b38	2	1.50163e-03	-2.007e-01	4.530e-02
chr20_35343541_A_G_b38	2	1.50163e-03	-2.007e-01	4.530e-02
chr20_35397254_A_G_b38	2	1.50163e-03	-2.007e-01	4.530e-02
chr20_35370450_A_T_b38	2	1.50163e-03	-2.007e-01	4.530e-02
chr20_35319358_T_C_b38	2	1.31284e-03	1.771e-01	4.519e-02
chr20_35320106_T_C_b38	2	1.31284e-03	1.771e-01	4.519e-02
chr20_35325519_G_T_b38	2	1.31284e-03	1.771e-01	4.519e-02
chr20_35306660_A_G_b38	2	1.31284e-03	1.771e-01	4.519e-02
chr20_35326405_A_G_b38	2	1.31284e-03	1.771e-01	4.519e-02
chr20_35317924_A_AGGGCT_b38	2	1.31284e-03	1.771e-01	4.519e-02
chr20_35308459_C_G_b38	2	1.31284e-03	1.771e-01	4.519e-02
chr20_35417437_T_C_b38	2	9.89481e-04	-1.977e-01	4.551e-02
chr20_35302258_G_A_b38	2	8.68337e-04	1.773e-01	4.580e-02
chr20_35438203_G_A_b38	2	6.81362e-04	-2.149e-01	5.000e-02
chr20_35437976_G_A_b38	2	6.26551e-04	-1.969e-01	4.616e-02
chr20_35317816_G_A_b38	2	5.61480e-04	1.732e-01	4.569e-02
chr20_35315833_C_T_b38	2	5.61480e-04	1.732e-01	4.569e-02
chr20_35318101_C_A_b38	2	5.61480e-04	1.732e-01	4.569e-02
chr20_35434589_C_A_b38	2	4.41582e-04	-1.907e-01	4.539e-02
chr20_35431781_T_C_b38	2	2.81081e-04	-1.903e-01	4.566e-02
chr20_35335198_T_G_b38	2	2.72265e-04	1.688e-01	4.700e-02
chr20_35098288_T_TA_b38	3	2.96051e-04	1.713e-01	2.411e-01
chr20_35101053_T_C_b38	3	1.57224e-04	-4.037e-03	1.875e-01
chr20_35109322_G_A_b38	3	8.64681e-05	1.162e-01	2.123e-01
chr20_35113764_C_T_b38	3	8.64681e-05	1.162e-01	2.123e-01
chr20_35106374_G_A_b38	3	8.64681e-05	1.162e-01	2.123e-01
chr20_35117269_G_A_b38	3	5.95781e-05	1.054e-01	1.946e-01
chr20_35115984_T_TA_b38	3	5.95781e-05	1.054e-01	1.946e-01
chr20_35118706_G_A_b38	3	1.87859e-05	1.352e-01	1.986e-01
chr20_35127789_T_C_b38	3	1.80565e-05	1.054e-01	1.946e-01
chr20_35121054_C_T_b38	3	1.80565e-05	1.054e-01	1.946e-01
chr20_35124109_A_T_b38	3	1.80565e-05	1.054e-01	1.946e-01
chr20_35123522_G_A_b38	3	1.80565e-05	1.054e-01	1.946e-01
chr20_35120794_C_T_b38	3	1.80565e-05	1.054e-01	1.946e-01
chr20_35127763_A_G_b38	3	1.80565e-05	1.054e-01	1.946e-01
chr20_35123858_T_C_b38	3	1.80565e-05	1.054e-01	1.946e-01
chr20_35124267_A_T_b38	3	1.80565e-05	1.054e-01	1.946e-01
chr20_35123540_C_T_b38	3	1.80565e-05	1.054e-01	1.946e-01
chr20_35123621_A_G_b38	3	1.80565e-05	1.054e-01	1.946e-01
chr20_35123368_G_A_b38	3	1.80565e-05	1.054e-01	1.946e-01
chr20_35130826_C_T_b38	3	1.68140e-05	-4.037e-03	1.875e-01
chr20_35131010_T_C_b38	3	1.68140e-05	-4.037e-03	1.875e-01
chr20_35175479_C_G_b38	3	6.13311e-06	0.000e+00	0.000e+00
