chr1_39554348_C_A_b38	1	9.99761e-01	-8.906e-01	6.666e-02
chr1_39546558_C_T_b38	2	4.86290e-01	1.955e-01	3.550e-02
chr1_39546761_C_T_b38	2	1.81939e-01	1.954e-01	3.526e-02
chr1_39544563_T_C_b38	2	8.87290e-02	1.954e-01	3.515e-02
chr1_39537738_C_T_b38	2	5.43230e-02	1.981e-01	3.503e-02
chr1_39554832_T_C_b38	2	3.26440e-02	-1.638e-01	2.870e-02
chr1_39553919_A_G_b38	2	3.20937e-02	1.955e-01	3.504e-02
chr1_39552837_C_T_b38	2	3.20937e-02	1.955e-01	3.504e-02
chr1_39559525_TG_T_b38	2	1.62824e-02	1.955e-01	3.504e-02
chr1_39557105_C_G_b38	2	1.62824e-02	1.955e-01	3.504e-02
chr1_39556810_C_T_b38	2	1.62824e-02	1.955e-01	3.504e-02
chr1_39562508_A_G_b38	2	1.04756e-02	1.922e-01	3.473e-02
chr1_39529402_C_T_b38	2	8.76756e-03	1.892e-01	3.432e-02
chr1_39572899_C_T_b38	2	6.10874e-03	1.955e-01	3.504e-02
chr1_39571175_G_C_b38	2	5.91880e-03	1.888e-01	3.476e-02
chr1_39570014_C_T_b38	2	5.91880e-03	1.888e-01	3.476e-02
chr1_39566567_T_C_b38	2	5.57955e-03	-1.567e-01	2.842e-02
chr1_39545910_C_T_b38	3	5.19824e-02	-1.016e-01	4.303e-02
chr1_39538470_T_C_b38	3	3.00761e-03	-1.037e-01	4.292e-02
chr1_39539462_C_G_b38	3	2.76231e-03	-1.020e-01	4.292e-02
chr1_39557784_G_A_b38	3	1.58629e-03	-1.068e-01	4.259e-02
chr1_39558255_C_T_b38	3	1.20504e-03	-1.020e-01	4.292e-02
chr1_39552004_A_AAAAT_b38	3	4.58738e-04	-7.925e-02	5.557e-02
chr1_39540428_C_T_b38	3	3.28240e-04	-5.936e-02	4.939e-02
chr1_39522559_A_G_b38	3	3.13722e-04	-9.025e-02	5.517e-02
chr1_39546018_G_T_b38	4	2.28360e-03	-1.450e-01	7.202e-02
chr1_39540231_G_A_b38	4	1.46781e-04	-1.447e-01	7.198e-02
chr1_39578080_C_G_b38	4	8.62881e-05	-1.815e-01	6.880e-02
chr1_39587421_A_C_b38	4	8.62881e-05	-1.815e-01	6.880e-02
chr1_39576027_T_TCGGAGC_b38	4	6.38892e-05	-1.688e-01	6.693e-02
chr1_39578100_G_A_b38	4	3.52144e-05	-3.359e-01	1.402e-01
chr1_39568233_G_A_b38	4	2.82510e-05	-1.002e-01	6.371e-02
chr1_39586436_C_G_b38	4	2.10868e-05	-4.494e-01	2.105e-01
chr1_39571682_C_G_b38	4	2.10026e-05	-1.447e-01	7.198e-02
chr1_39579628_A_C_b38	4	1.74167e-05	-3.109e-01	1.643e-01
chr1_39582337_G_A_b38	4	1.74167e-05	-3.109e-01	1.643e-01
