chr1_222668272_G_A_b38	1	1.71735e-01	1.905e-01	3.369e-02
chr1_222664597_G_A_b38	1	7.91117e-02	1.863e-01	3.394e-02
chr1_222663654_A_G_b38	1	7.91117e-02	1.863e-01	3.394e-02
chr1_222650187_A_C_b38	1	5.42195e-02	1.902e-01	3.351e-02
chr1_222658953_T_C_b38	1	5.42195e-02	1.902e-01	3.351e-02
chr1_222652375_T_C_b38	1	5.42195e-02	1.902e-01	3.351e-02
chr1_222649657_A_G_b38	1	5.42195e-02	1.902e-01	3.351e-02
chr1_222655362_C_T_b38	1	5.42195e-02	1.902e-01	3.351e-02
chr1_222706825_G_A_b38	1	4.24414e-02	1.604e-01	3.161e-02
chr1_222708030_C_T_b38	1	4.24414e-02	1.604e-01	3.161e-02
chr1_222638065_A_G_b38	1	2.86833e-02	1.883e-01	3.413e-02
chr1_222651746_C_G_b38	1	2.50557e-02	1.861e-01	3.384e-02
chr1_222647448_T_G_b38	1	2.50557e-02	1.861e-01	3.384e-02
chr1_222661161_A_T_b38	1	2.50557e-02	1.861e-01	3.384e-02
chr1_222643014_T_A_b38	1	1.96500e-02	1.858e-01	3.401e-02
chr1_222673540_G_A_b38	1	1.94945e-02	1.747e-01	3.347e-02
chr1_222686148_G_A_b38	1	1.56322e-02	1.658e-01	3.181e-02
chr1_222686156_G_A_b38	1	1.56322e-02	1.658e-01	3.181e-02
chr1_222656208_G_A_b38	1	1.44989e-02	1.826e-01	3.346e-02
chr1_222653139_G_A_b38	1	1.44989e-02	1.826e-01	3.346e-02
chr1_222661461_T_C_b38	1	1.44989e-02	1.826e-01	3.346e-02
chr1_222632876_A_G_b38	1	1.42941e-02	1.813e-01	3.330e-02
chr1_222732952_A_G_b38	1	1.22205e-02	1.567e-01	3.151e-02
chr1_222726085_T_C_b38	1	1.22205e-02	1.567e-01	3.151e-02
chr1_222620290_A_G_b38	1	6.99344e-03	1.784e-01	3.388e-02
chr1_222620428_T_C_b38	1	6.99344e-03	1.784e-01	3.388e-02
chr1_222620749_T_C_b38	1	6.99344e-03	1.784e-01	3.388e-02
chr1_222738618_G_T_b38	1	6.43654e-03	1.604e-01	3.157e-02
chr1_222647297_G_A_b38	1	6.29030e-03	1.783e-01	3.387e-02
chr1_222626283_T_G_b38	1	4.98307e-03	1.768e-01	3.389e-02
chr1_222629461_T_G_b38	1	4.98307e-03	1.768e-01	3.389e-02
chr1_222641100_C_T_b38	1	4.51155e-03	1.778e-01	3.402e-02
chr1_222640383_T_A_b38	1	4.51155e-03	1.778e-01	3.402e-02
chr1_222621901_C_T_b38	1	2.33472e-03	1.753e-01	3.489e-02
chr1_222624272_C_G_b38	1	7.01114e-04	1.699e-01	3.436e-02
chr1_222622227_C_G_b38	1	2.55551e-05	2.065e-01	3.471e-02
chr1_222708431_G_C_b38	2	1.72769e-01	-3.992e-01	8.114e-02
chr1_222709669_G_A_b38	2	1.72769e-01	-3.992e-01	8.114e-02
chr1_222706025_G_C_b38	2	1.25363e-01	-3.992e-01	8.112e-02
chr1_222704828_AT_A_b38	2	1.25363e-01	-3.992e-01	8.112e-02
chr1_222728446_G_A_b38	2	6.72207e-02	-3.993e-01	8.109e-02
chr1_222736642_G_A_b38	2	6.72207e-02	-3.993e-01	8.109e-02
chr1_222698972_C_A_b38	2	5.81327e-02	-3.994e-01	8.108e-02
chr1_222722878_T_C_b38	2	4.23912e-02	-3.463e-01	7.516e-02
chr1_222718607_CTT_C_b38	2	4.23912e-02	-3.463e-01	7.516e-02
chr1_222684338_C_T_b38	2	2.19098e-02	-3.990e-01	8.091e-02
chr1_222744387_G_A_b38	2	2.03039e-02	-3.990e-01	8.091e-02
chr1_222652073_G_A_b38	2	1.87752e-02	-4.309e-01	8.297e-02
chr1_222633596_G_A_b38	2	1.87752e-02	-4.309e-01	8.297e-02
chr1_222630862_C_A_b38	2	1.69391e-02	-4.462e-01	8.597e-02
chr1_222732435_C_T_b38	2	1.18810e-02	-3.620e-01	8.024e-02
chr1_222736869_A_G_b38	2	3.55767e-03	-3.415e-01	8.027e-02
chr1_222705435_A_G_b38	2	1.75523e-03	-2.946e-01	7.442e-02
chr1_222760771_G_C_b38	2	7.74797e-04	-3.215e-01	7.138e-02
chr1_222681757_A_G_b38	2	5.10220e-04	-3.732e-01	8.411e-02
chr1_222695070_G_A_b38	2	4.05118e-04	-2.989e-01	7.389e-02
chr1_222712777_A_G_b38	3	9.32064e-03	-4.077e-02	6.011e-02
chr1_222720538_A_G_b38	3	1.04362e-03	-8.834e-02	5.877e-02
chr1_222709607_C_T_b38	3	6.33037e-04	-4.629e-02	5.853e-02
chr1_222727506_G_C_b38	3	4.61917e-04	-8.759e-02	5.878e-02
chr1_222730956_T_C_b38	3	4.61917e-04	-8.759e-02	5.878e-02
chr1_222732211_C_T_b38	3	4.61917e-04	-8.759e-02	5.878e-02
chr1_222704833_T_C_b38	3	3.61299e-04	-4.750e-02	5.834e-02
chr1_222730968_T_A_b38	3	1.33984e-04	-4.750e-02	5.834e-02
chr1_222663391_T_C_b38	3	9.73049e-05	9.178e-02	5.922e-02
chr1_222700776_C_T_b38	3	9.62565e-05	-4.234e-02	5.789e-02
chr1_222701624_A_G_b38	3	9.62565e-05	-4.234e-02	5.789e-02
chr1_222750497_A_G_b38	3	3.43474e-05	0.000e+00	0.000e+00
chr1_222753913_A_G_b38	3	2.14398e-05	0.000e+00	0.000e+00
chr1_222760691_T_TTCAA_b38	3	1.93675e-05	0.000e+00	0.000e+00
chr1_222757143_T_C_b38	3	1.93675e-05	0.000e+00	0.000e+00
chr1_222745603_A_C_b38	3	1.56319e-05	0.000e+00	0.000e+00
chr1_222684825_C_T_b38	3	1.55966e-05	0.000e+00	0.000e+00
chr1_222674687_T_C_b38	3	1.55966e-05	0.000e+00	0.000e+00
chr1_222664252_G_A_b38	3	1.08878e-05	0.000e+00	0.000e+00
chr1_222684427_A_T_b38	3	8.41869e-06	0.000e+00	0.000e+00
chr1_222753336_C_A_b38	3	8.08451e-06	0.000e+00	0.000e+00
chr1_222750009_A_G_b38	3	8.08451e-06	0.000e+00	0.000e+00
chr1_222746406_G_A_b38	3	6.76021e-06	0.000e+00	0.000e+00
chr1_222667810_C_CTTAT_b38	3	6.37790e-06	0.000e+00	0.000e+00
