chr19_48711937_AGGGTTTCACC_A_b38	1	5.00574e-01	2.430e-01	6.307e-02
chr19_48714004_A_G_b38	1	2.15284e-01	2.409e-01	6.693e-02
chr19_48712045_C_T_b38	1	1.55142e-01	2.250e-01	6.320e-02
chr19_48711978_G_A_b38	1	1.27777e-01	2.220e-01	6.302e-02
chr19_48672642_CTT_C_b38	2	7.17694e-01	3.294e-01	5.714e-02
chr19_48674005_G_A_b38	2	2.20938e-01	3.213e-01	5.619e-02
chr19_48673773_C_T_b38	2	2.96295e-02	3.099e-01	5.677e-02
chr19_48668336_T_C_b38	2	2.37282e-02	3.213e-01	5.645e-02
chr19_48665959_TG_T_b38	2	6.76905e-03	3.241e-01	5.696e-02
chr19_48714803_C_T_b38	3	8.68106e-02	2.425e-01	4.774e-02
chr19_48706303_T_G_b38	3	8.08723e-02	2.351e-01	4.603e-02
chr19_48710247_G_A_b38	3	7.84672e-02	2.333e-01	4.571e-02
chr19_48703728_G_A_b38	3	5.37432e-02	2.301e-01	4.578e-02
chr19_48705721_A_G_b38	3	5.07884e-02	2.276e-01	4.541e-02
chr19_48706309_A_G_b38	3	4.12136e-02	2.274e-01	4.573e-02
chr19_48710027_G_A_b38	3	3.92507e-02	2.266e-01	4.563e-02
chr19_48704535_G_A_b38	3	3.09884e-02	2.237e-01	4.554e-02
chr19_48708712_T_C_b38	3	3.00918e-02	2.239e-01	4.592e-02
chr19_48704394_T_C_b38	3	3.00059e-02	2.273e-01	4.657e-02
chr19_48706061_G_A_b38	3	2.58523e-02	2.220e-01	4.548e-02
chr19_48706082_T_C_b38	3	2.45186e-02	2.214e-01	4.544e-02
chr19_48705969_G_A_b38	3	2.41355e-02	2.212e-01	4.544e-02
chr19_48722509_A_T_b38	3	2.26777e-02	2.305e-01	4.805e-02
chr19_48704000_T_C_b38	3	2.17409e-02	2.227e-01	4.593e-02
chr19_48703949_A_G_b38	3	2.17409e-02	2.227e-01	4.593e-02
chr19_48703998_A_G_b38	3	2.04665e-02	2.224e-01	4.596e-02
chr19_48706068_C_T_b38	3	1.85596e-02	2.191e-01	4.554e-02
chr19_48703417_G_A_b38	3	1.70376e-02	2.196e-01	4.583e-02
chr19_48710576_G_A_b38	3	1.45280e-02	2.178e-01	4.585e-02
chr19_48702851_C_G_b38	3	1.30070e-02	2.171e-01	4.587e-02
chr19_48702888_G_C_b38	3	1.30024e-02	2.171e-01	4.587e-02
chr19_48703160_A_G_b38	3	1.30004e-02	2.171e-01	4.587e-02
chr19_48702915_C_T_b38	3	1.30004e-02	2.171e-01	4.587e-02
chr19_48703205_C_T_b38	3	1.30004e-02	2.171e-01	4.587e-02
chr19_48705244_A_G_b38	3	1.16988e-02	2.153e-01	4.588e-02
chr19_48721132_T_C_b38	3	1.08198e-02	2.085e-01	4.401e-02
chr19_48720313_G_A_b38	3	1.04937e-02	2.085e-01	4.408e-02
chr19_48705286_T_C_b38	3	1.04148e-02	2.137e-01	4.581e-02
chr19_48705372_G_C_b38	3	1.03514e-02	2.137e-01	4.581e-02
chr19_48705753_T_C_b38	3	1.02843e-02	2.136e-01	4.581e-02
chr19_48705307_C_T_b38	3	1.02843e-02	2.136e-01	4.581e-02
chr19_48706594_A_G_b38	3	9.99313e-03	2.132e-01	4.579e-02
chr19_48720376_C_G_b38	3	9.55355e-03	2.079e-01	4.415e-02
chr19_48710271_A_AT_b38	3	9.11126e-03	2.493e-01	5.386e-02
chr19_48705608_G_A_b38	3	8.48995e-03	2.120e-01	4.589e-02
chr19_48706207_C_A_b38	3	8.03601e-03	2.115e-01	4.594e-02
chr19_48711017_G_A_b38	3	7.82506e-03	2.172e-01	4.726e-02
chr19_48704297_C_T_b38	3	7.33972e-03	2.106e-01	4.590e-02
chr19_48745473_G_A_b38	3	5.60063e-03	-2.270e-01	4.753e-02
chr19_48716202_T_C_b38	3	4.87556e-03	2.060e-01	4.517e-02
chr19_48721709_A_C_b38	3	4.80747e-03	1.995e-01	4.376e-02
chr19_48715345_C_T_b38	3	4.73534e-03	2.133e-01	4.770e-02
chr19_48711838_C_T_b38	3	4.56125e-03	2.159e-01	4.837e-02
chr19_48717066_A_G_b38	3	4.11550e-03	2.149e-01	4.826e-02
chr19_48723999_C_T_b38	3	3.71381e-03	2.224e-01	4.753e-02
chr19_48724186_C_T_b38	3	3.65467e-03	2.223e-01	4.755e-02
chr19_48725015_T_C_b38	3	3.65467e-03	2.223e-01	4.755e-02
chr19_48726066_G_A_b38	3	3.43805e-03	2.094e-01	4.420e-02
chr19_48714854_G_T_b38	3	3.08151e-03	2.120e-01	4.811e-02
chr19_48715173_A_G_b38	3	2.76048e-03	2.109e-01	4.814e-02
chr19_48715180_A_C_b38	3	2.76048e-03	2.109e-01	4.814e-02
chr19_48726268_T_C_b38	3	2.22060e-03	2.174e-01	4.751e-02
chr19_48732845_T_C_b38	3	1.54825e-03	2.044e-01	4.333e-02
chr19_48737758_C_T_b38	3	1.21681e-03	2.169e-01	4.781e-02
chr19_48737757_G_A_b38	3	1.15825e-03	2.156e-01	4.765e-02
chr19_48723786_G_A_b38	3	1.07310e-03	2.161e-01	4.818e-02
chr19_48738719_A_G_b38	3	7.93962e-04	2.108e-01	4.753e-02
chr19_48728969_G_A_b38	3	6.52018e-04	2.083e-01	4.771e-02
chr19_48707612_A_G_b38	3	3.41113e-04	1.911e-01	4.455e-02
chr19_48672707_G_C_b38	4	1.05163e-02	5.309e-02	7.718e-02
chr19_48664748_G_A_b38	4	4.33023e-04	6.675e-02	7.585e-02
chr19_48667778_C_G_b38	4	3.57222e-04	4.924e-02	7.494e-02
chr19_48685001_C_T_b38	4	1.15886e-04	5.710e-02	6.421e-02
chr19_48687819_G_A_b38	4	1.09815e-04	5.600e-02	7.474e-02
chr19_48685874_A_G_b38	4	1.06429e-04	5.479e-02	6.367e-02
chr19_48686486_T_TA_b38	4	1.02583e-04	5.913e-02	6.806e-02
chr19_48692154_C_T_b38	4	9.71112e-05	5.365e-02	7.585e-02
chr19_48689837_A_G_b38	4	8.97183e-05	5.494e-02	6.296e-02
chr19_48685224_T_C_b38	4	8.46985e-05	5.247e-02	6.365e-02
chr19_48686866_C_T_b38	4	8.44053e-05	4.912e-02	7.492e-02
chr19_48687108_A_G_b38	4	8.44053e-05	4.912e-02	7.492e-02
chr19_48685769_G_A_b38	4	8.28203e-05	0.000e+00	0.000e+00
chr19_48685370_G_A_b38	4	8.00951e-05	0.000e+00	0.000e+00
chr19_48689477_C_T_b38	4	7.81605e-05	0.000e+00	0.000e+00
chr19_48685939_C_T_b38	4	6.50182e-05	0.000e+00	0.000e+00
chr19_48686272_T_C_b38	4	5.90315e-05	0.000e+00	0.000e+00
chr19_48686506_G_C_b38	4	5.83956e-05	0.000e+00	0.000e+00
