chr19_41396657_GA_G_b38	1	7.30488e-02	-9.854e-02	3.015e-02
chr19_41397766_A_G_b38	1	4.65369e-02	-8.694e-02	3.097e-02
chr19_41397315_G_A_b38	1	4.00689e-02	-8.612e-02	3.126e-02
chr19_41396406_C_T_b38	1	3.41041e-02	-9.854e-02	3.015e-02
chr19_41396456_G_A_b38	1	2.32202e-02	-9.367e-02	2.982e-02
chr19_41406365_C_T_b38	1	2.05726e-02	-1.016e-01	3.048e-02
chr19_41398260_C_T_b38	1	2.01785e-02	-8.804e-02	3.053e-02
chr19_41379246_C_T_b38	1	1.59612e-02	-1.058e-01	3.009e-02
chr19_41407428_G_C_b38	1	1.57121e-02	-1.002e-01	3.120e-02
chr19_41379316_T_C_b38	1	1.46771e-02	-1.051e-01	3.012e-02
chr19_41394908_C_T_b38	1	1.21292e-02	-9.053e-02	2.966e-02
chr19_41399635_C_T_b38	1	1.15273e-02	-8.804e-02	3.053e-02
chr19_41402966_G_A_b38	1	1.11080e-02	-9.354e-02	2.970e-02
chr19_41406345_C_T_b38	1	1.09291e-02	-9.357e-02	2.995e-02
chr19_41390757_CCAGA_C_b38	1	9.19187e-03	-9.541e-02	3.011e-02
chr19_41391769_G_A_b38	1	9.19187e-03	-9.541e-02	3.011e-02
chr19_41390240_G_A_b38	1	9.19187e-03	-9.541e-02	3.011e-02
chr19_41413044_C_A_b38	1	9.18740e-03	-1.015e-01	3.046e-02
chr19_41398491_A_G_b38	1	8.25641e-03	-8.607e-02	3.123e-02
chr19_41398835_GC_G_b38	1	8.25641e-03	-8.607e-02	3.123e-02
chr19_41431190_G_A_b38	1	7.92923e-03	1.089e-01	2.980e-02
chr19_41386364_C_T_b38	1	7.78906e-03	-9.879e-02	3.006e-02
chr19_41396133_G_A_b38	1	7.54992e-03	-8.607e-02	3.123e-02
chr19_41395356_C_T_b38	1	7.54992e-03	-8.607e-02	3.123e-02
chr19_41436970_A_C_b38	1	6.71420e-03	1.043e-01	2.984e-02
chr19_41438937_A_T_b38	1	6.71420e-03	1.043e-01	2.984e-02
chr19_41436803_C_G_b38	1	6.71420e-03	1.043e-01	2.984e-02
chr19_41438935_A_AT_b38	1	6.71420e-03	1.043e-01	2.984e-02
chr19_41437321_A_G_b38	1	6.69093e-03	1.031e-01	2.969e-02
chr19_41384098_C_T_b38	1	6.29661e-03	-9.717e-02	3.018e-02
chr19_41430703_C_A_b38	1	6.14139e-03	-1.030e-01	2.977e-02
chr19_41404712_G_A_b38	1	6.13498e-03	-9.053e-02	3.057e-02
chr19_41427885_TGAG_T_b38	1	6.07728e-03	-1.039e-01	2.971e-02
chr19_41426179_G_T_b38	1	6.07728e-03	-1.039e-01	2.971e-02
chr19_41433392_C_G_b38	1	6.07728e-03	1.039e-01	2.971e-02
chr19_41394971_G_T_b38	1	5.85157e-03	-8.295e-02	3.134e-02
chr19_41394772_C_T_b38	1	5.68453e-03	-8.498e-02	3.055e-02
chr19_41439999_G_C_b38	1	5.09439e-03	1.011e-01	2.960e-02
chr19_41439943_G_T_b38	1	5.09439e-03	1.011e-01	2.960e-02
chr19_41439080_T_A_b38	1	5.09439e-03	1.011e-01	2.960e-02
chr19_41403441_A_G_b38	1	4.91305e-03	-8.755e-02	3.044e-02
chr19_41406850_G_A_b38	1	4.91305e-03	-8.755e-02	3.044e-02
chr19_41405135_C_G_b38	1	4.91305e-03	-8.755e-02	3.044e-02
chr19_41400531_T_C_b38	1	4.89288e-03	-8.607e-02	3.123e-02
chr19_41400470_T_C_b38	1	4.89288e-03	-8.607e-02	3.123e-02
chr19_41400365_A_G_b38	1	4.89288e-03	-8.607e-02	3.123e-02
chr19_41412450_C_T_b38	1	4.87615e-03	-9.344e-02	2.981e-02
chr19_41412104_C_T_b38	1	4.87615e-03	-9.344e-02	2.981e-02
chr19_41416146_G_A_b38	1	4.87615e-03	-9.344e-02	2.981e-02
chr19_41417161_G_A_b38	1	4.87615e-03	-9.344e-02	2.981e-02
chr19_41407526_G_T_b38	1	4.87615e-03	-9.344e-02	2.981e-02
chr19_41411963_C_T_b38	1	4.87615e-03	-9.344e-02	2.981e-02
chr19_41394219_G_A_b38	1	4.11749e-03	-8.295e-02	3.134e-02
chr19_41433930_C_T_b38	1	4.05463e-03	9.843e-02	2.916e-02
chr19_41434096_A_G_b38	1	4.05463e-03	9.843e-02	2.916e-02
chr19_41424010_G_C_b38	1	3.61514e-03	-1.014e-01	3.030e-02
chr19_41391783_G_A_b38	1	3.54319e-03	-8.712e-02	3.076e-02
chr19_41404414_C_T_b38	1	3.50459e-03	-8.546e-02	3.117e-02
chr19_41407362_A_C_b38	1	3.50459e-03	-8.546e-02	3.117e-02
chr19_41406902_A_G_b38	1	3.50459e-03	-8.546e-02	3.117e-02
chr19_41406075_T_C_b38	1	3.50459e-03	-8.546e-02	3.117e-02
chr19_41406187_G_C_b38	1	3.50459e-03	-8.546e-02	3.117e-02
chr19_41403031_T_A_b38	1	3.38405e-03	-8.516e-02	3.122e-02
chr19_41394333_A_G_b38	1	2.95829e-03	-7.756e-02	3.104e-02
chr19_41424083_G_A_b38	1	2.84349e-03	-9.693e-02	2.941e-02
chr19_41438332_T_C_b38	1	2.75740e-03	9.591e-02	2.904e-02
chr19_41382601_A_G_b38	1	2.47646e-03	-8.896e-02	3.058e-02
chr19_41380954_T_C_b38	1	2.47646e-03	-8.896e-02	3.058e-02
chr19_41380550_T_G_b38	1	2.47646e-03	-8.896e-02	3.058e-02
chr19_41382226_C_G_b38	1	2.47646e-03	-8.896e-02	3.058e-02
chr19_41426215_C_T_b38	1	2.29242e-03	-9.202e-02	2.853e-02
chr19_41408248_C_CCCAGCAT_b38	1	2.19688e-03	-8.755e-02	3.044e-02
chr19_41382014_T_C_b38	1	2.05873e-03	-8.673e-02	3.059e-02
chr19_41389166_C_G_b38	1	1.90171e-03	-8.046e-02	3.131e-02
chr19_41439932_T_A_b38	1	1.86545e-03	9.221e-02	2.915e-02
chr19_41386069_C_T_b38	1	1.68650e-03	-8.398e-02	3.049e-02
chr19_41414535_A_T_b38	1	1.56709e-03	-8.546e-02	3.117e-02
chr19_41414039_A_C_b38	1	1.56709e-03	-8.546e-02	3.117e-02
chr19_41411513_G_GC_b38	1	1.56709e-03	-8.546e-02	3.117e-02
chr19_41417409_T_C_b38	1	1.56709e-03	-8.546e-02	3.117e-02
chr19_41421457_A_AG_b38	1	1.56709e-03	-8.546e-02	3.117e-02
chr19_41417894_T_C_b38	1	1.56709e-03	-8.546e-02	3.117e-02
chr19_41421637_A_AG_b38	1	1.56709e-03	-8.546e-02	3.117e-02
chr19_41415675_A_G_b38	1	1.56709e-03	-8.546e-02	3.117e-02
chr19_41416063_A_C_b38	1	1.56709e-03	-8.546e-02	3.117e-02
chr19_41416870_A_C_b38	1	1.56709e-03	-8.546e-02	3.117e-02
chr19_41415166_C_T_b38	1	1.56709e-03	-8.546e-02	3.117e-02
chr19_41420193_T_C_b38	1	1.56709e-03	-8.546e-02	3.117e-02
chr19_41421224_A_G_b38	1	1.56709e-03	-8.546e-02	3.117e-02
chr19_41416447_A_G_b38	1	1.56709e-03	-8.546e-02	3.117e-02
chr19_41414549_G_C_b38	1	1.56709e-03	-8.546e-02	3.117e-02
chr19_41414860_T_C_b38	1	1.56709e-03	-8.546e-02	3.117e-02
chr19_41414306_T_C_b38	1	1.56709e-03	-8.546e-02	3.117e-02
chr19_41420885_T_C_b38	1	1.56709e-03	-8.546e-02	3.117e-02
chr19_41416685_T_C_b38	1	1.56709e-03	-8.546e-02	3.117e-02
chr19_41422431_T_C_b38	1	1.56709e-03	-8.546e-02	3.117e-02
chr19_41420933_C_T_b38	1	1.56709e-03	-8.546e-02	3.117e-02
chr19_41426370_T_C_b38	1	1.53094e-03	-9.516e-02	3.070e-02
chr19_41412253_C_T_b38	1	1.20718e-03	-7.881e-02	2.997e-02
chr19_41383843_T_C_b38	1	1.03913e-03	-7.940e-02	3.109e-02
chr19_41430829_A_G_b38	1	9.75100e-04	-8.890e-02	3.024e-02
chr19_41426707_C_T_b38	1	9.75100e-04	-8.890e-02	3.024e-02
chr19_41438711_G_T_b38	1	9.54894e-04	8.679e-02	2.960e-02
chr19_41408571_T_C_b38	1	8.56914e-04	-7.696e-02	3.099e-02
chr19_41424491_A_G_b38	1	7.89214e-04	-8.846e-02	3.100e-02
chr19_41397516_A_T_b38	2	2.01213e-02	5.905e-02	3.836e-02
chr19_41411355_C_T_b38	2	2.65432e-03	9.620e-02	3.828e-02
chr19_41422796_C_T_b38	2	6.79163e-04	9.582e-02	3.913e-02
chr19_41412149_G_A_b38	2	3.28026e-04	5.143e-02	4.044e-02
chr19_41377293_G_A_b38	2	1.36617e-04	2.498e-02	3.418e-02
