chr6_24666511_C_T_b38	1	3.79760e-01	-2.009e-01	4.868e-02
chr6_24673392_G_A_b38	1	1.34836e-01	-1.354e-01	3.157e-02
chr6_24657570_T_A_b38	1	5.19257e-02	-2.002e-01	4.797e-02
chr6_24658166_A_C_b38	1	5.19257e-02	-2.002e-01	4.797e-02
chr6_24665831_T_A_b38	1	5.02399e-02	-1.248e-01	3.464e-02
chr6_24665832_C_A_b38	1	5.02399e-02	-1.248e-01	3.464e-02
chr6_24665966_G_C_b38	1	5.02399e-02	-1.248e-01	3.464e-02
chr6_24662601_G_GA_b38	1	2.57427e-02	-1.244e-01	1.923e-01
chr6_24662356_T_C_b38	1	2.57390e-02	-1.239e-01	3.476e-02
chr6_24662691_T_C_b38	1	2.57390e-02	-1.239e-01	3.476e-02
chr6_24662600_G_GTA_b38	1	2.56913e-02	-1.227e-01	2.144e-01
chr6_24663321_TC_T_b38	1	2.16042e-02	-9.420e-02	3.646e-01
chr6_24652615_T_C_b38	1	2.04762e-02	-1.300e-01	3.429e-02
chr6_24654815_C_T_b38	1	1.96995e-02	-1.989e-01	4.890e-02
chr6_24661371_C_T_b38	1	1.51897e-02	-1.235e-01	3.495e-02
chr6_24658283_G_A_b38	1	1.51897e-02	-1.235e-01	3.495e-02
chr6_24659254_T_C_b38	1	1.51897e-02	-1.235e-01	3.495e-02
chr6_24657239_G_A_b38	1	1.51897e-02	-1.235e-01	3.495e-02
chr6_24639621_G_A_b38	1	4.12231e-03	-1.867e-01	4.703e-02
chr6_24644094_C_T_b38	2	7.33822e-01	1.136e-01	2.301e-02
chr6_24628328_G_GT_b38	2	1.78467e-01	1.093e-01	2.257e-02
chr6_24635842_GTT_G_b38	2	6.39395e-02	1.083e-01	2.418e-02
chr6_24667434_C_T_b38	2	2.35835e-04	3.397e-02	1.909e-02
chr6_24642328_T_C_b38	2	1.67102e-04	5.244e-02	1.671e-02
chr6_24646593_C_T_b38	2	1.55934e-04	4.833e-02	1.614e-02
chr6_24692847_C_T_b38	3	5.31658e-01	-9.748e-02	1.913e-02
chr6_24673381_A_G_b38	3	8.09773e-02	-8.890e-02	2.069e-02
chr6_24690634_A_G_b38	3	7.05561e-02	-9.208e-02	2.074e-02
chr6_24690635_G_C_b38	3	6.87723e-02	-9.185e-02	2.072e-02
chr6_24666977_T_TCC_b38	3	4.93026e-02	-7.148e-02	2.047e-02
chr6_24688621_C_T_b38	3	3.78148e-02	-8.940e-02	2.071e-02
chr6_24702736_T_A_b38	3	2.01172e-02	-8.842e-02	1.965e-02
chr6_24682313_T_C_b38	3	1.93087e-02	-8.724e-02	2.089e-02
chr6_24686063_C_A_b38	3	1.58614e-02	-8.700e-02	2.073e-02
chr6_24669244_C_G_b38	3	7.49521e-03	-7.402e-02	2.046e-02
chr6_24710692_A_G_b38	3	7.32899e-03	-8.629e-02	2.007e-02
chr6_24704310_T_C_b38	3	4.72167e-03	-8.100e-02	1.859e-02
chr6_24669717_T_C_b38	3	3.75199e-03	-7.354e-02	2.038e-02
chr6_24657254_C_G_b38	3	3.59902e-03	-7.552e-02	2.044e-02
chr6_24661824_G_GGAAA_b38	3	3.55327e-03	-7.349e-02	1.986e-02
chr6_24695024_T_A_b38	3	3.15650e-03	-8.439e-02	2.063e-02
chr6_24668807_A_AT_b38	3	3.05935e-03	-7.939e-02	2.323e-02
chr6_24669173_A_T_b38	3	1.25036e-07	0.000e+00	0.000e+00
chr6_24661283_T_C_b38	3	1.06439e-07	0.000e+00	0.000e+00
chr6_24675096_A_G_b38	3	1.00674e-07	0.000e+00	0.000e+00
chr6_24651775_T_C_b38	3	8.44828e-08	0.000e+00	0.000e+00
chr6_24689773_G_T_b38	3	6.67098e-08	0.000e+00	0.000e+00
chr6_24670602_C_T_b38	3	6.50161e-08	0.000e+00	0.000e+00
chr6_24671230_A_T_b38	3	6.50161e-08	0.000e+00	0.000e+00
chr6_24689084_A_G_b38	3	6.09817e-08	0.000e+00	0.000e+00
chr6_24684717_A_ATCCAAGGTATTGTTTATCATGTAATCAATGT_b38	3	5.99797e-08	0.000e+00	0.000e+00
chr6_24653148_G_A_b38	3	5.91899e-08	0.000e+00	0.000e+00
chr6_24688755_A_G_b38	3	5.80054e-08	0.000e+00	0.000e+00
chr6_24690799_A_G_b38	3	5.61055e-08	0.000e+00	0.000e+00
chr6_24684549_A_ACCAGAAATACAGAGTTTC_b38	3	5.60921e-08	0.000e+00	0.000e+00
chr6_24684793_A_G_b38	3	5.59324e-08	0.000e+00	0.000e+00
chr6_24684568_C_T_b38	3	5.56765e-08	0.000e+00	0.000e+00
chr6_24681427_T_C_b38	3	5.56765e-08	0.000e+00	0.000e+00
chr6_24688730_A_G_b38	3	5.56765e-08	0.000e+00	0.000e+00
chr6_24684591_A_T_b38	3	5.56765e-08	0.000e+00	0.000e+00
chr6_24682663_T_C_b38	3	5.49570e-08	0.000e+00	0.000e+00
chr6_24687537_A_G_b38	3	5.08783e-08	0.000e+00	0.000e+00
chr6_24681193_A_G_b38	3	4.99398e-08	0.000e+00	0.000e+00
chr6_24676604_C_A_b38	3	4.67429e-08	0.000e+00	0.000e+00
chr6_24687771_T_C_b38	3	4.55273e-08	0.000e+00	0.000e+00
chr6_24672911_G_C_b38	3	4.26431e-08	0.000e+00	0.000e+00
chr6_24695195_T_G_b38	3	7.94435e-09	0.000e+00	0.000e+00
chr6_24665889_C_A_b38	4	9.64077e-03	-9.286e-02	6.237e-02
chr6_24662536_C_T_b38	4	2.37676e-03	3.271e-02	9.651e-02
chr6_24686157_GT_G_b38	4	1.59757e-03	-9.736e-02	5.581e-02
chr6_24656940_C_A_b38	4	1.33357e-03	-1.293e-01	1.734e-01
chr6_24691424_A_G_b38	4	1.29219e-03	-6.839e-02	4.445e-02
chr6_24673685_G_T_b38	4	1.24820e-03	3.162e-02	9.645e-02
chr6_24676311_T_A_b38	4	1.24118e-03	3.454e-02	9.630e-02
chr6_24677098_C_T_b38	4	1.12063e-03	-2.812e-02	1.245e-01
chr6_24654894_C_T_b38	4	1.04793e-03	-1.251e-01	6.799e-01
chr6_24655723_C_G_b38	4	1.04793e-03	-1.251e-01	6.799e-01
chr6_24653318_G_C_b38	4	1.04793e-03	-1.251e-01	6.799e-01
chr6_24654806_C_T_b38	4	1.04793e-03	-1.251e-01	6.799e-01
chr6_24652669_AAC_A_b38	4	1.04793e-03	-1.251e-01	6.799e-01
chr6_24653045_G_C_b38	4	1.04793e-03	-1.251e-01	6.799e-01
chr6_24654948_A_G_b38	4	1.04793e-03	-1.251e-01	6.799e-01
chr6_24652651_C_G_b38	4	1.04793e-03	-1.251e-01	6.799e-01
chr6_24655526_C_T_b38	4	1.04793e-03	-1.251e-01	6.799e-01
chr6_24652449_C_A_b38	4	1.04793e-03	-1.251e-01	6.799e-01
chr6_24689392_CT_C_b38	4	4.00041e-04	-5.517e-02	5.944e-02
chr6_24651376_C_T_b38	4	3.36113e-04	4.216e-02	9.282e-02
chr6_24728281_C_G_b38	4	2.04465e-04	-9.142e-02	3.439e-02
chr6_24738159_C_T_b38	4	1.63419e-04	-9.473e-02	3.688e-02
chr6_24732506_A_AC_b38	4	1.34845e-04	-8.711e-02	3.484e-02
chr6_24736900_G_GAC_b38	4	9.77450e-05	-8.304e-02	3.391e-02
chr6_24667176_GTCC_G_b38	5	1.07156e-04	2.453e-02	3.824e-02
chr6_24660815_C_CGTCA_b38	5	4.83362e-05	0.000e+00	0.000e+00
chr6_24654937_C_T_b38	5	4.51495e-05	0.000e+00	0.000e+00
chr6_24682922_G_A_b38	5	3.04605e-05	0.000e+00	0.000e+00
chr6_24656343_A_G_b38	5	2.96482e-05	0.000e+00	0.000e+00
chr6_24668217_TTTG_T_b38	5	3.60629e-06	0.000e+00	0.000e+00
chr6_24674191_C_T_b38	5	3.38676e-07	0.000e+00	0.000e+00
chr6_24674702_C_A_b38	5	3.38676e-07	0.000e+00	0.000e+00
chr6_24699424_C_A_b38	5	2.30366e-07	0.000e+00	0.000e+00
chr6_24645181_TACTA_T_b38	5	1.59833e-07	0.000e+00	0.000e+00
chr6_24699032_A_G_b38	5	1.27115e-07	0.000e+00	0.000e+00
chr6_24709600_CATAG_C_b38	5	1.06329e-07	0.000e+00	0.000e+00
chr6_24716872_C_T_b38	5	1.03940e-07	0.000e+00	0.000e+00
