chr2_232784044_A_G_b38	1	1.44111e-01	-3.693e-01	4.759e-02
chr2_232776040_T_C_b38	1	1.33692e-01	-3.547e-01	4.680e-02
chr2_232752810_G_T_b38	1	9.34295e-02	-3.704e-01	4.752e-02
chr2_232780981_G_A_b38	1	7.34015e-02	-3.632e-01	4.696e-02
chr2_232784032_G_A_b38	1	6.44402e-02	-3.638e-01	4.739e-02
chr2_232784717_A_G_b38	1	5.82522e-02	-3.610e-01	4.724e-02
chr2_232781795_A_G_b38	1	5.50013e-02	-3.613e-01	4.672e-02
chr2_232791917_G_A_b38	1	4.29432e-02	-3.647e-01	4.727e-02
chr2_232779513_A_G_b38	1	3.42064e-02	-3.524e-01	4.620e-02
chr2_232789917_A_G_b38	1	2.75048e-02	-3.593e-01	4.700e-02
chr2_232768750_G_A_b38	1	2.71737e-02	-3.559e-01	4.640e-02
chr2_232781258_C_G_b38	1	2.40978e-02	-3.513e-01	4.607e-02
chr2_232770728_A_AT_b38	1	2.13998e-02	-3.606e-01	4.677e-02
chr2_232750109_C_T_b38	1	1.58562e-02	-3.630e-01	4.664e-02
chr2_232764676_A_G_b38	1	1.55165e-02	-3.555e-01	4.618e-02
chr2_232754421_A_G_b38	1	1.42764e-02	-3.564e-01	4.645e-02
chr2_232769375_A_G_b38	1	1.29747e-02	-3.504e-01	4.614e-02
chr2_232758401_T_C_b38	1	1.24165e-02	-3.527e-01	4.602e-02
chr2_232759653_A_G_b38	1	1.22402e-02	-3.552e-01	4.613e-02
chr2_232793599_C_T_b38	1	1.18413e-02	-3.496e-01	4.587e-02
chr2_232774599_T_C_b38	1	1.12111e-02	-3.358e-01	4.498e-02
chr2_232752875_C_G_b38	1	7.29035e-03	-3.492e-01	4.574e-02
chr2_232727631_A_C_b38	1	4.95366e-03	-3.555e-01	4.603e-02
chr2_232747946_C_T_b38	1	4.95366e-03	-3.555e-01	4.603e-02
chr2_232747847_C_T_b38	1	4.95366e-03	-3.555e-01	4.603e-02
chr2_232730165_G_A_b38	1	4.95366e-03	-3.555e-01	4.603e-02
chr2_232748135_A_G_b38	1	4.95366e-03	-3.555e-01	4.603e-02
chr2_232750635_T_G_b38	1	4.74694e-03	-3.536e-01	4.585e-02
chr2_232748286_A_G_b38	1	4.20020e-03	-3.545e-01	4.592e-02
chr2_232733630_C_T_b38	1	3.57921e-03	-3.518e-01	4.564e-02
chr2_232744191_T_C_b38	1	3.27051e-03	-3.504e-01	4.539e-02
chr2_232741870_A_G_b38	1	3.27051e-03	-3.504e-01	4.539e-02
chr2_232737583_A_G_b38	1	3.27051e-03	-3.504e-01	4.539e-02
chr2_232804285_GTCTA_G_b38	1	2.99803e-03	-3.551e-01	4.594e-02
chr2_232764842_T_C_b38	1	2.71606e-03	-3.429e-01	4.525e-02
chr2_232757124_A_G_b38	1	2.65641e-03	-3.433e-01	4.540e-02
chr2_232710102_G_A_b38	1	2.50093e-03	-3.573e-01	4.564e-02
chr2_232735896_A_G_b38	1	2.37542e-03	-3.488e-01	4.543e-02
chr2_232739870_C_T_b38	1	2.29967e-03	-3.535e-01	4.583e-02
chr2_232708759_G_T_b38	1	2.29914e-03	-3.586e-01	4.595e-02
chr2_232805670_A_C_b38	1	1.92287e-03	3.473e-01	4.531e-02
chr2_232708988_G_C_b38	1	1.67087e-03	-3.556e-01	4.576e-02
chr2_232805389_G_A_b38	1	1.54001e-03	3.444e-01	4.538e-02
chr2_232692936_C_T_b38	1	1.44193e-03	-3.530e-01	4.477e-02
chr2_232712328_G_A_b38	1	1.34632e-03	-3.507e-01	4.455e-02
chr2_232785458_A_G_b38	1	1.29635e-03	-3.329e-01	4.468e-02
chr2_232702404_A_G_b38	1	1.21021e-03	-3.501e-01	4.456e-02
chr2_232717093_C_A_b38	1	1.20850e-03	-3.508e-01	4.465e-02
chr2_232719399_C_T_b38	1	1.20636e-03	-3.495e-01	4.447e-02
chr2_232840361_G_A_b38	1	1.10908e-03	3.481e-01	4.430e-02
chr2_232847586_G_A_b38	1	1.10908e-03	3.481e-01	4.430e-02
chr2_232835669_A_G_b38	1	1.10908e-03	3.481e-01	4.430e-02
chr2_232846671_ATG_A_b38	1	1.10908e-03	3.481e-01	4.430e-02
chr2_232846336_A_G_b38	1	1.09103e-03	3.480e-01	4.431e-02
chr2_232842137_A_G_b38	1	1.07763e-03	3.497e-01	4.454e-02
chr2_232725545_C_T_b38	1	1.06561e-03	-3.483e-01	4.444e-02
chr2_232719847_A_T_b38	1	1.06561e-03	-3.483e-01	4.444e-02
chr2_232735194_A_C_b38	1	2.52457e-06	0.000e+00	0.000e+00
chr2_232860773_C_A_b38	1	2.26716e-06	0.000e+00	0.000e+00
chr2_232692333_C_A_b38	1	2.10671e-06	0.000e+00	0.000e+00
chr2_232782018_A_T_b38	2	8.64566e-01	5.069e-01	9.211e-02
chr2_232805443_ATCTG_A_b38	2	1.33719e-01	-5.057e-01	9.190e-02
chr2_232776080_TG_T_b38	3	5.68757e-02	-1.368e-01	5.548e-02
chr2_232776300_A_T_b38	3	2.11311e-02	-1.130e-01	5.651e-02
chr2_232777214_C_T_b38	3	1.73911e-02	-1.334e-01	5.597e-02
chr2_232778371_G_A_b38	3	1.15340e-02	-1.384e-01	5.453e-02
chr2_232777520_T_A_b38	3	8.13251e-03	-1.152e-01	5.621e-02
chr2_232775004_A_G_b38	3	5.47400e-03	-1.258e-01	5.650e-02
chr2_232775038_G_T_b38	3	4.28673e-03	-1.203e-01	5.615e-02
chr2_232766352_T_C_b38	3	1.80964e-03	-1.424e-01	5.475e-02
chr2_232754027_T_C_b38	3	1.71759e-03	-1.406e-01	5.439e-02
chr2_232754120_G_A_b38	3	1.62847e-03	-1.438e-01	5.611e-02
chr2_232754131_C_A_b38	3	1.62847e-03	-1.438e-01	5.611e-02
chr2_232797717_C_T_b38	3	1.45247e-03	-1.399e-01	5.488e-02
chr2_232769842_T_C_b38	3	1.32298e-03	-1.225e-01	5.587e-02
chr2_232755425_C_T_b38	3	5.61909e-04	-1.271e-01	5.569e-02
chr2_232787427_T_TG_b38	3	5.31761e-04	-1.271e-01	5.569e-02
chr2_232795994_T_G_b38	3	5.31761e-04	-1.271e-01	5.569e-02
chr2_232752602_G_A_b38	3	4.16926e-04	-1.236e-01	5.582e-02
chr2_232728519_A_G_b38	3	3.36375e-04	-1.411e-01	5.432e-02
chr2_232738824_A_G_b38	3	3.19716e-04	-1.401e-01	5.440e-02
chr2_232799350_C_T_b38	3	1.92553e-04	-1.136e-01	5.774e-02
chr2_232746926_C_G_b38	3	1.76239e-04	-1.352e-01	5.575e-02
chr2_232746278_A_G_b38	3	1.76082e-04	-1.357e-01	5.613e-02
chr2_232748473_T_C_b38	3	9.32092e-05	-1.358e-01	5.558e-02
chr2_232906076_G_A_b38	3	9.24026e-05	-2.291e-01	6.748e-02
chr2_232740875_G_A_b38	3	8.47514e-05	-1.297e-01	5.379e-02
chr2_232776498_CAG_C_b38	4	1.13005e-03	7.967e-02	8.052e-02
chr2_232780365_C_T_b38	4	2.45448e-04	1.486e-01	8.589e-02
chr2_232774229_G_A_b38	4	8.04498e-05	7.617e-02	8.037e-02
chr2_232775199_T_C_b38	4	7.52417e-05	7.053e-02	8.005e-02
chr2_232771554_C_T_b38	4	5.26016e-05	1.299e-01	8.672e-02
chr2_232770098_A_G_b38	4	3.50484e-05	1.301e-01	9.106e-02
chr2_232752747_A_G_b38	4	8.62179e-06	0.000e+00	0.000e+00
chr2_232764492_G_A_b38	4	7.89815e-06	0.000e+00	0.000e+00
chr2_232796136_G_A_b38	4	7.67973e-06	0.000e+00	0.000e+00
chr2_232812891_T_C_b38	4	8.63387e-12	0.000e+00	0.000e+00
chr2_232793360_G_A_b38	4	5.69741e-12	0.000e+00	0.000e+00
chr2_232787533_A_AT_b38	4	5.61937e-12	0.000e+00	0.000e+00
chr2_232800918_C_T_b38	4	5.09262e-12	0.000e+00	0.000e+00
chr2_232790651_A_G_b38	4	5.09262e-12	0.000e+00	0.000e+00
chr2_232747873_C_A_b38	4	5.02451e-12	0.000e+00	0.000e+00
chr2_232826533_C_G_b38	4	4.77328e-12	0.000e+00	0.000e+00
chr2_232790235_G_A_b38	4	4.54824e-12	0.000e+00	0.000e+00
chr2_232789259_G_A_b38	4	3.78184e-12	0.000e+00	0.000e+00
chr2_232804641_G_A_b38	4	3.70980e-12	0.000e+00	0.000e+00
chr2_232759547_G_A_b38	4	3.63331e-12	0.000e+00	0.000e+00
chr2_232762756_C_T_b38	4	3.47712e-12	0.000e+00	0.000e+00
chr2_232824669_G_C_b38	4	3.47300e-12	0.000e+00	0.000e+00
chr2_232785079_ACTT_A_b38	4	3.46558e-12	0.000e+00	0.000e+00
chr2_232751989_T_C_b38	4	3.23548e-12	0.000e+00	0.000e+00
chr2_232729064_G_A_b38	4	2.87075e-12	0.000e+00	0.000e+00
chr2_232820990_C_G_b38	4	2.66579e-12	0.000e+00	0.000e+00
chr2_232763253_C_CTAAG_b38	4	2.49275e-12	0.000e+00	0.000e+00
chr2_232820934_G_A_b38	4	2.14166e-12	0.000e+00	0.000e+00
chr2_232814667_TA_T_b38	4	2.12794e-12	0.000e+00	0.000e+00
chr2_232800568_T_C_b38	4	2.10009e-12	0.000e+00	0.000e+00
chr2_232815144_T_G_b38	4	2.09879e-12	0.000e+00	0.000e+00
chr2_232825550_A_G_b38	4	1.90205e-12	0.000e+00	0.000e+00
chr2_232816230_T_G_b38	4	1.90205e-12	0.000e+00	0.000e+00
chr2_232725957_A_T_b38	4	1.73225e-12	0.000e+00	0.000e+00
chr2_232865642_GT_G_b38	4	1.64190e-12	0.000e+00	0.000e+00
chr2_232844883_T_C_b38	4	1.50629e-12	0.000e+00	0.000e+00
chr2_232873579_C_G_b38	4	1.50629e-12	0.000e+00	0.000e+00
chr2_232827390_G_T_b38	4	1.50629e-12	0.000e+00	0.000e+00
chr2_232852893_T_C_b38	4	1.50629e-12	0.000e+00	0.000e+00
chr2_232816555_G_A_b38	4	1.44899e-12	0.000e+00	0.000e+00
chr2_232818117_A_T_b38	4	1.41249e-12	0.000e+00	0.000e+00
chr2_232734599_C_G_b38	4	1.06932e-12	0.000e+00	0.000e+00
chr2_232717459_C_G_b38	4	9.89719e-13	0.000e+00	0.000e+00
chr2_232700736_C_A_b38	4	9.38898e-13	0.000e+00	0.000e+00
chr2_232733244_G_A_b38	4	4.83472e-13	0.000e+00	0.000e+00
