chr12_12696307_A_G_b38	1	2.78625e-01	2.257e-01	6.622e-02
chr12_12697434_T_C_b38	1	4.83033e-02	2.279e-01	6.723e-02
chr12_12695056_A_G_b38	1	4.82077e-02	2.258e-01	6.621e-02
chr12_12738486_A_G_b38	1	3.42336e-02	2.465e-01	5.964e-02
chr12_12730860_G_A_b38	1	2.69759e-02	2.418e-01	5.950e-02
chr12_12732344_A_G_b38	1	2.69759e-02	2.418e-01	5.950e-02
chr12_12692447_G_C_b38	1	2.54953e-02	2.191e-01	6.686e-02
chr12_12686184_T_C_b38	1	2.08178e-02	2.414e-01	6.487e-02
chr12_12688801_C_T_b38	1	2.03549e-02	2.258e-01	6.621e-02
chr12_12664562_A_G_b38	1	2.01642e-02	2.574e-01	6.457e-02
chr12_12675751_T_C_b38	1	1.85279e-02	2.383e-01	6.472e-02
chr12_12723177_C_G_b38	1	1.79635e-02	2.365e-01	5.984e-02
chr12_12668570_A_G_b38	1	1.41582e-02	2.504e-01	6.457e-02
chr12_12678308_AAAAC_A_b38	1	1.32058e-02	2.337e-01	6.522e-02
chr12_12715767_C_T_b38	1	9.18013e-03	2.284e-01	6.714e-02
chr12_12700354_TTTG_T_b38	1	7.29923e-03	1.716e-01	6.050e-02
chr12_12703640_TAGCTA_T_b38	1	7.05177e-03	1.828e-01	6.012e-02
chr12_12732239_C_G_b38	1	5.03557e-03	2.642e-01	7.357e-02
chr12_12674966_G_C_b38	1	4.46932e-03	2.000e-01	6.246e-02
chr12_12698405_T_G_b38	2	1.80374e-02	-1.324e-01	5.474e-02
chr12_12700263_A_G_b38	2	1.17555e-02	-1.324e-01	5.474e-02
chr12_12702549_G_C_b38	2	7.53657e-03	-1.341e-01	5.450e-02
chr12_12706035_A_G_b38	2	6.90188e-03	-1.327e-01	5.473e-02
chr12_12699202_C_T_b38	2	6.16166e-03	-1.166e-01	5.513e-02
chr12_12712902_C_T_b38	2	3.24480e-03	-1.335e-01	5.469e-02
chr12_12707070_TC_T_b38	2	3.24480e-03	-1.335e-01	5.469e-02
chr12_12710536_G_A_b38	2	3.24480e-03	-1.335e-01	5.469e-02
chr12_12681960_C_A_b38	2	2.87860e-03	-1.322e-01	5.306e-02
chr12_12713977_G_A_b38	2	2.61504e-03	-1.271e-01	5.429e-02
chr12_12713685_A_T_b38	2	2.61504e-03	-1.271e-01	5.429e-02
chr12_12676103_T_C_b38	2	2.09034e-03	-1.254e-01	5.208e-02
chr12_12680534_T_C_b38	2	2.09034e-03	-1.254e-01	5.208e-02
chr12_12682294_C_T_b38	2	2.09034e-03	-1.254e-01	5.208e-02
chr12_12685986_T_A_b38	2	2.09034e-03	-1.254e-01	5.208e-02
chr12_12686173_G_A_b38	2	2.09034e-03	-1.254e-01	5.208e-02
chr12_12685282_T_TG_b38	2	1.25743e-03	-1.145e-01	5.223e-02
chr12_12665031_T_G_b38	2	5.48233e-04	-1.195e-01	5.236e-02
chr12_12664074_A_G_b38	2	4.83529e-04	-1.175e-01	5.310e-02
chr12_12675386_G_A_b38	2	2.73923e-04	-6.586e-02	4.806e-02
chr12_12695708_C_A_b38	3	3.07005e-03	3.686e-02	6.220e-02
chr12_12695617_T_C_b38	3	1.25411e-03	3.742e-02	6.214e-02
chr12_12696892_A_G_b38	3	9.54108e-04	2.432e-02	6.171e-02
chr12_12697594_C_T_b38	3	5.35465e-04	3.801e-02	6.207e-02
chr12_12708349_C_G_b38	3	1.00456e-04	3.801e-02	6.207e-02
chr12_12706391_A_C_b38	3	1.00456e-04	3.801e-02	6.207e-02
chr12_12740789_C_CT_b38	3	3.11507e-05	2.513e-02	5.964e-02
chr12_12738293_C_T_b38	3	3.06410e-05	3.206e-03	6.384e-02
chr12_12733093_G_A_b38	3	2.96360e-05	9.342e-03	6.040e-02
