chr1_39554348_C_A_b38	1	9.96573e-01	-6.243e-01	9.948e-02
chr1_39524784_G_A_b38	2	4.09073e-01	-3.257e-01	6.603e-02
chr1_39527728_G_A_b38	2	4.09073e-01	-3.257e-01	6.603e-02
chr1_39535612_C_T_b38	2	4.99389e-02	-3.110e-01	7.008e-02
chr1_39524856_G_A_b38	2	2.17229e-02	-3.181e-01	7.500e-02
chr1_39588989_C_T_b38	2	2.05752e-02	-3.239e-01	7.140e-02
chr1_39540428_C_T_b38	2	1.68825e-02	-2.867e-01	6.799e-02
chr1_39522559_A_G_b38	2	7.69000e-03	-3.020e-01	7.552e-02
chr1_39579220_T_C_b38	2	6.59161e-03	-2.902e-01	6.792e-02
chr1_39557624_T_C_b38	2	5.82481e-03	-3.200e-01	7.582e-02
chr1_39523295_C_A_b38	2	5.55333e-03	-3.111e-01	7.946e-02
chr1_39576042_G_A_b38	2	3.94477e-03	-3.087e-01	7.481e-02
chr1_39567160_C_T_b38	2	3.94477e-03	-3.087e-01	7.481e-02
chr1_39590316_CTGA_C_b38	2	1.82485e-03	-2.822e-01	7.179e-02
chr1_39552004_A_AAAAT_b38	2	1.59699e-03	-2.937e-01	7.533e-02
chr1_39491497_C_T_b38	3	3.61741e-01	-1.523e-01	4.169e-02
chr1_39491629_G_A_b38	3	1.58786e-01	-1.429e-01	4.180e-02
chr1_39492408_C_G_b38	3	1.19851e-01	-1.493e-01	4.131e-02
chr1_39493413_C_T_b38	3	4.06617e-02	-1.442e-01	4.112e-02
chr1_39499302_C_G_b38	3	2.32851e-02	-1.504e-01	4.098e-02
chr1_39482552_A_G_b38	3	2.24514e-02	-1.495e-01	4.116e-02
chr1_39502011_G_A_b38	3	1.55865e-02	-1.531e-01	4.097e-02
chr1_39474551_C_T_b38	3	1.11596e-02	-1.541e-01	4.209e-02
chr1_39469104_A_T_b38	3	1.11596e-02	-1.541e-01	4.209e-02
chr1_39472024_G_A_b38	3	1.11596e-02	-1.541e-01	4.209e-02
chr1_39479096_C_T_b38	3	1.01350e-02	-1.488e-01	4.090e-02
chr1_39478508_A_G_b38	3	1.01350e-02	-1.488e-01	4.090e-02
chr1_39479625_C_T_b38	3	6.96760e-03	-1.448e-01	4.102e-02
chr1_39443054_A_G_b38	3	5.80325e-03	1.578e-01	4.179e-02
chr1_39445329_C_T_b38	3	5.39186e-03	1.567e-01	4.172e-02
chr1_39438940_A_G_b38	3	5.31820e-03	1.703e-01	4.206e-02
chr1_39463312_C_A_b38	3	4.81267e-03	-1.563e-01	4.202e-02
chr1_39456139_G_C_b38	3	4.63038e-03	1.824e-01	5.052e-02
chr1_39446326_AAT_A_b38	3	4.13422e-03	1.554e-01	4.217e-02
chr1_39491437_G_A_b38	4	6.65910e-03	-6.957e-02	8.914e-02
chr1_39491997_C_G_b38	4	5.24247e-03	2.952e-02	9.815e-02
chr1_39492241_A_G_b38	4	1.38697e-03	-2.433e-02	7.637e-02
chr1_39490429_G_C_b38	4	1.38291e-03	8.721e-02	8.818e-02
chr1_39490383_G_A_b38	4	9.68516e-04	-2.552e-02	1.109e-01
chr1_39490244_G_A_b38	4	9.65454e-04	-1.591e-02	1.112e-01
chr1_39490237_AT_A_b38	4	9.65454e-04	-1.591e-02	1.112e-01
chr1_39489257_A_C_b38	4	9.64676e-04	-1.549e-02	1.111e-01
chr1_39489218_T_TCA_b38	4	9.64676e-04	-1.549e-02	1.111e-01
chr1_39490229_C_A_b38	4	9.64676e-04	-1.549e-02	1.111e-01
chr1_39492798_C_T_b38	4	5.81194e-04	-8.020e-03	7.693e-02
chr1_39489044_G_C_b38	4	4.60886e-04	-1.611e-02	1.110e-01
chr1_39487458_C_A_b38	4	3.17850e-04	-7.901e-03	1.100e-01
chr1_39494528_T_C_b38	4	2.35311e-04	-4.771e-02	7.439e-02
chr1_39487150_T_C_b38	4	2.28355e-04	-5.068e-03	7.682e-02
chr1_39500089_A_G_b38	4	1.92353e-04	-6.092e-03	1.097e-01
chr1_39501046_A_C_b38	4	1.45883e-04	-3.858e-02	7.412e-02
chr1_39498238_G_T_b38	4	1.45883e-04	-3.858e-02	7.412e-02
chr1_39496849_A_T_b38	4	1.45883e-04	-3.858e-02	7.412e-02
chr1_39501390_G_A_b38	4	1.45440e-04	2.803e-03	8.033e-02
chr1_39529438_C_T_b38	4	1.21904e-08	0.000e+00	0.000e+00
chr1_39477781_A_C_b38	4	3.07828e-09	0.000e+00	0.000e+00
chr1_39478719_G_A_b38	4	3.01597e-09	0.000e+00	0.000e+00
chr1_39505412_C_T_b38	4	3.00665e-09	0.000e+00	0.000e+00
chr1_39504903_C_T_b38	4	3.00665e-09	0.000e+00	0.000e+00
chr1_39471389_C_A_b38	4	2.71247e-09	0.000e+00	0.000e+00
chr1_39473705_A_ACT_b38	4	1.94893e-09	0.000e+00	0.000e+00
chr1_39474029_A_G_b38	4	1.94893e-09	0.000e+00	0.000e+00
chr1_39501419_G_A_b38	4	1.78966e-09	0.000e+00	0.000e+00
chr1_39504156_G_A_b38	4	1.43066e-09	0.000e+00	0.000e+00
chr1_39469041_A_G_b38	4	1.06698e-09	0.000e+00	0.000e+00
chr1_39458222_T_A_b38	4	1.00476e-09	0.000e+00	0.000e+00
chr1_39503152_A_G_b38	4	9.19327e-10	0.000e+00	0.000e+00
chr1_39456631_A_T_b38	4	7.47382e-10	0.000e+00	0.000e+00
chr1_39457318_G_T_b38	4	7.47382e-10	0.000e+00	0.000e+00
chr1_39447971_C_G_b38	4	7.47382e-10	0.000e+00	0.000e+00
chr1_39452216_C_A_b38	4	7.47382e-10	0.000e+00	0.000e+00
chr1_39461835_G_A_b38	4	7.15557e-10	0.000e+00	0.000e+00
chr1_39493819_C_T_b38	5	4.57830e-05	0.000e+00	0.000e+00
chr1_39475863_A_G_b38	5	1.69093e-05	0.000e+00	0.000e+00
chr1_39487073_G_A_b38	5	1.59390e-05	0.000e+00	0.000e+00
chr1_39535707_A_G_b38	5	6.91712e-06	0.000e+00	0.000e+00
chr1_39511258_C_T_b38	5	2.35429e-06	0.000e+00	0.000e+00
chr1_39507202_C_T_b38	5	2.02491e-06	0.000e+00	0.000e+00
chr1_39505033_A_G_b38	5	1.94193e-06	0.000e+00	0.000e+00
chr1_39458103_C_G_b38	5	6.14492e-10	0.000e+00	0.000e+00
chr1_39463910_G_A_b38	5	6.14492e-10	0.000e+00	0.000e+00
chr1_39535706_T_C_b38	5	5.98623e-10	0.000e+00	0.000e+00
chr1_39453674_T_G_b38	5	5.13061e-10	0.000e+00	0.000e+00
chr1_39580379_T_C_b38	5	2.11261e-10	0.000e+00	0.000e+00
chr1_39583519_C_A_b38	5	2.07379e-10	0.000e+00	0.000e+00
chr1_39406254_G_A_b38	5	1.99343e-10	0.000e+00	0.000e+00
chr1_39416329_C_G_b38	5	1.98352e-10	0.000e+00	0.000e+00
chr1_39398376_T_G_b38	5	1.49742e-10	0.000e+00	0.000e+00
