chr12_56254127_G_C_b38	1	4.23935e-02	1.223e-01	3.610e-02
chr12_56255817_A_G_b38	1	4.23935e-02	1.223e-01	3.610e-02
chr12_56259510_G_A_b38	1	3.48132e-02	-1.356e-01	4.328e-02
chr12_56259857_T_TGAG_b38	1	3.48132e-02	-1.356e-01	4.328e-02
chr12_56260130_G_C_b38	1	3.48132e-02	-1.356e-01	4.328e-02
chr12_56259776_A_G_b38	1	2.87952e-02	-1.336e-01	4.364e-02
chr12_56262481_G_A_b38	1	2.06677e-02	-1.356e-01	4.328e-02
chr12_56253459_C_T_b38	1	2.01720e-02	-1.356e-01	4.328e-02
chr12_56254993_C_T_b38	1	2.01720e-02	-1.356e-01	4.328e-02
chr12_56265536_C_T_b38	1	1.66473e-02	-1.367e-01	4.254e-02
chr12_56263432_A_C_b38	1	1.66473e-02	-1.367e-01	4.254e-02
chr12_56252429_A_C_b38	1	1.50620e-02	-1.367e-01	4.254e-02
chr12_56251102_A_G_b38	1	1.50620e-02	-1.367e-01	4.254e-02
chr12_56247102_C_T_b38	1	1.38556e-02	1.223e-01	3.610e-02
chr12_56264924_C_T_b38	1	1.33595e-02	-1.356e-01	4.328e-02
chr12_56264104_A_G_b38	1	1.33595e-02	-1.356e-01	4.328e-02
chr12_56267121_G_T_b38	1	1.33595e-02	-1.356e-01	4.328e-02
chr12_56280982_G_A_b38	1	1.32948e-02	1.223e-01	3.610e-02
chr12_56250467_C_T_b38	1	1.20873e-02	-1.356e-01	4.328e-02
chr12_56249900_C_T_b38	1	1.20873e-02	-1.356e-01	4.328e-02
chr12_56240855_G_C_b38	1	1.19638e-02	-1.472e-01	4.395e-02
chr12_56233835_A_G_b38	1	8.21538e-03	-1.367e-01	4.254e-02
chr12_56234594_C_T_b38	1	7.21427e-03	1.145e-01	3.624e-02
chr12_56244483_T_C_b38	1	6.59287e-03	-1.356e-01	4.328e-02
chr12_56236980_G_A_b38	1	6.59287e-03	-1.356e-01	4.328e-02
chr12_56233516_A_G_b38	1	6.59287e-03	-1.356e-01	4.328e-02
chr12_56236283_C_T_b38	1	6.59287e-03	-1.356e-01	4.328e-02
chr12_56243191_C_G_b38	1	6.59287e-03	-1.356e-01	4.328e-02
chr12_56241296_G_C_b38	1	6.59287e-03	-1.356e-01	4.328e-02
chr12_56233868_A_C_b38	1	6.59287e-03	-1.356e-01	4.328e-02
chr12_56244293_T_C_b38	1	6.59287e-03	-1.356e-01	4.328e-02
chr12_56246557_G_A_b38	1	6.59287e-03	-1.356e-01	4.328e-02
chr12_56270447_C_T_b38	1	6.32604e-03	-1.356e-01	4.328e-02
chr12_56273316_A_G_b38	1	6.32604e-03	-1.356e-01	4.328e-02
chr12_56273514_T_C_b38	1	6.32604e-03	-1.356e-01	4.328e-02
chr12_56274110_C_T_b38	1	6.32604e-03	-1.356e-01	4.328e-02
chr12_56283033_CT_C_b38	1	6.32604e-03	-1.356e-01	4.328e-02
chr12_56277363_G_A_b38	1	6.32604e-03	-1.356e-01	4.328e-02
chr12_56278322_T_A_b38	1	6.32604e-03	-1.356e-01	4.328e-02
chr12_56277426_C_G_b38	1	6.32604e-03	-1.356e-01	4.328e-02
chr12_56231909_C_A_b38	1	5.62078e-03	1.218e-01	3.556e-02
chr12_56273820_T_C_b38	1	5.07179e-03	-1.302e-01	4.272e-02
chr12_56288587_C_T_b38	1	4.78976e-03	1.223e-01	3.610e-02
chr12_56307025_G_A_b38	1	4.78976e-03	1.223e-01	3.610e-02
chr12_56300477_C_A_b38	1	4.78976e-03	1.223e-01	3.610e-02
chr12_56290712_TAGGAA_T_b38	1	4.78976e-03	1.223e-01	3.610e-02
chr12_56305839_A_G_b38	1	4.09316e-03	1.195e-01	3.584e-02
chr12_56308088_T_C_b38	1	4.09316e-03	1.195e-01	3.584e-02
chr12_56303326_G_A_b38	1	2.97924e-03	1.169e-01	3.626e-02
chr12_56295941_G_C_b38	1	2.97433e-03	1.166e-01	3.617e-02
chr12_56297989_AC_A_b38	1	2.49545e-03	-1.389e-01	4.386e-02
chr12_56295751_G_A_b38	1	2.46393e-03	-1.368e-01	4.328e-02
chr12_56293788_G_T_b38	1	2.27906e-03	-1.356e-01	4.328e-02
chr12_56299736_C_A_b38	1	2.27906e-03	-1.356e-01	4.328e-02
chr12_56293213_C_T_b38	1	2.27906e-03	-1.356e-01	4.328e-02
chr12_56286852_A_G_b38	1	2.27906e-03	-1.356e-01	4.328e-02
chr12_56301676_G_GT_b38	1	2.27906e-03	-1.356e-01	4.328e-02
chr12_56302170_C_T_b38	1	2.27906e-03	-1.356e-01	4.328e-02
chr12_56284195_T_A_b38	1	2.27906e-03	-1.356e-01	4.328e-02
chr12_56285967_A_G_b38	1	2.27906e-03	-1.356e-01	4.328e-02
chr12_56306209_A_C_b38	1	2.27906e-03	-1.356e-01	4.328e-02
chr12_56301033_A_G_b38	1	2.27906e-03	-1.356e-01	4.328e-02
chr12_56286187_A_G_b38	1	2.27906e-03	-1.356e-01	4.328e-02
chr12_56290191_C_T_b38	1	2.27906e-03	-1.356e-01	4.328e-02
chr12_56283477_G_A_b38	1	2.27906e-03	-1.356e-01	4.328e-02
chr12_56304419_T_TC_b38	1	2.27906e-03	-1.356e-01	4.328e-02
chr12_56302272_A_G_b38	1	2.27906e-03	-1.356e-01	4.328e-02
chr12_56286747_T_C_b38	1	2.27906e-03	-1.356e-01	4.328e-02
chr12_56296878_G_A_b38	1	2.27906e-03	-1.356e-01	4.328e-02
chr12_56290873_CA_C_b38	1	2.27906e-03	-1.356e-01	4.328e-02
chr12_56293675_T_C_b38	1	2.27906e-03	-1.356e-01	4.328e-02
chr12_56308228_C_A_b38	1	2.27906e-03	-1.356e-01	4.328e-02
chr12_56307595_G_C_b38	1	2.27906e-03	-1.356e-01	4.328e-02
chr12_56294453_G_A_b38	1	2.27906e-03	-1.356e-01	4.328e-02
chr12_56302958_T_C_b38	1	2.27906e-03	-1.356e-01	4.328e-02
chr12_56291014_C_T_b38	1	2.27906e-03	-1.356e-01	4.328e-02
chr12_56305176_G_A_b38	1	2.27906e-03	-1.356e-01	4.328e-02
chr12_56284551_T_C_b38	1	2.27906e-03	-1.356e-01	4.328e-02
chr12_56337293_C_G_b38	1	1.79303e-03	-1.225e-01	3.589e-02
chr12_56229563_C_T_b38	1	1.68298e-03	-1.312e-01	4.374e-02
chr12_56334216_G_A_b38	1	1.41937e-03	-1.195e-01	3.584e-02
chr12_56332734_G_A_b38	1	1.41937e-03	1.195e-01	3.584e-02
chr12_56329046_C_T_b38	1	1.41937e-03	1.195e-01	3.584e-02
chr12_56334474_GA_G_b38	1	1.41937e-03	-1.195e-01	3.584e-02
chr12_56323682_C_T_b38	1	1.41937e-03	1.195e-01	3.584e-02
chr12_56308392_C_T_b38	1	1.41937e-03	1.195e-01	3.584e-02
chr12_56344189_A_G_b38	1	1.41937e-03	-1.195e-01	3.584e-02
chr12_56357088_G_C_b38	1	1.18058e-03	-1.429e-01	4.356e-02
chr12_56352611_AATGC_A_b38	1	1.10281e-03	-1.161e-01	3.576e-02
chr12_56349583_T_C_b38	1	1.10281e-03	-1.161e-01	3.576e-02
chr12_56350492_C_G_b38	1	1.10281e-03	-1.161e-01	3.576e-02
chr12_56353960_C_T_b38	1	8.49530e-04	-1.379e-01	4.364e-02
chr12_56345032_GC_G_b38	1	7.90302e-04	-1.356e-01	4.328e-02
chr12_56336643_T_TA_b38	1	7.90302e-04	-1.356e-01	4.328e-02
chr12_56347444_G_A_b38	1	7.90302e-04	-1.356e-01	4.328e-02
chr12_56314792_G_A_b38	1	7.90302e-04	-1.356e-01	4.328e-02
chr12_56335955_A_G_b38	1	7.90302e-04	-1.356e-01	4.328e-02
chr12_56333921_G_A_b38	1	7.90302e-04	-1.356e-01	4.328e-02
chr12_56332197_GA_G_b38	1	7.90302e-04	-1.356e-01	4.328e-02
chr12_56332565_A_G_b38	1	7.90302e-04	-1.356e-01	4.328e-02
chr12_56324021_G_A_b38	1	7.90302e-04	-1.356e-01	4.328e-02
chr12_56312637_T_C_b38	1	7.90302e-04	-1.356e-01	4.328e-02
chr12_56346898_C_G_b38	1	7.90302e-04	-1.356e-01	4.328e-02
chr12_56346073_GCC_G_b38	1	7.90302e-04	-1.356e-01	4.328e-02
chr12_56350661_T_C_b38	1	7.90302e-04	-1.356e-01	4.328e-02
chr12_56345773_A_G_b38	1	7.90302e-04	-1.356e-01	4.328e-02
chr12_56321800_G_A_b38	1	7.90302e-04	-1.356e-01	4.328e-02
chr12_56330549_C_T_b38	1	7.90302e-04	-1.356e-01	4.328e-02
chr12_56339747_G_A_b38	1	7.90302e-04	-1.356e-01	4.328e-02
chr12_56325666_G_A_b38	1	7.90302e-04	-1.356e-01	4.328e-02
chr12_56352774_C_T_b38	1	7.90302e-04	-1.356e-01	4.328e-02
chr12_56356953_C_T_b38	1	7.90302e-04	-1.356e-01	4.328e-02
chr12_56313138_A_C_b38	1	7.90302e-04	-1.356e-01	4.328e-02
chr12_56334353_T_C_b38	1	7.90302e-04	-1.356e-01	4.328e-02
chr12_56356420_C_T_b38	1	7.90302e-04	-1.356e-01	4.328e-02
chr12_56332556_C_T_b38	1	7.90302e-04	-1.356e-01	4.328e-02
chr12_56331337_A_G_b38	1	7.90302e-04	-1.356e-01	4.328e-02
chr12_56346229_GAGA_G_b38	1	7.90302e-04	-1.356e-01	4.328e-02
chr12_56358370_C_T_b38	1	7.90302e-04	-1.356e-01	4.328e-02
chr12_56350638_G_A_b38	1	7.90302e-04	-1.356e-01	4.328e-02
chr12_56342206_G_T_b38	1	7.90302e-04	-1.356e-01	4.328e-02
chr12_56352004_T_C_b38	1	7.90302e-04	-1.356e-01	4.328e-02
chr12_56329802_A_G_b38	1	7.90302e-04	-1.356e-01	4.328e-02
chr12_56329935_T_C_b38	1	7.90302e-04	-1.356e-01	4.328e-02
chr12_56324638_T_C_b38	1	4.73485e-04	-1.279e-01	4.360e-02
chr12_56271104_C_T_b38	2	3.15747e-03	1.089e-01	4.955e-02
chr12_56160200_CACTT_C_b38	2	2.26538e-04	1.177e-01	5.946e-02
