chr4_99083075_C_T_b38	1	9.84545e-01	1.879e-01	2.660e-02
chr4_99073414_G_A_b38	1	2.47396e-03	1.594e-01	2.294e-02
chr4_99072902_C_T_b38	1	2.47396e-03	1.594e-01	2.294e-02
chr4_99071642_A_C_b38	1	2.47396e-03	1.594e-01	2.294e-02
chr4_99088439_C_T_b38	2	7.28727e-02	5.766e-02	1.789e-02
chr4_99089437_CTCTT_C_b38	2	3.94510e-02	5.624e-02	1.665e-02
chr4_99088859_C_T_b38	2	2.78377e-02	5.199e-02	1.787e-02
chr4_99087599_G_A_b38	2	2.38125e-02	6.237e-02	1.810e-02
chr4_99087181_G_C_b38	2	2.38125e-02	6.237e-02	1.810e-02
chr4_99084387_C_T_b38	2	2.27085e-02	6.443e-02	1.808e-02
chr4_99087343_T_C_b38	2	2.26797e-02	6.204e-02	1.809e-02
chr4_99091152_T_G_b38	2	2.26527e-02	6.177e-02	1.814e-02
chr4_99091274_T_G_b38	2	2.26527e-02	6.177e-02	1.814e-02
chr4_99091110_G_A_b38	2	2.15049e-02	6.139e-02	1.812e-02
chr4_99086283_T_TATATC_b38	2	1.47771e-02	6.204e-02	1.809e-02
chr4_99091848_T_C_b38	2	1.46505e-02	6.177e-02	1.814e-02
chr4_99093359_T_C_b38	2	1.46505e-02	6.177e-02	1.814e-02
chr4_99091461_A_G_b38	2	1.46505e-02	6.177e-02	1.814e-02
chr4_99097341_G_C_b38	2	9.88389e-03	6.226e-02	1.799e-02
chr4_99085494_A_G_b38	2	9.83225e-03	5.969e-02	1.811e-02
chr4_99094331_T_TATC_b38	2	8.34590e-03	6.177e-02	1.814e-02
chr4_99095748_A_G_b38	2	8.34590e-03	6.177e-02	1.814e-02
chr4_99095942_G_A_b38	2	8.34590e-03	6.177e-02	1.814e-02
chr4_99097018_T_A_b38	2	8.34590e-03	6.177e-02	1.814e-02
chr4_99096234_T_C_b38	2	8.34590e-03	6.177e-02	1.814e-02
chr4_99094548_T_C_b38	2	8.34590e-03	6.177e-02	1.814e-02
chr4_99097060_G_C_b38	2	8.34590e-03	6.177e-02	1.814e-02
chr4_99096888_C_T_b38	2	8.34590e-03	6.177e-02	1.814e-02
chr4_99096235_G_A_b38	2	8.34590e-03	6.177e-02	1.814e-02
chr4_99095050_T_G_b38	2	8.34590e-03	6.177e-02	1.814e-02
chr4_99095991_G_A_b38	2	8.34590e-03	6.177e-02	1.814e-02
chr4_99094767_G_T_b38	2	8.34590e-03	6.177e-02	1.814e-02
chr4_99095609_A_G_b38	2	8.34590e-03	6.177e-02	1.814e-02
chr4_99096013_G_A_b38	2	7.84068e-03	6.139e-02	1.812e-02
chr4_99094882_A_G_b38	2	7.84068e-03	6.139e-02	1.812e-02
chr4_99096782_A_T_b38	2	7.84068e-03	6.139e-02	1.812e-02
chr4_99093825_G_A_b38	2	7.84068e-03	6.139e-02	1.812e-02
chr4_99098660_C_T_b38	2	5.98969e-03	5.960e-02	1.806e-02
chr4_99109310_T_C_b38	2	5.61077e-03	6.298e-02	1.801e-02
chr4_99105181_T_C_b38	2	3.95709e-03	6.095e-02	1.801e-02
chr4_99112989_TG_T_b38	2	3.92694e-03	6.108e-02	1.805e-02
chr4_99098877_G_A_b38	2	3.92694e-03	6.108e-02	1.805e-02
chr4_99113326_T_C_b38	2	3.92694e-03	6.108e-02	1.805e-02
chr4_99104000_T_A_b38	2	3.92694e-03	6.108e-02	1.805e-02
chr4_99105520_A_G_b38	2	3.92694e-03	6.108e-02	1.805e-02
chr4_99101420_T_C_b38	2	3.92694e-03	6.108e-02	1.805e-02
chr4_99104812_T_C_b38	2	3.92694e-03	6.108e-02	1.805e-02
chr4_99099793_T_C_b38	2	3.92694e-03	6.108e-02	1.805e-02
chr4_99109432_G_A_b38	2	3.92694e-03	6.108e-02	1.805e-02
chr4_99110738_C_T_b38	2	3.92694e-03	6.108e-02	1.805e-02
chr4_99102660_T_A_b38	2	3.92694e-03	6.108e-02	1.805e-02
chr4_99106028_A_G_b38	2	3.92694e-03	6.108e-02	1.805e-02
chr4_99106433_A_G_b38	2	3.92694e-03	6.108e-02	1.805e-02
chr4_99107368_A_G_b38	2	3.92694e-03	6.108e-02	1.805e-02
chr4_99112986_TA_T_b38	2	3.92694e-03	6.108e-02	1.805e-02
chr4_99101759_G_T_b38	2	3.92694e-03	6.108e-02	1.805e-02
chr4_99113690_T_C_b38	2	3.92694e-03	6.108e-02	1.805e-02
chr4_99100636_A_G_b38	2	3.92694e-03	6.108e-02	1.805e-02
chr4_99103545_A_AT_b38	2	3.92694e-03	6.108e-02	1.805e-02
chr4_99103171_C_G_b38	2	3.92694e-03	6.108e-02	1.805e-02
chr4_99106727_A_G_b38	2	3.92694e-03	6.108e-02	1.805e-02
chr4_99112423_C_T_b38	2	3.92694e-03	6.108e-02	1.805e-02
chr4_99099325_C_T_b38	2	3.92694e-03	6.108e-02	1.805e-02
chr4_99104947_C_T_b38	2	3.92694e-03	6.108e-02	1.805e-02
chr4_99102793_T_C_b38	2	3.92694e-03	6.108e-02	1.805e-02
chr4_99109203_A_G_b38	2	3.92694e-03	6.108e-02	1.805e-02
chr4_99101573_G_A_b38	2	3.92694e-03	6.108e-02	1.805e-02
chr4_99111017_C_G_b38	2	3.92694e-03	6.108e-02	1.805e-02
chr4_99098809_T_TC_b38	2	3.92694e-03	6.108e-02	1.805e-02
chr4_99099795_T_C_b38	2	3.92694e-03	6.108e-02	1.805e-02
chr4_99107548_G_A_b38	2	3.73779e-03	6.070e-02	1.803e-02
chr4_99099284_C_CAGTT_b38	2	3.73606e-03	6.072e-02	1.804e-02
chr4_99113186_A_G_b38	2	3.73606e-03	6.072e-02	1.804e-02
chr4_99100102_G_C_b38	2	3.73606e-03	6.072e-02	1.804e-02
chr4_99107735_A_G_b38	2	3.69800e-03	5.956e-02	1.772e-02
chr4_99099330_A_G_b38	2	3.39530e-03	6.021e-02	1.805e-02
chr4_99097887_G_T_b38	2	3.12475e-03	5.441e-02	1.752e-02
chr4_99088587_G_C_b38	2	3.01693e-03	3.237e-02	1.680e-02
chr4_99091940_C_T_b38	2	2.51821e-03	4.993e-02	1.770e-02
chr4_99137104_T_C_b38	2	2.15527e-03	-6.174e-02	1.763e-02
chr4_99118384_A_T_b38	2	1.89225e-03	6.406e-02	1.838e-02
chr4_99117845_A_G_b38	2	1.83063e-03	6.389e-02	1.840e-02
chr4_99105617_ACGATGT_A_b38	2	1.71474e-03	5.590e-02	1.802e-02
chr4_99118469_G_A_b38	2	1.52721e-03	6.177e-02	1.814e-02
chr4_99117458_A_G_b38	2	1.52721e-03	6.177e-02	1.814e-02
chr4_99118348_G_C_b38	2	1.52721e-03	6.177e-02	1.814e-02
chr4_99119763_A_T_b38	2	1.52721e-03	6.177e-02	1.814e-02
chr4_99118162_T_TA_b38	2	1.52721e-03	6.177e-02	1.814e-02
chr4_99119544_A_G_b38	2	1.52721e-03	6.177e-02	1.814e-02
chr4_99116361_A_C_b38	2	1.52721e-03	6.177e-02	1.814e-02
chr4_99118398_G_A_b38	2	1.52721e-03	6.177e-02	1.814e-02
chr4_99117531_T_G_b38	2	1.52721e-03	6.177e-02	1.814e-02
chr4_99119502_C_T_b38	2	1.52721e-03	6.177e-02	1.814e-02
chr4_99119501_G_A_b38	2	1.52721e-03	6.177e-02	1.814e-02
chr4_99115671_A_G_b38	2	1.52721e-03	6.177e-02	1.814e-02
chr4_99117420_T_C_b38	2	1.52721e-03	6.177e-02	1.814e-02
chr4_99119614_C_T_b38	2	1.52721e-03	6.177e-02	1.814e-02
chr4_99117881_G_C_b38	2	1.52721e-03	6.177e-02	1.814e-02
chr4_99115624_G_T_b38	2	1.52721e-03	6.177e-02	1.814e-02
chr4_99118696_T_A_b38	2	1.44980e-03	6.139e-02	1.812e-02
chr4_99117053_A_G_b38	2	1.44980e-03	6.139e-02	1.812e-02
chr4_99118802_T_G_b38	2	1.44980e-03	6.139e-02	1.812e-02
chr4_99096837_T_G_b38	2	1.43454e-03	4.993e-02	1.770e-02
chr4_99097987_A_T_b38	2	1.43454e-03	4.993e-02	1.770e-02
chr4_99096789_T_G_b38	2	1.43454e-03	4.993e-02	1.770e-02
chr4_99094524_G_A_b38	2	1.43454e-03	4.993e-02	1.770e-02
chr4_99113846_A_G_b38	2	1.41347e-03	6.108e-02	1.805e-02
chr4_99129249_T_C_b38	2	1.38458e-03	-5.923e-02	1.759e-02
chr4_99120555_C_T_b38	2	1.36419e-03	6.008e-02	1.787e-02
chr4_99114133_T_G_b38	2	1.34476e-03	6.072e-02	1.804e-02
chr4_99114530_G_T_b38	2	1.34476e-03	6.072e-02	1.804e-02
chr4_99113152_C_T_b38	2	1.31052e-03	5.716e-02	1.877e-02
chr4_99120322_A_G_b38	2	1.27820e-03	5.712e-02	1.708e-02
chr4_99120952_C_G_b38	2	1.27814e-03	6.003e-02	1.799e-02
chr4_99137546_C_G_b38	2	1.07292e-03	-5.799e-02	1.767e-02
chr4_99129168_A_T_b38	2	1.07292e-03	-5.799e-02	1.767e-02
chr4_99129635_C_A_b38	2	1.07292e-03	-5.799e-02	1.767e-02
chr4_99134757_T_C_b38	2	1.07292e-03	-5.799e-02	1.767e-02
chr4_99125672_A_G_b38	2	1.07292e-03	-5.799e-02	1.767e-02
chr4_99130405_A_T_b38	2	1.07292e-03	-5.799e-02	1.767e-02
chr4_99126222_G_A_b38	2	1.07292e-03	-5.799e-02	1.767e-02
chr4_99137377_C_T_b38	2	1.07292e-03	-5.799e-02	1.767e-02
chr4_99128201_A_G_b38	2	1.07292e-03	-5.799e-02	1.767e-02
chr4_99133572_G_C_b38	2	1.07292e-03	-5.799e-02	1.767e-02
chr4_99138161_G_A_b38	2	1.07292e-03	-5.799e-02	1.767e-02
chr4_99138581_T_A_b38	2	1.07292e-03	-5.799e-02	1.767e-02
chr4_99131388_A_C_b38	2	1.07292e-03	-5.799e-02	1.767e-02
chr4_99129823_C_G_b38	2	1.07292e-03	-5.799e-02	1.767e-02
chr4_99130571_T_C_b38	2	1.07292e-03	-5.799e-02	1.767e-02
chr4_99134022_A_G_b38	2	1.07292e-03	-5.799e-02	1.767e-02
chr4_99130152_T_C_b38	2	1.07292e-03	-5.799e-02	1.767e-02
chr4_99133819_A_G_b38	2	1.07292e-03	-5.799e-02	1.767e-02
chr4_99124940_G_C_b38	2	1.07292e-03	5.799e-02	1.767e-02
chr4_99132740_A_G_b38	2	1.07292e-03	-5.799e-02	1.767e-02
chr4_99133093_G_T_b38	2	1.07292e-03	-5.799e-02	1.767e-02
chr4_99124823_T_C_b38	2	1.07292e-03	5.799e-02	1.767e-02
chr4_99131874_G_T_b38	2	1.07292e-03	-5.799e-02	1.767e-02
chr4_99130901_TAAAG_T_b38	2	1.07292e-03	-5.799e-02	1.767e-02
chr4_99128102_T_G_b38	2	1.07292e-03	-5.799e-02	1.767e-02
chr4_99132710_T_C_b38	2	1.07292e-03	-5.799e-02	1.767e-02
chr4_99124953_T_C_b38	2	1.07292e-03	5.799e-02	1.767e-02
chr4_99136879_A_T_b38	2	1.07292e-03	-5.799e-02	1.767e-02
chr4_99131233_G_A_b38	2	1.07292e-03	-5.799e-02	1.767e-02
chr4_99125503_G_C_b38	2	1.07292e-03	-5.799e-02	1.767e-02
chr4_99131940_T_C_b38	2	1.07292e-03	-5.799e-02	1.767e-02
chr4_99130582_A_G_b38	2	1.07292e-03	-5.799e-02	1.767e-02
chr4_99125142_A_T_b38	2	1.07292e-03	5.799e-02	1.767e-02
chr4_99124689_C_T_b38	2	1.07292e-03	5.799e-02	1.767e-02
chr4_99135388_C_T_b38	2	1.07292e-03	-5.799e-02	1.767e-02
chr4_99128377_G_A_b38	2	1.07292e-03	-5.799e-02	1.767e-02
chr4_99137043_G_A_b38	2	1.07292e-03	-5.799e-02	1.767e-02
chr4_99136707_T_TA_b38	2	1.07292e-03	-5.799e-02	1.767e-02
chr4_99130726_T_C_b38	2	1.07292e-03	-5.799e-02	1.767e-02
chr4_99134604_T_C_b38	2	1.07292e-03	-5.799e-02	1.767e-02
chr4_99134909_G_A_b38	2	1.07292e-03	-5.799e-02	1.767e-02
chr4_99129377_A_G_b38	2	1.07292e-03	-5.799e-02	1.767e-02
chr4_99132965_C_T_b38	2	1.07292e-03	-5.799e-02	1.767e-02
chr4_99133693_A_G_b38	2	1.07292e-03	-5.799e-02	1.767e-02
chr4_99129936_A_G_b38	2	1.07292e-03	-5.799e-02	1.767e-02
chr4_99137511_T_C_b38	2	1.07292e-03	-5.799e-02	1.767e-02
chr4_99130790_C_T_b38	2	1.07292e-03	-5.799e-02	1.767e-02
chr4_99131189_C_A_b38	2	1.07292e-03	-5.799e-02	1.767e-02
chr4_99125529_T_C_b38	2	1.07292e-03	-5.799e-02	1.767e-02
chr4_99127358_T_C_b38	2	1.07292e-03	-5.799e-02	1.767e-02
chr4_99138656_G_C_b38	2	1.07292e-03	-5.799e-02	1.767e-02
chr4_99137929_CT_C_b38	2	1.07292e-03	-5.799e-02	1.767e-02
chr4_99137988_T_C_b38	2	1.07292e-03	-5.799e-02	1.767e-02
chr4_99127800_G_C_b38	2	1.07292e-03	-5.799e-02	1.767e-02
chr4_99137376_T_G_b38	2	1.07292e-03	-5.799e-02	1.767e-02
chr4_99134424_A_G_b38	2	1.07292e-03	-5.799e-02	1.767e-02
chr4_99134588_G_A_b38	2	1.07292e-03	-5.799e-02	1.767e-02
chr4_99127658_G_A_b38	2	1.07292e-03	-5.799e-02	1.767e-02
chr4_99124496_A_G_b38	2	1.07292e-03	5.799e-02	1.767e-02
chr4_99124423_T_C_b38	2	1.07292e-03	5.799e-02	1.767e-02
chr4_99126661_G_A_b38	2	1.07292e-03	-5.799e-02	1.767e-02
chr4_99135869_G_A_b38	2	1.07292e-03	-5.799e-02	1.767e-02
chr4_99133046_G_T_b38	2	1.07292e-03	-5.799e-02	1.767e-02
chr4_99125056_A_G_b38	2	1.07292e-03	5.799e-02	1.767e-02
chr4_99137576_C_T_b38	2	1.07292e-03	-5.799e-02	1.767e-02
chr4_99134674_G_A_b38	2	1.07292e-03	-5.799e-02	1.767e-02
chr4_99124349_T_G_b38	2	1.07292e-03	5.799e-02	1.767e-02
chr4_99137288_C_T_b38	2	1.07292e-03	-5.799e-02	1.767e-02
chr4_99133161_A_G_b38	2	1.07292e-03	-5.799e-02	1.767e-02
chr4_99132631_T_A_b38	2	1.03282e-03	-5.775e-02	1.767e-02
chr4_99136970_C_T_b38	2	1.03282e-03	-5.775e-02	1.767e-02
chr4_99138417_G_T_b38	2	1.03282e-03	-5.775e-02	1.767e-02
chr4_99093654_A_G_b38	2	1.02640e-03	3.720e-02	1.514e-02
chr4_99134380_G_GTATA_b38	2	9.52005e-04	-5.739e-02	1.771e-02
chr4_99123248_A_AAT_b38	2	8.80427e-04	5.722e-02	1.781e-02
chr4_99122354_T_G_b38	2	8.80427e-04	5.722e-02	1.781e-02
chr4_99122028_C_T_b38	2	8.80427e-04	5.722e-02	1.781e-02
chr4_99122501_A_G_b38	2	8.80427e-04	5.722e-02	1.781e-02
chr4_99122038_G_A_b38	2	8.80427e-04	5.722e-02	1.781e-02
chr4_99123671_T_C_b38	2	8.80427e-04	5.722e-02	1.781e-02
chr4_99122133_C_T_b38	2	8.80427e-04	5.722e-02	1.781e-02
chr4_99129049_C_A_b38	2	8.60525e-04	-5.452e-02	1.702e-02
chr4_99138468_G_T_b38	2	8.17337e-04	-5.650e-02	1.771e-02
chr4_99132125_G_A_b38	2	8.10771e-04	-5.637e-02	1.769e-02
chr4_99122944_G_T_b38	2	7.15819e-04	5.600e-02	1.782e-02
chr4_99122960_A_G_b38	2	7.15819e-04	5.600e-02	1.782e-02
chr4_99122962_G_C_b38	2	7.15819e-04	5.600e-02	1.782e-02
chr4_99099271_G_T_b38	2	6.96945e-04	4.936e-02	1.762e-02
chr4_99109237_C_T_b38	2	6.96945e-04	4.936e-02	1.762e-02
chr4_99099190_A_G_b38	2	6.96945e-04	4.936e-02	1.762e-02
chr4_99107500_C_T_b38	2	6.96945e-04	4.936e-02	1.762e-02
chr4_99107483_C_A_b38	2	6.96945e-04	4.936e-02	1.762e-02
chr4_99101331_G_A_b38	2	6.96945e-04	4.936e-02	1.762e-02
chr4_99104958_T_C_b38	2	6.96945e-04	4.936e-02	1.762e-02
chr4_99110564_T_A_b38	2	6.96945e-04	4.936e-02	1.762e-02
chr4_99112835_C_T_b38	2	6.96945e-04	4.936e-02	1.762e-02
chr4_99110570_C_G_b38	2	6.96945e-04	4.936e-02	1.762e-02
chr4_99106351_C_T_b38	2	6.96945e-04	4.936e-02	1.762e-02
chr4_99105836_CA_C_b38	2	6.96945e-04	4.936e-02	1.762e-02
chr4_99105332_C_T_b38	2	6.96945e-04	4.936e-02	1.762e-02
chr4_99112070_A_G_b38	2	6.96945e-04	4.936e-02	1.762e-02
chr4_99099973_T_C_b38	2	6.96945e-04	4.936e-02	1.762e-02
chr4_99109167_G_A_b38	2	6.96945e-04	4.936e-02	1.762e-02
chr4_99109589_T_C_b38	2	6.96945e-04	4.936e-02	1.762e-02
chr4_99131812_C_CT_b38	2	6.67337e-04	-5.584e-02	1.790e-02
chr4_99088893_C_G_b38	3	5.98643e-03	1.546e-02	5.201e-02
chr4_99090149_C_G_b38	3	1.07317e-03	6.315e-02	3.254e-02
chr4_99086896_C_T_b38	3	9.85568e-04	6.389e-02	3.304e-02
chr4_99086887_C_A_b38	3	9.85568e-04	6.389e-02	3.304e-02
chr4_99093191_G_A_b38	3	6.94065e-04	6.315e-02	3.254e-02
chr4_99092808_A_C_b38	3	6.94065e-04	6.315e-02	3.254e-02
chr4_99087797_C_T_b38	3	5.61479e-04	5.151e-02	3.274e-02
chr4_99090099_A_G_b38	3	4.51537e-04	5.420e-02	4.269e-02
chr4_99090957_G_A_b38	3	4.51537e-04	5.420e-02	4.269e-02
chr4_99097023_A_T_b38	3	3.17629e-04	6.330e-02	3.248e-02
chr4_99096678_C_T_b38	3	3.17629e-04	6.330e-02	3.248e-02
chr4_99096196_G_A_b38	3	3.17629e-04	6.330e-02	3.248e-02
chr4_99094287_T_C_b38	3	3.17629e-04	6.330e-02	3.248e-02
chr4_99094712_G_C_b38	3	3.17629e-04	6.330e-02	3.248e-02
chr4_99094114_T_G_b38	3	3.17629e-04	6.330e-02	3.248e-02
chr4_99094026_A_G_b38	3	3.17629e-04	6.330e-02	3.248e-02
chr4_99096750_T_C_b38	3	3.17629e-04	6.330e-02	3.248e-02
chr4_99094539_C_T_b38	3	3.17629e-04	6.330e-02	3.248e-02
chr4_99094395_C_G_b38	3	3.17629e-04	6.330e-02	3.248e-02
chr4_99084053_A_G_b38	3	2.93382e-04	5.174e-02	3.268e-02
chr4_99084392_T_C_b38	3	2.93382e-04	5.174e-02	3.268e-02
chr4_99084840_C_A_b38	3	2.93382e-04	5.174e-02	3.268e-02
chr4_99097829_C_T_b38	3	2.65042e-04	6.037e-02	3.291e-02
chr4_99107300_A_G_b38	3	1.14302e-04	6.350e-02	3.177e-02
chr4_99082150_A_T_b38	3	1.12892e-04	5.159e-02	3.273e-02
chr4_99107781_GT_G_b38	3	1.03998e-04	6.332e-02	3.253e-02
chr4_99098975_C_T_b38	3	1.03998e-04	6.332e-02	3.253e-02
chr4_99109710_C_T_b38	3	1.03998e-04	6.332e-02	3.253e-02
chr4_99102848_G_A_b38	3	1.03998e-04	6.332e-02	3.253e-02
chr4_99102808_A_G_b38	3	1.03998e-04	6.332e-02	3.253e-02
chr4_99100091_G_A_b38	3	1.03998e-04	6.332e-02	3.253e-02
chr4_99104632_G_A_b38	3	1.03998e-04	6.332e-02	3.253e-02
chr4_99107041_T_A_b38	3	1.03998e-04	6.332e-02	3.253e-02
chr4_99107199_C_G_b38	3	1.03998e-04	6.332e-02	3.253e-02
chr4_99112385_T_C_b38	3	1.03998e-04	6.332e-02	3.253e-02
chr4_99112322_T_C_b38	3	1.03998e-04	6.332e-02	3.253e-02
chr4_99105078_GTC_G_b38	3	1.03998e-04	6.332e-02	3.253e-02
chr4_99094291_A_T_b38	3	8.63138e-05	5.522e-02	4.272e-02
chr4_99096383_G_T_b38	3	8.63138e-05	5.522e-02	4.272e-02
chr4_99096865_G_A_b38	3	8.63138e-05	5.522e-02	4.272e-02
chr4_99096064_T_C_b38	3	8.63138e-05	5.522e-02	4.272e-02
chr4_99095412_A_G_b38	3	8.63138e-05	5.522e-02	4.272e-02
chr4_99110887_G_A_b38	3	7.66674e-12	0.000e+00	0.000e+00
chr4_99078444_G_A_b38	3	7.28358e-12	0.000e+00	0.000e+00
chr4_99075701_T_C_b38	3	7.28358e-12	0.000e+00	0.000e+00
chr4_99097996_G_A_b38	3	4.63573e-12	0.000e+00	0.000e+00
chr4_99080890_C_T_b38	3	4.62605e-12	0.000e+00	0.000e+00
chr4_99079107_T_C_b38	3	4.62605e-12	0.000e+00	0.000e+00
chr4_99083469_G_A_b38	3	4.62605e-12	0.000e+00	0.000e+00
chr4_99115953_G_C_b38	3	3.57032e-12	0.000e+00	0.000e+00
chr4_99117401_C_T_b38	3	3.57032e-12	0.000e+00	0.000e+00
chr4_99115162_C_G_b38	3	3.57032e-12	0.000e+00	0.000e+00
chr4_99117149_T_G_b38	3	3.57032e-12	0.000e+00	0.000e+00
chr4_99116937_AC_A_b38	3	3.57032e-12	0.000e+00	0.000e+00
chr4_99068133_A_C_b38	3	3.05016e-12	0.000e+00	0.000e+00
chr4_99072347_C_T_b38	3	3.00254e-12	0.000e+00	0.000e+00
chr4_99071843_T_C_b38	3	3.00254e-12	0.000e+00	0.000e+00
chr4_99071501_G_A_b38	3	3.00254e-12	0.000e+00	0.000e+00
chr4_99072535_C_T_b38	3	3.00254e-12	0.000e+00	0.000e+00
chr4_99067359_A_AT_b38	3	3.00254e-12	0.000e+00	0.000e+00
chr4_99066691_T_C_b38	3	3.00254e-12	0.000e+00	0.000e+00
chr4_99065925_C_A_b38	3	3.00254e-12	0.000e+00	0.000e+00
chr4_99072682_A_G_b38	3	3.00254e-12	0.000e+00	0.000e+00
chr4_99071500_C_A_b38	3	3.00254e-12	0.000e+00	0.000e+00
chr4_99072894_T_C_b38	3	3.00254e-12	0.000e+00	0.000e+00
chr4_99068878_GGT_G_b38	3	3.00254e-12	0.000e+00	0.000e+00
chr4_99070773_A_AT_b38	3	3.00254e-12	0.000e+00	0.000e+00
chr4_99069742_G_T_b38	3	2.95907e-12	0.000e+00	0.000e+00
chr4_99068792_G_A_b38	3	2.66718e-12	0.000e+00	0.000e+00
chr4_99105093_C_T_b38	3	2.40344e-12	0.000e+00	0.000e+00
chr4_99111033_A_G_b38	3	2.40344e-12	0.000e+00	0.000e+00
chr4_99110760_C_T_b38	3	2.40344e-12	0.000e+00	0.000e+00
chr4_99099196_G_A_b38	3	2.40344e-12	0.000e+00	0.000e+00
chr4_99109403_C_T_b38	3	2.40344e-12	0.000e+00	0.000e+00
chr4_99109419_C_T_b38	3	2.39944e-12	0.000e+00	0.000e+00
chr4_99075135_A_C_b38	3	2.38625e-12	0.000e+00	0.000e+00
chr4_99072327_C_A_b38	3	2.38625e-12	0.000e+00	0.000e+00
chr4_99065847_CAT_C_b38	3	2.38625e-12	0.000e+00	0.000e+00
chr4_99066341_A_G_b38	3	2.38625e-12	0.000e+00	0.000e+00
chr4_99065472_G_A_b38	3	2.38625e-12	0.000e+00	0.000e+00
chr4_99063947_C_G_b38	3	2.22673e-12	0.000e+00	0.000e+00
chr4_99047697_A_T_b38	3	9.47189e-13	0.000e+00	0.000e+00
chr4_99060464_T_C_b38	3	9.47189e-13	0.000e+00	0.000e+00
chr4_99050659_G_C_b38	3	9.47189e-13	0.000e+00	0.000e+00
chr4_99050579_A_G_b38	3	9.47189e-13	0.000e+00	0.000e+00
chr4_99118309_G_T_b38	3	8.65101e-13	0.000e+00	0.000e+00
chr4_99119607_C_T_b38	3	8.65101e-13	0.000e+00	0.000e+00
chr4_99117622_C_T_b38	3	8.65101e-13	0.000e+00	0.000e+00
chr4_99120637_C_G_b38	3	8.65101e-13	0.000e+00	0.000e+00
chr4_99059625_G_T_b38	3	8.08399e-13	0.000e+00	0.000e+00
chr4_99059185_G_T_b38	3	8.02314e-13	0.000e+00	0.000e+00
chr4_99054770_T_C_b38	3	7.81097e-13	0.000e+00	0.000e+00
chr4_99049234_A_T_b38	3	7.81097e-13	0.000e+00	0.000e+00
chr4_99041401_A_G_b38	3	7.81097e-13	0.000e+00	0.000e+00
chr4_99042520_G_A_b38	3	7.81097e-13	0.000e+00	0.000e+00
chr4_99062322_A_T_b38	3	7.81097e-13	0.000e+00	0.000e+00
chr4_99050750_A_T_b38	3	7.81097e-13	0.000e+00	0.000e+00
chr4_99058190_C_T_b38	3	7.81097e-13	0.000e+00	0.000e+00
chr4_99053832_C_T_b38	3	7.81097e-13	0.000e+00	0.000e+00
chr4_99049402_C_T_b38	3	7.81097e-13	0.000e+00	0.000e+00
chr4_99062382_C_G_b38	3	7.81097e-13	0.000e+00	0.000e+00
chr4_99050930_A_C_b38	3	7.81097e-13	0.000e+00	0.000e+00
chr4_99059879_T_C_b38	3	7.81097e-13	0.000e+00	0.000e+00
chr4_99060672_C_T_b38	3	7.81097e-13	0.000e+00	0.000e+00
chr4_99053464_G_T_b38	3	7.81097e-13	0.000e+00	0.000e+00
chr4_99060867_TGTG_T_b38	3	7.81097e-13	0.000e+00	0.000e+00
chr4_99040224_CAG_C_b38	3	7.81097e-13	0.000e+00	0.000e+00
chr4_99058692_A_G_b38	3	7.81097e-13	0.000e+00	0.000e+00
chr4_99061728_A_G_b38	3	7.81097e-13	0.000e+00	0.000e+00
chr4_99060035_G_T_b38	3	7.81097e-13	0.000e+00	0.000e+00
chr4_99052235_G_T_b38	3	7.61544e-13	0.000e+00	0.000e+00
chr4_99012910_G_A_b38	3	2.69925e-13	0.000e+00	0.000e+00
chr4_99012555_A_G_b38	3	2.69925e-13	0.000e+00	0.000e+00
chr4_99013440_G_A_b38	3	2.69925e-13	0.000e+00	0.000e+00
chr4_99012332_A_G_b38	3	2.69925e-13	0.000e+00	0.000e+00
