chr6_32411729_G_A_b38	1	2.26350e-01	6.037e-01	1.591e-01
chr6_32402685_A_G_b38	1	3.90244e-02	5.302e-01	1.613e-01
chr6_32428369_G_T_b38	1	1.57259e-02	5.471e-01	1.626e-01
chr6_32422844_A_G_b38	1	1.57259e-02	5.471e-01	1.626e-01
chr6_32430212_C_T_b38	1	1.57259e-02	5.471e-01	1.626e-01
chr6_32370549_C_T_b38	1	5.27175e-03	6.617e-01	1.879e-01
chr6_32369527_T_G_b38	1	5.27175e-03	6.617e-01	1.879e-01
chr6_32392044_G_A_b38	1	4.71520e-03	5.286e-01	1.671e-01
chr6_32453166_C_T_b38	1	3.45860e-03	5.572e-01	1.642e-01
chr6_32450156_G_A_b38	1	3.45860e-03	5.572e-01	1.642e-01
chr6_32406818_A_G_b38	2	5.10654e-02	-4.542e-01	1.542e-01
chr6_32426536_A_C_b38	2	3.91899e-02	-5.528e-01	1.407e-01
chr6_32426222_A_AG_b38	2	2.50447e-02	-5.593e-01	1.475e-01
chr6_32424766_T_C_b38	2	2.50447e-02	-5.593e-01	1.475e-01
chr6_32426760_C_T_b38	2	2.50447e-02	-5.593e-01	1.475e-01
chr6_32426283_T_C_b38	2	2.50447e-02	-5.593e-01	1.475e-01
chr6_32426250_A_G_b38	2	2.50447e-02	-5.593e-01	1.475e-01
chr6_32408019_A_T_b38	2	1.85891e-02	-4.543e-01	1.542e-01
chr6_32421970_T_G_b38	2	1.81737e-02	-5.195e-01	1.407e-01
chr6_32413503_G_C_b38	2	1.13850e-02	-5.881e-01	1.754e-01
chr6_32400685_G_A_b38	2	1.02628e-02	-5.887e-01	1.753e-01
chr6_32415564_A_C_b38	2	7.63341e-03	-4.942e-01	1.537e-01
chr6_32416900_A_C_b38	2	7.63341e-03	-4.942e-01	1.537e-01
chr6_32415446_T_C_b38	2	7.63341e-03	-4.942e-01	1.537e-01
chr6_32416060_G_A_b38	2	7.63341e-03	-4.942e-01	1.537e-01
chr6_32415469_T_G_b38	2	7.63341e-03	-4.942e-01	1.537e-01
chr6_32416566_G_A_b38	2	7.63341e-03	-4.942e-01	1.537e-01
chr6_32414972_A_G_b38	2	7.63341e-03	-4.942e-01	1.537e-01
chr6_32414832_C_G_b38	2	7.63341e-03	-4.942e-01	1.537e-01
chr6_32415530_T_G_b38	2	7.63341e-03	-4.942e-01	1.537e-01
chr6_32415583_G_A_b38	2	7.63341e-03	-4.942e-01	1.537e-01
chr6_32417123_T_C_b38	2	7.63341e-03	-4.942e-01	1.537e-01
chr6_32415664_T_G_b38	2	7.63341e-03	-4.942e-01	1.537e-01
chr6_32415711_T_A_b38	2	7.63341e-03	-4.942e-01	1.537e-01
chr6_32416081_G_T_b38	2	7.63341e-03	-4.942e-01	1.537e-01
chr6_32415856_G_C_b38	2	7.63341e-03	-4.942e-01	1.537e-01
chr6_32415472_T_C_b38	2	7.63341e-03	-4.942e-01	1.537e-01
chr6_32414861_T_C_b38	2	7.63341e-03	-4.942e-01	1.537e-01
chr6_32415431_G_T_b38	2	7.63341e-03	-4.942e-01	1.537e-01
chr6_32416300_C_T_b38	2	7.63341e-03	-4.942e-01	1.537e-01
chr6_32415633_G_T_b38	2	7.63341e-03	-4.942e-01	1.537e-01
chr6_32431064_A_G_b38	2	7.51647e-03	-5.658e-01	1.645e-01
chr6_32412431_A_G_b38	2	6.33908e-03	-4.720e-01	1.501e-01
chr6_32413053_G_C_b38	2	6.33908e-03	-4.720e-01	1.501e-01
chr6_32414075_GAA_G_b38	2	6.33908e-03	-4.720e-01	1.501e-01
chr6_32419655_G_A_b38	2	5.82614e-03	-5.902e-01	1.758e-01
chr6_32427949_A_G_b38	2	5.82614e-03	-5.902e-01	1.758e-01
chr6_32431560_T_C_b38	2	5.82614e-03	-5.902e-01	1.758e-01
chr6_32418866_G_A_b38	2	5.23574e-03	-5.036e-01	1.522e-01
chr6_32416723_C_T_b38	2	4.71722e-03	-4.839e-01	1.592e-01
chr6_32390424_G_C_b38	2	4.60147e-03	-5.902e-01	1.758e-01
chr6_32420932_T_C_b38	2	4.27786e-03	-4.712e-01	1.436e-01
chr6_32420083_C_T_b38	2	3.84463e-03	-4.982e-01	1.538e-01
chr6_32418729_T_C_b38	2	3.84463e-03	-4.982e-01	1.538e-01
chr6_32420531_C_T_b38	2	3.84463e-03	-4.982e-01	1.538e-01
chr6_32419501_T_A_b38	2	3.84463e-03	-4.982e-01	1.538e-01
chr6_32426182_T_C_b38	2	3.84463e-03	-4.982e-01	1.538e-01
chr6_32420797_T_C_b38	2	3.84463e-03	-4.982e-01	1.538e-01
chr6_32418096_C_T_b38	2	3.84463e-03	-4.982e-01	1.538e-01
chr6_32417876_A_G_b38	2	3.84463e-03	-4.982e-01	1.538e-01
chr6_32418284_C_T_b38	2	3.84463e-03	-4.982e-01	1.538e-01
chr6_32418930_T_C_b38	2	3.84463e-03	-4.982e-01	1.538e-01
chr6_32417796_G_A_b38	2	3.84463e-03	-4.982e-01	1.538e-01
chr6_32417828_C_A_b38	2	3.84463e-03	-4.982e-01	1.538e-01
chr6_32418718_T_C_b38	2	3.84463e-03	-4.982e-01	1.538e-01
chr6_32418005_C_A_b38	2	3.84463e-03	-4.982e-01	1.538e-01
chr6_32420003_G_T_b38	2	3.84463e-03	-4.982e-01	1.538e-01
chr6_32417322_G_A_b38	2	3.84463e-03	-4.982e-01	1.538e-01
chr6_32419975_A_C_b38	2	3.84463e-03	-4.982e-01	1.538e-01
chr6_32418606_A_G_b38	2	3.84463e-03	-4.982e-01	1.538e-01
chr6_32417693_A_G_b38	2	3.84463e-03	-4.982e-01	1.538e-01
chr6_32444194_TGAGTCTAGGGATCTAGAAAATACATTAGAATATG_T_b38	2	3.01236e-03	-5.399e-01	1.518e-01
chr6_32445032_T_A_b38	2	3.01236e-03	-5.399e-01	1.518e-01
chr6_32443530_C_T_b38	2	3.01236e-03	-5.399e-01	1.518e-01
chr6_32444815_G_A_b38	2	3.01236e-03	-5.399e-01	1.518e-01
chr6_32442438_T_C_b38	2	3.01236e-03	-5.399e-01	1.518e-01
chr6_32444789_T_A_b38	2	3.01236e-03	-5.399e-01	1.518e-01
chr6_32442433_T_C_b38	2	3.01236e-03	-5.399e-01	1.518e-01
chr6_32421768_A_G_b38	2	2.88528e-03	-4.598e-01	1.466e-01
chr6_32427879_A_T_b38	2	2.68116e-03	-4.777e-01	1.538e-01
chr6_32423532_TAA_T_b38	2	2.54628e-03	-4.926e-01	1.594e-01
chr6_32427068_G_A_b38	2	2.54628e-03	-4.926e-01	1.594e-01
chr6_32425168_C_A_b38	2	2.54628e-03	-4.926e-01	1.594e-01
chr6_32422419_T_C_b38	2	2.54628e-03	-4.926e-01	1.594e-01
chr6_32422971_C_T_b38	2	2.54628e-03	-4.926e-01	1.594e-01
chr6_32426808_C_T_b38	2	2.54628e-03	-4.926e-01	1.594e-01
chr6_32423739_G_A_b38	2	2.54628e-03	-4.926e-01	1.594e-01
chr6_32448690_G_A_b38	2	2.42567e-03	-5.012e-01	1.436e-01
chr6_32447649_A_G_b38	2	2.42567e-03	-5.012e-01	1.436e-01
chr6_32366050_A_C_b38	2	2.34334e-03	-5.932e-01	1.736e-01
chr6_32357785_G_A_b38	2	2.34334e-03	-5.932e-01	1.736e-01
chr6_32418922_A_G_b38	2	2.31259e-03	-4.881e-01	1.599e-01
chr6_32422555_C_T_b38	2	2.31259e-03	-4.881e-01	1.599e-01
chr6_32427921_A_T_b38	2	2.31259e-03	-4.881e-01	1.599e-01
chr6_32425100_C_T_b38	2	2.31259e-03	-4.881e-01	1.599e-01
chr6_32373094_C_T_b38	2	1.80905e-03	-5.963e-01	1.774e-01
chr6_32377912_T_G_b38	2	1.80905e-03	-5.963e-01	1.774e-01
chr6_32427688_T_G_b38	2	1.71559e-03	-4.729e-01	1.593e-01
chr6_32456817_T_C_b38	2	1.61413e-03	-5.963e-01	1.774e-01
chr6_32440720_A_G_b38	2	1.61413e-03	-5.963e-01	1.774e-01
chr6_32395438_T_C_b38	2	1.42086e-03	-4.631e-01	1.552e-01
chr6_32390912_A_G_b38	2	1.42086e-03	-4.631e-01	1.552e-01
chr6_32394044_C_T_b38	2	1.42086e-03	-4.631e-01	1.552e-01
chr6_32381780_A_T_b38	2	1.25007e-03	-5.474e-01	1.699e-01
chr6_32378686_ATTTTGTG_A_b38	2	1.25007e-03	-5.474e-01	1.699e-01
chr6_32375459_A_G_b38	2	1.25007e-03	-5.474e-01	1.699e-01
chr6_32375562_G_A_b38	2	1.25007e-03	-5.474e-01	1.699e-01
chr6_32433755_T_A_b38	2	7.35798e-04	-4.904e-01	1.601e-01
chr6_32453692_G_A_b38	2	7.35798e-04	-4.904e-01	1.601e-01
chr6_32475738_GA_G_b38	2	6.78202e-04	-6.530e-01	1.879e-01
chr6_32446658_C_T_b38	2	5.89112e-04	-5.428e-01	1.819e-01
chr6_32443599_T_G_b38	2	5.74997e-04	-4.729e-01	1.593e-01
chr6_32441283_G_A_b38	2	5.74997e-04	-4.729e-01	1.593e-01
chr6_32438834_C_A_b38	2	5.74997e-04	-4.729e-01	1.593e-01
chr6_32441065_A_G_b38	2	5.74997e-04	-4.729e-01	1.593e-01
chr6_32337767_A_G_b38	2	5.54832e-04	-5.962e-01	1.743e-01
chr6_32334605_C_T_b38	2	5.54832e-04	-5.962e-01	1.743e-01
chr6_32307844_C_T_b38	2	5.54832e-04	-5.962e-01	1.743e-01
chr6_32312814_T_C_b38	2	5.54832e-04	-5.962e-01	1.743e-01
chr6_32321175_G_A_b38	2	5.54832e-04	-5.962e-01	1.743e-01
chr6_32327875_T_C_b38	2	5.54832e-04	-5.962e-01	1.743e-01
chr6_32347734_T_G_b38	2	5.54832e-04	-5.962e-01	1.743e-01
chr6_32317585_C_T_b38	2	5.54832e-04	-5.962e-01	1.743e-01
chr6_32343086_T_C_b38	2	5.54832e-04	-5.962e-01	1.743e-01
chr6_32334326_TTG_T_b38	2	5.54832e-04	-5.962e-01	1.743e-01
chr6_32335915_T_A_b38	2	5.54832e-04	-5.962e-01	1.743e-01
chr6_32322431_C_T_b38	2	5.54832e-04	-5.962e-01	1.743e-01
chr6_32452361_C_A_b38	2	5.11749e-04	-4.337e-01	1.476e-01
chr6_32448000_CAT_C_b38	2	5.11749e-04	-4.337e-01	1.476e-01
chr6_32448011_T_C_b38	2	5.11749e-04	-4.337e-01	1.476e-01
chr6_32452509_G_A_b38	2	5.11749e-04	-4.337e-01	1.476e-01
chr6_32453495_G_A_b38	2	5.11749e-04	-4.337e-01	1.476e-01
chr6_32469977_G_A_b38	2	5.00461e-04	-5.963e-01	1.774e-01
chr6_32473018_C_G_b38	2	5.00461e-04	-5.963e-01	1.774e-01
chr6_32457215_C_T_b38	2	5.00461e-04	-5.963e-01	1.774e-01
chr6_32406660_A_G_b38	3	3.82431e-03	-3.379e-01	2.466e-01
chr6_32406863_G_A_b38	3	3.82431e-03	-3.379e-01	2.466e-01
chr6_32406605_C_A_b38	3	6.76027e-04	-3.898e-01	2.321e-01
chr6_32406414_G_A_b38	3	2.05496e-04	1.323e-02	1.770e-01
chr6_32406428_G_A_b38	3	2.05496e-04	1.323e-02	1.770e-01
chr6_32406485_G_A_b38	3	2.05496e-04	1.323e-02	1.770e-01
chr6_32406383_A_G_b38	3	2.05496e-04	1.323e-02	1.770e-01
chr6_32404858_T_A_b38	3	1.15616e-04	-2.976e-02	1.833e-01
chr6_32406052_G_T_b38	3	1.15616e-04	-2.976e-02	1.833e-01
chr6_32405086_A_T_b38	3	1.15616e-04	-2.976e-02	1.833e-01
chr6_32405408_T_C_b38	3	1.15616e-04	-2.976e-02	1.833e-01
chr6_32404645_C_G_b38	3	1.15616e-04	-2.976e-02	1.833e-01
chr6_32405186_G_A_b38	3	1.15616e-04	-2.976e-02	1.833e-01
chr6_32405799_TA_T_b38	3	1.12787e-04	2.208e-02	1.769e-01
chr6_32405455_G_T_b38	3	1.12787e-04	2.208e-02	1.769e-01
chr6_32405535_C_T_b38	3	1.12787e-04	2.208e-02	1.769e-01
chr6_32405597_C_T_b38	3	1.12787e-04	2.208e-02	1.769e-01
chr6_32404459_C_T_b38	3	6.43465e-05	-5.225e-02	1.813e-01
chr6_32404088_C_T_b38	3	6.36383e-05	-2.976e-02	1.833e-01
chr6_32403940_A_G_b38	3	6.36383e-05	-2.976e-02	1.833e-01
chr6_32403795_A_G_b38	3	6.36383e-05	-2.976e-02	1.833e-01
chr6_32404023_C_T_b38	3	6.36383e-05	-2.976e-02	1.833e-01
chr6_32403646_C_T_b38	3	6.36383e-05	-2.976e-02	1.833e-01
chr6_32403209_C_A_b38	3	6.36383e-05	-2.976e-02	1.833e-01
chr6_32403920_C_T_b38	3	6.36383e-05	-2.976e-02	1.833e-01
chr6_32403102_C_T_b38	3	6.36383e-05	-2.976e-02	1.833e-01
chr6_32404041_G_C_b38	3	6.36383e-05	-2.976e-02	1.833e-01
chr6_32403667_A_T_b38	3	6.36383e-05	-2.976e-02	1.833e-01
chr6_32403962_T_G_b38	3	6.36383e-05	-2.976e-02	1.833e-01
chr6_32404551_G_A_b38	3	6.36383e-05	-2.976e-02	1.833e-01
chr6_32403875_C_A_b38	3	6.36383e-05	-2.976e-02	1.833e-01
chr6_32404255_A_G_b38	3	6.36383e-05	-2.976e-02	1.833e-01
chr6_32404063_C_T_b38	3	6.36383e-05	-2.976e-02	1.833e-01
chr6_32402570_G_T_b38	3	6.36383e-05	-2.976e-02	1.833e-01
chr6_32403827_G_A_b38	3	6.36383e-05	-2.976e-02	1.833e-01
chr6_32404560_G_A_b38	3	6.36383e-05	-2.976e-02	1.833e-01
chr6_32404230_T_C_b38	3	6.36383e-05	-2.976e-02	1.833e-01
chr6_32404474_T_C_b38	3	6.36383e-05	-2.976e-02	1.833e-01
chr6_32403863_G_A_b38	3	6.36383e-05	-2.976e-02	1.833e-01
chr6_32403954_C_T_b38	3	6.36383e-05	-2.976e-02	1.833e-01
chr6_32404177_G_A_b38	3	6.36383e-05	-2.976e-02	1.833e-01
chr6_32404409_CTG_C_b38	3	6.36383e-05	-2.976e-02	1.833e-01
chr6_32402744_G_A_b38	3	6.36383e-05	-2.976e-02	1.833e-01
chr6_32403634_G_T_b38	3	6.36383e-05	-2.976e-02	1.833e-01
chr6_32403947_T_C_b38	3	6.36383e-05	-2.976e-02	1.833e-01
chr6_32403595_T_A_b38	3	6.36383e-05	-2.976e-02	1.833e-01
chr6_32404090_G_A_b38	3	6.36383e-05	-2.976e-02	1.833e-01
chr6_32404335_A_G_b38	3	6.36383e-05	-2.976e-02	1.833e-01
chr6_32403131_T_A_b38	3	6.36383e-05	-2.976e-02	1.833e-01
chr6_32403751_C_A_b38	3	6.36383e-05	-2.976e-02	1.833e-01
chr6_32404619_T_C_b38	3	6.36383e-05	-2.976e-02	1.833e-01
chr6_32403756_C_T_b38	3	6.36383e-05	-2.976e-02	1.833e-01
chr6_32404121_G_T_b38	3	6.36383e-05	-2.976e-02	1.833e-01
chr6_32403596_CTGGT_C_b38	3	6.36383e-05	-2.976e-02	1.833e-01
chr6_32404210_G_A_b38	3	6.36383e-05	-2.976e-02	1.833e-01
chr6_32403192_TG_T_b38	3	6.36383e-05	-2.976e-02	1.833e-01
chr6_32403637_G_T_b38	3	6.36383e-05	-2.976e-02	1.833e-01
chr6_32403890_G_A_b38	3	6.36383e-05	-2.976e-02	1.833e-01
chr6_32404576_A_G_b38	3	6.36383e-05	-2.976e-02	1.833e-01
chr6_32403950_A_G_b38	3	6.36383e-05	-2.976e-02	1.833e-01
chr6_32403198_C_T_b38	3	6.36383e-05	-2.976e-02	1.833e-01
chr6_32403822_C_G_b38	3	6.36383e-05	-2.976e-02	1.833e-01
chr6_32403617_T_C_b38	3	6.36383e-05	-2.976e-02	1.833e-01
chr6_32403017_C_T_b38	3	6.36383e-05	-2.976e-02	1.833e-01
chr6_32403629_T_TA_b38	3	6.36383e-05	-2.976e-02	1.833e-01
chr6_32403966_C_G_b38	3	6.36383e-05	-2.976e-02	1.833e-01
chr6_32403761_C_A_b38	3	6.36383e-05	-2.976e-02	1.833e-01
chr6_32404544_C_T_b38	3	6.36383e-05	-2.976e-02	1.833e-01
chr6_32403632_T_C_b38	3	6.36383e-05	-2.976e-02	1.833e-01
chr6_32403762_G_A_b38	3	6.36383e-05	-2.976e-02	1.833e-01
chr6_32403039_G_A_b38	3	6.20813e-05	2.208e-02	1.769e-01
chr6_32402869_A_G_b38	3	6.20813e-05	2.208e-02	1.769e-01
chr6_32402745_C_G_b38	3	6.20813e-05	2.208e-02	1.769e-01
chr6_32403517_C_G_b38	3	6.20813e-05	2.208e-02	1.769e-01
chr6_32403515_A_T_b38	3	6.20813e-05	2.208e-02	1.769e-01
