chr2_202912476_C_CT_b38	1	8.14375e-01	-2.828e-01	6.639e-02
chr2_202916348_C_T_b38	1	3.80750e-02	-2.840e-01	6.671e-02
chr2_202903616_C_T_b38	1	2.69939e-02	-2.844e-01	6.680e-02
chr2_202918486_T_C_b38	1	2.46388e-02	-2.814e-01	6.626e-02
chr2_202928093_C_T_b38	1	4.70758e-03	-2.778e-01	6.771e-02
chr2_202887306_C_G_b38	1	3.70435e-03	-2.790e-01	6.844e-02
chr2_202887305_C_A_b38	1	3.70435e-03	-2.790e-01	6.844e-02
chr2_202898078_CA_C_b38	1	3.70435e-03	-2.790e-01	6.844e-02
chr2_202887302_G_GCA_b38	1	3.70435e-03	-2.790e-01	6.844e-02
chr2_202896851_A_G_b38	1	3.70435e-03	-2.790e-01	6.844e-02
chr2_202884669_C_CTTT_b38	1	2.68726e-03	-2.866e-01	6.732e-02
chr2_202886008_C_G_b38	1	2.68726e-03	-2.866e-01	6.732e-02
chr2_202878969_A_G_b38	1	2.68726e-03	-2.866e-01	6.732e-02
chr2_202874289_C_T_b38	1	2.68726e-03	-2.866e-01	6.732e-02
chr2_202883871_A_G_b38	1	2.68726e-03	-2.866e-01	6.732e-02
chr2_202987864_A_C_b38	1	2.34990e-03	-3.211e-01	7.070e-02
chr2_202867547_T_C_b38	1	3.36860e-04	-3.071e-01	6.785e-02
chr2_202912503_C_T_b38	2	2.31576e-01	-1.693e-01	4.472e-02
chr2_202910752_G_A_b38	2	4.07377e-02	-1.698e-01	4.472e-02
chr2_202910011_G_C_b38	2	4.07377e-02	-1.698e-01	4.472e-02
chr2_202910989_G_A_b38	2	4.07377e-02	-1.698e-01	4.472e-02
chr2_202910025_G_A_b38	2	4.07377e-02	-1.698e-01	4.472e-02
chr2_202913477_A_T_b38	2	3.59323e-02	-1.698e-01	4.472e-02
chr2_202908261_C_T_b38	2	1.99119e-02	-1.697e-01	4.477e-02
chr2_202908514_G_A_b38	2	1.99119e-02	-1.697e-01	4.477e-02
chr2_202908963_A_G_b38	2	1.99119e-02	-1.697e-01	4.477e-02
chr2_202917018_G_A_b38	2	1.59865e-02	-1.698e-01	4.480e-02
chr2_202915756_T_C_b38	2	1.59865e-02	-1.698e-01	4.480e-02
chr2_202915792_A_G_b38	2	1.59865e-02	-1.698e-01	4.480e-02
chr2_202906929_C_G_b38	2	1.30816e-02	-1.698e-01	4.480e-02
chr2_202904063_G_A_b38	2	1.30816e-02	-1.698e-01	4.480e-02
chr2_202905080_C_T_b38	2	1.30816e-02	-1.698e-01	4.480e-02
chr2_202906537_G_A_b38	2	1.30816e-02	-1.698e-01	4.480e-02
chr2_202904389_C_T_b38	2	1.30816e-02	-1.698e-01	4.480e-02
chr2_202918286_C_T_b38	2	1.28011e-02	1.698e-01	4.480e-02
chr2_202922089_A_G_b38	2	1.28011e-02	-1.698e-01	4.480e-02
chr2_202918761_G_A_b38	2	1.28011e-02	-1.698e-01	4.480e-02
chr2_202931039_G_A_b38	2	6.91327e-03	-1.698e-01	4.480e-02
chr2_202922682_A_G_b38	2	6.91327e-03	-1.698e-01	4.480e-02
chr2_202933642_TC_T_b38	2	6.91327e-03	-1.698e-01	4.480e-02
chr2_202922397_A_G_b38	2	6.91327e-03	-1.698e-01	4.480e-02
chr2_202924227_T_C_b38	2	6.91327e-03	-1.698e-01	4.480e-02
chr2_202924956_C_T_b38	2	6.91327e-03	-1.698e-01	4.480e-02
chr2_202927189_G_A_b38	2	6.91327e-03	-1.698e-01	4.480e-02
chr2_202926166_T_C_b38	2	6.91327e-03	-1.698e-01	4.480e-02
chr2_202936503_T_G_b38	2	6.91327e-03	-1.698e-01	4.480e-02
chr2_202932091_C_G_b38	2	6.91327e-03	-1.698e-01	4.480e-02
chr2_202933595_C_T_b38	2	6.91327e-03	-1.698e-01	4.480e-02
chr2_202931264_T_G_b38	2	6.91327e-03	-1.698e-01	4.480e-02
chr2_202927905_A_G_b38	2	6.91327e-03	-1.698e-01	4.480e-02
chr2_202926610_G_A_b38	2	6.91327e-03	-1.698e-01	4.480e-02
chr2_202929539_T_C_b38	2	6.91327e-03	-1.698e-01	4.480e-02
chr2_202929716_G_A_b38	2	6.91327e-03	-1.698e-01	4.480e-02
chr2_202893798_C_A_b38	2	5.68135e-03	-1.699e-01	4.480e-02
chr2_202898353_T_G_b38	2	5.68135e-03	-1.699e-01	4.480e-02
chr2_202900086_T_A_b38	2	5.68135e-03	-1.699e-01	4.480e-02
chr2_202893673_T_C_b38	2	5.68135e-03	-1.699e-01	4.480e-02
chr2_202901033_T_C_b38	2	5.68135e-03	-1.699e-01	4.480e-02
chr2_202893193_A_G_b38	2	5.68135e-03	-1.699e-01	4.480e-02
chr2_202893828_C_T_b38	2	5.68135e-03	-1.699e-01	4.480e-02
chr2_202896954_G_A_b38	2	5.68135e-03	-1.699e-01	4.480e-02
chr2_202896433_TA_T_b38	2	5.68135e-03	-1.699e-01	4.480e-02
chr2_202887258_A_G_b38	2	5.68135e-03	-1.699e-01	4.480e-02
chr2_202901840_T_C_b38	2	5.68135e-03	-1.699e-01	4.480e-02
chr2_202888349_T_C_b38	2	5.68135e-03	-1.699e-01	4.480e-02
chr2_202891954_G_A_b38	2	5.68135e-03	-1.699e-01	4.480e-02
chr2_202888293_G_A_b38	2	5.68135e-03	-1.699e-01	4.480e-02
chr2_202873941_G_A_b38	2	4.35260e-03	-1.754e-01	4.404e-02
chr2_202877269_G_GGAAAA_b38	2	2.37427e-03	-1.699e-01	4.479e-02
chr2_202875287_C_T_b38	2	2.37427e-03	-1.699e-01	4.479e-02
chr2_202884053_T_C_b38	2	2.37427e-03	-1.699e-01	4.479e-02
chr2_202878716_TC_T_b38	2	2.37427e-03	-1.699e-01	4.479e-02
chr2_202887209_C_G_b38	2	2.37427e-03	-1.699e-01	4.479e-02
chr2_202871479_CCG_C_b38	2	2.37427e-03	-1.699e-01	4.479e-02
chr2_202882093_A_G_b38	2	2.37427e-03	-1.699e-01	4.479e-02
chr2_202864261_C_T_b38	2	2.37427e-03	-1.699e-01	4.479e-02
chr2_202881162_T_C_b38	2	2.37427e-03	-1.699e-01	4.479e-02
chr2_202882799_A_G_b38	2	2.37427e-03	-1.699e-01	4.479e-02
chr2_202871528_C_G_b38	2	2.37427e-03	-1.699e-01	4.479e-02
chr2_202875547_A_C_b38	2	2.37427e-03	-1.699e-01	4.479e-02
chr2_202865040_G_A_b38	2	2.37427e-03	-1.699e-01	4.479e-02
chr2_202876075_C_T_b38	2	2.37427e-03	-1.699e-01	4.479e-02
chr2_202875247_T_G_b38	2	2.37427e-03	-1.699e-01	4.479e-02
chr2_202875133_C_G_b38	2	2.37427e-03	-1.699e-01	4.479e-02
chr2_202880604_T_C_b38	2	2.37427e-03	-1.699e-01	4.479e-02
chr2_202876215_G_C_b38	2	2.37427e-03	-1.699e-01	4.479e-02
chr2_202864454_C_G_b38	2	2.37427e-03	-1.699e-01	4.479e-02
chr2_202879722_G_A_b38	2	2.37427e-03	-1.699e-01	4.479e-02
chr2_202884716_T_C_b38	2	2.37427e-03	-1.699e-01	4.479e-02
chr2_202879731_C_T_b38	2	2.37427e-03	-1.699e-01	4.479e-02
chr2_202885549_C_T_b38	2	2.37427e-03	-1.699e-01	4.479e-02
chr2_202863724_G_A_b38	2	2.37427e-03	-1.699e-01	4.479e-02
chr2_202870143_C_A_b38	2	2.37427e-03	-1.699e-01	4.479e-02
chr2_202876639_A_T_b38	2	2.37427e-03	-1.699e-01	4.479e-02
chr2_202869642_A_T_b38	2	2.37427e-03	-1.699e-01	4.479e-02
chr2_202873047_A_G_b38	2	2.37427e-03	-1.699e-01	4.479e-02
chr2_202876138_T_C_b38	2	2.37427e-03	-1.699e-01	4.479e-02
chr2_202869266_G_A_b38	2	2.37427e-03	-1.699e-01	4.479e-02
chr2_202958677_C_T_b38	2	2.03884e-03	-1.699e-01	4.479e-02
chr2_202944112_G_A_b38	2	2.03884e-03	-1.699e-01	4.479e-02
chr2_202954748_A_G_b38	2	2.03884e-03	-1.699e-01	4.479e-02
chr2_202947189_A_C_b38	2	2.03884e-03	-1.699e-01	4.479e-02
chr2_202939566_C_T_b38	2	2.03884e-03	-1.699e-01	4.479e-02
chr2_202960383_A_G_b38	2	2.03884e-03	-1.699e-01	4.479e-02
chr2_202947179_A_T_b38	2	2.03884e-03	-1.699e-01	4.479e-02
chr2_202941714_GTTAATTTT_G_b38	2	2.03884e-03	-1.699e-01	4.479e-02
chr2_202957070_T_C_b38	2	2.03884e-03	-1.699e-01	4.479e-02
chr2_202961673_G_A_b38	2	2.03884e-03	-1.699e-01	4.479e-02
chr2_202946905_G_A_b38	2	2.03884e-03	-1.699e-01	4.479e-02
chr2_202940829_G_A_b38	2	2.03884e-03	-1.699e-01	4.479e-02
chr2_202949971_A_T_b38	2	2.03884e-03	-1.699e-01	4.479e-02
chr2_202951771_G_A_b38	2	2.03884e-03	-1.699e-01	4.479e-02
chr2_202942360_A_T_b38	2	2.03884e-03	-1.699e-01	4.479e-02
chr2_202942001_C_T_b38	2	2.03884e-03	-1.699e-01	4.479e-02
chr2_202941206_C_G_b38	2	2.03884e-03	-1.699e-01	4.479e-02
chr2_202958168_C_G_b38	2	2.03884e-03	-1.699e-01	4.479e-02
chr2_202913522_T_C_b38	3	4.12863e-03	1.085e-01	6.011e-02
chr2_202908181_G_A_b38	3	2.62041e-03	1.079e-01	5.701e-02
chr2_202890384_T_A_b38	3	3.88022e-04	1.078e-01	5.701e-02
chr2_202874034_C_T_b38	3	8.18824e-05	1.078e-01	5.701e-02
chr2_202934632_G_A_b38	3	7.09771e-05	5.230e-02	4.952e-02
chr2_202812438_A_G_b38	3	3.64537e-05	-9.904e-02	5.117e-02
chr2_202879784_C_A_b38	3	3.53747e-05	7.897e-02	6.887e-02
chr2_202859689_A_G_b38	3	1.45661e-07	0.000e+00	0.000e+00
chr2_202860167_G_T_b38	3	1.45661e-07	0.000e+00	0.000e+00
chr2_202831558_A_C_b38	3	1.44603e-07	0.000e+00	0.000e+00
