chr4_1721659_C_A_b38	1	2.61845e-01	-2.264e-01	2.501e-02
chr4_1720460_G_A_b38	1	2.48086e-01	-2.291e-01	2.544e-02
chr4_1719976_C_T_b38	1	1.12842e-01	-2.292e-01	2.544e-02
chr4_1722484_T_C_b38	1	3.67521e-02	-2.268e-01	2.447e-02
chr4_1722777_A_G_b38	1	3.67521e-02	-2.268e-01	2.447e-02
chr4_1722451_G_A_b38	1	3.67521e-02	-2.268e-01	2.447e-02
chr4_1723344_A_G_b38	1	3.67521e-02	-2.268e-01	2.447e-02
chr4_1722533_A_G_b38	1	3.67521e-02	-2.268e-01	2.447e-02
chr4_1723280_G_A_b38	1	3.67521e-02	-2.268e-01	2.447e-02
chr4_1722852_C_T_b38	1	3.67521e-02	-2.268e-01	2.447e-02
chr4_1734817_C_T_b38	1	2.32798e-02	-2.293e-01	2.421e-02
chr4_1728488_C_G_b38	1	2.27990e-02	-2.284e-01	2.442e-02
chr4_1730503_T_C_b38	1	1.10187e-02	-2.267e-01	2.447e-02
chr4_1729618_A_G_b38	1	1.10187e-02	-2.267e-01	2.447e-02
chr4_1730968_G_C_b38	1	1.10187e-02	-2.267e-01	2.447e-02
chr4_1727427_G_A_b38	1	1.10187e-02	-2.267e-01	2.447e-02
chr4_1730034_A_ATTTGTTTG_b38	1	4.50893e-03	-2.281e-01	2.485e-02
chr4_1719275_C_T_b38	1	3.75353e-03	-2.338e-01	3.156e-02
chr4_1735344_C_A_b38	1	3.15264e-03	-2.267e-01	2.450e-02
chr4_1732004_C_T_b38	1	3.15264e-03	-2.267e-01	2.450e-02
chr4_1732719_A_G_b38	1	3.15264e-03	-2.267e-01	2.450e-02
chr4_1732556_AAGATCTCAATTTAG_A_b38	1	3.15264e-03	-2.267e-01	2.450e-02
chr4_1738249_C_T_b38	1	3.15264e-03	-2.267e-01	2.450e-02
chr4_1736853_G_T_b38	1	3.15264e-03	-2.267e-01	2.450e-02
chr4_1721565_C_T_b38	1	2.35088e-03	-2.211e-01	3.940e-02
chr4_1723958_C_A_b38	1	1.34226e-05	-1.941e-01	2.479e-02
chr4_1711862_T_G_b38	1	1.00304e-05	-1.929e-01	2.449e-02
chr4_1718031_A_G_b38	1	9.76592e-06	0.000e+00	0.000e+00
chr4_1727829_G_A_b38	1	8.24216e-06	0.000e+00	0.000e+00
chr4_1717906_A_C_b38	1	8.09332e-06	0.000e+00	0.000e+00
chr4_1718090_A_G_b38	1	8.09332e-06	0.000e+00	0.000e+00
chr4_1710301_C_G_b38	1	8.06604e-06	0.000e+00	0.000e+00
chr4_1711241_A_G_b38	1	8.06604e-06	0.000e+00	0.000e+00
chr4_1710049_G_A_b38	1	8.06604e-06	0.000e+00	0.000e+00
chr4_1722579_G_A_b38	1	7.10963e-06	0.000e+00	0.000e+00
chr4_1722822_C_T_b38	1	7.10963e-06	0.000e+00	0.000e+00
chr4_1725859_C_T_b38	1	6.44824e-06	0.000e+00	0.000e+00
chr4_1713276_A_G_b38	1	5.38539e-06	0.000e+00	0.000e+00
chr4_1721410_A_T_b38	2	4.35792e-01	-9.843e-02	2.227e-02
chr4_1719066_A_AG_b38	2	7.71191e-02	-9.867e-02	2.069e-02
chr4_1719067_T_G_b38	2	7.71191e-02	-9.867e-02	2.069e-02
chr4_1719621_G_A_b38	2	7.71191e-02	-9.867e-02	2.069e-02
chr4_1718823_T_C_b38	2	4.29859e-02	-9.871e-02	2.067e-02
chr4_1717893_T_G_b38	2	4.29859e-02	-9.871e-02	2.067e-02
chr4_1717156_A_T_b38	2	4.29859e-02	-9.871e-02	2.067e-02
chr4_1737791_CGCCATCCCT_C_b38	2	3.53853e-02	-1.041e-01	2.069e-02
chr4_1729399_G_A_b38	2	3.37751e-02	-9.993e-02	2.065e-02
chr4_1713622_C_T_b38	2	2.08587e-02	-9.872e-02	2.070e-02
chr4_1713523_C_T_b38	2	1.16840e-02	-9.746e-02	2.052e-02
chr4_1748760_T_C_b38	2	8.93388e-03	-1.003e-01	1.994e-02
chr4_1736586_T_C_b38	2	8.25738e-03	-9.931e-02	2.060e-02
chr4_1735775_C_T_b38	2	8.25738e-03	-9.931e-02	2.060e-02
chr4_1735381_C_T_b38	2	8.25738e-03	-9.931e-02	2.060e-02
chr4_1744398_C_CT_b38	2	7.28851e-03	-9.894e-02	2.066e-02
chr4_1738948_G_A_b38	2	7.28851e-03	-9.894e-02	2.066e-02
chr4_1742027_C_T_b38	2	6.62164e-03	-9.848e-02	2.065e-02
chr4_1742818_ATTAG_A_b38	2	6.62164e-03	-9.848e-02	2.065e-02
chr4_1744502_G_T_b38	2	6.62164e-03	-9.848e-02	2.065e-02
chr4_1743212_C_T_b38	2	6.62164e-03	-9.848e-02	2.065e-02
chr4_1741052_G_A_b38	2	6.62164e-03	-9.848e-02	2.065e-02
chr4_1747433_G_A_b38	2	5.10815e-03	-1.018e-01	2.065e-02
chr4_1747086_T_TCTCC_b38	2	3.97360e-03	-1.011e-01	2.058e-02
chr4_1697785_G_A_b38	2	2.42611e-03	-9.518e-02	2.086e-02
chr4_1698641_C_T_b38	2	2.42611e-03	-9.518e-02	2.086e-02
chr4_1709677_T_C_b38	2	2.29983e-03	-9.456e-02	2.078e-02
chr4_1695610_G_A_b38	2	2.29150e-03	-9.945e-02	2.076e-02
chr4_1721552_T_C_b38	3	1.29887e-02	-2.840e-02	4.275e-02
chr4_1721538_A_G_b38	3	1.29887e-02	-2.840e-02	4.275e-02
chr4_1711497_C_T_b38	3	1.35510e-03	-4.359e-02	2.437e-02
chr4_1723072_C_T_b38	3	1.33301e-03	-2.812e-02	2.655e-02
chr4_1719097_A_G_b38	3	1.26661e-03	-2.520e-02	2.612e-02
chr4_1719030_A_G_b38	3	1.26661e-03	-2.520e-02	2.612e-02
chr4_1724640_T_A_b38	3	9.20375e-04	-3.098e-02	2.701e-02
chr4_1723924_T_C_b38	3	9.20375e-04	-3.098e-02	2.701e-02
chr4_1725091_T_C_b38	3	8.78490e-04	-3.031e-02	2.665e-02
chr4_1725479_C_T_b38	3	8.46140e-04	-2.945e-02	2.685e-02
chr4_1717845_A_G_b38	3	8.18389e-04	-2.948e-02	2.685e-02
chr4_1717567_T_C_b38	3	5.97124e-04	2.519e-02	2.851e-02
chr4_1726654_G_A_b38	3	5.35942e-04	-3.289e-02	2.639e-02
chr4_1729423_T_C_b38	3	4.41878e-04	-3.041e-02	2.678e-02
chr4_1712957_C_A_b38	3	4.37231e-04	-3.277e-02	2.642e-02
chr4_1729926_C_T_b38	3	3.98596e-04	-2.844e-02	2.620e-02
chr4_1713851_T_C_b38	3	3.86004e-04	-3.032e-02	2.655e-02
chr4_1730846_GGGGT_G_b38	3	3.57118e-04	2.644e-02	2.853e-02
chr4_1737865_A_G_b38	3	2.05424e-04	-3.903e-02	2.660e-02
chr4_1712434_T_C_b38	3	1.40760e-04	-2.364e-02	2.553e-02
chr4_1696456_C_T_b38	3	1.21119e-04	-3.383e-02	2.569e-02
chr4_1702916_C_T_b38	3	1.10225e-04	-3.210e-02	2.555e-02
chr4_1707735_G_A_b38	3	1.09039e-04	-3.196e-02	2.558e-02
chr4_1710686_A_G_b38	3	1.08895e-04	-3.179e-02	2.572e-02
chr4_1733516_T_TG_b38	3	1.04327e-04	-3.112e-02	2.657e-02
chr4_1732512_T_C_b38	3	1.04327e-04	-3.112e-02	2.657e-02
chr4_1735535_T_C_b38	3	1.04327e-04	-3.112e-02	2.657e-02
chr4_1735677_C_CCT_b38	3	1.01460e-04	-3.049e-02	2.681e-02
chr4_1740673_T_C_b38	3	9.94761e-05	-3.008e-02	2.678e-02
chr4_1738812_T_C_b38	3	9.94761e-05	-3.008e-02	2.678e-02
chr4_1736323_C_T_b38	3	9.94761e-05	-3.008e-02	2.678e-02
chr4_1743773_G_T_b38	3	9.94761e-05	3.008e-02	2.678e-02
chr4_1731760_A_G_b38	3	9.94761e-05	-3.008e-02	2.678e-02
chr4_1735858_T_C_b38	3	9.94761e-05	-3.008e-02	2.678e-02
chr4_1741442_G_A_b38	3	9.84681e-05	-2.997e-02	2.655e-02
chr4_1741616_G_A_b38	3	9.84681e-05	-2.997e-02	2.655e-02
chr4_1734203_C_T_b38	3	9.84681e-05	-2.997e-02	2.655e-02
chr4_1705720_T_C_b38	3	9.80893e-05	-2.991e-02	2.586e-02
chr4_1744024_A_G_b38	3	9.74379e-05	-2.976e-02	2.657e-02
chr4_1732554_A_G_b38	3	9.24873e-05	-2.859e-02	2.641e-02
chr4_1743425_C_T_b38	3	8.08131e-05	2.615e-02	2.852e-02
chr4_1745117_A_T_b38	3	7.27635e-05	-2.356e-02	2.595e-02
chr4_1702517_T_C_b38	3	7.21588e-05	2.305e-02	2.802e-02
chr4_1759478_G_A_b38	3	3.59627e-05	-3.264e-02	2.343e-02
chr4_1692458_G_A_b38	3	3.44899e-05	-3.226e-02	2.555e-02
chr4_1753347_C_T_b38	3	3.35553e-05	-3.127e-02	2.606e-02
chr4_1759816_C_T_b38	3	2.74397e-05	-2.794e-02	2.374e-02
chr4_1761666_A_G_b38	3	1.38022e-05	-2.778e-02	2.513e-02
chr4_1754440_G_C_b38	3	1.37885e-05	-2.678e-02	2.589e-02
chr4_1687650_T_C_b38	3	1.36324e-05	-2.738e-02	2.515e-02
chr4_1759200_C_T_b38	3	1.31657e-05	-2.612e-02	2.580e-02
chr4_1721773_C_T_b38	4	4.80958e-04	3.107e-03	2.445e-01
chr4_1721850_C_T_b38	4	1.73400e-04	-2.492e-01	1.250e-01
chr4_1721976_G_A_b38	4	7.14108e-05	-1.555e-01	2.886e-01
chr4_1719769_C_T_b38	4	5.48840e-05	0.000e+00	0.000e+00
chr4_1722816_A_G_b38	4	4.59060e-05	0.000e+00	0.000e+00
chr4_1723075_C_T_b38	4	4.56123e-05	0.000e+00	0.000e+00
chr4_1717781_G_A_b38	4	2.70152e-05	0.000e+00	0.000e+00
chr4_1718619_A_G_b38	4	1.08002e-05	0.000e+00	0.000e+00
chr4_1712590_C_T_b38	4	9.60858e-06	0.000e+00	0.000e+00
chr4_1726013_T_C_b38	4	9.06503e-06	0.000e+00	0.000e+00
chr4_1726355_G_T_b38	4	9.01295e-06	0.000e+00	0.000e+00
chr4_1717143_G_C_b38	4	1.23533e-14	0.000e+00	0.000e+00
chr4_1729700_C_T_b38	4	8.15639e-15	0.000e+00	0.000e+00
chr4_1728226_G_A_b38	4	8.15639e-15	0.000e+00	0.000e+00
chr4_1726393_A_C_b38	4	6.63561e-15	0.000e+00	0.000e+00
chr4_1727933_C_T_b38	4	6.63561e-15	0.000e+00	0.000e+00
chr4_1731251_G_A_b38	4	6.63561e-15	0.000e+00	0.000e+00
chr4_1730683_C_T_b38	4	6.63561e-15	0.000e+00	0.000e+00
chr4_1729635_C_T_b38	4	6.63561e-15	0.000e+00	0.000e+00
chr4_1726935_T_C_b38	4	6.63561e-15	0.000e+00	0.000e+00
chr4_1731007_G_A_b38	4	6.63561e-15	0.000e+00	0.000e+00
chr4_1728261_G_A_b38	4	6.63561e-15	0.000e+00	0.000e+00
chr4_1720172_C_T_b38	4	6.56615e-15	0.000e+00	0.000e+00
chr4_1715579_A_G_b38	4	6.40626e-15	0.000e+00	0.000e+00
chr4_1714664_A_G_b38	4	6.40626e-15	0.000e+00	0.000e+00
chr4_1748499_G_A_b38	4	6.07383e-15	0.000e+00	0.000e+00
chr4_1711859_G_A_b38	4	5.60770e-15	0.000e+00	0.000e+00
chr4_1737005_C_T_b38	4	5.42592e-15	0.000e+00	0.000e+00
chr4_1743423_C_T_b38	4	5.09607e-15	0.000e+00	0.000e+00
chr4_1729939_C_T_b38	4	4.89450e-15	0.000e+00	0.000e+00
chr4_1735335_A_G_b38	4	3.69869e-15	0.000e+00	0.000e+00
chr4_1732229_G_A_b38	4	3.52503e-15	0.000e+00	0.000e+00
chr4_1737525_T_C_b38	4	3.00906e-15	0.000e+00	0.000e+00
chr4_1736289_G_A_b38	4	3.00906e-15	0.000e+00	0.000e+00
chr4_1733461_T_G_b38	4	3.00906e-15	0.000e+00	0.000e+00
chr4_1733165_C_T_b38	4	3.00906e-15	0.000e+00	0.000e+00
chr4_1738250_G_A_b38	4	3.00906e-15	0.000e+00	0.000e+00
chr4_1735382_G_A_b38	4	3.00906e-15	0.000e+00	0.000e+00
chr4_1737469_C_T_b38	4	2.98271e-15	0.000e+00	0.000e+00
chr4_1747685_T_C_b38	4	1.88509e-15	0.000e+00	0.000e+00
chr4_1712730_C_A_b38	4	1.51573e-15	0.000e+00	0.000e+00
chr4_1697424_G_A_b38	4	9.97987e-16	0.000e+00	0.000e+00
chr4_1747250_C_T_b38	4	9.39945e-16	0.000e+00	0.000e+00
chr4_1706757_C_T_b38	4	8.13949e-16	0.000e+00	0.000e+00
chr4_1707980_G_T_b38	4	8.13949e-16	0.000e+00	0.000e+00
chr4_1698870_T_C_b38	4	6.52876e-16	0.000e+00	0.000e+00
chr4_1738957_G_A_b38	4	6.03362e-16	0.000e+00	0.000e+00
chr4_1752788_C_G_b38	4	5.29430e-16	0.000e+00	0.000e+00
chr4_1698137_G_A_b38	4	3.75783e-16	0.000e+00	0.000e+00
chr4_1706347_T_C_b38	4	3.63759e-16	0.000e+00	0.000e+00
chr4_1745796_G_A_b38	4	2.12362e-16	0.000e+00	0.000e+00
