chr3_9917083_A_T_b38	1	3.77549e-01	4.692e-01	9.243e-02 4.496561527252197	1.0
chr3_9918386_C_T_b38	1	2.02732e-01	5.817e-01	1.632e-01 4.541271686553955	1.0
chr3_9913499_A_G_b38	1	1.07065e-01	4.875e-01	1.083e-01 4.4854254722595215	1.0
chr3_9901869_A_G_b38	1	7.83038e-02	4.442e-01	4.803e-02 4.399759769439697	1.0
chr3_9901892_G_C_b38	1	7.83038e-02	4.442e-01	4.803e-02 4.411811828613281	1.0
chr3_9904603_T_G_b38	1	3.99409e-02	4.442e-01	5.197e-02 4.375416278839111	1.0
chr3_9901388_A_G_b38	1	3.69561e-02	4.378e-01	3.432e-02 4.521777629852295	1.0
chr3_9906313_C_T_b38	1	1.97560e-02	4.326e-01	3.410e-02 4.344259738922118	1.0
chr3_9904553_A_G_b38	1	1.92294e-02	4.363e-01	3.446e-02 4.500854969024658	1.0
chr3_9904339_T_TA_b38	1	1.92294e-02	4.363e-01	3.446e-02 4.458877317556575	1.0
chr3_9900369_G_A_b38	1	1.88577e-02	4.325e-01	3.427e-02 4.379258155822754	1.0
chr3_9904511_G_A_b38	1	8.64997e-05	3.719e-01	3.324e-02 4.3961143493652335	1.0
chr3_9903253_G_T_b38	1	8.64997e-05	3.719e-01	3.324e-02 4.423470973968506	1.0
chr3_9904766_G_A_b38	1	8.64997e-05	3.719e-01	3.324e-02 4.394647121429443	1.0
chr3_9900550_C_A_b38	1	5.48544e-05	3.697e-01	3.320e-02 4.3982672691345215	1.0
chr3_9907594_C_T_b38	1	3.48499e-05	3.693e-01	3.357e-02 4.6121826171875	1.0
chr3_9907975_T_A_b38	1	3.48499e-05	3.693e-01	3.357e-02 4.4277106180956345	1.0
chr3_9916214_G_A_b38	1	2.67863e-05	3.611e-01	3.362e-02 4.5833778381347665	1.0
chr3_9892153_C_G_b38	1	2.20402e-05	3.649e-01	3.311e-02 4.672004222869873	1.0
chr3_9906180_T_C_b38	1	1.82235e-05	3.693e-01	3.357e-02 4.509273052215576	1.0
chr3_9906214_T_A_b38	1	1.82235e-05	3.693e-01	3.357e-02 4.522310256958008	1.0
chr3_9910093_C_T_b38	1	1.71747e-05	3.670e-01	3.363e-02 4.494253635406494	1.0
chr3_9910104_G_A_b38	1	1.71747e-05	3.670e-01	3.363e-02 4.48628044128418	1.0
chr3_9899149_A_T_b38	1	1.70329e-05	3.647e-01	3.318e-02 4.718496799468994	1.0
chr3_9909936_A_G_b38	1	1.68880e-05	3.682e-01	3.375e-02 4.501853942871094	1.0
chr3_9914595_G_A_b38	1	1.49964e-05	3.615e-01	3.355e-02 4.53002405166626	1.0
chr3_9919345_TA_T_b38	1	1.38468e-05	3.636e-01	3.380e-02 4.5752732595428665	1.0
chr3_9893788_AG_A_b38	1	1.25307e-05	3.631e-01	3.316e-02 4.432854318120097	1.0
chr3_9893579_A_G_b38	1	1.25307e-05	3.631e-01	3.316e-02 4.849689960479736	1.0
chr3_9894743_TCTC_T_b38	1	1.25307e-05	3.631e-01	3.316e-02 4.328044212588846	1.0
chr3_9907527_G_A_b38	1	1.07982e-05	3.663e-01	3.374e-02 4.659440517425537	1.0
chr3_9907950_A_C_b38	1	1.07982e-05	3.663e-01	3.374e-02 4.66024923324585	1.0
chr3_9933702_C_G_b38	2	9.94330e-01	2.361e-01	4.233e-02 -13.087188720703125	1.0
chr3_9915771_C_T_b38	3	1.70578e-01	-3.126e-01	8.783e-02 3.440262079238892	1.0
chr3_9921083_TATTC_T_b38	3	2.93108e-03	-1.702e-01	7.289e-02 4.124527124484058	1.0
chr3_9921132_A_G_b38	3	1.07375e-03	1.428e-01	7.508e-02 -4.086680889129639	1.0
chr3_9915210_C_T_b38	3	1.04444e-03	-7.835e-02	1.452e-01 4.514327526092528	1.0
chr3_9923774_C_T_b38	4	9.17577e-03	-2.710e-01	8.565e-02 1.996203064918518	1.0
chr3_9924029_T_A_b38	4	9.17577e-03	-2.710e-01	8.565e-02 1.8245360851287842	1.0
chr3_9889345_C_T_b38	4	1.68963e-03	-2.609e-01	8.434e-02 1.645404577255249	1.0
