chr19_45788802_G_T_b38	1	3.03806e-01	-2.121e-01	2.483e-02 4.114511489868163	1.0
chr19_45798221_C_T_b38	1	1.99298e-01	-2.136e-01	2.539e-02 4.478697299957275	1.0
chr19_45798413_G_A_b38	1	1.19607e-01	-2.114e-01	2.529e-02 4.28347110748291	1.0
chr19_45803461_G_C_b38	1	1.15635e-01	-2.163e-01	2.597e-02 4.386857509613037	1.0
chr19_45787564_C_T_b38	1	8.86049e-02	-2.088e-01	2.461e-02 4.145549297332764	1.0
chr19_45786245_C_T_b38	1	6.95303e-02	-2.076e-01	2.459e-02 4.0560946464538565	1.0
chr19_45799116_T_A_b38	1	5.66291e-02	-2.102e-01	2.519e-02 4.288356304168701	1.0
chr19_45799274_A_AGG_b38	1	2.60988e-02	-2.074e-01	2.508e-02 3.732377092163049	1.0
chr19_45782104_G_GC_b38	1	1.26852e-02	-2.130e-01	2.583e-02 4.167569354232118	1.0
chr19_45759028_C_A_b38	1	4.42653e-03	-2.082e-01	2.505e-02 4.179617404937743	1.0
chr19_45779632_A_T_b38	1	3.07665e-03	-2.042e-01	2.491e-02 4.118105411529541	1.0
chr19_45745299_C_T_b38	2	7.71336e-01	3.737e-01	6.462e-02 -0.6875525712966919	1.0
chr19_45738583_C_T_b38	2	2.28061e-01	3.732e-01	6.465e-02 -0.7212511897087097	1.0
chr19_45788765_CA_C_b38	3	3.12502e-01	1.225e-01	2.704e-02 -1.3989514122840905	1.0
chr19_45788414_C_A_b38	3	2.05291e-01	1.191e-01	2.687e-02 -1.0379173755645752	1.0
chr19_45783456_A_C_b38	3	8.40839e-02	1.158e-01	2.681e-02 -1.050934672355652	1.0
chr19_45747956_CAG_C_b38	3	5.55808e-02	1.233e-01	2.685e-02 -1.285561289939758	1.0
chr19_45808819_G_A_b38	3	5.12752e-02	1.120e-01	2.528e-02 -1.2363101243972778	1.0
chr19_45808162_C_T_b38	3	5.09823e-02	1.126e-01	2.538e-02 -1.297520637512207	1.0
chr19_45813935_C_T_b38	3	4.61532e-02	1.130e-01	2.556e-02 -1.1301060914993286	1.0
chr19_45748510_A_G_b38	3	3.62408e-02	1.201e-01	2.669e-02 -1.0819897651672363	1.0
chr19_45801142_G_A_b38	3	3.35307e-02	1.070e-01	2.534e-02 -1.3616875410079956	1.0
chr19_45809087_C_T_b38	3	1.25431e-02	1.055e-01	2.507e-02 -1.345392823219299	1.0
chr19_45803646_C_T_b38	3	1.11213e-02	1.054e-01	2.515e-02 -1.316350340843201	1.0
chr19_45824921_C_T_b38	3	9.64855e-03	1.111e-01	2.563e-02 -1.11045503616333	1.0
chr19_45764195_G_T_b38	3	9.38721e-03	1.146e-01	2.711e-02 -1.0964760780334473	1.0
chr19_45831873_A_G_b38	3	8.00987e-03	1.102e-01	2.551e-02 -1.1321444511413574	1.0
chr19_45814335_T_G_b38	3	7.76033e-03	1.043e-01	2.553e-02 -0.9999622106552124	1.0
chr19_45838962_T_C_b38	3	5.94880e-03	-1.089e-01	2.557e-02 1.13413667678833	1.0
chr19_45836401_T_C_b38	3	5.85823e-03	-1.083e-01	2.542e-02 1.0813413858413696	1.0
chr19_45822360_C_T_b38	3	5.59555e-03	1.076e-01	2.537e-02 -0.9923428893089294	1.0
chr19_45830883_C_T_b38	3	4.54713e-03	1.048e-01	2.479e-02 -1.1580461263656616	1.0
chr19_45843072_T_C_b38	3	4.30952e-03	-1.123e-01	2.508e-02 1.0897531509399414	1.0
chr19_45835471_T_C_b38	3	2.86667e-03	-1.073e-01	2.572e-02 1.0556454658508299	1.0
chr19_45812551_A_G_b38	3	2.62640e-03	9.512e-02	2.430e-02 -1.1443283557891846	1.0
chr19_45819133_G_A_b38	3	2.24609e-03	1.041e-01	2.531e-02 -1.0063858032226562	1.0
chr19_45810500_G_C_b38	3	2.09820e-03	9.418e-02	2.448e-02 -1.0944770574569702	1.0
chr19_45819327_C_T_b38	3	1.79263e-03	1.041e-01	2.565e-02 -0.967532515525818	1.0
chr19_45817522_C_T_b38	3	1.60745e-03	9.540e-02	2.424e-02 -0.8843551874160767	1.0
chr19_45807637_A_C_b38	3	1.58657e-03	9.275e-02	2.460e-02 -1.2544972896575928	1.0
chr19_45863948_T_C_b38	3	7.16829e-04	-1.101e-01	2.542e-02 1.1773550510406494	1.0
chr19_45792972_A_T_b38	4	6.46850e-03	-2.661e-02	3.698e-02 -1.9802584648132324	1.0
chr19_45798198_A_C_b38	4	1.17887e-03	7.743e-02	4.292e-02 3.2443718910217285	1.0
chr19_45791252_G_A_b38	4	7.90590e-04	-2.552e-02	3.433e-02 -1.8606628179550169	1.0
chr19_45789001_G_A_b38	4	4.12600e-04	-2.093e-02	3.844e-02 -1.975646734237671	1.0
chr19_45783942_C_G_b38	4	1.99838e-04	-8.435e-03	3.449e-02 -2.1110141277313232	1.0
chr19_45771714_A_C_b38	4	1.04072e-04	-3.587e-02	3.610e-02 -1.908129334449768	1.0
chr19_45770913_A_C_b38	4	8.33097e-05	-3.627e-02	3.539e-02 -1.965169668197632	1.0
chr19_45778487_A_G_b38	4	8.33097e-05	-3.627e-02	3.539e-02 -1.9570839405059812	1.0
chr19_45807549_T_C_b38	4	7.50375e-05	2.497e-02	3.270e-02 -2.440619468688965	1.0
chr19_45772798_C_A_b38	4	5.38322e-05	-2.479e-02	3.438e-02 -1.9301189184188845	1.0
chr19_45767919_G_T_b38	4	5.36651e-05	-2.410e-02	3.454e-02 -2.0403578281402592	1.0
chr19_45774030_C_A_b38	4	5.08185e-05	-1.965e-02	3.441e-02 -1.9175862073898315	1.0
chr19_45781262_G_A_b38	4	5.08185e-05	-1.965e-02	3.441e-02 -1.9691567420959477	1.0
chr19_45781076_T_G_b38	4	4.82529e-05	-1.455e-02	3.437e-02 -1.988963842391968	1.0
