chr20_32854150_T_C_b38	1	3.48718e-01	4.404e-01	6.259e-02 -3.9084742069244394	1.0
chr20_32860890_C_T_b38	1	2.03883e-01	-4.397e-01	6.280e-02 3.8523006439208975	1.0
chr20_32848941_C_T_b38	1	1.18521e-01	4.378e-01	6.304e-02 -3.938655376434326	1.0
chr20_32847454_T_G_b38	1	1.04876e-01	4.309e-01	6.148e-02 -3.931874513626098	1.0
chr20_32845384_C_T_b38	1	5.96766e-02	4.341e-01	6.329e-02 -3.9306933879852295	1.0
chr20_32819855_A_T_b38	1	4.38690e-02	4.069e-01	4.786e-02 -3.92711329460144	1.0
chr20_32814463_A_G_b38	1	1.83996e-02	4.210e-01	5.992e-02 -3.960638284683228	1.0
chr20_32824019_T_C_b38	1	1.83996e-02	4.210e-01	5.992e-02 -3.9372270107269287	1.0
chr20_32821986_T_C_b38	1	1.83996e-02	4.210e-01	5.992e-02 -3.95351505279541	1.0
chr20_32822473_A_G_b38	1	1.83996e-02	4.210e-01	5.992e-02 -3.939421653747559	1.0
chr20_32816341_A_G_b38	1	1.52797e-02	3.783e-01	3.206e-02 -3.923505067825317	1.0
chr20_32815404_T_G_b38	1	1.30755e-02	3.782e-01	3.215e-02 -3.919543743133545	1.0
chr20_32813930_T_C_b38	1	8.05597e-03	4.111e-01	5.915e-02 -3.973601818084717	1.0
chr20_32858839_A_G_b38	1	7.94540e-03	3.855e-01	4.134e-02 -3.9222545623779297	1.0
chr20_32820252_T_TGGG_b38	1	7.33728e-04	3.803e-01	2.614e-02 -4.009880308505465	1.0
chr20_32842385_A_G_b38	1	6.96316e-04	3.760e-01	2.605e-02 -3.9457271099090576	1.0
chr20_32852422_G_A_b38	2	4.43348e-01	-2.837e-01	5.977e-02 -7.353548526763916	1.0
chr20_32851659_AGT_A_b38	2	2.79596e-01	-2.768e-01	5.834e-02 -7.249678580420281	1.0
chr20_32839536_C_T_b38	2	1.19658e-01	-2.817e-01	5.954e-02 -7.345611572265625	1.0
chr20_32839829_C_T_b38	2	1.19658e-01	-2.817e-01	5.954e-02 -7.3553123474121085	1.0
chr20_32828097_G_C_b38	2	3.66673e-02	-2.802e-01	5.848e-02 -7.398910999298098	1.0
chr20_32886964_A_G_b38	3	1.42522e-01	1.458e-01	3.281e-02 -0.5718744397163391	1.0
chr20_32886860_C_G_b38	3	4.67044e-02	1.363e-01	3.243e-02 -0.6164352297782898	1.0
chr20_32886641_A_C_b38	3	4.67044e-02	1.363e-01	3.243e-02 -0.6184869408607483	1.0
chr20_32887065_A_G_b38	3	4.67044e-02	1.363e-01	3.243e-02 -0.610038161277771	1.0
chr20_32879569_T_C_b38	3	3.30530e-02	1.306e-01	3.395e-02 -0.23898908074779296	1.0
chr20_32882596_C_T_b38	3	3.10927e-02	1.425e-01	3.461e-02 -0.1934026926755905	1.0
chr20_32880186_T_A_b38	3	1.87598e-02	1.214e-01	3.276e-02 -0.09461575001478197	1.0
chr20_32888858_T_C_b38	3	1.30016e-02	1.256e-01	3.217e-02 -0.5139446258544922	1.0
chr20_32869487_T_C_b38	3	1.14998e-02	1.301e-01	3.615e-02 -0.2869936227798462	1.0
chr20_32884626_T_C_b38	3	1.12667e-02	1.325e-01	3.407e-02 -0.11789929866790773	1.0
chr20_32865319_AC_A_b38	3	7.29349e-03	1.164e-01	3.606e-02 -0.2405122607783674	1.0
chr20_32872912_C_T_b38	3	6.44207e-03	1.156e-01	3.461e-02 4.864415168762207	1.0
chr20_32883507_T_G_b38	3	6.22349e-03	1.190e-01	3.185e-02 -0.1226826086640358	1.0
chr20_32857660_T_C_b38	3	5.94212e-03	-1.777e-01	6.104e-02 2.006042003631592	1.0
chr20_32880307_T_C_b38	3	4.01326e-03	1.099e-01	3.405e-02 4.915163993835449	1.0
chr20_32883251_G_A_b38	3	3.69155e-03	1.220e-01	3.346e-02 -0.0867568626999855	1.0
chr20_32889949_T_C_b38	3	3.41690e-03	1.145e-01	3.166e-02 -0.4509283900260925	1.0
chr20_32889591_G_A_b38	3	3.21234e-03	1.155e-01	3.205e-02 -0.449714869260788	1.0
chr20_32855088_A_G_b38	3	2.95416e-03	-9.622e-02	3.870e-02 0.6404934525489807	1.0
chr20_32875654_A_G_b38	3	2.94489e-03	1.066e-01	3.377e-02 4.698535205526485	1.0
chr20_32875265_G_T_b38	3	2.21577e-03	1.060e-01	3.404e-02 4.863917350769043	1.0
chr20_32885138_TC_T_b38	3	2.11980e-03	1.225e-01	3.459e-02 -0.3516827750694531	1.0
chr20_32876661_G_A_b38	3	2.07803e-03	1.086e-01	3.521e-02 4.851909637451172	1.0
chr20_32871756_C_T_b38	3	2.07803e-03	1.086e-01	3.521e-02 4.873765468597412	1.0
chr20_32872270_G_A_b38	3	2.07803e-03	1.086e-01	3.521e-02 4.8698768615722665	1.0
chr20_32877644_T_C_b38	3	2.07803e-03	1.086e-01	3.521e-02 4.7468299865722665	1.0
chr20_32885852_C_A_b38	3	1.80741e-03	1.077e-01	3.082e-02 -0.22355788946151733	1.0
chr20_32889794_G_A_b38	3	1.75290e-03	1.122e-01	3.215e-02 -0.4485445618629456	1.0
chr20_32878581_A_G_b38	3	1.73987e-03	1.058e-01	3.452e-02 4.7111123400356565	1.0
chr20_32855120_A_G_b38	3	1.73295e-03	-9.046e-02	3.699e-02 0.6588054895401001	1.0
chr20_32872438_A_G_b38	3	1.41157e-03	1.053e-01	3.476e-02 4.8446617126464835	1.0
chr20_32877568_G_A_b38	3	1.34188e-03	1.057e-01	3.513e-02 4.834031581878662	1.0
chr20_32855017_A_G_b38	3	1.16461e-03	-8.735e-02	3.648e-02 0.6253403425216675	1.0
chr20_32889724_G_T_b38	3	1.13547e-03	1.116e-01	3.238e-02 -0.44626906514167786	1.0
chr20_32879570_G_T_b38	3	1.00995e-03	1.015e-01	3.411e-02 4.849902702394247	1.0
chr20_32879617_C_T_b38	3	1.00995e-03	1.015e-01	3.411e-02 4.826182842254639	1.0
chr20_32861384_A_G_b38	3	1.00503e-03	9.521e-02	3.706e-02 -0.661101758480072	1.0
chr20_32870967_G_T_b38	3	9.42837e-04	1.023e-01	3.478e-02 4.880274295806885	1.0
chr20_32863216_A_T_b38	3	9.23351e-04	9.594e-02	3.528e-02 0.5144535303115845	1.0
chr20_32879745_T_C_b38	3	8.62739e-04	9.938e-02	3.408e-02 4.849401473999023	1.0
chr20_32878558_C_T_b38	3	8.52556e-04	9.907e-02	3.409e-02 4.7680806987443205	1.0
chr20_32869531_T_C_b38	3	8.41500e-04	9.770e-02	3.362e-02 4.8229947090148935	1.0
chr20_32885677_G_C_b38	3	8.11033e-04	1.035e-01	3.113e-02 -0.11784164607524872	1.0
chr20_32837415_G_A_b38	3	2.24350e-04	-1.006e-01	3.640e-02 0.6340225338935852	1.0
chr20_32873276_T_C_b38	3	2.19169e-04	8.929e-02	3.307e-02 4.900967597961426	1.0
chr20_32856132_T_C_b38	4	1.19421e-02	-1.267e-01	5.794e-02 -0.16784346103668213	1.0
chr20_32855780_A_G_b38	4	2.34657e-03	-1.171e-01	5.524e-02 -0.16762828826904294	1.0
chr20_32876702_C_G_b38	4	2.92241e-04	-2.023e-01	7.264e-02 -0.8678053617477417	1.0
