chr19_48695750_T_C_b38	1	8.98716e-01	6.310e-01	9.741e-02 0.0	1.0
chr19_48696176_T_C_b38	1	9.01119e-02	6.456e-01	9.469e-02 0.0	1.0
chr19_48692998_G_A_b38	1	1.05259e-02	5.976e-01	9.076e-02 0.0	1.0
chr19_48673697_C_T_b38	2	9.58838e-01	3.118e-01	4.959e-02 2.1120774745941158	1.0
chr19_48672642_CTT_C_b38	2	4.05148e-02	2.777e-01	5.053e-02 2.374233220549151	1.0
chr19_48714803_C_T_b38	3	2.36728e-01	2.517e-01	3.991e-02 -5.003026962280273	1.0
chr19_48715345_C_T_b38	3	1.58056e-01	2.418e-01	3.739e-02 -5.704218864440918	1.0
chr19_48711838_C_T_b38	3	1.39154e-01	2.418e-01	3.743e-02 -5.719113349914551	1.0
chr19_48714854_G_T_b38	3	8.82561e-02	2.394e-01	3.747e-02 -5.742835521697997	1.0
chr19_48715173_A_G_b38	3	8.82561e-02	2.394e-01	3.747e-02 -5.738846778869629	1.0
chr19_48715180_A_C_b38	3	8.82561e-02	2.394e-01	3.747e-02 -5.738080978393555	1.0
chr19_48722509_A_T_b38	3	4.44104e-02	2.345e-01	3.742e-02 -5.808041572570801	1.0
chr19_48717066_A_G_b38	3	3.64834e-02	2.333e-01	3.741e-02 -5.606989860534668	1.0
chr19_48745473_G_A_b38	3	1.46006e-02	-2.402e-01	3.888e-02 4.6118597984313965	1.0
chr19_48702888_G_C_b38	3	1.10249e-02	2.336e-01	4.157e-02 -4.535396099090576	1.0
chr19_48703205_C_T_b38	3	1.10249e-02	2.336e-01	4.157e-02 -4.448750019073486	1.0
chr19_48702851_C_G_b38	3	1.10249e-02	2.336e-01	4.157e-02 -4.535579204559326	1.0
chr19_48703160_A_G_b38	3	1.10249e-02	2.336e-01	4.157e-02 -4.521910667419434	1.0
chr19_48703417_G_A_b38	3	1.10249e-02	2.336e-01	4.157e-02 -4.450500011444092	1.0
chr19_48702915_C_T_b38	3	1.10249e-02	2.336e-01	4.157e-02 -4.5238680839538565	1.0
chr19_48737757_G_A_b38	3	4.46807e-03	2.319e-01	3.807e-02 -5.205151081085205	1.0
chr19_48737758_C_T_b38	3	4.46807e-03	2.319e-01	3.807e-02 -5.185098648071289	1.0
chr19_48726268_T_C_b38	3	4.44644e-03	2.269e-01	3.729e-02 -5.5263094902038565	1.0
chr19_48716202_T_C_b38	3	4.07348e-03	2.143e-01	3.689e-02 -5.516812801361084	1.0
chr19_48724186_C_T_b38	3	4.01828e-03	2.271e-01	3.742e-02 -5.51775598526001	1.0
chr19_48725015_T_C_b38	3	4.01828e-03	2.271e-01	3.742e-02 -5.5405378341674805	1.0
chr19_48723999_C_T_b38	3	3.58582e-03	2.260e-01	3.736e-02 -5.565413951873778	1.0
chr19_48723786_G_A_b38	3	3.58582e-03	2.260e-01	3.736e-02 -5.563377380371094	1.0
chr19_48728969_G_A_b38	3	2.63081e-03	2.245e-01	3.746e-02 -5.640501499176025	1.0
chr19_48735769_T_C_b38	3	2.00228e-03	2.257e-01	3.794e-02 -5.220431327819824	1.0
chr19_48738719_A_G_b38	3	1.69339e-03	2.242e-01	3.791e-02 -5.247129917144775	1.0
chr19_48672707_G_C_b38	4	8.14236e-02	1.666e-01	6.718e-02 -0.06919984519481659	1.0
chr19_48686486_T_TA_b38	4	6.47854e-03	1.952e-01	6.244e-02 0.1968387016028478	1.0
chr19_48664748_G_A_b38	4	2.94174e-03	1.838e-01	6.263e-02 -0.1224454715847969	1.0
chr19_48667778_C_G_b38	4	1.95807e-03	1.721e-01	6.208e-02 -0.07042581588029861	1.0
chr19_48687108_A_G_b38	4	1.95723e-03	1.820e-01	6.062e-02 0.2523404359817505	1.0
chr19_48686866_C_T_b38	4	1.95723e-03	1.820e-01	6.062e-02 0.25102829933166504	1.0
chr19_48687819_G_A_b38	4	1.27092e-03	1.711e-01	6.025e-02 0.28758704662323	1.0
chr19_48689477_C_T_b38	4	1.03856e-03	1.707e-01	6.172e-02 0.3228246569633484	1.0
chr19_48685874_A_G_b38	4	8.68584e-04	1.512e-01	6.089e-02 0.31046175956726074	1.0
chr19_48685769_G_A_b38	4	8.59557e-04	1.504e-01	6.080e-02 0.2563449442386627	1.0
chr19_48692154_C_T_b38	4	6.61732e-04	1.617e-01	6.249e-02 0.2607593834400177	1.0
chr19_48685370_G_A_b38	4	6.61025e-04	1.442e-01	6.065e-02 0.2591710388660431	1.0
chr19_48685001_C_T_b38	4	6.61025e-04	1.442e-01	6.065e-02 0.3138783872127533	1.0
chr19_48685224_T_C_b38	4	6.21645e-04	1.421e-01	6.042e-02 0.2700853943824768	1.0
chr19_48685939_C_T_b38	4	5.76812e-04	1.410e-01	6.136e-02 0.3014077842235565	1.0
chr19_48686272_T_C_b38	4	5.43902e-04	1.393e-01	6.157e-02 0.30096954107284546	1.0
chr19_48686506_G_C_b38	4	5.43902e-04	1.393e-01	6.157e-02 0.3384813666343689	1.0
chr19_48593997_G_A_b38	5	7.90317e-03	-4.305e-01	1.035e-01 -0.4670980274677277	1.0
chr19_48592021_T_C_b38	5	3.32883e-04	2.689e-01	8.414e-02 1.6481738090515137	1.0
