chr1_151789832_C_G_b38	1	3.25790e-01	2.136e-01	5.663e-02 4.8858184814453125	1.0
chr1_151791573_A_G_b38	1	1.02735e-01	1.913e-01	5.488e-02 4.8337273597717285	1.0
chr1_151795572_A_G_b38	1	9.11144e-02	2.107e-01	5.597e-02 4.829319953918457	1.0
chr1_151790770_G_A_b38	1	6.89024e-02	1.663e-01	5.389e-02 4.820777416229248	1.0
chr1_151786628_C_T_b38	1	5.17863e-02	2.082e-01	5.808e-02 4.331644058227538	1.0
chr1_151791291_C_T_b38	1	3.32562e-02	-1.762e-01	6.331e-02 -4.097853183746338	1.0
chr1_151797662_T_C_b38	1	1.84952e-02	1.911e-01	5.479e-02 4.819386959075928	1.0
chr1_151782808_C_G_b38	1	1.84447e-02	-1.971e-01	5.719e-02 -4.226836204528809	1.0
chr1_151786747_T_A_b38	1	1.72566e-02	1.890e-01	5.711e-02 4.318631172180177	1.0
chr1_151781146_T_G_b38	1	1.20049e-02	-1.984e-01	5.881e-02 -4.239518165588379	1.0
chr1_151769857_G_A_b38	1	1.03673e-02	-2.043e-01	5.837e-02 -3.807286500930786	1.0
chr1_151771692_T_C_b38	1	1.03673e-02	-2.043e-01	5.837e-02 -4.1074795722961435	1.0
chr1_151773726_T_A_b38	1	1.03673e-02	-2.043e-01	5.837e-02 -4.181180000305177	1.0
chr1_151773603_A_T_b38	1	1.03673e-02	-2.043e-01	5.837e-02 -4.156613349914552	1.0
chr1_151773069_GTCTC_G_b38	1	1.03673e-02	-2.043e-01	5.837e-02 -4.2330070548226235	1.0
chr1_151793339_C_G_b38	1	9.10186e-03	1.696e-01	5.348e-02 4.820777416229248	1.0
chr1_151797274_T_C_b38	1	9.06765e-03	-1.904e-01	5.755e-02 -4.390673637390137	1.0
chr1_151794375_T_A_b38	1	7.96738e-03	1.672e-01	5.350e-02 4.826433181762695	1.0
chr1_151764873_T_A_b38	1	7.13194e-03	1.982e-01	5.346e-02 4.782649040222168	1.0
chr1_151770799_T_G_b38	1	5.85421e-03	-1.933e-01	5.755e-02 -4.0199923515319815	1.0
chr1_151794014_C_T_b38	1	5.79864e-03	1.623e-01	5.374e-02 4.516062736511231	1.0
chr1_151788316_A_G_b38	1	5.64553e-03	1.581e-01	5.701e-02 4.2572035789489755	1.0
chr1_151791339_C_T_b38	1	3.89327e-03	1.491e-01	6.505e-02 4.844391822814941	1.0
chr1_151794112_A_G_b38	1	3.58386e-03	1.626e-01	5.740e-02 4.183543682098389	1.0
chr1_151831288_G_C_b38	2	4.70653e-03	-1.992e-01	6.663e-02 3.3958733081817627	1.0
chr1_151830163_C_T_b38	2	3.38709e-03	1.963e-01	6.794e-02 -3.9190464019775386	1.0
chr1_151813896_C_T_b38	2	1.83830e-03	1.842e-01	8.964e-02 -3.000428438186645	1.0
chr1_151784552_G_GGA_b38	2	1.76030e-03	1.467e-01	1.247e-01 -3.846740548094601	1.0
chr1_151784554_T_TCA_b38	2	1.76030e-03	1.467e-01	1.247e-01 -3.846740548094601	1.0
chr1_151784556_C_CA_b38	2	1.76030e-03	1.467e-01	1.247e-01 -3.846740548094601	1.0
chr1_151811260_G_A_b38	2	1.61654e-03	1.828e-01	9.391e-02 -3.095351219177246	1.0
chr1_151812753_T_C_b38	2	1.61654e-03	1.828e-01	9.391e-02 -3.182816505432129	1.0
chr1_151829475_G_A_b38	2	1.52466e-03	1.774e-01	7.012e-02 -3.804832935333252	1.0
chr1_151832431_T_C_b38	2	9.00187e-04	1.581e-01	6.882e-02 -3.746666669845581	1.0
chr1_151825051_TC_T_b38	2	4.79546e-04	1.448e-01	7.528e-02 -3.65693916400504	1.0
chr1_151825217_C_T_b38	2	4.60447e-04	1.421e-01	7.483e-02 -3.808168172836304	1.0
chr1_151831188_C_T_b38	2	4.31672e-04	1.386e-01	7.460e-02 -3.713639259338379	1.0
chr1_151836388_C_G_b38	2	4.30437e-04	-1.066e-01	5.488e-02 2.1830205917358403	1.0
chr1_151827314_T_A_b38	2	3.69852e-04	1.310e-01	7.488e-02 -3.957936763763428	1.0
chr1_151833343_C_T_b38	2	3.69613e-04	1.309e-01	7.484e-02 -3.719269275665283	1.0
chr1_151834775_T_G_b38	2	3.28015e-04	1.002e-01	5.691e-02 -2.2103612422943115	1.0
chr1_151821095_C_G_b38	2	2.63830e-04	1.191e-01	7.648e-02 -3.6434576511383057	1.0
chr1_151832573_A_G_b38	2	2.45678e-04	1.132e-01	7.471e-02 -3.6608295440673833	1.0
chr1_151835038_A_G_b38	2	1.93835e-04	-8.745e-02	5.718e-02 2.697453737258911	1.0
chr1_151835739_C_CA_b38	2	7.77093e-05	-5.977e-02	5.689e-02 2.0207496190431806	1.0
chr1_151817135_C_T_b38	2	6.76763e-05	-5.994e-03	8.254e-02 3.7239572590562138	1.0
chr1_151820698_G_T_b38	2	5.37013e-05	2.456e-02	5.972e-02 -2.767580986022949	1.0
chr1_151791601_G_T_b38	3	9.85861e-04	1.097e-01	1.299e-01 0.0383366122841835	1.0
chr1_151777338_C_T_b38	3	4.51657e-05	2.415e-02	7.308e-02 0.5548850297927856	1.0
chr1_151854579_T_A_b38	3	1.80072e-05	1.782e-01	1.212e-01 -0.31706589460372925	1.0
