chr16_83012185_A_G_b38	1	9.99805e-01	-5.103e-01	3.333e-02 -4.742592811584473	1.0
chr16_83393677_T_C_b38	2	2.20458e-01	2.301e-01	2.820e-02 1.0815534591674805	1.0
chr16_83392932_G_A_b38	2	1.16510e-01	2.282e-01	2.826e-02 1.099677314685535	1.0
chr16_83392949_AG_A_b38	2	1.16510e-01	2.282e-01	2.826e-02 1.099677314685535	1.0
chr16_83392592_C_T_b38	2	9.45554e-02	2.280e-01	2.830e-02 1.0264010429382324	1.0
chr16_83389770_G_C_b38	2	9.33219e-02	-2.280e-01	2.837e-02 -1.1786619424819946	1.0
chr16_83389666_C_G_b38	2	9.33219e-02	-2.280e-01	2.837e-02 -1.219868540763855	1.0
chr16_83388698_T_G_b38	2	7.33397e-02	-2.268e-01	2.824e-02 -1.11638605594635	1.0
chr16_83389246_T_C_b38	2	6.33443e-02	-2.270e-01	2.844e-02 -1.0312442779541016	1.0
chr16_83392312_C_A_b38	2	6.27492e-02	2.276e-01	2.845e-02 1.2036916017532349	1.0
chr16_83392120_C_G_b38	2	5.78499e-02	2.215e-01	2.769e-02 0.5106660723686218	1.0
chr16_83391265_A_G_b38	2	7.84431e-03	-2.186e-01	2.830e-02 -0.9088155627250672	1.0
chr16_82628560_C_A_b38	3	3.09399e-01	2.557e-01	6.623e-02 0.26703864336013794	1.0
chr16_82629902_C_T_b38	3	1.94334e-01	2.557e-01	6.626e-02 0.2988075315952301	1.0
chr16_82633892_G_A_b38	3	1.15360e-01	2.610e-01	6.681e-02 0.2984100878238678	1.0
chr16_82633712_A_G_b38	3	1.15360e-01	2.610e-01	6.681e-02 0.3015994727611542	1.0
chr16_82637031_A_G_b38	3	5.48591e-02	2.131e-01	5.453e-02 0.2752213180065155	1.0
chr16_82665611_G_A_b38	4	2.20051e-01	2.912e-01	6.651e-02 0.14283284544944766	1.0
chr16_82698981_G_A_b38	4	2.43913e-02	2.845e-01	6.879e-02 1.0101128816604614	1.0
chr16_82743312_A_T_b38	4	3.43154e-03	2.456e-01	5.694e-02 0.7779949307441711	1.0
chr16_82749539_A_G_b38	4	3.41496e-03	2.447e-01	5.674e-02 0.6985915899276733	1.0
chr16_82749598_C_G_b38	4	3.41496e-03	2.447e-01	5.674e-02 0.7025336623191833	1.0
chr16_82637664_C_A_b38	5	1.67259e-03	2.154e-01	7.885e-02 0.4003075659275055	1.0
