chr1_37949835_A_G_b38	1	2.10489e-01	-1.485e-01	2.052e-02 4.394554615020752	1.0
chr1_37996149_C_T_b38	1	1.63804e-01	-1.457e-01	2.113e-02 4.428478717803955	1.0
chr1_37944649_G_A_b38	1	1.14213e-01	-1.453e-01	2.035e-02 4.677778244018555	1.0
chr1_37979982_T_A_b38	1	1.12480e-01	1.439e-01	2.063e-02 -4.188342094421387	1.0
chr1_37942492_G_A_b38	1	9.03234e-02	-1.483e-01	2.087e-02 4.593918323516847	1.0
chr1_37997832_C_T_b38	1	4.04534e-02	1.402e-01	2.104e-02 -4.258286476135254	1.0
chr1_37932916_T_C_b38	1	3.65279e-02	-1.478e-01	2.124e-02 4.762721061706543	1.0
chr1_37931669_G_A_b38	1	3.65279e-02	-1.478e-01	2.124e-02 4.766988277435303	1.0
chr1_37931697_C_T_b38	1	3.65279e-02	-1.478e-01	2.124e-02 4.765913486480713	1.0
chr1_37934886_C_T_b38	1	2.87491e-02	-1.479e-01	2.134e-02 4.753424167633057	1.0
chr1_37939686_A_G_b38	1	1.53432e-02	-1.458e-01	2.136e-02 4.6715054512023935	1.0
chr1_37941474_A_G_b38	1	1.33215e-02	-1.450e-01	2.132e-02 4.7081298828125	1.0
chr1_37941342_C_T_b38	1	1.33215e-02	-1.450e-01	2.132e-02 4.705697059631348	1.0
chr1_37942291_G_A_b38	1	1.33215e-02	-1.450e-01	2.132e-02 4.565628528594972	1.0
chr1_37939585_T_C_b38	1	1.33215e-02	-1.450e-01	2.132e-02 4.442305564880371	1.0
chr1_37936787_G_A_b38	1	1.33215e-02	-1.450e-01	2.132e-02 4.731378555297852	1.0
chr1_37943174_A_G_b38	1	1.10765e-02	-1.449e-01	2.140e-02 4.6820645332336435	1.0
chr1_37943196_C_G_b38	1	1.10765e-02	-1.449e-01	2.140e-02 4.6784868240356445	1.0
chr1_37986909_A_G_b38	1	6.82633e-03	1.305e-01	2.054e-02 -4.260467052459717	1.0
chr1_37968634_G_A_b38	1	6.59901e-03	1.348e-01	2.069e-02 -4.336150169372559	1.0
chr1_37990219_G_C_b38	1	5.61715e-03	-1.317e-01	2.082e-02 4.454982757568359	1.0
chr1_37979077_T_C_b38	1	3.93755e-03	1.320e-01	2.055e-02 -4.321460247039795	1.0
chr1_37990434_G_A_b38	1	2.36725e-03	1.295e-01	2.098e-02 -4.3887577056884775	1.0
chr1_38009870_G_C_b38	2	2.64140e-01	-7.350e-02	2.359e-02 0.0025323238223791122	1.0
chr1_38010195_TATC_T_b38	2	1.98047e-02	-5.312e-02	2.206e-02 -0.5571004561863518	1.0
chr1_38006428_A_G_b38	2	4.17050e-03	5.959e-02	2.766e-02 0.6931011080741882	1.0
chr1_38007266_G_A_b38	2	3.06070e-03	-4.879e-02	2.470e-02 -0.3205775022506714	1.0
chr1_38008415_G_C_b38	3	2.02691e-02	-7.740e-02	2.839e-02 -1.3149696588516235	1.0
chr1_38008470_C_T_b38	3	1.85437e-02	-6.678e-02	2.434e-02 -1.3646277189254759	1.0
chr1_38007791_C_T_b38	3	7.88257e-03	-7.059e-02	2.732e-02 -1.1253619194030762	1.0
chr1_38009097_G_A_b38	4	1.45755e-03	7.904e-02	4.991e-02 0.6946710348129272	1.0
chr1_38008356_C_T_b38	4	5.05185e-04	-8.387e-02	5.941e-02 -0.61520916223526	1.0
chr1_38002404_A_G_b38	4	2.43091e-04	1.232e-01	5.272e-02 0.6691575050354004	1.0
chr1_38014036_C_T_b38	4	1.36303e-04	-8.732e-02	4.549e-02 -0.15598683059215546	1.0
chr1_38017427_C_A_b38	4	5.60361e-05	-8.598e-02	4.571e-02 -0.15758757293224335	1.0
chr1_38053013_T_C_b38	4	2.64019e-05	-1.034e-01	4.008e-02 0.028851533308625218	1.0
chr1_38057373_G_T_b38	4	2.64019e-05	-1.034e-01	4.008e-02 0.08598266541957855	1.0
chr1_38051797_C_T_b38	4	2.50356e-05	-1.032e-01	4.040e-02 0.069422647356987	1.0
chr1_38020382_G_A_b38	4	1.96151e-05	-9.431e-02	4.524e-02 -0.15977248549461365	1.0
chr1_38032898_A_G_b38	4	1.93081e-05	-9.297e-02	4.482e-02 -0.0807478278875351	1.0
