chr1_151791573_A_G_b38	1	1.81954e-01	1.689e-01	3.975e-02 4.8337273597717285	1.0
chr1_151791291_C_T_b38	1	1.06383e-01	-1.805e-01	4.394e-02 -4.097853183746338	1.0
chr1_151790770_G_A_b38	1	8.18658e-02	1.670e-01	3.933e-02 4.820777416229248	1.0
chr1_151786747_T_A_b38	1	4.34488e-02	1.790e-01	4.047e-02 4.318631172180177	1.0
chr1_151786628_C_T_b38	1	4.34488e-02	1.790e-01	4.047e-02 4.331644058227538	1.0
chr1_151793339_C_G_b38	1	3.07967e-02	1.670e-01	3.933e-02 4.820777416229248	1.0
chr1_151787655_T_C_b38	1	2.97610e-02	1.758e-01	4.072e-02 4.301037788391113	1.0
chr1_151788316_A_G_b38	1	2.97610e-02	1.758e-01	4.072e-02 4.2572035789489755	1.0
chr1_151789832_C_G_b38	1	2.80586e-02	1.676e-01	4.000e-02 4.8858184814453125	1.0
chr1_151794112_A_G_b38	1	2.66447e-02	1.758e-01	4.072e-02 4.183543682098389	1.0
chr1_151795572_A_G_b38	1	2.12012e-02	1.689e-01	3.975e-02 4.829319953918457	1.0
chr1_151794375_T_A_b38	1	2.11248e-02	1.670e-01	3.933e-02 4.826433181762695	1.0
chr1_151794014_C_T_b38	1	2.11248e-02	1.670e-01	3.933e-02 4.516062736511231	1.0
chr1_151770799_T_G_b38	1	2.05140e-02	-1.924e-01	4.191e-02 -4.0199923515319815	1.0
chr1_151781146_T_G_b38	1	2.05140e-02	-1.924e-01	4.191e-02 -4.239518165588379	1.0
chr1_151773603_A_T_b38	1	2.05140e-02	-1.924e-01	4.191e-02 -4.156613349914552	1.0
chr1_151773726_T_A_b38	1	2.05140e-02	-1.924e-01	4.191e-02 -4.181180000305177	1.0
chr1_151769857_G_A_b38	1	2.05140e-02	-1.924e-01	4.191e-02 -3.807286500930786	1.0
chr1_151773069_GTCTC_G_b38	1	2.05140e-02	-1.924e-01	4.191e-02 -4.2330070548226235	1.0
chr1_151771692_T_C_b38	1	2.05140e-02	-1.924e-01	4.191e-02 -4.1074795722961435	1.0
chr1_151784556_C_CA_b38	1	1.88946e-02	-1.979e-01	4.514e-02 -3.846740548094601	1.0
chr1_151784552_G_GGA_b38	1	1.88946e-02	-1.979e-01	4.514e-02 -3.846740548094601	1.0
chr1_151784554_T_TCA_b38	1	1.88946e-02	-1.979e-01	4.514e-02 -3.846740548094601	1.0
chr1_151797274_T_C_b38	1	1.86977e-02	-1.758e-01	4.072e-02 -4.390673637390137	1.0
chr1_151785322_C_T_b38	1	1.60394e-02	1.758e-01	4.072e-02 4.2202792167663565	1.0
chr1_151797662_T_C_b38	1	1.48777e-02	1.689e-01	3.975e-02 4.819386959075928	1.0
chr1_151765927_G_A_b38	1	1.34494e-02	-2.006e-01	4.260e-02 -3.833953380584717	1.0
chr1_151782808_C_G_b38	1	1.21297e-02	-1.743e-01	4.111e-02 -4.226836204528809	1.0
chr1_151797330_G_A_b38	1	8.69854e-03	-1.805e-01	4.394e-02 -4.183543682098389	1.0
chr1_151797411_A_C_b38	1	8.69854e-03	-1.805e-01	4.394e-02 -4.073057174682616	1.0
chr1_151780632_C_T_b38	1	3.61287e-03	-1.805e-01	4.394e-02 -3.9968166351318364	1.0
chr1_151764873_T_A_b38	1	3.51787e-03	1.758e-01	4.057e-02 4.782649040222168	1.0
chr1_151813896_C_T_b38	1	2.60912e-03	-1.927e-01	4.844e-02 -3.000428438186645	1.0
chr1_151791601_G_T_b38	2	1.53500e-02	5.945e-02	9.140e-02 0.0383366122841835	1.0
