chr2_85561052_T_A_b38	1	4.72919e-01	3.873e-01	4.901e-02 6.269589900970459	1.0
chr2_85556005_T_G_b38	1	6.83721e-02	3.897e-01	4.844e-02 6.201296329498291	1.0
chr2_85546531_C_CTG_b38	1	4.66153e-02	3.925e-01	4.819e-02 6.064137906124678	1.0
chr2_85536883_C_T_b38	1	4.66153e-02	3.925e-01	4.819e-02 6.10161828994751	1.0
chr2_85536918_G_A_b38	1	4.66153e-02	3.925e-01	4.819e-02 6.098602294921875	1.0
chr2_85585623_T_C_b38	1	4.18022e-02	3.940e-01	4.878e-02 5.962768077850343	1.0
chr2_85545425_C_T_b38	1	2.76514e-02	3.898e-01	4.836e-02 6.214769840240479	1.0
chr2_85549367_C_CTTTA_b38	1	2.76514e-02	3.898e-01	4.836e-02 6.115100377140568	1.0
chr2_85547553_G_A_b38	1	2.76514e-02	3.898e-01	4.836e-02 6.2078919410705575	1.0
chr2_85542588_C_G_b38	1	2.76514e-02	3.898e-01	4.836e-02 6.186281204223633	1.0
chr2_85582866_C_T_b38	1	2.18697e-02	3.891e-01	4.884e-02 6.180992126464844	1.0
chr2_85533272_C_T_b38	1	2.14075e-02	3.926e-01	4.812e-02 6.01489782333374	1.0
chr2_85536151_A_G_b38	1	2.14075e-02	3.926e-01	4.812e-02 5.861031532287598	1.0
chr2_85534925_A_T_b38	1	1.64970e-02	3.874e-01	4.774e-02 6.219418525695801	1.0
chr2_85540612_C_T_b38	1	1.51488e-02	3.738e-01	4.708e-02 5.934913635253906	1.0
chr2_85568978_G_C_b38	1	1.32306e-02	3.802e-01	4.886e-02 6.064943790435791	1.0
chr2_85561147_C_A_b38	1	1.27468e-02	3.587e-01	4.965e-02 5.747635841369629	1.0
chr2_85534294_A_C_b38	1	5.22755e-03	3.779e-01	4.781e-02 6.234923362731934	1.0
chr2_85536397_C_T_b38	1	5.22755e-03	3.779e-01	4.781e-02 6.235270023345947	1.0
chr2_85535638_A_G_b38	1	5.22755e-03	3.779e-01	4.781e-02 6.212344169616699	1.0
chr2_85534531_A_G_b38	1	5.22755e-03	3.779e-01	4.781e-02 6.175630569458008	1.0
chr2_85561615_C_A_b38	2	6.57577e-03	-3.873e-02	7.442e-02 4.356762886047363	1.0
chr2_85560000_C_T_b38	2	1.36903e-03	5.619e-02	6.726e-02 5.246518611907959	1.0
chr2_85563042_C_T_b38	2	1.03154e-03	-3.768e-02	7.391e-02 4.210328102111816	1.0
chr2_85565281_A_T_b38	2	7.41193e-04	4.880e-02	6.860e-02 5.229466438293457	1.0
chr2_85565285_A_T_b38	2	6.48129e-04	3.595e-02	6.875e-02 5.284570693969727	1.0
chr2_85554900_G_A_b38	2	4.98537e-04	5.624e-02	6.736e-02 5.2429842948913565	1.0
chr2_85553008_G_A_b38	2	4.98537e-04	5.624e-02	6.736e-02 5.27466344833374	1.0
chr2_85553413_C_T_b38	2	3.35186e-04	3.019e-02	7.805e-02 5.418801307678223	1.0
chr2_85556027_GA_G_b38	2	2.69370e-04	-3.667e-02	7.411e-02 4.128312094657792	1.0
chr2_85569284_C_T_b38	2	2.51300e-04	-3.667e-02	7.411e-02 4.205070972442627	1.0
chr2_85582547_C_T_b38	2	1.88007e-04	5.611e-02	6.769e-02 5.280261039733887	1.0
chr2_85579143_C_T_b38	2	1.88007e-04	5.611e-02	6.769e-02 5.255030632019043	1.0
chr2_85578531_G_A_b38	2	1.88007e-04	5.611e-02	6.769e-02 5.284570693969727	1.0
chr2_85574779_C_T_b38	2	1.88007e-04	5.611e-02	6.769e-02 4.9189720153808585	1.0
chr2_85576774_T_C_b38	2	1.88007e-04	5.611e-02	6.769e-02 5.149630546569824	1.0
chr2_85582580_T_G_b38	2	1.88007e-04	5.611e-02	6.769e-02 5.29197883605957	1.0
chr2_85538318_T_G_b38	2	1.40559e-04	5.611e-02	6.769e-02 5.215826034545898	1.0
chr2_85550147_G_A_b38	2	1.40559e-04	5.611e-02	6.769e-02 5.271925449371338	1.0
chr2_85546536_A_G_b38	2	1.40559e-04	5.611e-02	6.769e-02 4.974267661974246	1.0
chr2_85537843_A_T_b38	2	1.40559e-04	5.611e-02	6.769e-02 5.0066607214949	1.0
chr2_85539422_C_T_b38	2	1.40559e-04	5.611e-02	6.769e-02 5.224104404449463	1.0
chr2_85542852_A_G_b38	2	1.40559e-04	5.611e-02	6.769e-02 5.276047229766847	1.0
chr2_85537845_T_G_b38	2	1.40559e-04	5.611e-02	6.769e-02 5.0066607214949	1.0
chr2_85547705_CAG_C_b38	2	1.28062e-04	4.916e-02	6.780e-02 4.974267661974246	1.0
chr2_85538082_C_A_b38	2	9.53800e-05	-3.608e-02	7.413e-02 4.311705589294434	1.0
chr2_85533868_C_G_b38	2	6.48507e-05	5.611e-02	6.769e-02 5.240664005279541	1.0
chr2_85528016_C_T_b38	2	6.48507e-05	5.611e-02	6.769e-02 5.290473461151123	1.0
chr2_85526683_C_A_b38	2	5.40000e-05	4.000e-02	6.969e-02 5.385857582092285	1.0
chr2_85526430_G_A_b38	2	5.40000e-05	4.000e-02	6.969e-02 5.151073455810547	1.0
chr2_85526724_C_T_b38	2	5.40000e-05	4.000e-02	6.969e-02 5.387864112854004	1.0
chr2_85525351_A_C_b38	2	5.40000e-05	4.000e-02	6.969e-02 5.445018291473389	1.0
chr2_85531229_C_T_b38	2	5.40000e-05	4.000e-02	6.969e-02 5.41525936126709	1.0
chr2_85529943_TG_T_b38	2	5.40000e-05	4.000e-02	6.969e-02 5.205870779299731	1.0
chr2_85535086_T_C_b38	2	5.40000e-05	4.000e-02	6.969e-02 5.463818550109863	1.0
chr2_85515493_A_C_b38	2	4.54028e-05	-4.362e-02	7.402e-02 4.324324607849121	1.0
chr2_85511755_G_T_b38	2	4.46340e-05	-4.466e-02	7.086e-02 4.124215602874757	1.0
chr2_85520842_C_T_b38	2	4.40061e-05	-3.608e-02	7.413e-02 4.353468894958496	1.0
chr2_85511821_C_T_b38	2	4.25693e-05	-3.448e-02	7.109e-02 4.321460247039795	1.0
chr2_85596916_G_A_b38	2	4.21819e-05	-3.430e-02	7.669e-02 3.773768424987793	1.0
chr2_85593178_A_T_b38	2	4.19715e-05	-3.097e-02	7.717e-02 3.3957934379577637	1.0
