chr10_89225310_CGCCCTCTCGCGGA_C_b38	1	3.39658e-01	2.815e-01	3.344e-02 0.0	1.0
chr10_89224275_G_A_b38	1	3.30066e-01	2.819e-01	3.351e-02 1.39971661567688	1.0
chr10_89224866_A_G_b38	1	3.30066e-01	2.819e-01	3.351e-02 1.4749011993408203	1.0
chr10_89247603_T_G_b38	2	4.66731e-01	1.998e-01	2.862e-02 6.811777591705322	1.0
chr10_89246195_G_A_b38	2	1.63733e-01	1.974e-01	2.902e-02 6.660444736480713	1.0
chr10_89249116_C_T_b38	2	1.63733e-01	1.974e-01	2.902e-02 6.587930202484131	1.0
chr10_89250722_A_C_b38	2	1.14156e-01	1.909e-01	2.829e-02 6.69613790512085	1.0
chr10_89251924_C_T_b38	2	6.06587e-02	1.944e-01	2.930e-02 6.798110485076903	1.0
chr10_89252465_GTGA_G_b38	2	3.07571e-02	1.918e-01	2.945e-02 0.0	1.0
chr10_89414418_G_C_b38	3	3.33204e-02	-1.007e-01	5.578e-02 -0.16626094281673431	1.0
chr10_89414391_T_C_b38	3	3.33204e-02	-1.007e-01	5.578e-02 -0.205066591501236	1.0
chr10_89413692_T_C_b38	3	1.30508e-02	-1.006e-01	5.575e-02 -0.17977552115917206	1.0
chr10_89415513_G_T_b38	3	1.27578e-02	-1.005e-01	5.575e-02 -0.1957131326198578	1.0
chr10_89412927_A_C_b38	3	6.12583e-03	-1.005e-01	5.573e-02 -0.1765904426574707	1.0
chr10_89432001_T_C_b38	3	4.46105e-03	-1.486e-01	5.948e-02 -0.09197953343391417	1.0
chr10_89431523_A_G_b38	3	3.19891e-03	-1.409e-01	6.000e-02 -0.2556097209453583	1.0
chr10_89421294_C_G_b38	3	2.06570e-03	-1.004e-01	5.570e-02 0.14564555883407593	1.0
chr10_89422340_C_G_b38	3	1.94552e-03	-9.794e-02	5.522e-02 0.06751251220703125	1.0
chr10_89408763_C_A_b38	3	1.82778e-03	-1.004e-01	5.570e-02 -0.1278211623430252	1.0
chr10_89406049_C_T_b38	3	1.82778e-03	-1.004e-01	5.570e-02 -0.13658706843852994	1.0
chr10_89407360_T_C_b38	3	1.82778e-03	-1.004e-01	5.570e-02 -0.1245059370994568	1.0
chr10_89406798_C_T_b38	3	1.82778e-03	-1.004e-01	5.570e-02 -0.12053481489419934	1.0
chr10_89415030_G_C_b38	4	1.06973e-03	3.782e-02	2.357e-02 1.3626961708068848	1.0
chr10_89415541_T_C_b38	4	2.79943e-04	3.912e-02	2.340e-02 1.2595160007476809	1.0
chr10_89415405_G_A_b38	4	2.18307e-04	3.781e-02	2.352e-02 1.0371043682098389	1.0
chr10_89412906_C_G_b38	4	7.59467e-05	3.836e-02	2.357e-02 1.309030294418335	1.0
chr10_89412579_G_A_b38	4	7.36725e-05	3.782e-02	2.351e-02 1.3057337999343872	1.0
chr10_89416481_T_C_b38	4	7.32524e-05	3.745e-02	2.341e-02 1.5145310163497925	1.0
chr10_89411922_T_C_b38	4	6.66362e-05	4.406e-02	2.307e-02 1.3184734582901	1.0
chr10_89411673_C_T_b38	4	2.25808e-05	4.254e-02	2.314e-02 1.336689829826355	1.0
chr10_89419377_AAAAC_A_b38	4	2.07623e-05	4.075e-02	2.294e-02 1.3602148822665738	1.0
