chr15_90885812_G_A_b38	1	3.75024e-01	1.593e-01	3.062e-02 -4.978738784790039	1.0
chr15_90885060_C_T_b38	1	1.41604e-01	1.537e-01	3.063e-02 -5.219920635223389	1.0
chr15_90885359_T_G_b38	1	1.28972e-01	1.539e-01	3.081e-02 -5.271925449371338	1.0
chr15_90885406_G_A_b38	1	1.28972e-01	1.539e-01	3.081e-02 -5.28602933883667	1.0
chr15_90884967_T_C_b38	1	7.74862e-02	1.461e-01	2.985e-02 -5.349905967712402	1.0
chr15_90880313_G_T_b38	1	4.07642e-02	-1.449e-01	2.982e-02 5.234982967376709	1.0
chr15_90879313_T_C_b38	1	3.36706e-02	-1.428e-01	2.938e-02 5.258798122406006	1.0
chr15_90876202_T_TC_b38	1	2.20263e-02	-1.444e-01	2.966e-02 4.76464566760428	1.0
chr15_90869618_G_GC_b38	1	8.32007e-03	-1.427e-01	2.815e-02 5.1073434445367685	1.0
chr15_90869620_A_AAAGGCAG_b38	1	8.32007e-03	-1.427e-01	2.815e-02 5.1073434445367685	1.0
chr15_90873320_C_A_b38	1	7.24931e-03	-1.419e-01	2.911e-02 5.1172637939453125	1.0
chr15_90883586_G_A_b38	2	1.73579e-01	1.884e-01	6.645e-02 -0.03635399043560028	1.0
chr15_90880595_G_T_b38	2	2.16537e-02	1.887e-01	6.641e-02 0.01949453167617321	1.0
chr15_90886007_T_C_b38	2	1.49064e-02	-1.669e-01	6.592e-02 -0.4594345986843109	1.0
chr15_90887206_T_C_b38	2	9.72445e-03	-1.669e-01	6.592e-02 -0.480013906955719	1.0
chr15_90886289_T_C_b38	2	9.72445e-03	-1.669e-01	6.592e-02 -0.4644216299057007	1.0
chr15_90890721_CG_C_b38	2	6.92664e-03	-1.746e-01	6.542e-02 -0.16823977297263154	1.0
chr15_90886749_A_G_b38	2	6.25571e-03	-1.495e-01	6.372e-02 -0.7922492027282715	1.0
chr15_90875007_T_G_b38	2	5.88817e-03	1.668e-01	6.478e-02 0.3314617872238159	1.0
chr15_90875493_A_G_b38	2	2.40948e-03	1.471e-01	6.359e-02 0.2782205045223236	1.0
chr15_90884251_G_A_b38	3	1.19732e-02	-1.661e-01	6.812e-02 1.9889276027679443	1.0
chr15_90889477_G_T_b38	3	1.86686e-03	-1.599e-01	6.998e-02 2.1177210807800293	1.0
