chr1_222668272_G_A_b38	1	3.72682e-01	-5.705e-01	4.017e-02 6.943849662451662	1.0
chr1_222663654_A_G_b38	1	1.55319e-01	-5.644e-01	4.035e-02 6.848362445831299	1.0
chr1_222661161_A_T_b38	1	1.34086e-01	-5.592e-01	4.080e-02 7.0149688720703125	1.0
chr1_222664597_G_A_b38	1	1.00005e-01	-5.645e-01	4.033e-02 6.794087886810303	1.0
chr1_222652375_T_C_b38	1	5.46088e-02	-5.645e-01	4.031e-02 6.957648277282715	1.0
chr1_222661461_T_C_b38	1	4.58442e-02	-5.603e-01	4.142e-02 6.92894172668457	1.0
chr1_222658953_T_C_b38	1	3.08638e-02	-5.607e-01	4.049e-02 7.065533638000487	1.0
chr1_222650187_A_C_b38	1	2.69744e-02	-5.646e-01	4.027e-02 6.9552249908447275	1.0
chr1_222649657_A_G_b38	1	2.69744e-02	-5.646e-01	4.027e-02 6.943685531616211	1.0
chr1_222651746_C_G_b38	1	1.68153e-02	-5.608e-01	4.048e-02 7.048389911651611	1.0
chr1_222655362_C_T_b38	1	1.68153e-02	-5.608e-01	4.048e-02 7.101959705352782	1.0
chr1_222647448_T_G_b38	1	8.30970e-03	-5.609e-01	4.032e-02 7.041632652282715	1.0
chr1_222661880_A_C_b38	2	8.40761e-03	4.864e-02	6.460e-02 -4.168210983276366	1.0
chr1_222660729_A_G_b38	2	5.40330e-03	7.990e-02	6.578e-02 -3.805356740951538	1.0
chr1_222666496_A_G_b38	2	2.90914e-03	-1.042e-01	6.515e-02 3.495203733444214	1.0
chr1_222657020_G_A_b38	2	8.77025e-04	4.872e-02	6.459e-02 -4.14086389541626	1.0
chr1_222664266_G_A_b38	2	8.75166e-04	4.872e-02	6.459e-02 -4.126079559326172	1.0
chr1_222653505_A_T_b38	2	7.09449e-04	-7.264e-02	6.240e-02 3.5100040435791016	1.0
chr1_222657890_A_G_b38	2	7.06433e-04	2.566e-02	6.866e-02 -4.209444046020509	1.0
chr1_222666811_T_G_b38	2	5.09783e-04	5.302e-02	6.849e-02 -4.259374141693115	1.0
chr1_222681788_A_G_b38	2	3.87983e-04	8.363e-02	6.479e-02 -3.7490580081939697	1.0
chr1_222671358_A_C_b38	2	3.41917e-04	2.197e-02	6.844e-02 -4.23163366317749	1.0
chr1_222639978_GA_G_b38	2	2.68807e-04	6.734e-02	6.532e-02 -3.824114671412295	1.0
chr1_222637422_T_G_b38	2	2.68807e-04	6.734e-02	6.532e-02 -3.950463533401489	1.0
chr1_222642905_ATCT_A_b38	2	2.68807e-04	6.734e-02	6.532e-02 -3.824114671412295	1.0
chr1_222677912_T_C_b38	2	1.99989e-04	5.856e-02	6.381e-02 -4.0961928367614755	1.0
chr1_222685056_T_C_b38	2	1.99989e-04	5.856e-02	6.381e-02 -4.114511489868163	1.0
chr1_222681854_C_A_b38	2	1.99989e-04	5.856e-02	6.381e-02 -4.112144947052002	1.0
chr1_222684075_G_A_b38	2	1.99989e-04	5.856e-02	6.381e-02 -4.108057975769043	1.0
chr1_222636869_C_T_b38	2	1.69015e-04	3.609e-02	7.561e-02 -4.1659932136535645	1.0
chr1_222644130_G_T_b38	2	1.54591e-04	3.791e-02	6.422e-02 -4.227787971496582	1.0
chr1_222637883_T_C_b38	2	1.54591e-04	3.791e-02	6.422e-02 -4.218438625335693	1.0
chr1_222648367_T_G_b38	2	1.45976e-04	2.557e-02	6.852e-02 -4.3634963035583505	1.0
chr1_222614318_T_C_b38	2	5.61378e-05	7.193e-02	6.040e-02 -3.232295513153076	1.0
chr1_222633789_G_A_b38	2	5.15819e-05	6.651e-02	6.468e-02 -3.907386064529419	1.0
chr1_222618647_G_T_b38	2	5.05282e-05	6.652e-02	6.089e-02 -3.576143741607666	1.0
chr1_222691802_GA_G_b38	2	4.91632e-05	6.977e-02	6.463e-02 -3.604399873819424	1.0
chr1_222620358_C_T_b38	2	4.63994e-05	6.022e-02	6.671e-02 -4.031169414520264	1.0
chr1_222617179_A_G_b38	2	4.60324e-05	6.109e-02	6.010e-02 -3.259852886199951	1.0
chr1_222621776_G_T_b38	2	4.16111e-05	5.247e-02	6.517e-02 -4.1645259857177725	1.0
chr1_222621522_G_A_b38	2	4.16111e-05	5.247e-02	6.517e-02 -4.051915645599365	1.0
chr1_222632771_C_G_b38	2	4.16111e-05	5.247e-02	6.517e-02 -4.1235976219177255	1.0
chr1_222629584_C_T_b38	2	3.76279e-05	-4.483e-02	6.109e-02 3.935858011245728	1.0
chr1_222627571_A_G_b38	2	3.71591e-05	3.394e-02	7.521e-02 -4.100084304809569	1.0
chr1_222636132_G_A_b38	2	3.42036e-05	3.709e-02	6.378e-02 -4.263777256011963	1.0
chr1_222622785_A_C_b38	2	3.42036e-05	3.709e-02	6.378e-02 -4.2508087158203125	1.0
chr1_222660196_C_G_b38	3	1.69022e-04	1.016e-01	4.739e-02 1.1374280452728271	1.0
