chr17_75890807_A_G_b38	1	3.55402e-01	5.971e-01	6.248e-02 -4.437759876251222	1.0
chr17_75896333_T_G_b38	1	3.45660e-01	5.822e-01	6.267e-02 -4.288356304168701	1.0
chr17_75904607_T_C_b38	1	7.31261e-02	5.822e-01	6.266e-02 -4.100645065307616	1.0
chr17_75910853_G_A_b38	1	5.58218e-02	5.875e-01	6.273e-02 -4.298445701599121	1.0
chr17_75888112_A_T_b38	1	4.09831e-02	5.877e-01	6.393e-02 -4.436814308166504	1.0
chr17_75907401_TG_T_b38	1	3.71099e-02	5.822e-01	6.266e-02 -3.867395897077297	1.0
chr17_75912485_A_C_b38	1	3.71099e-02	5.822e-01	6.266e-02 -4.1273298263549805	1.0
chr17_75898723_G_A_b38	1	1.96189e-02	5.928e-01	6.636e-02 -3.540413856506348	1.0
chr17_75889080_A_G_b38	1	1.31776e-02	5.713e-01	6.351e-02 -3.85868239402771	1.0
chr17_75919072_T_A_b38	1	3.67802e-03	5.687e-01	6.391e-02 -3.928717851638794	1.0
chr17_75915634_C_T_b38	1	3.67802e-03	5.687e-01	6.391e-02 -3.7027204036712646	1.0
chr17_75916441_A_G_b38	1	3.67802e-03	5.687e-01	6.391e-02 -3.863224744796753	1.0
chr17_75900276_A_G_b38	2	1.99277e-02	-9.046e-01	3.056e-01 0.0	1.0
chr17_75907708_G_A_b38	2	6.94944e-03	-9.056e-01	3.052e-01 0.0	1.0
chr17_75931877_G_C_b38	2	2.15114e-03	-9.072e-01	3.049e-01 0.0	1.0
chr17_75936242_TG_T_b38	2	2.15114e-03	-9.072e-01	3.049e-01 0.0	1.0
chr17_75896519_G_A_b38	3	3.52504e-04	-1.394e-01	1.439e-01 -0.6952821612358093	1.0
chr17_75897802_G_C_b38	3	1.85436e-04	-1.843e-01	1.189e-01 -1.1613222360610962	1.0
