chr17_48892897_T_C_b38	1	2.99311e-01	4.750e-02	1.792e-01 4.951879978179932	1.0
chr17_48900991_T_C_b38	1	2.01492e-01	8.083e-02	1.920e-02 4.809907913208008	1.0
chr17_48906458_G_A_b38	1	7.43869e-02	-7.933e-02	1.702e-02 -4.618781566619873	1.0
chr17_48905018_G_A_b38	1	7.43869e-02	-7.933e-02	1.702e-02 -4.618244647979736	1.0
chr17_48910682_G_A_b38	1	3.48981e-02	-7.745e-02	1.681e-02 -4.410777568817139	1.0
chr17_48931184_C_T_b38	1	3.24657e-02	-8.123e-02	1.677e-02 -4.404557704925537	1.0
chr17_48891815_G_A_b38	1	3.07286e-02	-6.593e-02	1.866e-02 -4.422202110290527	1.0
chr17_48925400_G_A_b38	1	2.08436e-02	-7.975e-02	1.683e-02 -4.386857509613037	1.0
chr17_48926728_G_A_b38	1	2.08436e-02	-7.975e-02	1.683e-02 -4.419564723968506	1.0
chr17_48925153_C_T_b38	1	2.08436e-02	-7.975e-02	1.683e-02 -4.406611919403076	1.0
chr17_48940707_G_A_b38	1	1.76770e-02	-7.977e-02	1.696e-02 -4.497058391571045	1.0
chr17_48930601_C_T_b38	1	1.71206e-02	-7.954e-02	1.697e-02 -4.422866344451903	1.0
chr17_48893147_G_A_b38	1	1.64599e-02	-5.709e-02	2.365e-02 -4.478413105010986	1.0
chr17_48890530_G_T_b38	1	1.48894e-02	-6.659e-02	1.712e-02 -4.3301615715026855	1.0
chr17_48958932_G_A_b38	1	9.57550e-03	-8.153e-02	1.683e-02 -4.448927879333496	1.0
chr17_48955839_C_A_b38	1	9.57550e-03	-8.153e-02	1.683e-02 -4.321460247039795	1.0
chr17_48958680_C_A_b38	1	9.57550e-03	-8.153e-02	1.683e-02 -4.564368724822998	1.0
chr17_48958234_C_T_b38	1	9.57550e-03	-8.153e-02	1.683e-02 -4.668098449707031	1.0
chr17_48898849_C_T_b38	1	7.06177e-03	-6.718e-02	1.713e-02 -4.392605781555177	1.0
chr17_48951164_C_T_b38	1	5.70795e-03	-7.989e-02	1.695e-02 -4.450928211212158	1.0
chr17_48948292_C_T_b38	1	5.70795e-03	-7.989e-02	1.695e-02 -4.432839870452881	1.0
chr17_48950401_C_T_b38	1	5.70795e-03	-7.989e-02	1.695e-02 -4.3887577056884775	1.0
chr17_48948197_T_A_b38	1	5.70795e-03	-7.989e-02	1.695e-02 -4.421539783477783	1.0
chr17_48954611_T_C_b38	1	5.70795e-03	-7.989e-02	1.695e-02 -4.400503635406494	1.0
chr17_48947467_G_T_b38	1	5.52143e-03	-7.966e-02	1.697e-02 -4.425767421722412	1.0
chr17_48887044_G_C_b38	1	5.32765e-03	-6.672e-02	1.714e-02 -4.447439193725586	1.0
chr17_48884659_G_A_b38	1	5.32765e-03	-6.672e-02	1.714e-02 -4.3063106536865225	1.0
chr17_48887396_A_G_b38	1	3.29601e-03	6.416e-02	1.718e-02 4.547837257385254	1.0
chr17_48892813_C_G_b38	2	1.05147e-01	5.262e-02	6.271e-02 0.24648463726043696	1.0
chr17_48892955_G_C_b38	2	9.85666e-02	1.070e-01	2.993e-01 0.3189218044281006	1.0
chr17_48892439_G_A_b38	2	2.86076e-02	3.741e-02	2.480e-02 0.2569861114025116	1.0
chr17_48888933_C_T_b38	2	6.37148e-03	4.253e-02	1.940e-02 0.19066444039344788	1.0
chr17_48942329_CT_C_b38	2	5.64047e-04	4.994e-02	1.994e-02 0.14294753512870412	1.0
chr17_48892721_G_GA_b38	3	2.87753e-03	-2.018e-02	9.283e-02 4.240593386236402	1.0
chr17_48892303_A_T_b38	3	2.79217e-03	-4.215e-02	6.271e-02 4.281066417694092	1.0
chr17_48900921_A_G_b38	3	1.27760e-03	1.132e+00	5.994e-01 4.2908382415771475	1.0
chr17_48892013_GCCA_G_b38	3	8.08074e-04	-6.495e-02	5.992e-02 4.095831105699141	1.0
chr17_48892007_G_A_b38	3	7.16190e-04	-5.365e-02	5.980e-02 3.6287472248077393	1.0
chr17_48907497_A_T_b38	3	4.85487e-04	1.278e+00	4.890e-01 4.288356304168701	1.0
chr17_48902956_C_T_b38	3	4.85487e-04	1.278e+00	4.890e-01 4.302344799041748	1.0
chr17_48907063_C_T_b38	3	4.85487e-04	1.278e+00	4.890e-01 4.151710033416748	1.0
chr17_48905809_G_C_b38	3	4.85487e-04	1.278e+00	4.890e-01 4.2895941734313965	1.0
chr17_48906029_G_A_b38	3	4.85487e-04	1.278e+00	4.890e-01 4.1843366622924805	1.0
chr17_48906680_T_A_b38	3	4.85487e-04	1.278e+00	4.890e-01 4.28347110748291	1.0
chr17_48904965_T_A_b38	3	4.85487e-04	1.278e+00	4.890e-01 4.276329517364502	1.0
chr17_48905387_G_C_b38	3	4.85487e-04	1.278e+00	4.890e-01 4.275160312652588	1.0
chr17_48895117_ATCTC_A_b38	3	3.14393e-04	-2.927e-02	1.058e-01 4.240593386236402	1.0
chr17_48893778_G_A_b38	3	3.14393e-04	-2.927e-02	1.058e-01 4.3272247314453125	1.0
chr17_48908231_A_C_b38	3	2.60633e-04	5.766e-01	2.121e-01 4.2946109771728525	1.0
chr17_48890646_G_C_b38	3	1.57440e-04	-3.820e-02	7.271e-02 4.275160312652588	1.0
chr17_48890426_T_C_b38	3	1.56748e-04	9.211e-03	6.784e-02 3.907386064529419	1.0
chr17_48911992_A_G_b38	3	1.47455e-04	3.485e-01	1.225e-01 4.14219331741333	1.0
chr17_48914194_A_G_b38	3	1.47455e-04	3.485e-01	1.225e-01 4.275160312652588	1.0
chr17_48913439_C_A_b38	3	1.47455e-04	3.485e-01	1.225e-01 4.342298030853272	1.0
chr17_48917608_G_A_b38	3	1.47455e-04	3.485e-01	1.225e-01 4.281066417694092	1.0
chr17_48914169_T_C_b38	3	1.47455e-04	3.485e-01	1.225e-01 4.278686046600342	1.0
chr17_48916008_G_A_b38	3	1.47455e-04	3.485e-01	1.225e-01 4.2775044441223145	1.0
chr17_48914390_G_A_b38	3	1.47455e-04	3.485e-01	1.225e-01 4.287125587463379	1.0
chr17_48917484_G_C_b38	3	1.47455e-04	3.485e-01	1.225e-01 4.28347110748291	1.0
chr17_48916305_T_G_b38	3	1.47455e-04	3.485e-01	1.225e-01 4.223067283630371	1.0
chr17_48917034_C_T_b38	3	1.47455e-04	3.485e-01	1.225e-01 4.101207256317139	1.0
chr17_48911235_C_T_b38	3	1.47455e-04	3.485e-01	1.225e-01 4.28347110748291	1.0
chr17_48911167_A_G_b38	3	1.47455e-04	3.485e-01	1.225e-01 4.276329517364502	1.0
chr17_48864057_G_T_b38	3	1.70700e-05	-5.192e-02	1.556e-02 -3.8999814987182617	1.0
chr17_48910303_G_A_b38	3	1.26186e-05	-4.198e-02	1.463e-02 -3.9942476749420166	1.0
chr17_48911792_A_G_b38	3	1.26186e-05	-4.198e-02	1.463e-02 -3.987760305404663	1.0
chr17_48908272_A_G_b38	3	1.17120e-05	4.153e-02	1.461e-02 4.143530368804932	1.0
chr17_48909254_C_T_b38	3	1.14954e-05	-4.155e-02	1.466e-02 -4.017575263977052	1.0
chr17_48904057_T_C_b38	3	1.07060e-05	-4.097e-02	1.460e-02 -4.152404308319092	1.0
