chr13_42045784_C_T_b38	1	7.85348e-01	-1.305e-01	2.212e-02 4.507486820220947	1.0
chr13_42037531_C_A_b38	1	1.97537e-01	-1.226e-01	2.226e-02 4.475872039794922	1.0
chr13_42040126_G_A_b38	2	6.74019e-02	6.499e-02	3.146e-02 -0.9298189878463744	1.0
chr13_42045033_T_A_b38	2	9.32090e-03	6.806e-02	3.160e-02 -0.8883756995201111	1.0
chr13_42061192_T_C_b38	2	9.10155e-03	-8.439e-02	3.112e-02 0.7676598429679871	1.0
chr13_42061532_C_A_b38	2	6.59642e-03	-8.060e-02	3.114e-02 0.8533285856246948	1.0
chr13_42031017_G_C_b38	2	5.41731e-03	6.921e-02	3.181e-02 -0.7412734031677246	1.0
chr13_42030158_C_A_b38	2	5.19307e-03	6.828e-02	3.165e-02 -0.9453710317611694	1.0
chr13_42031657_T_G_b38	2	5.19307e-03	6.828e-02	3.165e-02 -0.6800231337547302	1.0
chr13_42045058_G_A_b38	2	5.14639e-03	6.828e-02	3.165e-02 -0.8883756995201111	1.0
chr13_42056365_C_A_b38	2	4.93859e-03	7.756e-02	3.154e-02 -0.934743881225586	1.0
chr13_42030105_C_T_b38	2	4.50638e-03	6.462e-02	3.060e-02 -0.9700375199317932	1.0
chr13_42025731_A_G_b38	2	4.22642e-03	6.946e-02	2.886e-02 -0.07896696031093597	1.0
chr13_42020887_C_T_b38	2	3.73329e-03	6.845e-02	2.911e-02 -0.9433963894844056	1.0
chr13_42027245_C_G_b38	2	3.40698e-03	6.763e-02	2.940e-02 -0.24524401128292084	1.0
chr13_42023148_A_G_b38	2	2.97109e-03	6.409e-02	2.846e-02 -0.09708650410175323	1.0
chr13_42023594_A_G_b38	2	2.24892e-03	6.424e-02	3.097e-02 -0.8482114672660828	1.0
chr13_42022635_C_T_b38	2	2.24892e-03	6.424e-02	3.097e-02 -0.858733594417572	1.0
chr13_42027206_G_A_b38	2	2.01562e-03	6.300e-02	3.134e-02 -0.8241429924964905	1.0
chr13_42027843_A_T_b38	2	2.01562e-03	6.300e-02	3.134e-02 -0.9544219374656676	1.0
chr13_42057623_C_T_b38	2	1.58745e-03	6.185e-02	3.025e-02 -0.899806559085846	1.0
chr13_42024155_C_T_b38	2	9.92753e-04	5.190e-02	2.911e-02 -0.6962162852287292	1.0
chr13_42021068_G_A_b38	2	7.88910e-04	5.710e-02	3.755e-02 -0.6677532792091371	1.0
chr13_42016629_G_A_b38	2	5.34061e-04	3.973e-02	2.940e-02 -0.9075524806976318	1.0
chr13_42421126_G_A_b38	3	1.07949e-03	-1.072e-01	2.379e-02 1.2971276044845579	1.0
chr13_42413802_C_T_b38	3	8.74149e-04	-1.109e-01	2.466e-02 0.7641235589981079	1.0
chr13_42419655_G_A_b38	3	6.67155e-04	-1.067e-01	2.402e-02 1.2734370231628418	1.0
chr13_42420345_C_G_b38	3	5.90767e-04	-1.068e-01	2.406e-02 1.244473934173584	1.0
chr13_42379200_A_G_b38	3	5.20461e-04	-1.083e-01	2.462e-02 1.0409216880798342	1.0
chr13_42383188_G_A_b38	3	5.20461e-04	-1.083e-01	2.462e-02 0.9715338349342346	1.0
chr13_42382419_A_AC_b38	3	5.20461e-04	-1.083e-01	2.462e-02 0.8748831000917431	1.0
chr13_42378475_C_T_b38	3	5.20461e-04	-1.083e-01	2.462e-02 1.0011683702468872	1.0
chr13_42382095_G_A_b38	3	5.20461e-04	-1.083e-01	2.462e-02 0.9791997075080872	1.0
chr13_42379245_TTGACAA_T_b38	3	5.20461e-04	-1.083e-01	2.462e-02 0.8672291805297798	1.0
chr13_42382084_A_G_b38	3	5.20461e-04	-1.083e-01	2.462e-02 1.0087963342666626	1.0
chr13_42382106_T_C_b38	3	5.20461e-04	-1.083e-01	2.462e-02 0.9999560117721558	1.0
chr13_42382090_C_T_b38	3	5.20461e-04	-1.083e-01	2.462e-02 0.9800038933753968	1.0
chr13_42383596_A_G_b38	3	5.20461e-04	-1.083e-01	2.462e-02 0.9720702767372132	1.0
chr13_42378867_G_A_b38	3	5.20461e-04	-1.083e-01	2.462e-02 1.0040276050567627	1.0
chr13_42379757_A_G_b38	3	5.20461e-04	-1.083e-01	2.462e-02 1.003052830696106	1.0
chr13_42418841_A_G_b38	3	4.70395e-04	-1.056e-01	2.410e-02 1.2300876379013062	1.0
chr13_42416541_G_T_b38	3	4.53074e-04	-1.055e-01	2.414e-02 1.08050537109375	1.0
chr13_42400682_A_G_b38	3	4.16916e-04	1.064e-01	2.434e-02 -1.6111184358596802	1.0
chr13_42390429_C_T_b38	3	3.96997e-04	-1.075e-01	2.465e-02 1.0352884531021118	1.0
chr13_42391337_CTTTTTCCTCTTGAGGAACTATTTTTCA_C_b38	3	3.96997e-04	-1.075e-01	2.465e-02 1.0174024772453605	1.0
chr13_42382505_C_G_b38	3	3.90994e-04	-1.073e-01	2.462e-02 0.7813657522201538	1.0
chr13_42381231_C_A_b38	3	3.78567e-04	-1.074e-01	2.469e-02 1.0231090784072876	1.0
chr13_42377939_A_C_b38	3	3.78567e-04	-1.074e-01	2.469e-02 1.0057897567749023	1.0
chr13_42381829_G_C_b38	3	3.78567e-04	-1.074e-01	2.469e-02 1.0047751665115356	1.0
chr13_42403673_C_T_b38	3	3.48693e-04	-1.079e-01	2.488e-02 1.0390909910202026	1.0
chr13_42378363_C_T_b38	3	3.22253e-04	-1.063e-01	2.468e-02 1.0622564554214478	1.0
chr13_42397407_C_A_b38	3	3.21551e-04	-1.065e-01	2.472e-02 1.0873901844024658	1.0
chr13_42390382_C_T_b38	3	3.21551e-04	-1.065e-01	2.472e-02 1.0281301736831665	1.0
chr13_42396066_A_C_b38	3	3.21551e-04	-1.065e-01	2.472e-02 1.0479698181152344	1.0
chr13_42395510_T_C_b38	3	3.21551e-04	-1.065e-01	2.472e-02 0.9938876032829284	1.0
chr13_42384057_C_A_b38	3	3.21551e-04	-1.065e-01	2.472e-02 0.9811716675758362	1.0
chr13_42416924_G_C_b38	3	2.81906e-04	-1.050e-01	2.410e-02 1.1999826431274414	1.0
chr13_42403899_G_A_b38	3	1.88859e-04	-1.034e-01	2.432e-02 1.0239417552947998	1.0
chr13_42426347_C_T_b38	3	8.99507e-05	-1.005e-01	2.478e-02 1.7992492690462272	1.0
chr13_42385768_G_A_b38	3	8.03361e-05	-1.006e-01	2.507e-02 1.0821227004800806	1.0
chr13_42447318_C_T_b38	3	7.45291e-05	9.463e-02	2.364e-02 -2.032827138900757	1.0
chr13_42522396_C_A_b38	3	7.19856e-05	-9.571e-02	2.408e-02 1.1106022596359253	1.0
chr13_42520476_G_A_b38	3	6.49979e-05	-9.525e-02	2.415e-02 1.0399149656295776	1.0
chr13_42431114_C_T_b38	3	5.71343e-05	9.404e-02	2.393e-02 -2.012795925140381	1.0
chr13_42425043_C_T_b38	3	5.43517e-05	9.592e-02	2.450e-02 -2.233150720596313	1.0
chr13_42424935_A_G_b38	3	5.43517e-05	9.592e-02	2.450e-02 -1.7992493958852451	1.0
chr13_42445920_GA_G_b38	3	5.36889e-05	9.224e-02	2.358e-02 -1.8762497164505956	1.0
