chr2_85561052_T_A_b38	1	8.91382e-01	2.319e-01	3.143e-02 6.269589900970459	1.0
chr2_85565261_G_A_b38	1	2.07627e-02	2.467e-01	2.635e-02 5.937160968780518	1.0
chr2_85567292_A_G_b38	1	1.34209e-02	2.467e-01	2.635e-02 5.932696342468263	1.0
chr2_85567174_T_C_b38	1	1.34209e-02	2.467e-01	2.635e-02 6.021320343017577	1.0
chr2_85556005_T_G_b38	1	7.23284e-03	2.371e-01	2.697e-02 6.201296329498291	1.0
chr2_85516234_A_G_b38	2	1.04367e-01	1.327e-01	3.313e-02 1.50161874294281	1.0
chr2_85584951_C_T_b38	2	6.38095e-02	1.268e-01	3.503e-02 1.8831022977828982	1.0
chr2_85519445_A_G_b38	2	5.36724e-02	1.218e-01	3.182e-02 1.640442967414856	1.0
chr2_85520248_T_C_b38	2	5.36724e-02	1.218e-01	3.182e-02 1.7118967771530151	1.0
chr2_85517762_A_C_b38	2	4.22788e-02	1.294e-01	3.418e-02 1.776724338531494	1.0
chr2_85565813_G_T_b38	2	7.09626e-03	9.078e-02	3.700e-02 1.6297729015350342	1.0
chr2_85565364_A_G_b38	2	7.09626e-03	9.078e-02	3.700e-02 1.607880711555481	1.0
chr2_85564729_A_G_b38	2	7.09626e-03	9.078e-02	3.700e-02 1.3779296875	1.0
chr2_85566439_G_A_b38	2	7.09626e-03	9.078e-02	3.700e-02 1.6164835691452026	1.0
chr2_85566716_C_CCT_b38	2	4.58698e-03	9.078e-02	3.700e-02 1.4207253695555435	1.0
chr2_85570542_A_G_b38	2	4.58698e-03	9.078e-02	3.700e-02 1.6669692993164062	1.0
chr2_85567511_A_T_b38	2	4.58698e-03	9.078e-02	3.700e-02 1.6208910942077637	1.0
chr2_85568870_T_C_b38	2	4.58698e-03	9.078e-02	3.700e-02 1.6163086891174316	1.0
chr2_85568333_G_T_b38	2	4.58698e-03	9.078e-02	3.700e-02 1.61832857131958	1.0
chr2_85566991_T_C_b38	2	4.58698e-03	9.078e-02	3.700e-02 1.6179414987564087	1.0
chr2_85569665_C_T_b38	2	4.58698e-03	9.078e-02	3.700e-02 1.5129951238632202	1.0
chr2_85586711_A_G_b38	2	4.34931e-03	1.043e-01	3.347e-02 1.923883438110352	1.0
chr2_85531176_C_T_b38	2	4.07686e-03	1.016e-01	3.287e-02 1.233731389045715	1.0
chr2_85530493_C_T_b38	2	4.07686e-03	1.016e-01	3.287e-02 1.2374310493469238	1.0
chr2_85552984_G_A_b38	2	4.04283e-03	9.050e-02	3.695e-02 1.5224347114562988	1.0
chr2_85554645_T_A_b38	2	4.04283e-03	9.050e-02	3.695e-02 1.5399264097213743	1.0
chr2_85588831_T_C_b38	2	3.32795e-03	9.656e-02	3.180e-02 2.0101463794708248	1.0
chr2_85546887_C_T_b38	2	2.20511e-03	9.050e-02	3.695e-02 1.5442346334457395	1.0
chr2_85546486_GC_G_b38	2	2.20511e-03	9.050e-02	3.695e-02 1.4207253695555435	1.0
chr2_85548885_A_T_b38	2	2.20511e-03	9.050e-02	3.695e-02 1.5230203866958618	1.0
chr2_85545505_C_T_b38	2	2.20511e-03	9.050e-02	3.695e-02 1.550116777420044	1.0
chr2_85526765_C_T_b38	2	2.14541e-03	1.021e-01	3.588e-02 1.3734703063964844	1.0
chr2_85525584_A_G_b38	2	2.14541e-03	1.021e-01	3.588e-02 1.362629532814026	1.0
chr2_85574714_T_C_b38	2	2.11586e-03	9.050e-02	3.695e-02 1.6495207548141482	1.0
chr2_85575537_C_T_b38	2	2.11586e-03	9.050e-02	3.695e-02 1.6742508411407468	1.0
chr2_85571735_G_A_b38	2	2.11586e-03	9.050e-02	3.695e-02 1.6257539987564087	1.0
chr2_85576119_G_T_b38	2	2.11586e-03	9.050e-02	3.695e-02 1.6452376842498782	1.0
chr2_85572653_G_A_b38	2	2.11586e-03	9.050e-02	3.695e-02 1.6438431739807131	1.0
chr2_85574014_G_A_b38	2	2.11586e-03	9.050e-02	3.695e-02 1.5442771911621094	1.0
chr2_85573142_A_C_b38	2	2.11586e-03	9.050e-02	3.695e-02 1.6437879800796509	1.0
chr2_85575171_C_T_b38	2	2.11586e-03	9.050e-02	3.695e-02 1.648607850074768	1.0
chr2_85512204_C_G_b38	2	2.03499e-03	9.086e-02	3.217e-02 2.5799522399902344	1.0
chr2_85512769_A_T_b38	2	2.03499e-03	9.086e-02	3.217e-02 2.543697595596313	1.0
chr2_85523284_C_T_b38	2	1.92283e-03	9.719e-02	3.449e-02 1.2699846029281616	1.0
chr2_85575631_A_G_b38	2	1.81922e-03	8.780e-02	3.681e-02 1.5860071182250977	1.0
chr2_85525461_G_A_b38	2	1.80288e-03	9.662e-02	3.462e-02 1.3594655990600586	1.0
chr2_85580487_C_A_b38	2	1.68883e-03	8.687e-02	3.697e-02 1.7930715084075928	1.0
chr2_85576973_A_G_b38	2	1.68883e-03	8.687e-02	3.697e-02 1.6159528493881226	1.0
chr2_85523730_T_C_b38	2	1.47777e-03	8.955e-02	3.281e-02 1.3089221715927124	1.0
chr2_85576275_G_C_b38	2	1.26321e-03	8.161e-02	3.673e-02 1.682695746421814	1.0
chr2_85521596_C_T_b38	2	1.05790e-03	9.207e-02	3.575e-02 1.4038238525390625	1.0
chr2_85522795_G_A_b38	2	1.05790e-03	9.207e-02	3.575e-02 1.4111089706420898	1.0
chr2_85517362_T_C_b38	2	9.68742e-04	9.241e-02	3.653e-02 1.5138168334960938	1.0
chr2_85546531_C_CTG_b38	3	3.85454e-03	2.346e-01	5.394e-02 6.064137906124678	1.0
chr2_85561147_C_A_b38	3	3.49515e-03	-2.335e-02	4.983e-02 5.747635841369629	1.0
chr2_85545425_C_T_b38	3	3.36919e-03	2.291e-01	7.661e-02 6.214769840240479	1.0
chr2_85542588_C_G_b38	3	3.36919e-03	2.291e-01	7.661e-02 6.186281204223633	1.0
chr2_85547553_G_A_b38	3	3.36919e-03	2.291e-01	7.661e-02 6.2078919410705575	1.0
chr2_85575011_A_T_b38	3	3.01374e-03	2.211e-01	7.061e-02 5.839365482330322	1.0
chr2_85549367_C_CTTTA_b38	3	2.73005e-03	2.327e-01	6.447e-02 6.115100377140568	1.0
chr2_85568978_G_C_b38	3	2.42090e-03	2.016e-01	9.581e-02 6.064943790435791	1.0
chr2_85536918_G_A_b38	3	2.41040e-03	2.341e-01	5.251e-02 6.098602294921875	1.0
chr2_85536883_C_T_b38	3	2.41040e-03	2.341e-01	5.251e-02 6.10161828994751	1.0
chr2_85576419_T_C_b38	3	2.00319e-03	2.154e-01	7.489e-02 6.033949375152588	1.0
chr2_85540612_C_T_b38	3	1.66093e-03	-2.482e-01	8.923e-02 5.934913635253906	1.0
chr2_85582588_T_C_b38	3	1.57230e-03	2.076e-01	8.017e-02 6.046528339385986	1.0
chr2_85578945_T_C_b38	3	1.57230e-03	2.076e-01	8.017e-02 6.085677146911621	1.0
chr2_85578244_C_A_b38	3	1.57230e-03	2.076e-01	8.017e-02 6.012219905853272	1.0
chr2_85527327_A_C_b38	3	1.55730e-03	2.424e-01	4.201e-02 5.738710880279541	1.0
chr2_85531021_A_T_b38	3	1.55730e-03	2.424e-01	4.201e-02 5.793097496032715	1.0
chr2_85530967_A_G_b38	3	1.55730e-03	2.424e-01	4.201e-02 5.326724052429199	1.0
chr2_85532371_C_T_b38	3	1.55730e-03	2.424e-01	4.201e-02 5.7757744789123535	1.0
chr2_85530256_T_C_b38	3	1.55730e-03	2.424e-01	4.201e-02 5.75160551071167	1.0
chr2_85527219_C_A_b38	3	1.55730e-03	2.424e-01	4.201e-02 5.808062076568604	1.0
chr2_85527440_T_C_b38	3	1.55730e-03	2.424e-01	4.201e-02 5.730729103088379	1.0
chr2_85531667_G_A_b38	3	1.55730e-03	2.424e-01	4.201e-02 5.76803731918335	1.0
chr2_85530248_G_A_b38	3	1.55730e-03	2.424e-01	4.201e-02 5.75160551071167	1.0
chr2_85528805_C_T_b38	3	1.55730e-03	2.424e-01	4.201e-02 5.739243984222412	1.0
chr2_85528234_A_G_b38	3	1.55730e-03	2.424e-01	4.201e-02 5.7574381828308105	1.0
chr2_85532004_T_C_b38	3	1.55730e-03	2.424e-01	4.201e-02 5.770791530609131	1.0
chr2_85529252_C_G_b38	3	1.55730e-03	2.424e-01	4.201e-02 5.752371788024902	1.0
chr2_85536151_A_G_b38	3	8.48714e-04	2.416e-01	2.384e-02 5.861031532287598	1.0
chr2_85533272_C_T_b38	3	8.48714e-04	2.416e-01	2.384e-02 6.01489782333374	1.0
chr2_85560000_C_T_b38	3	7.31537e-04	3.325e-02	5.549e-02 5.246518611907959	1.0
chr2_85560218_C_T_b38	3	5.67207e-04	-1.407e-02	4.695e-02 5.753914833068848	1.0
chr2_85545938_A_G_b38	3	4.68654e-04	2.014e-01	1.090e-01 6.109410285949707	1.0
chr2_85554900_G_A_b38	3	1.84388e-04	4.167e-02	5.545e-02 5.2429842948913565	1.0
chr2_85553008_G_A_b38	3	1.84388e-04	4.167e-02	5.545e-02 5.27466344833374	1.0
chr2_85581614_A_G_b38	3	1.32081e-04	1.273e-01	1.014e-01 6.120982646942139	1.0
chr2_85581859_T_C_b38	3	1.32081e-04	1.273e-01	1.014e-01 6.1522321701049805	1.0
chr2_85582866_C_T_b38	3	9.95661e-05	2.331e-01	2.392e-02 6.180992126464844	1.0
chr2_85581450_T_C_b38	3	8.34644e-05	4.967e-02	4.618e-02 6.1227049827575675	1.0
chr2_85582832_A_G_b38	3	8.34644e-05	4.967e-02	4.618e-02 6.112959861755371	1.0
chr2_85581748_C_T_b38	3	8.34644e-05	4.967e-02	4.618e-02 6.10624885559082	1.0
chr2_85585623_T_C_b38	3	8.13977e-05	2.337e-01	2.403e-02 5.962768077850343	1.0
chr2_85537837_G_T_b38	3	3.02917e-05	2.310e-01	2.408e-02 6.131234169006348	1.0
chr2_85536397_C_T_b38	3	1.71527e-05	2.284e-01	2.367e-02 6.235270023345947	1.0
chr2_85534294_A_C_b38	3	1.71527e-05	2.284e-01	2.367e-02 6.234923362731934	1.0
chr2_85535638_A_G_b38	3	1.71527e-05	2.284e-01	2.367e-02 6.212344169616699	1.0
chr2_85534531_A_G_b38	3	1.71527e-05	2.284e-01	2.367e-02 6.175630569458008	1.0
chr2_85530892_A_G_b38	3	1.29175e-05	2.343e-01	2.437e-02 4.4430317878723145	1.0
