chr10_89225310_CGCCCTCTCGCGGA_C_b38	1	9.71526e-01	5.098e-01	3.572e-02 0.0	1.0
chr10_89224275_G_A_b38	1	2.79307e-02	5.026e-01	3.577e-02 1.39971661567688	1.0
chr10_89252465_GTGA_G_b38	2	3.09445e-01	1.723e-01	3.151e-02 0.0	1.0
chr10_89251924_C_T_b38	2	3.09445e-01	1.723e-01	3.151e-02 6.798110485076903	1.0
chr10_89250722_A_C_b38	2	1.45469e-01	1.646e-01	3.096e-02 6.69613790512085	1.0
chr10_89246195_G_A_b38	2	7.79531e-02	1.630e-01	3.166e-02 6.660444736480713	1.0
chr10_89249116_C_T_b38	2	6.79331e-02	1.621e-01	3.166e-02 6.587930202484131	1.0
chr10_89247603_T_G_b38	2	1.58973e-02	1.535e-01	3.191e-02 6.811777591705322	1.0
chr10_89250165_T_A_b38	3	2.87813e-01	1.938e-01	3.615e-02 -0.0629730075597763	1.0
chr10_89247582_C_T_b38	3	1.76927e-01	1.886e-01	3.587e-02 -0.11739038676023485	1.0
chr10_89245956_G_C_b38	3	7.85021e-02	1.804e-01	3.546e-02 -0.059544779360294335	1.0
chr10_89252579_G_C_b38	3	6.68990e-02	1.793e-01	3.548e-02 -0.5661651492118835	1.0
chr10_89242785_C_G_b38	3	4.25643e-02	1.757e-01	3.547e-02 -0.09570886194705963	1.0
chr10_89246557_G_A_b38	3	3.66343e-02	1.745e-01	3.546e-02 -0.02695979736745357	1.0
chr10_89254224_C_A_b38	3	3.43043e-02	1.729e-01	3.522e-02 -0.6100093722343445	1.0
chr10_89254108_T_C_b38	3	3.43043e-02	1.729e-01	3.522e-02 -0.6234535574913025	1.0
chr10_89244586_A_T_b38	3	2.56875e-02	1.728e-01	3.567e-02 -0.09310492873191832	1.0
chr10_89240182_T_C_b38	3	1.93611e-02	1.683e-01	3.519e-02 -0.20704130828380585	1.0
chr10_89221804_A_G_b38	4	2.27867e-02	-1.571e-01	3.599e-02 2.0515718460083012	1.0
chr10_89222130_T_G_b38	4	1.64113e-03	-1.363e-01	3.655e-02 2.0213544368743896	1.0
chr10_89207336_T_C_b38	4	2.94745e-04	-1.310e-01	3.874e-02 0.3497351109981537	1.0
chr10_89207239_C_G_b38	4	2.94745e-04	-1.310e-01	3.874e-02 0.31626760959625244	1.0
chr10_89209002_C_T_b38	4	2.82058e-04	-1.301e-01	3.863e-02 0.2534915506839752	1.0
chr10_89209019_CTG_C_b38	4	2.74869e-04	-1.306e-01	3.887e-02 0.0	1.0
chr10_89205934_T_C_b38	4	2.15779e-04	-1.294e-01	3.893e-02 0.3966033160686493	1.0
chr10_89414349_T_TCAAA_b38	5	2.45869e-04	-4.745e-02	5.327e-02 0.0	1.0
