chr1_222661161_A_T_b38	1	4.43087e-01	-8.499e-01	9.271e-02 7.0149688720703125	1.0
chr1_222661461_T_C_b38	1	1.18117e-01	-8.459e-01	9.480e-02 6.92894172668457	1.0
chr1_222663654_A_G_b38	1	7.88257e-02	-8.504e-01	9.243e-02 6.848362445831299	1.0
chr1_222664597_G_A_b38	1	4.80383e-02	-8.506e-01	9.234e-02 6.794087886810303	1.0
chr1_222658953_T_C_b38	1	3.98388e-02	-8.521e-01	9.264e-02 7.065533638000487	1.0
chr1_222651746_C_G_b38	1	3.25831e-02	-8.508e-01	9.221e-02 7.048389911651611	1.0
chr1_222668272_G_A_b38	1	2.79860e-02	-8.523e-01	9.251e-02 6.943849662451662	1.0
chr1_222652375_T_C_b38	1	2.73789e-02	-8.523e-01	9.251e-02 6.957648277282715	1.0
chr1_222655362_C_T_b38	1	2.73789e-02	-8.523e-01	9.251e-02 7.101959705352782	1.0
chr1_222647448_T_G_b38	1	1.33170e-02	-8.512e-01	9.197e-02 7.041632652282715	1.0
chr1_222686156_G_A_b38	1	1.32592e-02	-8.058e-01	8.775e-02 6.654636859893799	1.0
chr1_222686148_G_A_b38	1	1.32592e-02	-8.058e-01	8.775e-02 6.654636859893799	1.0
chr1_222708030_C_T_b38	1	1.22984e-02	-8.181e-01	8.699e-02 6.064943790435791	1.0
chr1_222706825_G_A_b38	1	1.22984e-02	-8.181e-01	8.699e-02 6.034962177276611	1.0
chr1_222650187_A_C_b38	1	1.11883e-02	-8.526e-01	9.234e-02 6.9552249908447275	1.0
chr1_222649657_A_G_b38	1	1.11883e-02	-8.526e-01	9.234e-02 6.943685531616211	1.0
chr1_222653139_G_A_b38	1	8.65147e-03	-8.471e-01	9.405e-02 7.016190052032472	1.0
chr1_222656208_G_A_b38	1	8.65147e-03	-8.471e-01	9.405e-02 7.126437664031982	1.0
chr1_222643014_T_A_b38	1	7.22259e-03	-8.425e-01	9.217e-02 7.042367935180664	1.0
chr1_222638065_A_G_b38	1	7.22259e-03	-8.425e-01	9.217e-02 7.086043834686278	1.0
chr1_222673540_G_A_b38	1	5.45978e-03	-8.454e-01	9.358e-02 6.6609840393066415	1.0
chr1_222661880_A_C_b38	2	9.66505e-03	1.201e-01	1.687e-01 -4.168210983276366	1.0
chr1_222660729_A_G_b38	2	3.31176e-03	1.098e-01	1.567e-01 -3.805356740951538	1.0
chr1_222657890_A_G_b38	2	1.99271e-03	2.526e-01	1.760e-01 -4.209444046020509	1.0
chr1_222666811_T_G_b38	2	1.27572e-03	2.538e-01	1.758e-01 -4.259374141693115	1.0
chr1_222671358_A_C_b38	2	1.27572e-03	2.538e-01	1.758e-01 -4.23163366317749	1.0
chr1_222664266_G_A_b38	2	7.55850e-04	1.219e-01	1.685e-01 -4.126079559326172	1.0
chr1_222657020_G_A_b38	2	7.46849e-04	1.219e-01	1.685e-01 -4.14086389541626	1.0
chr1_222710473_A_G_b38	2	7.39589e-04	3.171e-01	1.339e-01 -2.7816340923309326	1.0
chr1_222666496_A_G_b38	2	6.73046e-04	-8.815e-02	1.576e-01 3.495203733444214	1.0
chr1_222648367_T_G_b38	2	4.33703e-04	2.548e-01	1.758e-01 -4.3634963035583505	1.0
chr1_222653505_A_T_b38	2	4.05682e-04	-8.761e-02	1.484e-01 3.5100040435791016	1.0
chr1_222704060_C_G_b38	2	3.88645e-04	2.782e-01	1.340e-01 -2.74466872215271	1.0
chr1_222671498_T_C_b38	2	3.70813e-04	-5.761e-02	1.498e-01 3.7359604835510254	1.0
chr1_222636869_C_T_b38	2	2.88630e-04	2.218e-01	1.794e-01 -4.1659932136535645	1.0
chr1_222684075_G_A_b38	2	2.28029e-04	1.216e-01	1.686e-01 -4.108057975769043	1.0
chr1_222685056_T_C_b38	2	2.28029e-04	1.216e-01	1.686e-01 -4.114511489868163	1.0
chr1_222681854_C_A_b38	2	2.28029e-04	1.216e-01	1.686e-01 -4.112144947052002	1.0
chr1_222677912_T_C_b38	2	2.28029e-04	1.216e-01	1.686e-01 -4.0961928367614755	1.0
chr1_222721727_T_C_b38	2	2.01527e-04	3.177e-01	1.340e-01 -2.8135089874267583	1.0
chr1_222713246_G_A_b38	2	2.01527e-04	3.177e-01	1.340e-01 -2.780202627182007	1.0
chr1_222760645_T_C_b38	2	2.01527e-04	3.177e-01	1.340e-01 -2.640597343444824	1.0
chr1_222760893_C_T_b38	2	1.99746e-04	3.201e-01	1.347e-01 -2.640315055847168	1.0
chr1_222709550_A_C_b38	2	1.56932e-04	2.342e-01	1.317e-01 -2.7432355880737305	1.0
chr1_222681788_A_G_b38	2	1.47868e-04	8.919e-02	1.485e-01 -3.7490580081939697	1.0
chr1_222672069_T_C_b38	2	1.32250e-04	-4.859e-02	1.489e-01 3.7802038192749023	1.0
chr1_222637883_T_C_b38	2	1.30719e-04	1.177e-01	1.615e-01 -4.218438625335693	1.0
chr1_222644130_G_T_b38	2	1.30719e-04	1.177e-01	1.615e-01 -4.227787971496582	1.0
chr1_222726448_G_A_b38	2	1.26896e-04	3.162e-01	1.399e-01 -2.613637685775757	1.0
chr1_222630489_G_A_b38	2	1.21370e-04	2.393e-01	1.698e-01 -4.383104324340819	1.0
chr1_222622458_CCAAA_C_b38	2	1.21370e-04	2.393e-01	1.698e-01 -3.886388186625812	1.0
chr1_222637422_T_G_b38	2	1.21293e-04	1.049e-01	1.503e-01 -3.950463533401489	1.0
chr1_222642905_ATCT_A_b38	2	1.21293e-04	1.049e-01	1.503e-01 -3.824114671412295	1.0
chr1_222639978_GA_G_b38	2	1.21293e-04	1.049e-01	1.503e-01 -3.824114671412295	1.0
chr1_222705345_C_A_b38	2	1.17676e-04	2.013e-01	1.239e-01 -2.526845932006836	1.0
chr1_222627571_A_G_b38	2	1.00419e-04	2.214e-01	1.788e-01 -4.100084304809569	1.0
chr1_222708625_T_C_b38	2	9.73832e-05	1.801e-01	1.269e-01 -3.373793363571167	1.0
chr1_222706394_G_A_b38	2	9.73832e-05	1.801e-01	1.269e-01 -3.4126691818237305	1.0
chr1_222709060_A_C_b38	2	9.73832e-05	1.801e-01	1.269e-01 -3.3965544700622563	1.0
chr1_222614318_T_C_b38	2	6.11755e-05	1.345e-01	1.562e-01 -3.232295513153076	1.0
chr1_222746512_CCT_C_b38	2	5.99868e-05	2.445e-01	1.317e-01 -2.724718977467796	1.0
chr1_222746340_G_A_b38	2	5.99868e-05	2.445e-01	1.317e-01 -2.75447154045105	1.0
chr1_222636132_G_A_b38	2	5.74394e-05	1.177e-01	1.615e-01 -4.263777256011963	1.0
chr1_222622785_A_C_b38	2	5.74394e-05	1.177e-01	1.615e-01 -4.2508087158203125	1.0
chr1_222621776_G_T_b38	2	5.32878e-05	1.049e-01	1.503e-01 -4.1645259857177725	1.0
chr1_222632771_C_G_b38	2	5.32878e-05	1.049e-01	1.503e-01 -4.1235976219177255	1.0
chr1_222633789_G_A_b38	2	5.32878e-05	1.049e-01	1.503e-01 -3.907386064529419	1.0
chr1_222620358_C_T_b38	2	5.32878e-05	1.049e-01	1.503e-01 -4.031169414520264	1.0
chr1_222621522_G_A_b38	2	5.32878e-05	1.049e-01	1.503e-01 -4.051915645599365	1.0
chr1_222753406_A_T_b38	2	5.21540e-05	2.342e-01	1.317e-01 -2.709843397140503	1.0
chr1_222752779_A_T_b38	2	5.21540e-05	2.342e-01	1.317e-01 -2.703608751296997	1.0
chr1_222739765_A_G_b38	2	5.21540e-05	2.342e-01	1.317e-01 -2.749743223190308	1.0
chr1_222716168_G_T_b38	2	5.21540e-05	2.342e-01	1.317e-01 -2.793835401535034	1.0
chr1_222691802_GA_G_b38	2	5.18331e-05	1.102e-01	1.562e-01 -3.604399873819424	1.0
chr1_222629584_C_T_b38	2	4.87541e-05	-8.392e-02	1.438e-01 3.935858011245728	1.0
chr1_222722867_G_C_b38	2	4.86656e-05	2.216e-01	1.275e-01 -2.6760568618774414	1.0
chr1_222617179_A_G_b38	2	4.80101e-05	8.552e-02	1.517e-01 -3.259852886199951	1.0
chr1_222618647_G_T_b38	2	4.80101e-05	8.552e-02	1.517e-01 -3.576143741607666	1.0
chr1_222653962_C_G_b38	3	9.34228e-05	5.429e-01	2.485e-01 0.701357901096344	1.0
