chr2_85561052_T_A_b38	1	2.95692e-01	2.676e-01	7.932e-02 6.269589900970459	1.0
chr2_85581614_A_G_b38	1	1.94045e-01	3.861e-01	4.081e-02 6.120982646942139	1.0
chr2_85581859_T_C_b38	1	1.94045e-01	3.861e-01	4.081e-02 6.1522321701049805	1.0
chr2_85565261_G_A_b38	1	5.05584e-02	3.589e-01	6.739e-02 5.937160968780518	1.0
chr2_85575011_A_T_b38	1	3.45707e-02	3.907e-01	3.383e-02 5.839365482330322	1.0
chr2_85578945_T_C_b38	1	3.24813e-02	3.865e-01	3.349e-02 6.085677146911621	1.0
chr2_85582588_T_C_b38	1	3.24813e-02	3.865e-01	3.349e-02 6.046528339385986	1.0
chr2_85578244_C_A_b38	1	3.24813e-02	3.865e-01	3.349e-02 6.012219905853272	1.0
chr2_85567292_A_G_b38	1	2.74358e-02	3.652e-01	6.123e-02 5.932696342468263	1.0
chr2_85567174_T_C_b38	1	2.74358e-02	3.652e-01	6.123e-02 6.021320343017577	1.0
chr2_85576419_T_C_b38	1	1.96127e-02	3.867e-01	3.368e-02 6.033949375152588	1.0
chr2_85556005_T_G_b38	1	1.57971e-02	2.416e-01	6.944e-02 6.201296329498291	1.0
chr2_85581450_T_C_b38	1	8.64823e-03	3.762e-01	3.302e-02 6.1227049827575675	1.0
chr2_85581748_C_T_b38	1	8.64823e-03	3.762e-01	3.302e-02 6.10624885559082	1.0
chr2_85582832_A_G_b38	1	8.64823e-03	3.762e-01	3.302e-02 6.112959861755371	1.0
chr2_85530892_A_G_b38	1	4.09725e-03	3.836e-01	3.357e-02 4.4430317878723145	1.0
chr2_85585661_T_A_b38	2	2.38711e-01	1.996e-01	4.960e-02 4.878307342529297	1.0
chr2_85561147_C_A_b38	2	9.91696e-03	4.200e-02	1.187e-01 5.747635841369629	1.0
chr2_85537837_G_T_b38	2	3.38176e-03	2.341e-01	9.820e-02 6.131234169006348	1.0
chr2_85582866_C_T_b38	2	1.30356e-03	3.648e-01	3.265e-02 6.180992126464844	1.0
chr2_85542588_C_G_b38	2	1.27308e-03	3.657e-01	3.273e-02 6.186281204223633	1.0
chr2_85547553_G_A_b38	2	1.27308e-03	3.657e-01	3.273e-02 6.2078919410705575	1.0
chr2_85545425_C_T_b38	2	1.27308e-03	3.657e-01	3.273e-02 6.214769840240479	1.0
chr2_85549367_C_CTTTA_b38	2	5.19629e-04	3.629e-01	3.279e-02 6.115100377140568	1.0
chr2_85585623_T_C_b38	2	4.87829e-04	3.580e-01	3.237e-02 5.962768077850343	1.0
chr2_85535638_A_G_b38	2	3.44566e-04	3.626e-01	3.254e-02 6.212344169616699	1.0
chr2_85534294_A_C_b38	2	3.44566e-04	3.626e-01	3.254e-02 6.234923362731934	1.0
chr2_85534531_A_G_b38	2	3.44566e-04	3.626e-01	3.254e-02 6.175630569458008	1.0
chr2_85536397_C_T_b38	2	3.44566e-04	3.626e-01	3.254e-02 6.235270023345947	1.0
chr2_85568978_G_C_b38	2	2.00217e-04	3.612e-01	3.319e-02 6.064943790435791	1.0
chr2_85536918_G_A_b38	2	6.58037e-05	3.553e-01	3.281e-02 6.098602294921875	1.0
chr2_85536883_C_T_b38	2	6.58037e-05	3.553e-01	3.281e-02 6.10161828994751	1.0
chr2_85546531_C_CTG_b38	2	6.53391e-05	3.544e-01	3.273e-02 6.064137906124678	1.0
chr2_85545938_A_G_b38	2	3.24108e-05	3.535e-01	3.289e-02 6.109410285949707	1.0
chr2_85536151_A_G_b38	2	2.30828e-05	3.553e-01	3.281e-02 5.861031532287598	1.0
chr2_85533272_C_T_b38	2	2.30828e-05	3.553e-01	3.281e-02 6.01489782333374	1.0
chr2_85561615_C_A_b38	3	5.49119e-03	-8.762e-02	5.237e-02 4.356762886047363	1.0
chr2_85563042_C_T_b38	3	1.02981e-03	-8.887e-02	5.144e-02 4.210328102111816	1.0
chr2_85565285_A_T_b38	3	5.15984e-04	-7.554e-02	5.170e-02 5.284570693969727	1.0
chr2_85569284_C_T_b38	3	4.49521e-04	-9.696e-02	5.195e-02 4.205070972442627	1.0
chr2_85560000_C_T_b38	3	3.59692e-04	-3.411e-02	5.318e-02 5.246518611907959	1.0
chr2_85556027_GA_G_b38	3	3.54022e-04	-8.988e-02	5.130e-02 4.128312094657792	1.0
chr2_85565281_A_T_b38	3	2.81501e-04	-4.506e-02	4.587e-02 5.229466438293457	1.0
chr2_85553413_C_T_b38	3	1.84247e-04	-6.310e-02	5.403e-02 5.418801307678223	1.0
chr2_85538082_C_A_b38	3	1.78652e-04	-9.012e-02	5.130e-02 4.311705589294434	1.0
chr2_85554900_G_A_b38	3	1.17916e-04	-3.295e-02	5.254e-02 5.2429842948913565	1.0
chr2_85553008_G_A_b38	3	1.17916e-04	-3.295e-02	5.254e-02 5.27466344833374	1.0
chr2_85511755_G_T_b38	3	6.78610e-05	-9.159e-02	4.945e-02 4.124215602874757	1.0
chr2_85547705_CAG_C_b38	3	6.59607e-05	-3.402e-02	4.530e-02 4.974267661974246	1.0
chr2_85574779_C_T_b38	3	6.15443e-05	-2.905e-02	4.555e-02 4.9189720153808585	1.0
chr2_85576774_T_C_b38	3	6.15443e-05	-2.905e-02	4.555e-02 5.149630546569824	1.0
chr2_85578531_G_A_b38	3	5.79919e-05	-2.541e-02	4.544e-02 5.284570693969727	1.0
chr2_85582547_C_T_b38	3	5.79919e-05	-2.541e-02	4.544e-02 5.280261039733887	1.0
chr2_85582580_T_G_b38	3	5.79919e-05	-2.541e-02	4.544e-02 5.29197883605957	1.0
chr2_85550147_G_A_b38	3	5.76336e-05	-2.368e-02	4.510e-02 5.271925449371338	1.0
chr2_85546536_A_G_b38	3	5.76336e-05	-2.368e-02	4.510e-02 4.974267661974246	1.0
chr2_85511821_C_T_b38	3	5.70619e-05	-8.725e-02	5.028e-02 4.321460247039795	1.0
chr2_85579143_C_T_b38	3	5.53607e-05	-2.054e-02	4.539e-02 5.255030632019043	1.0
chr2_85520842_C_T_b38	3	5.40601e-05	-8.672e-02	5.127e-02 4.353468894958496	1.0
chr2_85515493_A_C_b38	3	5.25247e-05	-8.512e-02	5.091e-02 4.324324607849121	1.0
chr2_85542852_A_G_b38	3	4.85416e-05	-1.399e-02	4.521e-02 5.276047229766847	1.0
chr2_85539422_C_T_b38	3	4.85416e-05	-1.399e-02	4.521e-02 5.224104404449463	1.0
chr2_85538318_T_G_b38	3	4.85416e-05	-1.399e-02	4.521e-02 5.215826034545898	1.0
chr2_85537843_A_T_b38	3	4.83914e-05	-1.144e-02	4.533e-02 5.0066607214949	1.0
chr2_85537845_T_G_b38	3	4.83914e-05	-1.144e-02	4.533e-02 5.0066607214949	1.0
chr2_85495883_T_C_b38	3	3.78727e-05	-9.685e-02	4.562e-02 3.731954336166382	1.0
