chr1_222661161_A_T_b38	1	3.45040e-01	-6.480e-01	4.644e-02 7.0149688720703125	1.0
chr1_222661461_T_C_b38	1	2.82130e-01	-6.514e-01	4.674e-02 6.92894172668457	1.0
chr1_222656208_G_A_b38	1	7.80652e-02	-6.565e-01	4.657e-02 7.126437664031982	1.0
chr1_222664597_G_A_b38	1	3.86812e-02	-6.480e-01	4.641e-02 6.794087886810303	1.0
chr1_222663654_A_G_b38	1	3.05374e-02	-6.454e-01	4.644e-02 6.848362445831299	1.0
chr1_222651746_C_G_b38	1	2.17417e-02	-6.480e-01	4.636e-02 7.048389911651611	1.0
chr1_222658953_T_C_b38	1	2.05770e-02	-6.455e-01	4.640e-02 7.065533638000487	1.0
chr1_222641100_C_T_b38	1	1.96426e-02	-6.536e-01	4.658e-02 7.007854461669923	1.0
chr1_222640383_T_A_b38	1	1.96426e-02	-6.536e-01	4.658e-02 6.9656028747558585	1.0
chr1_222653139_G_A_b38	1	1.77602e-02	-6.514e-01	4.665e-02 7.016190052032472	1.0
chr1_222647297_G_A_b38	1	1.75989e-02	-6.537e-01	4.661e-02 6.994608879089356	1.0
chr1_222638065_A_G_b38	1	1.43375e-02	-6.486e-01	4.632e-02 7.086043834686278	1.0
chr1_222643014_T_A_b38	1	1.29310e-02	-6.478e-01	4.630e-02 7.042367935180664	1.0
chr1_222647448_T_G_b38	1	1.18417e-02	-6.480e-01	4.635e-02 7.041632652282715	1.0
chr1_222652375_T_C_b38	1	1.17176e-02	-6.456e-01	4.639e-02 6.957648277282715	1.0
chr1_222655362_C_T_b38	1	1.17176e-02	-6.456e-01	4.639e-02 7.101959705352782	1.0
chr1_222668272_G_A_b38	1	9.93477e-03	-6.452e-01	4.646e-02 6.943849662451662	1.0
chr1_222649657_A_G_b38	1	6.37196e-03	-6.455e-01	4.636e-02 6.943685531616211	1.0
chr1_222650187_A_C_b38	1	6.37196e-03	-6.455e-01	4.636e-02 6.9552249908447275	1.0
chr1_222629461_T_G_b38	1	4.60095e-03	-6.497e-01	4.644e-02 6.915565490722656	1.0
chr1_222626283_T_G_b38	1	4.60095e-03	-6.497e-01	4.644e-02 7.0061302185058585	1.0
chr1_222624272_C_G_b38	1	4.49267e-03	-6.511e-01	4.656e-02 6.8008551597595215	1.0
chr1_222632876_A_G_b38	1	4.38518e-03	-6.497e-01	4.645e-02 6.95011043548584	1.0
chr1_222661880_A_C_b38	2	6.61312e-03	3.470e-03	7.523e-02 -4.168210983276366	1.0
chr1_222660729_A_G_b38	2	2.54427e-03	-4.245e-02	7.620e-02 -3.805356740951538	1.0
chr1_222657890_A_G_b38	2	1.03200e-03	6.916e-02	8.182e-02 -4.209444046020509	1.0
chr1_222666811_T_G_b38	2	6.02911e-04	7.044e-02	8.106e-02 -4.259374141693115	1.0
chr1_222664266_G_A_b38	2	5.78462e-04	3.381e-03	7.519e-02 -4.126079559326172	1.0
chr1_222657020_G_A_b38	2	5.50041e-04	3.535e-03	7.518e-02 -4.14086389541626	1.0
chr1_222666496_A_G_b38	2	5.34873e-04	1.184e-02	7.292e-02 3.495203733444214	1.0
chr1_222671358_A_C_b38	2	5.19032e-04	5.983e-02	8.117e-02 -4.23163366317749	1.0
chr1_222653505_A_T_b38	2	4.35142e-04	7.416e-02	7.078e-02 3.5100040435791016	1.0
chr1_222648367_T_G_b38	2	2.64116e-04	6.923e-02	8.181e-02 -4.3634963035583505	1.0
chr1_222636869_C_T_b38	2	2.14304e-04	4.309e-02	8.544e-02 -4.1659932136535645	1.0
chr1_222681788_A_G_b38	2	1.62088e-04	-5.508e-02	7.465e-02 -3.7490580081939697	1.0
chr1_222639978_GA_G_b38	2	1.53899e-04	-3.708e-02	7.591e-02 -3.824114671412295	1.0
chr1_222642905_ATCT_A_b38	2	1.53899e-04	-3.708e-02	7.591e-02 -3.824114671412295	1.0
chr1_222637422_T_G_b38	2	1.53899e-04	-3.708e-02	7.591e-02 -3.950463533401489	1.0
chr1_222644130_G_T_b38	2	1.44986e-04	8.231e-03	7.484e-02 -4.227787971496582	1.0
chr1_222637883_T_C_b38	2	1.44986e-04	8.231e-03	7.484e-02 -4.218438625335693	1.0
chr1_222677912_T_C_b38	2	1.34432e-04	-2.059e-04	7.410e-02 -4.0961928367614755	1.0
chr1_222685056_T_C_b38	2	1.34432e-04	-2.059e-04	7.410e-02 -4.114511489868163	1.0
chr1_222684075_G_A_b38	2	1.34432e-04	-2.059e-04	7.410e-02 -4.108057975769043	1.0
chr1_222681854_C_A_b38	2	1.34432e-04	-2.059e-04	7.410e-02 -4.112144947052002	1.0
chr1_222672069_T_C_b38	2	1.31049e-04	5.075e-03	7.223e-02 3.7802038192749023	1.0
chr1_222630489_G_A_b38	2	9.53206e-05	7.452e-02	8.149e-02 -4.383104324340819	1.0
chr1_222622458_CCAAA_C_b38	2	9.53206e-05	7.452e-02	8.149e-02 -3.886388186625812	1.0
chr1_222627571_A_G_b38	2	7.26453e-05	4.226e-02	8.549e-02 -4.100084304809569	1.0
chr1_222629584_C_T_b38	2	6.14463e-05	5.171e-02	7.128e-02 3.935858011245728	1.0
chr1_222691802_GA_G_b38	2	5.98063e-05	-2.905e-02	7.543e-02 -3.604399873819424	1.0
chr1_222620358_C_T_b38	2	5.98013e-05	-3.750e-02	7.695e-02 -4.031169414520264	1.0
chr1_222633789_G_A_b38	2	5.89583e-05	-3.708e-02	7.591e-02 -3.907386064529419	1.0
chr1_222632771_C_G_b38	2	5.55772e-05	-1.554e-02	7.616e-02 -4.1235976219177255	1.0
chr1_222621776_G_T_b38	2	5.55772e-05	-1.554e-02	7.616e-02 -4.1645259857177725	1.0
chr1_222621522_G_A_b38	2	5.55772e-05	-1.554e-02	7.616e-02 -4.051915645599365	1.0
chr1_222636132_G_A_b38	2	5.55437e-05	8.231e-03	7.484e-02 -4.263777256011963	1.0
chr1_222622785_A_C_b38	2	5.55437e-05	8.231e-03	7.484e-02 -4.2508087158203125	1.0
chr1_222614318_T_C_b38	2	5.49069e-05	1.861e-02	7.148e-02 -3.232295513153076	1.0
chr1_222617179_A_G_b38	2	5.42489e-05	1.736e-02	7.096e-02 -3.259852886199951	1.0
chr1_222618647_G_T_b38	2	5.29071e-05	8.247e-03	7.142e-02 -3.576143741607666	1.0
chr1_222709550_A_C_b38	2	5.02557e-05	1.897e-02	6.090e-02 -2.7432355880737305	1.0
chr1_222704060_C_G_b38	2	2.67863e-05	1.302e-02	6.077e-02 -2.74466872215271	1.0
chr1_222705345_C_A_b38	2	2.65074e-05	-2.116e-02	6.031e-02 -2.526845932006836	1.0
