chr8_141216009_C_T_b38	1	8.63535e-01	-3.236e-01	5.505e-02 -4.167469501495361	1.0
chr8_141216724_G_GC_b38	1	1.73275e-02	-2.767e-01	5.513e-02 -3.891520816238137	1.0
chr8_141225055_C_A_b38	1	1.41117e-02	-2.765e-01	5.614e-02 -4.0009074211120605	1.0
chr8_141218810_G_A_b38	1	9.95812e-03	-2.686e-01	5.495e-02 -4.195724964141847	1.0
chr8_141219079_G_A_b38	1	7.66334e-03	-2.656e-01	5.497e-02 -4.209444046020509	1.0
chr8_141300170_C_T_b38	2	6.58283e-02	-3.341e-01	9.591e-02 -1.164106845855713	1.0
chr8_141302482_C_T_b38	2	3.13868e-02	-3.174e-01	9.800e-02 -1.0747323036193848	1.0
chr8_141299036_CG_C_b38	2	2.79695e-02	-3.170e-01	9.934e-02 -0.7724262302252335	1.0
chr8_141300598_G_A_b38	2	1.65624e-02	-3.003e-01	1.004e-01 -1.0768164396286009	1.0
chr8_141288127_T_G_b38	2	1.39071e-02	-3.163e-01	9.918e-02 -0.7495322227478027	1.0
chr8_141299394_C_T_b38	2	9.79151e-03	-2.923e-01	1.052e-01 -1.1149944067001345	1.0
chr8_141294623_G_A_b38	2	8.44817e-03	-3.003e-01	1.004e-01 -0.9243804216384888	1.0
chr8_141297887_TCACA_T_b38	2	8.44817e-03	-3.003e-01	1.004e-01 -1.0726333339966352	1.0
chr8_141296573_C_T_b38	2	8.44817e-03	-3.003e-01	1.004e-01 -0.948735773563385	1.0
chr8_141289884_C_T_b38	2	8.44817e-03	-3.003e-01	1.004e-01 -0.958727777004242	1.0
chr8_141290892_G_A_b38	2	4.17571e-03	-2.818e-01	1.047e-01 -0.9846823811531068	1.0
chr8_141286941_G_A_b38	2	2.62859e-03	-2.513e-01	1.012e-01 -0.9134998917579652	1.0
chr8_141285121_G_T_b38	2	6.73687e-04	-1.817e-01	1.062e-01 -0.8778594732284546	1.0
chr8_141307509_A_G_b38	3	3.40724e-03	2.389e-01	1.313e-01 2.310215950012207	1.0
