chr16_57186977_G_A_b38	1	3.50649e-01	3.532e-01	5.831e-02 -4.092362880706787	1.0
chr16_57189155_T_C_b38	1	1.08096e-01	3.532e-01	5.825e-02 -4.041545867919922	1.0
chr16_57163833_G_T_b38	1	1.07786e-01	3.698e-01	5.873e-02 -4.0740628242492685	1.0
chr16_57171173_A_G_b38	1	1.07786e-01	3.698e-01	5.873e-02 -4.2445831298828125	1.0
chr16_57192564_A_C_b38	1	5.87490e-02	3.532e-01	5.822e-02 -4.051455497741698	1.0
chr16_57138652_A_AC_b38	1	3.85994e-02	3.689e-01	5.858e-02 -3.7032077590218977	1.0
chr16_57160876_C_T_b38	1	3.34151e-02	3.699e-01	5.867e-02 -4.0720558166503915	1.0
chr16_57153807_C_T_b38	1	3.34151e-02	3.699e-01	5.867e-02 -4.0294814109802255	1.0
chr16_57149512_T_C_b38	1	3.34151e-02	3.699e-01	5.867e-02 -4.005066871643066	1.0
chr16_57196675_A_T_b38	1	2.79351e-02	3.533e-01	5.818e-02 -4.050996303558351	1.0
chr16_57210667_T_C_b38	1	2.79351e-02	3.533e-01	5.818e-02 -3.944699764251709	1.0
chr16_57193044_C_T_b38	1	2.42452e-02	3.411e-01	5.751e-02 -3.996448040008545	1.0
chr16_57221451_T_C_b38	1	9.93022e-03	3.533e-01	5.820e-02 -3.916080951690674	1.0
chr16_57221761_A_G_b38	1	9.93022e-03	3.533e-01	5.820e-02 -3.959203958511353	1.0
chr16_57266429_G_C_b38	1	4.51384e-03	-3.766e-01	6.089e-02 3.1942596435546875	1.0
chr16_57273890_C_T_b38	1	4.51384e-03	-3.766e-01	6.089e-02 3.1795969009399414	1.0
chr16_57272186_G_A_b38	1	4.51384e-03	-3.766e-01	6.089e-02 3.182102680206299	1.0
chr16_57277442_TAGTC_T_b38	1	4.51384e-03	-3.766e-01	6.089e-02 3.0806853540081502	1.0
chr16_57136842_G_A_b38	1	3.92109e-03	3.488e-01	5.852e-02 -4.258286476135254	1.0
chr16_57223049_C_T_b38	1	3.76877e-03	3.420e-01	5.753e-02 -3.8977265357971187	1.0
chr16_57243836_A_C_b38	1	2.29838e-03	3.518e-01	5.833e-02 -4.05844783782959	1.0
chr16_57138195_C_T_b38	2	4.18608e-01	3.182e-01	5.622e-02 -1.7798599004745483	1.0
chr16_57143055_C_G_b38	2	3.19270e-01	3.383e-01	6.046e-02 -1.450236439704895	1.0
chr16_57185702_G_A_b38	2	1.38171e-01	2.950e-01	6.608e-02 -1.5230727195739746	1.0
chr16_57136277_T_C_b38	2	2.27751e-02	3.357e-01	6.552e-02 -1.5127750635147097	1.0
chr16_57165648_A_G_b38	2	1.85171e-02	2.879e-01	6.089e-02 -1.333767652511597	1.0
chr16_57184414_A_C_b38	2	1.79471e-02	2.953e-01	6.613e-02 -1.50993812084198	1.0
chr16_57190357_C_T_b38	2	1.07307e-02	2.955e-01	6.613e-02 -1.5689911842346191	1.0
chr16_57182802_C_T_b38	2	9.97457e-03	2.955e-01	6.613e-02 -1.492084503173828	1.0
chr16_57176902_C_T_b38	2	8.40025e-03	3.043e-01	6.689e-02 -1.4808411598205566	1.0
chr16_57147964_T_C_b38	2	3.00641e-03	3.219e-01	6.590e-02 -1.4169389009475708	1.0
chr16_57149837_A_T_b38	2	3.00641e-03	3.219e-01	6.590e-02 -1.426176905632019	1.0
chr16_57148356_A_G_b38	2	3.00641e-03	3.219e-01	6.590e-02 -1.4216110706329346	1.0
chr16_57207890_A_AC_b38	2	2.36959e-03	3.127e-01	6.817e-02 -1.3684490383922634	1.0
chr16_57203008_TAAA_T_b38	2	2.36959e-03	3.127e-01	6.817e-02 -1.3684490383922634	1.0
chr16_57168629_C_G_b38	2	2.35264e-03	3.127e-01	6.817e-02 -1.4648655652999878	1.0
chr16_57164946_G_A_b38	2	2.07560e-03	3.051e-01	6.698e-02 -1.468149185180664	1.0
chr16_57139855_C_T_b38	2	1.97414e-03	3.199e-01	6.670e-02 -1.46842360496521	1.0
chr16_57201551_G_C_b38	2	1.58786e-03	2.971e-01	6.622e-02 -1.3726388067015638	1.0
chr16_57209935_C_T_b38	2	1.50384e-03	2.963e-01	6.622e-02 -1.5490907430648804	1.0
chr16_57204190_C_T_b38	2	1.50384e-03	2.963e-01	6.622e-02 -1.5572981834411619	1.0
chr16_57205068_G_A_b38	2	1.50384e-03	2.963e-01	6.622e-02 -1.5583192110061646	1.0
chr16_57169576_G_A_b38	2	1.49308e-03	2.963e-01	6.622e-02 -1.4698724746704102	1.0
chr16_57175775_C_CA_b38	2	1.49308e-03	2.963e-01	6.622e-02 -1.4693050568107653	1.0
chr16_57167517_C_T_b38	2	1.49308e-03	2.963e-01	6.622e-02 -1.4632196426391602	1.0
chr16_57124440_C_A_b38	2	1.27836e-03	3.144e-01	6.233e-02 -0.1920238733291626	1.0
chr16_57145764_C_T_b38	2	1.27657e-03	3.179e-01	6.770e-02 -1.4100693464279177	1.0
chr16_57146660_G_C_b38	2	1.04300e-03	3.109e-01	6.587e-02 -1.304121732711792	1.0
chr16_57150321_C_CA_b38	3	3.76137e-01	-2.401e-01	1.197e-01 0.40499333718166813	1.0
chr16_57259697_G_A_b38	4	5.31878e-02	3.713e-01	8.160e-02 0.2164413928985596	1.0
chr16_57268250_A_G_b38	4	4.11129e-02	3.526e-01	7.905e-02 0.05703049898147582	1.0
chr16_57186104_A_C_b38	5	9.23675e-04	4.337e-02	2.492e-02 0.3545037508010864	1.0
chr16_57186833_G_A_b38	5	1.75531e-04	3.911e-02	2.519e-02 0.1728709042072296	1.0
chr16_57187953_G_T_b38	5	8.01336e-05	4.145e-02	2.534e-02 0.02205222100019455	1.0
