chr7_1077800_T_C_b38	1	9.47674e-01	-1.450e-01	2.752e-02 -4.728486061096191	1.0
chr7_1084142_A_G_b38	1	1.55488e-02	-1.187e-01	2.798e-02 -3.342491149902344	1.0
chr7_1086257_A_G_b38	1	9.60172e-03	-1.197e-01	2.762e-02 -4.686512470245361	1.0
chr7_1086899_A_G_b38	2	3.19256e-02	1.490e-01	5.517e-02 2.44275253037322	1.0
chr7_1087409_G_T_b38	2	1.69494e-02	1.413e-01	5.299e-02 2.624242094339164	1.0
chr7_1091505_C_G_b38	2	1.69494e-02	1.413e-01	5.299e-02 2.624242094339164	1.0
chr7_1105410_G_C_b38	2	7.21756e-03	1.357e-01	5.227e-02 2.659339515830762	1.0
chr7_1041705_G_A_b38	2	1.82670e-03	1.274e-01	5.166e-02 2.8019116206982666	1.0
chr7_989676_G_C_b38	2	1.19802e-03	1.460e-01	5.293e-02 2.603722057027458	1.0
chr7_1144453_G_A_b38	2	9.10466e-04	1.357e-01	5.227e-02 2.634827390541118	1.0
chr7_1160341_C_T_b38	2	8.64857e-04	1.429e-01	5.538e-02 2.392000106295633	1.0
chr7_1081552_C_T_b38	3	2.19353e-03	8.866e-02	7.842e-02 -3.803646170782194	1.0
