chr13_114234842_T_C_b38	1	4.66270e-01	7.008e-01	7.835e-02 -8.318470001220701	1.0
chr13_114235244_G_A_b38	1	4.66262e-01	7.008e-01	7.835e-02 -8.291701316833496	1.0
chr13_114234161_A_G_b38	1	3.72650e-02	6.869e-01	4.707e-02 -8.325231552124022	1.0
chr13_114233584_G_C_b38	1	1.82716e-02	6.854e-01	4.337e-02 -8.298820495605469	1.0
chr13_114234363_A_G_b38	1	6.22135e-03	6.727e-01	5.928e-02 -8.292349815368652	1.0
chr13_114237059_C_T_b38	2	3.19960e-01	2.552e-01	6.747e-02 1.7193545103073118	1.0
chr13_114233286_A_G_b38	2	2.20663e-02	1.845e-01	1.043e-01 1.7777482271194458	1.0
chr13_114238047_GTGC_G_b38	2	1.34160e-02	1.906e-01	9.825e-02 2.040142741272612	1.0
chr13_114241031_T_A_b38	2	8.32436e-03	2.046e-01	7.146e-02 1.7706223726272583	1.0
chr13_114255160_T_C_b38	2	5.91578e-03	2.303e-01	7.444e-02 2.203410387039185	1.0
chr13_114278564_T_C_b38	2	4.66129e-03	2.334e-01	6.848e-02 1.8620911546893888	1.0
chr13_114251747_G_A_b38	2	3.28727e-03	2.051e-01	7.146e-02 1.825238823890686	1.0
chr13_114258007_G_A_b38	2	3.28727e-03	2.051e-01	7.146e-02 2.040142741272612	1.0
chr13_114253567_G_T_b38	2	3.28727e-03	2.051e-01	7.146e-02 1.827268958091736	1.0
chr13_114249902_A_G_b38	2	3.28727e-03	2.051e-01	7.146e-02 1.8127251863479612	1.0
chr13_114245777_C_T_b38	2	3.28727e-03	2.051e-01	7.146e-02 1.7893472909927368	1.0
chr13_114248701_G_A_b38	2	3.28727e-03	2.051e-01	7.146e-02 1.806635499000549	1.0
chr13_114247287_C_T_b38	2	3.28727e-03	2.051e-01	7.146e-02 1.7901655435562134	1.0
chr13_114274167_C_T_b38	2	3.12918e-03	2.283e-01	6.989e-02 2.040142741272612	1.0
chr13_114262041_A_G_b38	2	2.77703e-03	1.681e-01	5.062e-02 2.3593145288738158	1.0
chr13_114234990_T_C_b38	3	1.67257e-02	1.533e-01	1.134e-01 -7.626894993574168	1.0
chr13_114234890_C_A_b38	3	1.19645e-02	-3.005e-01	1.235e-01 -8.255132675170897	1.0
chr13_114234974_G_GGGCGGC_b38	3	4.41971e-03	-1.451e-01	9.176e-02 -7.796922501535	1.0
chr13_114237284_C_A_b38	3	3.90733e-03	1.805e-01	6.241e-01 -8.293417930603027	1.0
chr13_114235175_G_T_b38	3	3.45833e-03	-8.924e-02	5.841e-02 -6.93271541595459	1.0
chr13_114237993_C_G_b38	3	2.39652e-03	1.805e-01	6.241e-01 -8.291173934936522	1.0
chr13_114232601_C_T_b38	3	1.94644e-03	-2.801e-01	1.117e-01 -8.207513809204103	1.0
chr13_114239049_AT_A_b38	3	1.72803e-03	-3.222e-01	1.147e-01 -8.29394369115321	1.0
chr13_114239080_TGCATCTCTTAAATATGTGTGA_T_b38	3	1.72803e-03	-3.222e-01	1.147e-01 -8.29394369115321	1.0
chr13_114233320_C_T_b38	3	1.65418e-03	-2.778e-01	1.176e-01 -8.239706993103027	1.0
chr13_114241376_T_C_b38	3	1.57021e-03	1.805e-01	6.241e-01 -8.267294883728027	1.0
chr13_114241614_A_G_b38	3	1.57021e-03	1.805e-01	6.241e-01 -8.274530410766603	1.0
chr13_114244779_C_T_b38	3	1.43806e-03	-1.366e-01	7.432e-02 6.3012757301330575	1.0
chr13_114239439_C_T_b38	3	1.30975e-03	1.278e-01	1.853e-01 -6.984793186187744	1.0
chr13_114236830_G_A_b38	3	1.28009e-03	-3.529e-01	1.785e-01 -8.293829917907715	1.0
chr13_114231942_G_A_b38	3	1.17681e-03	1.094e-01	7.594e-02 -6.413815498352051	1.0
chr13_114242563_A_G_b38	3	1.11978e-03	-3.222e-01	1.147e-01 -8.182621955871582	1.0
chr13_114241457_T_C_b38	3	1.11978e-03	-3.222e-01	1.147e-01 -8.176948547363281	1.0
chr13_114241023_C_A_b38	3	1.11978e-03	-3.222e-01	1.147e-01 -8.188044548034668	1.0
chr13_114250102_T_C_b38	3	8.98540e-04	2.599e-01	2.282e-01 -6.832265377044678	1.0
chr13_114239662_T_C_b38	3	8.97705e-04	9.717e-02	7.825e-02 -6.406212329864503	1.0
chr13_114240504_C_G_b38	3	8.79631e-04	-2.870e-01	1.091e-01 -8.211735725402832	1.0
chr13_114239460_T_C_b38	3	8.38938e-04	3.091e-02	1.936e-01 -7.000062942504883	1.0
chr13_114242913_T_C_b38	3	5.40859e-04	4.616e-02	3.269e-01 -8.28118896484375	1.0
chr13_114241286_T_A_b38	3	4.28657e-04	7.837e-02	7.144e-02 -6.39720344543457	1.0
chr13_114230676_C_T_b38	3	4.03156e-04	6.069e-02	5.674e-02 -7.325725555419923	1.0
chr13_114238569_C_T_b38	3	3.34621e-04	-8.643e-02	5.894e-02 -6.8897156715393075	1.0
chr13_114247217_G_T_b38	3	2.40372e-04	-3.183e-01	1.418e-01 -8.198104858398438	1.0
chr13_114226264_G_A_b38	4	1.48947e-03	2.166e-01	6.899e-02 0.8958321213722229	1.0
chr13_114228725_G_A_b38	4	1.20012e-04	1.908e-01	7.863e-02 1.1522864103317259	1.0
chr13_114228216_TC_T_b38	4	1.20012e-04	1.908e-01	7.863e-02 1.1771238765844116	1.0
chr13_114232729_CT_C_b38	4	1.00876e-04	1.203e-01	7.591e-02 1.288530773914507	1.0
chr13_114214372_A_T_b38	4	6.09954e-05	1.849e-01	7.721e-02 0.9293462634086608	1.0
chr13_114214912_CTTAAT_C_b38	4	6.09954e-05	1.849e-01	7.721e-02 1.3556466232773374	1.0
chr13_114212107_C_T_b38	4	6.09954e-05	1.849e-01	7.721e-02 0.9595728516578674	1.0
chr13_114222083_G_A_b38	4	6.09954e-05	1.849e-01	7.721e-02 0.9660067558288574	1.0
chr13_114214328_T_G_b38	4	6.09954e-05	1.849e-01	7.721e-02 0.9296998977661132	1.0
chr13_114203820_T_C_b38	4	4.80427e-05	2.224e-01	7.487e-02 1.00507652759552	1.0
