chr3_113110595_G_A_b38	1	1.46705e-01	5.592e-01	8.492e-02 7.088467121124268	1.0
chr3_113110314_G_C_b38	1	1.46705e-01	5.592e-01	8.492e-02 7.067592144012451	1.0
chr3_113110550_T_C_b38	1	1.46705e-01	5.592e-01	8.492e-02 7.078154563903809	1.0
chr3_113108538_T_C_b38	1	1.46705e-01	5.592e-01	8.492e-02 7.150918960571289	1.0
chr3_113109431_G_T_b38	1	1.37214e-01	5.659e-01	8.601e-02 7.155947685241699	1.0
chr3_113107834_C_T_b38	1	1.37214e-01	5.659e-01	8.601e-02 7.213791847229004	1.0
chr3_113106726_A_G_b38	1	1.37214e-01	5.659e-01	8.601e-02 7.173404216766357	1.0
chr3_113107406_C_T_b38	1	2.46748e-05	5.373e-01	8.818e-02 6.806450366973878	1.0
chr3_113106788_G_A_b38	1	2.46748e-05	5.373e-01	8.818e-02 6.8068299293518075	1.0
chr3_113107568_A_T_b38	1	2.46748e-05	5.373e-01	8.818e-02 6.798142910003662	1.0
chr3_113107815_G_A_b38	1	2.46748e-05	5.373e-01	8.818e-02 6.8367652893066415	1.0
chr3_113107783_G_A_b38	1	2.46748e-05	5.373e-01	8.818e-02 6.838822364807129	1.0
chr3_113105365_G_A_b38	1	2.05176e-05	5.366e-01	8.861e-02 6.545398235321045	1.0
chr3_113106065_G_C_b38	1	1.66744e-05	5.229e-01	8.700e-02 6.910547256469728	1.0
chr3_113106318_T_C_b38	1	1.66744e-05	5.229e-01	8.700e-02 6.886862754821777	1.0
chr3_113019471_C_T_b38	2	8.00013e-01	-5.616e-01	9.218e-02 -1.132558822631836	1.0
chr3_113021298_C_T_b38	2	7.31904e-02	-5.530e-01	9.891e-02 -1.763777494430542	1.0
chr3_113019778_C_T_b38	2	4.13514e-02	-5.325e-01	9.735e-02 -1.7619935274124146	1.0
chr3_113008337_A_T_b38	2	1.91564e-02	-5.113e-01	9.611e-02 -1.036213994026184	1.0
chr3_113018940_A_G_b38	2	1.91564e-02	-5.113e-01	9.611e-02 -1.0891358852386477	1.0
chr3_113007564_G_A_b38	2	1.91564e-02	-5.113e-01	9.611e-02 -1.1255890130996704	1.0
chr3_113014557_G_A_b38	2	1.81086e-02	-5.043e-01	9.537e-02 -1.1102571487426758	1.0
chr3_113167673_C_T_b38	3	1.54645e-01	-3.081e-01	1.150e-01 0.5941274166107178	1.0
chr3_113167434_G_A_b38	3	3.70904e-02	-2.303e-01	1.088e-01 0.460832953453064	1.0
chr3_113159144_G_A_b38	3	2.76936e-02	-3.381e-01	1.118e-01 0.4460224509239197	1.0
chr3_113165814_AT_A_b38	3	1.23251e-02	-2.659e-01	1.114e-01 0.3907540053630194	1.0
chr3_113175151_T_C_b38	3	6.18653e-03	-2.757e-01	1.118e-01 0.4579291939735413	1.0
chr3_113175929_C_T_b38	3	6.18653e-03	-2.757e-01	1.118e-01 0.4363557994365692	1.0
chr3_113175640_A_T_b38	3	5.65761e-03	-2.698e-01	1.107e-01 0.4945001006126404	1.0
chr3_113175492_T_C_b38	3	5.65761e-03	-2.698e-01	1.107e-01 0.3880041539669037	1.0
chr3_113182458_A_G_b38	3	4.79270e-03	-3.017e-01	1.115e-01 0.2619420886039734	1.0
chr3_113145409_CG_C_b38	3	3.62468e-03	-2.899e-01	1.122e-01 0.0975230113855352	1.0
chr3_113182697_C_T_b38	3	2.55404e-03	-2.677e-01	1.088e-01 0.313027024269104	1.0
chr3_113177526_A_G_b38	3	1.75642e-03	-1.891e-01	9.850e-02 0.5134255886077881	1.0
chr3_113192101_C_G_b38	3	1.73324e-03	-2.545e-01	1.119e-01 0.3435073792934418	1.0
chr3_113139899_G_A_b38	3	1.55004e-03	-2.899e-01	1.122e-01 0.293368935585022	1.0
chr3_113192620_A_G_b38	3	1.46912e-03	-2.308e-01	1.041e-01 1.024518966674805	1.0
chr3_113192004_T_C_b38	3	1.43800e-03	-2.292e-01	1.038e-01 0.9559193253517152	1.0
chr3_113167107_C_T_b38	4	6.48841e-03	-2.599e-01	1.088e-01 1.1312522888183594	1.0
chr3_113163192_A_G_b38	4	3.35055e-03	-2.936e-01	1.091e-01 1.6771972179412842	1.0
chr3_113160864_A_G_b38	4	6.85681e-04	-2.561e-01	1.084e-01 1.6077444553375244	1.0
chr3_113160217_A_G_b38	4	5.16327e-04	-2.396e-01	1.079e-01 1.9789400100708008	1.0
chr3_113177146_A_G_b38	4	2.30956e-04	-2.326e-01	1.517e-01 -1.2659904956817627	1.0
chr3_113175535_C_G_b38	4	1.17952e-04	-1.962e-01	1.314e-01 -1.0974959135055542	1.0
chr3_113173641_T_C_b38	4	1.17952e-04	-1.962e-01	1.314e-01 -1.1276648044586182	1.0
