chr3_183819910_C_A_b38	1	8.45210e-01	-3.085e-01	4.677e-02 5.9199485778808585	1.0
chr3_183797526_A_G_b38	1	4.56080e-02	-2.762e-01	5.443e-02 4.862460743384713	1.0
chr3_183765821_C_T_b38	1	3.62893e-02	-2.805e-01	5.707e-02 4.6467556953430185	1.0
chr3_183767025_T_A_b38	1	3.62893e-02	-2.805e-01	5.707e-02 4.669133186340332	1.0
chr3_183826713_G_A_b38	2	5.12866e-01	3.635e-01	1.105e-01 0.0	1.0
chr3_183943236_T_G_b38	2	8.17574e-02	4.866e-01	1.021e-01 0.0	1.0
chr3_184003058_G_T_b38	2	8.17574e-02	4.866e-01	1.021e-01 0.0	1.0
chr3_184000546_G_A_b38	2	8.17574e-02	4.866e-01	1.021e-01 0.0	1.0
chr3_183829177_C_T_b38	3	5.11994e-02	-1.484e-01	5.278e-02 3.000921726226806	1.0
chr3_183833335_C_T_b38	3	3.25903e-02	-1.524e-01	5.462e-02 2.7066237926483154	1.0
chr3_183832655_C_A_b38	3	3.25903e-02	-1.524e-01	5.462e-02 2.638979911804199	1.0
chr3_183836131_T_C_b38	3	1.52532e-02	-1.504e-01	5.410e-02 2.7779228687286377	1.0
chr3_183836382_A_G_b38	3	1.09772e-02	-1.434e-01	5.318e-02 2.77138900756836	1.0
chr3_183832749_T_C_b38	3	3.77782e-03	-1.220e-01	5.614e-02 2.6816954612731934	1.0
chr3_183836083_C_G_b38	3	1.71101e-03	-1.169e-01	5.331e-02 2.8078036308288574	1.0
chr3_183822599_T_C_b38	3	1.13180e-03	-7.294e-02	4.689e-02 2.270329713821411	1.0
chr3_183816281_G_C_b38	4	1.91078e-02	1.948e-01	5.706e-02 -2.6490981578826904	1.0
chr3_183813944_C_T_b38	4	9.03470e-03	1.953e-01	5.684e-02 -2.51704740524292	1.0
chr3_183804714_G_A_b38	4	5.65762e-03	1.879e-01	5.701e-02 -2.576646089553833	1.0
chr3_183814415_G_A_b38	4	3.91904e-03	1.823e-01	5.681e-02 -2.5274899005889893	1.0
chr3_183797481_G_A_b38	4	3.34147e-03	1.983e-01	5.667e-02 -2.5717177391052246	1.0
chr3_183744564_G_C_b38	4	9.45531e-04	1.853e-01	5.184e-02 -2.537929058074951	1.0
chr3_183726081_G_A_b38	4	8.82702e-04	1.721e-01	4.863e-02 -1.4966856241226196	1.0
chr3_183759692_C_T_b38	4	7.66567e-04	1.835e-01	5.225e-02 -2.513230800628662	1.0
chr3_183733954_A_C_b38	4	4.65503e-04	1.648e-01	4.808e-02 -1.6203466653823853	1.0
chr3_183818875_G_C_b38	4	4.49495e-04	1.293e-01	5.438e-02 -3.984660387039185	1.0
chr3_183726659_C_A_b38	4	2.81498e-04	1.606e-01	4.918e-02 -1.482657551765442	1.0
chr3_183764827_C_T_b38	4	9.55767e-05	2.054e-01	6.273e-02 -2.417658567428589	1.0
chr3_183773210_C_A_b38	5	1.69085e-03	-3.244e-01	3.360e-02 4.928666591644287	1.0
chr3_183773367_T_C_b38	5	1.69085e-03	-3.244e-01	3.360e-02 4.929784297943115	1.0
chr3_183825503_G_A_b38	5	1.00600e-03	-2.085e-01	1.682e-01 5.20346212387085	1.0
chr3_183835752_A_G_b38	5	7.39791e-04	-3.217e-01	3.459e-02 5.273576259613037	1.0
chr3_183816382_C_T_b38	5	6.28556e-04	-3.117e-01	4.674e-02 4.954462051391602	1.0
chr3_183776667_G_A_b38	5	4.11835e-04	-3.207e-01	3.433e-02 4.980520725250244	1.0
chr3_183779045_C_T_b38	5	4.11835e-04	-3.207e-01	3.433e-02 4.995929718017578	1.0
chr3_183800211_A_G_b38	5	4.08157e-04	-3.207e-01	3.433e-02 4.998651027679443	1.0
chr3_183779116_G_A_b38	5	3.01169e-04	-3.212e-01	3.453e-02 4.99334716796875	1.0
chr3_183813498_G_A_b38	5	2.47627e-04	-3.160e-01	3.450e-02 4.949814796447754	1.0
chr3_183813190_G_A_b38	5	2.47627e-04	-3.160e-01	3.450e-02 4.953136444091797	1.0
chr3_183816750_T_C_b38	5	2.39615e-04	-3.118e-01	3.443e-02 4.956349849700928	1.0
chr3_183781984_A_G_b38	5	1.43550e-04	-3.165e-01	3.437e-02 5.007116794586182	1.0
chr3_183773552_T_C_b38	5	1.34572e-04	-3.207e-01	3.433e-02 4.965452194213867	1.0
chr3_183824938_A_T_b38	5	1.11543e-04	3.808e-02	6.566e-02 5.2510600090026855	1.0
chr3_183824939_G_T_b38	5	1.11543e-04	3.808e-02	6.566e-02 5.244935512542725	1.0
chr3_183826314_T_C_b38	5	1.05773e-04	4.519e-02	6.339e-02 5.3083672523498535	1.0
chr3_183820628_A_G_b38	5	1.03988e-04	-3.048e-01	3.430e-02 5.564213752746582	1.0
chr3_183820637_T_C_b38	5	9.12438e-05	-3.016e-01	3.401e-02 5.5951499938964835	1.0
chr3_183775200_G_A_b38	5	6.48653e-05	-3.120e-01	3.374e-02 4.918960094451903	1.0
chr3_183757571_C_T_b38	5	5.64752e-05	-3.176e-01	3.441e-02 4.816032409667969	1.0
chr3_183758897_G_A_b38	5	5.64752e-05	-3.176e-01	3.441e-02 4.78035831451416	1.0
chr3_183762320_ATGT_A_b38	5	5.64752e-05	-3.176e-01	3.441e-02 4.8341360994868126	1.0
chr3_183763646_C_T_b38	5	5.64752e-05	-3.176e-01	3.441e-02 4.8468546867370605	1.0
chr3_183763943_C_A_b38	5	5.64752e-05	-3.176e-01	3.441e-02 4.846948146820068	1.0
chr3_183817125_A_G_b38	5	5.05766e-05	-3.037e-01	3.444e-02 4.979975700378418	1.0
chr3_183815835_C_G_b38	5	5.05766e-05	-3.037e-01	3.444e-02 4.962314128875732	1.0
chr3_183744309_G_T_b38	5	3.97235e-05	-3.157e-01	3.437e-02 4.804927349090576	1.0
chr3_183741636_G_A_b38	5	3.97235e-05	-3.157e-01	3.437e-02 4.8057050704956055	1.0
chr3_183808781_G_T_b38	5	3.74027e-05	-3.071e-01	3.450e-02 4.902064580657774	1.0
chr3_183806405_T_C_b38	5	3.74027e-05	-3.071e-01	3.450e-02 4.983541011810303	1.0
chr3_183808777_AC_A_b38	5	3.74027e-05	-3.071e-01	3.450e-02 4.902064580657774	1.0
chr3_183815269_T_C_b38	5	3.74027e-05	-3.071e-01	3.450e-02 4.9645514488220215	1.0
chr3_183816706_G_T_b38	5	3.20094e-05	-3.019e-01	3.466e-02 4.944511890411377	1.0
chr3_183828295_A_C_b38	5	2.82662e-05	-3.054e-01	3.513e-02 5.226306915283203	1.0
chr3_183789845_G_C_b38	5	2.31561e-05	-3.086e-01	3.439e-02 4.997214794158936	1.0
chr3_183791380_A_G_b38	5	2.31561e-05	-3.086e-01	3.439e-02 5.001983642578125	1.0
chr3_183831212_G_A_b38	5	1.89673e-05	-3.045e-01	3.486e-02 5.235796928405762	1.0
chr3_183809830_T_C_b38	5	1.43330e-05	-3.038e-01	3.455e-02 4.955351829528809	1.0
chr3_183813198_A_G_b38	5	1.43330e-05	-3.038e-01	3.455e-02 4.96883487701416	1.0
chr3_183814437_A_AGGAT_b38	5	1.21585e-05	-3.067e-01	3.497e-02 4.882995614137024	1.0
