chr11_85815356_C_T_b38	1	9.99747e-01	-5.101e-01	3.665e-02 -6.614036560058594	1.0
chr11_85748127_G_A_b38	2	7.08760e-01	-4.146e-01	7.958e-02 0.02685664407908916	1.0
chr11_85635964_C_T_b38	2	9.20115e-02	-4.530e-01	8.829e-02 0.4338153600692749	1.0
chr11_85713797_G_A_b38	2	6.37058e-02	-3.682e-01	7.913e-02 0.2839065194129944	1.0
chr11_86022915_G_A_b38	2	3.87917e-02	-4.135e-01	8.408e-02 -0.605332612991333	1.0
chr11_85966275_T_C_b38	2	1.36947e-02	-4.212e-01	8.997e-02 0.42696455121040333	1.0
chr11_85812134_T_C_b38	3	2.11917e-02	-2.106e-01	1.066e-01 0.0	1.0
chr11_85812811_TGAG_T_b38	3	9.75186e-03	-2.108e-01	1.066e-01 0.0	1.0
chr11_85808539_C_A_b38	3	5.80550e-03	-2.108e-01	1.066e-01 0.0	1.0
chr11_85806430_G_A_b38	3	5.80550e-03	-2.108e-01	1.066e-01 0.0	1.0
chr11_85805807_G_A_b38	3	3.17662e-03	-2.111e-01	1.065e-01 0.0	1.0
chr11_85787908_A_G_b38	3	1.26677e-03	-1.978e-01	1.029e-01 0.0	1.0
chr11_85784152_C_G_b38	3	3.53072e-04	-1.434e-01	7.651e-02 -0.2828727066516876	1.0
chr11_85733757_G_A_b38	3	2.46164e-04	-2.036e-01	9.807e-02 0.0	1.0
chr11_85774394_T_C_b38	3	2.13087e-04	-1.372e-01	9.971e-02 0.0	1.0
chr11_85811564_C_T_b38	4	9.27832e-04	-1.036e-01	8.009e-02 -1.103545904159546	1.0
chr11_85810383_T_A_b38	4	3.26861e-04	-1.035e-01	8.007e-02 -1.0948342084884644	1.0
chr11_85813315_TGTTA_T_b38	4	7.10099e-05	-4.851e-02	6.747e-02 -1.1085595308821552	1.0
chr11_85802192_C_T_b38	4	4.93914e-05	-1.037e-01	8.005e-02 -1.0958598852157593	1.0
chr11_85803650_A_G_b38	4	3.83748e-05	-8.996e-02	7.111e-02 -1.1131229400634766	1.0
chr11_85802584_AC_A_b38	4	3.83748e-05	-8.996e-02	7.111e-02 -1.1064471952571762	1.0
chr11_85806506_C_G_b38	4	3.70177e-05	-2.321e-02	8.244e-02 -0.4655849337577821	1.0
chr11_85788940_T_C_b38	4	2.48585e-05	-1.037e-01	8.005e-02 -1.0771476030349731	1.0
chr11_85795951_G_A_b38	4	2.48585e-05	-1.037e-01	8.005e-02 -1.0966554880142212	1.0
chr11_85805155_G_A_b38	4	2.04123e-05	-4.972e-02	6.747e-02 -1.2138322591781616	1.0
