chr17_38765943_A_G_b38	1	5.72879e-01	-1.926e-01	1.926e-02 10.011672973632812	1.0
chr17_38757554_T_C_b38	1	2.27717e-01	-1.852e-01	1.938e-02 9.708832740783693	1.0
chr17_38773325_C_T_b38	1	1.92379e-01	-1.858e-01	1.936e-02 9.685181617736816	1.0
chr17_38769497_G_A_b38	1	6.25097e-03	-1.840e-01	2.020e-02 9.865631103515623	1.0
chr17_38752808_A_G_b38	2	5.88292e-01	1.014e-01	2.472e-02 5.9205875396728525	1.0
chr17_38743460_G_A_b38	2	1.77870e-01	1.008e-01	2.239e-02 4.673044681549072	1.0
chr17_38754091_T_TG_b38	2	1.08217e-01	1.014e-01	2.472e-02 5.984124513933371	1.0
chr17_38743403_TAAG_T_b38	2	8.45802e-02	9.615e-02	2.222e-02 4.782195746063565	1.0
chr17_38880777_C_A_b38	3	5.71203e-02	1.181e-01	2.672e-02 1.6422890424728394	1.0
chr17_38880749_C_T_b38	3	1.15596e-02	1.092e-01	2.714e-02 1.8691320419311523	1.0
chr17_38756535_A_G_b38	4	8.91201e-03	1.741e-01	5.268e-02 0.0	1.0
chr17_38756583_C_G_b38	4	1.78157e-04	7.421e-02	5.909e-02 0.0	1.0
chr17_38758627_C_G_b38	4	1.25076e-04	8.409e-02	5.473e-02 0.0	1.0
