chr4_85798012_T_C_b38	1	9.32332e-01	4.869e-01	4.294e-02 -5.712165355682372	1.0
chr4_85822279_TTGG_T_b38	1	1.73154e-02	5.134e-01	4.738e-02 -5.316637329590539	1.0
chr4_85810232_C_G_b38	1	1.29556e-02	4.524e-01	4.190e-02 -5.656598567962647	1.0
chr4_85839531_A_G_b38	1	5.73697e-03	5.059e-01	4.760e-02 -5.361658573150635	1.0
chr4_85801950_T_A_b38	1	4.18706e-03	4.488e-01	4.242e-02 -5.655179023742676	1.0
chr4_85804806_A_T_b38	1	4.18706e-03	4.488e-01	4.242e-02 -5.655910491943359	1.0
chr4_85804531_T_C_b38	1	4.18706e-03	4.488e-01	4.242e-02 -5.656260967254639	1.0
chr4_85836497_A_G_b38	1	3.87219e-03	5.094e-01	4.807e-02 -5.353583335876465	1.0
chr4_85831126_C_T_b38	1	3.76436e-03	5.036e-01	4.761e-02 -5.331175327301025	1.0
chr4_85820668_A_G_b38	1	3.18811e-03	5.168e-01	4.898e-02 -5.346248149871826	1.0
chr4_85719392_A_G_b38	2	1.83988e-01	2.708e-01	5.186e-02 1.5555754899978638	1.0
chr4_85694588_T_C_b38	2	8.45993e-02	2.602e-01	5.124e-02 1.7357689142227173	1.0
chr4_85689578_G_A_b38	2	8.45993e-02	2.602e-01	5.124e-02 1.6928821802139282	1.0
chr4_85699873_C_T_b38	2	6.82563e-02	2.593e-01	5.153e-02 1.7383921146392822	1.0
chr4_85686478_G_A_b38	2	6.82563e-02	2.593e-01	5.153e-02 1.6167317628860474	1.0
chr4_85713794_G_T_b38	2	3.01443e-02	2.486e-01	5.106e-02 1.810863256454468	1.0
chr4_85694609_A_G_b38	2	3.01443e-02	2.486e-01	5.106e-02 1.6456092596054075	1.0
chr4_85693849_A_C_b38	2	3.01443e-02	2.486e-01	5.106e-02 1.7096719741821291	1.0
chr4_85745207_G_A_b38	2	1.59931e-02	2.715e-01	5.177e-02 1.5707634687423706	1.0
chr4_85743498_G_T_b38	2	1.59931e-02	2.715e-01	5.177e-02 1.575972318649292	1.0
chr4_85744719_T_C_b38	2	1.59931e-02	2.715e-01	5.177e-02 1.5797584056854248	1.0
chr4_85772280_A_G_b38	2	1.59931e-02	2.715e-01	5.177e-02 1.5441384315490725	1.0
chr4_85747998_T_A_b38	2	1.59931e-02	2.715e-01	5.177e-02 1.5565886497497559	1.0
chr4_85742489_G_GA_b38	2	1.59931e-02	2.715e-01	5.177e-02 1.414351661438226	1.0
chr4_85746404_C_T_b38	2	1.59931e-02	2.715e-01	5.177e-02 1.5669817924499512	1.0
chr4_85747218_G_A_b38	2	1.59931e-02	2.715e-01	5.177e-02 1.5679489374160769	1.0
chr4_85746460_T_A_b38	2	1.59931e-02	2.715e-01	5.177e-02 1.5698742866516107	1.0
chr4_85739017_C_T_b38	2	1.59931e-02	2.715e-01	5.177e-02 1.5931891202926636	1.0
chr4_85749430_G_A_b38	2	1.59931e-02	2.715e-01	5.177e-02 1.5686001777648926	1.0
chr4_85726269_A_C_b38	2	1.59931e-02	2.715e-01	5.177e-02 1.56084942817688	1.0
chr4_85744693_CCTGA_C_b38	2	1.59931e-02	2.715e-01	5.177e-02 1.414351661438226	1.0
chr4_85733244_T_A_b38	2	1.59931e-02	2.715e-01	5.177e-02 1.414351661438226	1.0
chr4_85736014_C_T_b38	2	1.59931e-02	2.715e-01	5.177e-02 1.5804343223571775	1.0
chr4_85738136_G_A_b38	2	1.59931e-02	2.715e-01	5.177e-02 1.5907729864120483	1.0
chr4_85760315_T_C_b38	2	1.59931e-02	2.715e-01	5.177e-02 1.5298399925231934	1.0
chr4_85743546_T_TGACAG_b38	2	1.59931e-02	2.715e-01	5.177e-02 1.414351661438226	1.0
chr4_85733245_A_G_b38	2	1.59931e-02	2.715e-01	5.177e-02 1.414351661438226	1.0
chr4_85741172_C_T_b38	2	1.59931e-02	2.715e-01	5.177e-02 1.5960650444030762	1.0
chr4_85683788_A_G_b38	2	6.50261e-03	2.414e-01	5.357e-02 1.5221872329711914	1.0
chr4_85762669_A_G_b38	2	3.96527e-03	2.663e-01	5.389e-02 1.5077066421508791	1.0
chr4_85747128_C_A_b38	2	2.30504e-03	2.433e-01	5.059e-02 1.5402687788009644	1.0
chr4_85725185_A_C_b38	2	1.67743e-03	2.422e-01	5.116e-02 1.5893678665161133	1.0
chr4_85475417_A_G_b38	3	2.36002e-01	2.795e-01	9.807e-02 0.0	1.0
chr4_85475380_C_T_b38	4	2.02866e-03	2.806e-02	7.441e-02 1.063390016555786	1.0
chr4_85470207_C_T_b38	4	1.32873e-04	-1.993e-03	7.206e-02 0.8979835510253906	1.0
chr4_85467157_C_A_b38	4	8.28310e-05	-2.053e-03	7.202e-02 0.8233215212821959	1.0
chr4_85469540_C_T_b38	4	8.28310e-05	-2.053e-03	7.202e-02 0.9126874804496764	1.0
chr4_85463562_C_A_b38	4	4.62074e-05	5.353e-02	6.301e-02 0.8185191750526428	1.0
chr4_85461929_C_T_b38	4	4.12160e-05	4.474e-02	6.286e-02 0.8062963485717773	1.0
chr4_85461233_T_G_b38	4	4.12160e-05	4.474e-02	6.286e-02 0.7823309898376465	1.0
chr4_85461258_C_T_b38	4	4.04444e-05	3.939e-02	6.863e-02 0.7980292439460754	1.0
chr4_85459299_C_T_b38	4	4.04444e-05	3.939e-02	6.863e-02 0.7614978551864624	1.0
chr4_85459845_G_C_b38	4	4.04444e-05	3.939e-02	6.863e-02 0.7556602358818054	1.0
chr4_85461089_C_T_b38	4	2.68170e-05	1.812e-02	7.295e-02 0.8884137272834778	1.0
chr4_85461008_A_C_b38	4	2.68170e-05	1.812e-02	7.295e-02 0.9138387441635132	1.0
chr4_85495860_A_T_b38	4	2.65356e-05	2.348e-02	7.170e-02 1.0204517841339111	1.0
chr4_85462017_C_T_b38	4	2.64568e-05	2.288e-02	6.912e-02 0.8203730583190918	1.0
chr4_85462081_T_C_b38	4	2.64568e-05	2.288e-02	6.912e-02 0.8120231032371521	1.0
