chr5_181207407_TG_T_b38	1	4.14993e-01	6.200e-01	7.245e-02 -5.2613987457471465	1.0
chr5_181207677_A_G_b38	1	4.14993e-01	6.200e-01	7.245e-02 -5.273450374603272	1.0
chr5_181205744_TC_T_b38	1	1.00561e-01	5.274e-01	1.381e-01 -5.295692272083382	1.0
chr5_181207754_C_T_b38	1	6.80342e-02	6.043e-01	7.639e-02 -5.2817959785461435	1.0
chr5_181212588_C_G_b38	1	9.49899e-04	6.045e-01	7.055e-02 -5.2987470626831055	1.0
chr5_181206954_A_G_b38	1	1.23007e-04	6.498e-01	8.088e-02 -4.621082782745361	1.0
chr5_181204497_C_G_b38	1	6.11053e-05	6.272e-01	7.821e-02 -5.426856994628906	1.0
chr5_181208951_A_C_b38	1	4.29298e-05	6.498e-01	8.088e-02 -4.601346015930176	1.0
chr5_181207878_ATATAT_A_b38	1	2.40934e-05	6.416e-01	8.133e-02 -4.63605163395667	1.0
chr5_181211092_G_C_b38	1	1.61042e-05	6.398e-01	8.118e-02 -4.583641052246094	1.0
chr5_181204894_G_A_b38	2	9.63057e-01	-7.005e-01	1.334e-01 0.02525169774889946	1.0
chr5_181206854_T_G_b38	2	1.61558e-02	-7.426e-01	2.045e-01 -0.04293984919786453	1.0
chr5_181206680_C_G_b38	2	1.61558e-02	-7.426e-01	2.045e-01 -0.10883890837430954	1.0
chr5_181216732_A_G_b38	3	2.04541e-01	2.547e-01	6.660e-02 -0.7433164119720459	1.0
chr5_181205629_G_C_b38	4	1.29883e-02	2.350e-01	1.139e-01 -4.501522064208984	1.0
chr5_181207747_C_T_b38	4	3.15168e-03	3.142e-01	1.503e-01 -5.256413459777832	1.0
chr5_181207160_A_G_b38	4	3.15168e-03	3.142e-01	1.503e-01 -5.273627758026123	1.0
chr5_181204817_T_C_b38	4	2.57722e-03	2.371e-01	1.112e-01 -5.29364538192749	1.0
chr5_181201432_A_G_b38	4	2.31726e-03	2.812e-01	1.216e-01 -5.426599025726318	1.0
chr5_181210221_T_G_b38	4	1.85636e-03	2.463e-01	1.194e-01 -5.429841041564941	1.0
chr5_181188933_T_C_b38	4	1.73248e-03	2.957e-01	1.165e-01 -5.100630760192871	1.0
chr5_181199927_A_G_b38	4	1.44291e-03	2.777e-01	1.274e-01 -5.438007354736328	1.0
chr5_181199505_A_G_b38	4	1.44291e-03	2.777e-01	1.274e-01 -5.351156234741211	1.0
chr5_181199686_T_C_b38	4	5.04034e-04	2.315e-01	1.333e-01 -5.252998352050781	1.0
chr5_181192438_G_A_b38	4	4.95798e-04	2.329e-01	1.311e-01 -4.469416618347168	1.0
chr5_181200250_T_C_b38	4	4.68573e-04	2.337e-01	1.909e-01 -4.61145544052124	1.0
chr5_181193631_T_C_b38	4	3.48228e-04	2.516e-01	1.348e-01 -5.122039794921875	1.0
chr5_181192673_G_C_b38	4	3.48228e-04	2.516e-01	1.348e-01 -5.143733024597168	1.0
chr5_181204828_G_C_b38	4	3.36722e-04	9.922e-03	1.571e-01 -4.373912334442139	1.0
chr5_181216131_G_A_b38	4	1.58666e-04	1.545e-01	9.486e-02 -3.689444780349731	1.0
chr5_181195615_C_T_b38	4	1.56305e-04	1.481e-01	1.013e-01 -3.702431917190552	1.0
chr5_181198254_G_A_b38	4	1.14076e-04	8.233e-03	1.429e-01 -4.617721080780028	1.0
chr5_181199550_G_T_b38	4	1.03211e-04	-1.583e-02	1.406e-01 -4.1342525482177725	1.0
chr5_181206194_G_A_b38	5	4.27052e-04	1.491e-01	1.251e-01 -5.146789073944092	1.0
