chr10_118755322_G_A_b38	1	3.59621e-01	-3.033e-01	4.937e-02 -6.451712608337402	1.0
chr10_118752977_G_A_b38	1	1.72656e-01	-3.131e-01	4.935e-02 -6.342274188995361	1.0
chr10_118756214_C_G_b38	1	1.42961e-01	-3.031e-01	4.884e-02 -6.390156269073486	1.0
chr10_118745942_T_G_b38	1	6.68350e-02	-3.127e-01	4.948e-02 -6.334504127502441	1.0
chr10_118756671_CCTCT_C_b38	1	5.89771e-02	-3.026e-01	4.953e-02 -6.0557875342803165	1.0
chr10_118739088_C_T_b38	1	5.84786e-02	-3.159e-01	4.898e-02 -6.1917686462402335	1.0
chr10_118731994_C_T_b38	1	2.86514e-02	-3.116e-01	4.963e-02 -6.420975208282472	1.0
chr10_118733783_G_A_b38	1	2.86514e-02	-3.116e-01	4.963e-02 -6.342552661895753	1.0
chr10_118720651_T_C_b38	1	2.22049e-02	-3.149e-01	4.910e-02 -6.133777141571045	1.0
chr10_118721171_T_A_b38	1	2.22049e-02	-3.149e-01	4.910e-02 -6.141080856323242	1.0
chr10_118717478_A_G_b38	1	2.02987e-02	-3.095e-01	4.834e-02 -5.4307284355163565	1.0
chr10_118715533_A_G_b38	1	9.73414e-03	-3.044e-01	4.893e-02 -5.681330680847168	1.0
chr10_118698624_A_C_b38	1	5.37092e-03	-3.098e-01	4.920e-02 -6.008204936981201	1.0
chr10_118749614_T_G_b38	2	1.25891e-01	-2.710e-01	7.063e-02 2.4105699062347408	1.0
chr10_118751371_C_T_b38	2	6.21400e-02	-2.499e-01	7.115e-02 2.544924020767212	1.0
chr10_118736576_C_CA_b38	2	5.13499e-02	-2.480e-01	6.528e-02 2.574651848018547	1.0
chr10_118736260_T_C_b38	2	5.13499e-02	-2.480e-01	6.528e-02 2.365597486495972	1.0
chr10_118748407_T_C_b38	2	4.48920e-02	-2.317e-01	6.593e-02 2.487753391265869	1.0
chr10_118748785_C_T_b38	2	4.48920e-02	-2.317e-01	6.593e-02 2.3815948963165283	1.0
chr10_118716480_T_G_b38	2	2.92385e-02	-2.810e-01	7.178e-02 2.498145580291748	1.0
chr10_118749223_G_GA_b38	2	2.62884e-02	-2.295e-01	6.876e-02 2.3882786124806117	1.0
chr10_118725586_G_A_b38	2	2.28432e-02	-2.712e-01	7.067e-02 2.425732374191284	1.0
chr10_118751944_A_G_b38	2	2.14591e-02	-2.056e-01	6.507e-02 2.521676540374756	1.0
chr10_118739974_G_A_b38	2	1.96635e-02	-2.534e-01	7.228e-02 2.3848531246185303	1.0
chr10_118749180_G_A_b38	2	8.69609e-03	-2.283e-01	7.661e-02 2.2985994815826416	1.0
chr10_118721712_G_A_b38	2	8.40662e-03	-2.626e-01	7.350e-02 2.4855022430419917	1.0
chr10_118730033_T_C_b38	2	7.21462e-03	-2.319e-01	6.594e-02 2.353564739227295	1.0
chr10_118750733_G_A_b38	2	7.20509e-03	-1.984e-01	7.137e-02 2.5514371395111084	1.0
chr10_118728090_ACAG_A_b38	2	6.83349e-03	-2.533e-01	7.235e-02 2.4989447428776224	1.0
chr10_118738067_A_T_b38	2	6.25562e-03	-2.055e-01	6.511e-02 2.512120008468628	1.0
chr10_118738440_C_T_b38	2	6.25562e-03	-2.055e-01	6.511e-02 2.5049123764038086	1.0
chr10_118745278_T_C_b38	2	6.17121e-03	-1.894e-01	6.638e-02 2.492457628250122	1.0
chr10_118711913_G_GA_b38	2	2.39308e-03	-2.277e-01	7.098e-02 2.97349348000577	1.0
chr10_118725437_T_C_b38	2	1.99161e-03	-2.051e-01	6.516e-02 2.536218404769897	1.0
chr10_118716835_T_A_b38	2	1.99161e-03	-2.051e-01	6.516e-02 2.5734782218933105	1.0
chr10_118716398_C_T_b38	2	1.99161e-03	-2.051e-01	6.516e-02 2.5944838523864746	1.0
chr10_118723421_T_C_b38	2	1.99161e-03	-2.051e-01	6.516e-02 2.621178388595581	1.0
chr10_118726512_A_G_b38	2	1.99161e-03	-2.051e-01	6.516e-02 2.5341947078704834	1.0
chr10_118718676_C_T_b38	2	1.57781e-03	-2.239e-01	7.073e-02 2.6347155570983887	1.0
chr10_118718466_C_T_b38	2	1.57781e-03	-2.239e-01	7.073e-02 2.6360533237457275	1.0
chr10_118717954_CA_C_b38	2	1.57781e-03	-2.239e-01	7.073e-02 2.438293343148892	1.0
chr10_118740867_A_T_b38	2	1.51374e-03	-1.998e-01	7.141e-02 2.5349867343902592	1.0
chr10_118748298_G_T_b38	2	1.30840e-03	-1.520e-01	6.319e-02 2.171358823776245	1.0
chr10_118676075_A_C_b38	2	1.22166e-03	-2.337e-01	6.734e-02 2.808425188064575	1.0
chr10_118660944_C_G_b38	2	1.20868e-03	-2.538e-01	7.354e-02 1.7998592853546145	1.0
chr10_118661001_T_C_b38	2	1.20868e-03	-2.538e-01	7.354e-02 1.813138008117676	1.0
chr10_118706862_C_T_b38	2	5.40042e-04	-2.046e-01	7.114e-02 2.9807136058807373	1.0
chr10_118675321_T_C_b38	2	5.31905e-04	-2.157e-01	6.519e-02 2.921377420425415	1.0
chr10_118712242_G_A_b38	2	5.30134e-04	-2.074e-01	7.235e-02 2.8404021263122563	1.0
chr10_118746084_A_G_b38	2	4.60379e-04	-1.305e-01	6.426e-02 2.093696927754221	1.0
chr10_118721821_C_A_b38	2	4.57876e-04	-2.033e-01	7.231e-02 2.65193772315979	1.0
chr10_118716785_C_G_b38	2	4.57876e-04	-2.033e-01	7.231e-02 2.6356215476989746	1.0
chr10_118687316_C_A_b38	2	4.00646e-04	-2.274e-01	7.105e-02 2.81233286857605	1.0
chr10_118683370_T_C_b38	2	4.00646e-04	-2.274e-01	7.105e-02 2.835963249206543	1.0
chr10_118685368_A_C_b38	2	4.00646e-04	-2.274e-01	7.105e-02 2.820949077606201	1.0
chr10_118762188_A_G_b38	3	4.52243e-03	2.874e-01	1.074e-01 0.5657009482383728	1.0
chr10_118760227_C_CA_b38	3	2.68011e-03	2.311e-01	1.000e-01 0.6186668136103636	1.0
chr10_118760207_C_T_b38	3	2.68011e-03	2.311e-01	1.000e-01 0.6766595244407654	1.0
chr10_118759428_A_T_b38	3	2.68011e-03	2.311e-01	1.000e-01 0.7082014679908752	1.0
chr10_118765750_T_C_b38	3	1.83018e-03	2.885e-01	1.073e-01 0.15382584929466248	1.0
chr10_118740134_G_A_b38	3	2.53608e-04	2.380e-01	9.908e-02 0.7757758498191833	1.0
chr10_118743248_A_G_b38	3	2.53608e-04	2.380e-01	9.908e-02 0.8067307472229004	1.0
chr10_118734338_C_T_b38	3	2.53608e-04	2.380e-01	9.908e-02 0.8389163017272949	1.0
chr10_118736266_AG_A_b38	3	2.53608e-04	2.380e-01	9.908e-02 0.6186668136103636	1.0
chr10_118710367_T_G_b38	3	9.31525e-05	2.591e-01	1.018e-01 0.6346802115440369	1.0
