chr12_109573061_A_G_b38	1	6.38336e-01	-1.422e-01	4.556e-02 2.887516736984253	1.0
chr12_109579320_T_C_b38	1	1.14442e-01	-1.444e-01	4.519e-02 2.906810760498047	1.0
chr12_109573424_G_T_b38	2	2.66830e-01	-1.439e-01	5.556e-02 5.674980640411378	1.0
chr12_109573425_C_T_b38	2	2.66830e-01	-1.439e-01	5.556e-02 5.649074077606201	1.0
chr12_109577682_TG_T_b38	2	3.14169e-02	-1.444e-01	5.566e-02 5.695867858780145	1.0
chr12_109578645_G_A_b38	2	3.14169e-02	-1.444e-01	5.566e-02 5.680746555328369	1.0
chr12_109578438_CTAAG_C_b38	2	3.14169e-02	-1.444e-01	5.566e-02 5.695867858780145	1.0
chr12_109574662_G_T_b38	2	2.79867e-02	-1.119e-01	5.115e-02 5.6884636878967285	1.0
chr12_109574705_C_G_b38	2	2.79867e-02	-1.119e-01	5.115e-02 5.675570964813232	1.0
chr12_109571951_A_G_b38	2	1.67713e-02	-1.126e-01	4.870e-02 5.656840324401856	1.0
chr12_109576250_C_T_b38	2	1.63894e-02	-1.126e-01	4.870e-02 5.6722049713134775	1.0
chr12_109570188_A_G_b38	2	8.44694e-03	-8.146e-02	2.936e-02 5.2782015800476065	1.0
chr12_109577759_G_A_b38	2	7.19395e-03	-1.137e-01	5.216e-02 5.67311954498291	1.0
chr12_109567192_G_A_b38	2	7.05570e-03	-8.786e-02	3.033e-02 5.278526306152344	1.0
chr12_109568707_A_G_b38	2	4.41821e-03	-1.071e-01	4.794e-02 5.665998935699463	1.0
chr12_109583648_G_A_b38	2	4.30386e-03	-1.117e-01	5.132e-02 5.730707590393819	1.0
chr12_109566235_C_T_b38	2	3.21497e-03	-1.059e-01	5.031e-02 5.667746543884277	1.0
chr12_109587875_T_C_b38	2	3.06058e-03	-8.580e-02	3.005e-02 5.3041300773620605	1.0
chr12_109575834_T_G_b38	3	2.54221e-03	-7.736e-02	6.632e-02 2.9237096309661865	1.0
chr12_109572346_A_G_b38	3	1.00126e-03	-2.422e-02	3.622e-02 1.7802820205688477	1.0
chr12_109549113_C_G_b38	3	9.96697e-04	-1.216e-01	1.222e-01 2.859383106231689	1.0
chr12_109524990_G_C_b38	3	9.70433e-04	-1.516e-01	5.426e-02 2.8684144020080566	1.0
chr12_109578088_A_G_b38	3	9.00101e-04	-4.600e-02	5.763e-02 2.9208800792694087	1.0
chr12_109588219_G_T_b38	3	8.25268e-04	-1.192e-01	6.452e-02 2.934523344039917	1.0
chr12_109555798_C_A_b38	3	4.58512e-04	-9.091e-02	6.609e-02 2.872031211853028	1.0
chr12_109558538_C_A_b38	3	4.35333e-04	-8.873e-02	6.622e-02 2.8924081325531006	1.0
chr12_109557065_A_T_b38	3	4.35333e-04	-8.873e-02	6.622e-02 2.827697277069092	1.0
chr12_109557292_A_G_b38	3	4.35333e-04	-8.873e-02	6.622e-02 2.889614582061768	1.0
chr12_109556171_C_G_b38	3	4.35333e-04	-8.873e-02	6.622e-02 2.881709575653076	1.0
chr12_109565014_A_G_b38	3	4.24568e-04	-4.988e-02	6.048e-02 2.9060895442962646	1.0
chr12_109567155_C_T_b38	3	4.24568e-04	-4.988e-02	6.048e-02 2.917797088623047	1.0
chr12_109559840_G_C_b38	3	4.05306e-04	-8.750e-02	6.747e-02 2.9146106243133545	1.0
chr12_109564972_C_T_b38	3	3.48418e-04	3.661e-02	9.136e-02 2.3573315143585205	1.0
chr12_109553245_A_G_b38	3	3.29413e-04	-7.426e-02	6.458e-02 2.8821706771850586	1.0
chr12_109549130_G_A_b38	3	3.15310e-04	-7.207e-02	6.441e-02 2.8837816715240483	1.0
chr12_109550033_A_G_b38	3	3.15310e-04	-7.207e-02	6.441e-02 2.8813169002532963	1.0
chr12_109562388_C_T_b38	3	2.64642e-04	-6.188e-02	6.224e-02 2.956120252609253	1.0
chr12_109560292_A_G_b38	3	2.49124e-04	-5.911e-02	6.254e-02 2.9158725738525386	1.0
chr12_109563390_A_G_b38	3	2.49124e-04	-5.911e-02	6.254e-02 2.923635005950928	1.0
chr12_109551086_T_G_b38	3	2.26362e-04	-5.265e-02	5.979e-02 2.872295379638672	1.0
chr12_109560786_T_C_b38	3	2.14203e-04	-4.988e-02	6.048e-02 2.916858673095703	1.0
chr12_109595465_G_C_b38	3	1.94706e-04	-3.706e-02	3.865e-02 2.341726303100586	1.0
chr12_109551423_G_T_b38	3	1.83487e-04	-3.462e-02	3.852e-02 2.3291566371917725	1.0
chr12_109537406_A_T_b38	3	1.38246e-04	-7.789e-02	6.580e-02 2.8536171913146973	1.0
chr12_109527707_C_G_b38	3	1.38246e-04	-7.789e-02	6.580e-02 2.864546537399292	1.0
chr12_109546756_G_A_b38	3	1.25742e-04	-7.207e-02	6.441e-02 2.886881828308105	1.0
chr12_109537126_T_C_b38	3	1.25742e-04	-7.207e-02	6.441e-02 2.853739023208618	1.0
chr12_109536174_G_C_b38	3	1.25742e-04	-7.207e-02	6.441e-02 2.853739023208618	1.0
chr12_109542711_C_T_b38	3	1.13903e-04	-6.573e-02	6.236e-02 2.855508089065552	1.0
chr12_109543873_C_T_b38	3	1.13903e-04	-6.573e-02	6.236e-02 2.8550448417663574	1.0
chr12_109535468_T_C_b38	3	1.04847e-04	-6.204e-02	6.264e-02 2.85430908203125	1.0
chr12_109539088_G_T_b38	3	9.62871e-05	-5.634e-02	6.035e-02 2.854091167449951	1.0
chr12_109599608_G_T_b38	3	9.52735e-05	-4.368e-02	3.773e-02 2.277320146560669	1.0
chr12_109604543_A_G_b38	3	8.48927e-05	-3.971e-02	3.685e-02 2.2456486225128174	1.0
chr12_109610210_C_T_b38	3	8.43750e-05	-4.069e-02	3.138e-02 2.391387701034546	1.0
chr12_109600649_G_A_b38	3	8.36812e-05	-3.942e-02	3.729e-02 2.2786872386932373	1.0
chr12_109602817_A_G_b38	3	8.36812e-05	-3.942e-02	3.729e-02 2.279362440109253	1.0
chr12_109612305_A_G_b38	3	7.94641e-05	-3.920e-02	3.144e-02 2.421941041946411	1.0
