chr1_109275908_C_T_b38	1	1.84919e-01	-1.312e-01	2.991e-02 -4.888753890991211	1.0
chr1_109275684_G_T_b38	1	1.84919e-01	-1.312e-01	2.991e-02 -4.826676845550537	1.0
chr1_109278685_G_T_b38	1	1.84142e-01	-1.309e-01	3.177e-02 -4.768527030944824	1.0
chr1_109279521_G_A_b38	1	1.34627e-01	-1.280e-01	3.140e-02 -4.721502304077148	1.0
chr1_109279544_G_A_b38	1	1.34627e-01	-1.280e-01	3.140e-02 -4.736955642700195	1.0
chr1_109275536_C_CT_b38	1	3.76742e-02	-1.231e-01	3.066e-02 -4.455075784382178	1.0
chr1_109274570_A_G_b38	1	3.35850e-02	1.241e-01	3.099e-02 4.705712795257568	1.0
chr1_109274968_G_T_b38	1	3.32365e-02	1.234e-01	3.079e-02 4.979031562805176	1.0
chr1_109275216_T_C_b38	1	3.24135e-02	-1.215e-01	3.054e-02 -4.712809085845947	1.0
chr1_109278889_T_G_b38	1	3.04670e-02	-1.193e-01	3.189e-02 -4.510140895843506	1.0
chr1_109284138_T_TTCCTAACC_b38	2	4.48824e-01	1.205e-01	3.307e-02 1.1943863142716278	1.0
chr1_109284631_A_G_b38	2	4.43826e-01	-1.185e-01	3.074e-02 -1.5310380458831787	1.0
chr1_109254135_G_A_b38	3	2.26359e-01	-1.120e-01	2.688e-02 0.9615754485130309	1.0
chr1_109283514_C_T_b38	4	2.98775e-02	-6.041e-02	2.366e-02 -0.1118568629026413	1.0
chr1_109289661_A_G_b38	4	2.06838e-02	-7.504e-02	2.213e-02 0.1429157704114914	1.0
chr1_109289405_G_A_b38	4	2.06838e-02	-7.504e-02	2.213e-02 0.12157099694013596	1.0
chr1_109285779_T_TGGAC_b38	4	8.99114e-03	-6.665e-02	2.242e-02 -0.08422229622056479	1.0
chr1_109286968_T_C_b38	4	4.46864e-03	-6.129e-02	2.190e-02 -0.004458707291632891	1.0
chr1_109292765_T_G_b38	4	2.92557e-03	-6.370e-02	2.157e-02 0.05881498008966446	1.0
chr1_109293688_C_G_b38	4	1.25159e-03	-6.373e-02	2.149e-02 0.1319650560617447	1.0
chr1_109282969_C_T_b38	5	9.10763e-04	-3.779e-03	4.898e-02 -1.5305191278457642	1.0
chr1_109287315_T_G_b38	5	1.01313e-04	7.785e-02	4.680e-02 -1.2674986124038696	1.0
chr1_109293135_T_C_b38	5	3.72789e-05	9.002e-02	4.474e-02 -1.269668698310852	1.0
