chr6_109383239_T_C_b38	1	2.67136e-01	4.102e-01	8.322e-02 -10.540550231933594	1.0
chr6_109383248_A_C_b38	1	2.67136e-01	4.102e-01	8.322e-02 -10.542207717895508	1.0
chr6_109382188_C_T_b38	1	1.25859e-01	4.105e-01	7.783e-02 -10.46076774597168	1.0
chr6_109384807_C_A_b38	1	4.82077e-02	4.115e-01	6.741e-02 -10.491937637329102	1.0
chr6_109383848_G_A_b38	1	4.82077e-02	4.115e-01	6.741e-02 -10.504075050354004	1.0
chr6_109401793_T_C_b38	1	2.19532e-02	4.177e-01	6.090e-02 -10.693558660318805	1.0
chr6_109403734_G_A_b38	1	1.99608e-02	4.167e-01	6.064e-02 -10.532903671264648	1.0
chr6_109397362_C_G_b38	1	1.99608e-02	4.167e-01	6.064e-02 -10.548442840576172	1.0
chr6_109401814_T_TCC_b38	1	1.99608e-02	4.167e-01	6.064e-02 -10.627435031368927	1.0
chr6_109402736_G_A_b38	1	1.99608e-02	4.167e-01	6.064e-02 -10.536643028259276	1.0
chr6_109390116_T_C_b38	1	1.49662e-02	4.121e-01	6.128e-02 -10.481955528259276	1.0
chr6_109390638_C_A_b38	1	1.36319e-02	4.112e-01	6.122e-02 -10.526132583618164	1.0
chr6_109392195_C_CAG_b38	1	1.36319e-02	4.112e-01	6.122e-02 -10.541288643175333	1.0
chr6_109392096_A_C_b38	1	1.36319e-02	4.112e-01	6.122e-02 -10.495777130126953	1.0
chr6_109424122_T_A_b38	1	9.67561e-03	4.204e-01	6.050e-02 -10.378643035888672	1.0
chr6_109427644_T_C_b38	1	7.99412e-03	4.181e-01	6.008e-02 -10.527528762817383	1.0
chr6_109424305_A_C_b38	1	7.99412e-03	4.181e-01	6.008e-02 -10.520947456359863	1.0
chr6_109424756_G_C_b38	1	7.99412e-03	4.181e-01	6.008e-02 -10.51063346862793	1.0
chr6_109425054_A_G_b38	1	7.99412e-03	4.181e-01	6.008e-02 -10.52838134765625	1.0
chr6_109420247_T_C_b38	1	7.99412e-03	4.181e-01	6.008e-02 -10.511898040771484	1.0
chr6_109430292_A_C_b38	1	7.99412e-03	4.181e-01	6.008e-02 -10.530231475830078	1.0
chr6_109426518_G_A_b38	1	7.99412e-03	4.181e-01	6.008e-02 -10.53173542022705	1.0
chr6_109409679_T_C_b38	1	6.63847e-03	4.168e-01	6.037e-02 -10.514822006225586	1.0
chr6_109395885_T_G_b38	1	4.40679e-03	4.063e-01	6.128e-02 -10.56900691986084	1.0
chr6_109395905_C_G_b38	1	4.40679e-03	4.063e-01	6.128e-02 -10.572317123413086	1.0
chr6_109393881_G_A_b38	1	4.40679e-03	4.063e-01	6.128e-02 -10.5199556350708	1.0
chr6_109383183_C_A_b38	2	2.80016e-01	4.792e-01	1.250e-01 -3.476538181304932	1.0
chr6_109382935_A_G_b38	2	2.80016e-01	4.792e-01	1.250e-01 -3.4752731323242188	1.0
chr6_109383754_T_C_b38	2	1.23116e-01	5.311e-01	1.281e-01 -3.155972957611084	1.0
chr6_109382124_G_A_b38	2	9.56566e-02	5.079e-01	1.263e-01 -3.303818941116333	1.0
chr6_109383445_A_G_b38	2	7.11781e-02	5.052e-01	1.262e-01 -3.164693117141724	1.0
chr6_109386966_C_T_b38	2	2.90033e-02	4.776e-01	1.171e-01 -3.6246378421783447	1.0
chr6_109386968_G_T_b38	2	2.90033e-02	4.776e-01	1.171e-01 -3.624417543411255	1.0
chr6_109390799_A_G_b38	2	1.56064e-02	5.329e-01	1.274e-01 -3.170606136322021	1.0
chr6_109392693_G_T_b38	2	1.26524e-02	4.786e-01	1.168e-01 -3.628738641738892	1.0
chr6_109396281_T_C_b38	2	7.56350e-03	5.330e-01	1.275e-01 -3.32526969909668	1.0
chr6_109400025_A_C_b38	2	6.15700e-03	4.788e-01	1.168e-01 -3.644588947296143	1.0
chr6_109404619_G_A_b38	2	6.15700e-03	4.788e-01	1.168e-01 -3.6683320999145512	1.0
chr6_109401184_A_T_b38	2	6.15700e-03	4.788e-01	1.168e-01 -3.645867586135864	1.0
chr6_109401880_C_T_b38	2	6.15700e-03	4.788e-01	1.168e-01 -3.646386384963989	1.0
chr6_109401789_G_A_b38	2	6.15700e-03	4.788e-01	1.168e-01 -3.5766321396021383	1.0
chr6_109394399_C_A_b38	2	5.55418e-03	4.820e-01	1.182e-01 -3.5083508491516118	1.0
chr6_109419704_C_T_b38	2	2.43324e-03	5.328e-01	1.274e-01 -3.3961689472198486	1.0
chr6_109388333_C_T_b38	2	2.28097e-03	4.442e-01	1.196e-01 -3.62479305267334	1.0
chr6_109398216_C_T_b38	2	1.65438e-03	4.400e-01	1.154e-01 -3.6487302780151367	1.0
chr6_109382480_G_C_b38	3	9.99175e-03	8.693e-02	1.081e-01 -7.829889297485352	1.0
chr6_109382524_C_A_b38	3	8.24023e-03	3.853e-03	1.250e-01 -7.944489479064941	1.0
chr6_109381925_CA_C_b38	3	3.32876e-03	4.698e-03	1.254e-01 -7.661436095313072	1.0
chr6_109381443_A_T_b38	3	1.46612e-03	8.817e-02	1.083e-01 -7.753761768341064	1.0
chr6_109384228_C_A_b38	3	1.28438e-03	3.212e-03	1.242e-01 -7.947238445281982	1.0
chr6_109385087_A_G_b38	3	1.28438e-03	3.212e-03	1.242e-01 -7.885846138000487	1.0
chr6_109380990_T_C_b38	3	1.13473e-03	-1.602e-02	1.222e-01 -7.866637706756593	1.0
chr6_109380457_G_C_b38	3	1.13473e-03	-1.602e-02	1.222e-01 -7.865742683410644	1.0
chr6_109391534_G_C_b38	3	1.03559e-03	-7.041e-01	5.248e-01 -10.502806663513184	1.0
chr6_109387685_T_G_b38	3	6.73596e-04	2.907e-03	1.242e-01 -7.900613784790039	1.0
chr6_109378243_A_T_b38	3	6.22530e-04	6.933e-02	1.061e-01 -7.423217296600343	1.0
chr6_109380015_T_C_b38	3	5.96260e-04	-1.632e-02	1.222e-01 -7.866711616516112	1.0
chr6_109403287_A_T_b38	3	4.31918e-04	-2.413e-01	2.311e-01 -9.20251178741455	1.0
chr6_109391084_C_T_b38	3	4.01702e-04	2.501e-02	1.255e-01 -9.394845008850098	1.0
chr6_109374782_G_A_b38	3	3.87330e-04	-1.020e-01	1.198e-01 -9.282318115234377	1.0
chr6_109373000_CCTA_C_b38	3	3.82159e-04	-6.673e-02	1.193e-01 -7.673648562129757	1.0
chr6_109375003_A_G_b38	3	3.82159e-04	-6.673e-02	1.193e-01 -7.835731029510497	1.0
chr6_109358227_G_T_b38	3	3.77550e-04	-2.925e-01	2.939e-01 -10.328398704528807	1.0
chr6_109387972_G_A_b38	3	3.73219e-04	8.811e-02	1.086e-01 -7.7846012115478525	1.0
chr6_109375848_C_A_b38	3	3.32317e-04	4.933e-02	1.072e-01 -7.727540493011475	1.0
chr6_109373851_T_C_b38	3	3.08782e-04	3.558e-02	1.063e-01 -7.733970165252685	1.0
chr6_109388256_A_G_b38	3	3.00262e-04	6.145e-03	1.244e-01 -7.866724967956543	1.0
chr6_109401914_A_G_b38	3	2.64743e-04	7.239e-02	1.233e-01 -9.40158748626709	1.0
chr6_109405536_T_C_b38	3	2.64743e-04	7.239e-02	1.233e-01 -9.397777557373047	1.0
chr6_109407238_T_C_b38	3	2.46009e-04	6.052e-02	1.268e-01 -9.31439563831626	1.0
chr6_109421948_C_T_b38	3	2.43723e-04	7.013e-01	3.149e-01 -9.003331184387207	1.0
chr6_109421805_G_A_b38	3	2.43723e-04	7.013e-01	3.149e-01 -9.00216007232666	1.0
chr6_109399202_G_C_b38	3	2.26785e-04	1.260e-01	1.067e-01 -7.803565502166747	1.0
chr6_109403951_G_A_b38	3	2.26785e-04	1.260e-01	1.067e-01 -7.804645538330077	1.0
chr6_109350188_C_G_b38	3	1.92523e-04	-7.988e-01	5.312e-01 -9.031381607055664	1.0
chr6_109417511_A_G_b38	3	1.84474e-04	6.110e-01	2.979e-01 -8.997309684753418	1.0
chr6_109422189_A_T_b38	3	1.84474e-04	6.110e-01	2.979e-01 -8.996392250061035	1.0
chr6_109417941_A_G_b38	3	1.84474e-04	6.110e-01	2.979e-01 -8.997254371643066	1.0
chr6_109416903_C_T_b38	3	1.84474e-04	6.110e-01	2.979e-01 -9.002193450927734	1.0
chr6_109415123_C_T_b38	3	1.84474e-04	6.110e-01	2.979e-01 -9.014854431152344	1.0
chr6_109420812_G_A_b38	3	1.84474e-04	6.110e-01	2.979e-01 -9.001408576965332	1.0
chr6_109423330_T_A_b38	3	1.84474e-04	6.110e-01	2.979e-01 -8.999530792236328	1.0
chr6_109423487_T_C_b38	3	1.84474e-04	6.110e-01	2.979e-01 -9.01063346862793	1.0
chr6_109367528_C_A_b38	3	1.84461e-04	-1.320e-01	1.234e-01 -9.263175010681152	1.0
chr6_109358652_T_G_b38	3	1.66296e-04	-1.145e-01	1.200e-01 -9.266172409057617	1.0
chr6_109424139_A_G_b38	3	1.65576e-04	1.375e-01	1.176e-01 -9.235211372375488	1.0
chr6_109368704_G_T_b38	3	1.64977e-04	-1.133e-01	1.186e-01 -9.264518737792967	1.0
chr6_109369545_AGTAAT_A_b38	3	1.57884e-04	-5.919e-02	1.212e-01 -7.673648562129757	1.0
chr6_109361318_T_C_b38	3	1.57884e-04	-5.919e-02	1.212e-01 -7.841183185577393	1.0
chr6_109357908_C_T_b38	3	1.57884e-04	-5.919e-02	1.212e-01 -7.8601746559143075	1.0
chr6_109364245_CA_C_b38	3	1.57884e-04	-5.919e-02	1.212e-01 -7.673648562129757	1.0
chr6_109366911_A_G_b38	3	1.57884e-04	-5.919e-02	1.212e-01 -7.837678909301758	1.0
chr6_109359747_G_A_b38	3	1.57884e-04	-5.919e-02	1.212e-01 -7.871083736419678	1.0
chr6_109371573_T_C_b38	3	1.57207e-04	-5.957e-02	1.198e-01 -7.810320854187013	1.0
chr6_109371281_C_T_b38	3	1.57207e-04	-5.957e-02	1.198e-01 -7.837538719177246	1.0
chr6_109407148_A_G_b38	3	1.44740e-04	7.781e-02	1.290e-01 -7.868575572967528	1.0
chr6_109395761_T_C_b38	3	1.41185e-04	-1.171e-02	1.224e-01 -7.9208741188049325	1.0
chr6_109399147_G_A_b38	3	1.36823e-04	6.440e-02	1.228e-01 -7.916203498840332	1.0
chr6_109405874_A_C_b38	3	1.36823e-04	6.440e-02	1.228e-01 -7.882739543914795	1.0
chr6_109372084_A_G_b38	3	1.28982e-04	5.699e-02	1.075e-01 -7.7043418884277335	1.0
chr6_109397208_GGCAGAATA_G_b38	3	1.27142e-04	4.109e-02	1.197e-01 -7.735310271348369	1.0
chr6_109360679_T_C_b38	3	1.21256e-04	4.123e-02	1.065e-01 -7.731443405151367	1.0
chr6_109365409_C_T_b38	3	1.21256e-04	4.123e-02	1.065e-01 -7.718189716339111	1.0
chr6_109359125_C_T_b38	3	1.21256e-04	4.123e-02	1.065e-01 -7.731839656829834	1.0
chr6_109369898_A_G_b38	3	1.06885e-04	-7.607e-04	9.739e-02 -6.997113227844237	1.0
chr6_109415050_C_T_b38	3	1.05731e-04	1.629e-01	1.069e-01 -7.758030891418457	1.0
chr6_109427303_T_C_b38	3	8.64707e-05	1.466e-01	1.077e-01 -7.577073097229004	1.0
chr6_109415411_G_A_b38	3	8.52349e-05	2.222e-01	1.862e-01 -8.973026275634766	1.0
chr6_109454233_T_C_b38	3	7.63868e-05	3.398e-01	2.154e-01 -10.504857063293457	1.0
chr6_109451315_A_G_b38	3	6.59597e-05	3.255e-01	2.379e-01 -10.4930419921875	1.0
chr6_109421257_C_T_b38	3	6.35721e-05	2.290e-01	2.445e-01 -8.994343757629395	1.0
chr6_109432968_G_A_b38	3	6.12855e-05	3.260e-01	2.738e-01 -10.51108455657959	1.0
chr6_109355573_G_A_b38	3	6.02118e-05	-1.916e-01	3.860e-01 -9.008200645446776	1.0
chr6_109416945_A_G_b38	3	5.86002e-05	1.295e-01	1.068e-01 -7.767033576965332	1.0
chr6_109430398_G_A_b38	3	5.78604e-05	1.462e-01	1.284e-01 -7.872223377227782	1.0
chr6_109429207_C_T_b38	3	5.78604e-05	1.462e-01	1.284e-01 -7.874435424804687	1.0
chr6_109413713_A_C_b38	3	5.71602e-05	1.350e-01	1.166e-01 -7.865224838256836	1.0
chr6_109460098_T_TCA_b38	3	5.51317e-05	4.956e-01	5.529e-02 -10.62893401396297	1.0
chr6_109470427_G_A_b38	3	5.51317e-05	4.956e-01	5.529e-02 -10.450809478759766	1.0
chr6_109462738_A_G_b38	3	5.51317e-05	4.956e-01	5.529e-02 -10.437372207641602	1.0
chr6_109477209_G_C_b38	3	5.51317e-05	4.956e-01	5.529e-02 -10.403454780578613	1.0
chr6_109464011_C_T_b38	3	5.51317e-05	4.956e-01	5.529e-02 -10.436079978942873	1.0
chr6_109465777_T_C_b38	3	5.51317e-05	4.956e-01	5.529e-02 -10.43850326538086	1.0
chr6_109470900_A_G_b38	3	5.51317e-05	4.956e-01	5.529e-02 -10.439187049865724	1.0
chr6_109476101_A_G_b38	3	5.51317e-05	4.956e-01	5.529e-02 -10.385119438171387	1.0
chr6_109443332_G_T_b38	3	5.49432e-05	4.979e-01	5.553e-02 -10.531225204467773	1.0
chr6_109347707_G_A_b38	3	4.28940e-05	-1.350e-01	1.254e-01 -9.49858856201172	1.0
chr6_109346560_G_A_b38	3	4.28940e-05	-1.350e-01	1.254e-01 -9.490607261657717	1.0
