chr5_181204497_C_G_b38	1	7.17222e-01	6.207e-01	6.281e-02 -5.426856994628906	1.0
chr5_181207677_A_G_b38	1	6.11642e-02	5.529e-01	5.709e-02 -5.273450374603272	1.0
chr5_181207407_TG_T_b38	1	6.11642e-02	5.529e-01	5.709e-02 -5.2613987457471465	1.0
chr5_181204121_G_C_b38	1	5.71243e-02	5.662e-01	5.944e-02 -4.741226673126222	1.0
chr5_181204387_G_A_b38	1	5.71243e-02	5.662e-01	5.944e-02 -4.787223815917969	1.0
chr5_181207754_C_T_b38	1	3.96669e-02	5.497e-01	5.708e-02 -5.2817959785461435	1.0
chr5_181201826_A_G_b38	1	5.71341e-03	5.522e-01	5.934e-02 -4.753945827484131	1.0
chr5_181205454_C_T_b38	2	2.50264e-01	4.824e-01	1.270e-01 -0.996753454208374	1.0
chr5_181207501_A_G_b38	2	1.41913e-01	4.815e-01	1.252e-01 -0.9632790088653564	1.0
chr5_181204433_G_A_b38	2	7.18956e-02	4.602e-01	1.268e-01 -1.2687983512878418	1.0
chr5_181198487_C_A_b38	2	6.11842e-02	4.931e-01	1.274e-01 -0.95452880859375	1.0
chr5_181211203_A_T_b38	2	5.61088e-02	4.816e-01	1.252e-01 -0.9074772596359252	1.0
chr5_181199030_G_A_b38	2	4.91642e-02	4.826e-01	1.270e-01 -0.9618501663208008	1.0
chr5_181211275_G_T_b38	2	4.52197e-02	4.714e-01	1.248e-01 -0.8995676636695862	1.0
chr5_181214577_G_A_b38	2	4.36228e-02	4.737e-01	1.258e-01 -0.8606123924255371	1.0
chr5_181209678_A_C_b38	2	2.23697e-02	3.762e-01	1.097e-01 -0.8786783861927342	1.0
chr5_181209698_TCAA_T_b38	2	8.59752e-03	3.465e-01	1.096e-01 -0.9811087992434324	1.0
chr5_181210354_C_T_b38	2	8.59752e-03	3.465e-01	1.096e-01 -0.9753116369247437	1.0
chr5_181210325_C_T_b38	2	8.59752e-03	3.465e-01	1.096e-01 -0.96417897939682	1.0
chr5_181188956_T_C_b38	2	7.35153e-03	4.334e-01	1.247e-01 -1.0016747713088991	1.0
chr5_181211281_G_A_b38	2	5.20266e-03	3.461e-01	1.096e-01 -0.9765828847885132	1.0
chr5_181209662_T_C_b38	2	4.06151e-03	3.153e-01	1.076e-01 -0.9912407109138172	1.0
chr5_181209955_G_GT_b38	2	3.79134e-03	3.158e-01	1.123e-01 -0.7750151160300512	1.0
chr5_181209450_G_A_b38	2	1.92774e-03	2.682e-01	1.011e-01 -1.205074742347565	1.0
chr5_181206680_C_G_b38	3	2.46136e-02	-2.576e-01	1.105e-01 -0.10883890837430954	1.0
chr5_181206854_T_G_b38	3	2.46136e-02	-2.576e-01	1.105e-01 -0.04293984919786453	1.0
chr5_181204894_G_A_b38	3	9.07708e-03	-2.404e-01	1.139e-01 0.02525169774889946	1.0
chr5_181200917_C_T_b38	3	6.15460e-03	-2.667e-01	1.110e-01 -0.15380316972732544	1.0
chr5_181206699_T_C_b38	3	1.34898e-03	-6.311e-02	9.117e-02 -0.33020883798599243	1.0
chr5_181206646_A_C_b38	3	1.34898e-03	-6.311e-02	9.117e-02 -0.3265599012374878	1.0
chr5_181190265_T_G_b38	3	6.11236e-04	-2.189e-01	1.098e-01 -0.05544950067996979	1.0
chr5_181202753_CA_C_b38	3	5.87269e-04	-1.352e-01	9.724e-02 -0.02291450256232025	1.0
chr5_181216291_A_C_b38	3	4.36383e-04	-1.993e-01	1.069e-01 -0.22329716384410855	1.0
chr5_181196320_T_C_b38	3	4.06890e-04	-1.455e-01	1.067e-01 -0.17645919093113066	1.0
chr5_181199313_C_T_b38	3	2.28857e-04	-1.317e-01	1.053e-01 -0.08506202697753906	1.0
chr5_181197520_G_A_b38	3	2.28857e-04	-1.317e-01	1.053e-01 -0.057911422103643424	1.0
chr5_181197592_C_G_b38	3	2.28857e-04	-1.317e-01	1.053e-01 -0.08675821870565414	1.0
chr5_181197569_A_G_b38	3	2.28857e-04	-1.317e-01	1.053e-01 -0.2850693464279175	1.0
chr5_181199305_G_A_b38	3	2.28857e-04	-1.317e-01	1.053e-01 -0.09404893578804814	1.0
chr5_181197570_G_T_b38	3	2.28857e-04	-1.317e-01	1.053e-01 -0.2866086065769196	1.0
chr5_181197590_T_A_b38	3	2.28857e-04	-1.317e-01	1.053e-01 -0.09035851061344148	1.0
chr5_181197516_A_C_b38	3	2.28857e-04	-1.317e-01	1.053e-01 -0.057911422103643424	1.0
chr5_181215032_G_C_b38	3	1.57223e-04	-9.927e-02	1.004e-01 -0.08982516080141068	1.0
chr5_181180023_T_C_b38	4	1.83966e-03	2.187e-01	6.129e-02 0.1477833457764257	1.0
