chr10_94361335_T_C_b38	1	2.35446e-01	2.702e-01	5.784e-02 -4.9001126289367685	1.0
chr10_94360639_T_C_b38	1	1.50918e-01	2.613e-01	5.694e-02 -4.885164260864258	1.0
chr10_94360189_G_A_b38	1	1.32047e-01	2.708e-01	5.801e-02 -4.893153667449951	1.0
chr10_94356187_C_T_b38	1	1.20130e-01	2.819e-01	5.815e-02 -4.895459175109863	1.0
chr10_94354883_T_C_b38	1	1.20130e-01	2.819e-01	5.815e-02 -4.872054100036621	1.0
chr10_94342645_A_G_b38	1	1.07260e-01	2.875e-01	5.788e-02 -4.816427707672119	1.0
chr10_94356663_A_G_b38	1	6.56310e-02	2.733e-01	5.869e-02 -4.734815761029758	1.0
chr10_94356662_G_A_b38	1	2.49402e-02	2.596e-01	5.843e-02 -4.933326721191406	1.0
chr10_94361032_T_C_b38	1	1.59063e-02	2.435e-01	5.623e-02 -4.66360330581665	1.0
chr10_94317911_G_A_b38	1	4.86920e-03	2.734e-01	5.955e-02 -4.52561616897583	1.0
chr10_94359373_C_T_b38	1	3.81800e-03	2.388e-01	5.599e-02 -4.9194655418396	1.0
chr10_94296102_C_T_b38	1	2.71903e-03	2.806e-01	5.574e-02 -4.323823928833009	1.0
chr10_94284392_G_T_b38	1	2.71903e-03	2.806e-01	5.574e-02 -4.298276424407959	1.0
chr10_94284398_G_T_b38	1	2.63539e-03	2.801e-01	5.615e-02 -4.2971105575561515	1.0
chr10_94338616_C_T_b38	1	2.46461e-03	2.583e-01	5.915e-02 -4.377828121185304	1.0
chr10_94338268_G_A_b38	1	2.41300e-03	2.603e-01	6.002e-02 -4.628735065460205	1.0
chr10_94296565_C_T_b38	1	2.36848e-03	2.780e-01	5.651e-02 -4.326646327972412	1.0
chr10_94363069_C_T_b38	2	2.70725e-01	1.075e-01	3.924e-02 -3.1172263622283936	1.0
chr10_94361265_A_G_b38	2	1.09460e-01	1.701e-01	1.110e-01 -3.3036434650421143	1.0
chr10_94348607_T_G_b38	2	5.17901e-02	1.892e-01	1.105e-01 -3.356613874435425	1.0
chr10_94315182_T_G_b38	2	4.61751e-02	1.115e-01	2.942e-02 -2.711878061294556	1.0
chr10_94365407_C_T_b38	2	3.11504e-02	9.184e-02	3.872e-02 -2.8304829597473145	1.0
chr10_94365892_C_T_b38	2	2.31486e-02	9.320e-02	3.493e-02 -2.8278303146362305	1.0
chr10_94366173_T_C_b38	2	2.31486e-02	9.320e-02	3.493e-02 -2.8138387203216557	1.0
chr10_94346268_C_T_b38	2	2.13762e-02	1.373e-01	8.156e-02 -3.3640236854553223	1.0
chr10_94346222_C_G_b38	2	1.82416e-02	1.269e-01	7.069e-02 -3.363963842391968	1.0
chr10_94349043_T_C_b38	2	1.75648e-02	1.200e-01	6.135e-02 -3.3716630935668945	1.0
chr10_94351055_T_C_b38	2	1.48066e-02	1.150e-01	4.587e-02 -3.550685167312622	1.0
chr10_94348345_G_C_b38	2	1.12246e-02	1.008e-01	3.289e-02 -3.3735318183898926	1.0
chr10_94304411_C_A_b38	2	7.53254e-03	1.086e-01	3.003e-02 -3.007208108901977	1.0
chr10_94362786_A_G_b38	2	7.47041e-03	4.965e-02	2.981e-02 -2.7262351512908936	1.0
chr10_94324615_A_AT_b38	2	1.56487e-03	1.019e-01	3.322e-02 -3.2944693631506743	1.0
chr10_94327740_C_T_b38	2	1.52869e-03	1.016e-01	3.321e-02 -3.3157613277435303	1.0
chr10_94333618_C_T_b38	2	7.65017e-04	9.865e-02	3.332e-02 -3.3219416141510014	1.0
chr10_94362073_T_C_b38	2	7.57156e-04	4.994e-02	2.986e-02 -2.702319860458374	1.0
chr10_94324163_G_A_b38	2	6.96876e-04	9.784e-02	3.346e-02 -3.3212604522705083	1.0
chr10_94362902_C_T_b38	3	8.68091e-02	2.556e-01	1.268e-01 1.1707520484924316	1.0
chr10_94360567_C_A_b38	3	1.18258e-02	2.589e-01	1.291e-01 1.1841169595718384	1.0
chr10_94349734_T_C_b38	3	1.19117e-04	1.148e-01	5.957e-02 1.2032111883163452	1.0
chr10_94339594_T_G_b38	3	1.14178e-04	1.010e-01	5.187e-02 1.192389726638794	1.0
chr10_94352476_T_G_b38	4	5.48278e-02	-2.288e-01	4.827e-02 -2.087728500366211	1.0
chr10_94355251_G_A_b38	4	1.07915e-03	-2.676e-01	6.658e-02 -2.8067917823791504	1.0
chr10_94347914_C_T_b38	4	5.81771e-04	-2.617e-01	6.067e-02 -2.7661750316619877	1.0
chr10_94360125_A_G_b38	4	4.88017e-04	-2.361e-01	6.395e-02 -2.8412744998931885	1.0
chr10_94339354_G_GAGTT_b38	4	2.99408e-04	-2.666e-01	6.221e-02 -2.6775019615575784	1.0
chr10_94313568_C_T_b38	4	2.53661e-04	-1.971e-01	4.532e-02 -2.0230059623718257	1.0
chr10_94313806_T_C_b38	4	2.53661e-04	-1.971e-01	4.532e-02 -2.0125069618225098	1.0
chr10_94368825_T_A_b38	4	2.17618e-04	-2.437e-01	6.366e-02 -2.1891107559204097	1.0
chr10_94368824_A_G_b38	4	2.17618e-04	-2.437e-01	6.366e-02 -2.1905884742736816	1.0
chr10_94314400_T_C_b38	4	5.67819e-05	-1.846e-01	4.444e-02 -2.010479688644409	1.0
chr10_94367872_C_T_b38	4	4.89777e-05	-2.042e-01	5.845e-02 -2.2388947010040283	1.0
chr10_94363100_G_A_b38	5	6.12731e-04	6.177e-02	8.866e-02 1.130298733711243	1.0
chr10_94359930_G_A_b38	5	1.78259e-04	1.633e-01	8.316e-02 0.8781685829162598	1.0
chr10_94363598_C_T_b38	5	1.77830e-04	6.206e-02	8.844e-02 1.1379706859588623	1.0
chr10_94359956_A_G_b38	5	1.59533e-04	1.610e-01	8.294e-02 0.9220985174179076	1.0
chr10_94360461_C_T_b38	5	9.95698e-05	1.055e-01	8.767e-02 0.9314481019973756	1.0
chr10_94367691_C_A_b38	5	6.86485e-05	1.156e-01	7.953e-02 1.087743639945984	1.0
chr10_94354455_TCTC_T_b38	5	6.11719e-05	1.689e-01	8.224e-02 0.8914900412782236	1.0
chr10_94365604_C_T_b38	5	3.90596e-05	8.752e-02	6.953e-02 1.0991978645324707	1.0
chr10_94371764_G_A_b38	5	1.79844e-05	8.656e-02	6.288e-02 0.3310501277446747	1.0
chr10_94346846_A_G_b38	5	1.72845e-05	1.342e-01	7.046e-02 0.9076531529426576	1.0
