chr1_36323945_A_G_b38	1	9.29195e-01	2.872e-01	2.183e-02 -7.086024761199951	1.0
chr1_36322287_G_A_b38	1	5.66526e-02	2.854e-01	2.188e-02 -7.052316665649414	1.0
chr1_36294989_C_T_b38	1	1.30635e-02	2.880e-01	2.183e-02 -7.056844711303711	1.0
chr1_36328591_C_T_b38	2	2.79714e-01	1.678e-01	2.858e-02 0.3081533908843994	1.0
chr1_36321693_G_A_b38	2	1.80884e-01	1.618e-01	2.842e-02 0.2802591323852539	1.0
chr1_36325025_A_G_b38	2	1.73197e-01	1.607e-01	2.821e-02 0.2998318672180176	1.0
chr1_36327188_A_AT_b38	2	1.08666e-01	1.618e-01	2.842e-02 0.24973626491069398	1.0
chr1_36326477_C_T_b38	2	1.08666e-01	1.618e-01	2.842e-02 0.3026481866836548	1.0
chr1_36275231_A_T_b38	2	2.52557e-02	1.645e-01	2.828e-02 0.30369383096694946	1.0
chr1_36301374_G_C_b38	2	1.77358e-02	1.582e-01	2.844e-02 0.2519431710243225	1.0
chr1_36310144_C_T_b38	2	1.47322e-02	1.583e-01	2.865e-02 0.3401235342025757	1.0
chr1_36311120_G_A_b38	2	1.47322e-02	1.583e-01	2.865e-02 0.3363344967365265	1.0
chr1_36301799_C_T_b38	2	1.15836e-02	1.542e-01	2.816e-02 0.3317871391773224	1.0
chr1_36315459_C_T_b38	2	1.05198e-02	1.511e-01	2.839e-02 -0.03575428575277328	1.0
chr1_36300537_C_T_b38	2	8.88246e-03	1.550e-01	2.858e-02 0.2561391294002533	1.0
chr1_36283547_A_G_b38	2	6.93268e-03	1.582e-01	2.844e-02 0.305166095495224	1.0
chr1_36286832_C_T_b38	2	3.45154e-03	1.549e-01	2.857e-02 0.28169041872024536	1.0
chr1_36227873_C_T_b38	2	3.22859e-03	-1.600e-01	2.854e-02 -0.29596665501594543	1.0
chr1_36227847_G_A_b38	2	3.22859e-03	-1.600e-01	2.854e-02 -0.29594579339027405	1.0
chr1_36230311_T_C_b38	2	3.22859e-03	1.600e-01	2.854e-02 0.3032699525356293	1.0
chr1_36227569_T_C_b38	2	3.22859e-03	-1.600e-01	2.854e-02 -0.29537132382392883	1.0
chr1_36251219_A_G_b38	2	3.22859e-03	1.600e-01	2.854e-02 0.3089473247528076	1.0
chr1_36234580_G_A_b38	2	2.53809e-03	1.580e-01	2.840e-02 0.29215413331985474	1.0
chr1_36267256_G_A_b38	2	2.53809e-03	1.580e-01	2.840e-02 0.34866976737976074	1.0
chr1_36225269_C_A_b38	2	2.53809e-03	-1.580e-01	2.840e-02 -0.26758819818496704	1.0
chr1_36268128_C_T_b38	2	2.53809e-03	1.580e-01	2.840e-02 0.3022053837776184	1.0
chr1_36268095_A_G_b38	2	2.53809e-03	1.580e-01	2.840e-02 0.2995532751083374	1.0
chr1_36246042_A_G_b38	2	2.53809e-03	1.580e-01	2.840e-02 0.3009443283081055	1.0
chr1_36261413_G_C_b38	2	2.53809e-03	1.580e-01	2.840e-02 0.3063332736492157	1.0
chr1_36336858_G_A_b38	3	1.04733e-02	-1.645e-01	5.966e-02 1.101491928100586	1.0
chr1_36312185_C_T_b38	3	6.07904e-03	-1.381e-01	5.451e-02 1.3320602178573608	1.0
chr1_36236575_C_T_b38	3	7.28219e-04	-1.382e-01	5.449e-02 1.6258360147476196	1.0
