chr11_207359_C_CGGCCACAGCCGCCTCAGACGT_b38	1	9.99954e-01	-3.785e-01	5.566e-02 5.701953202096021	1.0
chr11_207400_A_G_b38	2	9.61155e-01	2.033e-01	4.197e-02 3.472254991531372	1.0
chr11_207462_A_G_b38	2	2.56344e-02	1.923e-01	4.048e-02 3.89315128326416	1.0
chr11_205198_C_A_b38	2	1.31506e-02	1.982e-01	3.535e-02 3.85608983039856	1.0
chr11_202835_A_G_b38	3	7.53659e-02	2.406e-01	7.844e-02 -3.991294860839844	1.0
chr11_202873_A_G_b38	3	5.05289e-02	2.414e-01	8.267e-02 -4.0440921783447275	1.0
chr11_202763_G_A_b38	3	3.58399e-02	2.325e-01	8.312e-02 -3.728830009329109	1.0
chr11_205780_T_A_b38	3	2.30071e-02	2.014e-01	8.339e-02 -4.0148515701293945	1.0
chr11_205935_G_A_b38	3	2.30071e-02	2.014e-01	8.339e-02 -4.055025577545166	1.0
chr11_203788_C_T_b38	3	1.53295e-02	2.014e-01	8.339e-02 -4.003981113433838	1.0
chr11_203235_A_G_b38	3	1.53295e-02	2.014e-01	8.339e-02 -4.040301322937012	1.0
chr11_204523_CATTTCT_C_b38	3	1.53295e-02	2.014e-01	8.339e-02 -4.123696887907428	1.0
chr11_204680_G_A_b38	3	1.53295e-02	2.014e-01	8.339e-02 -3.68183183670044	1.0
chr11_211447_G_A_b38	3	1.51950e-02	1.944e-01	8.010e-02 -3.856260061264038	1.0
chr11_210899_C_T_b38	3	1.48744e-02	2.014e-01	8.339e-02 -3.997196674346924	1.0
chr11_202017_C_T_b38	3	1.27544e-02	2.210e-01	8.510e-02 -4.073669910430908	1.0
chr11_202565_C_T_b38	3	1.25909e-02	1.930e-01	8.247e-02 -4.043798923492432	1.0
chr11_213740_C_T_b38	3	1.24383e-02	2.051e-01	8.102e-02 -4.1570777893066415	1.0
chr11_224063_G_A_b38	3	1.19418e-02	2.254e-01	7.916e-02 -4.137737274169922	1.0
chr11_215904_G_A_b38	3	1.18565e-02	2.048e-01	8.182e-02 -4.163829326629639	1.0
chr11_224845_G_C_b38	3	9.75763e-03	2.263e-01	8.159e-02 -4.124950885772705	1.0
chr11_216056_G_A_b38	3	9.74577e-03	2.014e-01	8.339e-02 -4.155956268310547	1.0
chr11_213723_T_G_b38	3	9.74577e-03	2.014e-01	8.339e-02 -4.152800559997559	1.0
chr11_244817_GA_G_b38	3	8.38898e-03	2.508e-01	8.130e-02 -4.030292161680252	1.0
chr11_241124_C_G_b38	3	8.38770e-03	2.508e-01	8.130e-02 -3.9384982585906982	1.0
chr11_201922_T_C_b38	3	8.29119e-03	1.859e-01	7.620e-02 -4.179619312286377	1.0
chr11_185730_G_A_b38	3	3.39502e-03	1.858e-01	7.981e-02 -4.03615249489752	1.0
chr11_187798_C_T_b38	3	1.48912e-03	1.543e-01	7.826e-02 -3.8973080159321496	1.0
chr11_207410_C_T_b38	4	8.25649e-03	-5.973e-02	3.421e-02 4.0628299713134775	1.0
chr11_207275_C_G_b38	4	8.25649e-03	-5.973e-02	3.421e-02 4.0433783531188965	1.0
chr11_207254_CG_C_b38	4	5.11443e-03	-5.001e-02	3.493e-02 4.01843375886413	1.0
chr11_206767_G_A_b38	4	2.82546e-03	-6.554e-02	3.504e-02 2.248655080795288	1.0
chr11_205057_T_TGGGGGAG_b38	4	2.37947e-04	-4.657e-02	3.495e-02 4.051942542746652	1.0
chr11_212262_T_C_b38	4	1.14513e-04	-4.730e-02	3.106e-02 3.828606367111206	1.0
chr11_206089_G_A_b38	4	1.09392e-04	-3.939e-02	3.442e-02 4.294478893280028	1.0
chr11_204715_C_T_b38	4	1.03069e-04	-4.893e-02	3.472e-02 4.28795337677002	1.0
chr11_211644_A_G_b38	4	9.52050e-05	-4.746e-02	3.399e-02 4.0444979667663565	1.0
chr11_212015_G_A_b38	4	9.52050e-05	-4.746e-02	3.399e-02 4.0521583557128915	1.0
chr11_204228_G_A_b38	4	9.13479e-05	-4.592e-02	3.475e-02 4.27439546585083	1.0
chr11_217140_T_C_b38	4	7.31340e-05	4.687e-02	3.087e-02 -3.623889923095703	1.0
chr11_214163_G_A_b38	4	6.11596e-05	-4.754e-02	3.425e-02 4.051568031311035	1.0
chr11_219089_T_C_b38	4	6.03296e-05	5.802e-02	3.077e-02 -3.4768078327178955	1.0
chr11_206986_CGA_C_b38	5	3.36956e-04	-5.131e-02	8.604e-02 -0.4020465369278627	1.0
