chr13_114235244_G_A_b38	1	4.00901e-01	4.668e-01	1.507e-01 -8.291701316833496	1.0
chr13_114234161_A_G_b38	1	3.50323e-01	5.020e-01	1.597e-01 -8.325231552124022	1.0
chr13_114233584_G_C_b38	1	1.23247e-01	4.983e-01	1.603e-01 -8.298820495605469	1.0
chr13_114234842_T_C_b38	1	8.94929e-02	4.040e-01	1.110e-01 -8.318470001220701	1.0
chr13_114234363_A_G_b38	1	1.13126e-02	3.358e-01	3.549e-02 -8.292349815368652	1.0
chr13_114237993_C_G_b38	1	1.07743e-02	4.187e-01	1.426e-01 -8.291173934936522	1.0
chr13_114237284_C_A_b38	1	4.79470e-03	3.387e-01	2.903e-02 -8.293417930603027	1.0
chr13_114241376_T_C_b38	1	4.51889e-03	4.065e-01	1.372e-01 -8.267294883728027	1.0
chr13_114241614_A_G_b38	1	4.51889e-03	4.065e-01	1.372e-01 -8.274530410766603	1.0
chr13_114238728_G_A_b38	2	5.70884e-01	2.419e-01	4.761e-02 1.3873673677444458	1.0
chr13_114237042_T_C_b38	2	4.16143e-01	2.400e-01	4.896e-02 1.432976245880127	1.0
chr13_114202823_C_T_b38	2	1.28573e-02	2.289e-01	4.691e-02 1.306446194648743	1.0
chr13_114233286_A_G_b38	3	2.56640e-01	-2.464e-01	5.173e-02 1.7777482271194458	1.0
chr13_114238047_GTGC_G_b38	3	1.82125e-01	-2.463e-01	5.173e-02 2.040142741272612	1.0
chr13_114241031_T_A_b38	3	1.10993e-01	-2.463e-01	5.173e-02 1.7706223726272583	1.0
chr13_114245777_C_T_b38	3	5.23124e-02	-2.472e-01	5.172e-02 1.7893472909927368	1.0
chr13_114253567_G_T_b38	3	4.84814e-02	-2.463e-01	5.173e-02 1.827268958091736	1.0
chr13_114248701_G_A_b38	3	4.84814e-02	-2.463e-01	5.173e-02 1.806635499000549	1.0
chr13_114258007_G_A_b38	3	4.84814e-02	-2.463e-01	5.173e-02 2.040142741272612	1.0
chr13_114251747_G_A_b38	3	4.84814e-02	-2.463e-01	5.173e-02 1.825238823890686	1.0
chr13_114247287_C_T_b38	3	4.84814e-02	-2.463e-01	5.173e-02 1.7901655435562134	1.0
chr13_114249902_A_G_b38	3	4.84814e-02	-2.463e-01	5.173e-02 1.8127251863479612	1.0
chr13_114260159_G_A_b38	3	1.83615e-02	-2.461e-01	5.172e-02 2.040142741272612	1.0
chr13_114269489_G_A_b38	3	1.83615e-02	-2.461e-01	5.172e-02 2.040142741272612	1.0
chr13_114275686_C_G_b38	3	1.83615e-02	-2.461e-01	5.172e-02 2.040142741272612	1.0
chr13_114261752_C_A_b38	3	1.83615e-02	-2.461e-01	5.172e-02 2.040142741272612	1.0
chr13_114237059_C_T_b38	3	1.65555e-02	-1.963e-01	4.808e-02 1.7193545103073118	1.0
chr13_114255160_T_C_b38	3	8.57290e-03	-2.359e-01	5.371e-02 2.203410387039185	1.0
chr13_114288438_G_A_b38	3	2.68750e-03	-2.445e-01	5.247e-02 1.8281900617146136	1.0
chr13_114293773_G_A_b38	3	1.77213e-03	-2.440e-01	5.288e-02 1.8555033920188413	1.0
chr13_114262041_A_G_b38	3	2.71088e-04	-1.622e-01	3.877e-02 2.3593145288738158	1.0
chr13_114274167_C_T_b38	3	2.64277e-04	-2.113e-01	5.083e-02 2.040142741272612	1.0
chr13_114234890_C_A_b38	4	8.98640e-02	-2.363e-01	7.900e-02 -8.255132675170897	1.0
chr13_114235175_G_T_b38	4	6.91479e-02	-1.159e-01	4.063e-02 -6.93271541595459	1.0
chr13_114239080_TGCATCTCTTAAATATGTGTGA_T_b38	4	6.11134e-02	-3.559e-01	9.355e-02 -8.29394369115321	1.0
chr13_114233320_C_T_b38	4	5.25339e-02	-3.533e-01	9.673e-02 -8.239706993103027	1.0
chr13_114242563_A_G_b38	4	3.56339e-02	-3.524e-01	9.276e-02 -8.182621955871582	1.0
chr13_114240504_C_G_b38	4	3.42790e-02	-3.235e-01	8.639e-02 -8.211735725402832	1.0
chr13_114234974_G_GGGCGGC_b38	4	3.19263e-02	-1.675e-01	6.555e-02 -7.796922501535	1.0
chr13_114241023_C_A_b38	4	2.24060e-02	-3.012e-01	8.367e-02 -8.188044548034668	1.0
chr13_114232601_C_T_b38	4	2.04303e-02	-2.642e-01	8.139e-02 -8.207513809204103	1.0
chr13_114239049_AT_A_b38	4	1.88354e-02	-3.020e-01	8.924e-02 -8.29394369115321	1.0
chr13_114241457_T_C_b38	4	1.86383e-02	-3.020e-01	8.512e-02 -8.176948547363281	1.0
chr13_114238569_C_T_b38	4	1.51934e-02	-1.277e-01	4.081e-02 -6.8897156715393075	1.0
chr13_114275022_G_A_b38	4	1.31615e-02	-3.326e-01	8.308e-02 -8.173779487609862	1.0
chr13_114278740_T_C_b38	4	1.31615e-02	-3.326e-01	8.308e-02 -8.170109748840332	1.0
chr13_114279784_T_C_b38	4	1.31615e-02	-3.326e-01	8.308e-02 -8.16569995880127	1.0
chr13_114280254_T_G_b38	4	1.31615e-02	-3.326e-01	8.308e-02 -8.166985511779785	1.0
chr13_114281830_G_A_b38	4	7.89452e-03	-2.621e-01	6.888e-02 -8.065844535827638	1.0
chr13_114277541_T_C_b38	4	7.22923e-03	-2.906e-01	7.611e-02 -8.142480850219728	1.0
chr13_114276680_A_G_b38	4	6.24038e-03	-2.926e-01	7.731e-02 -8.143726348876951	1.0
chr13_114234990_T_C_b38	4	3.92298e-03	4.656e-03	8.957e-02 -7.626894993574168	1.0
chr13_114278704_TAA_T_b38	4	3.77354e-03	-2.936e-01	8.038e-02 -8.263798988391205	1.0
chr13_114273404_A_G_b38	4	3.72966e-03	-1.409e-01	4.051e-02 -6.870372295379639	1.0
chr13_114236830_G_A_b38	4	2.69080e-03	-3.010e-01	1.220e-01 -8.293829917907715	1.0
chr13_114264088_A_T_b38	4	2.68007e-03	-2.726e-01	7.665e-02 -8.144510269165039	1.0
chr13_114247303_C_T_b38	4	6.77834e-04	-3.540e-01	1.186e-01 -8.195435523986816	1.0
chr13_114264303_A_G_b38	4	4.66538e-04	-3.250e-01	9.955e-02 -8.169855117797853	1.0
chr13_114249688_C_T_b38	4	3.21403e-04	-2.992e-01	1.095e-01 -8.158205032348633	1.0
chr13_114247558_A_G_b38	4	2.04622e-04	-2.886e-01	1.082e-01 -8.169154167175293	1.0
chr13_114254466_T_G_b38	4	1.55208e-04	-2.466e-01	9.502e-02 -8.123871803283691	1.0
chr13_114294290_A_G_b38	4	1.43473e-04	-1.312e-01	4.024e-02 -6.919539928436278	1.0
chr13_114257811_G_T_b38	4	1.07994e-04	-2.386e-01	9.247e-02 -8.14124870300293	1.0
chr13_114144018_A_G_b38	5	9.48597e-04	1.193e-01	3.498e-02 -0.8402488231658936	1.0
