chr9_136727975_G_GGCCCCCATCCCGCGGCTCGC_b38	1	9.99444e-01	-7.473e-01	1.134e-01 -5.752517691997548	1.0
chr9_136719910_AGTGCAGGGGGCTGTGTGGTCTGGGGCTCCGG_A_b38	2	3.80375e-01	-2.242e-01	3.380e-02 -1.1080316288905858	1.0
chr9_136728194_G_A_b38	2	2.73290e-01	-2.135e-01	3.392e-02 1.5620163679122925	1.0
chr9_136726716_G_A_b38	2	9.09349e-02	-2.183e-01	3.406e-02 2.171802043914795	1.0
chr9_136725859_A_G_b38	2	9.09349e-02	-2.183e-01	3.406e-02 2.1439259052276607	1.0
chr9_136727998_G_T_b38	2	7.19111e-02	-2.073e-01	3.443e-02 1.866400009156728	1.0
chr9_136719234_G_A_b38	2	5.41591e-02	-2.080e-01	3.318e-02 -1.5859252214431765	1.0
chr9_136719718_A_G_b38	2	3.31029e-02	-2.183e-01	3.406e-02 2.1416983604431152	1.0
chr9_136737462_T_G_b38	2	4.73091e-03	-1.974e-01	3.424e-02 -2.1480655670166016	1.0
chr9_136728147_C_G_b38	3	1.08854e-01	1.970e-01	8.061e-02 3.2107746601104736	1.0
chr9_136721129_G_A_b38	3	1.90123e-03	1.546e-01	7.900e-02 2.9082791805267334	1.0
chr9_136728638_C_T_b38	4	2.36834e-03	8.801e-02	5.384e-02 0.8076301217079163	1.0
chr9_136728296_G_C_b38	4	7.39735e-04	3.001e-02	5.036e-02 0.6643300056457521	1.0
chr9_136727391_C_A_b38	4	3.28640e-04	3.193e-02	6.211e-02 0.7385282516479492	1.0
chr9_136732811_T_G_b38	4	1.23269e-04	-6.570e-02	4.804e-02 0.6108892560005188	1.0
chr9_136746621_C_CG_b38	4	6.99813e-05	-8.908e-02	5.115e-02 2.022058987248072	1.0
chr9_136720283_G_A_b38	4	6.57214e-05	4.548e-02	6.310e-02 0.6579433679580688	1.0
chr9_136731976_G_A_b38	4	5.76520e-05	4.401e-03	4.511e-02 0.6388878226280212	1.0
chr9_136731872_A_G_b38	4	5.76520e-05	4.401e-03	4.511e-02 0.631748378276825	1.0
chr9_136748746_G_T_b38	4	5.34908e-05	-8.120e-02	5.156e-02 2.018740177154541	1.0
chr9_136748806_C_T_b38	4	5.24219e-05	-8.032e-02	5.154e-02 2.0185110569000244	1.0
chr9_136754202_C_A_b38	4	2.71797e-05	-9.385e-02	5.013e-02 2.1120073795318604	1.0
chr9_136754045_G_A_b38	4	2.49383e-05	-9.102e-02	5.004e-02 2.0911641120910645	1.0
chr9_136757507_T_C_b38	4	2.26424e-05	-8.830e-02	5.029e-02 2.1095356941223145	1.0
