chr9_134068323_T_C_b38	1	2.88959e-01	-2.157e-01	3.573e-02 5.9473819732666025	1.0
chr9_134068860_C_G_b38	1	1.69996e-01	-2.147e-01	3.649e-02 5.940454483032228	1.0
chr9_134067044_A_G_b38	1	8.08182e-02	-2.211e-01	3.533e-02 5.946269512176514	1.0
chr9_134069115_C_T_b38	1	4.64228e-02	-2.136e-01	3.359e-02 5.927115440368652	1.0
chr9_134066873_G_A_b38	1	2.82737e-02	-2.150e-01	3.355e-02 5.9483704566955575	1.0
chr9_134065382_C_G_b38	1	2.53492e-02	-2.165e-01	3.335e-02 5.925976276397705	1.0
chr9_134065464_G_A_b38	1	1.60494e-02	-2.146e-01	3.346e-02 5.92409086227417	1.0
chr9_134064423_C_T_b38	1	1.60494e-02	-2.146e-01	3.346e-02 5.954006671905518	1.0
chr9_134065605_A_G_b38	1	1.60494e-02	-2.146e-01	3.346e-02 5.94320011138916	1.0
chr9_134065237_A_G_b38	1	1.60494e-02	-2.146e-01	3.346e-02 5.944930553436278	1.0
chr9_134065620_A_G_b38	1	1.60494e-02	-2.146e-01	3.346e-02 5.943875312805176	1.0
chr9_134064107_A_G_b38	1	1.36175e-02	-2.136e-01	3.334e-02 5.96396017074585	1.0
chr9_134067288_G_A_b38	1	1.29839e-02	-2.108e-01	3.343e-02 5.945017337799072	1.0
chr9_134077301_G_A_b38	1	1.06864e-02	-2.143e-01	3.324e-02 5.914358615875244	1.0
chr9_134073459_C_T_b38	1	9.68221e-03	-2.135e-01	3.374e-02 5.9021239280700675	1.0
chr9_134073304_T_C_b38	1	9.68221e-03	-2.135e-01	3.374e-02 5.902764320373535	1.0
chr9_134072776_T_C_b38	1	9.68221e-03	-2.135e-01	3.374e-02 5.9019036293029785	1.0
chr9_134075927_C_T_b38	1	9.57458e-03	-2.161e-01	3.374e-02 5.768758207648039	1.0
chr9_134075984_T_TG_b38	1	9.57458e-03	-2.161e-01	3.374e-02 5.768758207648039	1.0
chr9_134062754_C_T_b38	1	9.32866e-03	-2.139e-01	3.321e-02 5.977499485015869	1.0
chr9_134076084_C_T_b38	1	9.32507e-03	-2.157e-01	3.379e-02 5.774239662749957	1.0
chr9_134061966_G_T_b38	1	8.73052e-03	-2.144e-01	3.341e-02 5.964775562286378	1.0
chr9_134063522_T_C_b38	1	8.73052e-03	-2.144e-01	3.341e-02 5.957735061645508	1.0
chr9_134062169_C_A_b38	1	8.73052e-03	-2.144e-01	3.341e-02 5.9580583572387695	1.0
chr9_134062736_C_T_b38	1	6.42744e-03	-2.125e-01	3.327e-02 5.963955402374268	1.0
chr9_134075767_C_G_b38	1	6.13039e-03	-2.135e-01	3.374e-02 5.839059001374668	1.0
chr9_134076657_C_T_b38	1	6.13039e-03	-2.135e-01	3.374e-02 5.909189701080322	1.0
chr9_134075768_A_G_b38	1	6.13039e-03	-2.135e-01	3.374e-02 5.839059001374668	1.0
chr9_134074337_T_C_b38	1	6.13039e-03	-2.135e-01	3.374e-02 5.897505760192871	1.0
chr9_134077438_T_A_b38	1	6.13039e-03	-2.135e-01	3.374e-02 5.912048816680907	1.0
chr9_134074333_A_G_b38	1	6.13039e-03	-2.135e-01	3.374e-02 5.894511699676514	1.0
chr9_134074768_A_G_b38	1	6.13039e-03	-2.135e-01	3.374e-02 5.894645690917969	1.0
chr9_134077014_C_A_b38	1	6.13039e-03	-2.135e-01	3.374e-02 5.839059001374668	1.0
chr9_134073694_C_G_b38	1	6.13039e-03	-2.135e-01	3.374e-02 5.899680137634277	1.0
chr9_134073839_G_A_b38	1	6.13039e-03	-2.135e-01	3.374e-02 5.905109882354736	1.0
chr9_134076668_C_G_b38	1	6.13039e-03	-2.135e-01	3.374e-02 5.917707443237305	1.0
chr9_134073641_G_GCAGATTCAA_b38	1	6.13039e-03	-2.135e-01	3.374e-02 5.839059001374668	1.0
chr9_134075208_C_A_b38	1	6.13039e-03	-2.135e-01	3.374e-02 5.839059001374668	1.0
chr9_134075772_T_C_b38	1	6.13039e-03	-2.135e-01	3.374e-02 5.839059001374668	1.0
chr9_134075658_G_A_b38	1	6.13039e-03	-2.135e-01	3.374e-02 5.839059001374668	1.0
chr9_134074870_C_A_b38	1	6.13039e-03	-2.135e-01	3.374e-02 5.905344486236572	1.0
chr9_134075655_A_G_b38	1	6.13039e-03	-2.135e-01	3.374e-02 5.839059001374668	1.0
chr9_134076423_G_A_b38	1	6.13039e-03	-2.135e-01	3.374e-02 5.839059001374668	1.0
chr9_134074109_C_G_b38	1	5.78540e-03	-2.135e-01	3.378e-02 5.89743185043335	1.0
chr9_134075920_C_T_b38	1	5.64240e-03	-2.125e-01	3.331e-02 5.650894597320947	1.0
chr9_134072392_G_T_b38	1	4.57003e-03	-2.084e-01	3.332e-02 5.903590679168701	1.0
chr9_134071162_C_G_b38	1	4.57003e-03	-2.084e-01	3.332e-02 5.9255428314208975	1.0
chr9_134075285_C_G_b38	1	4.06991e-03	-2.112e-01	3.375e-02 5.6434253336998115	1.0
chr9_134075775_T_C_b38	1	3.95665e-03	-2.106e-01	3.366e-02 5.839059001374668	1.0
chr9_134073372_A_G_b38	1	2.93941e-03	-2.082e-01	3.357e-02 5.898754596710205	1.0
chr9_134072001_G_A_b38	1	5.40592e-04	-2.063e-01	3.370e-02 5.897271156311035	1.0
chr9_134072141_C_T_b38	1	5.40592e-04	-2.063e-01	3.370e-02 5.899149417877197	1.0
chr9_134021078_G_A_b38	2	9.75082e-01	2.670e-01	4.985e-02 -1.7848576307296753	1.0
chr9_134018363_C_T_b38	2	1.51542e-02	-2.677e-01	3.983e-02 1.913424372673035	1.0
chr9_134040437_C_A_b38	2	4.81101e-03	2.732e-01	4.205e-02 -1.7109422683715818	1.0
chr9_134021492_C_T_b38	2	4.71872e-03	2.617e-01	4.033e-02 -1.8404077291488647	1.0
chr9_134069081_G_A_b38	3	2.54350e-01	-2.077e-01	4.361e-02 7.319563385224104	1.0
chr9_134067384_TCCCCAGGCGCGGG_T_b38	3	1.72759e-01	-2.118e-01	4.364e-02 7.214497033013291	1.0
chr9_134066656_C_A_b38	3	1.61228e-01	-2.113e-01	4.364e-02 7.45089054107666	1.0
chr9_134060541_G_T_b38	3	1.16282e-01	-2.126e-01	4.243e-02 7.5673627853393555	1.0
chr9_134065012_T_C_b38	3	1.02027e-01	-2.118e-01	4.364e-02 7.4633097648620605	1.0
chr9_134053015_A_T_b38	3	2.49696e-02	-1.859e-01	3.844e-02 6.175492763519287	1.0
chr9_134048001_C_G_b38	3	2.49696e-02	-1.859e-01	3.844e-02 6.283761978149414	1.0
chr9_134054446_A_G_b38	3	2.26675e-02	-1.842e-01	3.844e-02 6.264440059661865	1.0
chr9_134071254_C_T_b38	3	1.96925e-02	-1.958e-01	4.276e-02 7.43708324432373	1.0
chr9_134047504_C_T_b38	3	1.83947e-02	-1.823e-01	3.896e-02 6.191584587097168	1.0
chr9_134064464_C_T_b38	3	1.44863e-02	-1.958e-01	4.292e-02 7.443436145782472	1.0
chr9_134044019_G_C_b38	3	1.01364e-02	-1.798e-01	3.878e-02 6.2444000244140625	1.0
chr9_134046024_G_A_b38	3	9.22758e-03	-1.781e-01	3.874e-02 6.307314395904541	1.0
chr9_134043886_G_A_b38	3	9.22758e-03	-1.781e-01	3.874e-02 6.303195476531982	1.0
chr9_134061669_G_T_b38	3	7.02682e-03	-1.958e-01	4.291e-02 7.4072041511535645	1.0
chr9_134092186_G_A_b38	3	6.90192e-03	-1.849e-01	3.924e-02 7.100191116333008	1.0
chr9_134053540_C_A_b38	3	5.79864e-03	-1.668e-01	3.787e-02 6.29923677444458	1.0
chr9_134054863_A_T_b38	3	5.79864e-03	-1.668e-01	3.787e-02 6.243203639984131	1.0
chr9_134084547_C_T_b38	3	4.06831e-03	-1.966e-01	4.264e-02 7.246487140655518	1.0
chr9_134107579_C_A_b38	3	4.05010e-03	-1.752e-01	3.614e-02 6.008588790893555	1.0
chr9_134075306_CG_C_b38	3	3.22244e-03	-1.846e-01	4.226e-02 6.897074399236339	1.0
chr9_134087708_C_A_b38	3	5.70998e-04	-1.681e-01	3.827e-02 7.018087387084961	1.0
chr9_134068760_C_T_b38	4	5.42808e-02	1.120e-01	4.939e-02 -3.888304710388184	1.0
chr9_134066835_T_C_b38	4	9.33060e-03	1.167e-01	4.470e-02 -3.858529090881348	1.0
chr9_134067065_T_C_b38	4	6.74972e-03	1.154e-01	5.575e-02 -3.850088834762573	1.0
chr9_134065772_G_A_b38	4	5.34324e-03	1.193e-01	4.103e-02 -3.86362624168396	1.0
chr9_134065124_G_A_b38	4	5.34324e-03	1.193e-01	4.103e-02 -3.9121344089508057	1.0
chr9_134073139_C_T_b38	4	4.22225e-03	1.169e-01	4.194e-02 -3.833707571029663	1.0
chr9_134073140_G_A_b38	4	4.22225e-03	1.169e-01	4.194e-02 -3.826390504837036	1.0
chr9_134072069_C_T_b38	4	3.31751e-03	1.144e-01	4.173e-02 -3.733245849609375	1.0
chr9_134062535_T_C_b38	4	2.92234e-03	1.219e-01	3.858e-02 -3.9160664081573486	1.0
chr9_134072482_T_C_b38	4	2.67066e-03	1.106e-01	4.175e-02 -3.713715314865112	1.0
chr9_134076658_G_A_b38	4	2.48562e-03	1.202e-01	3.924e-02 -3.7004199028015137	1.0
chr9_134075584_G_A_b38	4	2.48562e-03	1.202e-01	3.924e-02 -3.5631140632279275	1.0
chr9_134076072_G_A_b38	4	2.48562e-03	1.202e-01	3.924e-02 -3.5631140632279275	1.0
chr9_134075995_T_C_b38	4	2.48562e-03	1.202e-01	3.924e-02 -3.5631140632279275	1.0
chr9_134076724_A_G_b38	4	2.48562e-03	1.202e-01	3.924e-02 -3.69523811340332	1.0
chr9_134077181_G_A_b38	4	1.80057e-03	1.179e-01	3.748e-02 -3.6956636905670166	1.0
chr9_134074466_C_T_b38	4	1.66419e-03	1.195e-01	3.856e-02 -3.692360877990722	1.0
chr9_134077603_G_A_b38	4	1.66419e-03	1.195e-01	3.856e-02 -3.672362804412842	1.0
chr9_134058850_G_A_b38	4	9.34626e-04	1.509e-01	4.965e-02 -1.3846441507339478	1.0
chr9_134075440_C_T_b38	4	8.10183e-04	1.082e-01	3.596e-02 -3.2242520865069646	1.0
chr9_134068649_C_CCT_b38	5	1.21207e-03	-5.920e-02	1.374e-01 2.210423649702194	1.0
chr9_134069802_G_A_b38	5	1.13800e-04	-5.712e-02	1.201e-01 2.0995323657989498	1.0
