chr1_109509517_A_G_b38	1	9.98286e-01	8.619e-01	2.314e-02 -4.6643476486206055	1.0
chr1_109510068_G_A_b38	2	4.10751e-03	-1.119e-02	3.329e-02 -3.0089190006256104	1.0
chr1_109511739_T_A_b38	2	1.00320e-03	-3.212e-02	2.997e-02 -3.027055501937866	1.0
chr1_109512058_C_T_b38	2	8.60227e-04	-1.249e-02	3.379e-02 -2.692862033843994	1.0
chr1_109510740_GTTAGCTGTTC_G_b38	2	8.60227e-04	-1.249e-02	3.379e-02 -2.4346390828775943	1.0
chr1_109518270_A_G_b38	2	8.34988e-04	-5.763e-02	2.954e-02 -2.818837881088257	1.0
chr1_109516423_AAG_A_b38	2	8.34988e-04	-5.763e-02	2.954e-02 -2.8890871198888113	1.0
chr1_109514370_T_A_b38	2	7.76993e-04	-4.299e-02	2.984e-02 -2.8718502521514893	1.0
chr1_109513504_C_T_b38	2	5.95572e-04	-3.212e-02	2.997e-02 -3.02461314201355	1.0
chr1_109512486_C_T_b38	2	5.95572e-04	-3.212e-02	2.997e-02 -3.033253669738769	1.0
chr1_109518249_G_A_b38	2	5.52092e-04	-4.609e-02	2.976e-02 -2.858701229095459	1.0
chr1_109516708_G_A_b38	2	5.04363e-04	-4.313e-02	3.023e-02 -2.8184528350830083	1.0
chr1_109516871_G_A_b38	2	3.82794e-04	-2.767e-02	3.384e-02 -2.606483459472656	1.0
chr1_109516262_TAA_T_b38	2	3.78462e-04	-2.785e-02	3.300e-02 -2.6027243845592767	1.0
chr1_109528608_T_C_b38	2	2.94072e-04	-4.950e-02	2.940e-02 -2.7486395835876465	1.0
chr1_109520918_G_A_b38	2	2.94072e-04	-4.950e-02	2.940e-02 -2.8059680461883545	1.0
chr1_109520523_A_G_b38	2	2.94072e-04	-4.950e-02	2.940e-02 -2.8074159622192383	1.0
chr1_109529816_A_C_b38	2	2.87721e-04	-4.863e-02	3.014e-02 -2.679919004440308	1.0
chr1_109523423_A_G_b38	2	2.37255e-04	-4.276e-02	2.948e-02 -2.79524827003479	1.0
chr1_109525608_A_G_b38	2	2.13722e-04	-3.897e-02	2.968e-02 -2.782451629638672	1.0
chr1_109532232_A_G_b38	2	2.02422e-04	-3.677e-02	2.987e-02 -2.7166519165039062	1.0
chr1_109532345_A_G_b38	2	1.81278e-04	-3.195e-02	2.970e-02 -2.7527575492858887	1.0
chr1_109530696_C_T_b38	2	1.76515e-04	-2.774e-02	3.222e-02 -2.523335218429565	1.0
chr1_109533839_G_A_b38	2	1.63294e-04	-2.036e-02	3.302e-02 -2.347041130065918	1.0
chr1_109535119_A_G_b38	2	5.61891e-05	-1.264e-02	3.354e-02 -2.0700366497039795	1.0
