chr2_48396868_G_A_b38	1	3.29040e-01	-2.169e-01	2.610e-02 0.6103665232658386	1.0
chr2_48505805_A_G_b38	1	1.71186e-01	-2.319e-01	2.818e-02 0.7089175581932068	1.0
chr2_48397905_G_T_b38	1	9.50172e-02	2.139e-01	2.652e-02 -0.10012361407279967	1.0
chr2_48448582_GAAATAAAATCTAACGTCTTTAGATTTATA_G_b38	1	8.80023e-02	-2.053e-01	2.596e-02 1.1127916647116287	1.0
chr2_48490591_A_G_b38	1	5.38232e-02	-2.207e-01	2.809e-02 0.6011725068092346	1.0
chr2_48419261_G_T_b38	1	3.87132e-02	2.231e-01	2.868e-02 -0.10351350903511047	1.0
chr2_48419260_T_C_b38	1	3.87132e-02	2.231e-01	2.868e-02 -0.12648579478263855	1.0
chr2_48404838_C_T_b38	1	3.80478e-02	2.224e-01	2.826e-02 -0.2437984645366669	1.0
chr2_48405316_G_T_b38	1	3.59777e-02	2.234e-01	2.832e-02 -0.14301519095897675	1.0
chr2_48439199_G_A_b38	1	2.81586e-02	-1.976e-01	2.595e-02 1.3800019025802612	1.0
chr2_48384380_A_T_b38	1	2.71011e-02	2.149e-01	2.655e-02 0.13810928165912628	1.0
chr2_48435941_T_C_b38	1	1.69017e-02	2.086e-01	2.815e-02 -1.0449652671813965	1.0
chr2_48404376_C_T_b38	1	1.54983e-02	2.213e-01	2.848e-02 -0.17394036239562286	1.0
chr2_48396045_C_T_b38	1	1.34517e-02	2.057e-01	2.627e-02 -0.15900500118732452	1.0
chr2_48395181_G_C_b38	1	1.02552e-02	2.048e-01	2.629e-02 -0.18296994268894198	1.0
chr2_48441151_C_T_b38	2	8.19857e-01	-3.659e-01	5.537e-02 5.322540283203125	1.0
chr2_48454858_G_C_b38	2	1.00300e-01	-3.749e-01	5.616e-02 5.167501449584961	1.0
chr2_48415496_T_C_b38	2	5.13656e-02	-3.499e-01	5.055e-02 5.16387939453125	1.0
chr2_48404238_T_C_b38	2	2.83654e-02	-3.597e-01	5.314e-02 5.018468379974365	1.0
chr2_48440605_G_C_b38	3	7.22699e-02	-7.449e-02	3.392e-02 4.0750412940979	1.0
chr2_48439597_A_G_b38	3	2.16772e-03	-5.415e-02	3.474e-02 3.279646635055542	1.0
chr2_48439948_A_G_b38	4	7.80789e-04	-8.584e-02	8.808e-02 0.5155906081199646	1.0
chr2_48436818_T_C_b38	4	1.56975e-04	-7.148e-02	8.451e-02 0.4234374761581421	1.0
chr2_48462790_C_G_b38	4	4.87652e-05	-1.118e-01	6.382e-02 0.4644217789173126	1.0
chr2_48472068_C_T_b38	4	2.01943e-05	-1.360e-01	6.876e-02 0.41673195362091053	1.0
