chr19_48726268_T_C_b38	1	8.23807e-01	4.879e-01	5.079e-02 -5.5263094902038565	1.0
chr19_48728969_G_A_b38	1	6.91950e-02	4.728e-01	4.875e-02 -5.640501499176025	1.0
chr19_48723786_G_A_b38	1	3.63281e-02	4.736e-01	4.708e-02 -5.563377380371094	1.0
chr19_48723999_C_T_b38	1	3.63281e-02	4.736e-01	4.708e-02 -5.565413951873778	1.0
chr19_48725015_T_C_b38	1	1.56422e-02	4.708e-01	4.589e-02 -5.5405378341674805	1.0
chr19_48724186_C_T_b38	1	1.56422e-02	4.708e-01	4.589e-02 -5.51775598526001	1.0
chr19_48740962_C_A_b38	2	5.67251e-03	1.227e-02	6.379e-02 4.194447040557861	1.0
chr19_48740963_G_A_b38	2	5.67251e-03	1.227e-02	6.379e-02 4.163615703582764	1.0
chr19_48738719_A_G_b38	2	2.02792e-03	-1.226e-01	1.414e-01 -5.247129917144775	1.0
chr19_48735943_G_A_b38	2	1.93876e-03	-1.840e-01	1.015e-01 -5.200277805328369	1.0
chr19_48744795_C_T_b38	2	1.55528e-03	1.533e-01	1.309e-01 5.104773750057501	1.0
chr19_48737758_C_T_b38	2	1.39397e-03	-1.810e-01	1.389e-01 -5.185098648071289	1.0
chr19_48737757_G_A_b38	2	1.39397e-03	-1.810e-01	1.389e-01 -5.205151081085205	1.0
chr19_48745473_G_A_b38	2	1.38586e-03	-5.730e-02	1.016e-01 4.6118597984313965	1.0
chr19_48746982_C_T_b38	2	1.15657e-03	1.687e-01	9.774e-02 5.015727996826172	1.0
chr19_48743609_A_G_b38	2	1.08599e-03	1.066e-01	1.010e-01 5.087871551513672	1.0
chr19_48735769_T_C_b38	2	1.07376e-03	-1.247e-01	1.421e-01 -5.220431327819824	1.0
chr19_48732845_T_C_b38	2	9.21540e-04	-1.351e-01	8.318e-02 -5.103185176849365	1.0
chr19_48751698_C_T_b38	2	8.52723e-04	1.415e-01	6.814e-02 4.3349361419677725	1.0
chr19_48711213_T_C_b38	2	6.33008e-04	-1.193e-01	6.034e-02 2.7139110565185547	1.0
chr19_48744863_A_G_b38	2	6.24747e-04	-2.117e-03	6.440e-02 4.136985301971436	1.0
chr19_48744765_A_C_b38	2	6.24747e-04	-2.117e-03	6.440e-02 4.1200881004333505	1.0
chr19_48744706_G_T_b38	2	6.24747e-04	-2.117e-03	6.440e-02 4.124031066894531	1.0
chr19_48745038_G_A_b38	2	6.24747e-04	-2.117e-03	6.440e-02 4.1160621643066415	1.0
chr19_48745074_G_A_b38	2	6.24747e-04	-2.117e-03	6.440e-02 4.123014450073241	1.0
chr19_48744529_G_A_b38	2	6.24747e-04	-2.117e-03	6.440e-02 4.118957042694092	1.0
chr19_48745383_A_G_b38	2	6.24747e-04	-2.117e-03	6.440e-02 4.126016616821288	1.0
chr19_48744742_T_A_b38	2	6.24747e-04	-2.117e-03	6.440e-02 4.022026100758372	1.0
chr19_48744741_G_GC_b38	2	6.24747e-04	-2.117e-03	6.440e-02 4.022026100758372	1.0
chr19_48744344_C_T_b38	2	6.24747e-04	-2.117e-03	6.440e-02 4.1198015213012695	1.0
chr19_48744998_G_A_b38	2	6.24747e-04	-2.117e-03	6.440e-02 4.123318672180177	1.0
chr19_48744436_C_T_b38	2	6.24747e-04	-2.117e-03	6.440e-02 4.119067192077637	1.0
chr19_48743867_T_G_b38	2	6.24747e-04	-2.117e-03	6.440e-02 4.138902664184569	1.0
chr19_48743829_A_G_b38	2	6.24747e-04	-2.117e-03	6.440e-02 4.1358280181884775	1.0
chr19_48744643_G_A_b38	2	6.24291e-04	1.129e-03	6.509e-02 4.1261396408081055	1.0
chr19_48710809_G_A_b38	2	5.32875e-04	-1.156e-01	6.050e-02 2.254444360733032	1.0
chr19_48737749_C_G_b38	2	4.90123e-04	3.412e-02	6.599e-02 4.3169031143188485	1.0
chr19_48738143_C_T_b38	2	4.90123e-04	3.412e-02	6.599e-02 4.313401222229004	1.0
chr19_48726066_G_A_b38	2	4.55846e-04	-1.630e-01	1.025e-01 -5.4767189025878915	1.0
chr19_48747281_A_G_b38	2	3.82466e-04	4.401e-02	6.755e-02 4.297108173370361	1.0
chr19_48746940_T_C_b38	2	3.82466e-04	4.401e-02	6.755e-02 4.302332878112793	1.0
chr19_48747400_C_G_b38	2	3.76544e-04	5.189e-03	6.978e-02 4.260426044464111	1.0
chr19_48731042_A_T_b38	2	3.52830e-04	3.975e-02	6.689e-02 4.321270942687988	1.0
chr19_48747376_G_A_b38	2	3.49390e-04	-3.424e-05	6.407e-02 4.091726303100587	1.0
chr19_48746186_A_T_b38	2	3.49390e-04	-3.424e-05	6.407e-02 4.18131160736084	1.0
chr19_48734290_G_A_b38	2	3.46112e-04	2.036e-02	6.924e-02 4.237614154815674	1.0
chr19_48746557_C_A_b38	2	3.30629e-04	1.785e-02	6.216e-02 4.1450018882751465	1.0
chr19_48746538_C_T_b38	2	3.30629e-04	1.785e-02	6.216e-02 4.143488883972168	1.0
chr19_48746631_G_A_b38	2	3.30629e-04	1.785e-02	6.216e-02 4.1402063369750985	1.0
chr19_48746441_C_T_b38	2	3.24678e-04	2.857e-02	5.892e-02 3.3398435115814213	1.0
chr19_48716202_T_C_b38	2	2.71838e-04	-8.509e-02	1.002e-01 -5.516812801361084	1.0
chr19_48719762_C_G_b38	2	1.85431e-04	-1.592e-02	6.454e-02 3.976297616958618	1.0
chr19_48721227_C_T_b38	2	1.78487e-04	-1.144e-02	6.407e-02 3.982242584228516	1.0
chr19_48730149_C_A_b38	2	1.77939e-04	2.036e-02	6.924e-02 4.338035106658936	1.0
chr19_48714048_A_G_b38	2	1.76622e-04	-7.806e-02	6.121e-02 3.9958400726318364	1.0
chr19_48719226_C_G_b38	2	1.59849e-04	1.419e-02	6.206e-02 4.112623214721681	1.0
chr19_48711491_T_C_b38	2	1.36959e-04	-6.608e-02	6.012e-02 3.927033662796021	1.0
chr19_48712967_G_C_b38	2	9.56003e-05	-4.496e-02	6.213e-02 3.88726019859314	1.0
chr19_48703346_C_T_b38	2	8.93876e-05	-3.702e-02	6.552e-02 3.8168962001800537	1.0
chr19_48743121_G_A_b38	3	1.08512e-04	2.079e-01	1.166e-01 1.9539029598236084	1.0
