chr10_59749026_A_G_b38	1	8.84957e-01	-7.723e-01	3.576e-02 0.3317832052707672	1.0
chr10_59750801_G_A_b38	1	1.14221e-01	-7.801e-01	3.700e-02 0.2984907329082489	1.0
chr10_59709780_T_C_b38	2	2.65633e-01	-3.877e-01	6.190e-02 -9.716057777404783	1.0
chr10_59708831_G_T_b38	2	2.65633e-01	-3.877e-01	6.190e-02 -9.628927230834961	1.0
chr10_59709332_C_T_b38	2	2.65633e-01	-3.877e-01	6.190e-02 -9.690284729003906	1.0
chr10_59707424_G_T_b38	2	9.45844e-02	-3.785e-01	6.539e-02 -9.562848091125488	1.0
chr10_59706080_A_G_b38	2	7.31897e-02	-3.776e-01	6.755e-02 -8.598746299743652	1.0
chr10_59704749_C_G_b38	2	3.45054e-02	-3.638e-01	6.717e-02 -8.618660926818848	1.0
chr10_59705955_C_T_b38	3	9.33563e-02	-2.072e-01	4.014e-02 -2.538755178451538	1.0
chr10_59704917_C_T_b38	3	9.33563e-02	-2.072e-01	4.014e-02 -2.499516725540161	1.0
chr10_59708760_G_T_b38	3	9.09916e-02	-2.069e-01	4.012e-02 -2.5430710315704346	1.0
chr10_59710162_G_C_b38	3	5.35695e-02	-2.034e-01	4.107e-02 -2.4446003139207253	1.0
chr10_59709378_C_T_b38	3	5.35695e-02	-2.034e-01	4.107e-02 -2.609668493270874	1.0
chr10_59686447_C_T_b38	3	5.59840e-03	-1.535e-01	3.725e-02 -0.4131810963153839	1.0
chr10_59685415_T_C_b38	3	1.56902e-03	-1.530e-01	3.709e-02 -0.4224492907524109	1.0
chr10_59710700_G_C_b38	3	6.58222e-04	-1.271e-01	4.091e-02 -2.9203920364379883	1.0
chr10_59703380_G_A_b38	3	6.49383e-04	-1.246e-01	3.959e-02 -1.889604449272156	1.0
chr10_59694164_C_T_b38	3	6.41189e-04	-1.218e-01	3.851e-02 -0.6688664555549622	1.0
chr10_59702700_C_T_b38	3	6.34595e-04	-1.236e-01	3.948e-02 -1.8719784021377563	1.0
chr10_59735593_G_A_b38	4	1.09118e-02	2.252e-01	1.089e-01 0.2963153421878815	1.0
chr10_59716847_C_T_b38	4	7.04615e-04	3.388e-01	1.356e-01 1.8605446815490725	1.0
chr10_59750583_T_C_b38	4	6.86806e-04	3.388e-01	1.356e-01 1.8104031085968015	1.0
