chr10_94360639_T_C_b38	1	1.50398e-01	2.572e-01	4.153e-02 -4.885164260864258	1.0
chr10_94361335_T_C_b38	1	1.50398e-01	2.572e-01	4.153e-02 -4.9001126289367685	1.0
chr10_94361265_A_G_b38	1	1.25896e-01	2.176e-01	4.235e-02 -3.3036434650421143	1.0
chr10_94360189_G_A_b38	1	9.08022e-02	2.571e-01	4.153e-02 -4.893153667449951	1.0
chr10_94354883_T_C_b38	1	4.98456e-02	2.597e-01	4.192e-02 -4.872054100036621	1.0
chr10_94356187_C_T_b38	1	4.98456e-02	2.597e-01	4.192e-02 -4.895459175109863	1.0
chr10_94356663_A_G_b38	1	4.98456e-02	2.597e-01	4.192e-02 -4.734815761029758	1.0
chr10_94356662_G_A_b38	1	4.92770e-02	2.571e-01	4.152e-02 -4.933326721191406	1.0
chr10_94342645_A_G_b38	1	4.07702e-02	2.626e-01	4.178e-02 -4.816427707672119	1.0
chr10_94349043_T_C_b38	1	3.18739e-02	2.122e-01	3.966e-02 -3.3716630935668945	1.0
chr10_94359373_C_T_b38	1	2.91861e-02	2.491e-01	4.167e-02 -4.9194655418396	1.0
chr10_94361032_T_C_b38	1	2.67764e-02	2.442e-01	4.163e-02 -4.66360330581665	1.0
chr10_94363069_C_T_b38	1	1.74591e-02	1.937e-01	3.694e-02 -3.1172263622283936	1.0
chr10_94348607_T_G_b38	1	1.12812e-02	2.043e-01	3.762e-02 -3.356613874435425	1.0
chr10_94340870_A_G_b38	1	6.05061e-03	2.588e-01	4.360e-02 -3.989432811737061	1.0
chr10_94338987_C_T_b38	1	5.32609e-03	2.469e-01	4.180e-02 -4.657332897186278	1.0
chr10_94338268_G_A_b38	1	5.32609e-03	2.469e-01	4.180e-02 -4.628735065460205	1.0
chr10_94344329_G_A_b38	1	2.20429e-03	2.388e-01	4.162e-02 -4.8376312255859375	1.0
chr10_94333875_C_G_b38	1	2.16743e-03	2.451e-01	4.144e-02 -4.650481700897217	1.0
chr10_94318821_G_A_b38	1	2.16743e-03	2.451e-01	4.144e-02 -4.551724433898926	1.0
chr10_94327971_A_G_b38	1	2.16743e-03	2.451e-01	4.144e-02 -4.633938789367676	1.0
chr10_94317819_C_T_b38	1	2.16743e-03	2.451e-01	4.144e-02 -4.54472541809082	1.0
chr10_94336243_C_A_b38	1	2.05965e-03	2.467e-01	4.178e-02 -4.616691589355469	1.0
chr10_94317911_G_A_b38	1	2.05965e-03	2.467e-01	4.178e-02 -4.52561616897583	1.0
chr10_94327299_A_C_b38	1	2.05965e-03	2.467e-01	4.178e-02 -4.631908416748047	1.0
chr10_94323139_T_C_b38	1	2.05965e-03	2.467e-01	4.178e-02 -4.614584445953369	1.0
chr10_94338616_C_T_b38	1	1.86992e-03	2.363e-01	4.143e-02 -4.377828121185304	1.0
chr10_94372190_A_C_b38	1	1.41520e-03	2.184e-01	3.976e-02 -3.8330469131469727	1.0
chr10_94363100_G_A_b38	2	4.31137e-02	-5.882e-03	1.390e-01 1.130298733711243	1.0
chr10_94363598_C_T_b38	2	1.39475e-02	-7.416e-03	1.393e-01 1.1379706859588623	1.0
chr10_94360461_C_T_b38	2	7.77837e-03	1.473e-02	1.322e-01 0.9314481019973756	1.0
chr10_94367691_C_A_b38	2	4.13003e-03	-4.439e-02	1.409e-01 1.087743639945984	1.0
chr10_94359930_G_A_b38	2	3.87711e-03	-9.918e-03	1.345e-01 0.8781685829162598	1.0
chr10_94359956_A_G_b38	2	3.85749e-03	-2.077e-02	1.366e-01 0.9220985174179076	1.0
chr10_94365604_C_T_b38	2	3.50152e-03	-3.987e-02	1.347e-01 1.0991978645324707	1.0
chr10_94356200_G_C_b38	2	1.65410e-03	-5.236e-02	1.360e-01 0.9200701117515564	1.0
chr10_94354455_TCTC_T_b38	2	1.65410e-03	-5.236e-02	1.360e-01 0.8914900412782236	1.0
chr10_94371764_G_A_b38	2	9.95184e-04	6.037e-02	1.059e-01 0.3310501277446747	1.0
chr10_94340362_C_T_b38	2	9.52907e-04	-5.668e-02	1.305e-01 1.0135539770126345	1.0
chr10_94346846_A_G_b38	2	6.50162e-04	-1.614e-01	6.039e-02 0.9076531529426576	1.0
chr10_94346483_G_C_b38	2	6.50162e-04	-1.614e-01	6.039e-02 1.1812453269958496	1.0
chr10_94343001_T_C_b38	2	5.46184e-04	-1.559e-01	5.984e-02 0.9183583855628968	1.0
chr10_94337109_T_C_b38	2	3.64225e-04	1.140e-01	4.699e-02 0.7185081243515015	1.0
chr10_94321700_T_G_b38	2	3.64225e-04	1.140e-01	4.699e-02 0.7155851125717163	1.0
chr10_94326234_C_G_b38	2	3.64225e-04	1.140e-01	4.699e-02 0.714087188243866	1.0
chr10_94362902_C_T_b38	3	2.38753e-03	1.171e-01	7.578e-02 1.1707520484924316	1.0
chr10_94360567_C_A_b38	3	3.25213e-04	1.174e-01	7.568e-02 1.1841169595718384	1.0
chr10_94349734_T_C_b38	3	1.25226e-05	1.184e-01	7.539e-02 1.2032111883163452	1.0
