chr19_49594290_A_G_b38	1	1.04137e-01	3.049e-01	5.396e-02 6.625345230102539	1.0
chr19_49593602_G_C_b38	1	9.81118e-02	2.972e-01	5.395e-02 6.712386608123777	1.0
chr19_49593164_C_G_b38	1	8.90614e-02	2.944e-01	5.362e-02 6.6966495513916025	1.0
chr19_49592887_T_C_b38	1	8.90614e-02	2.944e-01	5.362e-02 6.683364391326903	1.0
chr19_49591790_AGCCGG_A_b38	1	8.16216e-02	2.802e-01	5.525e-02 6.223321404944563	1.0
chr19_49597038_A_G_b38	1	5.52096e-02	2.997e-01	5.385e-02 6.711465358734131	1.0
chr19_49594675_G_C_b38	1	5.12634e-02	2.972e-01	5.416e-02 6.61761999130249	1.0
chr19_49586653_T_C_b38	1	4.23429e-02	2.944e-01	5.362e-02 6.720406532287598	1.0
chr19_49588207_A_C_b38	1	4.23429e-02	2.944e-01	5.362e-02 6.713715076446532	1.0
chr19_49584416_C_T_b38	1	3.73058e-02	2.944e-01	5.360e-02 6.702116012573242	1.0
chr19_49592704_T_C_b38	1	3.58460e-02	2.853e-01	5.389e-02 6.6991963386535645	1.0
chr19_49594527_T_C_b38	1	3.39858e-02	2.925e-01	5.445e-02 6.568098545074463	1.0
chr19_49590315_A_G_b38	1	2.97969e-02	2.853e-01	5.389e-02 6.699136734008789	1.0
chr19_49596165_C_T_b38	1	2.85015e-02	3.512e-01	6.484e-02 4.8285322189331055	1.0
chr19_49578903_A_G_b38	1	2.24793e-02	2.990e-01	5.357e-02 6.542355537414551	1.0
chr19_49588745_T_G_b38	1	2.16239e-02	2.870e-01	5.380e-02 6.711015224456787	1.0
chr19_49584619_T_C_b38	1	2.09728e-02	2.923e-01	5.469e-02 6.718423366546631	1.0
chr19_49582823_A_G_b38	1	1.90515e-02	2.870e-01	5.380e-02 6.6305036544799805	1.0
chr19_49599067_AG_A_b38	1	1.32700e-02	2.849e-01	5.433e-02 6.504582420090267	1.0
chr19_49598456_T_C_b38	1	1.32700e-02	2.849e-01	5.433e-02 6.625910758972168	1.0
chr19_49599995_G_A_b38	1	1.32700e-02	2.849e-01	5.433e-02 6.648621082305907	1.0
chr19_49575019_T_C_b38	1	1.04468e-02	2.940e-01	5.456e-02 6.540314833982839	1.0
chr19_49569969_A_G_b38	1	9.42705e-03	2.925e-01	5.467e-02 6.5888752937316895	1.0
chr19_49570110_T_TAAAG_b38	1	9.42705e-03	2.925e-01	5.467e-02 6.602575639587044	1.0
chr19_49581339_G_C_b38	1	6.77748e-03	2.864e-01	5.436e-02 6.6004743576049805	1.0
chr19_49594350_C_T_b38	1	6.30988e-03	3.188e-01	6.305e-02 4.769552230834961	1.0
chr19_49595166_G_A_b38	1	5.47831e-03	3.184e-01	6.341e-02 4.94782829284668	1.0
chr19_49564251_A_G_b38	1	2.72757e-03	2.875e-01	5.425e-02 6.540373802185059	1.0
chr19_49588016_C_A_b38	1	1.44795e-03	2.973e-01	6.265e-02 4.841695785522461	1.0
chr19_49588541_G_T_b38	1	1.44795e-03	2.973e-01	6.265e-02 4.826547622680664	1.0
chr19_49657834_A_G_b38	2	2.14659e-02	4.537e-01	1.134e-01 -5.3131632804870605	1.0
chr19_49658008_G_T_b38	2	2.14659e-02	4.537e-01	1.134e-01 -4.918664594061323	1.0
chr19_49618017_G_A_b38	2	4.01875e-03	2.963e-01	9.763e-02 -5.704883098602295	1.0
chr19_49591240_AGGC_A_b38	3	5.15186e-04	-6.739e-02	1.352e-01 3.9823307200469364	1.0
chr19_49590929_C_G_b38	3	1.86040e-04	2.508e-01	9.040e-02 4.233471393585205	1.0
chr19_49590619_T_C_b38	3	3.14916e-05	2.508e-01	9.040e-02 4.210525035858153	1.0
chr19_49590174_T_TGCGGGG_b38	3	3.14916e-05	2.508e-01	9.040e-02 4.048164924289283	1.0
