chr4_76898034_C_G_b38	1	4.09472e-01	-6.581e-01	6.845e-02 5.574732780456543	1.0
chr4_76897395_T_C_b38	1	1.52446e-01	-6.581e-01	6.845e-02 5.581364631652832	1.0
chr4_76899803_T_C_b38	1	5.34186e-02	-6.648e-01	6.943e-02 5.554930210113525	1.0
chr4_76898689_T_C_b38	1	4.19147e-02	-6.611e-01	7.011e-02 5.558796405792236	1.0
chr4_76898739_A_C_b38	1	4.19147e-02	-6.611e-01	7.011e-02 5.551900863647461	1.0
chr4_76898747_T_C_b38	1	4.19147e-02	-6.611e-01	7.011e-02 5.551900863647461	1.0
chr4_76901529_G_A_b38	1	3.03072e-02	-6.648e-01	6.943e-02 5.558785915374756	1.0
chr4_76903136_A_G_b38	1	3.03072e-02	-6.648e-01	6.943e-02 5.556723594665527	1.0
chr4_76900592_G_C_b38	1	2.12333e-02	-6.611e-01	7.009e-02 5.5722923278808585	1.0
chr4_76900265_A_C_b38	1	2.12333e-02	-6.611e-01	7.009e-02 5.5732035636901855	1.0
chr4_76899473_G_T_b38	1	2.12333e-02	-6.611e-01	7.009e-02 5.543273448944092	1.0
chr4_76899796_G_A_b38	1	2.12333e-02	-6.611e-01	7.009e-02 5.581296443939209	1.0
chr4_76900001_C_T_b38	1	2.12333e-02	-6.611e-01	7.009e-02 5.5816521644592285	1.0
chr4_76900730_C_T_b38	1	1.20226e-02	-6.611e-01	7.008e-02 5.436544506298086	1.0
chr4_76901175_C_G_b38	1	1.20226e-02	-6.611e-01	7.008e-02 5.584314346313477	1.0
chr4_76902487_C_T_b38	1	1.20226e-02	-6.611e-01	7.008e-02 5.61747407913208	1.0
chr4_76902519_A_G_b38	1	1.20226e-02	-6.611e-01	7.008e-02 5.5836181640625	1.0
chr4_76902489_G_A_b38	1	1.20226e-02	-6.611e-01	7.008e-02 5.618718147277832	1.0
chr4_76897049_T_C_b38	1	8.61984e-03	-6.346e-01	6.821e-02 5.568051815032959	1.0
chr4_76903321_G_A_b38	1	7.99830e-03	-6.611e-01	7.008e-02 5.582327842712402	1.0
chr4_76903289_C_T_b38	1	7.99830e-03	-6.611e-01	7.008e-02 5.582311153411865	1.0
chr4_76898994_G_A_b38	2	3.49985e-03	-7.203e-02	1.320e-01 2.0603106021881104	1.0
chr4_76896979_G_C_b38	2	1.66432e-03	-8.457e-02	1.319e-01 1.9768811464309688	1.0
chr4_76894977_TA_T_b38	2	9.55789e-04	-3.899e-02	1.654e-01 0.4004810869051804	1.0
chr4_76902067_C_T_b38	2	8.73017e-04	-5.855e-02	1.327e-01 2.0444297790527344	1.0
chr4_76889611_T_C_b38	2	4.89006e-04	8.116e-02	1.505e-01 -0.3903644680976868	1.0
chr4_76889254_CTGGG_C_b38	2	4.89006e-04	8.116e-02	1.505e-01 0.07981057361596659	1.0
chr4_76908393_CCT_C_b38	2	1.46974e-04	-5.478e-02	1.213e-01 1.0966985863265162	1.0
