chr17_5038404_T_A_b38	1	2.55087e-01	-2.808e-01	5.030e-02 0.4978967905044556	1.0
chr17_5035789_A_G_b38	1	1.24662e-01	-2.881e-01	5.088e-02 0.4115723371505737	1.0
chr17_5034687_T_C_b38	1	9.79581e-02	-2.619e-01	4.952e-02 0.4112203121185303	1.0
chr17_5047297_T_C_b38	1	9.53465e-02	-2.553e-01	4.926e-02 0.5822448668842937	1.0
chr17_5047299_T_C_b38	1	9.53465e-02	-2.553e-01	4.926e-02 0.5794593691825867	1.0
chr17_5047803_G_A_b38	1	7.29228e-02	-2.526e-01	4.907e-02 0.5887497663497925	1.0
chr17_5047338_A_G_b38	1	6.44196e-02	-2.525e-01	4.915e-02 0.5861554145812988	1.0
chr17_5040070_C_T_b38	1	5.11987e-02	-2.615e-01	4.892e-02 0.5387732982635498	1.0
chr17_5048889_G_A_b38	1	3.77429e-02	-2.508e-01	4.961e-02 0.5471968650817871	1.0
chr17_5047007_A_C_b38	1	3.39110e-02	-2.546e-01	4.892e-02 0.5878306031227112	1.0
chr17_5045420_A_G_b38	1	2.84609e-02	-2.539e-01	4.881e-02 0.4105001986026764	1.0
chr17_5045293_C_T_b38	1	2.09386e-02	-2.504e-01	4.872e-02 0.5350229144096375	1.0
chr17_5043030_G_A_b38	1	1.83351e-02	-2.485e-01	4.889e-02 0.493518203496933	1.0
chr17_5040957_A_G_b38	1	8.34091e-04	-2.302e-01	4.754e-02 0.4884536564350128	1.0
chr17_5033677_G_A_b38	1	6.65772e-04	-2.190e-01	4.576e-02 0.4509152770042419	1.0
chr17_5052016_TC_T_b38	2	6.06677e-01	-2.358e-01	4.981e-02 -1.9634924175994664	1.0
chr17_5052406_G_T_b38	2	1.78208e-01	-2.138e-01	4.742e-02 -2.1260204315185547	1.0
chr17_5053513_G_GT_b38	2	1.29195e-01	-2.382e-01	4.963e-02 -1.9634924175994664	1.0
chr17_5055722_G_T_b38	2	5.68719e-02	-2.453e-01	4.990e-02 -1.9915357828140257	1.0
chr17_5065717_G_A_b38	2	1.74459e-02	-2.449e-01	4.942e-02 -2.195380449295044	1.0
chr17_5066815_C_T_b38	2	8.36234e-03	-2.419e-01	4.984e-02 -2.178606510162353	1.0
chr17_5062850_G_C_b38	2	1.07052e-03	-2.447e-01	5.003e-02 -2.0927753448486333	1.0
chr17_5058224_C_G_b38	3	4.67663e-01	3.987e-01	7.128e-02 -0.4849302768707275	1.0
chr17_5050257_G_C_b38	3	2.85291e-01	3.575e-01	6.777e-02 1.338659405708313	1.0
chr17_5034906_C_T_b38	3	1.06610e-01	3.632e-01	6.650e-02 1.5838855504989624	1.0
chr17_5031361_G_C_b38	3	6.64261e-02	3.631e-01	6.746e-02 1.5107438564300537	1.0
chr17_5037201_G_A_b38	3	4.84640e-02	3.594e-01	6.729e-02 1.56118643283844	1.0
chr17_5036177_G_A_b38	3	1.88645e-02	3.674e-01	7.051e-02 1.570942521095276	1.0
chr17_5027912_C_T_b38	3	8.78171e-04	3.379e-01	6.750e-02 1.7641500234603882	1.0
chr17_5064404_C_T_b38	3	7.42791e-04	3.604e-01	7.130e-02 -0.6086466312408447	1.0
chr17_5070600_GA_G_b38	3	6.65096e-04	3.500e-01	6.905e-02 -0.3709244557924799	1.0
chr17_5050429_G_T_b38	3	6.58450e-04	-2.875e-01	6.200e-02 -2.513079881668091	1.0
chr17_5049639_A_G_b38	3	6.45472e-04	-2.803e-01	6.073e-02 -2.633394956588745	1.0
chr17_5017065_C_T_b38	3	5.99921e-04	3.612e-01	6.930e-02 1.3595463037490845	1.0
chr17_5026915_G_GC_b38	3	3.12340e-05	3.120e-01	6.750e-02 1.6954198997866945	1.0
chr17_5014152_G_A_b38	3	3.08250e-05	3.115e-01	6.737e-02 1.6375617980957031	1.0
chr17_5017834_G_C_b38	3	2.90520e-05	3.098e-01	6.725e-02 1.6864216327667236	1.0
chr17_5021533_G_A_b38	3	2.90520e-05	3.098e-01	6.725e-02 1.7198549509048462	1.0
chr17_5023303_G_A_b38	3	2.90520e-05	3.098e-01	6.725e-02 1.7425897121429443	1.0
chr17_5002410_C_T_b38	3	2.90520e-05	3.098e-01	6.725e-02 1.6612956523895264	1.0
chr17_5008326_G_C_b38	3	2.90520e-05	3.098e-01	6.725e-02 1.6659225225448608	1.0
chr17_5004663_A_G_b38	3	2.90520e-05	3.098e-01	6.725e-02 1.6474566459655762	1.0
chr17_5002332_C_G_b38	3	2.90520e-05	3.098e-01	6.725e-02 1.6601592302322388	1.0
chr17_5055448_G_A_b38	4	7.63041e-01	3.599e-01	7.423e-02 4.461319923400879	1.0
chr17_5052076_T_C_b38	4	1.09318e-01	2.916e-01	7.554e-02 4.6510047912597665	1.0
chr17_5052135_G_A_b38	4	1.03980e-01	2.824e-01	7.341e-02 4.642550468444824	1.0
chr17_5051911_G_T_b38	4	9.54326e-04	-1.958e-01	6.862e-02 -4.57873010635376	1.0
chr17_5051537_G_A_b38	5	8.11976e-03	3.076e-02	7.260e-02 3.9917263984680176	1.0
chr17_5052550_G_A_b38	5	2.83313e-03	-3.104e-02	6.950e-02 -4.040617942810059	1.0
chr17_5056295_G_A_b38	5	2.00198e-03	-9.907e-02	6.911e-02 -2.484270572662353	1.0
chr17_5032312_G_A_b38	5	1.76327e-03	-1.702e-01	7.596e-02 -3.1897573471069336	1.0
chr17_5027076_G_C_b38	5	7.56767e-04	-1.462e-01	7.576e-02 -3.103389978408813	1.0
chr17_5054612_A_C_b38	5	5.93522e-04	-1.326e-02	6.924e-02 -2.5132920742034908	1.0
chr17_5055219_T_A_b38	5	5.34830e-04	6.670e-03	6.880e-02 -2.494744300842285	1.0
chr17_5055348_G_A_b38	5	5.25094e-04	1.713e-02	6.782e-02 -2.5962371826171875	1.0
chr17_5033603_C_T_b38	5	4.82406e-04	-1.346e-01	7.913e-02 -3.2718610763549805	1.0
chr17_5058048_G_A_b38	5	3.32229e-04	-3.063e-02	6.812e-02 -4.0127906799316415	1.0
chr17_5059167_T_C_b38	5	3.19721e-04	-2.411e-02	6.737e-02 -3.81481352426677	1.0
chr17_5022831_C_T_b38	5	1.82699e-04	-1.411e-01	7.228e-02 -3.1296815872192383	1.0
chr17_5076311_T_G_b38	5	1.61762e-04	-7.790e-02	5.601e-02 -1.762820839881897	1.0
chr17_5021038_A_G_b38	5	1.26284e-04	1.564e-01	7.062e-02 3.1065011024475098	1.0
chr17_5074146_G_A_b38	5	9.39368e-05	4.162e-02	6.040e-02 -3.9478137493133545	1.0
