chr16_75148456_G_C_b38	1	9.71536e-01	-5.909e-01	4.288e-02 -6.966036796569824	1.0
chr16_75148249_G_A_b38	1	2.63099e-02	-5.853e-01	4.355e-02 -6.932300090789795	1.0
chr16_75146782_T_C_b38	1	5.56975e-05	5.054e-01	4.066e-02 6.331292152404785	1.0
chr16_75146861_G_T_b38	1	5.56975e-05	5.054e-01	4.066e-02 6.345680236816406	1.0
chr16_75146616_A_G_b38	1	5.56975e-05	5.054e-01	4.066e-02 6.3192195892333975	1.0
chr16_75148535_A_C_b38	2	5.47397e-01	-6.225e-01	1.320e-01 2.3734166622161865	1.0
chr16_75149066_A_AG_b38	2	2.72145e-01	-5.881e-01	1.195e-01 2.165348200303938	1.0
chr16_75166395_G_C_b38	2	1.50813e-01	-6.166e-01	1.127e-01 2.232085943222046	1.0
chr16_75149019_G_T_b38	2	7.96620e-03	-3.410e-01	1.133e-01 2.161456088649264	1.0
chr16_75149484_C_T_b38	2	7.60506e-03	-3.394e-01	1.136e-01 2.248498678207397	1.0
chr16_75168341_T_G_b38	2	4.89227e-03	-4.093e-01	8.708e-02 2.2132456302642822	1.0
chr16_75171243_T_C_b38	2	4.89227e-03	-4.093e-01	8.708e-02 2.269784450531006	1.0
chr16_75148474_C_G_b38	3	1.19808e-01	2.383e-01	8.409e-02 0.8785852789878845	1.0
chr16_75146970_T_A_b38	3	2.89520e-02	2.631e-01	8.786e-02 0.8509896407045279	1.0
chr16_75149717_T_C_b38	3	2.17965e-02	2.380e-01	8.399e-02 0.8759637475013733	1.0
chr16_75142839_G_C_b38	3	1.62552e-02	2.610e-01	8.264e-02 1.0456236600875854	1.0
chr16_75164651_T_C_b38	3	1.56848e-02	2.906e-01	8.630e-02 0.8199010491371155	1.0
chr16_75159632_T_C_b38	3	1.56848e-02	2.906e-01	8.630e-02 0.8360366821289062	1.0
chr16_75163241_G_T_b38	3	1.49166e-02	2.565e-01	8.334e-02 -0.6316609382629395	1.0
chr16_75165228_G_A_b38	3	1.49166e-02	2.565e-01	8.334e-02 -0.581176221370697	1.0
chr16_75152095_C_T_b38	3	1.27650e-02	2.380e-01	8.399e-02 0.8314037919044495	1.0
chr16_75153391_T_C_b38	3	1.27650e-02	2.380e-01	8.399e-02 0.834445595741272	1.0
chr16_75142361_C_G_b38	3	1.15627e-02	2.477e-01	8.202e-02 1.035953402519226	1.0
chr16_75142260_G_A_b38	3	1.15627e-02	2.477e-01	8.202e-02 1.043116807937622	1.0
chr16_75141405_T_C_b38	3	1.15627e-02	2.477e-01	8.202e-02 1.0132427215576172	1.0
chr16_75166480_T_C_b38	3	6.00513e-03	2.631e-01	8.786e-02 0.7565796971321106	1.0
chr16_75166518_T_C_b38	3	6.00513e-03	2.631e-01	8.786e-02 0.7517969608306885	1.0
chr16_75162591_G_C_b38	3	6.00513e-03	2.631e-01	8.786e-02 0.7540916800498962	1.0
chr16_75147877_G_A_b38	3	5.24195e-03	1.256e-01	6.873e-02 1.4151374101638794	1.0
chr16_75173674_T_G_b38	3	4.07991e-03	2.746e-01	8.460e-02 0.763805091381073	1.0
chr16_75166004_T_A_b38	3	3.50397e-03	2.399e-01	8.395e-02 0.9092604151031404	1.0
chr16_75160599_T_C_b38	3	3.50397e-03	2.399e-01	8.395e-02 0.8235880136489868	1.0
chr16_75166098_C_T_b38	3	2.28081e-03	2.230e-01	8.357e-02 0.8619723320007324	1.0
chr16_75153911_C_T_b38	3	2.03998e-03	1.613e-01	7.082e-02 1.2216922044754028	1.0
chr16_75133484_T_C_b38	3	1.89255e-03	1.832e-01	7.077e-02 1.288861632347107	1.0
chr16_75157928_T_C_b38	3	1.65392e-03	1.527e-01	7.052e-02 1.2074568271636963	1.0
chr16_75171866_A_G_b38	3	1.07611e-03	1.791e-01	7.061e-02 1.0793905258178709	1.0
chr16_75179356_T_G_b38	3	9.39363e-04	2.404e-01	8.371e-02 0.4105184078216553	1.0
chr16_75172541_A_G_b38	3	8.61646e-04	1.716e-01	7.032e-02 1.2862858772277832	1.0
chr16_75174638_G_A_b38	3	7.86472e-04	2.000e-01	7.030e-02 1.3708533048629759	1.0
chr16_75131077_G_A_b38	3	7.81240e-04	1.617e-01	6.911e-02 1.5487091541290283	1.0
chr16_75168382_A_G_b38	3	7.42142e-04	1.770e-01	7.597e-02 1.0009899139404297	1.0
chr16_75135260_C_CAAAAAGTGAATGGATAAACCAACTGTA_b38	3	6.09148e-04	1.553e-01	7.027e-02 1.0416988706841241	1.0
chr16_75148545_G_C_b38	4	1.50418e-02	-1.630e-01	7.065e-02 0.9672086238861084	1.0
