chr9_134069081_G_A_b38	1	2.80386e-01	-3.980e-01	8.872e-02 7.319563385224104	1.0
chr9_134066656_C_A_b38	1	1.41688e-01	-4.080e-01	8.081e-02 7.45089054107666	1.0
chr9_134067384_TCCCCAGGCGCGGG_T_b38	1	1.28652e-01	-4.086e-01	8.167e-02 7.214497033013291	1.0
chr9_134065012_T_C_b38	1	9.59023e-02	-4.119e-01	7.912e-02 7.4633097648620605	1.0
chr9_134064464_C_T_b38	1	9.59023e-02	-4.119e-01	7.912e-02 7.443436145782472	1.0
chr9_134060541_G_T_b38	1	9.39583e-02	-4.176e-01	7.301e-02 7.5673627853393555	1.0
chr9_134061669_G_T_b38	1	4.60100e-02	-4.305e-01	5.953e-02 7.4072041511535645	1.0
chr9_134075306_CG_C_b38	1	3.45286e-02	-3.803e-01	8.557e-02 6.897074399236339	1.0
chr9_134071254_C_T_b38	1	1.07682e-02	-4.102e-01	5.944e-02 7.43708324432373	1.0
chr9_134025469_C_T_b38	1	8.83114e-04	-3.574e-01	4.812e-02 6.173649593154187	1.0
chr9_134086983_G_A_b38	2	3.54435e-01	2.865e-01	6.850e-02 -3.9417786598205566	1.0
chr9_134088696_T_C_b38	2	3.53650e-01	2.866e-01	6.849e-02 -4.02520751953125	1.0
chr9_134027523_T_C_b38	2	8.18795e-03	2.681e-01	7.316e-02 -3.783045530319214	1.0
chr9_134044975_C_T_b38	3	3.03120e-02	-2.082e-01	8.365e-02 6.3088154792785645	1.0
chr9_134045783_C_T_b38	3	2.46487e-02	-2.132e-01	8.836e-02 6.285428047180176	1.0
chr9_134046150_C_T_b38	3	2.46487e-02	-2.132e-01	8.836e-02 6.298031330108643	1.0
chr9_134046018_G_A_b38	3	2.46487e-02	-2.132e-01	8.836e-02 6.2913150787353525	1.0
chr9_134044187_G_A_b38	3	2.38640e-02	-2.141e-01	8.909e-02 6.292634010314941	1.0
chr9_134025754_C_A_b38	3	1.28450e-02	-2.705e-01	1.030e-01 6.583801746368407	1.0
chr9_134053017_T_C_b38	3	7.42197e-03	-1.821e-01	7.875e-02 6.183941841125487	1.0
chr9_134026248_G_T_b38	3	5.02210e-03	-2.717e-01	1.015e-01 6.304083824157715	1.0
chr9_134025527_G_A_b38	3	4.95254e-03	-2.718e-01	1.018e-01 6.292643070220947	1.0
chr9_134017699_C_T_b38	3	3.60309e-03	2.395e-01	8.865e-02 -5.483503341674805	1.0
chr9_134019389_C_T_b38	3	3.14661e-03	-2.580e-01	1.036e-01 6.109961986541747	1.0
chr9_134021135_T_A_b38	3	3.14661e-03	-2.580e-01	1.036e-01 6.17092227935791	1.0
chr9_134025582_G_A_b38	3	3.14661e-03	-2.580e-01	1.036e-01 6.255641460418701	1.0
chr9_134020857_G_A_b38	3	3.14661e-03	-2.580e-01	1.036e-01 6.247657299041747	1.0
chr9_134023111_C_G_b38	3	3.05971e-03	-2.552e-01	1.032e-01 6.317674160003662	1.0
chr9_134033505_A_G_b38	3	3.05971e-03	-2.552e-01	1.032e-01 6.259793281555176	1.0
chr9_134022604_T_C_b38	3	3.05971e-03	-2.552e-01	1.032e-01 6.320629119873048	1.0
chr9_134019616_G_A_b38	3	3.05971e-03	-2.552e-01	1.032e-01 6.113842964172362	1.0
chr9_134027401_C_T_b38	3	2.45304e-03	-2.371e-01	1.013e-01 6.266293525695801	1.0
chr9_134054446_A_G_b38	3	1.49118e-03	-3.500e-01	4.749e-02 6.264440059661865	1.0
chr9_134048001_C_G_b38	3	1.49118e-03	-3.500e-01	4.749e-02 6.283761978149414	1.0
chr9_134053015_A_T_b38	3	1.49118e-03	-3.500e-01	4.749e-02 6.175492763519287	1.0
chr9_134057578_G_A_b38	3	1.29063e-03	-3.481e-01	4.740e-02 6.495482444763184	1.0
chr9_134054863_A_T_b38	3	1.24188e-03	-3.459e-01	4.714e-02 6.243203639984131	1.0
chr9_134053540_C_A_b38	3	1.24188e-03	-3.459e-01	4.714e-02 6.29923677444458	1.0
chr9_134046024_G_A_b38	3	1.21261e-03	-3.475e-01	4.738e-02 6.307314395904541	1.0
chr9_134044019_G_C_b38	3	1.21261e-03	-3.475e-01	4.738e-02 6.2444000244140625	1.0
chr9_134043886_G_A_b38	3	1.21261e-03	-3.475e-01	4.738e-02 6.303195476531982	1.0
chr9_134037707_AT_A_b38	3	7.47520e-04	-3.504e-01	4.738e-02 6.09475595219008	1.0
chr9_134043427_C_G_b38	3	6.56962e-04	-3.483e-01	4.724e-02 6.299126625061035	1.0
chr9_134038247_C_G_b38	3	6.54422e-04	-3.502e-01	4.750e-02 6.1974992752075195	1.0
chr9_134039713_C_T_b38	3	6.41105e-04	-3.485e-01	4.729e-02 6.2390074729919425	1.0
chr9_134040455_C_A_b38	3	6.41105e-04	-3.485e-01	4.729e-02 6.225368022918701	1.0
chr9_134058209_T_C_b38	3	5.30332e-04	-3.389e-01	4.715e-02 6.227462768554688	1.0
chr9_134041883_G_A_b38	3	5.23791e-04	-3.475e-01	4.738e-02 6.3236589431762695	1.0
chr9_134028614_G_C_b38	3	5.07054e-04	-3.432e-01	4.684e-02 6.260875701904298	1.0
chr9_134028745_C_A_b38	3	5.07054e-04	-3.432e-01	4.684e-02 6.268205165863037	1.0
chr9_134054294_A_G_b38	3	4.64716e-04	-3.235e-01	4.520e-02 6.267678260803223	1.0
chr9_134047504_C_T_b38	3	3.87743e-04	-3.387e-01	4.749e-02 6.191584587097168	1.0
chr9_134024865_G_C_b38	3	3.32928e-04	-3.372e-01	4.651e-02 6.347648143768311	1.0
chr9_134040352_C_T_b38	3	2.86533e-04	-3.312e-01	4.586e-02 6.653761386871338	1.0
chr9_134057996_G_A_b38	3	3.05169e-05	-3.149e-01	4.724e-02 5.908499240875244	1.0
chr9_134068760_C_T_b38	4	2.96346e-03	8.336e-02	6.165e-02 -3.888304710388184	1.0
chr9_134066835_T_C_b38	4	3.57639e-05	9.406e-02	6.223e-02 -3.858529090881348	1.0
