chr2_173968239_G_T_b38	1	2.79628e-01	-1.075e-01	2.565e-02 -7.236067771911621	1.0
chr2_173967851_T_C_b38	1	1.76625e-01	-1.114e-01	2.583e-02 -7.127377510070801	1.0
chr2_173969105_G_A_b38	1	1.59661e-01	-1.092e-01	2.548e-02 -7.0146918296813965	1.0
chr2_173969033_G_A_b38	1	1.06241e-01	-1.206e-01	2.886e-02 -7.053109645843506	1.0
chr2_173969171_C_A_b38	1	8.07470e-02	-1.308e-01	3.185e-02 -6.8926777839660645	1.0
chr2_173966538_A_C_b38	1	2.33625e-02	-1.261e-01	3.186e-02 -6.783613681793213	1.0
chr2_173965538_T_G_b38	1	2.13918e-02	-1.329e-01	3.255e-02 -6.7757811546325675	1.0
chr2_173963364_G_C_b38	1	1.86737e-02	-1.070e-01	2.643e-02 -7.058349609375	1.0
chr2_173951628_G_A_b38	1	9.21476e-03	-1.054e-01	2.539e-02 -7.087536811828612	1.0
chr2_173961650_T_C_b38	1	8.91405e-03	-1.054e-01	2.661e-02 -7.045657634735107	1.0
chr2_173943611_A_G_b38	1	8.35456e-03	-1.048e-01	2.539e-02 -7.058359146118164	1.0
chr2_173960031_G_A_b38	1	7.03435e-03	-1.242e-01	3.189e-02 -6.688016414642334	1.0
chr2_173952665_C_T_b38	1	6.52823e-03	-1.045e-01	2.572e-02 -7.054455280303955	1.0
chr2_173951933_C_G_b38	1	6.42826e-03	-1.073e-01	2.644e-02 -6.988773822784424	1.0
chr2_173944171_T_C_b38	1	5.72492e-03	-1.064e-01	2.643e-02 -6.955735683441162	1.0
chr2_173951416_T_G_b38	1	5.64895e-03	-1.065e-01	2.649e-02 -6.994923114776611	1.0
chr2_173951170_A_C_b38	1	5.50806e-03	-1.036e-01	2.579e-02 -7.040839195251465	1.0
chr2_173946493_C_T_b38	1	5.32611e-03	-1.070e-01	2.672e-02 -6.951065540313722	1.0
chr2_173948761_AATAATT_A_b38	1	5.21995e-03	-1.280e-01	3.201e-02 -6.794125168654822	1.0
chr2_173953011_G_A_b38	1	4.78267e-03	-1.051e-01	2.643e-02 -6.989710807800293	1.0
chr2_173949636_C_T_b38	1	3.74759e-03	-1.249e-01	3.199e-02 -6.7044782638549805	1.0
chr2_173947129_T_G_b38	1	3.52094e-03	-1.231e-01	3.167e-02 -6.599438667297362	1.0
chr2_173968715_A_G_b38	2	1.02725e-02	1.219e-02	4.198e-02 -0.7948532104492188	1.0
chr2_173967349_C_A_b38	2	3.01337e-03	4.669e-02	4.715e-02 -0.673895537853241	1.0
chr2_173987543_C_T_b38	2	1.29196e-03	7.157e-02	3.983e-02 -0.6948901414871216	1.0
chr2_173986945_C_T_b38	2	1.24560e-03	6.974e-02	3.921e-02 -0.5491031408309937	1.0
chr2_173983942_C_T_b38	2	1.06031e-03	7.089e-02	4.306e-02 -0.5740749835968018	1.0
chr2_173986162_G_A_b38	2	9.78325e-04	6.934e-02	4.380e-02 -0.5461376309394836	1.0
chr2_173987779_A_AG_b38	2	9.18415e-04	6.770e-02	4.337e-02 -0.6932614567751746	1.0
chr2_173988709_G_A_b38	2	9.09280e-04	6.720e-02	4.326e-02 -0.5988010168075562	1.0
chr2_173976915_C_T_b38	2	8.96216e-04	4.118e-02	4.298e-02 -0.5196806788444519	1.0
chr2_173972874_G_A_b38	2	8.95888e-04	1.170e-02	4.171e-02 -0.7611625194549559	1.0
chr2_173986591_GTGTC_G_b38	2	7.86496e-04	5.680e-02	3.625e-02 -0.5520917822291284	1.0
chr2_173959016_G_C_b38	2	7.11924e-04	2.214e-02	4.330e-02 -0.7026728391647339	1.0
chr2_173958768_T_C_b38	2	6.47443e-04	-6.954e-03	4.440e-02 -0.7836785912513733	1.0
chr2_173959448_A_AG_b38	2	6.22811e-04	7.196e-03	4.204e-02 -0.5265923768618922	1.0
chr2_173953298_A_G_b38	2	6.06531e-04	5.334e-02	4.686e-02 -0.8166561722755432	1.0
chr2_173947599_G_C_b38	2	6.06531e-04	5.334e-02	4.686e-02 -0.6615583300590515	1.0
chr2_173986145_A_G_b38	2	5.83634e-04	5.213e-02	4.310e-02 -0.5604763627052307	1.0
chr2_173988057_G_T_b38	2	5.51989e-04	4.879e-02	4.135e-02 -0.6269906163215637	1.0
chr2_173985398_T_C_b38	2	5.19722e-04	4.626e-02	4.129e-02 -0.5589601993560791	1.0
chr2_173985335_G_A_b38	2	4.37602e-04	3.861e-02	3.610e-02 -0.6024641394615173	1.0
chr2_173985126_T_C_b38	2	4.22364e-04	3.623e-02	4.141e-02 -0.5560710430145264	1.0
chr2_173944605_A_C_b38	2	3.34536e-04	1.070e-02	4.333e-02 -0.7361704707145691	1.0
chr2_173957198_T_A_b38	2	3.23612e-04	5.278e-03	4.287e-02 -0.7883034348487854	1.0
chr2_173957932_T_G_b38	2	3.22013e-04	-2.522e-03	4.325e-02 -0.7899165749549866	1.0
chr2_173956763_G_C_b38	2	3.19635e-04	6.771e-03	4.193e-02 -0.7903018593788147	1.0
chr2_173980139_C_T_b38	2	2.26776e-04	8.019e-03	3.231e-02 4.1985392570495605	1.0
chr2_173933336_G_A_b38	2	2.08247e-04	5.213e-02	4.666e-02 -0.7098971605300903	1.0
chr2_173926193_A_C_b38	2	2.06577e-04	5.172e-02	4.666e-02 -0.6971208453178406	1.0
chr2_173918464_CG_C_b38	2	2.01668e-04	5.053e-02	4.668e-02 -0.5538446180667039	1.0
chr2_173937272_T_C_b38	2	7.82189e-05	1.842e-02	4.237e-02 -0.7726573348045349	1.0
chr2_173929562_A_T_b38	2	4.49567e-05	7.990e-03	4.188e-02 -0.766779363155365	1.0
chr2_173938765_A_G_b38	2	4.42434e-05	4.911e-03	4.175e-02 -0.7642902731895447	1.0
chr2_173937694_A_T_b38	2	4.42434e-05	4.911e-03	4.175e-02 -0.7655656337738037	1.0
chr2_173930353_G_A_b38	2	4.42434e-05	4.911e-03	4.175e-02 -0.766779363155365	1.0
chr2_173929478_A_G_b38	2	4.42434e-05	4.911e-03	4.175e-02 -0.7614960670471191	1.0
chr2_173937959_G_A_b38	2	4.42018e-05	4.620e-03	4.176e-02 -0.7655656337738037	1.0
chr2_173989240_C_T_b38	3	1.23765e-03	-7.833e-02	2.247e-02 0.3917221128940582	1.0
chr2_173975379_T_C_b38	3	8.28768e-04	-7.637e-02	2.357e-02 -2.906550168991089	1.0
chr2_173972439_T_A_b38	3	4.94302e-04	6.968e-02	2.347e-02 0.4000466167926788	1.0
chr2_173967106_T_A_b38	3	4.61952e-04	6.787e-02	2.656e-02 0.8480151295661926	1.0
chr2_173975019_C_T_b38	3	3.34471e-04	-6.978e-02	2.478e-02 -2.8926470279693604	1.0
chr2_173981563_T_C_b38	3	3.26602e-04	-7.112e-02	2.228e-02 0.4062372744083405	1.0
chr2_173972026_A_G_b38	3	2.23320e-04	6.303e-02	2.363e-02 0.2970301713425866	1.0
chr2_173971942_A_G_b38	3	1.80631e-04	6.102e-02	2.360e-02 0.3597787022590637	1.0
chr2_173973149_T_C_b38	3	1.62757e-04	6.387e-02	2.568e-02 0.7957485914230347	1.0
chr2_173982965_G_T_b38	3	1.41176e-04	6.234e-02	2.260e-02 -0.3875943422317505	1.0
chr2_173978992_G_A_b38	3	1.27823e-04	-7.029e-02	2.487e-02 -2.504727840423584	1.0
chr2_173976078_C_T_b38	3	8.69698e-05	-5.521e-02	2.286e-02 0.19939623773097992	1.0
chr2_173988066_G_T_b38	3	7.44453e-05	5.940e-02	2.272e-02 -0.05094906315207482	1.0
chr2_173983012_C_T_b38	3	6.87715e-05	-6.497e-02	2.501e-02 -2.5312879085540767	1.0
chr2_173990030_C_T_b38	3	6.69555e-05	-5.761e-02	2.240e-02 -0.11194635927677156	1.0
chr2_173991120_G_A_b38	3	6.53250e-05	-5.759e-02	2.232e-02 -0.3022983968257904	1.0
chr2_173982694_C_G_b38	3	5.98865e-05	-5.833e-02	2.334e-02 0.7548767924308777	1.0
chr2_173954316_G_A_b38	3	5.97356e-05	6.526e-02	2.588e-02 0.8186845183372498	1.0
chr2_173976061_A_G_b38	3	5.93467e-05	-5.101e-02	2.260e-02 0.1667763739824295	1.0
chr2_173974623_A_G_b38	3	4.58970e-05	-4.977e-02	2.303e-02 2.3325212001800537	1.0
chr2_173979474_A_C_b38	3	4.30266e-05	-5.423e-02	2.237e-02 0.15965022146701813	1.0
chr2_173977205_T_C_b38	3	4.03904e-05	-4.172e-02	2.232e-02 0.5039293766021729	1.0
chr2_173979634_G_A_b38	3	3.97360e-05	-5.370e-02	2.250e-02 0.16562217473983765	1.0
chr2_173974439_A_G_b38	3	3.33491e-05	-4.811e-02	2.477e-02 0.606233963692058	1.0
chr2_173974442_C_A_b38	3	3.19979e-05	-4.692e-02	2.343e-02 1.020262233414284	1.0
chr2_173980419_T_C_b38	3	3.03905e-05	-4.511e-02	2.240e-02 0.12621647119522095	1.0
chr2_173941452_T_C_b38	3	1.85726e-05	6.360e-02	2.598e-02 0.7212687134742737	1.0
chr2_173938986_T_C_b38	3	1.84509e-05	6.312e-02	2.580e-02 0.7272289991378784	1.0
chr2_173921091_C_G_b38	3	1.55936e-05	-6.131e-02	2.585e-02 -0.7481985092163086	1.0
chr2_173980776_G_GGGT_b38	3	1.12929e-05	-4.309e-02	2.461e-02 1.204812683652818	1.0
