chr19_43533218_C_G_b38	1	2.67441e-01	4.505e-01	4.310e-02 7.417213439941406	1.0
chr19_43549390_G_A_b38	1	1.26541e-01	4.505e-01	4.310e-02 7.436112880706787	1.0
chr19_43540396_C_T_b38	1	1.26541e-01	4.505e-01	4.310e-02 7.38478422164917	1.0
chr19_43541349_C_T_b38	1	1.26541e-01	4.505e-01	4.310e-02 7.395325183868407	1.0
chr19_43536845_T_C_b38	1	1.26541e-01	4.505e-01	4.310e-02 7.41765022277832	1.0
chr19_43546814_T_C_b38	1	1.26541e-01	4.505e-01	4.310e-02 7.404145240783691	1.0
chr19_43558535_G_A_b38	1	9.97599e-02	4.533e-01	4.292e-02 7.445706844329834	1.0
chr19_43533176_T_C_b38	2	2.11780e-01	2.485e-01	3.638e-02 2.833001613616944	1.0
chr19_43546043_C_T_b38	2	1.00788e-01	2.482e-01	3.618e-02 2.828648090362549	1.0
chr19_43544925_G_A_b38	2	1.00788e-01	2.482e-01	3.618e-02 2.8329741954803467	1.0
chr19_43539766_AC_A_b38	2	1.00788e-01	2.482e-01	3.618e-02 2.867324504636765	1.0
chr19_43543398_T_C_b38	2	1.00788e-01	-2.482e-01	3.618e-02 -2.8258204460144043	1.0
chr19_43537273_G_T_b38	2	9.23372e-02	2.494e-01	3.640e-02 2.867324504636765	1.0
chr19_43532265_G_C_b38	2	8.31966e-02	2.415e-01	3.574e-02 2.7603094577789307	1.0
chr19_43532187_CCTGA_C_b38	2	8.31966e-02	2.415e-01	3.574e-02 2.8641674233862138	1.0
chr19_43553946_T_C_b38	2	6.27746e-02	-2.509e-01	3.602e-02 -2.856135129928589	1.0
chr19_43557263_T_C_b38	2	6.27746e-02	-2.509e-01	3.602e-02 -2.874720573425293	1.0
chr19_43569642_C_T_b38	2	6.95755e-04	-2.418e-01	3.747e-02 -2.523160219192505	1.0
chr19_43527218_C_T_b38	3	5.85609e-02	1.521e-01	4.815e-02 2.5275840759277344	1.0
chr19_43527989_G_A_b38	3	5.85609e-02	1.521e-01	4.815e-02 2.5504064559936523	1.0
chr19_43511173_A_C_b38	3	1.01251e-02	1.516e-01	4.783e-02 2.6064131259918213	1.0
chr19_43534795_G_A_b38	3	9.97452e-03	1.480e-01	5.198e-02 2.514532804489136	1.0
chr19_43549765_C_G_b38	3	5.84750e-03	1.573e-01	5.382e-02 2.3392727375030518	1.0
chr19_43536101_A_G_b38	3	5.84750e-03	1.573e-01	5.382e-02 2.4474425315856934	1.0
chr19_43514017_C_T_b38	3	5.01265e-03	1.811e-01	6.463e-02 2.5153095722198486	1.0
chr19_43547432_C_T_b38	3	4.97091e-03	1.482e-01	5.170e-02 2.4928102493286133	1.0
chr19_43545709_G_T_b38	3	4.77091e-03	1.480e-01	5.198e-02 2.4828734397888184	1.0
chr19_43542576_T_C_b38	3	4.77091e-03	1.480e-01	5.198e-02 2.545159339904785	1.0
chr19_43538047_A_G_b38	3	4.77091e-03	1.480e-01	5.198e-02 2.517184972763061	1.0
chr19_43549744_G_GGTCTC_b38	3	4.77091e-03	1.480e-01	5.198e-02 2.4151387089700926	1.0
chr19_43495843_G_A_b38	3	3.95483e-03	1.517e-01	4.783e-02 2.6153652667999268	1.0
chr19_43499033_A_G_b38	3	3.95483e-03	1.517e-01	4.783e-02 2.617339611053467	1.0
chr19_43488685_C_T_b38	3	3.95483e-03	1.517e-01	4.783e-02 2.640007972717285	1.0
chr19_43491087_C_T_b38	3	3.95483e-03	1.517e-01	4.783e-02 2.630934238433838	1.0
chr19_43559255_G_A_b38	3	2.84346e-03	1.637e-01	5.213e-02 2.372271940945235	1.0
chr19_43559250_A_G_b38	3	2.84346e-03	1.637e-01	5.213e-02 2.2186033725738525	1.0
chr19_43477478_C_T_b38	3	2.80669e-03	1.520e-01	4.878e-02 2.5753014087677	1.0
chr19_43478186_G_A_b38	3	2.80669e-03	1.520e-01	4.878e-02 2.547556161880493	1.0
chr19_43478653_A_G_b38	3	2.80669e-03	1.520e-01	4.878e-02 2.55765151977539	1.0
chr19_43574076_ATTATT_A_b38	3	1.99117e-03	1.629e-01	5.390e-02 2.3589179365918564	1.0
chr19_43569410_A_G_b38	3	9.05740e-04	1.529e-01	5.204e-02 2.466168165206909	1.0
chr19_43565880_AGT_A_b38	3	9.05740e-04	1.529e-01	5.204e-02 2.3504090825587105	1.0
chr19_43556501_G_C_b38	3	6.15090e-04	1.490e-01	5.195e-02 2.3845157623291016	1.0
chr19_43559254_T_C_b38	3	5.79146e-04	1.481e-01	5.218e-02 2.4064333694704083	1.0
chr19_43553422_G_A_b38	3	4.93648e-04	1.473e-01	5.257e-02 2.5105817317962646	1.0
chr19_43553896_G_A_b38	3	4.93648e-04	1.473e-01	5.257e-02 2.473660945892334	1.0
chr19_43578285_C_T_b38	3	5.21794e-05	1.579e-01	5.194e-02 2.5593695640563965	1.0
chr19_43580738_T_TA_b38	3	5.21794e-05	1.579e-01	5.194e-02 2.4151387089700926	1.0
chr19_43582149_T_C_b38	3	5.21794e-05	1.579e-01	5.194e-02 2.5453472137451167	1.0
chr19_43580742_T_C_b38	3	5.21794e-05	1.579e-01	5.194e-02 2.542742729187012	1.0
chr19_43499065_T_A_b38	3	4.27387e-05	1.103e-01	4.364e-02 2.633321046829224	1.0
chr19_43523238_T_C_b38	4	4.81403e-04	-1.022e-01	4.040e-02 2.858321189880371	1.0
chr19_43526846_C_T_b38	4	2.71273e-04	-9.446e-02	4.098e-02 2.7820074558258057	1.0
chr19_43530194_A_C_b38	4	1.96620e-04	-9.852e-02	4.008e-02 2.975736379623413	1.0
chr19_43521049_T_C_b38	4	1.88874e-04	-9.690e-02	3.983e-02 2.8202366828918457	1.0
chr19_43521303_T_C_b38	4	1.88874e-04	-9.690e-02	3.983e-02 2.8205790519714355	1.0
chr19_43521083_T_A_b38	4	2.84602e-05	-9.446e-02	4.098e-02 2.844576835632324	1.0
