chr2_173967851_T_C_b38	1	5.46467e-01	-4.140e-01	7.167e-02 -7.127377510070801	1.0
chr2_173969105_G_A_b38	1	2.63442e-01	-3.901e-01	6.861e-02 -7.0146918296813965	1.0
chr2_173968239_G_T_b38	1	1.35524e-01	-3.738e-01	7.065e-02 -7.236067771911621	1.0
chr2_173969033_G_A_b38	1	3.22206e-02	-4.338e-01	8.272e-02 -7.053109645843506	1.0
chr2_173968715_A_G_b38	2	1.49758e-02	1.316e-01	1.316e-01 -0.7948532104492188	1.0
chr2_173967349_C_A_b38	2	3.69356e-03	1.659e-01	1.370e-01 -0.673895537853241	1.0
chr2_173972874_G_A_b38	2	2.50316e-03	1.659e-01	1.273e-01 -0.7611625194549559	1.0
chr2_173985398_T_C_b38	2	1.38244e-03	2.062e-01	1.209e-01 -0.5589601993560791	1.0
chr2_173985126_T_C_b38	2	1.38244e-03	2.062e-01	1.209e-01 -0.5560710430145264	1.0
chr2_173986945_C_T_b38	2	1.04575e-03	1.863e-01	1.203e-01 -0.5491031408309937	1.0
chr2_173987543_C_T_b38	2	1.04575e-03	1.863e-01	1.203e-01 -0.6948901414871216	1.0
chr2_173958768_T_C_b38	2	1.00833e-03	1.072e-01	1.310e-01 -0.7836785912513733	1.0
chr2_173959448_A_AG_b38	2	1.00833e-03	1.072e-01	1.310e-01 -0.5265923768618922	1.0
chr2_173976915_C_T_b38	2	9.25631e-04	7.514e-02	1.217e-01 -0.5196806788444519	1.0
chr2_173988057_G_T_b38	2	8.76474e-04	1.697e-01	1.219e-01 -0.6269906163215637	1.0
chr2_173959016_G_C_b38	2	8.75460e-04	7.726e-02	1.321e-01 -0.7026728391647339	1.0
chr2_173953298_A_G_b38	2	7.88917e-04	1.639e-01	1.365e-01 -0.8166561722755432	1.0
chr2_173947599_G_C_b38	2	7.88917e-04	1.639e-01	1.365e-01 -0.6615583300590515	1.0
chr2_173983942_C_T_b38	2	7.00833e-04	1.457e-01	1.242e-01 -0.5740749835968018	1.0
chr2_173987779_A_AG_b38	2	7.00833e-04	1.457e-01	1.242e-01 -0.6932614567751746	1.0
chr2_173986162_G_A_b38	2	7.00833e-04	1.457e-01	1.242e-01 -0.5461376309394836	1.0
chr2_173988709_G_A_b38	2	7.00833e-04	1.457e-01	1.242e-01 -0.5988010168075562	1.0
chr2_173986145_A_G_b38	2	7.00833e-04	1.457e-01	1.242e-01 -0.5604763627052307	1.0
chr2_173956763_G_C_b38	2	5.55118e-04	1.072e-01	1.310e-01 -0.7903018593788147	1.0
chr2_173957932_T_G_b38	2	5.55118e-04	1.072e-01	1.310e-01 -0.7899165749549866	1.0
chr2_173957198_T_A_b38	2	5.55118e-04	1.072e-01	1.310e-01 -0.7883034348487854	1.0
chr2_173944605_A_C_b38	2	4.11537e-04	7.869e-02	1.317e-01 -0.7361704707145691	1.0
chr2_173985335_G_A_b38	2	3.10097e-04	4.074e-02	1.097e-01 -0.6024641394615173	1.0
chr2_173986591_GTGTC_G_b38	2	3.10097e-04	4.074e-02	1.097e-01 -0.5520917822291284	1.0
chr2_173918464_CG_C_b38	2	2.59799e-04	1.619e-01	1.362e-01 -0.5538446180667039	1.0
chr2_173926193_A_C_b38	2	2.58070e-04	1.619e-01	1.362e-01 -0.6971208453178406	1.0
chr2_173933336_G_A_b38	2	2.58070e-04	1.619e-01	1.362e-01 -0.7098971605300903	1.0
chr2_173938765_A_G_b38	2	1.20969e-04	1.038e-01	1.306e-01 -0.7642902731895447	1.0
chr2_173929478_A_G_b38	2	1.20969e-04	1.038e-01	1.306e-01 -0.7614960670471191	1.0
chr2_173937959_G_A_b38	2	1.20969e-04	1.038e-01	1.306e-01 -0.7655656337738037	1.0
chr2_173929562_A_T_b38	2	1.20969e-04	1.038e-01	1.306e-01 -0.766779363155365	1.0
chr2_173937694_A_T_b38	2	1.20969e-04	1.038e-01	1.306e-01 -0.7655656337738037	1.0
chr2_173930353_G_A_b38	2	1.20969e-04	1.038e-01	1.306e-01 -0.766779363155365	1.0
chr2_173937272_T_C_b38	2	1.05541e-04	7.443e-02	1.316e-01 -0.7726573348045349	1.0
chr2_173968515_C_T_b38	3	3.63738e-04	8.984e-02	7.804e-02 -6.052105903625487	1.0
chr2_173971041_T_C_b38	3	3.33351e-05	1.170e-01	7.860e-02 -5.889634609222412	1.0
chr2_173958748_C_T_b38	3	3.16766e-05	1.523e-01	8.078e-02 -5.893670082092285	1.0
chr2_173962539_G_C_b38	3	2.51061e-05	1.377e-01	8.052e-02 -5.894440650939941	1.0
chr2_173959941_A_G_b38	3	2.51061e-05	1.377e-01	8.052e-02 -5.8991756439208975	1.0
chr2_173963051_C_T_b38	3	2.51061e-05	1.377e-01	8.052e-02 -5.876230239868164	1.0
