chr9_136727975_G_GGCCCCCATCCCGCGGCTCGC_b38	1	9.99825e-01	-7.589e-01	9.794e-02 -5.752517691997548	1.0
chr9_136726465_C_T_b38	2	1.39906e-01	-2.048e-01	4.880e-02 -2.828740119934082	1.0
chr9_136727374_C_T_b38	2	1.31789e-01	-1.879e-01	4.911e-02 -2.6296558380126958	1.0
chr9_136726243_C_T_b38	2	1.09874e-01	-2.030e-01	4.904e-02 -2.9038684368133545	1.0
chr9_136726668_A_G_b38	2	1.09874e-01	-2.030e-01	4.904e-02 -2.9077694416046143	1.0
chr9_136727572_G_A_b38	2	9.16070e-02	-2.100e-01	4.991e-02 1.3852730989456177	1.0
chr9_136722787_GAC_G_b38	2	9.06753e-02	-2.088e-01	4.801e-02 -2.74495429156886	1.0
chr9_136724914_C_G_b38	2	7.12627e-02	-2.034e-01	4.879e-02 -2.904137134552002	1.0
chr9_136723210_T_C_b38	2	7.12627e-02	-2.034e-01	4.879e-02 -2.848888397216797	1.0
chr9_136723831_A_G_b38	2	7.12627e-02	-2.034e-01	4.879e-02 -2.8671436309814453	1.0
chr9_136722927_G_A_b38	2	5.15466e-02	-2.035e-01	4.873e-02 -3.0090112686157227	1.0
chr9_136721097_G_A_b38	2	1.37271e-02	-2.111e-01	4.926e-02 1.075658679008484	1.0
chr9_136721496_T_C_b38	2	1.37271e-02	-2.111e-01	4.926e-02 0.9251286397883992	1.0
chr9_136723174_G_A_b38	2	1.37271e-02	-2.111e-01	4.926e-02 1.0355159044265747	1.0
chr9_136724386_C_A_b38	2	3.64376e-03	-1.859e-01	4.965e-02 1.036678910255432	1.0
chr9_136719614_A_C_b38	2	2.63963e-03	-1.859e-01	4.965e-02 0.9344302783805614	1.0
chr9_136728638_C_T_b38	3	2.96922e-01	1.980e-01	8.012e-02 0.8076301217079163	1.0
chr9_136728296_G_C_b38	3	4.72686e-02	1.367e-01	5.689e-02 0.6643300056457521	1.0
chr9_136727391_C_A_b38	3	5.22381e-04	8.985e-02	6.451e-02 0.7385282516479492	1.0
chr9_136732811_T_G_b38	4	1.23866e-02	-2.854e-01	8.653e-02 0.6108892560005188	1.0
chr9_136736026_G_A_b38	4	1.94165e-03	-2.273e-01	7.908e-02 1.1239041090011597	1.0
chr9_136734017_C_T_b38	4	1.94165e-03	-2.273e-01	7.908e-02 1.0769284963607788	1.0
chr9_136734327_A_T_b38	4	1.94165e-03	-2.273e-01	7.908e-02 1.104401469230652	1.0
chr9_136742259_G_A_b38	4	1.42375e-03	-2.385e-01	7.607e-02 1.1239159107208252	1.0
chr9_136748746_G_T_b38	4	6.36257e-04	-2.420e-01	8.342e-02 2.018740177154541	1.0
chr9_136740043_G_A_b38	4	5.90008e-04	-2.278e-01	7.920e-02 1.1321008205413818	1.0
chr9_136740282_A_G_b38	4	5.90008e-04	-2.278e-01	7.920e-02 1.1400060653686523	1.0
chr9_136739159_A_C_b38	4	5.90008e-04	-2.278e-01	7.920e-02 1.1299307346343994	1.0
chr9_136741425_C_T_b38	4	5.90008e-04	-2.278e-01	7.920e-02 1.1353671550750732	1.0
chr9_136739281_C_T_b38	4	5.90008e-04	-2.278e-01	7.920e-02 1.115875005722046	1.0
chr9_136740978_C_T_b38	4	5.90008e-04	-2.278e-01	7.920e-02 1.1520593166351318	1.0
chr9_136746621_C_CG_b38	4	5.57809e-04	-2.365e-01	8.352e-02 2.022058987248072	1.0
chr9_136748806_C_T_b38	4	5.57809e-04	-2.365e-01	8.352e-02 2.0185110569000244	1.0
chr9_136720283_G_A_b38	4	2.04973e-04	-2.198e-01	1.033e-01 0.6579433679580688	1.0
chr9_136731976_G_A_b38	4	1.24526e-04	-1.779e-01	1.351e-01 0.6388878226280212	1.0
chr9_136731872_A_G_b38	4	1.24526e-04	-1.779e-01	1.351e-01 0.631748378276825	1.0
chr9_136730691_A_G_b38	5	6.06405e-04	3.263e-01	9.155e-02 0.20656910538673398	1.0
chr9_136730696_A_C_b38	5	6.06405e-04	3.263e-01	9.155e-02 0.1999973952770233	1.0
chr9_136732097_A_G_b38	5	2.02147e-04	3.117e-01	1.347e-01 0.15487705171108246	1.0
