chr2_106073280_G_A_b38	1	9.78102e-01	-5.095e-01	4.281e-02 6.705001831054688	1.0
chr2_106071000_G_C_b38	1	2.17229e-02	-4.803e-01	4.014e-02 6.273538112640381	1.0
chr2_106022198_G_A_b38	2	2.20910e-01	-1.949e-01	3.208e-02 1.1125200986862185	1.0
chr2_106021012_A_G_b38	2	2.00201e-01	-1.930e-01	3.193e-02 1.0922832489013672	1.0
chr2_106020955_G_A_b38	2	1.71153e-01	-1.911e-01	3.176e-02 1.0706804990768433	1.0
chr2_106021824_C_T_b38	2	1.71153e-01	-1.911e-01	3.176e-02 1.1297320127487185	1.0
chr2_106021372_A_G_b38	2	1.33732e-01	-1.896e-01	3.175e-02 1.1248629093170166	1.0
chr2_106022264_G_A_b38	2	5.19634e-02	-1.950e-01	3.314e-02 1.0886547565460205	1.0
chr2_106023277_T_C_b38	2	5.07069e-02	-2.006e-01	3.442e-02 0.4169440865516663	1.0
chr2_106087824_TTTCTC_T_b38	3	2.67533e-01	-1.020e-01	2.423e-02 -4.260708656688911	1.0
chr2_106076686_T_G_b38	3	6.44992e-02	-9.446e-02	2.454e-02 -4.266427516937257	1.0
chr2_106077392_A_C_b38	3	6.44992e-02	-9.446e-02	2.454e-02 -4.273971557617188	1.0
chr2_106076902_G_A_b38	3	5.07145e-02	-9.297e-02	2.459e-02 -4.2491455078125	1.0
chr2_106073681_G_A_b38	3	5.70385e-03	-7.760e-02	2.466e-02 -3.86525559425354	1.0
chr2_106073174_C_T_b38	3	2.60602e-03	6.712e-02	2.528e-02 5.9900736808776855	1.0
chr2_106063072_G_A_b38	4	4.97757e-02	-7.349e-02	2.688e-02 -1.250383973121643	1.0
chr2_106063230_C_T_b38	5	1.49987e-03	-6.027e-02	2.952e-02 3.1701793670654297	1.0
