chr19_43527172_C_T_b38	1	2.16499e-01	-3.230e-01	7.890e-02 -3.2533795833587646	1.0
chr19_43527400_CAG_C_b38	1	2.16499e-01	-3.230e-01	7.890e-02 -3.326609153163961	1.0
chr19_43518511_C_T_b38	1	3.92588e-02	-3.371e-01	7.446e-02 -3.2463686466217037	1.0
chr19_43504376_C_T_b38	1	3.82688e-02	-3.424e-01	6.853e-02 -3.243449211120605	1.0
chr19_43503475_G_C_b38	1	3.82688e-02	-3.424e-01	6.853e-02 -3.251777172088623	1.0
chr19_43503634_G_T_b38	1	3.82688e-02	-3.424e-01	6.853e-02 -3.251015901565552	1.0
chr19_43503344_C_T_b38	1	3.82688e-02	-3.424e-01	6.853e-02 -3.252915859222412	1.0
chr19_43505212_C_T_b38	1	3.82688e-02	-3.424e-01	6.853e-02 -3.2472243309021	1.0
chr19_43504337_G_A_b38	1	3.82688e-02	-3.424e-01	6.853e-02 -3.2437186241149902	1.0
chr19_43524143_C_T_b38	1	2.50255e-02	-3.240e-01	7.846e-02 -3.2282650470733643	1.0
chr19_43522770_A_G_b38	1	2.50255e-02	-3.240e-01	7.846e-02 -3.236069917678833	1.0
chr19_43491805_T_C_b38	1	2.23382e-02	-3.515e-01	6.446e-02 -3.235316276550293	1.0
chr19_43531588_AAGAG_A_b38	1	1.97329e-02	-3.148e-01	8.811e-02 -3.3526433094951678	1.0
chr19_43512414_A_T_b38	1	1.28754e-02	-3.353e-01	7.272e-02 -3.246527194976806	1.0
chr19_43515620_A_G_b38	1	1.28754e-02	-3.353e-01	7.272e-02 -3.252504587173462	1.0
chr19_43510378_C_T_b38	1	1.28754e-02	-3.353e-01	7.272e-02 -3.254610538482666	1.0
chr19_43517122_C_A_b38	1	1.28754e-02	-3.353e-01	7.272e-02 -3.2428622245788574	1.0
chr19_43513551_C_T_b38	1	1.28754e-02	-3.353e-01	7.272e-02 -3.244297504425049	1.0
chr19_43490994_G_A_b38	1	1.23061e-02	-3.450e-01	6.643e-02 -3.2302048206329346	1.0
chr19_43501724_CCAAA_C_b38	1	1.23061e-02	-3.450e-01	6.643e-02 -3.2436091880335334	1.0
chr19_43521282_G_A_b38	1	1.21324e-02	-3.248e-01	7.814e-02 -3.2328457832336426	1.0
chr19_43517621_A_G_b38	1	1.21324e-02	-3.248e-01	7.814e-02 -3.326609153163961	1.0
chr19_43518517_C_T_b38	1	1.21324e-02	-3.248e-01	7.814e-02 -3.270400285720825	1.0
chr19_43515267_A_T_b38	1	1.21283e-02	-3.355e-01	7.572e-02 -3.254959344863892	1.0
chr19_43481559_G_A_b38	1	1.12502e-02	-3.314e-01	7.754e-02 -2.9766547679901123	1.0
chr19_43517497_G_A_b38	1	1.02455e-02	-3.241e-01	7.843e-02 -3.3019204139709477	1.0
chr19_43551430_C_T_b38	1	6.84810e-03	-3.425e-01	3.226e-02 -3.442451000213623	1.0
chr19_43541481_C_A_b38	1	6.84810e-03	-3.425e-01	3.226e-02 -3.454894542694092	1.0
chr19_43541783_A_G_b38	1	6.84810e-03	-3.425e-01	3.226e-02 -3.454819440841675	1.0
chr19_43481678_C_T_b38	1	6.80729e-03	-3.283e-01	7.904e-02 -2.975208282470703	1.0
chr19_43548464_T_C_b38	1	6.20361e-03	-3.444e-01	3.248e-02 -3.4893362522125244	1.0
chr19_43517937_A_G_b38	1	3.46550e-03	-3.038e-01	8.929e-02 -3.5592161205365755	1.0
chr19_43556662_A_G_b38	1	1.88817e-03	3.417e-01	3.231e-02 3.4455687999725337	1.0
chr19_43558502_A_G_b38	1	1.88817e-03	3.417e-01	3.231e-02 3.4297220706939697	1.0
chr19_43558367_A_G_b38	1	1.88817e-03	3.417e-01	3.231e-02 3.4392662048339844	1.0
chr19_43555849_A_G_b38	1	1.88817e-03	3.417e-01	3.231e-02 3.458564281463623	1.0
chr19_43529393_A_G_b38	1	1.22006e-03	-3.147e-01	6.672e-02 -3.2188119888305664	1.0
chr19_43525592_T_G_b38	1	1.14925e-03	-3.169e-01	6.539e-02 -3.2599763870239262	1.0
chr19_43543164_C_T_b38	2	2.90849e-01	2.541e-01	4.866e-02 6.963157925275343	1.0
chr19_43536845_T_C_b38	2	1.97099e-01	2.772e-01	8.863e-02 7.41765022277832	1.0
chr19_43533218_C_G_b38	2	1.97099e-01	2.772e-01	8.863e-02 7.417213439941406	1.0
chr19_43546814_T_C_b38	2	9.99217e-02	2.763e-01	8.821e-02 7.404145240783691	1.0
chr19_43549390_G_A_b38	2	9.99217e-02	2.763e-01	8.821e-02 7.436112880706787	1.0
chr19_43540396_C_T_b38	2	2.78862e-02	2.507e-01	7.156e-02 7.38478422164917	1.0
chr19_43541349_C_T_b38	2	2.78862e-02	2.507e-01	7.156e-02 7.395325183868407	1.0
chr19_43558535_G_A_b38	2	2.60411e-02	2.748e-01	8.736e-02 7.445706844329834	1.0
chr19_43551093_G_A_b38	2	1.40043e-02	2.275e-01	3.384e-02 7.255998611450195	1.0
chr19_43574316_T_G_b38	2	4.21932e-03	2.357e-01	5.365e-02 7.268715858459473	1.0
chr19_43568381_C_T_b38	2	4.21932e-03	2.357e-01	5.365e-02 7.2872676849365225	1.0
chr19_43567861_G_T_b38	2	4.21932e-03	2.357e-01	5.365e-02 7.248978137969972	1.0
chr19_43564249_G_A_b38	2	3.68011e-03	2.279e-01	3.955e-02 7.26315975189209	1.0
chr19_43564041_C_T_b38	2	2.89871e-03	2.254e-01	3.921e-02 7.26061201095581	1.0
chr19_43533176_T_C_b38	3	4.66889e-02	-1.883e-01	5.877e-02 2.833001613616944	1.0
chr19_43543398_T_C_b38	3	2.41107e-02	1.884e-01	5.876e-02 -2.8258204460144043	1.0
chr19_43539766_AC_A_b38	3	2.41107e-02	-1.884e-01	5.876e-02 2.867324504636765	1.0
chr19_43532187_CCTGA_C_b38	3	2.19380e-02	-1.602e-01	5.839e-02 2.8641674233862138	1.0
chr19_43537273_G_T_b38	3	2.15825e-02	-1.913e-01	5.955e-02 2.867324504636765	1.0
chr19_43546043_C_T_b38	3	1.35266e-02	-1.819e-01	5.929e-02 2.828648090362549	1.0
chr19_43544925_G_A_b38	3	1.35266e-02	-1.819e-01	5.929e-02 2.8329741954803467	1.0
chr19_43532265_G_C_b38	3	1.16162e-02	-1.615e-01	5.823e-02 2.7603094577789307	1.0
chr19_43540734_A_G_b38	3	4.63134e-03	-1.360e-01	4.950e-02 2.9231252670288086	1.0
chr19_43540041_C_G_b38	3	4.63134e-03	-1.360e-01	4.950e-02 2.932180881500244	1.0
chr19_43539296_T_C_b38	3	4.63134e-03	-1.360e-01	4.950e-02 2.9341750144958496	1.0
chr19_43551900_A_G_b38	3	3.69148e-03	-1.373e-01	5.109e-02 2.9837644100189213	1.0
chr19_43553946_T_C_b38	3	3.32337e-03	1.836e-01	5.922e-02 -2.856135129928589	1.0
chr19_43557263_T_C_b38	3	3.32337e-03	1.836e-01	5.922e-02 -2.874720573425293	1.0
chr19_43576907_G_GGGCC_b38	3	1.01533e-03	1.621e-01	5.786e-02 -2.5341658869863704	1.0
chr19_43553075_T_C_b38	3	7.75807e-04	-1.392e-01	5.137e-02 2.970348834991455	1.0
chr19_43554087_C_T_b38	3	7.75807e-04	1.392e-01	5.137e-02 -2.9577105045318604	1.0
chr19_43527218_C_T_b38	4	4.73489e-04	-1.902e-02	4.640e-02 2.5275840759277344	1.0
