chr1_36323945_A_G_b38	1	9.27610e-01	6.796e-01	6.421e-02 -7.086024761199951	1.0
chr1_36322287_G_A_b38	1	5.87575e-02	6.733e-01	6.513e-02 -7.052316665649414	1.0
chr1_36294989_C_T_b38	1	6.63938e-03	6.931e-01	6.205e-02 -7.056844711303711	1.0
chr1_36292460_C_T_b38	1	6.63938e-03	6.931e-01	6.205e-02 -7.05855131149292	1.0
chr1_36321693_G_A_b38	2	7.49273e-02	2.457e-01	7.411e-02 0.2802591323852539	1.0
chr1_36325025_A_G_b38	2	5.93687e-02	2.416e-01	7.418e-02 0.2998318672180176	1.0
chr1_36328591_C_T_b38	2	4.26070e-02	2.457e-01	7.412e-02 0.3081533908843994	1.0
chr1_36327188_A_AT_b38	2	4.26070e-02	2.457e-01	7.412e-02 0.24973626491069398	1.0
chr1_36326477_C_T_b38	2	4.26070e-02	2.457e-01	7.412e-02 0.3026481866836548	1.0
chr1_36315459_C_T_b38	2	1.98589e-02	2.333e-01	7.376e-02 -0.03575428575277328	1.0
chr1_36328358_G_A_b38	2	1.41456e-02	-2.457e-01	8.617e-02 -0.30633097887039185	1.0
chr1_36301374_G_C_b38	2	1.11748e-02	2.457e-01	7.412e-02 0.2519431710243225	1.0
chr1_36301799_C_T_b38	2	1.11748e-02	2.457e-01	7.412e-02 0.3317871391773224	1.0
chr1_36300537_C_T_b38	2	9.67528e-03	2.416e-01	7.418e-02 0.2561391294002533	1.0
chr1_36311120_G_A_b38	2	9.67528e-03	2.416e-01	7.418e-02 0.3363344967365265	1.0
chr1_36310144_C_T_b38	2	9.67528e-03	2.416e-01	7.418e-02 0.3401235342025757	1.0
chr1_36325757_G_T_b38	2	7.98909e-03	-2.150e-01	8.980e-02 -0.2953568696975708	1.0
chr1_36328537_G_A_b38	2	6.39331e-03	-2.222e-01	8.813e-02 -0.34178754687309265	1.0
chr1_36310057_C_G_b38	2	4.45365e-03	2.058e-01	6.876e-02 0.4209200739860535	1.0
chr1_36283547_A_G_b38	2	4.01556e-03	2.446e-01	7.401e-02 0.305166095495224	1.0
chr1_36275231_A_T_b38	2	4.01556e-03	2.446e-01	7.401e-02 0.30369383096694946	1.0
chr1_36303151_C_T_b38	2	3.83442e-03	2.323e-01	7.984e-02 0.3292539119720459	1.0
chr1_36286832_C_T_b38	2	3.47956e-03	2.405e-01	7.408e-02 0.28169041872024536	1.0
chr1_36317534_A_C_b38	2	3.23620e-03	-2.077e-01	8.784e-02 0.054663922637701035	1.0
chr1_36227873_C_T_b38	2	1.70107e-03	-2.574e-01	7.607e-02 -0.29596665501594543	1.0
chr1_36227569_T_C_b38	2	1.70107e-03	-2.574e-01	7.607e-02 -0.29537132382392883	1.0
chr1_36227847_G_A_b38	2	1.70107e-03	-2.574e-01	7.607e-02 -0.29594579339027405	1.0
chr1_36230311_T_C_b38	2	1.70107e-03	2.574e-01	7.607e-02 0.3032699525356293	1.0
chr1_36225269_C_A_b38	2	1.70107e-03	-2.574e-01	7.607e-02 -0.26758819818496704	1.0
chr1_36313414_A_G_b38	2	1.67682e-03	-2.222e-01	8.813e-02 -0.3363836705684662	1.0
chr1_36312005_C_T_b38	2	1.67682e-03	-2.222e-01	8.813e-02 -0.3530893325805664	1.0
chr1_36335070_T_A_b38	2	1.66876e-03	-2.202e-01	8.950e-02 -0.2415027618408203	1.0
chr1_36337197_G_A_b38	2	1.66876e-03	-2.202e-01	8.950e-02 -0.24435387551784515	1.0
chr1_36345215_A_G_b38	2	1.57990e-03	-2.139e-01	8.805e-02 -0.08413154631853104	1.0
chr1_36290034_A_G_b38	2	1.43342e-03	2.069e-01	7.117e-02 0.19128945469856265	1.0
chr1_36267256_G_A_b38	2	1.34951e-03	2.446e-01	7.401e-02 0.34866976737976074	1.0
chr1_36246042_A_G_b38	2	1.34951e-03	2.446e-01	7.401e-02 0.3009443283081055	1.0
chr1_36243835_A_C_b38	2	1.34951e-03	2.446e-01	7.401e-02 0.13269493055955048	1.0
chr1_36234580_G_A_b38	2	1.34951e-03	2.446e-01	7.401e-02 0.29215413331985474	1.0
chr1_36251219_A_G_b38	2	1.34951e-03	2.446e-01	7.401e-02 0.3089473247528076	1.0
chr1_36268095_A_G_b38	2	1.34951e-03	2.446e-01	7.401e-02 0.2995532751083374	1.0
chr1_36268128_C_T_b38	2	1.34951e-03	2.446e-01	7.401e-02 0.3022053837776184	1.0
chr1_36261413_G_C_b38	2	1.34951e-03	2.446e-01	7.401e-02 0.3063332736492157	1.0
chr1_36299303_G_T_b38	2	1.30198e-03	-2.150e-01	8.980e-02 -0.09836654365062714	1.0
chr1_36299302_G_C_b38	2	1.30198e-03	-2.150e-01	8.980e-02 -0.08819469809532167	1.0
chr1_36299336_G_A_b38	2	1.30198e-03	-2.150e-01	8.980e-02 -0.0506087951362133	1.0
chr1_36307473_CTT_C_b38	2	1.30198e-03	-2.150e-01	8.980e-02 -0.23112095404463676	1.0
chr1_36236253_CTG_C_b38	2	1.16938e-03	2.405e-01	7.408e-02 0.14727357200210245	1.0
chr1_36370203_A_C_b38	2	1.04301e-03	-2.020e-01	7.177e-02 0.20287017524242398	1.0
chr1_36367655_T_A_b38	2	9.60441e-04	-2.023e-01	7.305e-02 0.017989644780755043	1.0
chr1_36367479_A_G_b38	2	9.60441e-04	-2.023e-01	7.305e-02 0.03243919461965561	1.0
chr1_36335460_C_G_b38	2	9.03952e-04	-1.874e-01	8.672e-02 -0.3447416424751282	1.0
chr1_36293004_G_A_b38	2	7.53997e-04	-2.190e-01	8.403e-02 -0.2408445924520493	1.0
chr1_36323755_G_C_b38	3	6.58631e-03	1.239e-01	1.287e-01 -3.001410007476806	1.0
