chr20_20413630_G_A_b38	1	9.07092e-01	-4.278e-01	6.889e-02 -1.1713368892669678	1.0
chr20_20422442_G_A_b38	1	2.59380e-02	-3.883e-01	7.021e-02 -1.415575623512268	1.0
chr20_20427160_C_G_b38	1	1.16051e-02	-3.802e-01	7.111e-02 -1.8142404556274407	1.0
chr20_20417535_A_G_b38	1	4.69190e-03	-3.281e-01	6.727e-02 -1.916583776473999	1.0
chr20_20427216_T_C_b38	1	3.57822e-03	-3.491e-01	6.894e-02 -1.625912308692932	1.0
chr20_20427125_A_C_b38	1	3.57822e-03	-3.491e-01	6.894e-02 -1.8947914838790891	1.0
chr20_20427167_C_T_b38	1	3.57822e-03	-3.491e-01	6.894e-02 -1.8322772979736328	1.0
chr20_20421924_A_T_b38	1	2.78900e-03	-3.514e-01	7.022e-02 -1.5627379417419434	1.0
chr20_20427669_T_C_b38	1	2.74389e-03	-3.494e-01	6.987e-02 -1.6584520339965818	1.0
chr20_20430057_C_T_b38	1	2.58205e-03	-3.505e-01	7.029e-02 -1.6813764572143557	1.0
chr20_20417939_G_A_b38	1	2.34830e-03	-3.180e-01	6.763e-02 -1.954917073249817	1.0
chr20_20421139_GGGAT_G_b38	1	2.28292e-03	-3.410e-01	6.886e-02 -1.698146514780203	1.0
chr20_20421006_A_G_b38	1	2.28292e-03	-3.410e-01	6.886e-02 -1.4816906452178955	1.0
chr20_20427592_T_G_b38	1	2.19231e-03	-3.446e-01	6.969e-02 -1.6482790708541868	1.0
chr20_20427622_T_C_b38	1	2.19231e-03	-3.446e-01	6.969e-02 -1.6534078121185305	1.0
chr20_20423672_A_C_b38	1	2.01121e-03	-3.258e-01	6.628e-02 -1.8201816082000728	1.0
chr20_20425601_T_C_b38	1	1.91182e-03	-3.420e-01	6.967e-02 -1.6130248308181765	1.0
chr20_20367609_C_T_b38	2	7.60437e-01	-3.400e-01	8.501e-02 -5.727967262268066	1.0
chr20_20365534_T_C_b38	3	3.39028e-02	2.167e-01	7.300e-02 3.236294269561768	1.0
chr20_20371025_G_C_b38	3	3.03528e-02	2.167e-01	7.300e-02 3.0012214183807373	1.0
chr20_20387655_T_C_b38	4	2.45172e-04	1.669e-01	7.310e-02 3.0765490531921387	1.0
