chr11_18634724_C_T_b38	1	3.53629e-01	-1.961e-01	2.930e-02 -7.563331604003906	1.0
chr11_18634515_G_C_b38	1	3.53629e-01	-1.961e-01	2.930e-02 -7.563560009002685	1.0
chr11_18635385_C_T_b38	1	1.32608e-01	-1.961e-01	2.930e-02 -7.572181701660156	1.0
chr11_18633142_C_CT_b38	1	6.48801e-02	-1.961e-01	2.929e-02 -7.564518884241357	1.0
chr11_18642694_T_G_b38	1	1.65176e-02	-1.936e-01	2.917e-02 -7.6425514221191415	1.0
chr11_18624296_C_A_b38	1	1.22823e-02	-1.961e-01	2.927e-02 -7.568818092346191	1.0
chr11_18624121_T_C_b38	1	1.22823e-02	-1.961e-01	2.927e-02 -7.568806171417236	1.0
chr11_18611437_T_C_b38	1	1.19744e-02	-1.957e-01	2.922e-02 -7.375851154327393	1.0
chr11_18617165_A_T_b38	1	1.19744e-02	-1.957e-01	2.922e-02 -7.335586071014402	1.0
chr11_18622012_G_A_b38	1	7.00708e-03	-1.940e-01	2.940e-02 -7.582770824432372	1.0
chr11_18623473_C_CA_b38	1	6.24568e-03	-1.922e-01	2.922e-02 -7.8063819766966756	1.0
chr11_18618930_C_T_b38	1	6.01791e-03	-1.916e-01	2.916e-02 -7.363401412963867	1.0
chr11_18614268_A_G_b38	1	6.01791e-03	-1.916e-01	2.916e-02 -7.361587047576903	1.0
chr11_18604063_A_G_b38	1	3.61378e-03	-1.854e-01	2.797e-02 -6.3142290115356445	1.0
chr11_18634627_G_A_b38	2	2.68155e-02	8.187e-02	6.074e-02 1.5530339479446411	1.0
chr11_18643305_G_A_b38	2	1.60815e-03	8.166e-02	6.070e-02 1.599315166473389	1.0
chr11_18641738_A_G_b38	2	1.60815e-03	8.166e-02	6.070e-02 1.5574691295623782	1.0
chr11_18646039_G_A_b38	2	7.56922e-04	8.075e-02	5.945e-02 1.640328884124756	1.0
chr11_18635211_G_A_b38	3	4.13565e-04	1.770e-02	6.577e-02 2.998783826828003	1.0
