chr4_144653692_A_G_b38	1	4.56138e-01	2.275e-01	4.551e-02 27.11623191833496	1.0
chr4_144645325_T_C_b38	1	2.03261e-01	2.275e-01	4.551e-02 27.187753677368164	1.0
chr4_144647200_T_C_b38	1	2.03261e-01	2.275e-01	4.551e-02 27.17895126342773	1.0
chr4_144645712_T_C_b38	1	5.53920e-02	2.076e-01	4.440e-02 27.1611442565918	1.0
chr4_144643964_G_A_b38	1	2.18178e-02	2.026e-01	4.567e-02 27.18754959106445	1.0
chr4_144639014_C_A_b38	1	7.95754e-03	1.889e-01	4.545e-02 26.615459442138672	1.0
chr4_144683873_A_G_b38	1	7.64548e-03	-2.214e-01	5.338e-02 -20.04037857055664	1.0
chr4_144681345_T_C_b38	1	5.26468e-03	-2.144e-01	5.311e-02 -20.153392791748047	1.0
chr4_144647373_C_T_b38	2	1.06008e-02	3.245e-01	1.114e-01 -0.5738807320594788	1.0
chr4_144642260_G_C_b38	2	1.06008e-02	3.245e-01	1.114e-01 0.4749102294445038	1.0
chr4_144716684_C_A_b38	2	1.27671e-03	3.238e-01	1.113e-01 -0.4064626097679138	1.0
chr4_144712378_A_G_b38	2	1.27637e-03	3.238e-01	1.113e-01 -0.3889238834381104	1.0
chr4_144564408_C_T_b38	2	3.45710e-04	2.231e-01	1.009e-01 0.6480292677879333	1.0
chr4_144660842_A_T_b38	3	3.03442e-04	-9.336e-02	1.140e-01 -1.64262056350708	1.0
chr4_144670106_A_G_b38	3	5.45641e-05	8.237e-02	1.437e-01 -1.6670151948928833	1.0
chr4_144669293_A_T_b38	3	5.45641e-05	8.237e-02	1.437e-01 -1.6493539810180664	1.0
chr4_144672801_A_G_b38	3	2.51883e-05	1.064e-01	1.565e-01 -1.6715720891952517	1.0
chr4_144644016_A_C_b38	3	2.39735e-05	-8.624e-03	1.423e-01 -1.251208782196045	1.0
chr4_144636793_C_T_b38	3	2.35909e-05	-1.726e-03	1.526e-01 -1.2534111738204956	1.0
chr4_144674608_C_T_b38	3	2.35056e-05	8.237e-02	1.437e-01 -2.803212404251098	1.0
chr4_144675923_G_C_b38	3	2.35056e-05	8.237e-02	1.437e-01 -1.6838955879211426	1.0
chr4_144679223_G_A_b38	3	2.35056e-05	8.237e-02	1.437e-01 -1.758612871170044	1.0
