chr1_36323945_A_G_b38	1	9.65449e-01	2.627e-01	2.385e-02 -7.086024761199951	1.0
chr1_36322287_G_A_b38	1	2.05713e-02	2.605e-01	2.364e-02 -7.052316665649414	1.0
chr1_36294989_C_T_b38	1	1.16869e-02	2.672e-01	2.286e-02 -7.056844711303711	1.0
chr1_36325025_A_G_b38	2	5.21372e-02	8.770e-02	2.917e-02 0.2998318672180176	1.0
chr1_36321693_G_A_b38	2	3.50883e-02	8.359e-02	2.925e-02 0.2802591323852539	1.0
chr1_36327188_A_AT_b38	2	2.47111e-02	8.426e-02	2.937e-02 0.24973626491069398	1.0
chr1_36326477_C_T_b38	2	2.39311e-02	8.359e-02	2.925e-02 0.3026481866836548	1.0
chr1_36315459_C_T_b38	2	1.76694e-02	8.507e-02	2.905e-02 -0.03575428575277328	1.0
chr1_36303151_C_T_b38	2	1.29718e-02	9.334e-02	3.045e-02 0.3292539119720459	1.0
chr1_36333290_C_T_b38	2	9.67364e-03	-8.571e-02	3.185e-02 0.17837263643741608	1.0
chr1_36367655_T_A_b38	2	9.43061e-03	-9.260e-02	2.829e-02 0.017989644780755043	1.0
chr1_36367479_A_G_b38	2	9.43061e-03	-9.260e-02	2.829e-02 0.03243919461965561	1.0
chr1_36328591_C_T_b38	2	7.32352e-03	7.056e-02	2.938e-02 0.3081533908843994	1.0
chr1_36301374_G_C_b38	2	7.19491e-03	8.360e-02	2.920e-02 0.2519431710243225	1.0
chr1_36300537_C_T_b38	2	6.80393e-03	8.325e-02	2.930e-02 0.2561391294002533	1.0
chr1_36301799_C_T_b38	2	6.52346e-03	8.250e-02	2.918e-02 0.3317871391773224	1.0
chr1_36310144_C_T_b38	2	6.12529e-03	8.238e-02	2.941e-02 0.3401235342025757	1.0
chr1_36311120_G_A_b38	2	6.12529e-03	8.238e-02	2.941e-02 0.3363344967365265	1.0
chr1_36325757_G_T_b38	2	5.09773e-03	-6.924e-02	3.416e-02 -0.2953568696975708	1.0
chr1_36364980_T_C_b38	2	5.05875e-03	-8.722e-02	2.847e-02 0.002853017766028643	1.0
chr1_36335460_C_G_b38	2	4.48478e-03	-8.137e-02	3.038e-02 -0.3447416424751282	1.0
chr1_36328358_G_A_b38	2	4.31321e-03	-7.163e-02	3.383e-02 -0.30633097887039185	1.0
chr1_36370203_A_C_b38	2	4.19333e-03	-8.328e-02	2.761e-02 0.20287017524242398	1.0
chr1_36328537_G_A_b38	2	3.99294e-03	-7.064e-02	3.397e-02 -0.34178754687309265	1.0
chr1_36283547_A_G_b38	2	3.53403e-03	8.564e-02	2.917e-02 0.305166095495224	1.0
chr1_36353190_T_C_b38	2	2.73754e-03	-8.252e-02	2.897e-02 -0.06313356757164001	1.0
chr1_36352900_T_C_b38	2	2.73754e-03	-8.252e-02	2.897e-02 -0.07503296434879303	1.0
chr1_36286832_C_T_b38	2	2.71332e-03	8.325e-02	2.930e-02 0.28169041872024536	1.0
chr1_36317534_A_C_b38	2	2.67235e-03	-7.129e-02	3.341e-02 0.054663922637701035	1.0
chr1_36371019_C_G_b38	2	2.45731e-03	-7.980e-02	2.825e-02 0.2287643402814865	1.0
chr1_36373014_A_C_b38	2	2.45731e-03	-7.980e-02	2.825e-02 0.23221349716186526	1.0
chr1_36310057_C_G_b38	2	2.38928e-03	6.849e-02	2.800e-02 0.4209200739860535	1.0
chr1_36275231_A_T_b38	2	2.31296e-03	8.117e-02	2.916e-02 0.30369383096694946	1.0
chr1_36345215_A_G_b38	2	2.22850e-03	-7.642e-02	3.217e-02 -0.08413154631853104	1.0
chr1_36364099_T_C_b38	2	2.13987e-03	-7.728e-02	2.792e-02 0.1523064374923706	1.0
chr1_36370750_G_C_b38	2	2.03962e-03	-7.608e-02	2.761e-02 0.20434162020683289	1.0
chr1_36335070_T_A_b38	2	1.88250e-03	-7.599e-02	3.313e-02 -0.2415027618408203	1.0
chr1_36337197_G_A_b38	2	1.32359e-03	-6.996e-02	3.282e-02 -0.24435387551784515	1.0
chr1_36357003_C_T_b38	2	1.32263e-03	-8.122e-02	3.194e-02 -0.013737355358898641	1.0
chr1_36313414_A_G_b38	2	1.21954e-03	-7.064e-02	3.397e-02 -0.3363836705684662	1.0
chr1_36267256_G_A_b38	2	1.15479e-03	8.564e-02	2.917e-02 0.34866976737976074	1.0
chr1_36268128_C_T_b38	2	1.15479e-03	8.564e-02	2.917e-02 0.3022053837776184	1.0
chr1_36234580_G_A_b38	2	1.15479e-03	8.564e-02	2.917e-02 0.29215413331985474	1.0
chr1_36261413_G_C_b38	2	1.15479e-03	8.564e-02	2.917e-02 0.3063332736492157	1.0
chr1_36246042_A_G_b38	2	1.15479e-03	8.564e-02	2.917e-02 0.3009443283081055	1.0
chr1_36268095_A_G_b38	2	1.15479e-03	8.564e-02	2.917e-02 0.2995532751083374	1.0
chr1_36236253_CTG_C_b38	2	1.09090e-03	8.531e-02	2.926e-02 0.14727357200210245	1.0
chr1_36312005_C_T_b38	2	1.08649e-03	-6.874e-02	3.401e-02 -0.3530893325805664	1.0
chr1_36307473_CTT_C_b38	2	1.07411e-03	-6.859e-02	3.402e-02 -0.23112095404463676	1.0
chr1_36299336_G_A_b38	2	1.07411e-03	-6.859e-02	3.402e-02 -0.0506087951362133	1.0
chr1_36299303_G_T_b38	2	1.07411e-03	-6.859e-02	3.402e-02 -0.09836654365062714	1.0
chr1_36299302_G_C_b38	2	1.07411e-03	-6.859e-02	3.402e-02 -0.08819469809532167	1.0
chr1_36251219_A_G_b38	2	9.41731e-04	8.376e-02	2.926e-02 0.3089473247528076	1.0
chr1_36363058_G_C_b38	2	8.44835e-04	-7.550e-02	3.209e-02 0.056420601904392235	1.0
chr1_36355801_A_G_b38	2	8.44835e-04	-7.550e-02	3.209e-02 0.014850405976176262	1.0
chr1_36350245_T_A_b38	2	8.33089e-04	-7.556e-02	3.225e-02 0.06129760667681694	1.0
chr1_36350495_G_A_b38	2	8.33089e-04	-7.556e-02	3.225e-02 -0.058907721191644676	1.0
chr1_36348872_C_T_b38	2	8.33089e-04	-7.556e-02	3.225e-02 -0.05815153568983077	1.0
chr1_36350004_G_A_b38	2	8.33089e-04	-7.556e-02	3.225e-02 -0.06206196174025536	1.0
chr1_36349891_G_A_b38	2	8.33089e-04	-7.556e-02	3.225e-02 -0.05951099842786789	1.0
chr1_36225269_C_A_b38	2	8.12826e-04	-8.261e-02	2.942e-02 -0.26758819818496704	1.0
chr1_36374664_T_C_b38	2	8.02379e-04	-7.980e-02	2.825e-02 0.23388716578483584	1.0
chr1_36374863_G_A_b38	2	8.02379e-04	-7.980e-02	2.825e-02 0.1801275908946991	1.0
chr1_36227569_T_C_b38	2	7.45745e-04	-8.167e-02	2.942e-02 -0.29537132382392883	1.0
chr1_36227873_C_T_b38	2	7.45745e-04	-8.167e-02	2.942e-02 -0.29596665501594543	1.0
chr1_36227847_G_A_b38	2	7.45745e-04	-8.167e-02	2.942e-02 -0.29594579339027405	1.0
chr1_36230311_T_C_b38	2	7.45745e-04	8.167e-02	2.942e-02 0.3032699525356293	1.0
chr1_36293004_G_A_b38	2	6.84758e-04	-7.555e-02	3.361e-02 -0.2408445924520493	1.0
chr1_36290034_A_G_b38	2	6.55496e-04	6.410e-02	2.807e-02 0.19128945469856265	1.0
chr1_36243835_A_C_b38	2	6.23680e-04	7.912e-02	2.919e-02 0.13269493055955048	1.0
chr1_36282229_TTCTC_T_b38	2	5.82545e-04	-7.639e-02	3.552e-02 0.13350912438079826	1.0
chr1_36285608_A_G_b38	2	5.07810e-04	-7.136e-02	3.396e-02 -0.2927178740501404	1.0
chr1_36284324_T_C_b38	2	5.07810e-04	-7.136e-02	3.396e-02 -0.2881587743759155	1.0
chr1_36284917_T_A_b38	2	5.07810e-04	-7.136e-02	3.396e-02 -0.2881587743759155	1.0
chr1_36277740_A_G_b38	2	5.07810e-04	-7.136e-02	3.396e-02 -0.26718032360076904	1.0
chr1_36323755_G_C_b38	3	7.19214e-03	5.616e-02	3.945e-02 -3.001410007476806	1.0
