chr1_37996149_C_T_b38	1	5.48035e-01	-2.160e-01	2.686e-02 -10.189367294311523	1.0
chr1_37990219_G_C_b38	1	4.49267e-01	-2.103e-01	2.562e-02 -10.135973930358887	1.0
chr1_37999643_G_A_b38	2	2.25393e-01	1.133e-01	3.061e-02 2.07049822807312	1.0
chr1_37446295_G_A_b38	3	2.25615e-02	-1.969e-01	3.555e-02 2.3598995208740234	1.0
chr1_37447406_C_T_b38	3	8.27717e-03	-1.936e-01	3.637e-02 2.389597177505493	1.0
chr1_37449827_C_T_b38	3	4.05168e-04	-1.886e-01	4.097e-02 1.7516442537307741	1.0
chr1_38006372_AC_A_b38	4	1.41036e-04	-4.556e-02	5.041e-02 -0.9744933826333384	1.0
chr1_38004507_GTC_G_b38	4	6.66685e-05	-3.086e-02	5.425e-02 -1.1089652371332035	1.0
chr1_38007045_G_T_b38	4	6.03164e-05	-3.212e-02	5.003e-02 -1.285372614860535	1.0
chr1_38007131_C_T_b38	4	5.94880e-05	-3.246e-02	4.808e-02 -1.2938523292541504	1.0
