chr15_90440233_A_G_b38	1	9.81813e-01	3.878e-01	2.803e-02 2.513179302215576	1.0
chr15_90461133_T_C_b38	1	1.80364e-02	3.844e-01	2.635e-02 2.523669719696045	1.0
chr15_90466252_G_A_b38	2	9.99850e-01	1.871e-01	2.007e-02 6.5724143981933585	1.0
chr15_90388488_G_A_b38	3	1.06017e-02	-5.331e-02	5.629e-02 1.908322095870972	1.0
chr15_90388583_T_A_b38	3	9.75407e-03	-1.038e-02	5.687e-02 1.9140223264694207	1.0
chr15_90386115_A_AC_b38	3	1.59114e-03	-4.618e-02	4.978e-02 2.519544752162872	1.0
chr15_90392111_CT_C_b38	3	1.23644e-03	-4.268e-03	5.964e-02 2.3010336178661936	1.0
chr15_90383567_C_T_b38	3	1.11945e-03	-4.962e-02	5.595e-02 1.7520381212234497	1.0
chr15_90383325_G_A_b38	3	1.11945e-03	-4.962e-02	5.595e-02 1.7530206441879272	1.0
chr15_90385007_C_T_b38	3	1.06268e-03	-4.424e-02	5.409e-02 1.835784673690796	1.0
chr15_90404667_T_C_b38	3	1.03106e-03	7.339e-02	6.380e-02 2.363316059112549	1.0
chr15_90403876_T_C_b38	3	1.03106e-03	7.339e-02	6.380e-02 2.3611485958099365	1.0
chr15_90390451_T_C_b38	3	9.77429e-04	-4.683e-03	3.166e-02 3.6783237457275386	1.0
chr15_90396916_G_T_b38	3	8.46163e-04	-7.154e-02	5.624e-02 2.3044798374176025	1.0
chr15_90396062_G_C_b38	3	8.46163e-04	-7.154e-02	5.624e-02 2.278329372406006	1.0
chr15_90397812_G_A_b38	3	7.51864e-04	-6.097e-02	5.492e-02 2.2999699115753174	1.0
chr15_90381276_A_T_b38	3	6.88953e-04	-5.276e-02	5.569e-02 1.7151216268539429	1.0
chr15_90380345_G_A_b38	3	6.88953e-04	-5.276e-02	5.569e-02 1.6941710710525513	1.0
chr15_90378426_C_T_b38	3	6.81998e-04	-5.261e-02	5.473e-02 1.6956778764724731	1.0
chr15_90382958_C_T_b38	3	6.44680e-04	-3.714e-02	5.703e-02 1.755118489265442	1.0
chr15_90391099_A_G_b38	3	6.32145e-04	-4.683e-03	3.166e-02 3.6522142887115483	1.0
chr15_90372951_G_A_b38	3	4.28343e-04	-7.020e-02	5.038e-02 1.6118224859237669	1.0
chr15_90395419_A_C_b38	3	4.02559e-04	-1.577e-02	3.590e-02 2.700367927551269	1.0
chr15_90369666_G_A_b38	3	3.57326e-04	-4.937e-02	6.131e-02 1.7001932859420776	1.0
chr15_90408817_G_T_b38	3	3.48506e-04	-2.731e-02	6.218e-02 2.3253498077392583	1.0
chr15_90411164_C_T_b38	3	3.48506e-04	-2.731e-02	6.218e-02 2.3258230686187744	1.0
chr15_90408407_C_T_b38	3	3.48506e-04	-2.731e-02	6.218e-02 2.3319261074066158	1.0
chr15_90407402_T_TA_b38	3	3.48506e-04	-2.731e-02	6.218e-02 2.3709625459262407	1.0
chr15_90401954_C_T_b38	3	3.48506e-04	-2.731e-02	6.218e-02 2.337355613708496	1.0
chr15_90402075_A_T_b38	3	3.48506e-04	-2.731e-02	6.218e-02 2.335622310638428	1.0
chr15_90406248_A_G_b38	3	3.48506e-04	-2.731e-02	6.218e-02 2.344667673110962	1.0
chr15_90406171_C_T_b38	3	3.48506e-04	-2.731e-02	6.218e-02 2.3174049854278564	1.0
chr15_90404221_C_T_b38	3	3.48506e-04	-2.731e-02	6.218e-02 2.346944808959961	1.0
chr15_90377777_T_C_b38	3	3.46378e-04	-5.261e-02	5.473e-02 1.6841189861297607	1.0
chr15_90365965_G_A_b38	3	3.46378e-04	-5.261e-02	5.473e-02 1.682617425918579	1.0
chr15_90399833_G_A_b38	3	3.32417e-04	-2.434e-02	5.927e-02 2.3371241092681885	1.0
chr15_90365549_C_T_b38	3	3.26615e-04	-4.474e-02	5.469e-02 1.6952900886535645	1.0
chr15_90374532_C_T_b38	3	3.26438e-04	-4.063e-02	5.655e-02 1.827445149421692	1.0
chr15_90375768_T_C_b38	3	3.26438e-04	-4.063e-02	5.655e-02 1.778357003057588	1.0
chr15_90375770_C_G_b38	3	3.24537e-04	-4.100e-02	5.588e-02 1.778357003057588	1.0
chr15_90372953_G_A_b38	3	3.09849e-04	-3.861e-02	5.304e-02 1.5889664888381958	1.0
chr15_90425166_T_G_b38	3	2.80928e-04	2.446e-02	1.065e-01 2.4143540859222408	1.0
chr15_90423286_T_C_b38	3	2.80928e-04	2.446e-02	1.065e-01 2.426710605621338	1.0
chr15_90425963_A_T_b38	3	2.80928e-04	2.446e-02	1.065e-01 2.42257046699524	1.0
chr15_90420973_C_T_b38	3	2.80928e-04	2.446e-02	1.065e-01 2.407256364822388	1.0
chr15_90424517_C_G_b38	3	2.80928e-04	2.446e-02	1.065e-01 2.4145288467407227	1.0
chr15_90374462_G_A_b38	3	2.72260e-04	-3.725e-02	3.930e-02 2.652838468551636	1.0
chr15_90427549_G_A_b38	3	2.53587e-04	1.661e-02	9.958e-02 2.4143929481506348	1.0
chr15_90432874_C_T_b38	3	1.84550e-04	-9.408e-02	6.692e-02 2.451668739318848	1.0
chr15_90415313_A_G_b38	3	1.65074e-04	-8.238e-02	6.889e-02 2.426349878311157	1.0
chr15_90425032_G_A_b38	3	1.65074e-04	-8.238e-02	6.889e-02 2.4077818393707275	1.0
chr15_90418272_A_G_b38	3	1.65074e-04	-8.238e-02	6.889e-02 2.411130666732788	1.0
chr15_90416558_C_T_b38	3	1.65074e-04	-8.238e-02	6.889e-02 2.3997323513031006	1.0
chr15_90417488_G_T_b38	3	1.65074e-04	-8.238e-02	6.889e-02 2.339007916291495	1.0
chr15_90415352_G_C_b38	3	1.65074e-04	-8.238e-02	6.889e-02 2.428030252456665	1.0
chr15_90428506_G_C_b38	3	1.64090e-04	-7.194e-02	7.910e-02 2.3955085277557373	1.0
chr15_90428246_C_G_b38	3	1.62326e-04	-8.044e-02	6.715e-02 2.3629279136657715	1.0
chr15_90422852_C_T_b38	3	1.50744e-04	-7.110e-02	6.498e-02 2.4230613708496094	1.0
chr15_90429209_G_A_b38	3	1.46607e-04	-6.651e-02	6.563e-02 2.3925368785858154	1.0
chr15_90433108_G_T_b38	3	1.40564e-04	-5.897e-02	6.527e-02 2.483107328414917	1.0
chr15_90417061_T_A_b38	3	1.33076e-04	-6.015e-03	6.265e-02 2.3141191005706787	1.0
chr15_90465945_A_G_b38	3	1.30658e-04	-1.289e-01	5.998e-02 2.556898593902588	1.0
chr15_90465915_T_G_b38	3	1.30658e-04	-1.289e-01	5.998e-02 2.545351266860962	1.0
chr15_90475397_A_T_b38	3	1.27068e-04	-1.310e-01	6.174e-02 2.500904560089112	1.0
chr15_90349996_A_C_b38	3	1.17961e-04	2.780e-02	3.893e-02 1.837342619895935	1.0
chr15_90361626_G_A_b38	3	1.14316e-04	2.510e-02	4.005e-02 1.7131739854812622	1.0
chr15_90355827_G_A_b38	3	1.13808e-04	2.653e-02	3.825e-02 1.87249767780304	1.0
chr15_90361509_G_A_b38	3	1.12398e-04	-4.234e-02	5.426e-02 1.7018886804580688	1.0
chr15_90359318_C_T_b38	3	1.02540e-04	-3.654e-02	4.924e-02 1.932084566636844	1.0
chr15_90353826_C_T_b38	3	1.01713e-04	-3.764e-02	4.803e-02 1.868157148361206	1.0
chr15_90357401_G_A_b38	3	1.01713e-04	-3.764e-02	4.803e-02 1.8652474880218504	1.0
chr15_90348750_A_G_b38	3	1.00781e-04	-3.969e-02	4.511e-02 1.8326822519302368	1.0
chr15_90437748_C_T_b38	3	1.00434e-04	-3.350e-02	4.617e-02 2.616140365600586	1.0
chr15_90350436_C_A_b38	3	1.00259e-04	1.993e-02	3.851e-02 1.8313723802566528	1.0
chr15_90347374_G_A_b38	3	1.00117e-04	-3.743e-02	4.674e-02 2.035419549511075	1.0
chr15_90353877_G_A_b38	3	1.00117e-04	-3.652e-02	4.738e-02 1.8975861072540283	1.0
chr15_90354218_G_C_b38	3	1.00117e-04	-3.652e-02	4.738e-02 1.9784624188908992	1.0
chr15_90388131_C_T_b38	4	2.87391e-04	-3.511e-02	2.932e-02 5.9960689544677725	1.0
chr15_90388225_C_T_b38	4	2.87391e-04	-3.511e-02	2.932e-02 6.00871467590332	1.0
chr15_90396827_C_A_b38	4	2.65445e-04	-8.265e-02	2.936e-02 6.2883358001708975	1.0
chr15_90387401_C_G_b38	4	6.40219e-05	-3.424e-02	2.920e-02 6.042891736444937	1.0
chr15_90387643_C_T_b38	4	6.39039e-05	-3.419e-02	2.926e-02 6.0	1.0
chr15_90387227_T_C_b38	4	6.08793e-05	-3.328e-02	2.930e-02 6.270720516364379	1.0
chr15_90389734_A_C_b38	4	3.40000e-05	-3.745e-02	2.910e-02 5.854992866516112	1.0
chr15_90386331_C_T_b38	4	2.84321e-05	-3.419e-02	2.808e-02 5.591106414794922	1.0
chr15_90395000_G_A_b38	4	1.90820e-05	-4.931e-02	2.843e-02 5.892091751098633	1.0
