chr3_113110314_G_C_b38	1	1.79790e-01	-6.374e-01	1.414e-01 7.067592144012451	1.0
chr3_113110550_T_C_b38	1	1.79790e-01	-6.374e-01	1.414e-01 7.078154563903809	1.0
chr3_113110595_G_A_b38	1	1.79790e-01	-6.374e-01	1.414e-01 7.088467121124268	1.0
chr3_113108538_T_C_b38	1	7.39019e-02	-5.991e-01	1.083e-01 7.150918960571289	1.0
chr3_113109431_G_T_b38	1	7.39019e-02	-5.991e-01	1.083e-01 7.155947685241699	1.0
chr3_113107834_C_T_b38	1	7.38999e-02	-5.991e-01	1.083e-01 7.213791847229004	1.0
chr3_113106726_A_G_b38	1	7.38979e-02	-5.991e-01	1.083e-01 7.173404216766357	1.0
chr3_113106788_G_A_b38	1	1.85334e-02	-5.785e-01	9.374e-02 6.8068299293518075	1.0
chr3_113107568_A_T_b38	1	1.85334e-02	-5.785e-01	9.374e-02 6.798142910003662	1.0
chr3_113107815_G_A_b38	1	1.85334e-02	-5.785e-01	9.374e-02 6.8367652893066415	1.0
chr3_113107783_G_A_b38	1	1.85334e-02	-5.785e-01	9.374e-02 6.838822364807129	1.0
chr3_113107406_C_T_b38	1	1.85334e-02	-5.785e-01	9.374e-02 6.806450366973878	1.0
chr3_113110073_G_A_b38	1	3.91831e-03	-5.991e-01	1.023e-01 5.725645856214267	1.0
chr3_113106318_T_C_b38	1	2.67401e-03	-5.449e-01	9.466e-02 6.886862754821777	1.0
chr3_113106065_G_C_b38	1	2.67401e-03	-5.449e-01	9.466e-02 6.910547256469728	1.0
chr3_113149143_G_A_b38	2	8.20977e-02	-5.436e-01	1.108e-01 -4.451112270355225	1.0
chr3_113019471_C_T_b38	3	8.65498e-04	-1.373e-01	1.002e-01 -1.132558822631836	1.0
chr3_113019778_C_T_b38	3	7.95545e-04	-1.365e-01	1.036e-01 -1.7619935274124146	1.0
chr3_113018940_A_G_b38	3	3.10074e-04	-1.128e-01	1.084e-01 -1.0891358852386477	1.0
chr3_113014633_A_G_b38	3	2.73001e-04	-2.184e-01	1.135e-01 -2.636829137802124	1.0
chr3_113021298_C_T_b38	3	2.43098e-04	-1.752e-01	1.043e-01 -1.763777494430542	1.0
chr3_113012998_A_G_b38	3	1.43810e-04	-2.188e-01	1.207e-01 -2.0959925651550293	1.0
chr3_113014557_G_A_b38	3	8.51059e-05	-1.111e-01	1.068e-01 -1.1102571487426758	1.0
chr3_113008615_C_T_b38	3	7.71780e-05	-2.188e-01	1.207e-01 -2.1355342864990234	1.0
chr3_112999216_C_T_b38	3	7.51845e-05	-2.188e-01	1.207e-01 -2.0626840591430664	1.0
chr3_113007199_G_C_b38	3	6.24652e-05	-2.018e-01	1.174e-01 -2.3737781047821045	1.0
chr3_113016439_TAAGA_T_b38	3	5.87943e-05	-5.590e-02	1.014e-01 -1.2644018837965725	1.0
chr3_113010921_A_T_b38	3	3.05079e-05	-5.590e-02	1.014e-01 -1.0011817216873171	1.0
