chr17_21376293_T_G_b38	1	4.11251e-01	-4.494e-01	6.341e-02 13.478034973144533	1.0
chr17_21376757_GA_G_b38	1	3.11376e-01	-4.169e-01	5.623e-02 12.517826554508321	1.0
chr17_21376873_T_G_b38	1	1.45993e-01	-4.495e-01	6.339e-02 13.490312576293945	1.0
chr17_21379289_T_C_b38	1	2.68232e-02	-4.489e-01	6.506e-02 12.59762477874756	1.0
chr17_21378313_T_G_b38	1	2.23376e-02	-4.394e-01	6.756e-02 12.320971488952635	1.0
chr17_21375977_C_T_b38	1	1.78388e-02	-4.048e-01	6.530e-02 13.514294624328613	1.0
chr17_21380195_T_G_b38	1	1.41960e-02	-4.458e-01	6.664e-02 12.67242431640625	1.0
chr17_21378154_A_G_b38	1	1.27891e-02	-3.958e-01	5.702e-02 12.989582061767578	1.0
chr17_21376801_A_AG_b38	1	1.18064e-02	-3.889e-01	5.733e-02 12.527901084309269	1.0
chr17_21378351_A_G_b38	1	1.12904e-02	-3.942e-01	5.696e-02 12.983349800109865	1.0
chr17_21377330_G_A_b38	1	7.11407e-03	-3.918e-01	5.653e-02 12.984613418579102	1.0
chr17_21377223_C_G_b38	1	5.92032e-03	-3.898e-01	5.653e-02 12.988459587097168	1.0
chr17_21370525_C_T_b38	2	9.09806e-03	-1.688e-01	7.047e-02 8.751717567443848	1.0
chr17_21370216_G_A_b38	2	8.71901e-03	-1.664e-01	7.025e-02 9.253246307373047	1.0
chr17_21365586_CCT_C_b38	2	4.38737e-03	-1.732e-01	7.088e-02 8.655158579599755	1.0
chr17_21352097_A_G_b38	2	3.83668e-03	-1.678e-01	7.038e-02 9.407896041870117	1.0
chr17_21333269_C_T_b38	2	2.96726e-04	-1.091e-01	6.787e-02 8.155933661718633	1.0
chr17_21339843_G_A_b38	2	2.35780e-04	-1.016e-01	7.061e-02 7.861611057337482	1.0
chr17_21309508_G_A_b38	2	7.26574e-05	-1.319e-01	6.687e-02 7.382850651493825	1.0
chr17_21312847_G_A_b38	2	5.76305e-05	-1.186e-01	6.370e-02 8.230387024359674	1.0
chr17_21311120_T_C_b38	2	4.61729e-05	-1.114e-01	6.444e-02 8.259073078575923	1.0
chr17_21313290_G_A_b38	2	4.61729e-05	-1.114e-01	6.444e-02 8.364659309387207	1.0
chr17_21375525_A_G_b38	3	2.34485e-04	-1.894e-01	1.814e-01 -1.4605507850646973	1.0
