chr2_27508345_T_C_b38	1	5.44438e-01	3.758e-01	7.141e-02 -5.049443244934082	1.0
chr2_27528695_A_C_b38	1	1.00939e-01	3.307e-01	7.561e-02 -4.071909089107583	1.0
chr2_27520287_A_G_b38	1	7.92772e-02	3.172e-01	7.016e-02 -4.653656482696533	1.0
chr2_27520348_A_G_b38	1	6.18935e-02	3.032e-01	6.814e-02 -4.467038154602051	1.0
chr2_27509703_A_AT_b38	1	4.34460e-02	3.371e-01	7.255e-02 -4.119720423482292	1.0
chr2_27527272_C_T_b38	1	3.26333e-02	3.090e-01	7.217e-02 -3.3049304485321045	1.0
chr2_27521222_A_G_b38	1	3.26333e-02	3.090e-01	7.217e-02 -4.046891640150666	1.0
chr2_27452064_AAAC_A_b38	1	2.39997e-02	3.572e-01	7.492e-02 -3.667933319703844	1.0
chr2_27536773_C_T_b38	2	5.20893e-03	-1.086e-01	1.584e-01 -2.6509415722784144	1.0
chr2_27529610_C_T_b38	2	1.49638e-03	-1.742e-01	1.577e-01 -3.254389697419468	1.0
