chr5_181207677_A_G_b38	1	3.65360e-01	4.463e-01	7.437e-02
chr5_181207407_TG_T_b38	1	3.65360e-01	4.463e-01	7.437e-02
chr5_181207754_C_T_b38	1	1.14320e-01	4.295e-01	7.626e-02
chr5_181205744_TC_T_b38	1	9.25587e-02	4.045e-01	8.659e-02
chr5_181192438_G_A_b38	1	1.25467e-02	4.633e-01	7.568e-02
chr5_181207747_C_T_b38	1	7.60539e-03	3.715e-01	7.569e-02
chr5_181212588_C_G_b38	1	6.02251e-03	4.238e-01	7.777e-02
chr5_181207160_A_G_b38	1	5.93484e-03	3.690e-01	7.483e-02
chr5_181206954_A_G_b38	1	5.46176e-03	4.572e-01	8.835e-02
chr5_181204497_C_G_b38	1	5.17536e-03	4.470e-01	8.463e-02
chr5_181205629_G_C_b38	2	3.96073e-02	1.671e-01	1.164e-01
chr5_181200250_T_C_b38	2	1.33743e-02	3.185e-01	1.395e-01
chr5_181207878_ATATAT_A_b38	2	4.50349e-03	2.063e-01	2.100e-01
chr5_181208951_A_C_b38	2	3.93738e-03	2.689e-01	2.086e-01
chr5_181211092_G_C_b38	2	3.11230e-03	2.345e-01	2.123e-01
chr5_181204828_G_C_b38	2	2.72837e-03	1.213e-01	1.768e-01
chr5_181210221_T_G_b38	2	1.48732e-03	7.498e-02	1.151e-01
chr5_181186456_T_C_b38	2	1.45945e-03	-2.619e-01	1.804e-01
chr5_181193631_T_C_b38	2	1.26814e-03	2.321e-01	1.577e-01
chr5_181192673_G_C_b38	2	1.26814e-03	2.321e-01	1.577e-01
chr5_181199686_T_C_b38	2	1.08744e-03	1.281e-01	1.732e-01
chr5_181198254_G_A_b38	2	1.00012e-03	1.172e-01	1.959e-01
chr5_181199550_G_T_b38	2	9.95829e-04	1.170e-01	1.918e-01
chr5_181186440_T_C_b38	2	7.72927e-04	-1.737e-01	1.665e-01
chr5_181199505_A_G_b38	2	7.59240e-04	7.694e-02	1.201e-01
chr5_181199927_A_G_b38	2	7.59240e-04	7.694e-02	1.201e-01
chr5_181214992_A_G_b38	2	7.30534e-04	3.982e-02	1.182e-01
chr5_181184875_C_T_b38	2	6.71248e-04	-1.787e-01	1.738e-01
chr5_181184737_A_C_b38	2	3.96794e-04	-1.085e-01	1.301e-01
chr5_181182191_T_G_b38	2	2.25720e-04	-2.929e-02	9.892e-02
chr5_181216131_G_A_b38	2	1.83780e-04	-2.840e-02	9.713e-02
chr5_181197592_C_G_b38	3	1.31850e-03	-4.504e-01	1.423e-01
chr5_181199313_C_T_b38	3	1.31850e-03	-4.504e-01	1.423e-01
chr5_181199305_G_A_b38	3	1.31850e-03	-4.504e-01	1.423e-01
chr5_181197516_A_C_b38	3	1.27943e-03	-4.487e-01	1.416e-01
chr5_181197570_G_T_b38	3	1.27943e-03	-4.487e-01	1.416e-01
chr5_181197590_T_A_b38	3	1.27943e-03	-4.487e-01	1.416e-01
chr5_181197520_G_A_b38	3	1.27943e-03	-4.487e-01	1.416e-01
chr5_181197569_A_G_b38	3	1.27943e-03	-4.487e-01	1.416e-01
chr5_181204894_G_A_b38	3	4.11568e-04	-3.302e-01	1.470e-01
chr5_181204544_CA_C_b38	3	3.10222e-04	-2.622e-01	1.262e-01
chr5_181200917_C_T_b38	3	2.24434e-04	-3.628e-01	1.520e-01
chr5_181196021_G_A_b38	3	1.79354e-04	-3.636e-01	1.373e-01
