chr5_10675024_G_A_b38	1	7.14549e-01	-3.867e-01	3.557e-02
chr5_10676097_A_C_b38	1	1.76809e-01	-3.819e-01	3.479e-02
chr5_10680435_T_C_b38	1	9.88408e-02	-3.845e-01	3.586e-02
chr5_10675654_G_T_b38	1	9.58967e-03	-3.722e-01	3.625e-02
chr5_10675380_C_T_b38	1	4.93573e-05	-3.690e-01	3.286e-02
chr5_10737885_A_G_b38	1	3.17578e-07	0.000e+00	0.000e+00
chr5_10741187_CA_C_b38	1	3.17578e-07	0.000e+00	0.000e+00
chr5_10740512_A_T_b38	1	3.17578e-07	0.000e+00	0.000e+00
chr5_10737302_C_T_b38	1	3.17578e-07	0.000e+00	0.000e+00
chr5_10737690_A_G_b38	1	3.17578e-07	0.000e+00	0.000e+00
chr5_10680885_G_A_b38	2	9.99806e-01	3.493e-01	5.894e-02
chr5_10759206_T_A_b38	3	3.21808e-01	2.380e-01	4.842e-02
chr5_10754330_G_C_b38	3	2.21025e-01	2.317e-01	4.485e-02
chr5_10758755_G_A_b38	3	8.99249e-02	2.188e-01	4.529e-02
chr5_10758749_C_A_b38	3	8.99249e-02	2.188e-01	4.529e-02
chr5_10759121_AG_A_b38	3	8.51112e-02	2.837e-01	6.248e-02
chr5_10752069_T_C_b38	3	4.90241e-02	2.189e-01	4.528e-02
chr5_10751493_A_G_b38	3	4.90241e-02	2.189e-01	4.528e-02
chr5_10751453_C_T_b38	3	4.55403e-02	2.164e-01	4.488e-02
chr5_10755503_G_A_b38	3	2.80490e-02	2.838e-01	6.246e-02
chr5_10757552_G_C_b38	3	1.55097e-02	2.569e-01	6.066e-02
chr5_10715427_G_C_b38	4	3.18343e-02	-2.308e-01	6.482e-02
chr5_10732121_A_G_b38	4	3.18164e-02	-2.320e-01	6.519e-02
chr5_10729237_T_C_b38	4	3.06627e-02	-2.277e-01	6.417e-02
chr5_10748029_TC_T_b38	4	2.69841e-03	-1.376e-01	5.675e-02
chr5_10701922_G_A_b38	4	1.29977e-03	-1.817e-01	6.036e-02
chr5_10675412_G_T_b38	4	7.49391e-04	-1.803e-01	6.170e-02
chr5_10709870_A_G_b38	4	5.67058e-04	-1.765e-01	6.262e-02
chr5_10760778_G_C_b38	5	1.16213e-03	5.842e-02	3.599e-02
chr5_10761363_C_G_b38	5	5.69785e-04	3.734e-02	3.554e-02
chr5_10760897_C_G_b38	5	3.38009e-04	-1.184e-02	3.617e-02
chr5_10762027_A_G_b38	5	8.34044e-05	1.589e-02	3.442e-02
chr5_10763544_G_T_b38	5	2.27141e-05	0.000e+00	0.000e+00
chr5_10770852_G_A_b38	5	7.65372e-31	0.000e+00	0.000e+00
chr5_10765521_G_A_b38	5	6.75134e-31	0.000e+00	0.000e+00
chr5_10772741_G_T_b38	5	4.40157e-31	0.000e+00	0.000e+00
chr5_10771116_C_T_b38	5	3.89944e-31	0.000e+00	0.000e+00
chr5_10766872_C_G_b38	5	3.87769e-31	0.000e+00	0.000e+00
chr5_10774313_C_A_b38	5	3.68717e-31	0.000e+00	0.000e+00
chr5_10778412_G_A_b38	5	3.68717e-31	0.000e+00	0.000e+00
