chr14_21071525_C_T_b38	1	8.70195e-01	-2.308e-01	2.322e-02
chr14_21069908_C_A_b38	1	1.26290e-01	-2.205e-01	2.322e-02
chr14_21069831_T_A_b38	2	1.03179e-02	-3.422e-02	5.392e-02
chr14_21068966_G_C_b38	2	2.31966e-03	-5.420e-02	5.223e-02
chr14_21069144_C_A_b38	2	1.79648e-03	-4.755e-03	6.388e-02
chr14_21069138_C_T_b38	2	1.79648e-03	-4.755e-03	6.388e-02
chr14_21084898_T_C_b38	2	8.05151e-04	-7.844e-02	4.731e-02
chr14_21084845_C_T_b38	2	7.75637e-04	-7.792e-02	4.779e-02
chr14_21085664_C_T_b38	2	7.75637e-04	-7.792e-02	4.779e-02
chr14_21080259_A_G_b38	2	6.70201e-04	-4.183e-02	5.169e-02
chr14_21077390_A_AT_b38	2	6.07926e-04	-3.244e-02	5.302e-02
chr14_21076184_T_C_b38	2	6.07926e-04	-3.244e-02	5.302e-02
chr14_21077263_C_A_b38	2	6.07926e-04	-3.244e-02	5.302e-02
chr14_21079045_C_T_b38	2	6.05853e-04	-3.152e-02	5.340e-02
chr14_21082340_G_T_b38	2	4.46404e-04	-5.792e-02	5.114e-02
chr14_21080475_T_C_b38	2	3.44291e-04	-4.183e-02	5.169e-02
chr14_21081655_G_A_b38	2	3.44291e-04	-4.183e-02	5.169e-02
chr14_21081176_G_A_b38	2	3.44291e-04	-4.183e-02	5.169e-02
chr14_21085533_C_T_b38	2	3.41196e-04	-4.076e-02	5.247e-02
chr14_21086689_G_T_b38	2	3.41196e-04	-4.076e-02	5.247e-02
chr14_21081443_C_T_b38	2	3.11234e-04	-3.152e-02	5.340e-02
chr14_21083264_G_A_b38	2	3.11234e-04	-3.152e-02	5.340e-02
chr14_21083269_C_T_b38	2	3.09519e-04	-3.124e-02	5.297e-02
chr14_21083179_T_C_b38	2	3.09519e-04	-3.124e-02	5.297e-02
chr14_21088862_G_A_b38	2	3.05880e-04	-3.107e-02	5.196e-02
chr14_21088950_G_A_b38	2	3.05880e-04	-3.107e-02	5.196e-02
chr14_21034739_G_C_b38	3	1.87567e-04	-1.536e-01	5.095e-02
