chr1_36323945_A_G_b38	1	9.94000e-01	5.213e-01	5.182e-02
chr1_36322287_G_A_b38	1	5.34684e-03	5.009e-01	5.154e-02
chr1_36325025_A_G_b38	2	1.82647e-01	4.391e-01	6.913e-02
chr1_36321693_G_A_b38	2	1.42939e-01	4.440e-01	7.000e-02
chr1_36328591_C_T_b38	2	9.69123e-02	4.438e-01	6.998e-02
chr1_36326477_C_T_b38	2	9.69123e-02	4.438e-01	6.998e-02
chr1_36327188_A_AT_b38	2	9.69123e-02	4.438e-01	6.998e-02
chr1_36315459_C_T_b38	2	6.12800e-02	4.451e-01	7.015e-02
chr1_36301374_G_C_b38	2	3.34259e-02	4.438e-01	6.998e-02
chr1_36300537_C_T_b38	2	2.04275e-02	4.404e-01	7.064e-02
chr1_36311120_G_A_b38	2	2.04275e-02	4.404e-01	7.064e-02
chr1_36310144_C_T_b38	2	2.04275e-02	4.404e-01	7.064e-02
chr1_36335460_C_G_b38	2	1.74506e-02	-4.137e-01	6.679e-02
chr1_36301799_C_T_b38	2	1.59521e-02	4.255e-01	6.885e-02
chr1_36275231_A_T_b38	2	1.45091e-02	4.438e-01	6.998e-02
chr1_36283547_A_G_b38	2	1.45091e-02	4.438e-01	6.998e-02
chr1_36243835_A_C_b38	2	1.37237e-02	4.512e-01	6.893e-02
chr1_36310057_C_G_b38	2	9.41026e-03	4.186e-01	6.906e-02
chr1_36367479_A_G_b38	2	9.27609e-03	-3.869e-01	6.148e-02
chr1_36367655_T_A_b38	2	9.27609e-03	-3.869e-01	6.148e-02
chr1_36286832_C_T_b38	2	8.86694e-03	4.404e-01	7.064e-02
chr1_36370203_A_C_b38	2	7.48103e-03	-3.818e-01	6.111e-02
chr1_36364980_T_C_b38	2	6.89124e-03	-3.841e-01	6.167e-02
chr1_36364099_T_C_b38	2	5.71771e-03	-3.796e-01	6.133e-02
chr1_36370750_G_C_b38	2	5.71771e-03	-3.796e-01	6.133e-02
chr1_36251219_A_G_b38	2	5.42597e-03	4.453e-01	7.016e-02
chr1_36227847_G_A_b38	2	5.42597e-03	-4.453e-01	7.016e-02
chr1_36230311_T_C_b38	2	5.42597e-03	4.453e-01	7.016e-02
chr1_36227569_T_C_b38	2	5.42597e-03	-4.453e-01	7.016e-02
chr1_36227873_C_T_b38	2	5.42597e-03	-4.453e-01	7.016e-02
chr1_36325757_G_T_b38	2	5.42111e-03	-4.253e-01	7.623e-02
chr1_36268128_C_T_b38	2	5.32916e-03	4.438e-01	6.998e-02
chr1_36225269_C_A_b38	2	5.32916e-03	-4.438e-01	6.998e-02
chr1_36261413_G_C_b38	2	5.32916e-03	4.438e-01	6.998e-02
chr1_36246042_A_G_b38	2	5.32916e-03	4.438e-01	6.998e-02
chr1_36267256_G_A_b38	2	5.32916e-03	4.438e-01	6.998e-02
chr1_36268095_A_G_b38	2	5.32916e-03	4.438e-01	6.998e-02
chr1_36234580_G_A_b38	2	5.32916e-03	4.438e-01	6.998e-02
chr1_36303151_C_T_b38	2	4.17518e-03	4.172e-01	7.082e-02
chr1_36236253_CTG_C_b38	2	3.25680e-03	4.404e-01	7.064e-02
chr1_36328358_G_A_b38	2	3.07207e-03	-4.253e-01	7.623e-02
chr1_36328537_G_A_b38	2	3.07207e-03	-4.253e-01	7.623e-02
chr1_36290034_A_G_b38	2	2.76132e-03	4.242e-01	7.100e-02
chr1_36333290_C_T_b38	2	2.05295e-03	-3.829e-01	6.879e-02
chr1_36323755_G_C_b38	3	1.23573e-02	-1.151e-01	9.335e-02
