chr10_89224866_A_G_b38	1	3.43208e-01	1.968e-01	3.629e-02
chr10_89224275_G_A_b38	1	3.31966e-01	1.971e-01	3.650e-02
chr10_89225310_CGCCCTCTCGCGGA_C_b38	1	2.79287e-01	1.959e-01	3.634e-02
chr10_89250722_A_C_b38	2	1.93105e-01	1.463e-01	2.790e-02
chr10_89251924_C_T_b38	2	1.19160e-01	1.456e-01	2.834e-02
chr10_89249116_C_T_b38	2	1.17103e-01	1.452e-01	2.830e-02
chr10_89246195_G_A_b38	2	1.17103e-01	1.452e-01	2.830e-02
chr10_89243047_C_T_b38	2	1.04304e-01	1.403e-01	3.074e-02
chr10_89243170_C_T_b38	2	8.88032e-02	1.409e-01	3.121e-02
chr10_89247603_T_G_b38	2	8.24834e-02	1.425e-01	2.811e-02
chr10_89252465_GTGA_G_b38	2	6.77759e-02	1.425e-01	2.840e-02
chr10_89243662_A_C_b38	2	1.17340e-02	1.238e-01	2.859e-02
chr10_89245159_C_A_b38	2	8.51834e-03	1.221e-01	2.879e-02
chr10_89245129_A_G_b38	2	7.12188e-03	1.205e-01	2.830e-02
chr10_89249122_C_T_b38	2	6.29635e-03	1.208e-01	2.895e-02
chr10_89246097_C_T_b38	2	6.29635e-03	1.208e-01	2.895e-02
chr10_89251701_C_T_b38	2	4.23023e-03	1.172e-01	2.831e-02
chr10_89414809_G_T_b38	3	2.10288e-02	7.124e-02	4.916e-02
