chr10_3151220_C_T_b38	1	7.56986e-01	-7.828e-01	1.240e-01
chr10_3140852_T_TA_b38	1	2.40455e-01	-7.610e-01	1.234e-01
chr10_3153491_C_T_b38	2	8.39806e-01	3.602e-01	6.780e-02
chr10_3158818_C_T_b38	2	1.01642e-02	3.080e-01	7.600e-02
chr10_3156184_G_A_b38	2	1.01642e-02	3.080e-01	7.600e-02
chr10_3156748_C_T_b38	2	1.01642e-02	3.080e-01	7.600e-02
chr10_3157363_A_T_b38	2	1.01642e-02	3.080e-01	7.600e-02
chr10_3149966_C_A_b38	2	1.00805e-02	2.989e-01	7.343e-02
chr10_3148989_T_C_b38	2	1.00805e-02	2.989e-01	7.343e-02
chr10_3149335_T_C_b38	2	9.50466e-03	3.061e-01	7.635e-02
chr10_3158438_T_C_b38	2	9.50466e-03	3.061e-01	7.635e-02
chr10_3151847_T_C_b38	2	8.19687e-03	3.039e-01	7.701e-02
chr10_3158100_G_A_b38	2	4.13383e-03	2.930e-01	7.485e-02
chr10_3159487_A_G_b38	2	3.92174e-03	3.151e-01	8.390e-02
chr10_3158660_T_C_b38	2	3.92174e-03	3.151e-01	8.390e-02
chr10_3145557_A_G_b38	2	3.05354e-03	3.001e-01	7.400e-02
chr10_3137167_A_C_b38	2	3.05354e-03	3.001e-01	7.400e-02
chr10_3139250_T_C_b38	2	3.05354e-03	3.001e-01	7.400e-02
chr10_3142610_G_C_b38	2	3.05354e-03	3.001e-01	7.400e-02
chr10_3138035_T_C_b38	2	3.05354e-03	3.001e-01	7.400e-02
chr10_3144531_G_C_b38	2	3.05354e-03	3.001e-01	7.400e-02
chr10_3146127_C_G_b38	2	3.05354e-03	3.001e-01	7.400e-02
chr10_3143606_T_C_b38	2	3.05354e-03	3.001e-01	7.400e-02
chr10_3139090_G_A_b38	2	3.05354e-03	3.001e-01	7.400e-02
chr10_3135128_C_T_b38	2	3.05354e-03	3.001e-01	7.400e-02
chr10_3138811_A_G_b38	2	3.05354e-03	3.001e-01	7.400e-02
chr10_3154453_TG_T_b38	2	2.92647e-03	2.894e-01	7.583e-02
chr10_3149011_A_G_b38	2	2.83236e-03	2.884e-01	7.624e-02
chr10_3158905_T_C_b38	2	2.83236e-03	2.884e-01	7.624e-02
chr10_3182512_G_A_b38	3	1.82984e-01	-5.459e-01	1.295e-01
chr10_3170233_T_G_b38	3	7.06714e-02	-4.497e-01	1.204e-01
chr10_3180420_T_A_b38	3	4.97976e-02	-4.497e-01	1.204e-01
chr10_3128646_T_C_b38	3	4.79242e-02	-4.880e-01	1.133e-01
chr10_3133408_ATAAG_A_b38	3	4.12112e-02	-4.929e-01	1.153e-01
chr10_3154075_C_T_b38	3	2.07484e-02	-4.670e-01	1.242e-01
chr10_3155664_C_G_b38	3	2.00203e-02	-4.498e-01	1.204e-01
chr10_3180942_G_C_b38	3	9.40460e-03	-3.954e-01	1.282e-01
chr10_3131875_C_A_b38	3	6.40443e-03	-4.418e-01	1.169e-01
chr10_3126634_C_G_b38	3	6.40443e-03	-4.418e-01	1.169e-01
chr10_3122279_G_A_b38	3	1.99299e-03	-4.419e-01	1.169e-01
chr10_3122582_C_T_b38	3	1.99299e-03	-4.419e-01	1.169e-01
chr10_3194445_T_A_b38	4	2.58759e-02	8.764e-01	2.250e-01
chr10_3188244_G_A_b38	4	8.36909e-03	7.477e-01	2.218e-01
chr10_3199026_C_T_b38	4	1.44499e-03	8.508e-01	2.695e-01
chr10_3172501_G_A_b38	5	5.67309e-04	-1.333e-01	8.268e-02
chr10_3172553_T_A_b38	5	2.39181e-04	-6.762e-02	8.794e-02
chr10_3177539_T_G_b38	5	3.66623e-05	-1.062e-01	6.927e-02
chr10_3170430_T_C_b38	5	2.68416e-05	-4.188e-02	8.623e-02
chr10_3169588_T_C_b38	5	1.40912e-05	0.000e+00	0.000e+00
chr10_3163185_AAT_A_b38	5	5.77949e-06	0.000e+00	0.000e+00
chr10_3156692_CACAA_C_b38	5	4.59614e-06	0.000e+00	0.000e+00
chr10_3150554_C_A_b38	5	4.57253e-06	0.000e+00	0.000e+00
chr10_3151100_C_G_b38	5	4.57253e-06	0.000e+00	0.000e+00
chr10_3158668_G_C_b38	5	3.14192e-06	0.000e+00	0.000e+00
chr10_3147974_C_A_b38	5	3.09182e-06	0.000e+00	0.000e+00
chr10_3154150_G_A_b38	5	3.09182e-06	0.000e+00	0.000e+00
chr10_3155409_T_A_b38	5	3.09182e-06	0.000e+00	0.000e+00
chr10_3154557_A_G_b38	5	3.09182e-06	0.000e+00	0.000e+00
chr10_3149631_C_T_b38	5	2.92412e-06	0.000e+00	0.000e+00
chr10_3183993_C_T_b38	5	2.61703e-06	0.000e+00	0.000e+00
chr10_3147821_G_C_b38	5	1.55973e-06	0.000e+00	0.000e+00
chr10_3145956_T_A_b38	5	1.99790e-11	0.000e+00	0.000e+00
chr10_3146840_C_G_b38	5	1.99790e-11	0.000e+00	0.000e+00
chr10_3146923_T_C_b38	5	1.99790e-11	0.000e+00	0.000e+00
chr10_3142543_C_T_b38	5	1.99629e-11	0.000e+00	0.000e+00
