chr1_37987369_G_A_b38	1	1.64965e-01	-3.860e-01	7.956e-02
chr1_37987358_C_T_b38	1	1.64965e-01	-3.860e-01	7.956e-02
chr1_37983126_C_G_b38	1	1.08599e-01	-3.860e-01	7.956e-02
chr1_37981314_G_A_b38	1	1.08599e-01	-3.860e-01	7.956e-02
chr1_37983893_T_C_b38	1	1.08599e-01	-3.860e-01	7.956e-02
chr1_37983491_C_T_b38	1	1.08599e-01	-3.860e-01	7.956e-02
chr1_37990434_G_A_b38	1	4.32490e-02	2.992e-01	7.858e-02
chr1_37950638_C_T_b38	1	2.44785e-02	-3.860e-01	7.956e-02
chr1_37952824_C_T_b38	1	2.44785e-02	-3.860e-01	7.956e-02
chr1_37953546_C_T_b38	1	2.44785e-02	-3.860e-01	7.956e-02
chr1_37943431_G_C_b38	1	1.85395e-02	-3.785e-01	7.923e-02
chr1_37945678_C_T_b38	1	1.85395e-02	-3.785e-01	7.923e-02
chr1_37943302_T_C_b38	1	1.48380e-02	-3.763e-01	7.976e-02
chr1_37990219_G_C_b38	1	1.43691e-02	-2.922e-01	7.645e-02
chr1_37943401_A_G_b38	1	7.45004e-03	-3.626e-01	8.008e-02
chr1_37921055_G_A_b38	1	4.73916e-03	-3.785e-01	7.922e-02
chr1_37934144_G_A_b38	1	4.73916e-03	-3.785e-01	7.922e-02
chr1_37945773_G_A_b38	1	4.47510e-03	-3.505e-01	7.991e-02
chr1_37997832_C_T_b38	1	2.09217e-03	2.854e-01	7.829e-02
chr1_37996149_C_T_b38	1	1.73691e-03	-2.709e-01	7.569e-02
chr1_38007266_G_A_b38	2	4.83746e-03	1.826e-01	6.867e-02
chr1_38002384_C_CA_b38	2	4.24520e-03	1.799e-01	6.963e-02
chr1_38015258_A_G_b38	2	2.30634e-03	-1.607e-01	7.169e-02
chr1_38006428_A_G_b38	2	1.55732e-03	-1.503e-01	7.002e-02
chr1_38009870_G_C_b38	2	1.40575e-03	1.381e-01	6.827e-02
chr1_38008248_A_G_b38	2	1.16462e-03	-1.397e-01	6.972e-02
chr1_38010195_TATC_T_b38	2	1.12154e-03	1.248e-01	6.767e-02
chr1_38008275_CA_C_b38	2	9.85061e-04	-1.344e-01	7.104e-02
chr1_38006844_C_G_b38	2	9.74975e-04	-1.335e-01	6.991e-02
chr1_38003828_T_C_b38	2	9.55987e-04	-1.320e-01	6.944e-02
chr1_38002857_G_C_b38	2	9.09082e-04	-1.300e-01	7.063e-02
chr1_38033642_T_C_b38	2	4.98426e-04	-1.403e-01	6.897e-02
chr1_38089079_T_C_b38	2	3.85447e-04	-1.694e-01	6.846e-02
chr1_38088658_A_C_b38	2	3.85447e-04	-1.694e-01	6.846e-02
chr1_38088620_A_G_b38	2	3.85447e-04	-1.694e-01	6.846e-02
chr1_38082233_T_C_b38	2	2.49789e-04	-1.603e-01	6.872e-02
chr1_38056420_T_C_b38	2	2.35796e-04	-1.567e-01	6.782e-02
chr1_38041823_G_A_b38	2	1.79882e-04	-1.509e-01	6.955e-02
