chr5_9545986_A_G_b38	1	4.45553e-01	-5.638e-01	7.351e-02
chr5_9546023_C_T_b38	1	2.68287e-01	-5.594e-01	7.376e-02
chr5_9544166_A_G_b38	1	5.87825e-02	-5.665e-01	7.418e-02
chr5_9542919_C_T_b38	1	2.24563e-02	-5.618e-01	7.437e-02
chr5_9543337_A_C_b38	1	2.24563e-02	-5.618e-01	7.437e-02
chr5_9541339_T_C_b38	1	2.24563e-02	-5.618e-01	7.437e-02
chr5_9543158_G_A_b38	1	2.24563e-02	-5.618e-01	7.437e-02
chr5_9543473_C_T_b38	1	2.24563e-02	-5.618e-01	7.437e-02
chr5_9539877_G_A_b38	1	1.37676e-02	-5.618e-01	7.437e-02
chr5_9538184_T_C_b38	1	1.37676e-02	-5.618e-01	7.437e-02
chr5_9539890_T_C_b38	1	1.37676e-02	-5.618e-01	7.437e-02
chr5_9541048_T_C_b38	1	1.37676e-02	-5.618e-01	7.437e-02
chr5_9539123_C_T_b38	1	1.37676e-02	-5.618e-01	7.437e-02
chr5_9540744_C_T_b38	1	1.37676e-02	-5.618e-01	7.437e-02
chr5_9540355_C_T_b38	1	1.37676e-02	-5.618e-01	7.437e-02
chr5_9539567_C_A_b38	1	1.37676e-02	-5.618e-01	7.437e-02
chr5_9546260_C_G_b38	2	5.01046e-02	-1.482e-01	6.342e-02
chr5_9546762_A_C_b38	2	3.36912e-03	-1.052e-01	7.397e-02
chr5_9546909_C_T_b38	2	2.80593e-03	9.138e-02	6.103e-02
chr5_9544565_T_G_b38	2	2.06084e-03	-1.165e-01	6.411e-02
chr5_9548582_G_A_b38	2	6.58597e-04	8.446e-02	6.043e-02
chr5_9555815_T_G_b38	2	6.32165e-04	9.944e-02	5.863e-02
chr5_9540312_G_A_b38	2	5.43559e-04	-1.051e-01	7.424e-02
chr5_9551086_G_T_b38	2	2.78403e-04	-8.483e-02	7.127e-02
chr5_9641516_G_A_b38	3	8.87927e-04	-2.451e-01	6.273e-02
chr5_9624793_T_C_b38	3	6.76656e-04	-2.336e-01	6.060e-02
chr5_9648761_C_T_b38	3	1.25185e-04	-2.544e-01	6.568e-02
chr5_9659553_G_A_b38	3	6.98347e-05	-2.451e-01	6.532e-02
chr5_9619442_G_T_b38	3	4.50112e-05	-2.014e-01	6.579e-02
chr5_9631105_G_A_b38	3	3.58331e-05	-1.989e-01	6.671e-02
chr5_9636145_G_A_b38	3	3.55347e-05	-2.130e-01	7.220e-02
chr5_9639235_T_G_b38	3	3.50425e-05	1.769e-01	5.916e-02
chr5_9636057_C_T_b38	3	2.31549e-05	-1.907e-01	6.720e-02
chr5_9632188_C_T_b38	3	2.31549e-05	-1.907e-01	6.720e-02
chr5_9633474_T_C_b38	3	2.31549e-05	-1.907e-01	6.720e-02
chr5_9629417_G_A_b38	3	2.31549e-05	-1.907e-01	6.720e-02
chr5_9644615_A_C_b38	3	2.31549e-05	-1.907e-01	6.720e-02
chr5_9654281_T_G_b38	3	1.62673e-05	-2.288e-01	6.842e-02
