chr19_43533218_C_G_b38	1	1.65098e-01	2.545e-01	3.926e-02
chr19_43540396_C_T_b38	1	1.33659e-01	2.577e-01	3.920e-02
chr19_43541349_C_T_b38	1	1.33659e-01	2.577e-01	3.920e-02
chr19_43536845_T_C_b38	1	7.81778e-02	2.545e-01	3.926e-02
chr19_43549390_G_A_b38	1	7.81778e-02	2.545e-01	3.926e-02
chr19_43546814_T_C_b38	1	7.81778e-02	2.545e-01	3.926e-02
chr19_43574316_T_G_b38	1	4.21785e-02	2.561e-01	3.909e-02
chr19_43568381_C_T_b38	1	2.88217e-02	2.537e-01	3.912e-02
chr19_43567861_G_T_b38	1	2.88217e-02	2.537e-01	3.912e-02
chr19_43565589_T_A_b38	1	2.69386e-02	2.534e-01	3.913e-02
chr19_43564554_T_C_b38	1	2.69386e-02	2.534e-01	3.913e-02
chr19_43580251_G_A_b38	1	2.44629e-02	2.596e-01	3.910e-02
chr19_43577584_T_G_b38	1	2.35851e-02	2.595e-01	3.911e-02
chr19_43564249_G_A_b38	1	2.35842e-02	2.540e-01	3.936e-02
chr19_43564041_C_T_b38	1	2.14379e-02	2.520e-01	3.915e-02
chr19_43578398_C_A_b38	1	1.60315e-02	2.571e-01	3.914e-02
chr19_43581675_C_T_b38	1	1.60315e-02	2.571e-01	3.914e-02
chr19_43578277_C_A_b38	1	1.60315e-02	2.571e-01	3.914e-02
chr19_43543164_C_T_b38	1	1.50466e-02	2.541e-01	4.102e-02
chr19_43558535_G_A_b38	1	1.36161e-02	2.497e-01	3.929e-02
chr19_43457311_G_A_b38	2	1.20302e-02	-3.322e-01	9.312e-02
