chr20_62403468_C_G_b38	1	3.80506e-01	4.387e-01	7.221e-02
chr20_62401667_A_G_b38	1	1.57999e-01	4.252e-01	7.183e-02
chr20_62401873_G_A_b38	1	1.57999e-01	4.252e-01	7.183e-02
chr20_62402267_T_G_b38	1	4.59128e-02	3.846e-01	6.655e-02
chr20_62395535_C_T_b38	1	2.87317e-02	4.846e-01	8.363e-02
chr20_62386309_T_C_b38	1	2.74585e-02	4.148e-01	7.181e-02
chr20_62407941_C_T_b38	1	2.48944e-02	4.084e-01	7.535e-02
chr20_62408917_C_T_b38	1	1.44078e-02	4.091e-01	7.501e-02
chr20_62399240_A_ATATTTTATTTTATTT_b38	1	1.41775e-02	4.169e-01	7.359e-02
chr20_62410108_C_T_b38	1	1.40048e-02	3.927e-01	7.139e-02
chr20_62365646_G_A_b38	1	9.97535e-03	4.544e-01	7.652e-02
chr20_62394395_C_T_b38	1	9.23455e-03	4.143e-01	7.411e-02
chr20_62393540_A_G_b38	1	9.23455e-03	4.143e-01	7.411e-02
chr20_62383052_C_T_b38	1	8.95540e-03	3.677e-01	6.766e-02
chr20_62381861_C_A_b38	1	8.95540e-03	3.677e-01	6.766e-02
chr20_62398610_C_T_b38	1	8.43647e-03	3.842e-01	6.851e-02
chr20_62404314_T_C_b38	1	7.86891e-03	3.497e-01	6.825e-02
chr20_62385088_A_G_b38	1	6.30838e-03	3.676e-01	6.733e-02
chr20_62378528_G_A_b38	1	4.70025e-03	3.706e-01	6.657e-02
chr20_62382714_C_G_b38	1	4.48643e-03	3.612e-01	6.857e-02
chr20_62383213_T_C_b38	1	4.48643e-03	3.612e-01	6.857e-02
chr20_62395307_T_TC_b38	1	4.25926e-03	3.854e-01	6.766e-02
chr20_62395619_G_A_b38	1	4.25926e-03	3.854e-01	6.766e-02
chr20_62406099_A_G_b38	2	1.58226e-02	1.025e-01	8.403e-02
chr20_62404618_A_G_b38	2	7.90524e-03	1.474e-01	7.512e-02
chr20_62403305_T_C_b38	2	6.66801e-03	1.503e-01	7.390e-02
chr20_62402808_T_G_b38	2	6.66801e-03	1.503e-01	7.390e-02
chr20_62410665_T_C_b38	2	5.27637e-03	1.436e-01	6.858e-02
chr20_62401644_A_G_b38	2	4.88438e-03	1.415e-01	7.566e-02
chr20_62403872_T_G_b38	2	4.00760e-03	1.224e-01	7.716e-02
chr20_62407443_G_C_b38	2	3.42797e-03	1.141e-01	8.236e-02
chr20_62407449_A_G_b38	2	3.42797e-03	1.141e-01	8.236e-02
chr20_62410571_T_C_b38	2	3.14053e-03	1.293e-01	7.059e-02
chr20_62396271_A_C_b38	2	2.38838e-03	1.411e-01	7.568e-02
chr20_62402141_T_G_b38	2	2.00217e-03	1.059e-01	7.507e-02
chr20_62399152_A_G_b38	2	1.91605e-03	1.326e-01	7.400e-02
chr20_62400494_A_G_b38	2	1.91605e-03	1.326e-01	7.400e-02
chr20_62386713_A_G_b38	2	1.10261e-03	1.355e-01	7.336e-02
chr20_62397090_T_C_b38	2	9.59849e-04	1.036e-01	7.263e-02
chr20_62394830_G_T_b38	2	8.43806e-04	1.298e-01	7.523e-02
chr20_62386215_T_C_b38	2	6.21124e-04	1.165e-01	7.416e-02
chr20_62389245_C_T_b38	2	5.40747e-04	1.106e-01	7.389e-02
chr20_62388132_G_C_b38	2	5.15709e-04	1.088e-01	7.625e-02
chr20_62388719_T_A_b38	2	5.15709e-04	1.088e-01	7.625e-02
chr20_62389066_G_A_b38	2	4.52802e-04	1.021e-01	7.503e-02
chr20_62406338_T_C_b38	3	7.17815e-04	-8.464e-02	1.683e-01
chr20_62406100_C_A_b38	3	7.05187e-04	6.900e-02	1.486e-01
chr20_62404846_A_G_b38	3	2.90680e-05	1.513e-01	1.160e-01
chr20_62403622_G_A_b38	3	2.78858e-05	1.461e-01	1.152e-01
chr20_62401619_G_C_b38	3	1.39506e-05	1.529e-01	8.955e-02
chr20_62402203_G_A_b38	3	1.05507e-05	1.461e-01	1.152e-01
chr20_62400426_G_A_b38	3	6.84484e-06	0.000e+00	0.000e+00
chr20_62396454_T_C_b38	3	1.00015e-08	0.000e+00	0.000e+00
chr20_62383778_C_G_b38	3	6.01814e-09	0.000e+00	0.000e+00
chr20_62394456_G_C_b38	3	5.80269e-09	0.000e+00	0.000e+00
chr20_62393491_A_G_b38	3	5.69354e-09	0.000e+00	0.000e+00
