chr1_109509517_A_G_b38	1	9.98816e-01	5.730e-01	2.750e-02
chr1_109510068_G_A_b38	2	4.55906e-03	6.194e-03	3.851e-02
chr1_109510740_GTTAGCTGTTC_G_b38	2	9.20746e-04	1.855e-02	3.893e-02
chr1_109512058_C_T_b38	2	9.20746e-04	1.855e-02	3.893e-02
chr1_109511739_T_A_b38	2	7.87325e-04	-1.769e-02	3.558e-02
chr1_109512486_C_T_b38	2	5.07987e-04	-1.769e-02	3.558e-02
chr1_109513504_C_T_b38	2	5.07987e-04	-1.769e-02	3.558e-02
chr1_109514370_T_A_b38	2	4.88519e-04	-1.319e-02	3.551e-02
chr1_109516262_TAA_T_b38	2	3.92380e-04	2.920e-02	3.832e-02
chr1_109516871_G_A_b38	2	3.33979e-04	1.832e-02	3.890e-02
chr1_109518249_G_A_b38	2	3.29576e-04	2.093e-02	3.541e-02
chr1_109516708_G_A_b38	2	3.24104e-04	1.853e-02	3.665e-02
chr1_109518270_A_G_b38	2	2.70127e-04	2.569e-04	3.564e-02
chr1_109516423_AAG_A_b38	2	2.70127e-04	2.569e-04	3.564e-02
chr1_109530696_C_T_b38	2	1.93989e-04	3.112e-02	3.687e-02
chr1_109533839_G_A_b38	2	1.87460e-04	2.868e-02	3.861e-02
chr1_109525608_A_G_b38	2	1.52170e-04	1.844e-02	3.536e-02
chr1_109532232_A_G_b38	2	1.48633e-04	1.554e-02	3.625e-02
chr1_109532345_A_G_b38	2	1.47547e-04	1.610e-02	3.554e-02
chr1_109529816_A_C_b38	2	1.42159e-04	1.400e-02	3.533e-02
chr1_109523423_A_G_b38	2	1.31020e-04	3.326e-03	3.546e-02
chr1_109520918_G_A_b38	2	1.30021e-04	8.420e-05	3.563e-02
chr1_109520523_A_G_b38	2	1.30021e-04	8.420e-05	3.563e-02
chr1_109528608_T_C_b38	2	1.29431e-04	-1.315e-03	3.558e-02
chr1_109535119_A_G_b38	2	5.56505e-05	-1.895e-02	3.930e-02
