chr19_17748127_C_T_b38	1	3.70838e-01	-3.497e-01	3.601e-02
chr19_17747551_G_A_b38	1	3.70838e-01	-3.497e-01	3.601e-02
chr19_17747601_G_A_b38	1	2.58297e-01	-3.469e-01	3.885e-02
chr19_17748561_T_C_b38	1	6.10932e-10	0.000e+00	0.000e+00
chr19_17743777_C_T_b38	2	2.96215e-01	2.211e-01	3.057e-02
chr19_17738467_G_A_b38	2	8.91300e-02	2.202e-01	3.148e-02
chr19_17736959_T_G_b38	2	6.06686e-02	2.219e-01	3.112e-02
chr19_17732794_G_A_b38	2	5.65330e-02	2.242e-01	3.166e-02
chr19_17738280_TC_T_b38	2	4.83908e-02	2.198e-01	3.389e-02
chr19_17723950_T_C_b38	2	4.54206e-02	2.202e-01	3.131e-02
chr19_17728680_C_T_b38	2	4.54206e-02	2.202e-01	3.131e-02
chr19_17726703_G_A_b38	2	4.54206e-02	2.202e-01	3.131e-02
chr19_17729021_A_G_b38	2	4.54206e-02	2.202e-01	3.131e-02
chr19_17723414_G_A_b38	2	4.54206e-02	2.202e-01	3.131e-02
chr19_17722975_T_G_b38	2	4.54206e-02	2.202e-01	3.131e-02
chr19_17730428_C_G_b38	2	3.78607e-02	2.197e-01	3.136e-02
chr19_17726281_C_T_b38	2	3.26395e-02	2.197e-01	3.132e-02
chr19_17728496_A_C_b38	2	1.95008e-02	2.172e-01	3.125e-02
chr19_17722163_G_A_b38	2	1.63343e-02	2.212e-01	2.983e-02
chr19_17717791_A_C_b38	2	1.63343e-02	2.212e-01	2.983e-02
chr19_17716448_G_A_b38	2	1.62387e-02	2.195e-01	2.974e-02
chr19_17745329_G_A_b38	2	1.52419e-02	1.941e-01	5.154e-02
chr19_17731396_G_A_b38	2	1.21598e-02	2.150e-01	3.162e-02
chr19_17723616_C_T_b38	2	5.28427e-03	2.103e-01	3.443e-02
chr19_17730987_T_C_b38	2	4.91654e-03	2.084e-01	3.567e-02
chr19_17760928_G_C_b38	2	1.52332e-07	0.000e+00	0.000e+00
chr19_17782679_A_C_b38	3	7.00685e-01	-1.402e-01	2.160e-02
chr19_17778235_G_A_b38	3	1.89105e-01	-1.361e-01	2.166e-02
chr19_17784069_C_T_b38	3	1.10121e-01	-1.257e-01	2.027e-02
chr19_17747540_A_G_b38	4	2.10340e-02	-5.874e-02	8.318e-02
chr19_17747624_G_A_b38	4	1.26214e-02	-6.557e-03	8.126e-02
chr19_17750234_A_G_b38	4	1.21279e-02	-1.193e-01	5.658e-02
chr19_17747755_C_G_b38	4	1.05428e-02	2.994e-02	8.133e-02
chr19_17751059_G_C_b38	4	1.03756e-02	-1.176e-01	5.833e-02
chr19_17750888_A_G_b38	4	8.94673e-03	-8.693e-02	4.745e-02
chr19_17749966_G_A_b38	4	6.65815e-03	-6.008e-02	3.972e-02
chr19_17749992_C_T_b38	4	6.65815e-03	-6.008e-02	3.972e-02
chr19_17746673_C_T_b38	4	5.72648e-03	-6.327e-02	5.861e-02
chr19_17750400_T_C_b38	4	4.83765e-03	-6.831e-02	3.975e-02
chr19_17749884_G_A_b38	4	2.34053e-03	-4.213e-02	3.867e-02
chr19_17749239_T_C_b38	4	2.11464e-03	-2.446e-02	7.458e-02
chr19_17751322_G_A_b38	4	1.68051e-03	-6.071e-02	4.076e-02
chr19_17745031_C_T_b38	4	1.58180e-03	1.959e-02	1.078e-01
chr19_17744954_C_G_b38	4	1.58180e-03	1.959e-02	1.078e-01
chr19_17744597_C_G_b38	4	1.47153e-03	-1.099e-02	8.624e-02
chr19_17744589_G_A_b38	4	1.42628e-03	-4.623e-02	3.863e-02
chr19_17743714_G_T_b38	4	1.19863e-03	1.105e-01	7.094e-02
chr19_17749998_C_T_b38	4	8.28929e-04	-2.902e-02	4.615e-02
chr19_17743206_C_T_b38	4	6.82511e-04	-3.004e-02	5.166e-02
chr19_17739475_G_A_b38	4	5.93493e-04	-4.040e-02	6.044e-02
chr19_17743457_T_C_b38	4	3.28576e-04	1.342e-03	5.470e-02
chr19_17750697_A_G_b38	4	2.85253e-04	-4.532e-02	5.467e-02
chr19_17739723_C_G_b38	4	2.72935e-04	-8.679e-03	6.634e-02
chr19_17752507_AC_A_b38	4	2.68616e-04	-4.467e-02	3.851e-02
chr19_17739859_C_T_b38	4	2.54881e-04	-4.815e-03	6.428e-02
chr19_17739380_T_C_b38	4	2.33545e-04	-3.400e-03	6.041e-02
chr19_17752525_GCTGGGATTAC_G_b38	4	2.07438e-04	-3.544e-02	3.824e-02
chr19_17752510_TCGGCCTCCCAAAG_T_b38	4	2.06839e-04	-3.528e-02	3.823e-02
chr19_17743846_G_A_b38	4	1.99920e-04	2.344e-02	4.047e-02
chr19_17730782_G_A_b38	4	1.14181e-04	-2.425e-02	6.458e-02
chr19_17739496_C_T_b38	4	1.13152e-04	2.994e-02	5.013e-02
chr19_17755675_T_TA_b38	4	9.43817e-05	5.261e-03	4.769e-02
chr19_17756803_T_C_b38	4	9.39835e-05	9.140e-03	4.650e-02
chr19_17736231_C_T_b38	4	8.51648e-05	-3.369e-02	4.599e-02
chr19_17752116_C_G_b38	4	8.34833e-05	-3.591e-03	2.744e-02
chr19_17728423_G_A_b38	4	7.39519e-05	-2.420e-02	4.819e-02
chr19_17734085_A_G_b38	4	7.18636e-05	5.609e-02	5.622e-02
chr19_17730727_C_G_b38	4	7.09496e-05	1.279e-02	5.550e-02
chr19_17757114_G_A_b38	4	7.05871e-05	-9.465e-03	3.129e-02
chr19_17727172_A_G_b38	4	7.01301e-05	2.438e-02	5.797e-02
chr19_17723392_G_C_b38	4	6.98094e-05	1.816e-02	5.634e-02
chr19_17722915_G_A_b38	4	6.98063e-05	1.927e-02	5.655e-02
chr19_17736412_G_A_b38	4	6.77838e-05	2.164e-02	5.585e-02
chr19_17731530_T_C_b38	4	6.77838e-05	2.164e-02	5.585e-02
chr19_17725022_T_G_b38	4	6.70160e-05	1.588e-02	5.419e-02
chr19_17731412_G_C_b38	4	6.67944e-05	-1.887e-02	4.676e-02
chr19_17731811_A_G_b38	4	6.54110e-05	4.647e-02	5.424e-02
chr19_17723047_C_T_b38	4	6.43016e-05	-1.544e-02	4.746e-02
chr19_17730504_T_C_b38	4	6.41243e-05	-1.515e-02	4.750e-02
chr19_17732938_T_G_b38	4	6.38843e-05	3.889e-02	5.474e-02
chr19_17734133_G_T_b38	4	6.38843e-05	3.889e-02	5.474e-02
chr19_17733516_T_C_b38	4	5.56650e-05	3.468e-02	4.686e-02
chr19_17733828_T_C_b38	4	5.42480e-05	3.287e-02	4.588e-02
chr19_17768042_G_A_b38	4	4.46332e-05	-3.561e-02	2.358e-02
chr19_17768295_C_T_b38	4	4.40686e-05	-3.560e-02	2.376e-02
chr19_17768213_T_C_b38	4	4.31446e-05	-3.508e-02	2.365e-02
chr19_17768157_C_A_b38	4	4.30488e-05	-3.503e-02	2.365e-02
chr19_17768386_T_G_b38	4	4.30488e-05	-3.503e-02	2.365e-02
chr19_17768024_T_A_b38	4	4.30488e-05	-3.503e-02	2.365e-02
chr19_17767913_A_G_b38	4	4.24909e-05	-3.632e-02	2.473e-02
chr19_17767870_T_A_b38	4	4.06382e-05	-3.393e-02	2.365e-02
chr19_17769425_G_A_b38	4	4.03513e-05	-3.240e-02	2.252e-02
chr19_17763650_C_T_b38	4	4.00102e-05	-3.268e-02	4.366e-02
chr19_17732986_T_C_b38	4	3.89125e-05	2.113e-02	4.730e-02
chr19_17725299_A_G_b38	4	3.85123e-05	1.203e-02	4.693e-02
chr19_17724711_A_G_b38	4	3.85104e-05	1.210e-02	4.693e-02
chr19_17716633_A_G_b38	4	3.84174e-05	5.093e-02	3.046e-02
chr19_17717277_G_T_b38	4	3.55223e-05	4.995e-02	3.101e-02
chr19_17752361_T_C_b38	5	2.36214e-04	-9.719e-02	4.411e-02
chr19_17754496_T_C_b38	5	1.14264e-05	0.000e+00	0.000e+00
chr19_17752304_G_T_b38	5	8.15054e-06	0.000e+00	0.000e+00
chr19_17767431_A_G_b38	5	3.35327e-06	0.000e+00	0.000e+00
chr19_17768618_T_C_b38	5	3.30116e-06	0.000e+00	0.000e+00
chr19_17753236_T_C_b38	5	3.87442e-46	0.000e+00	0.000e+00
chr19_17772113_T_C_b38	5	7.29233e-47	0.000e+00	0.000e+00
chr19_17772054_A_G_b38	5	7.04410e-47	0.000e+00	0.000e+00
chr19_17781669_A_G_b38	5	4.21793e-47	0.000e+00	0.000e+00
chr19_17777845_G_C_b38	5	3.98801e-47	0.000e+00	0.000e+00
chr19_17781782_A_G_b38	5	3.17769e-47	0.000e+00	0.000e+00
chr19_17782565_A_G_b38	5	2.85115e-47	0.000e+00	0.000e+00
chr19_17781384_G_C_b38	5	2.84680e-47	0.000e+00	0.000e+00
chr19_17776215_T_C_b38	5	2.51477e-47	0.000e+00	0.000e+00
chr19_17774527_C_T_b38	5	2.51020e-47	0.000e+00	0.000e+00
chr19_17773311_C_T_b38	5	2.51020e-47	0.000e+00	0.000e+00
chr19_17777405_A_G_b38	5	2.42760e-47	0.000e+00	0.000e+00
chr19_17779270_A_G_b38	5	2.23330e-47	0.000e+00	0.000e+00
chr19_17780272_T_C_b38	5	2.09975e-47	0.000e+00	0.000e+00
chr19_17783488_A_G_b38	5	1.22002e-47	0.000e+00	0.000e+00
chr19_17780750_T_G_b38	5	6.83334e-48	0.000e+00	0.000e+00
