chr17_75896333_T_G_b38	1	2.61435e-01	-1.609e-01	3.516e-02
chr17_75890807_A_G_b38	1	1.12993e-01	-1.711e-01	3.552e-02
chr17_75910853_G_A_b38	1	9.64556e-02	-1.749e-01	3.543e-02
chr17_75946069_A_G_b38	1	5.13196e-02	-1.777e-01	3.546e-02
chr17_75904607_T_C_b38	1	4.37132e-02	-1.604e-01	3.508e-02
chr17_75888112_A_T_b38	1	3.96296e-02	-1.610e-01	3.516e-02
chr17_75916441_A_G_b38	1	2.14716e-02	-1.605e-01	3.494e-02
chr17_75912485_A_C_b38	1	2.10337e-02	-1.607e-01	3.501e-02
chr17_75915634_C_T_b38	1	2.04947e-02	-1.600e-01	3.491e-02
chr17_75919072_T_A_b38	1	2.04947e-02	-1.600e-01	3.491e-02
chr17_75907401_TG_T_b38	1	2.04858e-02	-1.606e-01	3.503e-02
chr17_75894792_G_A_b38	1	1.76930e-02	-1.476e-01	3.603e-02
chr17_75952957_C_G_b38	1	1.65429e-02	-1.767e-01	3.535e-02
chr17_75872207_A_G_b38	1	1.39274e-02	-1.602e-01	3.570e-02
chr17_75955783_T_C_b38	1	1.21255e-02	1.726e-01	3.503e-02
chr17_75900965_A_G_b38	1	1.17330e-02	-1.494e-01	3.631e-02
chr17_75892346_A_C_b38	1	1.16171e-02	-1.494e-01	3.626e-02
chr17_75893331_T_A_b38	1	1.16171e-02	-1.494e-01	3.626e-02
chr17_75892342_A_G_b38	1	1.16171e-02	-1.494e-01	3.626e-02
chr17_75900952_A_AC_b38	1	1.13866e-02	-1.450e-01	3.529e-02
chr17_75946895_G_A_b38	1	1.10874e-02	-1.635e-01	3.507e-02
chr17_75942876_C_T_b38	1	1.10874e-02	-1.635e-01	3.507e-02
chr17_75935766_C_G_b38	1	8.12219e-03	-1.606e-01	3.501e-02
chr17_75926860_T_C_b38	1	7.81761e-03	-1.609e-01	3.515e-02
chr17_75952563_A_G_b38	1	7.08888e-03	-1.701e-01	3.540e-02
chr17_75848667_A_G_b38	1	6.06225e-03	-1.626e-01	3.592e-02
chr17_75889080_A_G_b38	1	4.92126e-03	-1.435e-01	3.538e-02
chr17_75884707_A_C_b38	1	4.51600e-03	-1.522e-01	3.616e-02
chr17_75884531_T_C_b38	1	4.51600e-03	-1.522e-01	3.616e-02
chr17_75882573_A_C_b38	1	4.18885e-03	-1.505e-01	3.593e-02
chr17_75881016_C_T_b38	1	4.09370e-03	-1.514e-01	3.620e-02
chr17_75954135_G_A_b38	1	3.94295e-03	1.636e-01	3.500e-02
chr17_75953837_G_A_b38	1	3.94295e-03	1.636e-01	3.500e-02
chr17_75876867_A_G_b38	1	3.90582e-03	-1.502e-01	3.601e-02
chr17_75953459_G_C_b38	1	3.79224e-03	1.632e-01	3.498e-02
chr17_75952491_T_A_b38	1	3.79224e-03	-1.632e-01	3.498e-02
chr17_75875830_G_A_b38	1	3.53481e-03	-1.494e-01	3.605e-02
chr17_75937209_T_C_b38	1	3.16648e-03	-1.530e-01	3.507e-02
chr17_75884975_G_C_b38	1	2.90250e-03	-1.485e-01	3.630e-02
chr17_75837006_C_CCCTCCTCCAGGGCCCCTGGTGGAGAA_b38	1	2.68619e-03	-1.679e-01	3.644e-02
chr17_75838408_A_G_b38	1	2.68619e-03	-1.679e-01	3.644e-02
chr17_75838523_A_G_b38	1	2.68619e-03	-1.679e-01	3.644e-02
chr17_75896519_G_A_b38	2	1.48624e-02	-1.374e-01	8.732e-02
chr17_75897802_G_C_b38	2	5.47231e-03	-6.599e-02	6.692e-02
chr17_75911555_G_A_b38	2	7.31544e-04	-1.493e-01	9.838e-02
chr17_75878947_C_G_b38	2	7.04970e-04	-1.335e-01	8.985e-02
chr17_75921345_A_T_b38	2	4.98518e-04	-9.290e-02	6.476e-02
chr17_75911381_T_C_b38	2	3.71910e-04	-8.186e-02	6.423e-02
chr17_75920342_A_T_b38	2	3.71691e-04	-8.199e-02	6.477e-02
chr17_75909713_C_T_b38	2	3.58814e-04	-8.215e-02	6.875e-02
chr17_75908338_C_T_b38	2	3.58814e-04	-8.215e-02	6.875e-02
chr17_75912394_C_G_b38	2	3.58814e-04	-8.215e-02	6.875e-02
chr17_75919167_A_G_b38	2	3.52188e-04	-7.950e-02	6.543e-02
chr17_75913620_CGG_C_b38	2	3.05166e-04	-7.105e-02	6.813e-02
chr17_75923440_C_T_b38	2	2.35980e-04	-1.394e-01	8.865e-02
chr17_75869247_C_T_b38	2	2.33800e-04	-1.438e-01	9.088e-02
chr17_75862001_AG_A_b38	2	1.68980e-04	-1.287e-01	8.488e-02
chr17_75858604_G_A_b38	2	1.68980e-04	-1.287e-01	8.488e-02
chr17_75922183_A_G_b38	2	1.50739e-04	-9.611e-02	6.508e-02
chr17_75923457_G_A_b38	2	8.62209e-05	-7.755e-02	6.160e-02
chr17_75847686_G_A_b38	2	7.69761e-05	-9.024e-02	8.533e-02
chr17_75974823_GAGATCGAGACCATC_G_b38	2	6.14945e-05	-1.699e-01	9.561e-02
chr17_75936569_G_A_b38	2	5.73288e-05	-5.262e-02	6.317e-02
chr17_75930150_G_A_b38	2	5.20085e-05	-4.455e-02	6.345e-02
chr17_75930185_C_A_b38	2	5.20085e-05	-4.455e-02	6.345e-02
chr17_75953147_G_A_b38	2	4.60265e-05	-1.485e-01	9.673e-02
chr17_75957776_A_G_b38	3	1.33701e-04	2.089e-01	5.904e-02
chr17_75916309_C_A_b38	3	5.03057e-05	1.703e-01	7.810e-02
