chr3_113110314_G_C_b38	1	1.93022e-01	3.744e-01	5.510e-02
chr3_113110550_T_C_b38	1	1.93022e-01	3.744e-01	5.510e-02
chr3_113110595_G_A_b38	1	1.93022e-01	3.744e-01	5.510e-02
chr3_113106726_A_G_b38	1	1.07745e-01	3.698e-01	5.518e-02
chr3_113107834_C_T_b38	1	9.48801e-02	3.682e-01	5.511e-02
chr3_113110410_A_G_b38	1	9.26600e-02	4.090e-01	6.042e-02
chr3_113108538_T_C_b38	1	5.57362e-02	3.663e-01	5.499e-02
chr3_113109431_G_T_b38	1	4.57434e-02	3.666e-01	5.518e-02
chr3_113112296_C_T_b38	1	5.16696e-03	3.759e-01	5.895e-02
chr3_113112977_T_G_b38	1	4.63915e-03	3.773e-01	5.934e-02
chr3_113120486_G_A_b38	1	4.39801e-03	3.838e-01	6.204e-02
chr3_113116228_T_G_b38	1	2.07571e-03	3.833e-01	6.165e-02
chr3_113126328_A_G_b38	1	1.75542e-03	3.746e-01	6.225e-02
chr3_113112709_C_G_b38	1	1.62966e-03	3.821e-01	6.189e-02
chr3_113111284_CACCTCCTCTGGGG_C_b38	1	1.62966e-03	3.821e-01	6.189e-02
chr3_113135828_G_A_b38	2	2.18441e-01	-2.703e-01	6.910e-02
chr3_113145409_CG_C_b38	2	6.45602e-03	-2.353e-01	9.495e-02
chr3_113147370_T_C_b38	2	6.03126e-03	-1.512e-01	5.406e-02
chr3_113145814_C_T_b38	2	4.55628e-03	-1.469e-01	5.403e-02
chr3_113142961_GACA_G_b38	2	4.55628e-03	-1.469e-01	5.403e-02
chr3_113145504_G_A_b38	2	4.55628e-03	-1.469e-01	5.403e-02
chr3_113146612_C_T_b38	2	4.55628e-03	-1.469e-01	5.403e-02
chr3_113159144_G_A_b38	2	2.13420e-03	-1.712e-01	8.583e-02
chr3_113165905_G_A_b38	3	3.14157e-02	4.630e-01	1.462e-01
chr3_113167673_C_T_b38	4	6.26734e-04	1.639e-01	1.354e-01
chr3_113167434_G_A_b38	4	3.29025e-04	5.735e-02	1.039e-01
chr3_113192101_C_G_b38	4	9.10083e-05	2.568e-01	1.065e-01
chr3_113165814_AT_A_b38	4	7.83583e-05	1.047e-01	1.168e-01
chr3_113182458_A_G_b38	4	4.52242e-05	2.052e-01	1.026e-01
chr3_113175929_C_T_b38	4	4.31405e-05	1.576e-01	1.188e-01
chr3_113182697_C_T_b38	4	4.09003e-05	1.900e-01	9.647e-02
chr3_113175640_A_T_b38	4	3.82776e-05	0.000e+00	0.000e+00
chr3_113175151_T_C_b38	4	3.82776e-05	0.000e+00	0.000e+00
chr3_113175492_T_C_b38	4	3.82776e-05	0.000e+00	0.000e+00
chr3_113177526_A_G_b38	4	3.21820e-05	0.000e+00	0.000e+00
chr3_113192620_A_G_b38	4	1.77305e-05	0.000e+00	0.000e+00
chr3_113192004_T_C_b38	4	1.53340e-05	0.000e+00	0.000e+00
