chr9_136727975_G_GGCCCCCATCCCGCGGCTCGC_b38	1	9.97456e-01	-3.943e-01	5.201e-02
chr9_136728638_C_T_b38	2	9.18317e-01	1.857e-01	4.859e-02
chr9_136727391_C_A_b38	2	5.78719e-02	1.909e-01	4.994e-02
chr9_136745581_C_T_b38	2	1.08283e-02	2.071e-01	4.181e-02
chr9_136720283_G_A_b38	2	9.93315e-03	2.076e-01	4.307e-02
chr9_136728194_G_A_b38	3	2.68187e-01	-8.954e-02	2.714e-02
chr9_136727998_G_T_b38	3	1.67445e-01	-8.591e-02	2.732e-02
chr9_136719910_AGTGCAGGGGGCTGTGTGGTCTGGGGCTCCGG_A_b38	3	1.05745e-02	-8.394e-02	2.828e-02
chr9_136725859_A_G_b38	3	8.52702e-03	-7.304e-02	2.703e-02
chr9_136726716_G_A_b38	3	8.52702e-03	-7.304e-02	2.703e-02
chr9_136729525_A_G_b38	3	4.90323e-03	-7.018e-02	2.903e-02
chr9_136737462_T_G_b38	3	4.76174e-03	-7.182e-02	2.732e-02
chr9_136719234_G_A_b38	3	4.00461e-03	-7.135e-02	2.717e-02
chr9_136737395_C_T_b38	3	3.84024e-03	-6.992e-02	2.746e-02
chr9_136725815_G_A_b38	3	3.72657e-03	6.760e-02	2.893e-02
chr9_136719718_A_G_b38	3	3.11420e-03	-7.416e-02	2.705e-02
chr9_136728296_G_C_b38	4	1.86191e-02	-1.451e-01	6.949e-02
