chr19_43533218_C_G_b38	1	2.91964e-01	4.252e-01	4.803e-02
chr19_43536845_T_C_b38	1	1.32638e-01	4.253e-01	4.782e-02
chr19_43541349_C_T_b38	1	1.32616e-01	4.253e-01	4.782e-02
chr19_43540396_C_T_b38	1	1.32616e-01	4.253e-01	4.782e-02
chr19_43546814_T_C_b38	1	1.32616e-01	4.253e-01	4.782e-02
chr19_43549390_G_A_b38	1	1.32616e-01	4.253e-01	4.782e-02
chr19_43558535_G_A_b38	1	1.23648e-02	4.190e-01	4.791e-02
chr19_43543164_C_T_b38	1	4.62209e-03	4.174e-01	5.146e-02
chr19_43567861_G_T_b38	1	3.60288e-03	4.106e-01	4.805e-02
chr19_43568381_C_T_b38	1	3.60288e-03	4.106e-01	4.805e-02
chr19_43574316_T_G_b38	1	3.60288e-03	4.106e-01	4.805e-02
chr19_43564554_T_C_b38	1	3.51003e-03	4.020e-01	4.708e-02
chr19_43565589_T_A_b38	1	3.51003e-03	4.020e-01	4.708e-02
chr19_43525592_T_G_b38	2	7.52193e-03	2.783e-02	6.333e-02
chr19_43544840_G_GT_b38	2	1.58999e-03	1.009e-01	4.307e-02
chr19_43548464_T_C_b38	2	1.20755e-03	9.590e-02	4.329e-02
chr19_43541783_A_G_b38	2	1.16226e-03	9.402e-02	4.271e-02
chr19_43541481_C_A_b38	2	1.16226e-03	9.402e-02	4.271e-02
chr19_43524143_C_T_b38	2	1.10664e-03	3.548e-02	5.140e-02
chr19_43545379_G_C_b38	2	1.10237e-03	1.052e-01	5.062e-02
chr19_43527172_C_T_b38	2	1.03366e-03	3.548e-02	5.140e-02
chr19_43527400_CAG_C_b38	2	1.03366e-03	3.548e-02	5.140e-02
chr19_43531588_AAGAG_A_b38	2	8.09356e-04	6.670e-02	4.515e-02
chr19_43521282_G_A_b38	2	6.69366e-04	3.945e-02	4.365e-02
chr19_43522770_A_G_b38	2	6.69366e-04	3.945e-02	4.365e-02
chr19_43529393_A_G_b38	2	6.45712e-04	4.151e-02	4.281e-02
chr19_43518511_C_T_b38	2	4.81328e-04	5.200e-02	4.470e-02
chr19_43531006_C_T_b38	2	4.53261e-04	4.151e-02	4.281e-02
chr19_43517937_A_G_b38	2	4.15530e-04	4.498e-02	4.410e-02
chr19_43573237_A_G_b38	2	4.01608e-04	-9.922e-02	4.462e-02
chr19_43567851_T_C_b38	2	4.01608e-04	-9.922e-02	4.462e-02
chr19_43517497_G_A_b38	2	3.73652e-04	3.945e-02	4.365e-02
chr19_43515620_A_G_b38	2	3.73652e-04	3.945e-02	4.365e-02
chr19_43517122_C_A_b38	2	3.73652e-04	3.945e-02	4.365e-02
chr19_43517621_A_G_b38	2	3.73652e-04	3.945e-02	4.365e-02
chr19_43518517_C_T_b38	2	3.73652e-04	3.945e-02	4.365e-02
chr19_43556662_A_G_b38	2	3.62912e-04	-9.402e-02	4.271e-02
chr19_43551430_C_T_b38	2	3.62912e-04	9.402e-02	4.271e-02
chr19_43555849_A_G_b38	2	3.62912e-04	-9.402e-02	4.271e-02
chr19_43558502_A_G_b38	2	3.62912e-04	-9.402e-02	4.271e-02
chr19_43558367_A_G_b38	2	3.62912e-04	-9.402e-02	4.271e-02
chr19_43515267_A_T_b38	2	2.46233e-04	5.190e-02	4.466e-02
chr19_43568024_A_G_b38	2	2.20199e-04	-8.280e-02	4.336e-02
chr19_43510378_C_T_b38	2	2.09768e-04	4.457e-02	4.375e-02
chr19_43573108_A_T_b38	2	2.01037e-04	-8.173e-02	4.412e-02
chr19_43572012_A_T_b38	2	2.01037e-04	-8.173e-02	4.412e-02
chr19_43570844_CT_C_b38	2	2.01037e-04	-8.173e-02	4.412e-02
chr19_43504337_G_A_b38	2	1.90592e-04	3.945e-02	4.365e-02
chr19_43501724_CCAAA_C_b38	2	1.90592e-04	3.945e-02	4.365e-02
chr19_43505212_C_T_b38	2	1.90592e-04	3.945e-02	4.365e-02
chr19_43503344_C_T_b38	2	1.90592e-04	3.945e-02	4.365e-02
chr19_43504376_C_T_b38	2	1.90592e-04	3.945e-02	4.365e-02
chr19_43503475_G_C_b38	2	1.90592e-04	3.945e-02	4.365e-02
chr19_43503634_G_T_b38	2	1.90592e-04	3.945e-02	4.365e-02
chr19_43513551_C_T_b38	2	1.90592e-04	3.945e-02	4.365e-02
chr19_43512414_A_T_b38	2	1.90592e-04	3.945e-02	4.365e-02
chr19_43501311_G_A_b38	2	1.78402e-04	3.576e-02	4.368e-02
chr19_43471861_C_T_b38	2	3.97288e-05	9.382e-02	4.148e-02
chr19_43481559_G_A_b38	2	3.89374e-05	6.765e-02	4.466e-02
chr19_43481678_C_T_b38	2	3.89374e-05	6.765e-02	4.466e-02
chr19_43569117_G_A_b38	2	2.90293e-05	-6.006e-02	4.654e-02
chr19_43477077_T_C_b38	2	2.82209e-05	5.597e-02	4.460e-02
chr19_43491805_T_C_b38	2	2.79323e-05	5.531e-02	4.427e-02
chr19_43570445_T_G_b38	2	2.62561e-05	-5.469e-02	4.358e-02
chr19_43566034_A_G_b38	2	2.56623e-05	-5.366e-02	4.320e-02
chr19_43473978_T_C_b38	2	2.48247e-05	8.365e-02	4.151e-02
chr19_43490994_G_A_b38	2	1.98541e-05	3.945e-02	4.365e-02
chr19_43532187_CCTGA_C_b38	3	2.96856e-04	1.906e-01	7.282e-02
chr19_43532265_G_C_b38	3	2.96856e-04	1.906e-01	7.282e-02
chr19_43533176_T_C_b38	3	1.70227e-04	1.741e-01	7.247e-02
chr19_43539766_AC_A_b38	3	5.68821e-05	1.741e-01	7.247e-02
chr19_43543398_T_C_b38	3	5.68821e-05	-1.741e-01	7.247e-02
chr19_43544925_G_A_b38	3	5.68821e-05	1.741e-01	7.247e-02
chr19_43537273_G_T_b38	3	5.68821e-05	1.741e-01	7.247e-02
chr19_43546043_C_T_b38	3	5.68821e-05	1.741e-01	7.247e-02
chr19_43540041_C_G_b38	3	5.34050e-05	1.695e-01	7.097e-02
chr19_43540734_A_G_b38	3	5.34050e-05	1.695e-01	7.097e-02
chr19_43539296_T_C_b38	3	5.34050e-05	1.695e-01	7.097e-02
chr19_43557263_T_C_b38	3	4.46959e-09	0.000e+00	0.000e+00
chr19_43553946_T_C_b38	3	4.46959e-09	0.000e+00	0.000e+00
chr19_43554087_C_T_b38	3	2.84852e-09	0.000e+00	0.000e+00
chr19_43551900_A_G_b38	3	2.84852e-09	0.000e+00	0.000e+00
chr19_43553075_T_C_b38	3	2.84852e-09	0.000e+00	0.000e+00
