chr10_94359373_C_T_b38	1	3.10814e-01	4.302e-01	5.199e-02
chr10_94361032_T_C_b38	1	1.98527e-01	4.041e-01	4.982e-02
chr10_94344329_G_A_b38	1	8.93523e-02	4.290e-01	5.188e-02
chr10_94356187_C_T_b38	1	5.62152e-02	4.362e-01	5.393e-02
chr10_94356663_A_G_b38	1	5.62152e-02	4.362e-01	5.393e-02
chr10_94354883_T_C_b38	1	5.62152e-02	4.362e-01	5.393e-02
chr10_94340870_A_G_b38	1	4.93941e-02	4.415e-01	5.397e-02
chr10_94342645_A_G_b38	1	2.86676e-02	4.362e-01	5.393e-02
chr10_94338987_C_T_b38	1	2.34981e-02	4.214e-01	5.237e-02
chr10_94338268_G_A_b38	1	2.34981e-02	4.214e-01	5.237e-02
chr10_94360639_T_C_b38	1	1.92976e-02	4.188e-01	5.417e-02
chr10_94361335_T_C_b38	1	1.92976e-02	4.188e-01	5.417e-02
chr10_94360189_G_A_b38	1	1.22967e-02	4.188e-01	5.417e-02
chr10_94323139_T_C_b38	1	7.88139e-03	4.213e-01	5.237e-02
chr10_94317911_G_A_b38	1	7.88139e-03	4.213e-01	5.237e-02
chr10_94336243_C_A_b38	1	7.88139e-03	4.213e-01	5.237e-02
chr10_94327299_A_C_b38	1	7.88139e-03	4.213e-01	5.237e-02
chr10_94356662_G_A_b38	1	7.01346e-03	4.187e-01	5.417e-02
chr10_94302642_G_T_b38	1	3.30720e-03	3.775e-01	4.681e-02
chr10_94362902_C_T_b38	2	4.84459e-02	2.243e-01	1.165e-01
chr10_94360567_C_A_b38	2	7.55364e-03	2.231e-01	1.164e-01
chr10_94339594_T_G_b38	2	2.08475e-03	2.327e-01	1.047e-01
chr10_94349734_T_C_b38	2	6.08463e-04	2.019e-01	1.142e-01
chr10_94328769_T_C_b38	2	1.20538e-04	1.982e-01	1.139e-01
chr10_94332838_T_C_b38	2	1.20538e-04	1.982e-01	1.139e-01
chr10_94337122_A_C_b38	2	1.20538e-04	1.982e-01	1.139e-01
chr10_94331940_C_T_b38	2	1.20538e-04	1.982e-01	1.139e-01
chr10_94325285_T_C_b38	2	1.20538e-04	1.982e-01	1.139e-01
chr10_94363100_G_A_b38	3	4.57439e-04	-3.431e-02	6.735e-02
chr10_94363598_C_T_b38	3	1.39720e-04	-3.557e-02	6.684e-02
chr10_94360461_C_T_b38	3	5.83195e-05	-3.452e-02	6.684e-02
chr10_94359956_A_G_b38	3	2.94858e-05	0.000e+00	0.000e+00
chr10_94359930_G_A_b38	3	2.84383e-05	0.000e+00	0.000e+00
chr10_94367691_C_A_b38	3	2.80407e-05	0.000e+00	0.000e+00
chr10_94365604_C_T_b38	3	2.53247e-05	0.000e+00	0.000e+00
chr10_94356200_G_C_b38	3	9.10602e-06	0.000e+00	0.000e+00
chr10_94354455_TCTC_T_b38	3	9.10602e-06	0.000e+00	0.000e+00
chr10_94343001_T_C_b38	3	4.93791e-06	0.000e+00	0.000e+00
chr10_94346846_A_G_b38	3	4.63911e-06	0.000e+00	0.000e+00
chr10_94346483_G_C_b38	3	4.63911e-06	0.000e+00	0.000e+00
chr10_94340362_C_T_b38	3	2.29402e-06	0.000e+00	0.000e+00
chr10_94332364_G_A_b38	3	8.51974e-14	0.000e+00	0.000e+00
