chr19_43541349_C_T_b38	1	2.14454e-01	5.372e-01	8.854e-02
chr19_43546814_T_C_b38	1	2.14454e-01	5.372e-01	8.854e-02
chr19_43540396_C_T_b38	1	2.14454e-01	5.372e-01	8.854e-02
chr19_43536845_T_C_b38	1	2.14454e-01	5.372e-01	8.854e-02
chr19_43549390_G_A_b38	1	1.28675e-01	5.220e-01	7.736e-02
chr19_43533218_C_G_b38	1	1.35076e-02	4.905e-01	4.218e-02
chr19_43532187_CCTGA_C_b38	2	1.86024e-01	2.078e-01	3.607e-02
chr19_43532265_G_C_b38	2	1.56592e-01	2.063e-01	3.579e-02
chr19_43533176_T_C_b38	2	1.50653e-01	2.082e-01	3.616e-02
chr19_43544840_G_GT_b38	2	8.39275e-02	2.189e-01	3.615e-02
chr19_43539766_AC_A_b38	2	8.22183e-02	2.091e-01	3.611e-02
chr19_43546043_C_T_b38	2	7.36989e-02	2.084e-01	3.602e-02
chr19_43543398_T_C_b38	2	7.33734e-02	-2.082e-01	3.586e-02
chr19_43544925_G_A_b38	2	7.33734e-02	2.082e-01	3.586e-02
chr19_43537273_G_T_b38	2	2.50366e-02	2.009e-01	3.505e-02
chr19_43541783_A_G_b38	2	2.18541e-02	2.074e-01	3.520e-02
chr19_43541481_C_A_b38	2	2.18541e-02	2.074e-01	3.520e-02
chr19_43558502_A_G_b38	2	8.84262e-03	-2.091e-01	3.527e-02
chr19_43553946_T_C_b38	2	8.80820e-03	-2.020e-01	3.525e-02
chr19_43558367_A_G_b38	2	6.99115e-03	-2.077e-01	3.532e-02
chr19_43556662_A_G_b38	2	6.24093e-03	-2.070e-01	3.534e-02
chr19_43551430_C_T_b38	2	6.24093e-03	2.070e-01	3.534e-02
chr19_43555849_A_G_b38	2	6.24093e-03	-2.070e-01	3.534e-02
chr19_43557263_T_C_b38	2	4.15914e-03	-2.012e-01	3.582e-02
chr19_43540041_C_G_b38	2	1.23420e-03	1.830e-01	3.528e-02
chr19_43539296_T_C_b38	2	1.17032e-03	1.828e-01	3.529e-02
chr19_43540734_A_G_b38	2	8.54192e-04	1.792e-01	3.524e-02
chr19_43487930_A_G_b38	2	3.16934e-04	1.524e-01	2.971e-02
chr19_43548464_T_C_b38	2	1.73958e-04	1.919e-01	3.948e-02
chr19_43525592_T_G_b38	2	9.33894e-05	1.446e-01	3.671e-02
chr19_43527218_C_T_b38	3	3.34842e-01	2.142e-01	4.803e-02
chr19_43527989_G_A_b38	3	9.74145e-02	2.043e-01	4.943e-02
chr19_43478186_G_A_b38	3	9.23249e-02	2.409e-01	5.052e-02
chr19_43549765_C_G_b38	3	6.16273e-02	2.436e-01	5.493e-02
chr19_43536101_A_G_b38	3	6.16273e-02	2.436e-01	5.493e-02
chr19_43511173_A_C_b38	3	4.68050e-02	2.108e-01	4.815e-02
chr19_43478653_A_G_b38	3	2.89237e-02	2.230e-01	4.948e-02
chr19_43477478_C_T_b38	3	2.47411e-02	2.212e-01	4.949e-02
chr19_43574076_ATTATT_A_b38	3	2.44931e-02	2.452e-01	5.503e-02
chr19_43534795_G_A_b38	3	2.44343e-02	2.174e-01	5.398e-02
chr19_43499033_A_G_b38	3	2.33666e-02	2.141e-01	4.799e-02
chr19_43495843_G_A_b38	3	2.33666e-02	2.141e-01	4.799e-02
chr19_43491087_C_T_b38	3	2.33666e-02	2.141e-01	4.799e-02
chr19_43488685_C_T_b38	3	1.44773e-02	2.098e-01	4.816e-02
chr19_43538047_A_G_b38	3	1.13558e-02	2.173e-01	5.397e-02
chr19_43542576_T_C_b38	3	1.13558e-02	2.173e-01	5.397e-02
chr19_43545709_G_T_b38	3	1.13558e-02	2.173e-01	5.397e-02
chr19_43549744_G_GGTCTC_b38	3	1.13558e-02	2.173e-01	5.397e-02
chr19_43547432_C_T_b38	3	8.74934e-03	2.135e-01	5.386e-02
chr19_43547406_G_A_b38	3	3.26006e-03	1.773e-01	4.610e-02
chr19_43559254_T_C_b38	3	3.03585e-03	2.198e-01	5.419e-02
chr19_43565880_AGT_A_b38	3	2.59781e-03	2.176e-01	5.406e-02
chr19_43569410_A_G_b38	3	2.59781e-03	2.176e-01	5.406e-02
chr19_43556501_G_C_b38	3	2.30245e-03	2.163e-01	5.397e-02
chr19_43553422_G_A_b38	3	2.22099e-03	2.177e-01	5.446e-02
chr19_43553896_G_A_b38	3	2.22099e-03	2.177e-01	5.446e-02
chr19_43559250_A_G_b38	3	1.69174e-03	2.143e-01	5.445e-02
chr19_43559255_G_A_b38	3	5.81072e-04	2.136e-01	5.441e-02
chr19_43517937_A_G_b38	4	3.40254e-03	-1.224e-01	6.056e-02
chr19_43527400_CAG_C_b38	4	3.03430e-03	-8.098e-02	6.952e-02
chr19_43527172_C_T_b38	4	3.03430e-03	-8.098e-02	6.952e-02
chr19_43524143_C_T_b38	4	2.83056e-03	-8.084e-02	6.952e-02
chr19_43518517_C_T_b38	4	2.20137e-03	-1.152e-01	6.831e-02
chr19_43612804_A_G_b38	4	2.08497e-03	1.375e-01	4.162e-02
chr19_43614039_G_A_b38	4	2.08497e-03	1.375e-01	4.162e-02
chr19_43510378_C_T_b38	4	1.88767e-03	-1.270e-01	6.547e-02
chr19_43521282_G_A_b38	4	1.72333e-03	-7.998e-02	6.958e-02
chr19_43522770_A_G_b38	4	1.72333e-03	-7.998e-02	6.958e-02
chr19_43618144_C_T_b38	4	1.06542e-03	1.404e-01	4.647e-02
chr19_43529393_A_G_b38	4	9.78334e-04	-4.040e-02	6.624e-02
chr19_43515620_A_G_b38	4	7.79316e-04	-6.880e-02	6.971e-02
chr19_43517621_A_G_b38	4	7.67151e-04	-6.716e-02	6.912e-02
chr19_43531588_AAGAG_A_b38	4	7.29167e-04	-6.095e-02	6.542e-02
chr19_43517122_C_A_b38	4	7.28915e-04	-6.400e-02	6.975e-02
chr19_43518511_C_T_b38	4	7.27684e-04	-6.401e-02	6.939e-02
chr19_43531006_C_T_b38	4	6.64944e-04	-6.345e-02	6.569e-02
chr19_43517497_G_A_b38	4	4.70445e-04	0.000e+00	0.000e+00
chr19_43501311_G_A_b38	4	4.01581e-04	0.000e+00	0.000e+00
chr19_43512414_A_T_b38	4	3.90023e-04	0.000e+00	0.000e+00
chr19_43513551_C_T_b38	4	3.24961e-04	0.000e+00	0.000e+00
chr19_43504337_G_A_b38	4	3.16733e-04	0.000e+00	0.000e+00
chr19_43503344_C_T_b38	4	3.16733e-04	0.000e+00	0.000e+00
chr19_43501724_CCAAA_C_b38	4	3.16733e-04	0.000e+00	0.000e+00
chr19_43505212_C_T_b38	4	3.16733e-04	0.000e+00	0.000e+00
chr19_43504376_C_T_b38	4	3.16733e-04	0.000e+00	0.000e+00
chr19_43503475_G_C_b38	4	3.16733e-04	0.000e+00	0.000e+00
chr19_43515267_A_T_b38	4	3.08496e-04	0.000e+00	0.000e+00
chr19_43503634_G_T_b38	4	2.96927e-04	0.000e+00	0.000e+00
chr19_43468060_C_T_b38	4	2.15852e-04	0.000e+00	0.000e+00
chr19_43467099_T_C_b38	4	2.15852e-04	0.000e+00	0.000e+00
chr19_43545379_G_C_b38	4	1.24878e-04	0.000e+00	0.000e+00
chr19_43630784_G_A_b38	4	1.15159e-04	0.000e+00	0.000e+00
chr19_43609862_G_A_b38	4	1.04236e-04	0.000e+00	0.000e+00
chr19_43605704_C_G_b38	4	9.96109e-05	0.000e+00	0.000e+00
chr19_43609394_C_T_b38	4	9.47759e-05	0.000e+00	0.000e+00
chr19_43567851_T_C_b38	4	9.01156e-05	0.000e+00	0.000e+00
chr19_43570844_CT_C_b38	4	8.46121e-05	0.000e+00	0.000e+00
chr19_43573237_A_G_b38	4	7.93825e-05	0.000e+00	0.000e+00
chr19_43568024_A_G_b38	4	7.92029e-05	0.000e+00	0.000e+00
chr19_43573108_A_T_b38	4	7.70415e-05	0.000e+00	0.000e+00
chr19_43569117_G_A_b38	4	7.62420e-05	0.000e+00	0.000e+00
chr19_43490994_G_A_b38	4	7.16076e-05	0.000e+00	0.000e+00
chr19_43566034_A_G_b38	4	6.87717e-05	0.000e+00	0.000e+00
chr19_43481559_G_A_b38	4	6.85385e-05	0.000e+00	0.000e+00
chr19_43628154_G_A_b38	4	6.84667e-05	0.000e+00	0.000e+00
chr19_43604483_G_A_b38	4	6.67612e-05	0.000e+00	0.000e+00
chr19_43570445_T_G_b38	4	6.49305e-05	0.000e+00	0.000e+00
chr19_43477077_T_C_b38	4	6.44351e-05	0.000e+00	0.000e+00
chr19_43572012_A_T_b38	4	6.39308e-05	0.000e+00	0.000e+00
chr19_43481678_C_T_b38	4	6.14678e-05	0.000e+00	0.000e+00
chr19_43491805_T_C_b38	4	5.83060e-05	0.000e+00	0.000e+00
chr19_43473978_T_C_b38	4	5.58246e-05	0.000e+00	0.000e+00
chr19_43482703_G_A_b38	4	5.47451e-05	0.000e+00	0.000e+00
chr19_43594045_A_G_b38	4	5.43137e-05	0.000e+00	0.000e+00
chr19_43594751_T_A_b38	4	5.43137e-05	0.000e+00	0.000e+00
chr19_43598186_T_C_b38	4	5.16378e-05	0.000e+00	0.000e+00
chr19_43471861_C_T_b38	4	4.58458e-05	0.000e+00	0.000e+00
chr19_43469528_C_G_b38	4	3.56463e-05	0.000e+00	0.000e+00
chr19_43635030_C_T_b38	4	3.34821e-05	0.000e+00	0.000e+00
chr19_43455962_A_C_b38	4	3.13641e-05	0.000e+00	0.000e+00
chr19_43488383_G_T_b38	4	2.45235e-05	0.000e+00	0.000e+00
chr19_43496905_T_C_b38	4	2.21628e-05	0.000e+00	0.000e+00
chr19_43629496_C_T_b38	4	8.66422e-06	0.000e+00	0.000e+00
chr19_43474863_C_T_b38	4	8.25004e-06	0.000e+00	0.000e+00
chr19_43580003_G_A_b38	4	7.55161e-06	0.000e+00	0.000e+00
chr19_43578793_T_C_b38	4	7.47576e-06	0.000e+00	0.000e+00
chr19_43577136_A_G_b38	4	7.41565e-06	0.000e+00	0.000e+00
chr19_43584228_A_AGAAGTGACT_b38	4	5.80297e-06	0.000e+00	0.000e+00
chr19_43584226_A_ACC_b38	4	5.80297e-06	0.000e+00	0.000e+00
chr19_43527884_T_TA_b38	5	7.30291e-06	0.000e+00	0.000e+00
chr19_43523226_T_C_b38	5	3.82468e-06	0.000e+00	0.000e+00
chr19_43524159_C_T_b38	5	3.72370e-07	0.000e+00	0.000e+00
chr19_43481871_C_T_b38	5	2.00675e-56	0.000e+00	0.000e+00
chr19_43484866_C_T_b38	5	1.12948e-56	0.000e+00	0.000e+00
chr19_43519063_G_A_b38	5	6.59207e-57	0.000e+00	0.000e+00
chr19_43504258_A_C_b38	5	2.59696e-57	0.000e+00	0.000e+00
chr19_43605155_C_T_b38	5	8.27180e-58	0.000e+00	0.000e+00
chr19_43543161_ATTCCCAG_A_b38	5	7.54137e-58	0.000e+00	0.000e+00
chr19_43603345_G_A_b38	5	7.46059e-58	0.000e+00	0.000e+00
chr19_43605154_G_A_b38	5	7.46059e-58	0.000e+00	0.000e+00
chr19_43458246_C_A_b38	5	6.55307e-58	0.000e+00	0.000e+00
chr19_43619742_G_A_b38	5	5.82647e-58	0.000e+00	0.000e+00
chr19_43522638_C_T_b38	5	5.62275e-58	0.000e+00	0.000e+00
chr19_43547347_C_T_b38	5	5.15981e-58	0.000e+00	0.000e+00
chr19_43540942_C_T_b38	5	3.51100e-58	0.000e+00	0.000e+00
chr19_43601584_G_A_b38	5	2.65214e-58	0.000e+00	0.000e+00
chr19_43605733_G_A_b38	5	2.36850e-58	0.000e+00	0.000e+00
chr19_43501307_C_T_b38	5	1.95833e-58	0.000e+00	0.000e+00
chr19_43614201_G_A_b38	5	1.59192e-58	0.000e+00	0.000e+00
chr19_43475196_G_A_b38	5	1.50806e-58	0.000e+00	0.000e+00
chr19_43551492_G_A_b38	5	1.40322e-58	0.000e+00	0.000e+00
chr19_43558622_C_G_b38	5	1.39718e-58	0.000e+00	0.000e+00
chr19_43558738_G_A_b38	5	1.39309e-58	0.000e+00	0.000e+00
chr19_43456521_G_C_b38	5	1.02608e-58	0.000e+00	0.000e+00
chr19_43482722_G_C_b38	5	7.59377e-59	0.000e+00	0.000e+00
chr19_43482102_AAT_A_b38	5	7.59377e-59	0.000e+00	0.000e+00
chr19_43485317_A_G_b38	5	7.39530e-59	0.000e+00	0.000e+00
chr19_43473628_A_T_b38	5	5.62700e-59	0.000e+00	0.000e+00
chr19_43497227_T_C_b38	5	5.57877e-59	0.000e+00	0.000e+00
chr19_43597493_G_A_b38	5	4.88937e-59	0.000e+00	0.000e+00
chr19_43500362_C_A_b38	5	4.70743e-59	0.000e+00	0.000e+00
chr19_43469074_C_G_b38	5	2.72990e-59	0.000e+00	0.000e+00
chr19_43586357_C_T_b38	5	2.36990e-59	0.000e+00	0.000e+00
chr19_43574386_A_T_b38	5	1.93250e-59	0.000e+00	0.000e+00
chr19_43570651_G_A_b38	5	1.93250e-59	0.000e+00	0.000e+00
chr19_43571484_G_A_b38	5	1.93250e-59	0.000e+00	0.000e+00
chr19_43564423_A_C_b38	5	1.93250e-59	0.000e+00	0.000e+00
chr19_43548213_G_A_b38	5	4.14954e-60	0.000e+00	0.000e+00
chr19_43568739_T_TGAGGGAGCAGGAGTTGGG_b38	5	3.67314e-60	0.000e+00	0.000e+00
chr19_43471928_C_T_b38	5	2.64966e-60	0.000e+00	0.000e+00
chr19_43471786_C_T_b38	5	2.48005e-60	0.000e+00	0.000e+00
chr19_43471361_C_T_b38	5	2.48005e-60	0.000e+00	0.000e+00
chr19_43560713_C_G_b38	5	2.33810e-60	0.000e+00	0.000e+00
chr19_43472431_C_T_b38	5	1.91648e-60	0.000e+00	0.000e+00
chr19_43453483_A_G_b38	5	1.42540e-60	0.000e+00	0.000e+00
chr19_43486643_G_A_b38	5	6.71233e-61	0.000e+00	0.000e+00
chr19_43453154_G_A_b38	5	6.91196e-62	0.000e+00	0.000e+00
