chr2_173969033_G_A_b38	1	4.69275e-01	-3.008e-01	6.065e-02
chr2_173968239_G_T_b38	1	1.54240e-01	-2.490e-01	5.650e-02
chr2_173969105_G_A_b38	1	7.43984e-02	-2.510e-01	5.594e-02
chr2_173967851_T_C_b38	1	6.69579e-02	-2.533e-01	5.679e-02
chr2_173969171_C_A_b38	1	5.55271e-02	-2.998e-01	6.759e-02
chr2_173966538_A_C_b38	1	2.53883e-02	-2.991e-01	6.750e-02
chr2_173963364_G_C_b38	1	2.42734e-02	-2.574e-01	5.699e-02
chr2_173961650_T_C_b38	1	1.40023e-02	-2.574e-01	5.699e-02
chr2_173952665_C_T_b38	1	7.18218e-03	-2.536e-01	5.616e-02
chr2_173951170_A_C_b38	1	7.18218e-03	-2.536e-01	5.616e-02
chr2_173944171_T_C_b38	1	7.14229e-03	-2.574e-01	5.699e-02
chr2_173951416_T_G_b38	1	7.14229e-03	-2.574e-01	5.699e-02
chr2_173953011_G_A_b38	1	7.14229e-03	-2.574e-01	5.699e-02
chr2_173951933_C_G_b38	1	7.14229e-03	-2.574e-01	5.699e-02
chr2_173946493_C_T_b38	1	7.14229e-03	-2.574e-01	5.699e-02
chr2_173948761_AATAATT_A_b38	1	4.76020e-03	-2.991e-01	6.750e-02
chr2_173947129_T_G_b38	1	4.76020e-03	-2.991e-01	6.750e-02
chr2_173960031_G_A_b38	1	4.72408e-03	-2.920e-01	6.876e-02
chr2_173968715_A_G_b38	2	9.96641e-03	-4.637e-02	9.022e-02
chr2_173967349_C_A_b38	2	1.43187e-03	6.725e-03	9.848e-02
chr2_173972874_G_A_b38	2	8.16644e-04	-3.534e-02	8.878e-02
chr2_173976915_C_T_b38	2	7.01847e-04	-8.100e-02	9.454e-02
chr2_173958768_T_C_b38	2	4.86949e-04	-4.579e-02	8.940e-02
chr2_173959448_A_AG_b38	2	4.86949e-04	-4.579e-02	8.940e-02
chr2_173986945_C_T_b38	2	4.79682e-04	-1.171e-01	8.645e-02
chr2_173987543_C_T_b38	2	4.79682e-04	-1.171e-01	8.645e-02
chr2_173959016_G_C_b38	2	4.32180e-04	2.020e-02	9.038e-02
chr2_173986591_GTGTC_G_b38	2	4.29764e-04	-1.045e-01	8.290e-02
chr2_173985335_G_A_b38	2	4.29764e-04	-1.045e-01	8.290e-02
chr2_173985126_T_C_b38	2	2.75218e-04	-8.894e-02	9.083e-02
chr2_173985398_T_C_b38	2	2.75218e-04	-8.894e-02	9.083e-02
chr2_173988057_G_T_b38	2	2.75218e-04	-8.894e-02	9.083e-02
chr2_173987779_A_AG_b38	2	2.52192e-04	-7.504e-02	9.570e-02
chr2_173983942_C_T_b38	2	2.52192e-04	-7.504e-02	9.570e-02
chr2_173986145_A_G_b38	2	2.52192e-04	-7.504e-02	9.570e-02
chr2_173988709_G_A_b38	2	2.49785e-04	-7.431e-02	9.507e-02
chr2_173944605_A_C_b38	2	2.23224e-04	5.172e-02	8.911e-02
chr2_173986162_G_A_b38	2	2.18582e-04	-4.331e-02	9.712e-02
chr2_173953298_A_G_b38	2	2.02188e-04	9.335e-03	9.748e-02
chr2_173947599_G_C_b38	2	2.02188e-04	9.335e-03	9.748e-02
chr2_173957932_T_G_b38	2	1.97260e-04	-4.223e-02	8.884e-02
chr2_173957198_T_A_b38	2	1.97260e-04	-4.223e-02	8.884e-02
chr2_173956763_G_C_b38	2	1.97260e-04	-4.223e-02	8.884e-02
chr2_173926193_A_C_b38	2	5.09494e-05	1.545e-02	9.624e-02
chr2_173918464_CG_C_b38	2	5.09494e-05	1.545e-02	9.624e-02
chr2_173933336_G_A_b38	2	5.09494e-05	1.545e-02	9.624e-02
chr2_173937272_T_C_b38	2	4.95443e-05	2.492e-02	8.944e-02
chr2_173929562_A_T_b38	2	4.88887e-05	-3.858e-02	8.812e-02
chr2_173929478_A_G_b38	2	4.88887e-05	-3.858e-02	8.812e-02
chr2_173938765_A_G_b38	2	4.88887e-05	-3.858e-02	8.812e-02
chr2_173930353_G_A_b38	2	4.88887e-05	-3.858e-02	8.812e-02
chr2_173937959_G_A_b38	2	4.88887e-05	-3.858e-02	8.812e-02
chr2_173937694_A_T_b38	2	4.88887e-05	-3.858e-02	8.812e-02
