chr9_121653412_T_C_b38	1	9.97324e-02	-1.198e-01	2.312e-02
chr9_121659982_G_A_b38	1	8.20166e-02	-1.274e-01	2.477e-02
chr9_121657894_T_C_b38	1	7.38499e-02	-1.274e-01	2.488e-02
chr9_121657138_C_T_b38	1	7.38499e-02	-1.274e-01	2.488e-02
chr9_121656218_G_C_b38	1	7.38499e-02	-1.274e-01	2.488e-02
chr9_121656031_G_A_b38	1	7.38499e-02	-1.274e-01	2.488e-02
chr9_121657443_G_C_b38	1	7.38499e-02	-1.274e-01	2.488e-02
chr9_121652472_A_G_b38	1	7.34570e-02	-1.278e-01	2.497e-02
chr9_121652626_G_A_b38	1	7.34570e-02	-1.278e-01	2.497e-02
chr9_121652743_G_A_b38	1	7.34570e-02	-1.278e-01	2.497e-02
chr9_121655386_TG_T_b38	1	4.70442e-02	-1.246e-01	2.481e-02
chr9_121654661_G_A_b38	1	4.70442e-02	-1.246e-01	2.481e-02
chr9_121660124_G_A_b38	1	3.02359e-02	-1.169e-01	2.375e-02
chr9_121650669_T_G_b38	1	1.85256e-02	-1.213e-01	2.521e-02
chr9_121650912_G_C_b38	1	1.27243e-02	-1.235e-01	2.613e-02
chr9_121659686_T_C_b38	1	1.39684e-03	-9.722e-02	2.327e-02
chr9_121567862_C_T_b38	2	2.94861e-02	6.550e-02	2.777e-02
chr9_121579629_C_T_b38	2	5.19206e-03	-7.578e-02	2.897e-02
chr9_121558053_C_A_b38	2	3.08773e-03	-6.190e-02	3.033e-02
chr9_121532473_G_C_b38	2	2.20670e-03	-8.426e-02	3.195e-02
chr9_121579331_C_G_b38	2	1.09898e-03	-5.380e-02	2.851e-02
chr9_121567549_A_G_b38	3	5.01827e-04	-1.675e-02	2.603e-02
chr9_121568325_C_T_b38	3	7.51191e-05	2.777e-02	2.498e-02
chr9_121582159_A_G_b38	3	5.47429e-05	5.393e-02	2.575e-02
chr9_121582161_G_C_b38	3	5.47429e-05	5.393e-02	2.575e-02
chr9_121570800_G_A_b38	3	5.01036e-05	2.689e-02	2.497e-02
