chr2_173969105_G_A_b38	1	3.92713e-01	-4.904e-01	7.184e-02
chr2_173968239_G_T_b38	1	3.67361e-01	-4.876e-01	7.348e-02
chr2_173967851_T_C_b38	1	2.34423e-01	-5.024e-01	7.461e-02
chr2_173790665_G_A_b38	2	4.20434e-02	6.248e-01	1.401e-01
chr2_173762866_C_T_b38	2	3.43241e-03	5.511e-01	1.488e-01
chr2_173968515_C_T_b38	3	1.07771e-03	1.392e-01	6.979e-02
chr2_173971041_T_C_b38	3	6.08379e-04	1.925e-01	7.130e-02
chr2_173958748_C_T_b38	3	1.23887e-04	1.531e-01	6.986e-02
chr2_173963051_C_T_b38	3	1.16953e-04	1.531e-01	7.084e-02
chr2_173959941_A_G_b38	3	1.16953e-04	1.531e-01	7.084e-02
chr2_173962539_G_C_b38	3	1.16953e-04	1.531e-01	7.084e-02
chr2_173954242_C_T_b38	3	6.47450e-05	1.531e-01	7.084e-02
chr2_173951312_C_T_b38	3	6.47450e-05	1.531e-01	7.084e-02
chr2_173945280_A_T_b38	3	5.02653e-05	1.430e-01	7.094e-02
chr2_173943488_C_T_b38	3	5.02653e-05	1.430e-01	7.094e-02
chr2_173928041_A_G_b38	3	2.67614e-05	-1.532e-01	7.037e-02
chr2_173931553_A_AGGCTGG_b38	3	2.67614e-05	-1.532e-01	7.037e-02
chr2_173929819_G_A_b38	3	2.67614e-05	-1.532e-01	7.037e-02
chr2_173935950_C_T_b38	3	2.67614e-05	1.532e-01	7.037e-02
chr2_173934132_C_T_b38	3	2.07705e-05	-1.441e-01	7.062e-02
chr2_173933408_C_G_b38	3	2.07705e-05	-1.441e-01	7.062e-02
chr2_173932303_T_A_b38	3	2.07705e-05	-1.441e-01	7.062e-02
chr2_173905615_C_A_b38	3	1.18924e-05	0.000e+00	0.000e+00
chr2_173940493_A_G_b38	3	1.15647e-05	0.000e+00	0.000e+00
chr2_173920544_A_G_b38	3	1.02021e-05	0.000e+00	0.000e+00
chr2_173933242_TG_T_b38	3	9.62186e-06	0.000e+00	0.000e+00
