chr1_39491497_C_T_b38	1	3.08235e-01	-2.912e-01	4.918e-02
chr1_39491629_G_A_b38	1	2.93543e-01	-2.918e-01	4.928e-02
chr1_39492408_C_G_b38	1	1.78727e-01	-2.953e-01	4.911e-02
chr1_39493413_C_T_b38	1	4.82762e-02	-2.917e-01	4.926e-02
chr1_39499302_C_G_b38	1	3.47407e-02	-2.920e-01	4.885e-02
chr1_39502011_G_A_b38	1	3.13386e-02	-2.994e-01	4.881e-02
chr1_39482552_A_G_b38	1	2.04407e-02	-2.915e-01	4.927e-02
chr1_39484408_C_T_b38	1	1.64896e-02	2.810e-01	4.714e-02
chr1_39478508_A_G_b38	1	9.74416e-03	-2.909e-01	4.938e-02
chr1_39479625_C_T_b38	1	9.74416e-03	-2.909e-01	4.938e-02
chr1_39479096_C_T_b38	1	9.74416e-03	-2.909e-01	4.938e-02
chr1_39501608_T_C_b38	1	3.06909e-03	2.936e-01	5.204e-02
chr1_39501551_G_A_b38	1	3.06909e-03	2.936e-01	5.204e-02
chr1_39505256_C_A_b38	1	1.50492e-03	2.936e-01	5.204e-02
chr1_39503387_C_T_b38	1	1.50492e-03	2.936e-01	5.204e-02
chr1_39499240_G_C_b38	1	1.45517e-03	2.826e-01	5.145e-02
chr1_39476625_C_G_b38	1	5.43708e-04	2.807e-01	5.162e-02
chr1_39478577_T_C_b38	1	5.35025e-04	2.809e-01	5.169e-02
chr1_39490383_G_A_b38	2	1.11237e-01	3.778e-01	1.000e-01
chr1_39491997_C_G_b38	2	8.31780e-02	-2.582e-01	8.375e-02
chr1_39491437_G_A_b38	2	8.31780e-02	-2.582e-01	8.375e-02
chr1_39490237_AT_A_b38	2	6.74531e-02	3.654e-01	1.009e-01
chr1_39490244_G_A_b38	2	6.74531e-02	3.654e-01	1.009e-01
chr1_39490229_C_A_b38	2	6.74531e-02	3.654e-01	1.009e-01
chr1_39489218_T_TCA_b38	2	6.74531e-02	3.654e-01	1.009e-01
chr1_39489257_A_C_b38	2	6.74531e-02	3.654e-01	1.009e-01
chr1_39487458_C_A_b38	2	5.95550e-02	3.735e-01	1.002e-01
chr1_39489044_G_C_b38	2	4.22882e-02	3.654e-01	1.009e-01
chr1_39477781_A_C_b38	2	3.08312e-02	3.925e-01	1.014e-01
chr1_39478719_G_A_b38	2	1.93413e-02	3.735e-01	1.002e-01
chr1_39500089_A_G_b38	2	1.05281e-02	3.345e-01	1.014e-01
chr1_39504903_C_T_b38	2	4.44646e-03	3.340e-01	1.013e-01
chr1_39505412_C_T_b38	2	4.44646e-03	3.340e-01	1.013e-01
chr1_39473705_A_ACT_b38	2	2.22411e-03	3.130e-01	1.037e-01
chr1_39474029_A_G_b38	2	2.22411e-03	3.130e-01	1.037e-01
chr1_39471389_C_A_b38	2	8.25526e-04	-3.325e-01	1.224e-01
chr1_39456631_A_T_b38	2	3.50587e-04	-3.117e-01	1.037e-01
chr1_39447971_C_G_b38	2	3.50587e-04	-3.117e-01	1.037e-01
chr1_39457318_G_T_b38	2	3.50587e-04	-3.117e-01	1.037e-01
chr1_39461835_G_A_b38	2	3.50587e-04	3.117e-01	1.037e-01
chr1_39452216_C_A_b38	2	3.50587e-04	-3.117e-01	1.037e-01
chr1_39499691_G_A_b38	3	3.39144e-03	-2.305e-01	1.074e-01
chr1_39479247_T_G_b38	3	8.21276e-04	-2.267e-01	1.238e-01
chr1_39507077_G_C_b38	3	6.95029e-04	-2.077e-01	1.152e-01
chr1_39466755_T_C_b38	3	2.12503e-04	-1.883e-01	1.185e-01
chr1_39475217_C_T_b38	3	2.12503e-04	-1.883e-01	1.185e-01
chr1_39471359_G_A_b38	3	2.12503e-04	-1.883e-01	1.185e-01
chr1_39470895_C_T_b38	3	2.12503e-04	-1.883e-01	1.185e-01
chr1_39536476_C_T_b38	3	6.46188e-10	0.000e+00	0.000e+00
chr1_39453064_G_T_b38	3	6.05751e-10	0.000e+00	0.000e+00
chr1_39444441_T_C_b38	3	6.05751e-10	0.000e+00	0.000e+00
chr1_39566663_T_C_b38	3	2.22966e-10	0.000e+00	0.000e+00
chr1_39561179_A_C_b38	3	2.22966e-10	0.000e+00	0.000e+00
chr1_39582288_G_A_b38	3	2.10921e-10	0.000e+00	0.000e+00
chr1_39571534_G_A_b38	3	2.10921e-10	0.000e+00	0.000e+00
chr1_39554390_T_C_b38	3	2.10921e-10	0.000e+00	0.000e+00
chr1_39558806_G_C_b38	3	2.10921e-10	0.000e+00	0.000e+00
chr1_39575277_C_A_b38	3	2.10921e-10	0.000e+00	0.000e+00
chr1_39428612_A_G_b38	3	1.97936e-10	0.000e+00	0.000e+00
chr1_39589982_C_G_b38	3	1.94888e-10	0.000e+00	0.000e+00
chr1_39415220_C_A_b38	3	1.73641e-10	0.000e+00	0.000e+00
