chr1_109509517_A_G_b38	1	9.97193e-01	3.233e-01	3.925e-02
chr1_109510068_G_A_b38	2	1.08916e-02	4.765e-02	5.466e-02
chr1_109516708_G_A_b38	2	2.28992e-03	8.619e-02	4.977e-02
chr1_109512058_C_T_b38	2	2.08107e-03	5.274e-02	5.423e-02
chr1_109510740_GTTAGCTGTTC_G_b38	2	2.08107e-03	5.274e-02	5.423e-02
chr1_109518249_G_A_b38	2	1.88268e-03	7.713e-02	4.717e-02
chr1_109511739_T_A_b38	2	1.60647e-03	3.713e-02	4.843e-02
chr1_109516262_TAA_T_b38	2	1.10182e-03	6.692e-02	5.295e-02
chr1_109516423_AAG_A_b38	2	1.10027e-03	6.088e-02	4.794e-02
chr1_109518270_A_G_b38	2	1.10027e-03	6.088e-02	4.794e-02
chr1_109514370_T_A_b38	2	1.07450e-03	3.929e-02	4.838e-02
chr1_109516871_G_A_b38	2	1.05456e-03	6.524e-02	5.345e-02
chr1_109512486_C_T_b38	2	1.01571e-03	3.702e-02	4.842e-02
chr1_109513504_C_T_b38	2	1.01571e-03	3.702e-02	4.842e-02
chr1_109532232_A_G_b38	2	7.55710e-04	7.066e-02	4.796e-02
chr1_109525608_A_G_b38	2	7.44465e-04	6.937e-02	4.695e-02
chr1_109533839_G_A_b38	2	5.85208e-04	6.923e-02	5.374e-02
chr1_109532345_A_G_b38	2	5.70321e-04	6.148e-02	4.740e-02
chr1_109530696_C_T_b38	2	5.29450e-04	6.236e-02	4.976e-02
chr1_109520523_A_G_b38	2	4.43563e-04	5.218e-02	4.795e-02
chr1_109528608_T_C_b38	2	4.43563e-04	5.218e-02	4.795e-02
chr1_109520918_G_A_b38	2	4.43563e-04	5.218e-02	4.795e-02
chr1_109523423_A_G_b38	2	4.32008e-04	5.134e-02	4.777e-02
chr1_109553275_A_G_b38	2	4.13232e-04	-9.076e-02	5.208e-02
chr1_109555114_T_A_b38	2	4.13232e-04	-9.076e-02	5.208e-02
chr1_109529816_A_C_b38	2	3.40151e-04	4.234e-02	4.791e-02
chr1_109535119_A_G_b38	2	2.60252e-04	7.846e-02	5.563e-02
chr1_109282969_C_T_b38	3	3.28578e-04	-1.748e-01	4.190e-02
chr1_109290514_CAA_C_b38	3	8.16219e-05	-1.608e-01	4.210e-02
chr1_109294213_A_G_b38	3	7.46059e-05	-1.558e-01	4.107e-02
chr1_109287315_T_G_b38	3	6.91079e-05	-1.559e-01	4.184e-02
chr1_109293135_T_C_b38	3	4.93199e-05	-1.524e-01	4.140e-02
chr1_109293601_G_A_b38	3	4.75935e-05	-1.524e-01	4.140e-02
chr1_109285891_A_T_b38	3	1.01139e-05	0.000e+00	0.000e+00
chr1_109293840_A_G_b38	3	9.02481e-17	0.000e+00	0.000e+00
chr1_109294220_C_G_b38	3	8.98898e-17	0.000e+00	0.000e+00
