chr10_94361335_T_C_b38	1	1.63038e-01	4.554e-01	7.739e-02
chr10_94360639_T_C_b38	1	1.63038e-01	4.554e-01	7.739e-02
chr10_94360189_G_A_b38	1	9.44463e-02	4.554e-01	7.739e-02
chr10_94356662_G_A_b38	1	7.85621e-02	4.554e-01	7.739e-02
chr10_94356187_C_T_b38	1	7.85621e-02	4.554e-01	7.739e-02
chr10_94356663_A_G_b38	1	7.85621e-02	4.554e-01	7.739e-02
chr10_94354883_T_C_b38	1	7.85621e-02	4.554e-01	7.739e-02
chr10_94338987_C_T_b38	1	2.83829e-02	4.554e-01	7.739e-02
chr10_94342645_A_G_b38	1	2.83829e-02	4.554e-01	7.739e-02
chr10_94338268_G_A_b38	1	2.83829e-02	4.554e-01	7.739e-02
chr10_94361032_T_C_b38	1	2.23201e-02	4.046e-01	7.505e-02
chr10_94359373_C_T_b38	1	1.29378e-02	4.046e-01	7.505e-02
chr10_94336243_C_A_b38	1	1.19103e-02	4.554e-01	7.739e-02
chr10_94317819_C_T_b38	1	1.19103e-02	4.554e-01	7.739e-02
chr10_94317911_G_A_b38	1	1.19103e-02	4.554e-01	7.739e-02
chr10_94323139_T_C_b38	1	1.19103e-02	4.554e-01	7.739e-02
chr10_94318821_G_A_b38	1	1.19103e-02	4.554e-01	7.739e-02
chr10_94333875_C_G_b38	1	1.19103e-02	4.554e-01	7.739e-02
chr10_94327971_A_G_b38	1	1.19103e-02	4.554e-01	7.739e-02
chr10_94327299_A_C_b38	1	1.19103e-02	4.554e-01	7.739e-02
chr10_94302726_C_T_b38	1	5.99370e-03	4.320e-01	7.197e-02
chr10_94311455_T_C_b38	1	5.99370e-03	4.320e-01	7.197e-02
chr10_94290660_T_C_b38	1	5.82201e-03	4.283e-01	7.146e-02
chr10_94344329_G_A_b38	1	3.88237e-03	4.046e-01	7.505e-02
chr10_94298676_G_A_b38	1	3.31423e-03	4.554e-01	7.739e-02
chr10_94372190_A_C_b38	1	2.33114e-03	3.814e-01	7.601e-02
chr10_94362902_C_T_b38	2	1.10066e-02	-2.296e-02	1.678e-01
chr10_94360567_C_A_b38	2	1.61361e-03	-2.235e-02	1.676e-01
chr10_94349734_T_C_b38	2	2.17053e-04	-2.388e-02	1.673e-01
chr10_94328769_T_C_b38	2	4.04263e-05	-3.840e-02	1.643e-01
chr10_94332838_T_C_b38	2	4.04263e-05	-3.840e-02	1.643e-01
chr10_94331940_C_T_b38	2	4.04263e-05	-3.840e-02	1.643e-01
chr10_94337122_A_C_b38	2	4.04263e-05	-3.840e-02	1.643e-01
chr10_94325285_T_C_b38	2	4.04263e-05	-3.840e-02	1.643e-01
