chr20_62386309_T_C_b38	1	9.97969e-01	-5.519e-01	5.459e-02
chr20_62386713_A_G_b38	2	2.26474e-01	-1.366e-01	4.422e-02
chr20_62386215_T_C_b38	2	1.37502e-01	-1.425e-01	4.435e-02
chr20_62389245_C_T_b38	2	2.06278e-02	-1.241e-01	4.411e-02
chr20_62388719_T_A_b38	2	1.52455e-02	-1.207e-01	4.475e-02
chr20_62397090_T_C_b38	2	1.52289e-02	-1.411e-01	4.334e-02
chr20_62389066_G_A_b38	2	1.42579e-02	-1.188e-01	4.435e-02
chr20_62396271_A_C_b38	2	1.42217e-02	-1.323e-01	4.397e-02
chr20_62401644_A_G_b38	2	1.38585e-02	-1.418e-01	4.404e-02
chr20_62388132_G_C_b38	2	1.36850e-02	-1.184e-01	4.448e-02
chr20_62400494_A_G_b38	2	1.27382e-02	-1.397e-01	4.366e-02
chr20_62399152_A_G_b38	2	1.00964e-02	-1.362e-01	4.357e-02
chr20_62404618_A_G_b38	2	8.82205e-03	-1.352e-01	4.397e-02
chr20_62394830_G_T_b38	2	8.40040e-03	-1.244e-01	4.402e-02
chr20_62402141_T_G_b38	2	6.11657e-03	-1.300e-01	4.400e-02
chr20_62403872_T_G_b38	2	5.56307e-03	-1.293e-01	4.429e-02
chr20_62403305_T_C_b38	2	3.28623e-03	-1.180e-01	4.309e-02
chr20_62402808_T_G_b38	2	3.28623e-03	-1.180e-01	4.309e-02
chr20_62392095_C_G_b38	2	2.53086e-03	-1.022e-01	4.367e-02
chr20_62329401_G_A_b38	3	6.73843e-03	2.692e-01	7.725e-02
