chr1_222661161_A_T_b38	1	4.92120e-01	-5.691e-01	5.797e-02
chr1_222661461_T_C_b38	1	1.46405e-01	-5.600e-01	5.814e-02
chr1_222664597_G_A_b38	1	5.93001e-02	-5.692e-01	5.795e-02
chr1_222651746_C_G_b38	1	3.60752e-02	-5.692e-01	5.795e-02
chr1_222658953_T_C_b38	1	3.19727e-02	-5.635e-01	5.802e-02
chr1_222663654_A_G_b38	1	2.77598e-02	-5.612e-01	5.822e-02
chr1_222638065_A_G_b38	1	2.12134e-02	-5.695e-01	5.767e-02
chr1_222652375_T_C_b38	1	1.76806e-02	-5.635e-01	5.801e-02
chr1_222655362_C_T_b38	1	1.76806e-02	-5.635e-01	5.801e-02
chr1_222668272_G_A_b38	1	1.74616e-02	-5.635e-01	5.801e-02
chr1_222647448_T_G_b38	1	1.50985e-02	-5.692e-01	5.794e-02
chr1_222643014_T_A_b38	1	1.50985e-02	-5.692e-01	5.794e-02
chr1_222673540_G_A_b38	1	1.28406e-02	-5.640e-01	5.772e-02
chr1_222653139_G_A_b38	1	1.07360e-02	-5.601e-01	5.811e-02
chr1_222641100_C_T_b38	1	8.59598e-03	-5.650e-01	5.803e-02
chr1_222647297_G_A_b38	1	8.59598e-03	-5.650e-01	5.803e-02
chr1_222640383_T_A_b38	1	8.59598e-03	-5.650e-01	5.803e-02
chr1_222650187_A_C_b38	1	7.39922e-03	-5.635e-01	5.801e-02
chr1_222649657_A_G_b38	1	7.39922e-03	-5.635e-01	5.801e-02
chr1_222656208_G_A_b38	1	7.10284e-03	-5.631e-01	5.880e-02
chr1_222660903_A_G_b38	2	2.34939e-02	-2.105e-01	1.009e-01
chr1_222609786_T_C_b38	2	1.35722e-04	-2.357e-01	1.047e-01
chr1_222733022_C_T_b38	2	1.14738e-04	-2.060e-01	9.764e-02
chr1_222661880_A_C_b38	3	3.58463e-04	1.055e-01	9.991e-02
chr1_222660729_A_G_b38	3	1.50405e-04	1.105e-01	9.774e-02
chr1_222657890_A_G_b38	3	7.54532e-05	1.614e-01	1.045e-01
chr1_222666811_T_G_b38	3	3.60269e-05	1.583e-01	1.044e-01
chr1_222671358_A_C_b38	3	3.60269e-05	1.583e-01	1.044e-01
chr1_222657020_G_A_b38	3	3.39062e-05	1.034e-01	9.973e-02
chr1_222664266_G_A_b38	3	3.08180e-05	1.034e-01	9.973e-02
chr1_222710473_A_G_b38	3	1.87649e-05	1.941e-01	8.521e-02
chr1_222666496_A_G_b38	3	1.48200e-05	-4.251e-03	9.855e-02
chr1_222648367_T_G_b38	3	1.40425e-05	1.583e-01	1.044e-01
chr1_222636869_C_T_b38	3	1.03827e-05	0.000e+00	0.000e+00
chr1_222653505_A_T_b38	3	9.23768e-06	0.000e+00	0.000e+00
chr1_222671498_T_C_b38	3	9.14939e-06	0.000e+00	0.000e+00
chr1_222709550_A_C_b38	3	8.78753e-06	0.000e+00	0.000e+00
chr1_222684075_G_A_b38	3	8.50277e-06	0.000e+00	0.000e+00
chr1_222681854_C_A_b38	3	8.50277e-06	0.000e+00	0.000e+00
chr1_222685056_T_C_b38	3	8.50277e-06	0.000e+00	0.000e+00
chr1_222677912_T_C_b38	3	8.50277e-06	0.000e+00	0.000e+00
chr1_222642905_ATCT_A_b38	3	5.67472e-06	0.000e+00	0.000e+00
chr1_222637422_T_G_b38	3	5.67472e-06	0.000e+00	0.000e+00
chr1_222639978_GA_G_b38	3	5.67472e-06	0.000e+00	0.000e+00
chr1_222681788_A_G_b38	3	5.49445e-06	0.000e+00	0.000e+00
chr1_222644130_G_T_b38	3	5.32268e-06	0.000e+00	0.000e+00
chr1_222637883_T_C_b38	3	5.32268e-06	0.000e+00	0.000e+00
chr1_222705345_C_A_b38	3	5.11024e-06	0.000e+00	0.000e+00
chr1_222704060_C_G_b38	3	5.00043e-06	0.000e+00	0.000e+00
chr1_222622458_CCAAA_C_b38	3	4.39165e-06	0.000e+00	0.000e+00
chr1_222630489_G_A_b38	3	4.39165e-06	0.000e+00	0.000e+00
chr1_222713246_G_A_b38	3	4.34834e-06	0.000e+00	0.000e+00
chr1_222721727_T_C_b38	3	4.34834e-06	0.000e+00	0.000e+00
chr1_222760893_C_T_b38	3	4.04926e-06	0.000e+00	0.000e+00
chr1_222760645_T_C_b38	3	3.93124e-06	0.000e+00	0.000e+00
chr1_222672069_T_C_b38	3	3.31681e-06	0.000e+00	0.000e+00
chr1_222627571_A_G_b38	3	3.30141e-06	0.000e+00	0.000e+00
chr1_222726448_G_A_b38	3	3.09192e-06	0.000e+00	0.000e+00
chr1_222691802_GA_G_b38	3	3.00469e-06	0.000e+00	0.000e+00
chr1_222632771_C_G_b38	3	2.71457e-06	0.000e+00	0.000e+00
chr1_222722867_G_C_b38	3	2.70613e-06	0.000e+00	0.000e+00
chr1_222633789_G_A_b38	3	2.45122e-06	0.000e+00	0.000e+00
chr1_222636132_G_A_b38	3	2.29915e-06	0.000e+00	0.000e+00
chr1_222727031_G_C_b38	3	2.29426e-06	0.000e+00	0.000e+00
chr1_222621776_G_T_b38	3	2.29059e-06	0.000e+00	0.000e+00
chr1_222620358_C_T_b38	3	2.29059e-06	0.000e+00	0.000e+00
chr1_222621522_G_A_b38	3	2.29059e-06	0.000e+00	0.000e+00
chr1_222753406_A_T_b38	3	2.06128e-06	0.000e+00	0.000e+00
chr1_222752779_A_T_b38	3	2.06128e-06	0.000e+00	0.000e+00
chr1_222716168_G_T_b38	3	2.06128e-06	0.000e+00	0.000e+00
chr1_222622785_A_C_b38	3	1.90052e-14	0.000e+00	0.000e+00
chr1_222739765_A_G_b38	3	2.70608e-15	0.000e+00	0.000e+00
