chr1_36323945_A_G_b38	1	6.73480e-01	-1.370e-01	2.634e-02
chr1_36322287_G_A_b38	1	2.36445e-01	-1.396e-01	2.611e-02
chr1_36286551_C_T_b38	1	3.92462e-02	-1.411e-01	2.531e-02
chr1_36292460_C_T_b38	1	2.17564e-02	-1.400e-01	2.566e-02
chr1_36233260_C_T_b38	1	1.03682e-02	-1.394e-01	2.483e-02
chr1_36294989_C_T_b38	1	9.58208e-03	-1.367e-01	2.580e-02
chr1_36246432_C_T_b38	1	9.04366e-03	-1.406e-01	2.517e-02
chr1_36323755_G_C_b38	2	9.90559e-01	-1.998e-01	4.425e-02
chr1_36321693_G_A_b38	3	1.00433e-02	-6.927e-02	3.309e-02
chr1_36325025_A_G_b38	3	6.90091e-03	-6.145e-02	3.287e-02
chr1_36327188_A_AT_b38	3	6.80224e-03	-6.933e-02	3.309e-02
chr1_36326477_C_T_b38	3	6.80224e-03	-6.933e-02	3.309e-02
chr1_36328591_C_T_b38	3	6.80224e-03	-6.933e-02	3.309e-02
chr1_36325757_G_T_b38	3	4.65211e-03	5.898e-02	3.693e-02
chr1_36328537_G_A_b38	3	2.72594e-03	5.722e-02	3.680e-02
chr1_36328358_G_A_b38	3	2.66507e-03	5.588e-02	3.615e-02
chr1_36315459_C_T_b38	3	2.26450e-03	-6.115e-02	3.301e-02
chr1_36311120_G_A_b38	3	1.58383e-03	-6.675e-02	3.271e-02
chr1_36310144_C_T_b38	3	1.58383e-03	-6.675e-02	3.271e-02
chr1_36303151_C_T_b38	3	1.56147e-03	-6.878e-02	3.404e-02
chr1_36310057_C_G_b38	3	1.51520e-03	-6.338e-02	3.111e-02
chr1_36300537_C_T_b38	3	1.29759e-03	-6.321e-02	3.266e-02
chr1_36301374_G_C_b38	3	1.29759e-03	-6.321e-02	3.266e-02
chr1_36301799_C_T_b38	3	1.15373e-03	-6.069e-02	3.237e-02
chr1_36317534_A_C_b38	3	9.74304e-04	4.647e-02	3.682e-02
chr1_36333290_C_T_b38	3	9.17236e-04	4.602e-02	3.453e-02
chr1_36335460_C_G_b38	3	8.08938e-04	5.558e-02	3.366e-02
chr1_36337197_G_A_b38	3	7.88773e-04	5.793e-02	3.624e-02
chr1_36313414_A_G_b38	3	7.57996e-04	5.735e-02	3.680e-02
chr1_36335070_T_A_b38	3	7.00013e-04	5.504e-02	3.616e-02
chr1_36312005_C_T_b38	3	6.69894e-04	5.418e-02	3.667e-02
chr1_36290034_A_G_b38	3	6.35517e-04	-6.607e-02	3.153e-02
chr1_36299336_G_A_b38	3	6.06933e-04	5.158e-02	3.674e-02
chr1_36299303_G_T_b38	3	6.06933e-04	5.158e-02	3.674e-02
chr1_36307473_CTT_C_b38	3	6.06933e-04	5.158e-02	3.674e-02
chr1_36299302_G_C_b38	3	6.06933e-04	5.158e-02	3.674e-02
chr1_36286832_C_T_b38	3	4.81734e-04	-6.321e-02	3.266e-02
chr1_36283547_A_G_b38	3	4.81734e-04	-6.321e-02	3.266e-02
chr1_36275231_A_T_b38	3	4.56060e-04	-6.226e-02	3.273e-02
chr1_36364980_T_C_b38	3	4.32522e-04	6.054e-02	3.295e-02
chr1_36367479_A_G_b38	3	4.12045e-04	5.915e-02	3.266e-02
chr1_36367655_T_A_b38	3	4.12045e-04	5.915e-02	3.266e-02
chr1_36345215_A_G_b38	3	3.98098e-04	3.855e-02	3.603e-02
chr1_36364099_T_C_b38	3	3.48832e-04	5.561e-02	3.241e-02
chr1_36282229_TTCTC_T_b38	3	3.41202e-04	6.251e-02	3.715e-02
chr1_36370203_A_C_b38	3	3.34908e-04	5.442e-02	3.216e-02
chr1_36355326_G_A_b38	3	2.83407e-04	5.554e-02	3.610e-02
chr1_36370750_G_C_b38	3	2.72703e-04	5.043e-02	3.229e-02
chr1_36293004_G_A_b38	3	1.77792e-04	5.277e-02	3.601e-02
chr1_36284917_T_A_b38	3	1.64314e-04	5.125e-02	3.680e-02
chr1_36277740_A_G_b38	3	1.64314e-04	5.125e-02	3.680e-02
chr1_36297638_T_C_b38	3	1.64314e-04	5.125e-02	3.680e-02
chr1_36285608_A_G_b38	3	1.64314e-04	5.125e-02	3.680e-02
chr1_36284324_T_C_b38	3	1.64314e-04	5.125e-02	3.680e-02
chr1_36243509_T_C_b38	3	1.28686e-04	-6.253e-02	3.160e-02
chr1_36352900_T_C_b38	3	1.27437e-04	4.003e-02	3.271e-02
chr1_36353190_T_C_b38	3	1.27437e-04	4.003e-02	3.271e-02
chr1_36268095_A_G_b38	3	1.21694e-04	-6.314e-02	3.272e-02
chr1_36236253_CTG_C_b38	3	1.21694e-04	-6.314e-02	3.272e-02
chr1_36261413_G_C_b38	3	1.21694e-04	-6.314e-02	3.272e-02
chr1_36246042_A_G_b38	3	1.21694e-04	-6.314e-02	3.272e-02
chr1_36267256_G_A_b38	3	1.21694e-04	-6.314e-02	3.272e-02
chr1_36268128_C_T_b38	3	1.21694e-04	-6.314e-02	3.272e-02
chr1_36225269_C_A_b38	3	1.21283e-04	6.314e-02	3.272e-02
chr1_36234580_G_A_b38	3	1.21283e-04	-6.314e-02	3.272e-02
chr1_36355801_A_G_b38	3	1.16400e-04	3.829e-02	3.577e-02
chr1_36357003_C_T_b38	3	1.16400e-04	3.829e-02	3.577e-02
chr1_36363058_G_C_b38	3	1.16400e-04	3.829e-02	3.577e-02
chr1_36350004_G_A_b38	3	1.15952e-04	3.824e-02	3.609e-02
chr1_36348872_C_T_b38	3	1.15952e-04	3.824e-02	3.609e-02
chr1_36349891_G_A_b38	3	1.15952e-04	3.824e-02	3.609e-02
chr1_36350495_G_A_b38	3	1.15952e-04	3.824e-02	3.609e-02
chr1_36350245_T_A_b38	3	1.15952e-04	3.824e-02	3.609e-02
chr1_36373014_A_C_b38	3	1.10246e-04	3.548e-02	3.213e-02
chr1_36371019_C_G_b38	3	1.10246e-04	3.548e-02	3.213e-02
chr1_36372352_C_T_b38	3	1.08698e-04	3.562e-02	3.484e-02
chr1_36227569_T_C_b38	3	9.78760e-05	5.929e-02	3.273e-02
chr1_36227873_C_T_b38	3	9.78760e-05	5.929e-02	3.273e-02
chr1_36251219_A_G_b38	3	9.78760e-05	-5.929e-02	3.273e-02
chr1_36230311_T_C_b38	3	9.78760e-05	-5.929e-02	3.273e-02
chr1_36227847_G_A_b38	3	9.78760e-05	5.929e-02	3.273e-02
chr1_36243835_A_C_b38	3	9.35728e-05	-5.823e-02	3.258e-02
chr1_36386242_G_A_b38	3	7.85567e-05	5.700e-02	3.591e-02
chr1_36384276_C_T_b38	3	7.85567e-05	5.700e-02	3.591e-02
chr1_36264691_T_C_b38	3	7.58502e-05	5.735e-02	3.544e-02
chr1_36333441_G_A_b38	4	2.45289e-04	-8.461e-02	3.834e-02
chr1_36307804_T_G_b38	4	2.35649e-05	0.000e+00	0.000e+00
chr1_36292200_G_T_b38	4	5.00203e-06	0.000e+00	0.000e+00
