chr10_77819493_G_A_b38	1	5.65690e-01	3.440e-01	2.683e-02
chr10_77778207_C_T_b38	1	4.29736e-01	3.426e-01	2.734e-02
chr10_77787210_G_A_b38	1	4.57181e-04	3.023e-01	2.240e-02
chr10_77788059_CTG_C_b38	1	4.57181e-04	3.023e-01	2.240e-02
chr10_77774769_T_C_b38	1	3.82400e-04	3.026e-01	2.245e-02
chr10_77781211_T_C_b38	1	3.78317e-04	3.016e-01	2.238e-02
chr10_77780830_T_C_b38	1	3.78317e-04	3.016e-01	2.238e-02
chr10_77928450_A_G_b38	2	2.37621e-01	-9.842e-02	2.280e-02
chr10_77924028_T_C_b38	2	1.82545e-01	-9.755e-02	2.285e-02
chr10_77921725_T_C_b38	2	1.24637e-01	-9.754e-02	2.285e-02
chr10_77933401_A_C_b38	2	9.95233e-02	-9.859e-02	2.290e-02
chr10_77921469_T_C_b38	2	6.67397e-02	-9.751e-02	2.284e-02
chr10_77910797_G_C_b38	2	3.87186e-02	-9.745e-02	2.282e-02
chr10_77918958_A_G_b38	2	2.83006e-02	-9.154e-02	2.258e-02
chr10_77879418_A_C_b38	2	1.75737e-02	-1.076e-01	2.482e-02
chr10_77883363_A_G_b38	2	1.66289e-02	-1.060e-01	2.451e-02
chr10_77912228_T_G_b38	2	1.64265e-02	-9.148e-02	2.256e-02
chr10_77897570_G_T_b38	2	1.04013e-02	-1.031e-01	2.453e-02
chr10_77881354_G_T_b38	2	8.10924e-03	-1.014e-01	2.450e-02
chr10_77844068_T_C_b38	2	7.46881e-03	-1.080e-01	2.448e-02
chr10_77869117_A_G_b38	2	5.65454e-03	-1.076e-01	2.482e-02
chr10_77895724_C_T_b38	2	5.47246e-03	-9.644e-02	2.392e-02
chr10_77938216_G_C_b38	2	5.41563e-03	-8.489e-02	2.267e-02
chr10_77887146_A_G_b38	2	5.39593e-03	-9.941e-02	2.469e-02
chr10_77896871_C_A_b38	2	4.82604e-03	-9.585e-02	2.398e-02
chr10_77896074_T_C_b38	2	4.82604e-03	-9.585e-02	2.398e-02
chr10_77937453_C_T_b38	2	4.28680e-03	-8.363e-02	2.273e-02
chr10_77875856_C_T_b38	2	3.87217e-03	-1.039e-01	2.450e-02
chr10_77864143_A_G_b38	2	3.83981e-03	-1.052e-01	2.485e-02
chr10_77859582_T_C_b38	2	3.83981e-03	-1.052e-01	2.485e-02
chr10_77848019_T_C_b38	2	3.28728e-03	-1.044e-01	2.488e-02
chr10_77861134_T_C_b38	2	3.28728e-03	-1.044e-01	2.488e-02
chr10_77851168_T_C_b38	2	3.28728e-03	-1.044e-01	2.488e-02
chr10_77856520_T_C_b38	2	3.28728e-03	-1.044e-01	2.488e-02
chr10_77854431_A_G_b38	2	3.28728e-03	-1.044e-01	2.488e-02
chr10_77851216_C_A_b38	2	3.28728e-03	-1.044e-01	2.488e-02
chr10_77863169_A_G_b38	2	3.28728e-03	-1.044e-01	2.488e-02
chr10_77862762_A_G_b38	2	1.61267e-03	-1.047e-01	2.484e-02
chr10_77844821_C_T_b38	2	1.37849e-03	-1.038e-01	2.488e-02
chr10_77939530_G_A_b38	2	1.36468e-03	-8.077e-02	2.255e-02
chr10_77870449_A_G_b38	2	1.33052e-03	-1.027e-01	2.464e-02
chr10_77920756_C_A_b38	2	4.67208e-33	0.000e+00	0.000e+00
chr10_77894141_C_T_b38	2	1.00712e-33	0.000e+00	0.000e+00
chr10_77865495_T_C_b38	2	2.84545e-34	0.000e+00	0.000e+00
chr10_77845338_A_C_b38	2	2.32532e-34	0.000e+00	0.000e+00
chr10_77859765_T_C_b38	2	2.32532e-34	0.000e+00	0.000e+00
chr10_77850847_T_C_b38	2	2.32532e-34	0.000e+00	0.000e+00
chr10_77926075_G_A_b38	3	2.37830e-02	5.744e-02	3.483e-02
chr10_77924837_GTCTC_G_b38	3	4.82599e-03	6.393e-02	3.654e-02
chr10_77921749_C_T_b38	3	3.23595e-03	6.400e-02	3.654e-02
chr10_77923477_C_T_b38	3	3.23595e-03	6.400e-02	3.654e-02
chr10_77920641_G_A_b38	3	1.64328e-03	6.410e-02	3.653e-02
chr10_77936112_G_A_b38	3	1.40479e-03	5.473e-02	3.561e-02
chr10_77923160_C_T_b38	3	1.23809e-03	4.339e-02	3.530e-02
chr10_77921724_G_C_b38	3	1.15471e-03	4.152e-02	3.554e-02
chr10_77905415_T_C_b38	3	9.00753e-04	6.424e-02	3.636e-02
chr10_77941721_C_T_b38	3	7.60701e-04	6.027e-02	3.580e-02
chr10_77941605_A_C_b38	3	7.60701e-04	6.027e-02	3.580e-02
chr10_77941768_T_C_b38	3	7.60701e-04	6.027e-02	3.580e-02
chr10_77943497_G_A_b38	3	6.79528e-04	5.940e-02	3.604e-02
chr10_77938319_T_C_b38	3	6.54231e-04	5.832e-02	3.546e-02
chr10_77920676_A_T_b38	3	3.03978e-04	3.110e-02	3.481e-02
chr10_77900367_T_C_b38	3	1.51041e-04	6.188e-02	3.747e-02
chr10_77900176_G_A_b38	3	1.50931e-04	6.225e-02	3.788e-02
chr10_77892637_C_T_b38	3	1.15463e-06	0.000e+00	0.000e+00
chr10_77926038_G_A_b38	4	2.47700e-04	8.803e-03	3.714e-02
chr10_77924116_C_T_b38	4	2.36185e-05	0.000e+00	0.000e+00
chr10_77924587_A_G_b38	4	2.36185e-05	0.000e+00	0.000e+00
chr10_77918369_A_G_b38	4	1.47205e-05	0.000e+00	0.000e+00
chr10_77918542_T_C_b38	4	1.07250e-05	0.000e+00	0.000e+00
chr10_77919931_T_G_b38	4	1.07250e-05	0.000e+00	0.000e+00
chr10_77911321_A_G_b38	4	5.36951e-06	0.000e+00	0.000e+00
chr10_77913722_G_A_b38	4	5.18580e-06	0.000e+00	0.000e+00
chr10_77914529_T_C_b38	4	5.18580e-06	0.000e+00	0.000e+00
chr10_77914132_A_ACTC_b38	4	5.18580e-06	0.000e+00	0.000e+00
chr10_77910896_T_C_b38	4	3.26270e-06	0.000e+00	0.000e+00
chr10_77910676_C_G_b38	4	1.69795e-06	0.000e+00	0.000e+00
chr10_77910779_C_T_b38	4	1.69795e-06	0.000e+00	0.000e+00
chr10_77911486_G_T_b38	4	1.67060e-06	0.000e+00	0.000e+00
chr10_77902304_G_C_b38	4	1.64619e-06	0.000e+00	0.000e+00
chr10_77902855_A_G_b38	4	1.58757e-06	0.000e+00	0.000e+00
chr10_77905146_C_A_b38	4	1.49434e-06	0.000e+00	0.000e+00
chr10_77902455_T_C_b38	4	1.45092e-06	0.000e+00	0.000e+00
chr10_77901694_T_C_b38	4	1.45092e-06	0.000e+00	0.000e+00
chr10_77896986_G_A_b38	4	7.38460e-23	0.000e+00	0.000e+00
chr10_77893636_T_C_b38	4	6.93122e-23	0.000e+00	0.000e+00
chr10_77891957_C_T_b38	4	3.37389e-23	0.000e+00	0.000e+00
chr10_77886368_G_A_b38	4	3.28730e-23	0.000e+00	0.000e+00
chr10_77881129_T_C_b38	4	1.37150e-23	0.000e+00	0.000e+00
chr10_77877857_A_AGCAGGGCCGGCC_b38	4	1.02060e-23	0.000e+00	0.000e+00
chr10_77883854_A_G_b38	4	1.02060e-23	0.000e+00	0.000e+00
chr10_77886954_C_T_b38	4	7.63472e-24	0.000e+00	0.000e+00
chr10_77876971_G_A_b38	4	5.83172e-24	0.000e+00	0.000e+00
chr10_77879116_T_G_b38	4	5.10631e-24	0.000e+00	0.000e+00
chr10_77884501_T_G_b38	4	4.35994e-24	0.000e+00	0.000e+00
chr10_77876970_T_C_b38	4	4.35994e-24	0.000e+00	0.000e+00
chr10_77882429_A_G_b38	4	3.25478e-24	0.000e+00	0.000e+00
chr10_77885667_C_T_b38	4	3.25478e-24	0.000e+00	0.000e+00
chr10_77886264_C_T_b38	4	3.25478e-24	0.000e+00	0.000e+00
chr10_77937329_A_G_b38	4	1.00919e-25	0.000e+00	0.000e+00
chr10_77941099_G_A_b38	4	3.50565e-26	0.000e+00	0.000e+00
chr10_77942143_A_G_b38	4	1.23247e-26	0.000e+00	0.000e+00
chr10_77942219_G_A_b38	4	7.46851e-27	0.000e+00	0.000e+00
chr10_77902301_C_T_b38	4	4.21458e-27	0.000e+00	0.000e+00
chr10_77904273_C_T_b38	4	1.15607e-27	0.000e+00	0.000e+00
chr10_77904558_C_T_b38	4	7.23569e-28	0.000e+00	0.000e+00
chr10_77904611_G_C_b38	4	7.23569e-28	0.000e+00	0.000e+00
chr10_77904855_G_A_b38	4	5.17656e-28	0.000e+00	0.000e+00
chr10_77899791_C_T_b38	4	2.19723e-28	0.000e+00	0.000e+00
chr10_77900983_T_C_b38	4	1.95741e-28	0.000e+00	0.000e+00
chr10_77898297_A_G_b38	4	1.67917e-28	0.000e+00	0.000e+00
chr10_77938748_A_C_b38	4	6.14692e-29	0.000e+00	0.000e+00
chr10_77897771_T_A_b38	4	4.85049e-30	0.000e+00	0.000e+00
