chr20_32858936_G_C_b38	1	2.62256e-01	-2.926e-01	4.615e-02
chr20_32852422_G_A_b38	1	2.53639e-01	-2.829e-01	4.374e-02
chr20_32851659_AGT_A_b38	1	2.53639e-01	-2.829e-01	4.374e-02
chr20_32839536_C_T_b38	1	7.07725e-02	-2.830e-01	4.389e-02
chr20_32839829_C_T_b38	1	7.07725e-02	-2.830e-01	4.389e-02
chr20_32861043_G_A_b38	1	2.50517e-02	-2.989e-01	4.710e-02
chr20_32828097_G_C_b38	1	2.38560e-02	-2.818e-01	4.472e-02
chr20_32837827_A_G_b38	1	2.10806e-02	-2.852e-01	4.973e-02
chr20_32830303_C_A_b38	1	5.91078e-03	-2.962e-01	3.886e-02
chr20_32851403_A_G_b38	1	4.58647e-03	-2.988e-01	4.181e-02
chr20_32834813_A_G_b38	1	3.13669e-03	-3.008e-01	4.162e-02
chr20_32845211_T_G_b38	1	3.13669e-03	-3.008e-01	4.162e-02
chr20_32861919_CTT_C_b38	1	2.39186e-04	-2.367e-01	3.505e-02
chr20_32815400_G_T_b38	1	1.24509e-04	-2.497e-01	3.600e-02
chr20_32828783_T_A_b38	1	1.24509e-04	-2.497e-01	3.600e-02
chr20_32816941_A_G_b38	1	1.24509e-04	-2.497e-01	3.600e-02
chr20_32854150_T_C_b38	2	2.00665e-01	1.176e-01	2.708e-02
chr20_32858839_A_G_b38	2	1.81936e-01	1.176e-01	2.708e-02
chr20_32860890_C_T_b38	2	1.22906e-01	-1.177e-01	2.708e-02
chr20_32848941_C_T_b38	2	6.52321e-02	1.177e-01	2.707e-02
chr20_32847454_T_G_b38	2	6.31043e-02	1.176e-01	2.708e-02
chr20_32845384_C_T_b38	2	4.09903e-02	1.189e-01	2.702e-02
chr20_32814411_G_A_b38	2	3.65523e-02	1.141e-01	2.584e-02
chr20_32815172_T_C_b38	2	3.65523e-02	1.141e-01	2.584e-02
chr20_32838820_C_A_b38	2	3.35972e-02	1.177e-01	2.707e-02
chr20_32842059_C_T_b38	2	2.66737e-02	1.165e-01	2.713e-02
chr20_32842385_A_G_b38	2	2.66737e-02	1.165e-01	2.713e-02
chr20_32830775_T_C_b38	2	1.49285e-02	1.195e-01	2.706e-02
chr20_32830811_A_G_b38	2	1.18874e-02	1.184e-01	2.713e-02
chr20_32820252_T_TGGG_b38	2	1.04456e-02	1.174e-01	2.709e-02
chr20_32819855_A_T_b38	2	1.04456e-02	1.174e-01	2.709e-02
chr20_32822473_A_G_b38	2	9.32922e-03	1.167e-01	2.711e-02
chr20_32824019_T_C_b38	2	9.32922e-03	1.167e-01	2.711e-02
chr20_32826651_A_C_b38	2	9.32922e-03	1.167e-01	2.711e-02
chr20_32821986_T_C_b38	2	9.32922e-03	1.167e-01	2.711e-02
chr20_32814463_A_G_b38	2	9.32922e-03	1.167e-01	2.711e-02
chr20_32810299_A_C_b38	2	7.00892e-03	1.140e-01	2.683e-02
chr20_32813930_T_C_b38	2	4.53865e-03	1.122e-01	2.697e-02
chr20_32861580_C_T_b38	2	4.31973e-03	-9.366e-02	2.672e-02
chr20_32815404_T_G_b38	2	3.52494e-03	1.099e-01	2.687e-02
chr20_32816341_A_G_b38	2	3.52494e-03	1.099e-01	2.687e-02
chr20_32857585_A_T_b38	2	2.62928e-03	8.899e-02	3.012e-02
chr20_32872781_G_A_b38	2	1.70894e-03	-9.394e-02	2.606e-02
chr20_32871317_A_G_b38	2	1.70894e-03	-9.394e-02	2.606e-02
chr20_32859052_A_G_b38	3	9.32212e-03	1.341e-01	7.282e-02
chr20_32849801_G_A_b38	3	3.20658e-03	1.362e-01	7.293e-02
chr20_32839283_A_G_b38	3	1.69882e-03	1.414e-01	7.354e-02
chr20_32833942_T_C_b38	3	1.69882e-03	1.414e-01	7.354e-02
chr20_32764091_T_C_b38	3	3.71320e-05	1.404e-01	6.784e-02
chr20_32762910_G_T_b38	3	3.71320e-05	1.404e-01	6.784e-02
chr20_32774614_G_A_b38	3	1.63402e-05	0.000e+00	0.000e+00
chr20_32785182_C_T_b38	3	6.79737e-06	0.000e+00	0.000e+00
