chr1_36323945_A_G_b38	1	2.62679e-01	-3.073e-01	4.573e-02
chr1_36292460_C_T_b38	1	2.44963e-01	-3.036e-01	4.520e-02
chr1_36294989_C_T_b38	1	2.25404e-01	-3.038e-01	4.536e-02
chr1_36322287_G_A_b38	1	1.87356e-01	-3.057e-01	4.584e-02
chr1_36286551_C_T_b38	1	6.65634e-02	-2.918e-01	4.496e-02
chr1_36246432_C_T_b38	1	7.45222e-03	-2.911e-01	4.471e-02
chr1_36307473_CTT_C_b38	2	4.68220e-03	-1.209e-01	6.961e-02
chr1_36311120_G_A_b38	2	2.45747e-03	1.001e-01	6.227e-02
chr1_36310144_C_T_b38	2	2.45747e-03	1.001e-01	6.227e-02
chr1_36301799_C_T_b38	2	2.14755e-03	1.026e-01	6.093e-02
chr1_36310057_C_G_b38	2	1.81672e-03	8.358e-02	5.875e-02
chr1_36299336_G_A_b38	2	1.76200e-03	-1.210e-01	6.961e-02
chr1_36297638_T_C_b38	2	1.76200e-03	-1.210e-01	6.961e-02
chr1_36299303_G_T_b38	2	1.76200e-03	-1.210e-01	6.961e-02
chr1_36299302_G_C_b38	2	1.76200e-03	-1.210e-01	6.961e-02
chr1_36300537_C_T_b38	2	1.47568e-03	1.042e-01	6.177e-02
chr1_36301374_G_C_b38	2	1.47568e-03	1.042e-01	6.177e-02
chr1_36303151_C_T_b38	2	1.46243e-03	8.658e-02	6.328e-02
chr1_36315459_C_T_b38	2	1.27812e-03	9.642e-02	6.208e-02
chr1_36333290_C_T_b38	2	1.21450e-03	-1.556e-01	6.362e-02
chr1_36312005_C_T_b38	2	1.08096e-03	-9.242e-02	6.923e-02
chr1_36313414_A_G_b38	2	1.08096e-03	-9.242e-02	6.923e-02
chr1_36353190_T_C_b38	2	1.02354e-03	-1.438e-01	6.021e-02
chr1_36352900_T_C_b38	2	1.02354e-03	-1.438e-01	6.021e-02
chr1_36293004_G_A_b38	2	8.62536e-04	-1.145e-01	6.628e-02
chr1_36325757_G_T_b38	2	7.94850e-04	-1.154e-01	7.013e-02
chr1_36290034_A_G_b38	2	7.59217e-04	1.019e-01	5.941e-02
chr1_36286832_C_T_b38	2	7.55741e-04	1.042e-01	6.177e-02
chr1_36284917_T_A_b38	2	6.61188e-04	-1.056e-01	6.958e-02
chr1_36284324_T_C_b38	2	6.61188e-04	-1.056e-01	6.958e-02
chr1_36285608_A_G_b38	2	6.61188e-04	-1.056e-01	6.958e-02
chr1_36325025_A_G_b38	2	6.05445e-04	9.372e-02	6.125e-02
chr1_36326477_C_T_b38	2	5.96223e-04	9.366e-02	6.186e-02
chr1_36327188_A_AT_b38	2	5.96223e-04	9.366e-02	6.186e-02
chr1_36328591_C_T_b38	2	5.96223e-04	9.366e-02	6.186e-02
chr1_36321693_G_A_b38	2	5.96223e-04	9.366e-02	6.186e-02
chr1_36283547_A_G_b38	2	5.75193e-04	9.207e-02	6.175e-02
chr1_36335460_C_G_b38	2	5.65165e-04	-1.318e-01	6.337e-02
chr1_36328537_G_A_b38	2	5.29433e-04	-9.242e-02	6.923e-02
chr1_36317534_A_C_b38	2	4.94931e-04	-8.828e-02	6.909e-02
chr1_36328358_G_A_b38	2	4.72287e-04	-8.490e-02	6.874e-02
chr1_36264691_T_C_b38	2	4.40175e-04	-1.247e-01	6.676e-02
chr1_36282229_TTCTC_T_b38	2	4.37522e-04	-8.149e-02	7.312e-02
chr1_36337197_G_A_b38	2	3.50596e-04	-1.198e-01	6.798e-02
chr1_36350245_T_A_b38	2	2.79648e-04	-1.080e-01	6.663e-02
chr1_36348872_C_T_b38	2	2.79648e-04	-1.080e-01	6.663e-02
chr1_36350004_G_A_b38	2	2.79648e-04	-1.080e-01	6.663e-02
chr1_36345215_A_G_b38	2	2.79648e-04	-1.080e-01	6.663e-02
chr1_36349891_G_A_b38	2	2.79648e-04	-1.080e-01	6.663e-02
chr1_36350495_G_A_b38	2	2.79648e-04	-1.080e-01	6.663e-02
chr1_36335070_T_A_b38	2	2.76489e-04	-1.104e-01	6.948e-02
chr1_36277740_A_G_b38	2	2.71228e-04	-1.056e-01	6.958e-02
chr1_36271375_C_T_b38	2	2.71228e-04	-1.056e-01	6.958e-02
chr1_36265655_C_G_b38	2	2.71228e-04	-1.056e-01	6.958e-02
chr1_36272991_G_C_b38	2	2.71228e-04	-1.056e-01	6.958e-02
chr1_36272733_T_A_b38	2	2.71228e-04	-1.056e-01	6.958e-02
chr1_36257465_C_G_b38	2	2.71228e-04	-1.056e-01	6.958e-02
chr1_36355326_G_A_b38	2	2.47218e-04	-1.023e-01	6.734e-02
chr1_36364980_T_C_b38	2	2.41040e-04	-1.374e-01	5.988e-02
chr1_36267256_G_A_b38	2	2.36187e-04	9.207e-02	6.175e-02
chr1_36268128_C_T_b38	2	2.36187e-04	9.207e-02	6.175e-02
chr1_36268095_A_G_b38	2	2.36187e-04	9.207e-02	6.175e-02
chr1_36261413_G_C_b38	2	2.36187e-04	9.207e-02	6.175e-02
chr1_36355801_A_G_b38	2	2.25616e-04	-9.664e-02	6.627e-02
chr1_36275231_A_T_b38	2	2.09145e-04	8.607e-02	6.178e-02
chr1_36367479_A_G_b38	2	1.81034e-04	-1.321e-01	6.058e-02
chr1_36367655_T_A_b38	2	1.81034e-04	-1.321e-01	6.058e-02
chr1_36220283_G_A_b38	2	1.39220e-04	-1.365e-01	6.954e-02
chr1_36215857_C_T_b38	2	1.39220e-04	-1.365e-01	6.954e-02
chr1_36371019_C_G_b38	2	1.38779e-04	-1.219e-01	5.994e-02
chr1_36373014_A_C_b38	2	1.38779e-04	-1.219e-01	5.994e-02
chr1_36374664_T_C_b38	2	1.38779e-04	-1.219e-01	5.994e-02
chr1_36374863_G_A_b38	2	1.38779e-04	-1.219e-01	5.994e-02
chr1_36370750_G_C_b38	2	1.37902e-04	-1.197e-01	5.847e-02
chr1_36364099_T_C_b38	2	1.37902e-04	-1.197e-01	5.847e-02
chr1_36370203_A_C_b38	2	1.13054e-04	-1.140e-01	5.913e-02
chr1_36227439_C_T_b38	2	1.07970e-04	-1.247e-01	6.875e-02
chr1_36224998_A_G_b38	2	7.18001e-05	-1.060e-01	6.955e-02
chr1_36239320_C_T_b38	2	7.18001e-05	-1.060e-01	6.955e-02
chr1_36231173_C_T_b38	2	7.18001e-05	-1.060e-01	6.955e-02
chr1_36218859_C_A_b38	2	7.18001e-05	-1.060e-01	6.955e-02
chr1_36218372_A_G_b38	2	7.18001e-05	-1.060e-01	6.955e-02
chr1_36232313_T_C_b38	2	7.18001e-05	-1.060e-01	6.955e-02
chr1_36232906_ACT_A_b38	2	7.18001e-05	-1.060e-01	6.955e-02
chr1_36255260_T_C_b38	2	7.18001e-05	-1.060e-01	6.955e-02
chr1_36248925_T_C_b38	2	7.18001e-05	-1.060e-01	6.955e-02
chr1_36254974_G_T_b38	2	7.18001e-05	-1.060e-01	6.955e-02
chr1_36249237_G_A_b38	2	7.18001e-05	-1.060e-01	6.955e-02
chr1_36239455_C_T_b38	2	7.18001e-05	-1.060e-01	6.955e-02
chr1_36219506_C_T_b38	2	7.18001e-05	-1.060e-01	6.955e-02
chr1_36251796_A_G_b38	2	7.18001e-05	-1.060e-01	6.955e-02
chr1_36241842_G_A_b38	2	7.18001e-05	-1.060e-01	6.955e-02
chr1_36217514_G_C_b38	2	7.18001e-05	-1.060e-01	6.955e-02
chr1_36391543_C_T_b38	2	5.38989e-05	-1.014e-01	6.623e-02
chr1_36243509_T_C_b38	2	5.02368e-05	9.106e-02	5.937e-02
chr1_36236253_CTG_C_b38	2	4.99545e-05	9.260e-02	6.172e-02
chr1_36234580_G_A_b38	2	4.99545e-05	9.260e-02	6.172e-02
chr1_36251219_A_G_b38	2	4.99545e-05	9.260e-02	6.172e-02
chr1_36230311_T_C_b38	2	4.99545e-05	9.260e-02	6.172e-02
chr1_36227847_G_A_b38	2	4.99545e-05	-9.260e-02	6.172e-02
chr1_36225269_C_A_b38	2	4.99545e-05	-9.260e-02	6.172e-02
chr1_36227569_T_C_b38	2	4.99545e-05	-9.260e-02	6.172e-02
chr1_36227873_C_T_b38	2	4.99545e-05	-9.260e-02	6.172e-02
chr1_36246042_A_G_b38	2	4.99545e-05	9.260e-02	6.172e-02
chr1_36389432_G_T_b38	2	4.94459e-05	-9.725e-02	6.625e-02
chr1_36385841_C_G_b38	2	4.94459e-05	-9.725e-02	6.625e-02
chr1_36357003_C_T_b38	2	4.94459e-05	-9.725e-02	6.625e-02
chr1_36375746_C_T_b38	2	4.94459e-05	-9.725e-02	6.625e-02
chr1_36363058_G_C_b38	2	4.94459e-05	-9.725e-02	6.625e-02
chr1_36381704_G_T_b38	2	4.94459e-05	-9.725e-02	6.625e-02
chr1_36384276_C_T_b38	2	4.94459e-05	-9.725e-02	6.625e-02
chr1_36386242_G_A_b38	2	4.94459e-05	-9.725e-02	6.625e-02
chr1_36218445_A_G_b38	2	1.45224e-05	-8.324e-02	6.391e-02
chr1_36379997_A_C_b38	2	1.36424e-05	-8.170e-02	6.449e-02
chr1_36372352_C_T_b38	2	1.36424e-05	-8.170e-02	6.449e-02
chr1_36243835_A_C_b38	2	1.33962e-05	7.727e-02	6.098e-02
chr1_36304316_C_T_b38	3	1.51246e-04	0.000e+00	0.000e+00
