chr2_85568978_G_C_b38	1	1.13003e-01	4.210e-01	7.976e-02
chr2_85537837_G_T_b38	1	7.51039e-02	4.143e-01	8.125e-02
chr2_85546531_C_CTG_b38	1	6.45134e-02	4.184e-01	7.935e-02
chr2_85545938_A_G_b38	1	6.45134e-02	4.184e-01	7.935e-02
chr2_85536883_C_T_b38	1	6.45134e-02	4.184e-01	7.935e-02
chr2_85536918_G_A_b38	1	6.45134e-02	4.184e-01	7.935e-02
chr2_85561147_C_A_b38	1	5.41198e-02	2.955e-01	1.029e-01
chr2_85556005_T_G_b38	1	4.49311e-02	4.016e-01	8.461e-02
chr2_85536397_C_T_b38	1	4.12568e-02	4.167e-01	7.993e-02
chr2_85534294_A_C_b38	1	4.12568e-02	4.167e-01	7.993e-02
chr2_85535638_A_G_b38	1	4.12568e-02	4.167e-01	7.993e-02
chr2_85534531_A_G_b38	1	4.12568e-02	4.167e-01	7.993e-02
chr2_85585623_T_C_b38	1	3.65698e-02	3.807e-01	9.089e-02
chr2_85561052_T_A_b38	1	3.22760e-02	3.244e-01	1.093e-01
chr2_85536151_A_G_b38	1	2.58819e-02	4.184e-01	7.932e-02
chr2_85533272_C_T_b38	1	2.58819e-02	4.184e-01	7.932e-02
chr2_85545425_C_T_b38	1	2.11419e-02	4.016e-01	8.458e-02
chr2_85547553_G_A_b38	1	2.11419e-02	4.016e-01	8.458e-02
chr2_85549367_C_CTTTA_b38	1	2.11419e-02	4.016e-01	8.458e-02
chr2_85542588_C_G_b38	1	2.11419e-02	4.016e-01	8.458e-02
chr2_85534925_A_T_b38	1	1.61703e-02	3.970e-01	8.559e-02
chr2_85540612_C_T_b38	1	1.57664e-02	4.000e-01	8.833e-02
chr2_85560218_C_T_b38	1	8.18738e-03	2.950e-01	1.026e-01
chr2_85582866_C_T_b38	1	4.55689e-03	3.482e-01	9.763e-02
chr2_85565261_G_A_b38	1	3.19018e-03	3.121e-01	1.117e-01
chr2_85515052_G_T_b38	1	1.51479e-03	3.667e-01	9.335e-02
chr2_85561017_C_T_b38	2	1.42722e-01	-2.767e-01	1.077e-01
chr2_85559433_C_G_b38	2	6.35142e-02	-2.814e-01	1.102e-01
chr2_85584106_G_A_b38	2	1.56212e-02	-2.820e-01	1.109e-01
chr2_85509936_C_T_b38	2	1.03816e-03	-3.671e-01	1.033e-01
chr2_85561615_C_A_b38	3	1.55647e-03	-4.848e-02	9.079e-02
chr2_85560000_C_T_b38	3	2.15362e-04	-1.609e-01	1.083e-01
chr2_85565285_A_T_b38	3	1.26597e-04	-1.441e-01	9.450e-02
chr2_85563042_C_T_b38	3	1.19806e-04	-5.640e-02	9.375e-02
chr2_85565281_A_T_b38	3	7.62745e-05	-1.400e-01	9.712e-02
chr2_85553008_G_A_b38	3	6.86131e-05	-1.890e-01	1.013e-01
chr2_85554900_G_A_b38	3	6.86131e-05	-1.890e-01	1.013e-01
chr2_85582580_T_G_b38	3	4.11750e-05	-1.995e-01	1.000e-01
chr2_85582547_C_T_b38	3	4.11750e-05	-1.995e-01	1.000e-01
chr2_85578531_G_A_b38	3	4.11750e-05	-1.995e-01	1.000e-01
chr2_85579143_C_T_b38	3	4.11750e-05	-1.995e-01	1.000e-01
chr2_85574779_C_T_b38	3	3.48010e-05	-1.897e-01	1.012e-01
chr2_85576774_T_C_b38	3	3.48010e-05	-1.897e-01	1.012e-01
chr2_85542852_A_G_b38	3	3.22984e-05	-1.897e-01	1.012e-01
chr2_85538318_T_G_b38	3	3.22984e-05	-1.897e-01	1.012e-01
chr2_85537843_A_T_b38	3	3.22984e-05	-1.897e-01	1.012e-01
chr2_85546536_A_G_b38	3	3.22984e-05	-1.897e-01	1.012e-01
chr2_85537845_T_G_b38	3	3.22984e-05	-1.897e-01	1.012e-01
chr2_85539422_C_T_b38	3	3.22984e-05	-1.897e-01	1.012e-01
chr2_85547705_CAG_C_b38	3	2.31608e-05	-1.897e-01	1.012e-01
chr2_85550147_G_A_b38	3	2.31608e-05	-1.897e-01	1.012e-01
chr2_85556027_GA_G_b38	3	1.98324e-05	-7.695e-02	9.421e-02
chr2_85569284_C_T_b38	3	1.88181e-05	-7.695e-02	9.421e-02
chr2_85511755_G_T_b38	3	1.64490e-05	-1.937e-01	8.951e-02
chr2_85528016_C_T_b38	3	1.46083e-05	-2.177e-01	9.964e-02
chr2_85511821_C_T_b38	3	9.86169e-06	0.000e+00	0.000e+00
chr2_85538082_C_A_b38	3	9.33576e-06	0.000e+00	0.000e+00
chr2_85533868_C_G_b38	3	9.29481e-06	0.000e+00	0.000e+00
chr2_85535086_T_C_b38	3	6.37356e-09	0.000e+00	0.000e+00
chr2_85531229_C_T_b38	3	3.11353e-09	0.000e+00	0.000e+00
chr2_85529943_TG_T_b38	3	3.11353e-09	0.000e+00	0.000e+00
chr2_85526724_C_T_b38	3	3.11353e-09	0.000e+00	0.000e+00
chr2_85526683_C_A_b38	3	3.11353e-09	0.000e+00	0.000e+00
chr2_85526430_G_A_b38	3	3.11353e-09	0.000e+00	0.000e+00
chr2_85525351_A_C_b38	3	3.11353e-09	0.000e+00	0.000e+00
chr2_85520842_C_T_b38	3	1.17361e-09	0.000e+00	0.000e+00
chr2_85515493_A_C_b38	3	7.31322e-10	0.000e+00	0.000e+00
chr2_85593178_A_T_b38	3	3.06549e-10	0.000e+00	0.000e+00
chr2_85596916_G_A_b38	3	1.85262e-10	0.000e+00	0.000e+00
