chr2_85561052_T_A_b38	1	3.41041e-01	6.411e-01	7.853e-02
chr2_85537837_G_T_b38	1	1.45857e-01	6.498e-01	6.992e-02
chr2_85568978_G_C_b38	1	4.95040e-02	6.363e-01	7.615e-02
chr2_85534925_A_T_b38	1	4.42406e-02	6.437e-01	6.991e-02
chr2_85565261_G_A_b38	1	4.35629e-02	6.757e-01	7.777e-02
chr2_85556005_T_G_b38	1	3.85704e-02	6.391e-01	7.563e-02
chr2_85567292_A_G_b38	1	3.00692e-02	6.751e-01	7.369e-02
chr2_85567174_T_C_b38	1	3.00692e-02	6.751e-01	7.369e-02
chr2_85545938_A_G_b38	1	2.11101e-02	6.366e-01	7.483e-02
chr2_85549367_C_CTTTA_b38	1	1.61776e-02	6.410e-01	7.175e-02
chr2_85545425_C_T_b38	1	1.61776e-02	6.410e-01	7.175e-02
chr2_85536883_C_T_b38	1	1.61776e-02	6.410e-01	7.175e-02
chr2_85547553_G_A_b38	1	1.61776e-02	6.410e-01	7.175e-02
chr2_85542588_C_G_b38	1	1.61776e-02	6.410e-01	7.175e-02
chr2_85546531_C_CTG_b38	1	1.61776e-02	6.410e-01	7.175e-02
chr2_85536918_G_A_b38	1	1.61776e-02	6.410e-01	7.175e-02
chr2_85585623_T_C_b38	1	1.21257e-02	6.431e-01	7.141e-02
chr2_85561147_C_A_b38	1	7.79728e-03	5.924e-01	1.344e-01
chr2_85534294_A_C_b38	1	7.15085e-03	6.355e-01	6.859e-02
chr2_85534531_A_G_b38	1	7.15085e-03	6.355e-01	6.859e-02
chr2_85535638_A_G_b38	1	7.15085e-03	6.355e-01	6.859e-02
chr2_85536397_C_T_b38	1	7.15085e-03	6.355e-01	6.859e-02
chr2_85533272_C_T_b38	1	6.53764e-03	6.420e-01	7.002e-02
chr2_85536151_A_G_b38	1	6.53764e-03	6.420e-01	7.002e-02
chr2_85531667_G_A_b38	1	5.19190e-03	6.759e-01	7.134e-02
chr2_85527219_C_A_b38	1	5.19190e-03	6.759e-01	7.134e-02
chr2_85532371_C_T_b38	1	5.19190e-03	6.759e-01	7.134e-02
chr2_85530967_A_G_b38	1	5.19190e-03	6.759e-01	7.134e-02
chr2_85528234_A_G_b38	1	5.19190e-03	6.759e-01	7.134e-02
chr2_85527440_T_C_b38	1	5.19190e-03	6.759e-01	7.134e-02
chr2_85530256_T_C_b38	1	5.19190e-03	6.759e-01	7.134e-02
chr2_85531021_A_T_b38	1	5.19190e-03	6.759e-01	7.134e-02
chr2_85530248_G_A_b38	1	5.19190e-03	6.759e-01	7.134e-02
chr2_85528805_C_T_b38	1	5.19190e-03	6.759e-01	7.134e-02
chr2_85529252_C_G_b38	1	5.19190e-03	6.759e-01	7.134e-02
chr2_85527327_A_C_b38	1	5.19190e-03	6.759e-01	7.134e-02
chr2_85532004_T_C_b38	1	5.19190e-03	6.759e-01	7.134e-02
chr2_85560218_C_T_b38	2	6.56158e-03	2.703e-01	2.025e-01
chr2_85530892_A_G_b38	2	2.86876e-03	5.692e-01	1.970e-01
chr2_85576419_T_C_b38	2	2.32139e-03	4.920e-01	2.591e-01
chr2_85575011_A_T_b38	2	2.32139e-03	4.920e-01	2.591e-01
chr2_85582866_C_T_b38	2	1.73779e-03	4.415e-01	3.063e-01
chr2_85581748_C_T_b38	2	1.58184e-03	3.238e-01	2.265e-01
chr2_85581450_T_C_b38	2	1.58184e-03	3.238e-01	2.265e-01
chr2_85582832_A_G_b38	2	1.58184e-03	3.238e-01	2.265e-01
chr2_85582588_T_C_b38	2	1.39936e-03	4.054e-01	2.749e-01
chr2_85578945_T_C_b38	2	1.39936e-03	4.054e-01	2.749e-01
chr2_85578244_C_A_b38	2	1.39936e-03	4.054e-01	2.749e-01
chr2_85581614_A_G_b38	2	1.16058e-03	3.705e-01	2.506e-01
chr2_85581859_T_C_b38	2	1.16058e-03	3.705e-01	2.506e-01
chr2_85540612_C_T_b38	2	1.08492e-03	3.826e-01	3.255e-01
chr2_85587861_C_T_b38	2	7.12832e-04	3.881e-01	2.119e-01
chr2_85560000_C_T_b38	2	6.75409e-04	7.167e-03	1.005e-01
chr2_85565281_A_T_b38	2	4.53570e-04	-2.679e-02	1.028e-01
chr2_85554900_G_A_b38	2	2.34248e-04	1.990e-02	9.462e-02
chr2_85553008_G_A_b38	2	2.34248e-04	1.990e-02	9.462e-02
chr2_85585661_T_A_b38	2	1.48177e-04	4.249e-02	1.166e-01
chr2_85514249_A_G_b38	2	1.37304e-04	1.351e-01	1.322e-01
chr2_85574779_C_T_b38	2	1.04848e-04	1.990e-02	9.462e-02
chr2_85576774_T_C_b38	2	1.04848e-04	1.990e-02	9.462e-02
chr2_85578531_G_A_b38	2	1.03611e-04	1.660e-02	9.468e-02
chr2_85579143_C_T_b38	2	1.03611e-04	1.660e-02	9.468e-02
chr2_85582547_C_T_b38	2	1.03611e-04	1.660e-02	9.468e-02
chr2_85582580_T_G_b38	2	1.03611e-04	1.660e-02	9.468e-02
chr2_85547705_CAG_C_b38	2	1.01790e-04	2.713e-02	9.379e-02
chr2_85538318_T_G_b38	2	9.93329e-05	1.990e-02	9.462e-02
chr2_85546536_A_G_b38	2	9.93329e-05	1.990e-02	9.462e-02
chr2_85537845_T_G_b38	2	9.93329e-05	1.990e-02	9.462e-02
chr2_85537843_A_T_b38	2	9.93329e-05	1.990e-02	9.462e-02
chr2_85542852_A_G_b38	2	9.93329e-05	1.990e-02	9.462e-02
chr2_85550147_G_A_b38	2	9.93329e-05	1.990e-02	9.462e-02
chr2_85539422_C_T_b38	2	9.93329e-05	1.990e-02	9.462e-02
chr2_85515174_A_G_b38	2	6.27147e-05	8.864e-02	1.289e-01
chr2_85515052_G_T_b38	2	6.20509e-05	-1.855e-01	2.100e-01
chr2_85591365_T_C_b38	2	4.15204e-05	-8.681e-02	8.601e-02
chr2_85528016_C_T_b38	2	2.91229e-05	2.888e-02	9.375e-02
chr2_85533868_C_G_b38	2	2.91229e-05	2.888e-02	9.375e-02
