chr19_43567861_G_T_b38	1	1.70863e-01	3.463e-01	3.984e-02
chr19_43533218_C_G_b38	1	1.56605e-01	3.408e-01	4.028e-02
chr19_43546814_T_C_b38	1	9.96507e-02	3.407e-01	4.015e-02
chr19_43541349_C_T_b38	1	9.86326e-02	3.410e-01	4.035e-02
chr19_43540396_C_T_b38	1	9.86326e-02	3.410e-01	4.035e-02
chr19_43536845_T_C_b38	1	6.96706e-02	3.394e-01	4.024e-02
chr19_43549390_G_A_b38	1	6.91006e-02	3.398e-01	4.025e-02
chr19_43568381_C_T_b38	1	5.58465e-02	3.422e-01	4.002e-02
chr19_43564041_C_T_b38	1	5.58465e-02	3.422e-01	4.002e-02
chr19_43558535_G_A_b38	1	3.44876e-02	3.455e-01	4.091e-02
chr19_43564249_G_A_b38	1	3.07497e-02	3.394e-01	3.994e-02
chr19_43565589_T_A_b38	1	2.31778e-02	3.347e-01	3.965e-02
chr19_43564554_T_C_b38	1	2.31778e-02	3.347e-01	3.965e-02
chr19_43574316_T_G_b38	1	4.74277e-03	3.296e-01	3.942e-02
chr19_43580251_G_A_b38	1	2.72331e-03	3.290e-01	3.918e-02
chr19_43578398_C_A_b38	1	1.85385e-03	3.274e-01	3.928e-02
chr19_43581675_C_T_b38	1	1.85385e-03	3.274e-01	3.928e-02
chr19_43578277_C_A_b38	1	1.85385e-03	3.274e-01	3.928e-02
chr19_43532187_CCTGA_C_b38	2	4.01501e-01	1.715e-01	3.409e-02
chr19_43540734_A_G_b38	2	1.70560e-01	1.670e-01	3.276e-02
chr19_43532265_G_C_b38	2	1.15959e-01	1.616e-01	3.353e-02
chr19_43540041_C_G_b38	2	7.19156e-02	1.619e-01	3.288e-02
chr19_43539296_T_C_b38	2	7.14219e-02	1.618e-01	3.288e-02
chr19_43533176_T_C_b38	2	5.79776e-02	1.585e-01	3.376e-02
chr19_43543398_T_C_b38	2	2.40476e-02	-1.575e-01	3.382e-02
chr19_43539766_AC_A_b38	2	2.03899e-02	1.562e-01	3.386e-02
chr19_43546043_C_T_b38	2	1.81586e-02	1.559e-01	3.405e-02
chr19_43544925_G_A_b38	2	1.77763e-02	1.556e-01	3.401e-02
chr19_43551900_A_G_b38	2	8.26866e-03	1.545e-01	3.323e-02
chr19_43554087_C_T_b38	2	8.23675e-03	-1.544e-01	3.322e-02
chr19_43553075_T_C_b38	2	8.23675e-03	1.544e-01	3.322e-02
chr19_43553946_T_C_b38	2	2.42772e-03	-1.507e-01	3.399e-02
chr19_43537273_G_T_b38	2	4.11736e-04	1.303e-01	3.203e-02
chr19_43527218_C_T_b38	3	2.17433e-01	1.726e-01	4.737e-02
chr19_43527989_G_A_b38	3	1.80181e-01	1.741e-01	4.824e-02
chr19_43534795_G_A_b38	3	5.30984e-02	1.776e-01	4.942e-02
chr19_43545709_G_T_b38	3	2.57128e-02	1.794e-01	4.948e-02
chr19_43511173_A_C_b38	3	2.38153e-02	1.691e-01	4.698e-02
chr19_43549744_G_GGTCTC_b38	3	2.30577e-02	1.776e-01	4.938e-02
chr19_43542576_T_C_b38	3	2.30577e-02	1.776e-01	4.938e-02
chr19_43538047_A_G_b38	3	2.28046e-02	1.774e-01	4.938e-02
chr19_43547432_C_T_b38	3	2.01759e-02	1.762e-01	4.943e-02
chr19_43565880_AGT_A_b38	3	1.77482e-02	1.892e-01	4.942e-02
chr19_43549765_C_G_b38	3	1.08186e-02	1.750e-01	5.117e-02
chr19_43536101_A_G_b38	3	1.08186e-02	1.750e-01	5.117e-02
chr19_43569410_A_G_b38	3	1.00393e-02	1.846e-01	4.958e-02
chr19_43574076_ATTATT_A_b38	3	8.21610e-03	1.876e-01	5.124e-02
chr19_43553422_G_A_b38	3	7.16444e-03	1.807e-01	4.969e-02
chr19_43553896_G_A_b38	3	7.16444e-03	1.807e-01	4.969e-02
chr19_43495843_G_A_b38	3	7.04222e-03	1.691e-01	4.674e-02
chr19_43499033_A_G_b38	3	6.13342e-03	1.674e-01	4.664e-02
chr19_43491087_C_T_b38	3	6.13342e-03	1.674e-01	4.664e-02
chr19_43556501_G_C_b38	3	5.95957e-03	1.779e-01	4.934e-02
chr19_43559254_T_C_b38	3	5.75527e-03	1.796e-01	4.988e-02
chr19_43559250_A_G_b38	3	2.65818e-03	1.748e-01	5.019e-02
chr19_43559255_G_A_b38	3	2.54719e-03	1.742e-01	5.023e-02
chr19_43478653_A_G_b38	3	1.53320e-03	1.624e-01	4.866e-02
chr19_43478186_G_A_b38	3	1.53320e-03	1.624e-01	4.866e-02
chr19_43488685_C_T_b38	3	1.52239e-03	1.567e-01	4.681e-02
chr19_43477478_C_T_b38	3	8.09433e-04	1.593e-01	4.894e-02
chr19_43578285_C_T_b38	3	8.07604e-04	1.775e-01	4.932e-02
chr19_43499065_T_A_b38	3	4.53383e-04	1.414e-01	4.388e-02
chr19_43582149_T_C_b38	3	3.12772e-04	1.731e-01	4.923e-02
chr19_43580742_T_C_b38	3	1.28565e-04	1.696e-01	4.929e-02
chr19_43580738_T_TA_b38	3	1.27584e-04	1.694e-01	4.929e-02
chr19_43530194_A_C_b38	4	4.23867e-03	-1.022e-01	3.578e-02
chr19_43523238_T_C_b38	4	5.00188e-04	-7.281e-02	3.592e-02
chr19_43521049_T_C_b38	4	4.89352e-04	-8.227e-02	3.561e-02
chr19_43526846_C_T_b38	4	4.34551e-04	-7.158e-02	3.649e-02
chr19_43521303_T_C_b38	4	4.21350e-04	-8.250e-02	3.559e-02
chr19_43517614_A_T_b38	4	1.47476e-04	-8.460e-02	3.544e-02
chr19_43521083_T_A_b38	4	3.07211e-05	-6.989e-02	3.647e-02
chr19_43534154_T_C_b38	4	6.97571e-29	0.000e+00	0.000e+00
chr19_43541393_A_G_b38	4	2.70754e-29	0.000e+00	0.000e+00
chr19_43541825_C_T_b38	4	2.66826e-29	0.000e+00	0.000e+00
chr19_43541325_G_T_b38	4	1.74414e-29	0.000e+00	0.000e+00
chr19_43500955_T_C_b38	4	1.85017e-32	0.000e+00	0.000e+00
chr19_43508728_A_G_b38	4	8.64974e-33	0.000e+00	0.000e+00
chr19_43520790_G_T_b38	4	8.55292e-33	0.000e+00	0.000e+00
chr19_43500267_T_C_b38	4	5.04528e-33	0.000e+00	0.000e+00
chr19_43502860_G_A_b38	4	3.95120e-33	0.000e+00	0.000e+00
chr19_43500414_A_G_b38	4	3.62863e-33	0.000e+00	0.000e+00
chr19_43503007_A_T_b38	4	3.61988e-33	0.000e+00	0.000e+00
chr19_43502996_TA_T_b38	4	3.61988e-33	0.000e+00	0.000e+00
chr19_43502998_GATCTGT_G_b38	4	3.61988e-33	0.000e+00	0.000e+00
chr19_43513773_A_G_b38	4	3.53500e-33	0.000e+00	0.000e+00
chr19_43503009_TA_T_b38	4	2.75992e-33	0.000e+00	0.000e+00
chr19_43509108_G_A_b38	4	2.75296e-33	0.000e+00	0.000e+00
chr19_43508457_T_C_b38	4	1.03448e-33	0.000e+00	0.000e+00
chr19_43483798_C_T_b38	4	6.82905e-34	0.000e+00	0.000e+00
chr19_43495140_G_GGTCTGAGGGAGGAGGAGACTCGGGGCAGGACCCCTGA_b38	4	9.52425e-36	0.000e+00	0.000e+00
