chr3_113110595_G_A_b38	1	1.51980e-01	-7.179e-01	7.749e-02
chr3_113110314_G_C_b38	1	1.51976e-01	-7.179e-01	7.749e-02
chr3_113110550_T_C_b38	1	1.51976e-01	-7.179e-01	7.749e-02
chr3_113108538_T_C_b38	1	1.51976e-01	-7.179e-01	7.749e-02
chr3_113109431_G_T_b38	1	1.25985e-01	-7.238e-01	7.802e-02
chr3_113106726_A_G_b38	1	1.25903e-01	-7.238e-01	7.802e-02
chr3_113107834_C_T_b38	1	1.25903e-01	-7.238e-01	7.802e-02
chr3_113107783_G_A_b38	1	2.81338e-03	-6.895e-01	7.994e-02
chr3_113107815_G_A_b38	1	2.81338e-03	-6.895e-01	7.994e-02
chr3_113107568_A_T_b38	1	2.81338e-03	-6.895e-01	7.994e-02
chr3_113107406_C_T_b38	1	2.81338e-03	-6.895e-01	7.994e-02
chr3_113106788_G_A_b38	1	2.81338e-03	-6.895e-01	7.994e-02
chr3_113019471_C_T_b38	2	2.25120e-01	-2.568e-01	8.727e-02
chr3_113019778_C_T_b38	2	4.84593e-02	-2.112e-01	9.205e-02
chr3_113021298_C_T_b38	2	9.84427e-03	-2.225e-01	9.417e-02
chr3_113018940_A_G_b38	2	4.87731e-03	-1.428e-01	9.115e-02
chr3_113014633_A_G_b38	2	2.20095e-03	-1.867e-01	1.008e-01
chr3_113043940_A_T_b38	3	5.09611e-02	-6.269e-01	1.553e-01
chr3_113046317_G_A_b38	3	1.73706e-02	-6.267e-01	1.552e-01
chr3_113003713_A_AAAGAT_b38	3	1.09128e-02	-5.983e-01	1.675e-01
chr3_113030157_G_A_b38	3	9.10572e-03	-5.066e-01	1.454e-01
chr3_113056978_G_A_b38	3	6.62269e-04	-4.440e-01	1.447e-01
chr3_113092350_G_A_b38	3	4.86971e-04	-4.799e-01	1.394e-01
chr3_112887548_CAGGAGAAAA_C_b38	3	4.13672e-04	-6.879e-01	1.708e-01
chr3_112887557_A_ATC_b38	3	4.13672e-04	-6.879e-01	1.708e-01
chr3_112916318_T_C_b38	3	4.13672e-04	-6.879e-01	1.708e-01
chr3_112948551_G_T_b38	3	9.28347e-16	0.000e+00	0.000e+00
chr3_112956813_G_T_b38	3	9.28347e-16	0.000e+00	0.000e+00
chr3_112921952_A_G_b38	3	9.28347e-16	0.000e+00	0.000e+00
chr3_113020058_C_T_b38	4	7.96580e-04	3.168e-01	2.029e-01
chr3_113021582_T_A_b38	4	4.06184e-04	3.110e-01	2.020e-01
chr3_112997605_T_C_b38	4	4.12989e-05	0.000e+00	0.000e+00
chr3_113003115_G_T_b38	4	4.12989e-05	0.000e+00	0.000e+00
chr3_113003479_G_C_b38	4	3.46455e-15	0.000e+00	0.000e+00
chr3_112976914_T_A_b38	4	1.67407e-15	0.000e+00	0.000e+00
chr3_112985599_C_T_b38	4	1.67407e-15	0.000e+00	0.000e+00
chr3_112980138_T_C_b38	4	1.67407e-15	0.000e+00	0.000e+00
chr3_112978370_A_G_b38	4	1.67407e-15	0.000e+00	0.000e+00
chr3_112982610_T_A_b38	4	1.67407e-15	0.000e+00	0.000e+00
chr3_112982279_T_C_b38	4	1.61474e-15	0.000e+00	0.000e+00
chr3_112989647_G_T_b38	4	1.61474e-15	0.000e+00	0.000e+00
