chr8_141206778_C_T_b38	1	1.94519e-01	-2.169e-01	3.755e-02
chr8_141206462_A_AC_b38	1	1.31605e-01	-2.129e-01	3.735e-02
chr8_141222605_G_A_b38	1	1.18657e-01	-2.137e-01	3.763e-02
chr8_141222500_TTAAG_T_b38	1	1.18657e-01	-2.137e-01	3.763e-02
chr8_141219079_G_A_b38	1	8.59523e-02	-2.105e-01	3.751e-02
chr8_141225055_C_A_b38	1	7.92359e-02	-2.108e-01	3.769e-02
chr8_141226238_G_A_b38	1	5.94242e-02	-2.092e-01	3.775e-02
chr8_141216009_C_T_b38	1	5.46431e-02	-2.045e-01	3.695e-02
chr8_141218810_G_A_b38	1	4.24970e-02	-2.045e-01	3.736e-02
chr8_141194227_C_G_b38	1	2.19905e-02	-1.922e-01	3.446e-02
chr8_141216724_G_GC_b38	1	1.84865e-02	-1.987e-01	3.743e-02
chr8_141194633_AT_A_b38	1	1.71320e-02	-1.920e-01	3.470e-02
chr8_141207073_C_T_b38	1	1.26702e-02	-2.060e-01	3.921e-02
chr8_141200782_C_T_b38	1	1.14605e-02	-1.907e-01	3.498e-02
chr8_141195033_G_A_b38	1	7.90580e-03	-1.869e-01	3.473e-02
chr8_141205133_A_T_b38	1	5.96398e-03	-1.982e-01	3.888e-02
chr8_141206377_G_C_b38	1	3.91828e-03	-1.762e-01	3.508e-02
chr8_141196806_G_C_b38	1	3.59063e-03	-1.829e-01	3.487e-02
chr8_141199444_C_T_b38	1	2.70946e-03	-1.886e-01	3.637e-02
chr8_141175619_T_C_b38	2	9.90673e-02	1.590e-01	3.736e-02
chr8_141176474_A_G_b38	2	8.41514e-02	1.570e-01	3.727e-02
chr8_141177940_C_T_b38	2	6.93723e-02	1.566e-01	3.753e-02
chr8_141178608_A_T_b38	2	3.25727e-02	1.507e-01	3.793e-02
chr8_141176864_G_A_b38	2	3.10826e-02	1.563e-01	3.948e-02
chr8_141180933_T_G_b38	2	1.22121e-02	1.418e-01	3.807e-02
chr8_141182470_G_A_b38	2	1.08632e-02	1.315e-01	3.571e-02
chr8_141175481_G_A_b38	2	5.94614e-03	1.372e-01	3.902e-02
chr8_141182443_G_A_b38	2	3.28089e-03	1.220e-01	3.661e-02
chr8_141163590_A_T_b38	2	1.28708e-04	1.099e-01	4.168e-02
chr8_141255128_C_T_b38	3	2.76039e-03	3.413e-02	3.831e-02
chr8_141253792_T_C_b38	3	9.42518e-04	3.763e-02	3.697e-02
chr8_141276947_C_T_b38	3	4.93121e-04	1.364e-01	6.415e-02
chr8_141251982_G_A_b38	3	5.79415e-05	4.633e-02	3.791e-02
chr8_141250063_C_T_b38	3	5.68027e-05	4.592e-02	3.810e-02
chr8_141248418_T_C_b38	3	5.90741e-07	0.000e+00	0.000e+00
chr8_141276208_A_C_b38	3	4.47379e-07	0.000e+00	0.000e+00
chr8_141250781_C_T_b38	3	2.94071e-07	0.000e+00	0.000e+00
chr8_141276510_T_C_b38	3	2.50562e-07	0.000e+00	0.000e+00
chr8_141277670_T_C_b38	3	2.18700e-07	0.000e+00	0.000e+00
chr8_141259240_G_A_b38	3	1.98591e-07	0.000e+00	0.000e+00
chr8_141267521_A_G_b38	3	1.85642e-07	0.000e+00	0.000e+00
chr8_141256592_A_C_b38	3	1.83220e-07	0.000e+00	0.000e+00
chr8_141255695_A_G_b38	3	1.80776e-07	0.000e+00	0.000e+00
chr8_141252314_G_A_b38	3	1.50844e-07	0.000e+00	0.000e+00
chr8_141282703_A_G_b38	3	1.49473e-07	0.000e+00	0.000e+00
chr8_141270693_A_G_b38	3	1.48477e-07	0.000e+00	0.000e+00
chr8_141249128_C_G_b38	3	1.48011e-07	0.000e+00	0.000e+00
chr8_141285649_G_C_b38	3	1.26473e-07	0.000e+00	0.000e+00
chr8_141262928_A_G_b38	3	1.22717e-07	0.000e+00	0.000e+00
chr8_141296101_T_C_b38	3	1.22505e-07	0.000e+00	0.000e+00
chr8_141297650_C_T_b38	3	1.21157e-07	0.000e+00	0.000e+00
chr8_141296924_C_G_b38	3	1.21157e-07	0.000e+00	0.000e+00
chr8_141297654_A_G_b38	3	1.21157e-07	0.000e+00	0.000e+00
chr8_141298566_G_C_b38	3	1.15159e-07	0.000e+00	0.000e+00
chr8_141298638_G_A_b38	3	1.15159e-07	0.000e+00	0.000e+00
chr8_141296705_G_A_b38	3	1.13011e-07	0.000e+00	0.000e+00
chr8_141298567_G_A_b38	3	1.12215e-07	0.000e+00	0.000e+00
chr8_141270923_C_G_b38	3	1.05629e-07	0.000e+00	0.000e+00
chr8_141260644_C_T_b38	3	1.03556e-07	0.000e+00	0.000e+00
chr8_141250133_G_T_b38	3	9.63657e-08	0.000e+00	0.000e+00
chr8_141251519_A_G_b38	3	9.52729e-08	0.000e+00	0.000e+00
chr8_141251594_G_A_b38	3	9.49364e-08	0.000e+00	0.000e+00
chr8_141279876_T_C_b38	3	9.42211e-08	0.000e+00	0.000e+00
chr8_141251256_T_C_b38	3	9.37240e-08	0.000e+00	0.000e+00
chr8_141276980_C_T_b38	3	9.25754e-08	0.000e+00	0.000e+00
chr8_141270666_C_T_b38	3	8.18091e-08	0.000e+00	0.000e+00
chr8_141281113_T_C_b38	3	7.82116e-08	0.000e+00	0.000e+00
chr8_141264533_T_G_b38	3	7.70781e-08	0.000e+00	0.000e+00
chr8_141260351_A_C_b38	3	7.51003e-08	0.000e+00	0.000e+00
chr8_141247407_A_C_b38	3	6.62337e-08	0.000e+00	0.000e+00
chr8_141277639_T_G_b38	3	6.59879e-08	0.000e+00	0.000e+00
chr8_141262112_T_G_b38	3	6.41371e-08	0.000e+00	0.000e+00
chr8_141248790_A_G_b38	3	6.31006e-08	0.000e+00	0.000e+00
chr8_141274850_C_T_b38	3	6.07780e-08	0.000e+00	0.000e+00
chr8_141274842_C_T_b38	3	5.68993e-08	0.000e+00	0.000e+00
chr8_141275575_T_C_b38	3	5.62053e-08	0.000e+00	0.000e+00
chr8_141259775_A_G_b38	3	5.25667e-08	0.000e+00	0.000e+00
chr8_141268856_C_T_b38	3	3.96138e-08	0.000e+00	0.000e+00
chr8_141297076_C_T_b38	3	3.82602e-08	0.000e+00	0.000e+00
chr8_141278281_G_A_b38	3	3.38222e-08	0.000e+00	0.000e+00
chr8_141295693_T_C_b38	3	3.35791e-08	0.000e+00	0.000e+00
chr8_141273466_G_A_b38	3	3.18138e-08	0.000e+00	0.000e+00
chr8_141288785_A_G_b38	3	2.96212e-08	0.000e+00	0.000e+00
chr8_141271907_T_C_b38	3	2.87416e-08	0.000e+00	0.000e+00
chr8_141269984_T_C_b38	3	2.83570e-08	0.000e+00	0.000e+00
