chr11_61814184_G_A_b38	1	9.55927e-01	2.831e-01	3.926e-02
chr11_61792609_G_A_b38	1	2.16174e-02	2.167e-01	6.093e-02
chr11_61828092_C_T_b38	2	2.58883e-02	1.982e-01	8.177e-02
chr11_61831875_G_A_b38	2	2.18651e-02	1.896e-01	7.860e-02
chr11_61850697_A_G_b38	2	5.24115e-03	1.569e-01	5.793e-02
chr11_61788567_A_C_b38	2	5.02180e-03	1.759e-01	7.879e-02
chr11_61838141_C_T_b38	2	4.56585e-03	1.119e-01	4.678e-02
chr11_61779596_G_A_b38	2	4.05360e-03	1.555e-01	6.616e-02
chr11_61832855_G_A_b38	2	2.12290e-03	8.821e-02	4.213e-02
chr11_61830816_C_T_b38	2	1.69257e-03	8.444e-02	4.271e-02
chr11_62024415_A_T_b38	3	3.70523e-04	-2.297e-01	6.032e-02
chr11_62024805_A_G_b38	3	1.47065e-05	0.000e+00	0.000e+00
chr11_62028114_T_G_b38	3	1.21241e-05	0.000e+00	0.000e+00
