chr12_6749805_C_T_b38	1	1.44262e-01	1.935e-01	3.406e-02
chr12_6748497_C_CA_b38	1	1.44262e-01	1.935e-01	3.406e-02
chr12_6750563_G_A_b38	1	1.44262e-01	1.935e-01	3.406e-02
chr12_6750025_G_A_b38	1	1.44262e-01	1.935e-01	3.406e-02
chr12_6746074_T_C_b38	1	6.01987e-02	1.913e-01	3.463e-02
chr12_6750864_C_T_b38	1	6.01987e-02	1.913e-01	3.463e-02
chr12_6751349_A_G_b38	1	6.01987e-02	1.913e-01	3.463e-02
chr12_6749302_TGGA_T_b38	1	6.01987e-02	1.913e-01	3.463e-02
chr12_6749199_G_A_b38	1	6.01987e-02	1.913e-01	3.463e-02
chr12_6752217_AC_A_b38	1	5.37903e-02	1.911e-01	3.475e-02
chr12_6748960_G_A_b38	1	3.08860e-02	1.903e-01	3.527e-02
chr12_6744600_G_A_b38	1	3.08860e-02	1.903e-01	3.527e-02
chr12_6744728_TTAA_T_b38	1	5.17127e-03	1.850e-01	3.683e-02
chr12_6752762_G_T_b38	2	9.77163e-01	-2.945e-01	5.663e-02
chr12_6767122_G_C_b38	3	5.21159e-03	-1.443e-02	3.092e-02
chr12_6768555_C_T_b38	3	1.60519e-03	-3.658e-02	3.123e-02
chr12_6769024_G_A_b38	3	1.23095e-03	-2.319e-02	3.324e-02
chr12_6762543_G_A_b38	3	5.45619e-04	-5.660e-03	3.100e-02
chr12_6762725_C_T_b38	3	4.94807e-04	-4.635e-03	2.749e-02
chr12_6762933_G_A_b38	3	4.86370e-04	-1.703e-03	2.755e-02
chr12_6761118_A_G_b38	3	4.54529e-04	-2.539e-02	3.267e-02
chr12_6759367_A_AT_b38	3	2.73007e-04	-5.614e-03	2.752e-02
chr12_6759424_C_G_b38	3	2.73007e-04	-5.614e-03	2.752e-02
chr12_6757661_T_G_b38	3	2.66463e-04	2.145e-03	2.788e-02
chr12_6759334_T_C_b38	3	2.66288e-04	1.863e-03	2.786e-02
chr12_6759316_T_C_b38	3	2.65887e-04	1.460e-03	2.781e-02
chr12_6762037_C_G_b38	3	2.64794e-04	1.144e-04	2.765e-02
chr12_6761711_A_G_b38	3	2.64794e-04	1.144e-04	2.765e-02
chr12_6760986_G_A_b38	3	2.64794e-04	1.144e-04	2.765e-02
chr12_6761668_A_G_b38	3	2.64794e-04	1.144e-04	2.765e-02
chr12_6761276_T_C_b38	3	2.64794e-04	1.144e-04	2.765e-02
chr12_6761697_G_C_b38	3	2.64050e-04	2.111e-03	2.759e-02
chr12_6755724_A_G_b38	3	1.20128e-04	2.494e-03	2.783e-02
chr12_6753093_G_C_b38	3	1.18632e-04	-5.102e-03	2.762e-02
chr12_6756947_A_G_b38	3	1.16601e-04	-3.843e-03	2.741e-02
