chr19_57353714_T_C_b38	1	9.82465e-01	4.446e-01	8.282e-02
chr19_57359773_C_A_b38	1	1.56242e-02	4.071e-01	8.505e-02
chr19_57354163_C_A_b38	2	6.93700e-01	2.748e-01	6.787e-02
chr19_57358779_G_A_b38	2	6.41178e-02	2.552e-01	7.091e-02
chr19_57360805_G_C_b38	2	5.57172e-02	2.468e-01	6.947e-02
chr19_57360806_C_T_b38	2	5.16925e-02	2.510e-01	7.095e-02
chr19_57363586_C_G_b38	2	2.86800e-02	2.418e-01	6.766e-02
chr19_57367730_G_T_b38	2	2.66085e-02	2.420e-01	6.829e-02
chr19_57367204_G_A_b38	2	2.62472e-02	2.467e-01	6.946e-02
chr19_57366826_G_T_b38	2	2.27525e-02	2.386e-01	6.798e-02
chr19_57348281_T_C_b38	3	3.62652e-02	-2.700e-01	9.386e-02
chr19_57342127_T_C_b38	3	2.38836e-02	-2.788e-01	9.465e-02
chr19_57345834_T_C_b38	3	2.38836e-02	-2.788e-01	9.465e-02
chr19_57345774_C_A_b38	3	2.38836e-02	-2.788e-01	9.465e-02
chr19_57351088_A_G_b38	3	2.24118e-02	-2.445e-01	1.161e-01
chr19_57350775_A_G_b38	3	2.04028e-02	-2.401e-01	9.624e-02
chr19_57340150_T_C_b38	3	1.47446e-02	-2.786e-01	9.375e-02
chr19_57338500_G_A_b38	3	1.47446e-02	-2.786e-01	9.375e-02
chr19_57350957_C_G_b38	3	6.08498e-03	-2.173e-01	1.154e-01
chr19_57350932_G_GAGA_b38	3	6.08498e-03	-2.173e-01	1.154e-01
chr19_57321930_G_A_b38	3	3.77088e-03	-3.011e-01	1.056e-01
chr19_57334097_G_A_b38	3	2.52068e-03	-2.334e-01	9.940e-02
chr19_57331247_A_G_b38	3	2.06860e-03	-2.262e-01	9.850e-02
chr19_57330364_G_A_b38	3	2.06860e-03	-2.262e-01	9.850e-02
chr19_57332054_G_A_b38	3	2.06860e-03	-2.262e-01	9.850e-02
chr19_57330213_T_G_b38	3	1.41322e-03	-2.150e-01	1.026e-01
chr19_57318171_T_C_b38	3	8.17460e-04	-2.548e-01	1.120e-01
chr19_57326924_G_A_b38	3	7.61674e-04	-2.242e-01	9.786e-02
chr19_57325950_G_A_b38	3	7.61674e-04	-2.242e-01	9.786e-02
chr19_57351914_G_A_b38	4	1.22315e-02	-2.176e-01	9.813e-02
chr19_57353120_A_G_b38	4	1.05688e-03	-2.328e-01	1.086e-01
chr19_57350034_G_A_b38	4	6.84689e-04	-1.814e-01	9.339e-02
chr19_57348443_A_G_b38	4	4.28838e-04	-1.778e-01	9.426e-02
chr19_57343948_C_A_b38	4	4.61201e-05	-1.764e-01	9.369e-02
chr19_57361443_T_C_b38	4	3.72342e-05	-1.696e-01	1.129e-01
chr19_57358513_C_G_b38	4	3.72342e-05	-1.696e-01	1.129e-01
chr19_57360982_A_C_b38	4	1.05860e-22	0.000e+00	0.000e+00
chr19_57357511_T_C_b38	4	8.11551e-23	0.000e+00	0.000e+00
chr19_57328322_A_T_b38	4	5.48861e-23	0.000e+00	0.000e+00
chr19_57367137_C_T_b38	4	5.38935e-23	0.000e+00	0.000e+00
chr19_57363011_C_CA_b38	4	5.38935e-23	0.000e+00	0.000e+00
chr19_57331106_G_A_b38	4	4.95716e-23	0.000e+00	0.000e+00
chr19_57332847_A_T_b38	4	4.84164e-23	0.000e+00	0.000e+00
chr19_57337626_T_C_b38	4	4.64598e-23	0.000e+00	0.000e+00
chr19_57336634_C_T_b38	4	4.64598e-23	0.000e+00	0.000e+00
chr19_57337734_G_A_b38	4	4.64598e-23	0.000e+00	0.000e+00
chr19_57338184_C_G_b38	4	4.64598e-23	0.000e+00	0.000e+00
chr19_57333861_C_T_b38	4	4.37449e-23	0.000e+00	0.000e+00
chr19_57324472_T_C_b38	4	2.35830e-23	0.000e+00	0.000e+00
chr19_57324468_G_C_b38	4	2.35830e-23	0.000e+00	0.000e+00
