chr7_26357619_C_A_b38	1	9.99979e-01	2.325e-01	2.829e-02
chr7_26156058_G_A_b38	2	2.69595e-02	-3.094e-01	7.168e-02
chr7_26142567_C_T_b38	2	1.43921e-03	-2.417e-01	6.977e-02
chr7_26312819_A_C_b38	2	7.82605e-04	-9.927e-02	8.199e-02
chr7_26324639_G_T_b38	2	3.35681e-04	-1.136e-01	8.404e-02
chr7_26324638_G_A_b38	2	3.35681e-04	-1.136e-01	8.404e-02
chr7_26323495_G_A_b38	2	2.86567e-04	-9.927e-02	8.199e-02
chr7_26324153_A_G_b38	2	2.86567e-04	-9.927e-02	8.199e-02
chr7_26325993_G_C_b38	2	2.86567e-04	-9.927e-02	8.199e-02
chr7_26043617_A_T_b38	2	2.80914e-04	-1.913e-01	6.667e-02
chr7_26291373_C_G_b38	3	1.55283e-04	5.632e-02	8.363e-02
chr7_26315638_T_C_b38	3	2.12795e-05	-5.463e-02	7.601e-02
chr7_26311586_T_C_b38	3	1.58422e-05	-2.386e-02	7.732e-02
chr7_26304297_T_C_b38	3	1.02878e-05	0.000e+00	0.000e+00
chr7_26320406_ATCT_A_b38	3	6.36604e-06	0.000e+00	0.000e+00
chr7_26317731_C_T_b38	3	5.91640e-06	0.000e+00	0.000e+00
chr7_26327660_A_T_b38	3	5.76766e-06	0.000e+00	0.000e+00
chr7_26317725_C_T_b38	3	5.75935e-06	0.000e+00	0.000e+00
chr7_26338000_C_T_b38	3	4.81318e-06	0.000e+00	0.000e+00
chr7_26339074_C_A_b38	3	4.75361e-06	0.000e+00	0.000e+00
chr7_26340372_A_T_b38	3	4.75361e-06	0.000e+00	0.000e+00
chr7_26357157_G_T_b38	3	2.81524e-06	0.000e+00	0.000e+00
chr7_26346727_C_G_b38	3	2.40257e-06	0.000e+00	0.000e+00
chr7_26352462_A_G_b38	3	2.13721e-06	0.000e+00	0.000e+00
chr7_26347710_C_T_b38	3	1.75770e-06	0.000e+00	0.000e+00
chr7_26347961_G_T_b38	3	1.75770e-06	0.000e+00	0.000e+00
chr7_26351899_G_T_b38	3	1.52559e-06	0.000e+00	0.000e+00
chr7_26362446_C_G_b38	3	1.46805e-06	0.000e+00	0.000e+00
chr7_26363622_G_A_b38	3	1.46805e-06	0.000e+00	0.000e+00
chr7_26355935_C_A_b38	3	1.39660e-06	0.000e+00	0.000e+00
