chr1_36309762_TTG_T_b38	1	1.86233e-01	1.553e-01	4.454e-02
chr1_36319669_C_T_b38	1	1.60902e-01	1.704e-01	4.439e-02
chr1_36300311_C_T_b38	1	1.02901e-01	1.553e-01	4.455e-02
chr1_36329413_CTT_C_b38	1	6.57786e-02	1.593e-01	4.480e-02
chr1_36325579_C_G_b38	1	6.36776e-02	1.579e-01	4.453e-02
chr1_36332226_G_A_b38	1	6.23551e-02	1.704e-01	4.449e-02
chr1_36326125_C_A_b38	1	5.81825e-02	1.575e-01	4.470e-02
chr1_36263197_TC_T_b38	1	2.47927e-02	1.588e-01	4.434e-02
chr1_36333447_G_A_b38	1	1.76391e-02	1.406e-01	4.097e-02
chr1_36294989_C_T_b38	2	1.45694e-01	-1.386e-01	3.889e-02
chr1_36286551_C_T_b38	2	1.37737e-01	-1.365e-01	3.845e-02
chr1_36323945_A_G_b38	2	1.03258e-01	-1.359e-01	3.908e-02
chr1_36307804_T_G_b38	2	9.80659e-02	1.509e-01	4.081e-02
chr1_36292460_C_T_b38	2	9.21877e-02	-1.342e-01	3.897e-02
chr1_36322287_G_A_b38	2	6.52578e-02	-1.302e-01	3.871e-02
chr1_36246432_C_T_b38	2	7.71193e-03	-1.304e-01	3.896e-02
chr1_36233260_C_T_b38	2	4.55649e-03	-1.232e-01	3.844e-02
chr1_36215772_A_G_b38	2	2.46565e-03	1.194e-01	3.687e-02
chr1_36220137_A_G_b38	2	1.25765e-03	1.137e-01	3.638e-02
chr1_36302599_G_A_b38	3	1.30285e-03	-1.306e-01	8.554e-02
chr1_36302051_G_C_b38	3	1.30285e-03	-1.306e-01	8.554e-02
chr1_36299169_G_A_b38	3	5.70324e-04	-1.300e-01	8.531e-02
chr1_36316530_T_C_b38	3	5.46564e-04	-2.200e-01	1.095e-01
chr1_36290481_C_T_b38	3	1.53990e-04	-1.275e-01	8.485e-02
chr1_36330845_T_C_b38	3	7.45884e-08	0.000e+00	0.000e+00
chr1_36257087_G_A_b38	3	3.65754e-08	0.000e+00	0.000e+00
chr1_36277409_A_G_b38	3	3.65754e-08	0.000e+00	0.000e+00
chr1_36278142_G_A_b38	3	3.65754e-08	0.000e+00	0.000e+00
chr1_36229298_G_A_b38	3	1.25917e-08	0.000e+00	0.000e+00
chr1_36235306_A_G_b38	3	1.25917e-08	0.000e+00	0.000e+00
chr1_36253369_G_C_b38	3	1.25917e-08	0.000e+00	0.000e+00
chr1_36232163_C_A_b38	3	1.25917e-08	0.000e+00	0.000e+00
chr1_36232955_A_ACCTCTG_b38	3	1.10935e-08	0.000e+00	0.000e+00
