chr1_37990219_G_C_b38	1	2.82557e-01	-3.097e-01	4.627e-02
chr1_37996149_C_T_b38	1	1.94135e-01	-3.161e-01	4.882e-02
chr1_37990434_G_A_b38	1	1.81550e-01	3.123e-01	4.796e-02
chr1_37997832_C_T_b38	1	8.97972e-02	3.150e-01	5.005e-02
chr1_37968634_G_A_b38	1	4.18835e-02	3.047e-01	4.701e-02
chr1_37941342_C_T_b38	1	2.10678e-02	-3.115e-01	4.684e-02
chr1_37943174_A_G_b38	1	2.10678e-02	-3.115e-01	4.684e-02
chr1_37941474_A_G_b38	1	2.10678e-02	-3.115e-01	4.684e-02
chr1_37934886_C_T_b38	1	2.10678e-02	-3.115e-01	4.684e-02
chr1_37943196_C_G_b38	1	2.10678e-02	-3.115e-01	4.684e-02
chr1_37936787_G_A_b38	1	2.10678e-02	-3.115e-01	4.684e-02
chr1_37939585_T_C_b38	1	2.10678e-02	-3.115e-01	4.684e-02
chr1_37942291_G_A_b38	1	2.10678e-02	-3.115e-01	4.684e-02
chr1_37939686_A_G_b38	1	1.30706e-02	-3.098e-01	4.733e-02
chr1_37932916_T_C_b38	1	1.09367e-02	-3.051e-01	4.673e-02
chr1_37979982_T_A_b38	1	6.06990e-03	2.962e-01	4.818e-02
chr1_37931697_C_T_b38	1	2.76123e-03	-2.956e-01	4.723e-02
chr1_37931669_G_A_b38	1	2.76123e-03	-2.956e-01	4.723e-02
chr1_37942492_G_A_b38	1	2.72974e-03	-2.944e-01	4.706e-02
chr1_38014433_G_T_b38	2	2.95516e-02	1.677e-01	5.166e-02
chr1_38010847_C_T_b38	2	2.49829e-02	1.615e-01	5.050e-02
chr1_38025593_C_T_b38	2	1.36463e-02	1.648e-01	5.105e-02
chr1_38048781_C_T_b38	2	6.31881e-04	1.342e-01	5.126e-02
chr1_38001236_C_T_b38	3	4.22546e-04	-3.413e-01	1.525e-01
