chr1_109274570_A_G_b38	1	6.75288e-01	6.068e-01	2.373e-02
chr1_109274968_G_T_b38	1	3.24705e-01	6.062e-01	2.380e-02
chr1_109241404_T_C_b38	2	4.44775e-01	-1.949e-01	1.977e-02
chr1_109241026_T_C_b38	2	4.44775e-01	-1.949e-01	1.977e-02
chr1_109242159_A_G_b38	2	1.00083e-01	-1.915e-01	1.986e-02
chr1_109241238_G_A_b38	2	1.03599e-02	1.916e-01	2.042e-02
chr1_109255006_C_A_b38	3	6.66057e-03	-7.989e-02	3.404e-02
chr1_109255004_GC_G_b38	3	6.66057e-03	-7.989e-02	3.404e-02
chr1_109272099_G_A_b38	3	2.88895e-03	-8.453e-02	3.311e-02
chr1_109277144_T_C_b38	3	1.60355e-03	-9.252e-02	3.466e-02
chr1_109257159_G_A_b38	3	1.36122e-03	-5.772e-02	3.218e-02
chr1_109259611_C_T_b38	3	1.30777e-03	-5.720e-02	3.242e-02
chr1_109256953_C_T_b38	3	1.26565e-03	-5.636e-02	3.224e-02
chr1_109279782_G_A_b38	3	1.05471e-03	-8.212e-02	3.270e-02
chr1_109258005_A_T_b38	3	9.72308e-04	-5.014e-02	3.164e-02
chr1_109275325_C_T_b38	3	9.63669e-04	-9.784e-02	4.088e-02
chr1_109275648_C_T_b38	3	9.58312e-04	-8.078e-02	3.281e-02
chr1_109265495_C_T_b38	3	9.15333e-04	-6.845e-02	3.467e-02
chr1_109279887_T_C_b38	3	5.89418e-04	-7.022e-02	3.104e-02
chr1_109258499_C_T_b38	3	4.83026e-04	-3.161e-02	3.018e-02
chr1_109256772_T_G_b38	3	4.71144e-04	-3.096e-02	3.018e-02
chr1_109259778_C_T_b38	3	4.57745e-04	-2.988e-02	3.061e-02
chr1_109256622_T_C_b38	3	4.41142e-04	-2.879e-02	3.006e-02
chr1_109257509_A_G_b38	3	4.41142e-04	-2.879e-02	3.006e-02
chr1_109259306_T_C_b38	3	4.38688e-04	-2.854e-02	3.027e-02
chr1_109259409_G_A_b38	3	4.38688e-04	-2.854e-02	3.027e-02
chr1_109257892_C_T_b38	3	4.24171e-04	-2.751e-02	3.010e-02
chr1_109257596_G_C_b38	3	3.60052e-04	-2.332e-02	3.002e-02
chr1_109263691_T_C_b38	3	1.83653e-04	-2.891e-02	3.056e-02
chr1_109250113_A_ACGC_b38	4	9.39138e-05	0.000e+00	0.000e+00
chr1_109253431_C_T_b38	4	5.79416e-06	0.000e+00	0.000e+00
