chr16_75149066_A_AG_b38	1	9.99913e-01	-1.500e+00	1.289e-01
chr16_75148191_A_C_b38	2	5.52769e-01	2.084e-01	6.720e-02
chr16_75148249_G_A_b38	2	1.81460e-01	-1.653e-01	7.047e-02
chr16_75148456_G_C_b38	2	1.81460e-01	-1.653e-01	7.047e-02
chr16_75150763_C_T_b38	2	2.48827e-02	-1.604e-01	6.957e-02
chr16_75151866_C_T_b38	2	1.50896e-02	-1.604e-01	6.957e-02
chr16_75170427_C_T_b38	2	1.21212e-02	-1.745e-01	6.873e-02
chr16_75153567_G_A_b38	2	1.03893e-02	-1.604e-01	6.957e-02
chr16_75167364_A_G_b38	2	7.73500e-03	-1.629e-01	6.943e-02
chr16_75157804_G_T_b38	2	5.61781e-03	1.712e-01	6.435e-02
chr16_75147681_G_C_b38	2	1.83053e-03	3.615e-01	5.707e-02
chr16_75155284_G_A_b38	2	1.07075e-03	3.691e-01	5.914e-02
chr16_75146782_T_C_b38	2	9.57752e-04	3.655e-01	5.697e-02
chr16_75146861_G_T_b38	2	9.57752e-04	3.655e-01	5.697e-02
chr16_75146616_A_G_b38	2	9.57752e-04	3.655e-01	5.697e-02
chr16_75170545_T_C_b38	2	5.73910e-04	3.640e-01	5.770e-02
chr16_75147656_T_C_b38	2	4.68376e-04	3.455e-01	5.798e-02
chr16_75147072_G_C_b38	2	4.65701e-04	3.598e-01	5.749e-02
chr16_75153712_C_G_b38	2	3.19076e-04	3.572e-01	5.920e-02
chr16_75139178_G_A_b38	2	2.20432e-04	3.412e-01	5.740e-02
chr16_75168832_G_A_b38	2	1.68658e-04	3.553e-01	5.907e-02
chr16_75166139_G_A_b38	2	1.68658e-04	3.553e-01	5.907e-02
chr16_75168094_T_C_b38	2	1.21814e-04	-1.561e-01	6.869e-02
chr16_75138442_A_G_b38	2	1.06728e-04	3.412e-01	5.740e-02
chr16_75149019_G_T_b38	3	3.76638e-01	-1.291e+00	1.238e-01
chr16_75149484_C_T_b38	3	3.41585e-01	-1.290e+00	1.238e-01
chr16_75157573_C_A_b38	3	8.78288e-02	-1.290e+00	1.238e-01
chr16_75153780_A_G_b38	3	4.19070e-02	-1.323e+00	1.234e-01
chr16_75171243_T_C_b38	3	4.10053e-02	-1.290e+00	1.238e-01
chr16_75168341_T_G_b38	3	4.10053e-02	-1.290e+00	1.238e-01
chr16_75162310_A_G_b38	3	2.50675e-02	-1.312e+00	1.206e-01
chr16_75162519_T_A_b38	3	1.01083e-02	-1.270e+00	1.303e-01
chr16_75148535_A_C_b38	3	2.64292e-03	-1.514e+00	1.448e-01
chr16_75140774_G_A_b38	3	2.28160e-03	-1.209e+00	1.373e-01
chr16_75148474_C_G_b38	4	2.54803e-02	2.315e-01	1.359e-01
chr16_75147877_G_A_b38	4	7.99795e-03	3.689e-02	1.073e-01
chr16_75149717_T_C_b38	4	4.22122e-03	2.315e-01	1.359e-01
chr16_75146970_T_A_b38	4	3.93546e-03	2.415e-01	1.312e-01
chr16_75152095_C_T_b38	4	2.67500e-03	2.315e-01	1.359e-01
chr16_75153391_T_C_b38	4	2.67500e-03	2.315e-01	1.359e-01
chr16_75163241_G_T_b38	4	1.71895e-03	6.083e-01	9.010e-02
chr16_75165228_G_A_b38	4	1.70975e-03	6.118e-01	8.977e-02
chr16_75153911_C_T_b38	4	1.13542e-03	2.509e-02	1.073e-01
chr16_75157928_T_C_b38	4	1.03671e-03	4.246e-02	1.076e-01
chr16_75142260_G_A_b38	4	8.82971e-04	2.182e-01	1.281e-01
chr16_75141405_T_C_b38	4	8.82971e-04	2.182e-01	1.281e-01
chr16_75142361_C_G_b38	4	8.82971e-04	2.182e-01	1.281e-01
chr16_75142839_G_C_b38	4	8.30118e-04	1.991e-01	1.332e-01
chr16_75160599_T_C_b38	4	6.39614e-04	2.315e-01	1.359e-01
chr16_75166004_T_A_b38	4	5.94907e-04	2.582e-01	1.265e-01
chr16_75159632_T_C_b38	4	5.83828e-04	2.102e-01	1.418e-01
chr16_75166480_T_C_b38	4	5.83828e-04	2.102e-01	1.418e-01
chr16_75166518_T_C_b38	4	5.83828e-04	2.102e-01	1.418e-01
chr16_75124652_C_T_b38	4	5.81433e-04	9.626e-02	1.446e-01
chr16_75162591_G_C_b38	4	5.68327e-04	2.022e-01	1.430e-01
chr16_75164651_T_C_b38	4	5.68327e-04	2.022e-01	1.430e-01
chr16_75166098_C_T_b38	4	5.28844e-04	2.352e-01	1.231e-01
chr16_75130041_A_G_b38	4	4.31771e-04	6.851e-02	1.407e-01
chr16_75124038_A_G_b38	4	3.66494e-04	1.290e-01	1.397e-01
chr16_75133681_G_A_b38	4	3.47639e-04	6.179e-02	1.361e-01
chr16_75135260_C_CAAAAAGTGAATGGATAAACCAACTGTA_b38	4	3.47639e-04	6.179e-02	1.361e-01
chr16_75131358_A_C_b38	4	3.47639e-04	6.179e-02	1.361e-01
chr16_75131077_G_A_b38	4	3.47639e-04	6.179e-02	1.361e-01
chr16_75133484_T_C_b38	4	3.47639e-04	6.179e-02	1.361e-01
chr16_75168382_A_G_b38	4	3.28128e-04	5.350e-02	1.086e-01
chr16_75166189_A_C_b38	4	2.79152e-04	9.177e-02	1.025e-01
chr16_75183307_T_G_b38	4	2.12785e-04	3.675e-02	1.112e-01
chr16_75173674_T_G_b38	4	1.94741e-04	2.342e-01	1.241e-01
chr16_75176859_A_G_b38	4	6.88684e-05	1.684e-01	9.789e-02
chr16_75174638_G_A_b38	4	3.00792e-05	1.106e-01	9.862e-02
chr16_75148862_A_G_b38	5	4.88246e-04	4.064e-01	7.989e-02
chr16_75150850_G_C_b38	5	5.11043e-05	4.064e-01	7.989e-02
chr16_75150186_A_T_b38	5	5.11043e-05	4.064e-01	7.989e-02
chr16_75150837_T_C_b38	5	5.11043e-05	4.064e-01	7.989e-02
chr16_75151321_T_C_b38	5	1.50819e-05	4.064e-01	7.989e-02
chr16_75152829_G_A_b38	5	1.50819e-05	4.064e-01	7.989e-02
chr16_75152163_C_T_b38	5	1.50819e-05	4.064e-01	7.989e-02
chr16_75152251_T_A_b38	5	1.50819e-05	4.064e-01	7.989e-02
chr16_75151775_C_CAA_b38	5	1.50819e-05	4.064e-01	7.989e-02
chr16_75152372_A_G_b38	5	1.50819e-05	4.064e-01	7.989e-02
chr16_75151254_T_A_b38	5	1.50819e-05	4.064e-01	7.989e-02
chr16_75151128_G_C_b38	5	1.23334e-05	4.082e-01	7.933e-02
chr16_75155632_A_G_b38	5	1.05836e-05	4.064e-01	7.989e-02
chr16_75157892_T_C_b38	5	1.05836e-05	4.064e-01	7.989e-02
chr16_75156318_G_A_b38	5	1.05836e-05	4.064e-01	7.989e-02
chr16_75157595_C_G_b38	5	1.05836e-05	4.064e-01	7.989e-02
chr16_75154521_A_C_b38	5	1.05836e-05	4.064e-01	7.989e-02
chr16_75154291_T_C_b38	5	1.05836e-05	4.064e-01	7.989e-02
chr16_75157363_C_G_b38	5	1.05836e-05	4.064e-01	7.989e-02
chr16_75156350_C_T_b38	5	1.05836e-05	4.064e-01	7.989e-02
chr16_75157946_C_G_b38	5	1.05836e-05	4.064e-01	7.989e-02
chr16_75165619_A_G_b38	5	1.63421e-20	4.074e-01	7.876e-02
chr16_75169100_A_C_b38	5	1.45746e-20	4.082e-01	7.933e-02
chr16_75166509_G_C_b38	5	1.13945e-20	4.064e-01	7.989e-02
chr16_75158866_C_T_b38	5	1.13945e-20	4.064e-01	7.989e-02
chr16_75164892_A_G_b38	5	1.13945e-20	4.064e-01	7.989e-02
chr16_75163624_G_T_b38	5	9.34710e-21	4.196e-01	8.316e-02
chr16_75164029_A_G_b38	5	8.92937e-21	4.020e-01	7.998e-02
chr16_75161134_C_G_b38	5	8.92937e-21	4.020e-01	7.998e-02
chr16_75159152_C_T_b38	5	7.61506e-21	4.015e-01	8.048e-02
chr16_75164571_G_T_b38	5	7.26729e-21	3.999e-01	8.035e-02
chr16_75183110_C_G_b38	5	5.49976e-21	4.050e-01	7.810e-02
chr16_75162547_T_G_b38	5	2.62767e-21	3.746e-01	7.947e-02
chr16_75167162_T_C_b38	5	2.15555e-21	3.708e-01	7.956e-02
chr16_75165203_G_C_b38	5	2.15555e-21	3.708e-01	7.956e-02
chr16_75163573_G_A_b38	5	2.08730e-21	3.806e-01	8.171e-02
chr16_75163287_G_A_b38	5	2.08730e-21	3.806e-01	8.171e-02
chr16_75182458_A_G_b38	5	1.16805e-21	3.937e-01	8.188e-02
chr16_75172494_G_C_b38	5	7.46557e-25	1.341e-01	1.024e-01
chr16_75172541_A_G_b38	5	7.33011e-25	1.315e-01	1.018e-01
chr16_75171866_A_G_b38	5	6.90773e-25	1.246e-01	1.015e-01
