chr16_30022312_T_C_b38	1	2.46126e-01	-5.977e-01	1.319e-01
chr16_30018874_A_C_b38	1	8.76095e-02	-5.977e-01	1.319e-01
chr16_30019378_T_C_b38	1	8.76095e-02	-5.977e-01	1.319e-01
chr16_30031356_G_T_b38	1	6.57977e-02	-6.362e-01	1.377e-01
chr16_30016373_G_A_b38	1	6.31821e-02	-6.362e-01	1.377e-01
chr16_30015148_G_A_b38	1	5.08451e-02	-5.977e-01	1.319e-01
chr16_30015427_C_T_b38	1	5.08451e-02	-5.977e-01	1.319e-01
chr16_30018227_C_T_b38	1	5.08451e-02	-5.977e-01	1.319e-01
chr16_30034468_C_G_b38	1	2.62812e-02	-5.977e-01	1.319e-01
chr16_30045827_C_T_b38	1	2.62812e-02	-5.977e-01	1.319e-01
chr16_30010081_C_T_b38	1	2.28941e-02	-5.977e-01	1.319e-01
chr16_30012465_C_G_b38	1	2.28941e-02	-5.977e-01	1.319e-01
chr16_30023203_T_C_b38	1	1.56813e-02	-4.229e-01	1.372e-01
chr16_30023148_T_G_b38	1	1.56813e-02	-4.229e-01	1.372e-01
chr16_30022868_A_G_b38	1	1.56813e-02	-4.229e-01	1.372e-01
chr16_30057033_C_T_b38	1	9.71351e-03	-5.977e-01	1.319e-01
chr16_30055011_CCT_C_b38	1	9.71351e-03	-5.977e-01	1.319e-01
chr16_30056216_TCTC_T_b38	1	9.71351e-03	-5.977e-01	1.319e-01
chr16_30086868_GTGA_G_b38	1	3.50988e-03	-5.977e-01	1.319e-01
chr16_30082458_C_G_b38	1	3.50988e-03	-5.977e-01	1.319e-01
chr16_30037232_C_T_b38	1	3.25889e-03	-5.710e-01	1.489e-01
chr16_30044429_T_C_b38	1	3.25889e-03	-5.710e-01	1.489e-01
chr16_30007399_C_T_b38	1	2.83889e-03	-5.710e-01	1.489e-01
chr16_30022107_A_G_b38	1	2.60459e-03	-4.229e-01	1.372e-01
chr16_30022806_G_C_b38	2	1.03533e-02	-3.948e-01	1.868e-01
chr16_30043292_T_G_b38	2	2.60655e-04	-4.310e-01	1.936e-01
