chr1_184051811_G_A_b38	1	4.56954e-01	1.783e-01	4.905e-02
chr1_184050820_C_A_b38	1	1.63857e-01	1.783e-01	4.905e-02
chr1_184049341_T_C_b38	1	7.59696e-02	1.783e-01	4.905e-02
chr1_184049839_CTCTT_C_b38	1	7.59696e-02	1.783e-01	4.905e-02
chr1_184047997_A_G_b38	1	4.84025e-02	1.783e-01	4.905e-02
chr1_184045459_G_C_b38	1	2.32379e-02	1.683e-01	4.716e-02
chr1_184044697_G_C_b38	1	1.99215e-02	1.722e-01	4.714e-02
chr1_184045065_A_G_b38	1	1.53259e-02	1.711e-01	4.632e-02
chr1_184054395_A_C_b38	1	1.19058e-02	1.644e-01	4.934e-02
chr1_184044184_C_A_b38	1	1.06995e-02	1.651e-01	4.708e-02
chr1_184044357_T_C_b38	1	1.06995e-02	1.651e-01	4.708e-02
chr1_184043707_A_G_b38	1	1.06995e-02	1.651e-01	4.708e-02
chr1_184044361_A_G_b38	1	1.06995e-02	1.651e-01	4.708e-02
chr1_184060781_CAGTT_C_b38	1	8.48817e-03	1.644e-01	4.934e-02
chr1_184041593_C_A_b38	1	2.50888e-03	1.651e-01	4.708e-02
chr1_184040654_C_T_b38	1	2.50888e-03	1.651e-01	4.708e-02
chr1_184065982_A_G_b38	1	9.80891e-04	1.644e-01	4.934e-02
chr1_184066286_CTATT_C_b38	1	9.43298e-04	1.620e-01	4.881e-02
chr1_184047651_A_G_b38	2	1.54378e-01	1.704e-01	6.245e-02
chr1_184046822_T_A_b38	2	1.42429e-01	1.682e-01	6.088e-02
chr1_184058542_T_C_b38	2	1.02525e-01	1.704e-01	6.245e-02
chr1_184060584_A_G_b38	2	1.02525e-01	1.704e-01	6.245e-02
chr1_184045458_T_C_b38	2	8.79343e-02	1.704e-01	6.245e-02
chr1_184046573_C_G_b38	2	8.79343e-02	1.704e-01	6.245e-02
chr1_184062427_A_C_b38	2	4.26358e-02	1.704e-01	6.245e-02
chr1_184046529_G_A_b38	2	3.23431e-02	1.700e-01	6.427e-02
chr1_184070601_T_A_b38	2	1.61896e-02	1.700e-01	6.427e-02
chr1_184065041_G_T_b38	2	1.51390e-02	1.682e-01	6.445e-02
chr1_184055599_G_A_b38	3	5.71149e-03	-9.057e-03	7.812e-02
chr1_184091541_A_G_b38	3	1.70481e-04	2.146e-02	7.559e-02
chr1_184031103_G_A_b38	3	1.24620e-04	2.564e-02	6.331e-02
chr1_184134159_T_C_b38	3	1.82234e-05	2.026e-02	7.684e-02
