chr11_65638129_G_T_b38	1	6.17968e-01	-2.647e-01	8.428e-02
chr11_65623332_G_A_b38	1	4.72647e-03	-2.491e-01	8.190e-02
chr11_65639398_C_T_b38	2	1.44662e-01	1.068e-01	9.648e-02
chr11_65655382_A_C_b38	2	1.21267e-01	1.705e-01	8.729e-02
chr11_65641466_C_T_b38	2	9.24975e-02	1.361e-01	9.332e-02
chr11_65645503_C_G_b38	2	3.75521e-02	1.366e-01	9.152e-02
chr11_65647238_C_A_b38	2	3.75521e-02	1.366e-01	9.152e-02
chr11_65655120_C_T_b38	2	1.74132e-02	1.322e-01	9.283e-02
chr11_65659875_G_A_b38	2	1.74132e-02	1.322e-01	9.283e-02
chr11_65660831_G_T_b38	2	7.88290e-03	1.173e-01	9.213e-02
chr11_65681088_C_T_b38	2	6.53409e-03	1.520e-01	9.548e-02
chr11_65680487_C_T_b38	2	2.78637e-03	1.173e-01	9.213e-02
chr11_65681584_C_T_b38	2	2.78637e-03	1.173e-01	9.213e-02
chr11_65678190_G_GA_b38	2	2.78637e-03	1.173e-01	9.213e-02
chr11_65685131_C_T_b38	2	2.78637e-03	1.173e-01	9.213e-02
chr11_65670744_C_T_b38	2	2.78637e-03	1.173e-01	9.213e-02
chr11_65684189_A_G_b38	2	2.78637e-03	1.173e-01	9.213e-02
chr11_65678908_T_C_b38	2	2.78637e-03	1.173e-01	9.213e-02
chr11_65665718_A_G_b38	2	2.78637e-03	1.173e-01	9.213e-02
chr11_65672578_T_C_b38	2	2.78637e-03	1.173e-01	9.213e-02
chr11_65667656_T_C_b38	2	2.78637e-03	1.173e-01	9.213e-02
chr11_65663889_C_T_b38	2	2.78637e-03	1.173e-01	9.213e-02
chr11_65682123_G_C_b38	2	2.78637e-03	1.173e-01	9.213e-02
chr11_65681482_G_A_b38	2	2.78637e-03	1.173e-01	9.213e-02
chr11_65638382_ACT_A_b38	3	1.63996e-02	4.005e-01	2.138e-01
