chr17_31401266_T_C_b38	1	3.48318e-01	-1.345e-01	2.260e-02
chr17_31395791_A_T_b38	1	2.63734e-01	-1.329e-01	2.291e-02
chr17_31393122_T_C_b38	1	2.30572e-01	-1.321e-01	2.301e-02
chr17_31395982_C_G_b38	1	1.06781e-01	-1.305e-01	2.286e-02
chr17_31399585_C_T_b38	1	4.40239e-02	-1.305e-01	2.268e-02
chr17_31393408_G_A_b38	1	3.26327e-03	-1.241e-01	2.414e-02
chr17_31389324_C_G_b38	1	1.53429e-03	-1.224e-01	2.413e-02
chr17_31390891_A_G_b38	1	1.35909e-06	-1.159e-01	2.372e-02
chr17_31390861_C_G_b38	1	1.24041e-06	-1.159e-01	2.382e-02
chr17_31397539_G_A_b38	1	8.48626e-07	-1.241e-01	2.414e-02
chr17_31376984_T_C_b38	1	5.29701e-07	-1.239e-01	2.387e-02
chr17_31479544_G_A_b38	2	1.86080e-01	1.076e-01	2.332e-02
chr17_31478682_G_A_b38	2	1.75731e-01	1.084e-01	2.336e-02
chr17_31490857_G_A_b38	2	1.36629e-01	1.087e-01	2.343e-02
chr17_31483616_C_T_b38	2	9.61082e-02	1.046e-01	2.328e-02
chr17_31488367_G_T_b38	2	9.00831e-02	1.053e-01	2.333e-02
chr17_31487044_G_A_b38	2	7.31773e-02	1.045e-01	2.330e-02
chr17_31490425_G_A_b38	2	6.60055e-02	1.051e-01	2.351e-02
chr17_31481889_C_G_b38	2	5.60960e-02	1.039e-01	2.338e-02
chr17_31489133_T_C_b38	2	5.29639e-02	1.047e-01	2.350e-02
chr17_31500387_G_A_b38	2	1.86540e-02	1.031e-01	2.333e-02
chr17_31491876_A_G_b38	2	1.20892e-02	1.036e-01	2.300e-02
chr17_31484036_G_T_b38	2	6.77922e-03	1.250e-01	2.449e-02
chr17_31478673_A_G_b38	2	6.62705e-03	1.248e-01	2.399e-02
chr17_31492133_C_T_b38	2	4.51772e-03	1.008e-01	2.349e-02
chr17_31502518_G_T_b38	2	4.19729e-03	9.897e-02	2.356e-02
chr17_31493977_C_T_b38	2	4.04023e-03	1.008e-01	2.349e-02
chr17_31494260_T_C_b38	2	3.16246e-03	1.006e-01	2.342e-02
chr17_31484269_T_C_b38	2	2.76317e-03	1.210e-01	2.445e-02
chr17_31477875_T_C_b38	2	2.35135e-03	9.123e-02	2.318e-02
chr17_31391305_A_G_b38	3	1.19421e-02	-9.561e-02	3.864e-02
chr17_31388386_T_C_b38	3	4.04732e-03	-6.057e-02	4.262e-02
chr17_31389746_A_T_b38	3	1.83783e-03	-1.148e-01	3.902e-02
chr17_31384299_A_G_b38	3	7.87588e-04	-8.989e-02	4.122e-02
chr17_31384478_G_A_b38	3	6.92014e-04	-8.751e-02	4.079e-02
chr17_31383672_A_G_b38	3	6.87493e-04	-1.176e-01	4.515e-02
chr17_31380866_A_G_b38	3	6.36382e-04	-6.232e-02	4.099e-02
chr17_31384913_A_G_b38	3	6.35083e-04	-1.057e-01	4.173e-02
chr17_31343172_C_G_b38	3	7.11625e-05	-8.191e-02	4.119e-02
