chr19_15865242_A_G_b38	1	2.76237e-01	-7.541e-01	8.214e-02
chr19_15865040_G_A_b38	1	2.76237e-01	-7.541e-01	8.214e-02
chr19_15864704_A_G_b38	1	1.36516e-01	-7.415e-01	8.323e-02
chr19_15864691_T_G_b38	1	1.36516e-01	-7.415e-01	8.323e-02
chr19_15865674_A_T_b38	1	8.05443e-02	-7.541e-01	8.214e-02
chr19_15865682_C_T_b38	1	8.05443e-02	-7.541e-01	8.214e-02
chr19_15866755_A_G_b38	1	1.27143e-02	-7.411e-01	7.987e-02
chr19_15864498_C_T_b38	1	4.57109e-04	-7.210e-01	8.619e-02
chr19_15866669_A_T_b38	2	3.29875e-02	-6.770e-01	8.796e-02
chr19_15867247_T_C_b38	2	3.29875e-02	-6.770e-01	8.796e-02
chr19_15866768_T_C_b38	2	3.29875e-02	-6.770e-01	8.796e-02
chr19_15867119_C_A_b38	2	3.29875e-02	-6.770e-01	8.796e-02
chr19_15866635_G_A_b38	2	3.29875e-02	-6.770e-01	8.796e-02
chr19_15867004_A_G_b38	2	3.29875e-02	-6.770e-01	8.796e-02
chr19_15866604_T_C_b38	2	3.29875e-02	-6.770e-01	8.796e-02
chr19_15867577_C_T_b38	2	2.36561e-02	-6.680e-01	8.781e-02
chr19_15868839_T_C_b38	2	2.06583e-02	-6.770e-01	8.796e-02
chr19_15869638_G_A_b38	2	2.06583e-02	-6.770e-01	8.796e-02
chr19_15869873_T_C_b38	2	2.06583e-02	-6.770e-01	8.796e-02
chr19_15868905_A_G_b38	2	2.06583e-02	-6.770e-01	8.796e-02
chr19_15867776_C_T_b38	2	2.06583e-02	-6.770e-01	8.796e-02
chr19_15868183_G_C_b38	2	2.06583e-02	-6.770e-01	8.796e-02
chr19_15868891_G_T_b38	2	2.06583e-02	-6.770e-01	8.796e-02
chr19_15867754_G_A_b38	2	2.06583e-02	-6.770e-01	8.796e-02
chr19_15869614_C_T_b38	2	2.06583e-02	-6.770e-01	8.796e-02
chr19_15869550_G_C_b38	2	2.06583e-02	-6.770e-01	8.796e-02
chr19_15869682_T_G_b38	2	2.06583e-02	-6.770e-01	8.796e-02
chr19_15869250_G_A_b38	2	2.06583e-02	-6.770e-01	8.796e-02
chr19_15867831_T_G_b38	2	2.06583e-02	-6.770e-01	8.796e-02
chr19_15867697_C_T_b38	2	2.06417e-02	-6.770e-01	8.796e-02
chr19_15870316_C_T_b38	2	1.24905e-02	-6.770e-01	8.796e-02
chr19_15871890_C_T_b38	2	1.24905e-02	-6.770e-01	8.796e-02
chr19_15870995_A_G_b38	2	1.24905e-02	-6.770e-01	8.796e-02
chr19_15872926_A_G_b38	2	1.24905e-02	-6.770e-01	8.796e-02
chr19_15871950_T_C_b38	2	1.24905e-02	-6.770e-01	8.796e-02
chr19_15871604_G_A_b38	2	1.24905e-02	-6.770e-01	8.796e-02
chr19_15870215_G_C_b38	2	1.24905e-02	-6.770e-01	8.796e-02
chr19_15871897_T_C_b38	2	1.24905e-02	-6.770e-01	8.796e-02
chr19_15872706_G_T_b38	2	1.24905e-02	-6.770e-01	8.796e-02
chr19_15872889_T_TGCTG_b38	2	1.24905e-02	-6.770e-01	8.796e-02
chr19_15871788_T_C_b38	2	1.24905e-02	-6.770e-01	8.796e-02
chr19_15870191_TC_T_b38	2	1.24905e-02	-6.770e-01	8.796e-02
chr19_15872170_G_GT_b38	2	1.24905e-02	-6.770e-01	8.796e-02
chr19_15872054_C_T_b38	2	1.24905e-02	-6.770e-01	8.796e-02
chr19_15870090_A_G_b38	2	1.24905e-02	-6.770e-01	8.796e-02
chr19_15874615_A_G_b38	2	1.24905e-02	-6.770e-01	8.796e-02
chr19_15871163_A_C_b38	2	1.24905e-02	-6.770e-01	8.796e-02
chr19_15873698_C_T_b38	2	1.24905e-02	-6.770e-01	8.796e-02
chr19_15871848_A_G_b38	2	1.24905e-02	-6.770e-01	8.796e-02
chr19_15872779_C_T_b38	2	1.24905e-02	-6.770e-01	8.796e-02
chr19_15871159_C_CA_b38	2	1.24905e-02	-6.770e-01	8.796e-02
chr19_15872891_A_G_b38	2	1.24905e-02	-6.770e-01	8.796e-02
chr19_15872141_G_T_b38	2	1.24905e-02	-6.770e-01	8.796e-02
chr19_15866442_A_G_b38	2	7.65528e-03	-6.292e-01	8.944e-02
chr19_15864286_G_T_b38	2	5.41394e-03	-6.998e-01	9.026e-02
chr19_15875578_G_A_b38	2	5.32612e-03	-6.561e-01	8.710e-02
chr19_15881104_C_G_b38	2	5.22083e-03	-6.770e-01	8.796e-02
chr19_15877942_CTT_C_b38	2	5.22083e-03	-6.770e-01	8.796e-02
chr19_15876927_A_G_b38	2	5.22083e-03	-6.770e-01	8.796e-02
chr19_15875837_C_T_b38	2	5.22083e-03	-6.770e-01	8.796e-02
chr19_15877848_T_C_b38	2	5.22083e-03	-6.770e-01	8.796e-02
chr19_15879061_T_A_b38	2	5.22083e-03	-6.770e-01	8.796e-02
chr19_15877157_G_A_b38	2	5.22083e-03	-6.770e-01	8.796e-02
chr19_15877610_G_C_b38	2	5.22083e-03	-6.770e-01	8.796e-02
chr19_15868125_G_A_b38	2	2.80837e-03	-6.705e-01	1.002e-01
chr19_15871011_G_A_b38	2	1.80658e-03	-6.705e-01	1.002e-01
chr19_15871728_C_G_b38	2	1.80658e-03	-6.705e-01	1.002e-01
chr19_15871067_G_C_b38	2	1.80658e-03	-6.705e-01	1.002e-01
chr19_15864082_A_G_b38	2	1.47647e-03	-6.503e-01	9.172e-02
chr19_15863463_G_A_b38	2	4.48130e-04	-6.288e-01	9.137e-02
chr19_15863894_A_G_b38	2	3.87533e-04	-6.503e-01	9.172e-02
chr19_15895264_T_A_b38	2	2.13350e-04	-6.222e-01	1.039e-01
chr19_15868934_C_A_b38	2	2.03808e-04	-6.895e-01	1.055e-01
chr19_15865386_A_G_b38	3	9.45742e-02	6.475e-01	1.020e-01
chr19_15866716_AATTTAC_A_b38	3	3.40551e-08	7.142e-01	1.049e-01
chr19_15874496_C_T_b38	3	2.47940e-08	7.370e-01	1.062e-01
chr19_15898482_A_G_b38	3	2.01122e-08	7.114e-01	9.795e-02
chr19_15865555_G_A_b38	3	8.60728e-09	6.475e-01	1.020e-01
chr19_15897879_CTG_C_b38	3	7.22218e-09	7.233e-01	1.025e-01
chr19_15872906_C_A_b38	3	5.06790e-09	6.803e-01	1.033e-01
chr19_15874257_C_T_b38	3	5.06790e-09	6.803e-01	1.033e-01
chr19_15874044_C_G_b38	3	5.06790e-09	6.803e-01	1.033e-01
chr19_15873161_G_A_b38	3	5.06790e-09	6.803e-01	1.033e-01
chr19_15874101_G_A_b38	3	5.06790e-09	6.803e-01	1.033e-01
chr19_15871750_A_C_b38	3	5.06790e-09	6.803e-01	1.033e-01
chr19_15876423_A_T_b38	3	4.31918e-09	6.856e-01	1.020e-01
chr19_15878374_G_A_b38	3	4.31918e-09	6.856e-01	1.020e-01
chr19_15875820_A_T_b38	3	4.31918e-09	6.856e-01	1.020e-01
chr19_15877156_C_T_b38	3	1.24983e-09	6.854e-01	1.061e-01
chr19_15880866_C_T_b38	3	1.24983e-09	6.854e-01	1.061e-01
chr19_15886010_G_A_b38	3	1.24983e-09	6.854e-01	1.061e-01
chr19_15859495_G_A_b38	4	1.07476e-03	-4.341e-01	1.022e-01
chr19_15855043_G_A_b38	4	1.72018e-04	-4.405e-01	1.018e-01
chr19_15872675_T_A_b38	4	3.93254e-09	-6.895e-01	1.055e-01
chr19_15879621_C_T_b38	4	1.77798e-09	-6.895e-01	1.055e-01
chr19_15848390_G_A_b38	4	6.91607e-11	-5.415e-01	9.326e-02
chr19_15848595_T_C_b38	4	5.72268e-11	-5.367e-01	9.314e-02
chr19_15851699_A_G_b38	4	2.46613e-11	-5.274e-01	9.477e-02
chr19_15854435_A_G_b38	4	4.35862e-12	-4.906e-01	9.546e-02
chr19_15845766_G_A_b38	4	1.58055e-12	-4.958e-01	1.015e-01
