chr19_58016935_A_G_b38	1	9.99949e-01	-4.477e-01	3.363e-02
chr19_58007523_A_G_b38	2	9.99949e-01	-3.952e-01	3.326e-02
chr19_57975485_C_G_b38	2	9.57112e-08	3.616e-01	3.257e-02
chr19_57966847_C_T_b38	2	3.02988e-08	3.471e-01	3.379e-02
chr19_57965153_C_A_b38	2	1.49042e-08	3.539e-01	3.446e-02
chr19_57967128_T_C_b38	2	1.40131e-08	3.522e-01	3.461e-02
chr19_57972841_A_C_b38	2	7.63850e-09	3.402e-01	3.363e-02
chr19_58003447_T_G_b38	2	7.36495e-09	-3.484e-01	3.393e-02
chr19_58003710_G_A_b38	2	7.36495e-09	-3.484e-01	3.393e-02
chr19_58003347_C_G_b38	2	5.85692e-09	-3.464e-01	3.405e-02
chr19_57991086_T_C_b38	2	5.79947e-09	-3.594e-01	3.373e-02
chr19_58006313_C_T_b38	2	3.00469e-09	-3.588e-01	3.406e-02
chr19_58002727_A_AC_b38	3	9.01961e-01	-6.211e-02	4.631e-02
chr19_58005620_T_C_b38	3	8.34860e-02	-2.776e-02	4.616e-02
chr19_58010754_G_C_b38	3	3.31206e-03	-3.786e-02	4.614e-02
chr19_58012076_C_T_b38	3	1.72333e-03	-3.786e-02	4.614e-02
chr19_58012758_C_T_b38	3	1.72333e-03	-3.786e-02	4.614e-02
chr19_58012436_A_C_b38	3	1.72333e-03	-3.786e-02	4.614e-02
chr19_58013822_CTG_C_b38	3	1.72333e-03	-3.786e-02	4.614e-02
chr19_58002815_T_C_b38	3	1.65230e-03	-1.198e-01	5.239e-02
chr19_58003107_G_T_b38	3	9.16596e-04	-1.198e-01	5.239e-02
chr19_58011606_A_G_b38	3	8.99816e-04	-3.841e-02	4.612e-02
chr19_58005283_A_G_b38	3	5.87335e-04	-1.198e-01	5.239e-02
chr19_58006800_A_G_b38	3	9.71763e-05	-1.195e-01	5.289e-02
chr19_58008432_CAT_C_b38	3	4.89522e-05	-1.195e-01	5.289e-02
chr19_58007166_C_T_b38	3	4.89522e-05	-1.195e-01	5.289e-02
chr19_58000859_G_A_b38	3	2.76496e-05	-1.127e-01	5.177e-02
chr19_58002109_G_A_b38	3	1.74902e-05	-1.021e-02	4.641e-02
chr19_57978119_T_C_b38	4	4.84206e-01	2.071e-01	6.680e-02
chr19_57978031_C_G_b38	4	4.84206e-01	2.071e-01	6.680e-02
chr19_58021388_T_C_b38	4	2.63113e-02	2.376e-01	5.893e-02
chr19_58001958_T_TA_b38	5	2.33990e-01	1.181e-01	6.907e-02
chr19_58002510_A_G_b38	5	2.33990e-01	1.181e-01	6.907e-02
chr19_58001494_G_C_b38	5	1.02122e-01	1.181e-01	6.907e-02
chr19_58001109_A_C_b38	5	1.02122e-01	1.181e-01	6.907e-02
chr19_58000105_T_C_b38	5	4.24417e-02	1.181e-01	6.907e-02
chr19_58005354_G_C_b38	5	2.90322e-02	1.181e-01	6.907e-02
chr19_58004892_C_T_b38	5	2.90322e-02	1.181e-01	6.907e-02
chr19_57997964_A_C_b38	5	2.56226e-02	1.181e-01	6.907e-02
chr19_57997509_G_A_b38	5	2.56226e-02	1.181e-01	6.907e-02
chr19_58010065_C_A_b38	5	1.87668e-02	1.091e-01	6.988e-02
chr19_58009821_T_C_b38	5	1.87668e-02	1.091e-01	6.988e-02
chr19_58010454_C_T_b38	5	1.87668e-02	1.091e-01	6.988e-02
chr19_58007601_G_A_b38	5	1.87668e-02	1.091e-01	6.988e-02
chr19_58020036_C_T_b38	5	1.04189e-02	1.091e-01	6.988e-02
chr19_58019876_T_C_b38	5	1.04189e-02	1.091e-01	6.988e-02
chr19_58013292_G_T_b38	5	1.03633e-02	1.091e-01	6.988e-02
chr19_58012981_A_C_b38	5	1.03633e-02	1.091e-01	6.988e-02
chr19_58008113_G_A_b38	5	6.88161e-03	1.003e-01	7.037e-02
chr19_58015328_C_T_b38	5	2.62921e-03	9.261e-02	6.471e-02
chr19_58015368_G_C_b38	5	2.62921e-03	9.261e-02	6.471e-02
chr19_58014785_C_T_b38	5	1.47167e-03	9.287e-02	6.330e-02
chr19_58014723_C_G_b38	5	1.30226e-03	9.571e-02	6.203e-02
chr19_58009284_G_GT_b38	5	7.81975e-04	1.320e-01	7.225e-02
chr19_58018373_A_C_b38	5	1.75491e-37	1.696e-01	5.979e-02
chr19_58020051_G_A_b38	5	1.75491e-37	1.696e-01	5.979e-02
chr19_58014786_A_G_b38	5	4.93145e-38	1.399e-01	6.255e-02
chr19_58002439_A_C_b38	6	1.58811e-02	-5.609e-03	4.624e-02
chr19_57971478_GT_G_b38	6	1.51827e-02	-8.168e-02	4.632e-02
chr19_58006839_G_C_b38	6	1.05180e-02	-2.797e-02	4.625e-02
chr19_58007148_G_A_b38	6	5.13767e-03	-2.797e-02	4.625e-02
chr19_57973890_A_AAAAG_b38	6	3.06520e-03	5.210e-02	4.491e-02
chr19_57973821_T_G_b38	6	3.06520e-03	5.210e-02	4.491e-02
chr19_57973820_G_T_b38	6	3.06520e-03	5.210e-02	4.491e-02
chr19_57973753_C_T_b38	6	3.06520e-03	5.210e-02	4.491e-02
chr19_58010220_C_T_b38	6	2.03091e-03	-3.176e-02	4.678e-02
chr19_57999782_C_T_b38	6	1.96797e-03	-2.333e-03	4.608e-02
chr19_58000244_C_A_b38	6	1.96797e-03	-2.333e-03	4.608e-02
chr19_58000860_T_C_b38	6	1.96797e-03	-2.333e-03	4.608e-02
chr19_58008033_T_TA_b38	6	1.26708e-03	-1.770e-02	4.673e-02
chr19_58003950_C_CAAAAAAAGAAAAAAA_b38	6	1.24675e-03	-6.378e-03	5.138e-02
chr19_57998702_TTATAA_T_b38	6	1.02916e-03	-2.333e-03	4.608e-02
chr19_57999514_G_A_b38	6	1.02916e-03	-2.333e-03	4.608e-02
chr19_58009922_G_A_b38	6	9.58084e-04	-1.099e-01	5.213e-02
chr19_57997315_G_A_b38	6	9.05740e-04	-8.859e-02	5.198e-02
chr19_57972586_A_G_b38	6	8.03076e-04	5.269e-02	4.485e-02
chr19_57993051_A_G_b38	6	7.64710e-04	-6.347e-02	5.126e-02
chr19_57998890_T_C_b38	6	7.16200e-04	-9.851e-02	5.292e-02
chr19_57982346_A_G_b38	6	6.11048e-04	-2.813e-02	4.946e-02
chr19_57995116_G_A_b38	6	5.14361e-04	-2.333e-03	4.608e-02
chr19_57995288_G_A_b38	6	5.14361e-04	-2.333e-03	4.608e-02
chr19_57995365_C_T_b38	6	5.14361e-04	-2.333e-03	4.608e-02
chr19_57994988_T_C_b38	6	5.14361e-04	-2.333e-03	4.608e-02
chr19_57993070_C_T_b38	6	4.79633e-04	1.062e-03	4.598e-02
chr19_58015374_A_G_b38	6	4.70972e-04	-1.099e-01	5.213e-02
chr19_58017610_C_T_b38	6	4.54150e-04	-9.463e-02	5.144e-02
chr19_57994785_G_C_b38	6	4.19403e-04	-9.851e-02	5.292e-02
chr19_57982447_T_C_b38	6	3.56441e-04	-1.127e-01	5.177e-02
chr19_57986205_G_A_b38	6	3.56441e-04	-1.127e-01	5.177e-02
chr19_57987177_T_C_b38	6	3.56441e-04	-1.127e-01	5.177e-02
chr19_58014702_G_GA_b38	6	3.00863e-04	-1.008e-01	5.167e-02
chr19_58014705_G_A_b38	6	3.00863e-04	-1.008e-01	5.167e-02
chr19_57987636_C_A_b38	6	2.72494e-04	-9.892e-02	5.167e-02
chr19_57981761_A_G_b38	6	2.72494e-04	-9.892e-02	5.167e-02
chr19_57980259_T_C_b38	6	2.72494e-04	-9.892e-02	5.167e-02
chr19_57986955_C_T_b38	6	2.72494e-04	-9.892e-02	5.167e-02
chr19_57986391_C_A_b38	6	2.62459e-04	7.931e-03	4.602e-02
chr19_57980534_T_G_b38	6	2.62459e-04	7.931e-03	4.602e-02
chr19_57985501_C_T_b38	6	2.62459e-04	7.931e-03	4.602e-02
chr19_57986775_T_C_b38	6	2.62459e-04	7.931e-03	4.602e-02
chr19_57982979_C_CACA_b38	6	2.62459e-04	7.931e-03	4.602e-02
chr19_57985710_T_C_b38	6	2.62459e-04	7.931e-03	4.602e-02
chr19_57991983_A_G_b38	6	2.62459e-04	7.931e-03	4.602e-02
chr19_57989309_A_T_b38	6	2.62459e-04	7.931e-03	4.602e-02
chr19_57990226_G_A_b38	6	2.62459e-04	7.931e-03	4.602e-02
chr19_57986396_A_G_b38	6	2.62459e-04	7.931e-03	4.602e-02
chr19_57989895_CA_C_b38	6	2.62459e-04	7.931e-03	4.602e-02
chr19_57985445_A_G_b38	6	2.62459e-04	7.931e-03	4.602e-02
chr19_57986739_C_T_b38	6	2.62459e-04	7.931e-03	4.602e-02
chr19_57983833_TA_T_b38	6	2.62459e-04	7.931e-03	4.602e-02
chr19_57985732_C_T_b38	6	2.62459e-04	7.931e-03	4.602e-02
chr19_57989744_G_C_b38	6	2.62459e-04	7.931e-03	4.602e-02
chr19_57985299_A_C_b38	6	2.62459e-04	7.931e-03	4.602e-02
chr19_57982567_T_C_b38	6	2.48551e-04	8.097e-03	4.616e-02
chr19_58012311_TAC_T_b38	6	1.54929e-04	-1.000e-01	5.415e-02
chr19_58002950_C_T_b38	7	5.76710e-04	-1.983e-01	8.634e-02
chr19_57997233_G_C_b38	7	5.50319e-38	-1.139e-01	7.497e-02
chr19_58025517_C_G_b38	7	3.82554e-38	-1.755e-01	8.520e-02
chr19_58010484_T_C_b38	7	3.20627e-38	-1.157e-01	7.506e-02
