chr6_39178454_T_C_b38	1	4.52512e-01	5.888e-01	1.116e-01
chr6_39180394_A_C_b38	1	4.28163e-02	5.051e-01	1.171e-01
chr6_39184265_C_A_b38	1	4.28139e-02	5.051e-01	1.171e-01
chr6_39177747_T_C_b38	1	1.49365e-02	5.370e-01	1.217e-01
chr6_39188634_G_A_b38	1	1.25000e-02	4.697e-01	1.186e-01
chr6_39179403_C_T_b38	1	1.03624e-02	5.051e-01	1.171e-01
chr6_39221585_A_G_b38	1	9.30119e-03	3.640e-01	1.133e-01
chr6_39220915_C_T_b38	1	6.36476e-03	3.506e-01	1.145e-01
chr6_39168875_A_G_b38	1	5.62415e-03	5.124e-01	1.236e-01
chr6_39172349_A_T_b38	1	5.62415e-03	5.124e-01	1.236e-01
chr6_39211007_A_T_b38	1	4.09057e-03	3.821e-01	1.161e-01
chr6_39206749_C_T_b38	1	4.09057e-03	3.821e-01	1.161e-01
chr6_39207146_T_C_b38	1	4.09057e-03	3.821e-01	1.161e-01
chr6_39217467_A_G_b38	1	4.09057e-03	3.821e-01	1.161e-01
chr6_39242696_A_G_b38	2	9.35872e-03	3.051e-01	1.076e-01
chr6_39245305_C_T_b38	2	9.35872e-03	3.051e-01	1.076e-01
chr6_39242342_G_T_b38	2	5.76559e-03	2.639e-01	1.035e-01
chr6_39234009_G_T_b38	2	5.60853e-03	2.366e-01	1.081e-01
chr6_39241489_A_G_b38	2	4.24343e-03	2.636e-01	1.037e-01
chr6_39250232_T_A_b38	2	4.24343e-03	-2.636e-01	1.037e-01
chr6_39247825_T_C_b38	2	4.24343e-03	-2.636e-01	1.037e-01
chr6_39252760_G_C_b38	2	4.24343e-03	-2.636e-01	1.037e-01
chr6_39252762_A_G_b38	2	4.24343e-03	-2.636e-01	1.037e-01
chr6_39254144_T_C_b38	2	3.89207e-03	-2.929e-01	1.093e-01
chr6_39254620_G_A_b38	2	3.57247e-03	-2.935e-01	1.038e-01
chr6_39250742_C_A_b38	2	2.88829e-03	-2.738e-01	1.093e-01
chr6_39252054_G_A_b38	2	2.88829e-03	-2.738e-01	1.093e-01
chr6_39252708_A_G_b38	2	2.88829e-03	-2.738e-01	1.093e-01
chr6_39248719_A_AG_b38	2	2.88829e-03	-2.738e-01	1.093e-01
chr6_39250265_A_T_b38	2	2.88829e-03	-2.738e-01	1.093e-01
chr6_39250875_T_C_b38	2	2.88829e-03	-2.738e-01	1.093e-01
chr6_39250266_A_C_b38	2	2.88829e-03	-2.738e-01	1.093e-01
chr6_39253299_C_T_b38	2	2.88829e-03	-2.738e-01	1.093e-01
chr6_39251524_G_A_b38	2	2.88829e-03	-2.738e-01	1.093e-01
chr6_39251542_C_T_b38	2	2.88829e-03	-2.738e-01	1.093e-01
chr6_39252810_A_G_b38	2	2.88829e-03	-2.738e-01	1.093e-01
chr6_39252963_T_C_b38	2	2.88829e-03	-2.738e-01	1.093e-01
chr6_39252108_G_GTATACGTGTGCCATGGTGGTTTGTGGCACC_b38	2	2.85961e-03	-2.723e-01	1.090e-01
chr6_39251923_C_T_b38	2	2.68113e-03	-2.559e-01	1.095e-01
chr6_39249743_C_T_b38	2	2.68113e-03	-2.559e-01	1.095e-01
chr6_39248838_C_G_b38	2	2.60763e-03	-2.561e-01	1.059e-01
chr6_39245045_T_C_b38	2	2.60763e-03	2.561e-01	1.059e-01
chr6_39250584_C_T_b38	2	2.60522e-03	-2.561e-01	1.059e-01
chr6_39253577_C_T_b38	2	2.60280e-03	-2.561e-01	1.059e-01
chr6_39253810_A_G_b38	2	2.60280e-03	-2.561e-01	1.059e-01
chr6_39251827_G_C_b38	2	2.60280e-03	-2.561e-01	1.059e-01
chr6_39253443_C_T_b38	2	2.60280e-03	-2.561e-01	1.059e-01
chr6_39250808_A_G_b38	2	2.60280e-03	-2.561e-01	1.059e-01
chr6_39254027_C_T_b38	2	2.60280e-03	-2.561e-01	1.059e-01
chr6_39239812_G_C_b38	2	2.00233e-03	2.488e-01	1.104e-01
chr6_39254478_GA_G_b38	2	1.93678e-03	-3.100e-01	1.086e-01
chr6_39255206_A_G_b38	2	1.86841e-03	-2.807e-01	1.037e-01
chr6_39255215_G_A_b38	2	1.86841e-03	-2.807e-01	1.037e-01
chr6_39233395_T_A_b38	2	1.84466e-03	1.642e-01	1.093e-01
chr6_39255224_T_C_b38	2	1.74523e-03	-2.923e-01	1.090e-01
chr6_39237582_G_A_b38	2	1.58889e-03	1.630e-01	1.067e-01
chr6_39254632_G_A_b38	2	1.43289e-03	-2.636e-01	1.037e-01
chr6_39238030_C_T_b38	2	9.81821e-04	1.425e-01	1.106e-01
chr6_39244842_C_T_b38	2	2.45404e-04	9.844e-02	9.594e-02
chr6_39229706_C_T_b38	3	6.48729e-03	-2.971e-01	2.989e-01
