chr19_51623777_G_A_b38	1	7.27213e-01	4.026e-01	4.495e-02
chr19_51617982_A_T_b38	1	2.72129e-01	4.026e-01	4.495e-02
chr19_51647969_G_C_b38	2	9.99342e-01	-3.287e-01	4.348e-02
chr19_51630674_C_A_b38	3	8.23239e-01	4.215e-01	7.264e-02
chr19_51621059_T_C_b38	3	1.03532e-01	4.557e-01	9.465e-02
chr19_51616110_C_G_b38	3	3.67477e-02	4.557e-01	9.465e-02
chr19_51634075_G_C_b38	3	3.58227e-02	4.126e-01	7.544e-02
chr19_51633997_T_C_b38	4	8.60785e-01	-4.207e-01	7.981e-02
chr19_51636062_A_T_b38	4	6.80513e-02	-3.292e-01	8.453e-02
chr19_51636674_C_A_b38	4	5.88820e-02	-3.591e-01	8.007e-02
chr19_51639378_T_C_b38	4	1.04191e-02	-3.307e-01	8.423e-02
chr19_51647264_T_C_b38	5	8.17601e-01	1.451e-01	6.646e-02
chr19_51668132_G_A_b38	5	2.35819e-02	1.457e-01	6.956e-02
chr19_51665246_C_T_b38	5	2.35819e-02	1.457e-01	6.956e-02
chr19_51665583_C_T_b38	5	2.35819e-02	1.457e-01	6.956e-02
chr19_51630942_G_A_b38	6	6.07385e-02	3.130e-01	4.035e-02
chr19_51631551_G_A_b38	6	3.02827e-02	3.102e-01	4.078e-02
chr19_51637368_CAA_C_b38	6	2.67096e-02	2.903e-01	4.064e-02
chr19_51639601_G_T_b38	6	2.67096e-02	2.903e-01	4.064e-02
chr19_51636737_G_A_b38	6	1.94960e-02	2.896e-01	4.087e-02
chr19_51641319_T_C_b38	6	5.60700e-03	2.553e-01	4.081e-02
chr19_51625542_G_A_b38	6	3.32984e-04	3.461e-01	4.849e-02
chr19_51624696_C_T_b38	6	2.88034e-04	3.465e-01	4.869e-02
chr19_51648023_T_TG_b38	7	5.87020e-03	-8.916e-02	6.183e-02
chr19_51649944_C_G_b38	7	6.69051e-04	-1.076e-02	6.591e-02
chr19_51648675_G_A_b38	7	3.74114e-04	1.422e-02	6.496e-02
chr19_51657537_G_A_b38	7	1.35558e-05	1.253e-01	8.017e-02
