chr15_88932389_G_C_b38	1	7.78649e-02	-1.653e-01	2.325e-02
chr15_88932812_G_A_b38	1	7.78649e-02	-1.653e-01	2.325e-02
chr15_88934978_T_C_b38	1	7.78649e-02	-1.653e-01	2.325e-02
chr15_88930695_T_C_b38	1	7.78649e-02	-1.653e-01	2.325e-02
chr15_88934977_T_G_b38	1	7.78649e-02	-1.653e-01	2.325e-02
chr15_88935064_A_C_b38	1	7.78649e-02	-1.653e-01	2.325e-02
chr15_88934462_A_G_b38	1	7.78649e-02	-1.653e-01	2.325e-02
chr15_88932069_T_C_b38	1	7.78649e-02	-1.653e-01	2.325e-02
chr15_88936139_G_A_b38	1	7.78649e-02	-1.653e-01	2.325e-02
chr15_88923386_T_TC_b38	1	5.93530e-02	-1.627e-01	2.316e-02
chr15_88922951_T_G_b38	1	3.58742e-02	-1.660e-01	2.369e-02
chr15_88929845_C_T_b38	1	3.57479e-02	-1.625e-01	2.322e-02
chr15_88933643_T_G_b38	1	3.57479e-02	-1.625e-01	2.322e-02
chr15_88929114_C_T_b38	1	3.57479e-02	-1.625e-01	2.322e-02
chr15_88931821_T_A_b38	1	2.65474e-02	-1.669e-01	2.375e-02
chr15_88937834_G_C_b38	1	2.30585e-02	-1.621e-01	2.336e-02
chr15_88938121_C_T_b38	1	2.30585e-02	-1.621e-01	2.336e-02
chr15_88934623_G_C_b38	1	2.09554e-02	-1.657e-01	2.374e-02
chr15_88938692_C_T_b38	1	2.12219e-03	-1.577e-01	2.347e-02
chr15_88940388_T_G_b38	1	5.67691e-05	-1.513e-01	2.318e-02
chr15_88943560_G_C_b38	1	5.67691e-05	-1.513e-01	2.318e-02
chr15_88943667_C_G_b38	1	5.67691e-05	-1.513e-01	2.318e-02
chr15_89037068_C_G_b38	2	8.50114e-02	-1.676e-01	3.534e-02
chr15_89022026_A_C_b38	2	2.27803e-02	-1.629e-01	3.517e-02
chr15_89021727_T_C_b38	2	2.27803e-02	-1.629e-01	3.517e-02
chr15_89029645_C_G_b38	2	2.27803e-02	-1.629e-01	3.517e-02
chr15_89020713_A_G_b38	2	2.22986e-02	-1.617e-01	3.567e-02
chr15_89024874_A_AAAG_b38	2	2.22986e-02	-1.617e-01	3.567e-02
chr15_89022640_T_A_b38	2	2.22986e-02	-1.617e-01	3.567e-02
chr15_89022834_C_T_b38	2	2.22986e-02	-1.617e-01	3.567e-02
chr15_89024799_T_G_b38	2	2.22986e-02	-1.617e-01	3.567e-02
chr15_89020231_C_G_b38	2	2.22986e-02	-1.617e-01	3.567e-02
chr15_89022255_C_T_b38	2	2.22986e-02	-1.617e-01	3.567e-02
chr15_89020702_T_C_b38	2	2.22986e-02	-1.617e-01	3.567e-02
chr15_89027517_T_C_b38	2	2.20543e-02	-1.617e-01	3.567e-02
chr15_89025698_A_G_b38	2	2.20543e-02	-1.617e-01	3.567e-02
chr15_89026237_T_G_b38	2	2.20543e-02	-1.617e-01	3.567e-02
chr15_89026272_G_C_b38	2	2.20543e-02	-1.617e-01	3.567e-02
chr15_89028938_C_T_b38	2	2.20543e-02	-1.617e-01	3.567e-02
chr15_89027167_G_C_b38	2	2.20543e-02	-1.617e-01	3.567e-02
chr15_89027456_A_G_b38	2	2.20543e-02	-1.617e-01	3.567e-02
chr15_89027435_G_C_b38	2	2.20543e-02	-1.617e-01	3.567e-02
chr15_89026138_A_C_b38	2	2.20543e-02	-1.617e-01	3.567e-02
chr15_89026859_A_C_b38	2	2.20543e-02	-1.617e-01	3.567e-02
chr15_89036232_A_G_b38	2	1.91478e-02	-1.593e-01	3.572e-02
chr15_89036690_G_C_b38	2	1.90040e-02	-1.591e-01	3.572e-02
chr15_89035651_A_G_b38	2	1.90040e-02	-1.591e-01	3.572e-02
chr15_89035688_A_T_b38	2	1.90040e-02	-1.591e-01	3.572e-02
chr15_89035492_T_C_b38	2	1.90040e-02	-1.591e-01	3.572e-02
chr15_89035631_A_T_b38	2	1.90040e-02	-1.591e-01	3.572e-02
chr15_89023347_T_C_b38	2	1.83040e-02	-1.591e-01	3.520e-02
chr15_89034032_T_C_b38	2	1.67715e-02	-1.594e-01	3.565e-02
chr15_89031158_A_G_b38	2	1.67715e-02	-1.594e-01	3.565e-02
chr15_89035116_G_C_b38	2	1.67715e-02	-1.594e-01	3.565e-02
chr15_89030984_A_G_b38	2	1.67715e-02	-1.594e-01	3.565e-02
chr15_89033024_A_G_b38	2	1.67715e-02	-1.594e-01	3.565e-02
chr15_89031253_T_C_b38	2	1.67715e-02	-1.594e-01	3.565e-02
chr15_89031187_T_C_b38	2	1.67715e-02	-1.594e-01	3.565e-02
chr15_89031209_GT_G_b38	2	1.67715e-02	-1.594e-01	3.565e-02
chr15_89035227_A_T_b38	2	1.67715e-02	-1.594e-01	3.565e-02
chr15_89033730_T_C_b38	2	1.67715e-02	-1.594e-01	3.565e-02
chr15_89035106_T_C_b38	2	1.67715e-02	-1.594e-01	3.565e-02
chr15_89031951_T_C_b38	2	1.67715e-02	-1.594e-01	3.565e-02
chr15_89031969_T_C_b38	2	1.17561e-02	-1.565e-01	3.506e-02
chr15_89031195_C_G_b38	2	1.16159e-02	-1.539e-01	3.510e-02
chr15_89021271_A_T_b38	2	1.12625e-02	-1.556e-01	3.533e-02
chr15_89024863_C_A_b38	2	5.38412e-03	-1.488e-01	3.460e-02
chr15_89033989_G_A_b38	2	2.81717e-03	-1.428e-01	3.417e-02
chr15_89031714_T_TG_b38	2	5.36271e-04	-1.284e-01	3.495e-02
chr15_89019583_C_G_b38	2	9.53250e-12	-1.286e-01	3.432e-02
chr15_88914092_C_T_b38	3	2.18091e-01	1.868e-01	5.910e-02
chr15_88913323_G_A_b38	4	3.55126e-03	-1.354e-01	5.351e-02
chr15_88914494_G_A_b38	4	3.62412e-04	-1.377e-01	5.236e-02
chr15_88920777_T_C_b38	4	4.11387e-11	-1.493e-01	5.356e-02
chr15_88920166_T_C_b38	4	3.53373e-11	-1.439e-01	5.289e-02
chr15_88925816_T_C_b38	4	2.51268e-11	-1.555e-01	5.422e-02
chr15_88929303_G_A_b38	4	2.51268e-11	-1.555e-01	5.422e-02
chr15_88909953_A_G_b38	4	2.42079e-11	-1.126e-01	4.801e-02
chr15_88937621_G_A_b38	4	2.30776e-11	-1.346e-01	4.765e-02
chr15_88944108_G_A_b38	4	1.81713e-11	-1.423e-01	4.596e-02
chr15_88952092_G_A_b38	4	1.31260e-11	-1.371e-01	4.615e-02
chr15_88952087_C_A_b38	4	1.15325e-11	-1.362e-01	4.666e-02
chr15_88952313_G_C_b38	4	1.01832e-11	-1.527e-01	5.313e-02
chr15_88950452_G_A_b38	4	1.01832e-11	-1.527e-01	5.313e-02
chr15_88952708_G_A_b38	4	1.01832e-11	-1.527e-01	5.313e-02
chr15_88958307_G_A_b38	4	9.98252e-12	-1.443e-01	5.042e-02
chr15_88954788_G_A_b38	4	7.29501e-12	-1.417e-01	5.194e-02
chr15_88940101_T_C_b38	4	6.45571e-12	-1.465e-01	5.478e-02
chr15_88960315_C_T_b38	4	6.12252e-12	-1.345e-01	5.078e-02
chr15_88962496_T_C_b38	4	5.77404e-12	-1.383e-01	5.275e-02
chr15_88949739_C_T_b38	4	3.45519e-12	-1.088e-01	4.580e-02
chr15_88950585_G_A_b38	4	3.45519e-12	-1.088e-01	4.580e-02
chr15_88948968_GC_G_b38	4	2.49172e-12	-1.037e-01	4.715e-02
chr15_88947399_AG_A_b38	4	2.21709e-12	-1.012e-01	4.748e-02
chr15_88947707_T_A_b38	4	2.21709e-12	-1.012e-01	4.748e-02
