chr8_41896687_G_C_b38	1	3.96045e-01	3.308e-01	6.969e-02
chr8_41894319_G_A_b38	1	2.47533e-01	3.375e-01	6.968e-02
chr8_41896325_C_G_b38	1	1.55707e-01	3.137e-01	7.023e-02
chr8_41888830_C_T_b38	1	7.99661e-02	3.342e-01	7.053e-02
chr8_41893228_T_G_b38	1	6.76237e-02	3.283e-01	6.980e-02
chr8_41888574_C_T_b38	1	1.90136e-02	3.232e-01	7.079e-02
chr8_41908326_AG_A_b38	1	8.53107e-03	3.224e-01	7.049e-02
chr8_41892962_T_TG_b38	1	7.74723e-03	2.941e-01	6.892e-02
chr8_41891344_C_G_b38	1	5.88840e-03	3.139e-01	7.091e-02
chr8_41888066_A_G_b38	1	5.88840e-03	3.139e-01	7.091e-02
chr8_41903241_C_T_b38	1	3.87477e-05	3.020e-01	7.102e-02
chr8_41901248_T_C_b38	2	4.30029e-01	-1.518e-01	6.822e-02
chr8_41881634_T_C_b38	2	2.15399e-01	-1.703e-01	6.852e-02
chr8_41906249_A_G_b38	2	1.42283e-01	-1.457e-01	6.804e-02
chr8_41893781_A_G_b38	2	1.25893e-01	-1.350e-01	6.856e-02
chr8_41900781_TA_T_b38	2	1.51380e-02	-9.932e-02	6.841e-02
chr8_41895864_T_C_b38	2	1.39146e-02	-8.776e-02	6.739e-02
chr8_41897501_C_G_b38	2	1.10024e-02	-7.998e-02	6.862e-02
chr8_41908626_T_C_b38	2	1.00598e-02	-1.465e-01	6.616e-02
chr8_41911815_G_C_b38	2	5.72372e-03	-1.526e-01	6.508e-02
chr8_41885008_G_T_b38	2	4.66342e-03	-1.168e-01	6.803e-02
chr8_41889074_T_C_b38	2	4.56626e-03	-9.480e-02	6.762e-02
chr8_41889815_T_A_b38	2	4.56626e-03	-9.480e-02	6.762e-02
chr8_41894190_A_T_b38	2	2.27271e-03	-7.998e-02	6.862e-02
chr8_41884074_A_G_b38	2	1.72012e-03	-1.070e-01	6.761e-02
chr8_41896609_G_A_b38	3	1.55165e-02	4.493e-02	1.912e-01
chr8_41894980_G_A_b38	3	3.76977e-03	9.434e-02	1.745e-01
chr8_41898495_G_T_b38	3	2.53710e-03	4.493e-02	1.912e-01
chr8_41894984_T_C_b38	3	2.38016e-03	4.493e-02	1.912e-01
chr8_41893164_C_T_b38	3	1.71128e-03	4.493e-02	1.912e-01
chr8_41892574_T_C_b38	3	1.30780e-03	-1.011e-01	1.769e-01
chr8_41901075_G_A_b38	3	1.23817e-03	-1.192e-01	2.019e-01
chr8_41900037_A_G_b38	3	1.18839e-03	-1.011e-01	1.769e-01
chr8_41902667_C_T_b38	3	7.47815e-04	-3.511e-02	1.826e-01
chr8_41906230_C_T_b38	3	7.30184e-04	-2.186e-01	2.048e-01
chr8_41835806_T_C_b38	4	1.26441e-04	4.611e-01	1.728e-01
chr8_41835526_G_A_b38	4	2.78286e-06	4.116e-01	2.037e-01
