chr1_180936558_C_T_b38	1	8.06101e-01	-1.533e-01	3.549e-02
chr1_180939925_T_C_b38	1	3.82585e-03	1.286e-01	3.591e-02
chr1_180897532_ACC_A_b38	2	1.36383e-01	9.961e-02	3.605e-02
chr1_180873208_G_A_b38	2	9.93368e-02	1.072e-01	3.584e-02
chr1_180878306_C_T_b38	2	9.93368e-02	1.072e-01	3.584e-02
chr1_180878509_G_A_b38	2	6.16298e-02	1.159e-01	3.783e-02
chr1_180874495_A_G_b38	2	4.43450e-02	-1.014e-01	3.588e-02
chr1_180903624_G_T_b38	2	3.13616e-02	9.254e-02	3.615e-02
chr1_180845998_G_A_b38	2	2.88561e-02	1.059e-01	3.561e-02
chr1_180858131_G_A_b38	2	2.88561e-02	1.059e-01	3.561e-02
chr1_180903880_T_C_b38	2	2.19809e-02	8.830e-02	3.574e-02
chr1_180815742_T_G_b38	2	1.94054e-02	1.159e-01	3.783e-02
chr1_180814634_A_G_b38	2	1.94054e-02	1.159e-01	3.783e-02
chr1_180850921_T_A_b38	2	1.94054e-02	1.159e-01	3.783e-02
chr1_180813193_TC_T_b38	2	8.77617e-03	1.065e-01	3.598e-02
chr1_180782867_G_A_b38	2	7.14797e-03	1.125e-01	3.587e-02
chr1_180773172_G_T_b38	2	5.47504e-03	-1.072e-01	3.584e-02
chr1_180803278_G_A_b38	2	5.47504e-03	1.072e-01	3.584e-02
chr1_180741127_G_GT_b38	2	5.47504e-03	-1.072e-01	3.584e-02
chr1_180771821_T_C_b38	2	5.47504e-03	-1.072e-01	3.584e-02
chr1_180809065_C_T_b38	2	5.47504e-03	1.072e-01	3.584e-02
chr1_180811789_C_G_b38	2	5.47504e-03	1.072e-01	3.584e-02
chr1_180794983_G_A_b38	2	5.47504e-03	1.072e-01	3.584e-02
chr1_180793668_G_A_b38	2	5.47504e-03	1.072e-01	3.584e-02
chr1_180768035_A_G_b38	2	5.47504e-03	-1.072e-01	3.584e-02
chr1_180675433_G_A_b38	2	4.47463e-03	-1.073e-01	3.574e-02
chr1_180848590_A_G_b38	2	4.34709e-03	1.104e-01	3.820e-02
chr1_180663481_G_C_b38	2	4.21553e-03	-1.062e-01	3.595e-02
chr1_180805073_G_C_b38	2	3.39670e-03	1.159e-01	3.783e-02
chr1_180752143_G_A_b38	2	3.39670e-03	-1.159e-01	3.783e-02
chr1_180796463_A_G_b38	2	3.39670e-03	1.159e-01	3.783e-02
chr1_180735829_G_T_b38	2	3.33773e-03	-1.151e-01	3.778e-02
chr1_180693430_G_A_b38	2	2.66804e-03	-1.032e-01	3.575e-02
chr1_180692038_G_A_b38	2	2.66804e-03	-1.032e-01	3.575e-02
chr1_180805017_T_G_b38	2	2.44583e-03	1.150e-01	3.818e-02
chr1_180793490_CAT_C_b38	2	2.44583e-03	1.150e-01	3.818e-02
chr1_180794007_G_T_b38	2	2.08334e-03	1.117e-01	3.800e-02
chr1_180660301_G_T_b38	2	2.06768e-03	-1.143e-01	3.549e-02
chr1_180763987_T_G_b38	2	1.84785e-03	-9.888e-02	3.564e-02
chr1_180693647_A_G_b38	2	1.68922e-03	-1.003e-01	3.556e-02
chr1_180683836_C_G_b38	2	1.43522e-03	-1.116e-01	3.775e-02
chr1_180948321_T_TCA_b38	3	8.63445e-03	-2.154e-01	7.194e-02
chr1_180936127_C_T_b38	3	5.88394e-03	-1.759e-01	8.003e-02
chr1_180967238_C_T_b38	3	9.79589e-04	-2.043e-01	7.639e-02
chr1_180975916_C_A_b38	3	9.37461e-04	-1.691e-01	7.085e-02
