chr21_29195620_G_T_b38	1	9.79737e-01	-4.453e-01	5.698e-02 4.65183162689209	1.0
chr21_29199348_C_T_b38	1	1.83877e-02	-4.328e-01	5.625e-02 4.400503635406494	1.0
chr21_29193915_T_A_b38	2	6.64100e-01	3.191e-02	4.907e-02 -1.4706237316131592	1.0
chr21_29195855_G_A_b38	2	1.26117e-01	3.721e-02	4.916e-02 -1.5136237144470217	1.0
chr21_29195543_G_A_b38	2	1.20835e-01	3.191e-02	4.907e-02 -1.4849212169647217	1.0
chr21_29191846_G_T_b38	2	6.89033e-02	3.843e-02	4.952e-02 -1.314833402633667	1.0
chr21_29228455_G_A_b38	2	1.16772e-02	-4.515e-02	4.798e-02 -0.4944178760051727	1.0
chr21_29179328_G_A_b38	2	6.42002e-03	4.285e-02	4.950e-02 -1.47657310962677	1.0
chr21_29193197_T_C_b38	3	4.42826e-02	-3.642e-01	5.792e-02 4.507486820220947	1.0
chr21_29193427_G_T_b38	3	4.42826e-02	-3.642e-01	5.792e-02 4.498918533325195	1.0
chr21_29194430_G_A_b38	3	2.74430e-02	-3.586e-01	5.760e-02 4.509110450744629	1.0
chr21_29194964_A_C_b38	3	2.43258e-02	-3.673e-01	5.758e-02 4.532824993133545	1.0
chr21_29195220_C_G_b38	3	1.41379e-02	-3.586e-01	5.760e-02 4.521510124206543	1.0
chr21_29194901_G_A_b38	3	1.41379e-02	-3.586e-01	5.760e-02 4.508784770965576	1.0
chr21_29195373_G_C_b38	3	1.53693e-03	-3.737e-01	5.749e-02 4.324324607849121	1.0
chr21_29195488_C_T_b38	3	1.09065e-03	-3.850e-01	5.777e-02 4.3686795234680185	1.0
chr21_29197521_G_T_b38	3	6.41754e-04	-3.733e-01	5.758e-02 4.350221633911134	1.0
chr21_29196085_G_T_b38	3	6.36747e-04	-3.623e-01	5.732e-02 4.302344799041748	1.0
chr21_29184098_TA_T_b38	3	4.35463e-04	-3.768e-01	5.758e-02 4.266713439000683	1.0
chr21_29187381_C_T_b38	3	4.20132e-04	-3.685e-01	5.783e-02 4.168210983276366	1.0
chr21_29185330_A_G_b38	3	3.69847e-04	-3.775e-01	5.697e-02 4.2076849937438965	1.0
chr21_29183333_C_T_b38	3	2.47359e-04	-3.771e-01	5.737e-02 4.209444046020509	1.0
chr21_29192411_T_A_b38	4	4.54297e-03	-4.282e-01	6.105e-02 2.4420382976531982	1.0
chr21_29191567_T_C_b38	4	4.54297e-03	-4.282e-01	6.105e-02 2.5738563537597656	1.0
chr21_29191878_T_G_b38	4	4.54297e-03	-4.282e-01	6.105e-02 2.57438325881958	1.0
chr21_29190885_G_A_b38	4	2.64442e-03	-4.282e-01	6.105e-02 2.567976713180542	1.0
chr21_29193248_A_G_b38	4	1.55539e-03	-3.634e-01	6.267e-02 2.3354640007019043	1.0
chr21_29191777_A_G_b38	4	1.42345e-04	-3.490e-01	6.361e-02 2.452057361602783	1.0
chr21_29194757_A_G_b38	4	1.25814e-04	-3.637e-01	6.240e-02 2.3191463947296143	1.0
chr21_29169009_T_C_b38	4	1.08498e-04	-4.148e-01	6.226e-02 2.249133586883545	1.0
chr21_29167938_G_A_b38	4	4.92612e-10	-3.790e-01	5.950e-02 2.2748522758483887	1.0
chr21_29199513_A_T_b38	4	1.19681e-10	-3.634e-01	6.267e-02 2.2846596240997314	1.0
chr21_29202926_T_A_b38	4	1.19681e-10	-3.634e-01	6.267e-02 2.287086009979248	1.0
chr21_29210362_C_T_b38	4	9.81475e-11	-3.670e-01	6.235e-02 1.9426199197769165	1.0
chr21_29217965_A_G_b38	4	7.24152e-11	-3.648e-01	6.258e-02 2.0502350330352783	1.0
chr21_29215595_G_A_b38	4	7.24152e-11	-3.648e-01	6.258e-02 2.01590895652771	1.0
chr21_29189133_C_T_b38	4	6.83789e-11	-3.357e-01	6.008e-02 2.3292560577392583	1.0
chr21_29209574_T_C_b38	4	6.14819e-11	-3.634e-01	6.267e-02 2.0752971172332764	1.0
chr21_29205586_T_C_b38	4	4.55764e-11	-3.611e-01	6.290e-02 1.4916638135910034	1.0
chr21_29202215_C_G_b38	4	2.45881e-11	-3.490e-01	6.361e-02 2.34353256225586	1.0
chr21_29184902_A_G_b38	4	2.10350e-11	-3.315e-01	6.080e-02 2.1542036533355717	1.0
chr21_29187133_T_C_b38	4	2.10350e-11	-3.315e-01	6.080e-02 2.1948897838592534	1.0
chr21_29183918_A_G_b38	4	2.10350e-11	-3.315e-01	6.080e-02 2.20264196395874	1.0
chr21_29184133_A_G_b38	4	2.10350e-11	-3.315e-01	6.080e-02 1.9977506399154663	1.0
chr21_29184732_G_A_b38	4	2.10350e-11	-3.315e-01	6.080e-02 2.2033939361572266	1.0
chr21_29185189_T_C_b38	4	2.10350e-11	-3.315e-01	6.080e-02 2.1650676727294917	1.0
chr21_29185366_A_C_b38	4	2.09938e-11	-4.611e-01	8.401e-02 2.376062393188477	1.0
chr21_29188172_G_C_b38	4	2.02637e-11	-3.442e-01	6.318e-02 2.1239490509033203	1.0
chr21_29185892_G_A_b38	4	2.02637e-11	-3.442e-01	6.318e-02 2.0995335578918457	1.0
chr21_29210411_A_G_b38	4	1.72753e-11	-2.828e-01	5.113e-02 2.8528432846069336	1.0
chr21_29203776_G_A_b38	4	1.42818e-11	-3.210e-01	5.834e-02 2.1056749820709233	1.0
chr21_29171361_A_G_b38	4	1.27727e-11	-3.486e-01	6.351e-02 2.12234115600586	1.0
chr21_29177883_T_G_b38	4	1.22519e-11	-3.460e-01	6.314e-02 2.0760719776153564	1.0
chr21_29182935_A_G_b38	4	1.08505e-11	-3.315e-01	6.080e-02 2.1624372005462646	1.0
chr21_29182419_C_A_b38	4	1.08505e-11	-3.315e-01	6.080e-02 2.1688194274902344	1.0
chr21_29183050_A_AG_b38	4	1.08505e-11	-3.315e-01	6.080e-02 2.2591480084710116	1.0
chr21_29176337_T_C_b38	4	9.12552e-12	-3.292e-01	6.078e-02 2.2145438194274902	1.0
chr21_29177982_C_G_b38	4	7.93553e-12	-3.283e-01	6.093e-02 2.208247900009156	1.0
chr21_29179279_A_G_b38	4	3.10532e-12	-3.319e-01	6.390e-02 2.161146879196167	1.0
chr21_29207405_G_GT_b38	4	3.02346e-12	-3.010e-01	5.813e-02 2.1275082150175955	1.0
chr21_29208084_G_A_b38	4	2.65177e-12	-3.001e-01	5.826e-02 1.87993597984314	1.0
chr21_29238300_A_G_b38	4	1.40719e-13	-3.032e-01	6.414e-02 2.1318533420562744	1.0
chr21_29182313_T_C_b38	4	7.26521e-14	-2.656e-01	6.161e-02 1.9987094402313232	1.0
chr21_29247668_G_A_b38	4	7.14036e-15	2.733e-01	6.436e-02 -2.597145795822144	1.0
chr21_29244765_A_G_b38	4	7.14036e-15	2.733e-01	6.436e-02 -2.591736078262329	1.0
