chr1_222620428_T_C_b38	1	1.55808e-01	-2.232e-01	3.152e-02 6.748870849609375	1.0
chr1_222620290_A_G_b38	1	1.55808e-01	-2.232e-01	3.152e-02 6.752818584442139	1.0
chr1_222626283_T_G_b38	1	1.37635e-01	-2.267e-01	3.147e-02 7.0061302185058585	1.0
chr1_222632876_A_G_b38	1	1.15646e-01	-2.261e-01	3.115e-02 6.95011043548584	1.0
chr1_222624272_C_G_b38	1	1.01670e-01	-2.259e-01	3.155e-02 6.8008551597595215	1.0
chr1_222621901_C_T_b38	1	9.02819e-02	-2.232e-01	3.152e-02 6.694777488708496	1.0
chr1_222620749_T_C_b38	1	9.02819e-02	-2.232e-01	3.152e-02 6.750831604003906	1.0
chr1_222629461_T_G_b38	1	7.28285e-02	-2.267e-01	3.147e-02 6.915565490722656	1.0
chr1_222622227_C_G_b38	1	6.86414e-02	-2.226e-01	3.160e-02 6.651561260223389	1.0
chr1_222643014_T_A_b38	1	3.87227e-03	-2.156e-01	3.239e-02 7.042367935180664	1.0
chr1_222640383_T_A_b38	1	2.18988e-03	-2.147e-01	3.247e-02 6.9656028747558585	1.0
chr1_222641100_C_T_b38	1	2.18988e-03	-2.147e-01	3.247e-02 7.007854461669923	1.0
chr1_222638065_A_G_b38	1	1.98029e-03	-2.136e-01	3.236e-02 7.086043834686278	1.0
chr1_222618304_C_T_b38	2	6.08523e-01	-4.803e-02	6.504e-02 -4.036303520202637	1.0
chr1_222617123_A_G_b38	2	2.13671e-01	-4.244e-02	6.363e-02 -4.041104793548584	1.0
chr1_222549289_A_C_b38	2	5.41593e-02	-1.705e-01	8.071e-02 -3.956361532211304	1.0
chr1_222602315_G_C_b38	2	1.16807e-02	-7.979e-02	5.456e-02 -4.1851325035095215	1.0
chr1_222593039_C_T_b38	3	6.21969e-02	1.489e-01	7.238e-02 1.5116606950759888	1.0
chr1_222621982_A_G_b38	3	4.27224e-02	5.635e-02	7.490e-02 0.6866514682769775	1.0
chr1_222561006_C_T_b38	3	1.76743e-02	1.489e-01	7.238e-02 1.247754454612732	1.0
chr1_222716184_C_T_b38	3	9.34469e-03	6.109e-02	6.703e-02 -0.05110669508576393	1.0
chr1_222714780_A_G_b38	3	9.34469e-03	6.109e-02	6.703e-02 0.2207309901714325	1.0
chr1_222618565_A_G_b38	4	1.19494e-03	-2.204e-01	4.319e-02 3.1290709972381587	1.0
chr1_222617179_A_G_b38	4	1.97467e-04	2.381e-01	4.898e-02 -3.259852886199951	1.0
chr1_222618647_G_T_b38	4	1.07899e-04	2.381e-01	4.898e-02 -3.576143741607666	1.0
chr1_222620358_C_T_b38	4	7.30748e-05	1.979e-01	4.936e-02 -4.031169414520264	1.0
chr1_222609854_T_C_b38	4	2.67362e-05	-2.058e-01	4.329e-02 2.95791244506836	1.0
chr1_222629584_C_T_b38	4	2.54904e-05	-1.847e-01	4.475e-02 3.935858011245728	1.0
chr1_222622785_A_C_b38	4	1.63172e-05	1.958e-01	5.007e-02 -4.2508087158203125	1.0
chr1_222609074_A_G_b38	4	1.59447e-05	-2.150e-01	3.684e-02 3.3228588104248047	1.0
chr1_222608001_A_G_b38	4	1.35378e-05	-2.155e-01	3.614e-02 3.485673427581787	1.0
chr1_222621522_G_A_b38	4	9.34655e-06	1.979e-01	4.936e-02 -4.051915645599365	1.0
chr1_222621776_G_T_b38	4	9.34655e-06	1.979e-01	4.936e-02 -4.1645259857177725	1.0
chr1_222615512_C_T_b38	4	8.29227e-06	-2.326e-01	4.423e-02 2.8757021427154537	1.0
chr1_222614720_C_T_b38	4	8.29227e-06	-2.326e-01	4.423e-02 2.8958027362823486	1.0
chr1_222603300_G_A_b38	4	7.50569e-06	-2.150e-01	3.684e-02 3.4643573760986333	1.0
chr1_222605086_A_G_b38	4	7.50569e-06	-2.150e-01	3.684e-02 3.4039454460144043	1.0
chr1_222603628_GTTAT_G_b38	4	7.50569e-06	-2.150e-01	3.684e-02 3.61471701784705	1.0
chr1_222603386_C_T_b38	4	7.50569e-06	-2.150e-01	3.684e-02 3.440239429473877	1.0
chr1_222603298_C_T_b38	4	7.50569e-06	-2.150e-01	3.684e-02 3.5676479339599614	1.0
chr1_222607496_G_A_b38	4	6.00532e-06	-2.100e-01	3.630e-02 3.4618380069732666	1.0
chr1_222606606_T_C_b38	4	6.00532e-06	-2.100e-01	3.630e-02 3.327655792236328	1.0
chr1_222611351_A_G_b38	4	1.10625e-06	-2.326e-01	4.423e-02 3.0017414093017583	1.0
chr1_222612656_A_G_b38	4	1.10625e-06	-2.326e-01	4.423e-02 2.9641401767730717	1.0
chr1_222612350_A_G_b38	4	1.10625e-06	-2.326e-01	4.423e-02 2.9861867427825928	1.0
chr1_222614318_T_C_b38	4	3.44569e-07	2.474e-01	4.980e-02 -3.232295513153076	1.0
chr1_222611026_C_T_b38	4	2.04061e-07	2.381e-01	4.898e-02 -3.2609746456146236	1.0
chr1_222611318_A_G_b38	4	2.04061e-07	2.381e-01	4.898e-02 -3.277960538864136	1.0
chr1_222622458_CCAAA_C_b38	4	5.71988e-08	2.307e-01	5.194e-02 -3.886388186625812	1.0
chr1_222627571_A_G_b38	4	3.37358e-08	2.392e-01	5.423e-02 -4.100084304809569	1.0
chr1_222630489_G_A_b38	4	2.08501e-08	2.307e-01	5.194e-02 -4.383104324340819	1.0
chr1_222636869_C_T_b38	4	1.80333e-08	2.392e-01	5.423e-02 -4.1659932136535645	1.0
chr1_222666496_A_G_b38	4	8.33858e-09	-2.012e-01	4.483e-02 3.495203733444214	1.0
chr1_222648367_T_G_b38	4	3.43241e-09	2.235e-01	5.237e-02 -4.3634963035583505	1.0
chr1_222666811_T_G_b38	4	3.43241e-09	2.235e-01	5.237e-02 -4.259374141693115	1.0
chr1_222657890_A_G_b38	4	3.43241e-09	2.235e-01	5.237e-02 -4.209444046020509	1.0
chr1_222636132_G_A_b38	4	3.29951e-09	1.951e-01	5.032e-02 -4.263777256011963	1.0
chr1_222637883_T_C_b38	4	3.29951e-09	1.951e-01	5.032e-02 -4.218438625335693	1.0
chr1_222653505_A_T_b38	4	1.43041e-09	-1.807e-01	4.546e-02 3.5100040435791016	1.0
chr1_222644130_G_T_b38	4	9.94108e-10	1.951e-01	5.032e-02 -4.227787971496582	1.0
chr1_222661880_A_C_b38	4	6.02453e-10	1.882e-01	5.066e-02 -4.168210983276366	1.0
chr1_222664266_G_A_b38	4	6.02453e-10	1.882e-01	5.066e-02 -4.126079559326172	1.0
chr1_222657020_G_A_b38	4	6.02453e-10	1.882e-01	5.066e-02 -4.14086389541626	1.0
