chr12_132141646_C_T_b38	1	9.99909e-01	1.583e-01	2.225e-02 5.2574639320373535	1.0
chr12_132144264_G_A_b38	2	6.76249e-01	-2.565e-01	4.408e-02 0.954701006412506	1.0
chr12_132146127_A_G_b38	2	1.79282e-01	-2.591e-01	4.456e-02 0.9681212902069092	1.0
chr12_132141415_G_A_b38	2	2.95359e-02	-2.582e-01	4.712e-02 0.8557369112968445	1.0
chr12_132139526_T_C_b38	2	2.05177e-02	-2.533e-01	4.665e-02 0.8082652091979979	1.0
chr12_132137657_G_A_b38	2	1.66315e-02	-2.582e-01	4.712e-02 0.8929154872894287	1.0
chr12_132134404_C_A_b38	2	1.66315e-02	-2.582e-01	4.712e-02 0.9111332297325134	1.0
chr12_132139578_G_A_b38	2	1.56091e-02	-2.482e-01	4.635e-02 0.8290440440177917	1.0
chr12_132139544_C_T_b38	2	1.56091e-02	-2.482e-01	4.635e-02 0.8279098272323608	1.0
chr12_132124676_G_T_b38	2	9.89657e-03	-2.340e-01	4.258e-02 0.3166269659996033	1.0
chr12_132123353_G_A_b38	2	9.89657e-03	-2.340e-01	4.258e-02 0.318514883518219	1.0
chr12_132130772_C_T_b38	2	9.11302e-03	-2.582e-01	4.712e-02 0.9445621967315674	1.0
chr12_132141880_G_A_b38	3	5.27874e-02	5.182e-02	2.242e-02 4.860081672668457	1.0
chr12_132138680_C_T_b38	3	6.47017e-03	1.290e-01	2.416e-02 5.116982936859131	1.0
chr12_132138474_G_A_b38	3	5.22371e-03	1.210e-01	2.466e-02 5.112732313091394	1.0
chr12_132124941_T_C_b38	3	5.18029e-03	1.290e-01	2.364e-02 5.3374223709106445	1.0
chr12_132122341_C_T_b38	3	5.18029e-03	1.290e-01	2.364e-02 5.342689514160156	1.0
chr12_132119703_A_G_b38	3	4.21822e-03	3.792e-02	2.268e-02 4.950325352182689	1.0
chr12_132148365_T_G_b38	3	2.57729e-03	5.508e-02	2.307e-02 5.014820575714111	1.0
chr12_132140560_G_A_b38	3	2.13230e-03	5.110e-02	2.250e-02 4.904033660888672	1.0
chr12_132154371_C_T_b38	3	1.96329e-03	3.595e-02	2.252e-02 4.701705932617188	1.0
chr12_132137209_G_A_b38	3	1.90360e-03	1.188e-01	2.342e-02 5.209839820861816	1.0
chr12_132130125_T_C_b38	3	1.38234e-03	5.036e-02	2.237e-02 4.995689392089844	1.0
chr12_132129709_T_C_b38	3	1.36898e-03	5.285e-02	2.237e-02 4.988489627838135	1.0
chr12_132119892_A_AC_b38	3	1.26733e-03	1.313e-01	2.367e-02 5.076053517702079	1.0
chr12_132125769_G_A_b38	3	1.22643e-03	1.339e-01	2.382e-02 5.3463778495788565	1.0
chr12_132133262_C_T_b38	3	1.22569e-03	5.049e-02	2.265e-02 4.976030349731445	1.0
chr12_132137079_G_A_b38	3	1.07694e-03	1.099e-01	2.308e-02 4.867674350738525	1.0
chr12_132120361_T_C_b38	3	9.12415e-04	4.634e-02	2.242e-02 5.0004963874816895	1.0
chr12_132141098_C_T_b38	3	8.95584e-04	5.503e-02	2.210e-02 5.032778739929199	1.0
chr12_132125768_T_G_b38	3	8.94960e-04	4.511e-02	2.249e-02 5.06381368637085	1.0
chr12_132133521_G_C_b38	3	8.85982e-04	5.469e-02	2.194e-02 4.944326400756836	1.0
chr12_132130919_C_CCCTGAGTG_b38	3	8.50342e-04	6.297e-02	2.283e-02 5.142011954754164	1.0
chr12_132120198_A_G_b38	3	8.43950e-04	4.547e-02	2.238e-02 5.000880241394043	1.0
chr12_132119650_C_T_b38	3	8.24059e-04	9.340e-02	2.300e-02 5.251788722104696	1.0
chr12_132134554_T_G_b38	3	7.64747e-04	2.482e-02	2.006e-02 5.278946399688722	1.0
chr12_132119589_GCT_G_b38	3	7.30866e-04	4.091e-02	2.292e-02 4.950325352182689	1.0
chr12_132155439_G_A_b38	3	7.24147e-04	1.016e-01	2.392e-02 4.701887607574463	1.0
chr12_132119657_A_T_b38	3	7.09131e-04	9.389e-02	2.308e-02 5.251788722104696	1.0
chr12_132153876_C_T_b38	3	6.95807e-04	1.102e-01	2.398e-02 4.610937595367432	1.0
chr12_132138844_G_C_b38	3	6.11230e-04	1.235e-01	2.356e-02 5.13321590423584	1.0
chr12_132136830_A_G_b38	3	5.46830e-04	1.241e-01	2.337e-02 4.988059043884277	1.0
chr12_132138928_T_C_b38	3	5.30975e-04	1.263e-01	2.352e-02 5.11606502532959	1.0
chr12_132124344_T_C_b38	3	4.76288e-04	4.940e-02	2.259e-02 5.005664825439453	1.0
chr12_132128729_C_T_b38	3	4.22014e-04	5.385e-02	2.271e-02 5.1183247566223145	1.0
chr12_132159053_C_T_b38	3	3.81373e-04	1.102e-01	2.384e-02 4.6661787033081055	1.0
chr12_132083372_G_A_b38	4	1.21567e-03	1.121e-01	4.748e-02 -1.4682209491729736	1.0
chr12_132029909_C_T_b38	4	9.35056e-05	1.103e-01	5.042e-02 -2.5284457206726074	1.0
