chr1_109471333_C_T_b38	1	2.64004e-01	-6.526e-01	5.231e-02 0.9878166317939758	1.0
chr1_109469079_G_A_b38	1	2.64004e-01	-6.526e-01	5.231e-02 1.0109047889709473	1.0
chr1_109479215_T_C_b38	1	5.28347e-02	6.489e-01	5.427e-02 -0.9876237511634828	1.0
chr1_109472561_G_A_b38	1	3.78102e-02	-6.606e-01	5.419e-02 0.9686978459358216	1.0
chr1_109473756_A_G_b38	1	3.52497e-02	-6.547e-01	5.435e-02 0.9652859568595886	1.0
chr1_109476380_C_T_b38	1	3.52459e-02	6.547e-01	5.435e-02 -0.9691087603569032	1.0
chr1_109460983_A_G_b38	1	3.01283e-02	-6.590e-01	5.418e-02 0.8990547060966492	1.0
chr1_109472156_G_A_b38	1	2.89226e-02	-6.584e-01	5.420e-02 0.966943621635437	1.0
chr1_109466812_A_C_b38	1	1.84423e-02	-6.545e-01	5.407e-02 0.8754459023475647	1.0
chr1_109469671_C_T_b38	1	1.64353e-02	-6.458e-01	5.332e-02 1.0109418630599976	1.0
chr1_109460953_T_C_b38	1	1.43901e-02	-6.547e-01	5.435e-02 0.898661732673645	1.0
chr1_109460664_T_G_b38	1	1.43901e-02	-6.547e-01	5.435e-02 0.8948943614959717	1.0
chr1_109461218_T_G_b38	1	1.43901e-02	-6.547e-01	5.435e-02 0.8928453922271729	1.0
chr1_109467488_C_G_b38	1	1.42216e-02	-6.547e-01	5.435e-02 0.8958463668823242	1.0
chr1_109467667_C_T_b38	1	1.42216e-02	-6.547e-01	5.435e-02 0.9880674481391908	1.0
chr1_109466029_G_A_b38	1	1.42216e-02	-6.547e-01	5.435e-02 0.8847489356994629	1.0
chr1_109473110_C_T_b38	1	1.42216e-02	-6.547e-01	5.435e-02 0.9672828912734984	1.0
chr1_109468327_A_G_b38	1	1.42216e-02	-6.547e-01	5.435e-02 0.988666296005249	1.0
chr1_109468922_TAGAA_T_b38	1	1.42216e-02	-6.547e-01	5.435e-02 0.9315126504464976	1.0
chr1_109471565_A_T_b38	1	1.42216e-02	-6.547e-01	5.435e-02 0.9994066953659058	1.0
chr1_109464331_TAGAA_T_b38	1	1.42216e-02	-6.547e-01	5.435e-02 0.7703295145266973	1.0
chr1_109472353_C_A_b38	1	1.42216e-02	-6.547e-01	5.435e-02 0.9686130881309508	1.0
chr1_109466549_C_T_b38	1	1.42216e-02	-6.547e-01	5.435e-02 0.8726513981819153	1.0
chr1_109466191_T_C_b38	1	1.42216e-02	-6.547e-01	5.435e-02 0.8847701549530029	1.0
chr1_109463727_G_A_b38	1	1.42216e-02	-6.547e-01	5.435e-02 0.8800646066665649	1.0
chr1_109469667_G_A_b38	1	5.28323e-04	-6.537e-01	5.550e-02 1.0160003900527954	1.0
chr1_109274968_G_T_b38	2	2.43130e-01	4.034e-01	7.034e-02 4.979031562805176	1.0
chr1_109275536_C_CT_b38	2	1.67117e-01	-4.035e-01	7.077e-02 -4.455075784382178	1.0
chr1_109274570_A_G_b38	2	1.45322e-01	4.068e-01	7.069e-02 4.705712795257568	1.0
chr1_109275684_G_T_b38	2	5.00431e-02	-3.798e-01	7.085e-02 -4.826676845550537	1.0
chr1_109275216_T_C_b38	2	4.99938e-02	-3.836e-01	7.057e-02 -4.712809085845947	1.0
chr1_109275908_C_T_b38	2	4.69076e-02	-3.763e-01	7.091e-02 -4.888753890991211	1.0
chr1_109274241_T_TC_b38	2	3.72318e-02	3.343e-01	8.036e-02 4.623426610940907	1.0
chr1_109272630_A_G_b38	2	1.88080e-02	3.636e-01	6.822e-02 2.861027479171753	1.0
chr1_109278889_T_G_b38	2	1.55362e-02	-3.643e-01	7.055e-02 -4.510140895843506	1.0
chr1_109279544_G_A_b38	2	8.90793e-03	-3.611e-01	7.106e-02 -4.736955642700195	1.0
chr1_109278685_G_T_b38	2	8.90793e-03	-3.611e-01	7.106e-02 -4.768527030944824	1.0
chr1_109279521_G_A_b38	2	6.76048e-03	-3.606e-01	7.141e-02 -4.721502304077148	1.0
chr1_109483581_G_A_b38	3	5.73101e-02	8.137e-01	2.627e-01 0.0	1.0
chr1_109484982_C_T_b38	3	3.04301e-03	8.137e-01	2.627e-01 0.0	1.0
chr1_109477267_A_G_b38	4	1.03613e-02	7.403e-01	1.113e-01 1.2804566621780396	1.0
chr1_109477719_C_T_b38	4	1.03613e-02	7.403e-01	1.113e-01 1.2808312177658079	1.0
chr1_109490602_G_A_b38	4	1.33861e-04	7.586e-01	1.206e-01 1.3496934175491333	1.0
chr1_109476817_A_G_b38	4	9.61862e-19	7.297e-01	1.203e-01 1.3537545204162598	1.0
chr1_109470263_TA_T_b38	4	6.28547e-19	7.083e-01	1.155e-01 1.2196624685650264	1.0
chr1_109470249_A_T_b38	4	6.28547e-19	7.083e-01	1.155e-01 1.3754234313964844	1.0
chr1_109506835_G_A_b38	4	3.53183e-19	7.427e-01	1.232e-01 1.2865681648254397	1.0
chr1_109494012_C_T_b38	4	3.53183e-19	7.427e-01	1.232e-01 1.7533013820648191	1.0
chr1_109453175_T_G_b38	4	2.19591e-19	7.083e-01	1.155e-01 1.4691838026046753	1.0
chr1_109489809_T_G_b38	4	1.42681e-19	6.134e-01	1.089e-01 1.385599136352539	1.0
chr1_109446602_C_G_b38	4	6.28468e-20	6.977e-01	1.188e-01 1.4789659976959229	1.0
chr1_109412947_T_C_b38	4	5.15191e-20	7.297e-01	1.203e-01 1.6263564825057983	1.0
chr1_109363156_G_A_b38	4	2.84323e-20	7.826e-01	1.238e-01 1.6440272331237793	1.0
chr1_109352159_T_G_b38	4	2.84323e-20	7.826e-01	1.238e-01 1.6256250143051147	1.0
chr1_109318458_C_G_b38	4	2.84323e-20	7.826e-01	1.238e-01 1.6428005695343018	1.0
chr1_109421983_T_C_b38	4	2.37023e-20	6.990e-01	1.187e-01 1.6260781288146973	1.0
chr1_109424465_T_C_b38	4	2.37023e-20	6.990e-01	1.187e-01 1.630423069000244	1.0
chr1_109394750_T_C_b38	4	2.37023e-20	6.990e-01	1.187e-01 1.6277523040771484	1.0
chr1_109470593_A_G_b38	5	5.17153e-04	-6.561e-01	5.571e-02 1.0140051841735842	1.0
chr1_109483259_A_G_b38	5	4.64819e-04	6.285e-01	5.667e-02 -1.115902304649353	1.0
chr1_109471548_G_A_b38	5	4.03109e-04	-6.539e-01	5.571e-02 1.004932522773743	1.0
chr1_109471008_C_T_b38	5	2.96513e-04	-6.528e-01	5.584e-02 0.9984312653541564	1.0
chr1_109472897_G_A_b38	5	2.96513e-04	-6.528e-01	5.584e-02 0.977054476737976	1.0
chr1_109452837_T_C_b38	5	2.87854e-04	-6.464e-01	5.458e-02 0.8867207169532776	1.0
chr1_109469501_A_T_b38	5	2.48027e-04	-6.549e-01	5.615e-02 0.9990142583847046	1.0
chr1_109480988_G_A_b38	5	2.40702e-04	6.406e-01	5.610e-02 -0.9293228387832642	1.0
chr1_109484269_T_G_b38	5	5.54686e-05	6.193e-01	5.671e-02 -1.1063504219055176	1.0
chr1_109469526_A_G_b38	5	3.90901e-05	-6.287e-01	5.845e-02 1.0121635198593142	1.0
chr1_109484367_G_T_b38	5	2.56690e-05	6.132e-01	5.841e-02 -1.1533952951431274	1.0
chr1_109499457_A_G_b38	5	5.63978e-06	6.099e-01	5.513e-02 -1.8888685703277588	1.0
chr1_109462368_C_T_b38	5	5.50565e-06	-6.413e-01	5.790e-02 0.9041026830673218	1.0
chr1_109474483_A_G_b38	5	4.25529e-06	6.360e-01	5.830e-02 -1.0100477933883667	1.0
chr1_109454067_C_A_b38	5	1.41941e-06	-6.372e-01	5.778e-02 0.9008644819259644	1.0
chr1_109459254_G_C_b38	5	1.39398e-06	-6.281e-01	5.783e-02 0.9075347185134888	1.0
chr1_109466156_C_T_b38	5	1.39398e-06	-6.281e-01	5.783e-02 0.9015654921531676	1.0
chr1_109467032_AC_A_b38	5	1.19592e-06	-6.210e-01	5.732e-02 0.8000625016695712	1.0
chr1_109465014_G_C_b38	5	7.57751e-07	-6.260e-01	5.815e-02 0.8991883397102356	1.0
chr1_109495216_T_G_b38	5	3.46160e-07	5.925e-01	5.575e-02 -1.1133230924606323	1.0
chr1_109505905_G_A_b38	5	5.71647e-09	5.596e-01	5.606e-02 -2.0640389919281006	1.0
chr1_109505814_C_A_b38	5	5.71647e-09	5.596e-01	5.606e-02 -1.987105131149292	1.0
chr1_109497688_A_G_b38	5	5.35613e-09	5.583e-01	5.600e-02 -1.3233486413955688	1.0
chr1_109497838_C_CA_b38	5	5.35613e-09	5.583e-01	5.600e-02 -1.0395416162415902	1.0
chr1_109497830_TATGGGG_T_b38	5	5.35613e-09	5.583e-01	5.600e-02 -1.0395416162415902	1.0
chr1_109488323_A_G_b38	5	2.86769e-09	5.809e-01	5.985e-02 -1.123291015625	1.0
chr1_109486853_C_T_b38	5	2.86769e-09	5.809e-01	5.985e-02 -1.1131916046142578	1.0
chr1_109501753_A_G_b38	5	7.66363e-10	5.603e-01	5.796e-02 -2.0278332233428955	1.0
chr1_109503751_G_A_b38	5	4.39672e-10	5.455e-01	5.697e-02 -1.9634875059127808	1.0
chr1_109504488_C_G_b38	5	2.68297e-10	5.396e-01	5.684e-02 -2.1552462577819824	1.0
chr1_109501836_A_G_b38	5	2.68297e-10	5.396e-01	5.684e-02 -2.101644515991211	1.0
chr1_109480810_G_A_b38	5	3.60688e-15	4.998e-01	6.718e-02 -1.7847536802291868	1.0
chr1_109480274_A_C_b38	5	3.60688e-15	4.998e-01	6.718e-02 -1.7430086135864258	1.0
chr1_109470490_A_G_b38	5	8.29350e-18	-4.645e-01	7.116e-02 1.8559637069702148	1.0
chr1_109465030_G_A_b38	5	8.29350e-18	-4.645e-01	7.116e-02 1.8461159467697144	1.0
chr1_109488273_GTC_G_b38	5	2.73316e-18	4.305e-01	7.090e-02 -2.038918411130566	1.0
chr1_109494376_G_C_b38	5	2.33751e-18	4.325e-01	6.903e-02 -2.148022174835205	1.0
chr1_109492537_T_C_b38	5	5.63816e-20	3.780e-01	7.101e-02 -1.9854267835617063	1.0
